version: 66.14
glider: 194
mission: 16
dive: 64
start: 6 2 125 0 58 13
columns: rec,elaps_tms,depth,heading,pitch,roll,AD_pitch,AD_roll,AD_vbd,GC_phase,mag.x,mag.y,mag.z,sbect.TempFreq,sbect.CondFreq,aa4330.O2,aa4330.AirSat,aa4330.Temp,aa4330.CalPhase,aa4330.TCPhase,wlbb2fl.sig470nm,wlbb2fl.sig700nm,wlbb2fl.sig695nm,wlbb2fl.temp,
data:
0 10329 -1564 74 -783 21 207 3047 373 6 540 -83 -128 227485 170329 253811 84099 17003 31939 31939 1026 168 462 565
1 4999 6 -50 3 60 0 0 0 0 0 8 1 -548 -9 12 49 26 -13 -13 -235 -15 10 -1
1 5001 -2 21 20 -35 0 0 0 0 2 -1 14 -327 9 -254 -61 13 7 7 354 47 112 1
1 5000 -1 -2 -22 -18 0 0 0 0 -2 3 -16 1206 -10 -89 46 44 -16 -16 -332 -44 -130 -1
1 5000 0 -3 -1 18 0 0 0 0 0 -2 -1 -396 1 -305 -32 39 -4 -4 -228 -1 180 0
1 5000 15 -6 8 -3 0 0 0 0 1 3 7 341 -5 -232 -41 21 1 1 151 -8 -116 0
1 5000 -15 4 -15 -23 0 0 0 0 2 2 -10 -1047 -21 105 83 27 -17 -17 -50 8 27 0
1 5000 -2 16 18 -28 0 0 0 0 -2 -1 13 -339 13 -755 -136 66 5 5 81 -1 -47 0
1 5000 10 3534 -9 66 0 0 0 0 0 13 -5 2347 0 27 82 41 -20 -20 -172 -17 -47 0
1 5000 -2 -1 -6 -26 0 0 0 0 -2 4 -10 -1296 -6 66 86 37 -20 -20 293 24 80 0
1 5000 5 -3575 11 -29 0 0 0 0 2 -4 10 -614 -4 -475 -80 45 2 2 -34 -8 -135 0
1 5000 -5 -7 1 4 0 0 0 0 0 2 0 1096 -4 287 44 -30 0 0 50 11 73 0
1 6512 -2 3585 14 51 0 0 0 -4 0 -1 13 -1212 -7 -569 -116 42 7 7 -63 -2 -7 0
1 5638 5 -7 -24 1 0 0 163 0 -3 0 -19 323 1 -598 -37 94 -14 -14 178 12 -38 0
1 5635 7 6 5 -34 0 0 158 0 1 4 6 -443 1 88 68 22 -14 -14 -127 -15 55 0
1 5616 26 -3581 -27 -35 0 0 161 0 -5 -1 -27 1218 -1 29564 3485 -3313 233 233 -28 3 65 0
1 5607 6 43 8 -38 0 0 162 0 3 -8 9 -669 1 19681 5590 -267 -667 -667 -174 -13 -56 0
1 5613 -6 5 4 46 0 0 159 0 -1 -11 -1 27 -5 13363 4107 -17 -498 -498 -21 -9 -43 0
1 5607 12 20 -3 -8 0 1 160 0 -1 -5 2 -508 -35 9055 2647 -72 -295 -295 405 61 117 0
1 5588 29 -9 -10 7 0 0 157 0 -1 2 -8 1273 -52 5356 1677 8 -193 -193 -459 -60 -86 0
1 5608 21 25 4 15 0 0 154 0 0 -12 4 649 -53 5727 1678 -41 -180 -180 42 29 61 0
1 5618 32 46 -2 -5 0 0 155 0 -1 -15 1 -885 -107 6209 1616 -131 -150 -150 73 3 92 0
1 5617 45 63 -4 -40 0 0 153 0 -2 -14 -3 718 -117 3223 913 -35 -92 -92 158 -3 -32 0
1 5659 56 108 -17 -39 0 0 165 0 -3 -24 -2 515 -516 5594 1005 -302 -44 -44 198 17 207 0
1 5642 85 147 15 -87 0 0 179 0 -5 -34 17 968 -299 4337 987 -142 -76 -76 83 3 -37 0
1 5637 125 115 -11 -31 0 0 200 0 -5 -23 8 570 -305 5008 712 -334 -4 -4 -299 -29 -84 0
1 5646 172 95 22 -48 0 0 227 0 -5 -26 26 356 -171 3651 622 -197 -24 -24 136 13 -17 0
1 5614 222 -131 -6 182 0 0 254 0 6 15 14 796 -393 5446 972 -269 -44 -44 155 18 161 0
1 10315 521 97 -17 -153 7 0 148 -1 -2 -2 -32 3336 -1218 3570 76 -395 77 77 -520 -47 -407 0
1 5823 318 225 71 -170 1336 0 0 0 -25 -68 53 2749 151 -1961 -1899 -529 314 314 26 3 -175 0
1 5811 317 -215 67 252 1295 -1 0 2 5 25 89 1377 257 -9055 -3854 -494 528 528 -174 -18 -107 0
1 8445 437 24 164 56 256 827 0 1 -67 -14 156 -58 -252 -22524 -7188 -289 899 899 19 4 -8 -1
1 5039 234 -40 56 80 0 0 0 0 -21 40 59 69 33 -12922 -3704 9 456 456 -8 -1 -6 0
1 5581 221 -28 55 107 0 0 0 0 -25 64 55 -79 -34 -9024 -2707 -50 361 361 -2 -2 1 0
1 4421 150 -7 25 6 0 0 0 0 -14 9 16 -1 14 -5867 -1767 -38 242 242 35 4 3 0
1 5579 175 24 20 4 0 0 0 0 -20 3 18 7 -16 -6730 -1938 -1 265 265 -14 -1 -1 0
1 4400 134 1 -4 13 0 0 0 0 2 9 0 -80 -4 -4709 -1382 -14 195 195 32 3 0 0
1 5621 167 -14 8 0 0 0 0 0 -1 2 2 10 3 -5256 -1543 -16 222 222 -21 -2 2 0
1 4420 133 -4 -1 -2 0 0 0 0 1 1 -1 2 2 -3712 -1077 -6 157 157 20 0 0 0
1 4999 140 -4 3 2 0 0 0 0 0 -2 -1 17 5 -3545 -1026 -4 151 151 -42 -1 -6 0
1 10580 299 -62 20 11 0 0 0 0 5 17 0 0 -5 -6282 -1832 -14 277 277 42 4 7 0
1 9999 264 -42 8 -8 0 0 0 0 6 1 -6 1 -20 -4307 -1265 -15 197 197 22 1 2 0
1 10000 272 -43 -8 5 0 0 0 0 17 10 -13 6 -6 -3375 -973 -2 151 151 -30 -1 -3 1
1 10000 274 -48 10 -8 0 0 0 0 6 6 -4 69 -27 -2849 -829 -6 132 132 109 6 -2 -1
1 10000 263 -37 1 3 0 0 0 0 9 10 -7 111 -33 -2432 -728 -17 120 120 -96 -4 -7 1
1 10000 259 -21 1 -2 0 0 0 0 5 4 -4 43 -19 -2045 -620 -19 104 104 -10 -4 0 0
1 10001 258 0 -8 -12 0 0 0 0 3 -7 -5 31 -9 -1927 -577 -14 97 97 17 2 0 0
1 9999 277 -50 6 22 0 0 0 0 8 25 -7 109 -27 -1632 -479 -6 80 80 99 9 5 0
1 10000 282 -127 29 24 0 0 0 0 3 58 -4 161 -3 -1475 -472 -28 85 85 -62 1 -3 0
1 9198 237 -86 0 -18 0 -9 2 -3 8 21 -12 76 4 -1513 -472 -22 83 83 1 -2 -9 0
1 10804 234 -43 62 -119 99 -837 0 5 -38 -45 43 2 -3 -1470 -454 -20 81 81 -29 -3 9 0
1 9998 189 -15 31 -31 0 0 0 0 -21 -13 20 -1 -12 -1175 -340 -2 57 57 18 -1 -6 0
1 10001 161 20 3 -10 0 0 0 0 -3 -15 2 33 -6 -807 -235 -2 41 41 -31 -5 -3 -1
1 10000 165 20 0 6 0 0 0 0 -2 -3 1 39 -3 -764 -238 -12 42 42 19 2 2 1
1 9999 168 20 4 -2 0 0 0 0 -2 -10 1 11 -1 -818 -240 -3 43 43 -11 -2 -5 0
1 10001 161 5 2 10 0 0 0 0 0 5 1 13 -1 -685 -205 -5 36 36 -13 4 4 0
1 10000 160 -10 -3 -5 0 0 0 0 1 1 -1 23 -9 -479 -143 -4 25 25 34 -1 0 0
1 9999 170 4 5 -9 0 0 0 0 -3 -9 2 73 5 -495 -148 -4 26 26 -53 -4 -12 0
1 10000 154 -10 0 6 0 0 0 0 0 9 0 27 1 -503 -170 -15 33 33 22 2 5 0
1 10000 149 31 3 -2 0 0 0 0 -3 -14 2 36 -1 -649 -197 -7 36 36 45 4 -4 0
1 10001 147 53 0 -5 0 0 0 0 -7 -24 3 48 2 -557 -169 -6 30 30 9 2 -2 0
1 10000 148 48 -1 2 0 0 0 0 -5 -17 1 -43 -30 -418 -136 -10 27 27 -34 -5 7 0
1 9422 125 26 2 -1 0 0 1 0 -6 -10 2 57 11 -284 -80 0 14 14 -32 -1 1 0
1 10577 157 7 2 2 0 0 0 0 -3 -1 2 162 42 -487 -172 -19 34 34 11 4 -8 0
1 10000 126 31 1 -7 0 0 0 0 -8 -15 2 100 7 -396 -149 -22 31 31 73 6 -1 0
1 10001 123 -1 -7 3 0 0 0 0 7 2 -4 29 -5 -540 -175 -13 35 35 64 3 2 0
1 9999 122 -9 0 9 0 0 0 0 1 10 2 -7 -10 -600 -182 -5 33 33 -136 -11 1 0
1 10001 113 -20 5 -10 0 0 0 0 2 -2 -2 -4 0 -526 -155 -4 28 28 6 2 -2 0
1 9999 125 -22 1 8 0 0 0 0 3 15 1 -15 -25 -337 -98 -1 18 18 -35 -4 -1 0
1 10001 124 -16 -1 2 0 0 0 0 1 8 0 4 -11 -475 -132 2 22 22 29 1 3 0
1 10000 97 4 2 -2 0 0 0 0 -2 -3 1 25 4 -206 -65 -4 13 13 81 10 0 0
1 10000 117 54 -4 -5 0 0 0 0 -8 -23 1 130 36 -216 -86 -14 18 18 93 9 2 0
1 10001 118 47 6 -1 0 0 0 0 -12 -17 4 -13 -15 -442 -153 -17 32 32 -76 2 -8 0
1 9999 107 41 -2 0 0 0 0 0 -9 -13 3 -11 -9 -463 -126 4 22 22 97 1 10 0
1 11526 124 27 -5 63 0 834 -1 -2 -3 37 12 -51 -23 -512 -141 3 24 24 -85 -4 0 0
1 10620 130 -19 -6 54 0 0 0 0 7 46 2 -21 -18 -263 -70 3 11 11 125 5 3 0
1 12675 155 -53 13 16 0 0 0 0 3 27 -1 -13 -16 -193 -46 6 7 7 -15 6 4 0
1 10000 119 -59 2 -1 0 0 0 0 12 18 -7 -15 -11 -77 -20 0 4 4 30 3 -9 0
1 10135 120 -44 -5 6 0 0 0 0 13 17 -10 0 -2 -216 -57 3 9 9 -59 -2 7 0
1 12294 164 -53 4 -12 0 0 0 0 4 11 -4 0 -2 60 17 0 -3 -3 43 0 1 0
1 11783 133 -47 -3 -70 0 -822 0 2 5 -29 -3 4 -1 -235 -70 -1 13 13 98 2 8 0
1 10620 139 -11 6 -51 0 0 0 0 -3 -31 2 1 3 28 7 -1 -1 -1 -170 -8 -3 1
1 9998 114 22 3 0 0 0 0 0 -4 -8 2 34 0 -82 -22 1 4 4 -70 -10 -7 -1
1 10001 117 37 9 -4 0 0 0 0 -8 -18 4 -3 -1 -49 -22 -5 5 5 50 3 1 1
1 10001 112 56 -6 0 0 0 0 0 -4 -21 -1 -6 -11 -162 -45 1 8 8 9 9 -7 0
1 9999 102 37 1 3 0 0 0 0 -8 -11 4 19 -1 -95 -33 -4 6 6 -23 -6 -1 0
1 10000 105 55 -1 1 0 0 0 0 -10 -18 3 -10 -18 -208 -60 -1 11 11 71 8 3 0
1 10000 110 51 -3 4 0 0 0 0 -11 -12 3 -11 -8 -98 -26 1 5 5 -17 -4 7 0
1 10000 94 56 7 -16 0 0 0 0 -19 -29 4 -3 -24 -67 -18 1 3 3 27 3 5 0
1 9999 119 50 -2 7 0 0 0 0 -13 -8 4 -65 -35 -123 -29 4 4 4 -44 -9 0 0
1 10001 113 27 2 5 0 0 0 0 -10 -3 5 -30 -14 -137 -26 8 3 3 49 2 0 0
1 10000 96 -7 2 0 0 0 0 0 -1 3 2 25 5 132 44 4 -9 -9 -85 6 -3 0
1 10000 108 17 -3 2 0 0 0 0 -3 -1 0 4 0 8 0 -2 0 0 109 3 7 0
1 12343 120 6 -14 77 0 820 0 -2 9 55 11 13 2 17 -2 -4 1 1 20 -7 -5 0
1 10620 134 -25 6 49 0 0 0 0 3 43 6 21 8 -118 -34 0 7 7 12 10 4 0
1 10000 106 -27 1 -3 0 0 0 0 6 5 -2 -57 -30 106 29 0 -5 -5 -109 -8 -1 0
1 10000 106 14 -10 3 0 0 0 0 3 0 -1 -4 -18 -147 -32 6 4 4 19 -3 2 0
1 10000 113 -8 2 7 0 0 0 0 3 4 -2 1 -10 27 9 1 -2 -2 265 22 7 0
1 10000 114 -42 8 -1 0 0 0 0 8 8 -3 -2 -5 34 10 0 -2 -2 -67 -2 -2 0
1 10000 102 -32 1 -7 0 0 0 0 7 4 -4 -2 -7 -67 -19 0 3 3 -90 -3 0 0
1 10001 109 -39 -5 3 0 0 0 0 14 12 -8 -4 1 17 6 0 -1 -1 132 3 0 0
1 10000 113 -11 4 8 0 0 0 0 0 8 0 3 -8 -14 -4 0 1 1 36 14 -1 0
1 9999 108 -52 4 -15 0 0 0 0 8 6 -5 -4 -6 -56 -15 1 2 2 -57 -12 7 0
1 10000 114 -76 -6 0 0 0 0 0 19 25 -13 0 -3 -54 -15 0 3 3 49 10 -4 0
1 10000 110 -44 10 -11 0 0 0 0 -3 10 2 -2 -3 -1 -1 0 0 0 163 14 1 0
1 12233 130 -61 -11 -52 0 -823 0 2 13 -14 -10 8 -4 -47 -13 0 3 3 -283 -28 2 0
1 10622 119 -5 8 -56 0 0 0 0 -3 -36 2 -6 -3 -9 -5 -1 1 1 72 -6 -10 0
1 10001 103 -15 -7 -27 0 0 0 0 5 -13 -5 -5 -4 -30 -6 1 1 1 -133 0 3 0
1 10000 125 61 3 -3 0 0 0 0 -7 -26 3 1 4 -32 -10 0 2 2 31 3 1 0
1 10000 117 35 -2 31 0 0 0 0 -1 8 1 -3 0 -9 -3 -1 0 0 -91 -11 -2 0
1 10000 130 41 -13 -26 0 0 0 0 2 -33 -6 -5 4 -20 -4 1 1 1 105 10 -4 0
1 9999 140 11 15 11 0 0 0 0 -14 4 11 12 -8 -28 -8 0 2 2 1 8 5 0
1 10001 136 5 6 1 0 0 0 0 -2 -3 -1 -14 -3 -25 -8 0 1 1 -48 -7 3 0
1 9999 120 32 -3 17 0 0 0 0 -4 1 4 7 4 -21 -4 1 0 0 118 5 8 0
1 10001 117 -14 -2 -18 0 0 0 0 2 -7 -3 2 -1 -48 -16 -1 3 3 138 23 -7 0
1 10000 135 34 -1 11 0 0 0 0 -6 -3 3 -8 -9 46 14 0 -2 -2 -227 -30 -1 1
1 9999 104 13 9 -12 0 0 0 0 -9 -14 2 5 0 -74 -21 1 4 4 -107 -9 -5 -1
1 10001 107 -9 9 15 0 0 0 0 -2 13 6 2 5 -33 -8 0 0 0 143 13 1 0
1 10000 105 9 -1 -8 0 0 0 0 -5 -8 0 3 -11 57 12 -2 -1 -1 -124 -20 0 0
1 10000 110 36 -14 -4 0 0 0 0 3 -14 -5 1 -1 -56 -19 -2 4 4 88 13 3 1
1 9999 120 65 10 -18 0 0 0 0 -26 -32 5 0 -2 -26 -5 1 0 0 44 7 6 0
1 10001 99 56 7 13 0 0 0 0 -21 -6 10 -1 0 36 11 1 -1 -1 -91 -6 -9 0
1 10000 72 -2 -34 8 0 0 0 0 26 8 -12 -1 -2 37 11 0 -2 -2 106 7 10 0
1 10000 114 59 30 -2 0 0 0 0 -40 -17 16 1 0 -74 -21 0 3 3 19 -9 -3 0
1 11049 80 -9 -15 72 0 821 1 -2 14 57 11 -2 0 -45 -13 0 3 3 -61 8 0 0
1 10619 116 -47 -3 68 0 0 0 0 15 63 3 -1 2 -3 -1 0 0 0 -177 -21 -6 0
1 10000 98 -40 -14 -3 0 0 0 0 23 5 -12 8 -4 -52 -14 0 2 2 63 6 3 0
1 10007 102 -18 18 -14 0 0 0 0 -9 -4 5 -4 0 3 0 0 0 0 81 8 -1 0
1 10000 112 -26 -19 11 0 0 0 0 22 12 -13 7 -3 3 -1 -1 1 1 7 0 2 0
1 10000 119 -98 44 -8 0 0 0 0 -9 26 7 3 -3 11 -2 -4 1 1 36 7 2 0
1 10000 86 -95 -11 3 0 0 0 0 26 33 -17 21 4 -158 -45 1 8 8 20 15 -5 0
1 8848 84 -86 3 -14 0 -38 0 0 5 23 -6 -6 -4 -19 -10 -3 3 3 -114 -14 2 0
1 11152 100 -1 -21 -79 1 -778 0 2 16 -55 -9 -1 -2 -159 -44 1 7 7 8 -9 6 0
1 10000 88 -11 22 -20 0 0 0 0 -16 -9 12 8 0 -6 1 1 0 0 132 8 -9 0
1 10001 108 -9 -15 -16 0 0 0 0 10 -8 -9 5 3 -41 -17 -3 3 3 -8 0 3 0
1 9999 99 17 7 12 0 0 0 0 -4 2 3 2 -2 -109 -28 2 5 5 45 1 -7 0
1 10000 105 -40 -1 5 0 0 0 0 2 20 1 -2 2 -105 -32 -2 6 6 119 11 10 0
1 10000 108 1 1 -11 0 0 0 0 -1 -9 -1 3 -8 -54 -16 0 3 3 -195 -15 -2 0
1 10000 89 -13 -1 -3 0 0 0 0 1 3 0 5 7 52 12 -1 -1 -1 -71 -1 -8 0
1 10001 103 8 7 6 0 0 0 0 -7 2 5 -6 -11 -112 -32 -1 5 5 129 12 9 0
1 9999 75 31 -16 -7 0 0 0 0 13 -18 -10 7 13 -21 -5 1 1 1 -36 5 3 0
1 10000 95 34 13 0 0 0 0 0 -10 -14 6 12 5 -18 -8 -2 2 2 132 6 2 0
1 10001 85 -2 2 5 0 0 0 0 -4 5 3 2 -1 -93 -28 -1 5 5 234 -5 -3 0
1 9999 83 -7 2 0 0 0 0 0 1 2 0 -6 1 -48 -15 0 3 3 -399 -6 -1 0
1 10000 74 37 -2 0 0 0 0 0 -2 -14 1 5 1 -15 -5 -1 1 1 101 0 -4 0
1 10000 88 12 -16 7 0 0 0 0 9 1 -7 -12 -6 -73 -20 1 3 3 -132 -2 1 0
1 10000 116 8 15 -21 0 0 0 0 -11 -19 5 3 2 -39 -11 0 3 3 195 9 0 0
1 10001 99 38 -12 14 0 0 0 0 4 -4 -3 -9 -6 -7 -1 0 0 0 -137 -16 7 0
1 9999 100 12 13 1 0 0 0 0 -11 -4 6 17 3 -113 -30 1 5 5 24 7 -13 0
1 10000 91 29 -13 -12 0 0 0 0 4 -19 -6 -5 -2 62 14 -2 -2 -2 -20 4 9 0
1 10152 102 45 3 8 -1 -1 0 0 -10 -10 5 -12 -5 -134 -37 1 6 6 -35 -5 -2 0
1 9848 106 -1 8 15 0 0 0 0 -5 11 6 3 0 171 51 1 -9 -9 -47 0 -5 0
1 10000 96 27 -3 -9 0 0 0 0 -5 -15 -1 -2 -2 -74 -21 0 4 4 168 5 1 0
1 10000 109 10 -12 3 0 0 0 0 7 -1 -4 3 1 -66 -19 0 3 3 -104 -14 2 0
1 10000 115 17 11 -8 0 0 0 0 -13 -12 4 5 -1 23 9 2 -2 -2 154 22 0 0
1 10000 90 21 5 12 0 0 0 0 -9 3 7 6 -1 -9 -5 -1 1 1 6 2 -1 0
1 10000 81 31 2 -7 0 0 0 0 -10 -13 3 -7 -4 -46 -15 -2 3 3 127 8 5 0
1 10000 87 13 -8 0 0 0 0 0 2 -4 -3 5 4 -77 -22 1 4 4 -207 -19 -9 0
1 10000 93 30 -5 -7 0 0 0 0 -4 -14 -2 -10 -5 -23 -10 -3 3 3 270 14 7 0
1 10000 105 30 8 -22 0 0 0 0 -15 -24 0 -8 1 -10 5 5 -2 -2 -321 -16 1 0
1 10000 108 31 -3 10 0 0 0 0 -7 0 4 9 -2 20 3 -2 -1 -1 71 -1 0 0
1 11061 111 -99 21 -7 5 -311 0 -4 14 19 -1 8 -7 -112 -34 -1 7 7 292 44 4 0
1 7778 40 5 41 -30 86 0 -30 0 -36 -23 10 -3 -1 -43 -17 -3 4 4 -258 -34 -2 0
1 10003 41 89 42 -20 0 0 -55 0 -64 -38 9 -8 6 -67 -15 3 2 2 266 33 -9 0
1 10004 28 51 -26 15 0 0 -55 0 8 -3 -3 11 -3 25 9 1 -2 -2 -144 -20 9 0
1 9986 28 30 33 2 0 0 -55 0 -41 -1 11 4 -1 -168 -49 -1 9 9 272 25 0 0
1 10002 24 5 -53 4 0 0 -56 0 43 4 -11 2 -5 115 32 0 -6 -6 337 52 11 0
1 10005 42 -38 27 -2 0 0 -54 0 -10 4 5 1 1 -111 -34 -2 6 6 -141 -23 -12 0
1 10005 22 -27 -39 2 0 0 -53 0 43 8 -12 0 -2 -4 -1 0 1 1 461 68 12 0
1 9984 24 -47 20 10 0 0 -52 0 -3 19 8 11 0 -142 -41 0 7 7 334 14 1 0
1 10002 11 34 -29 -27 0 0 -53 0 16 -30 -19 -9 1 45 12 -1 -2 -2 -100 -14 -3 0
1 10001 33 -35 -9 32 0 0 -52 0 16 34 6 13 -1 -750 -214 1 39 39 9 0 16 0
1 9983 44 -62 25 -6 0 0 -52 0 -1 10 5 0 2 963 272 -2 -49 -49 -355 -21 -13 1
1 16594 41 -130 113 6 386 -1 -40 0 -60 42 38 3 0 -789 -228 -2 42 42 1258 166 5 -1
1 5556 -37 70 251 0 0 1 -23 0 -248 -20 20 3 -3 260 71 -2 -13 -13 -452 -58 6 0
1 9044 -87 70 108 10 0 0 -47 0 -112 -7 -27 -8 2 -30 -5 2 2 2 -519 -52 -4 0
1 8824 -40 86 -24 13 0 -1 -44 0 -1 -12 -4 -5 1 246 74 2 -15 -15 -267 -23 -3 0
1 9999 -47 85 3 -11 0 0 -50 0 -28 -22 -18 3 -2 -824 -232 2 42 42 341 -17 25 0
1 9983 -38 58 -24 -1 0 1 -50 0 5 -13 -4 -9 1 858 246 1 -45 -45 463 84 -10 1
1 10005 -39 46 13 -6 0 -1 -51 0 -26 -6 -14 14 -4 -424 -118 2 21 21 -231 -49 -9 -1
1 10005 -40 66 -23 6 0 0 -50 0 -2 -2 -2 3 3 -130 -33 3 5 5 -795 -73 7 0
1 10006 -35 194 8 -11 0 1 -51 0 -25 -7 -106 -5 2 38 7 -3 -1 -1 -251 -24 -17 0
1 9983 -60 -26 -5 2 0 0 -49 0 -31 5 74 6 2 57 17 0 -2 -2 659 55 8 0
1 10023 -61 120 19 2 0 -1 -50 0 -47 13 -27 -7 0 -41 -11 1 1 1 139 -21 -15 1
1 9978 -70 90 -9 16 0 0 -50 0 -17 20 -4 -3 1 -69 -24 -2 5 5 -801 -32 0 0
1 10022 -77 32 -14 8 0 0 -51 0 1 11 6 1 3 96 25 -2 -4 -4 132 -5 2 -1
1 19815 -189 -117 -27 -201 1 -1366 -32 2 46 -142 -56 -10 -3 -255 -72 0 14 14 60 -6 2 1
1 10000 -103 -37 5 -22 0 0 0 0 7 -17 -12 -2 1 285 81 0 -15 -15 -296 -17 -7 -1
1 10000 -115 -71 2 27 0 0 0 0 21 4 20 0 4 51 14 0 -3 -3 -262 -24 23 1
1 10000 -121 -83 -21 4 0 0 0 0 42 -6 23 10 0 99 27 -1 -5 -5 -129 -7 -23 0
1 10001 -125 -67 3 -3 0 0 0 0 20 -6 6 -23 10 77 20 -1 -3 -3 770 51 7 0
1 9999 -104 -13 27 27 0 0 0 0 -16 19 9 5 -4 -60 -10 4 0 0 -850 -70 -8 0
1 10000 -141 48 -26 -26 0 0 0 0 3 -16 -12 -13 8 150 42 0 -7 -7 417 57 2 0
1 10000 -124 69 34 6 0 0 0 0 -47 14 -20 -21 0 52 19 2 -4 -4 -532 -75 -8 0
1 10000 -121 28 -17 -15 0 0 0 0 4 -10 -6 -19 -1 111 36 3 -7 -7 20 -5 -3 0
1 10000 -132 -33 -14 -11 0 0 0 0 20 -12 3 10 3 155 47 2 -9 -9 150 14 6 0
1 10000 -144 -29 3 -5 0 0 0 0 8 -4 0 -2 -1 182 52 0 -9 -9 -168 0 5 0
1 10001 -144 -70 5 9 0 0 0 0 19 1 14 3 3 92 28 1 -6 -6 82 3 -14 0
1 9999 -136 -62 -3 -11 0 0 0 0 24 -8 4 1 0 68 18 -1 -3 -3 -77 -6 1 0
1 10001 -145 -78 4 18 0 0 0 0 22 13 24 -4 2 153 45 1 -9 -9 21 3 4 0
1 9999 -141 -65 11 26 0 0 0 0 12 25 24 3 1 176 51 0 -9 -9 22 -2 4 0
1 10000 -142 -34 -16 -13 0 0 0 0 24 -6 4 1 5 -13 -5 0 2 2 27 -10 -3 0
1 10000 -132 -38 -7 -20 0 0 0 0 15 -8 -1 -2 -1 89 25 -1 -5 -5 -77 10 6 0
1 10000 -148 -79 -1 1 0 0 0 0 24 14 16 0 1 9 4 1 -1 -1 29 5 -3 0
1 9421 -122 -72 1 -8 0 0 0 0 17 10 11 5 4 137 38 -1 -7 -7 20 5 -3 0
1 10580 -122 -47 -3 14 0 0 0 0 11 23 17 0 0 -48 -15 0 3 3 -42 -15 10 0
1 9999 -116 -45 22 -28 0 0 0 0 -9 -8 -7 5 1 -2 0 1 0 0 -15 -2 -7 0
1 10000 -132 -49 -14 29 0 0 0 0 15 38 24 0 4 -3 -2 -1 1 1 -42 -1 -4 0
1 10001 -121 -42 6 -11 0 0 0 0 3 4 2 -4 1 79 22 -1 -4 -4 44 -3 -4 0
1 9215 -131 -57 -18 25 -1 6 -3 -1 19 39 21 4 2 123 35 0 -7 -7 -43 3 30 0
1 10785 -135 -19 38 157 1 1376 0 3 -36 141 33 -7 1 -82 -24 0 5 5 -31 -5 -33 0
1 9999 -114 31 4 -1 0 0 0 0 -1 -13 -2 2 2 31 11 1 -2 -2 242 17 9 0
1 10001 -113 -100 2 -5 0 0 0 0 0 34 4 3 1 10 3 0 -1 -1 -151 -1 -1 0
1 10000 -121 -12 -14 15 0 0 0 0 11 17 2 3 3 -39 -13 -1 2 2 -36 -16 1 0
1 9999 -99 7 3 5 0 0 0 0 -3 2 0 2 0 72 20 0 -3 -3 -4 4 -2 0
1 10001 -110 3567 42 -72 0 0 0 0 -40 -50 -11 -1 0 51 14 0 -3 -3 122 5 -3 0
1 9999 -135 10 -30 55 0 0 0 0 30 44 9 -3 1 -49 -13 0 3 3 -148 -9 -2 0
1 10001 -124 -36 14 27 0 0 0 0 -13 37 -1 4 2 -22 -6 0 1 1 187 24 7 0
1 9999 -141 -12 -20 -5 0 0 0 0 18 0 2 7 4 27 7 0 -1 -1 9 -9 5 0
1 10000 -140 -3 -6 0 0 0 0 0 2 1 1 -5 2 23 6 -1 -1 -1 -251 -10 2 0
1 10001 -118 24 4 3 0 0 0 0 0 -6 -1 -3 3 65 18 0 -3 -3 51 -4 -6 0
1 9999 -122 -9 -7 -9 0 0 0 0 6 -5 2 -2 6 -34 -9 0 1 1 -78 -6 -14 0
1 10000 -106 13 11 19 0 0 0 0 -11 12 -3 0 -3 34 11 1 -2 -2 -12 -2 4 0
1 10001 -133 -3547 2 -6 0 0 0 0 1 -25 1 3 -1 -19 -6 0 1 1 102 12 6 0
1 10000 -105 37 -5 -3 0 0 0 0 4 -17 0 -2 5 -1 0 0 0 0 25 3 -5 0
1 9999 -126 19 1 -5 0 0 0 0 -2 -11 -1 2 2 21 6 0 -1 -1 -99 -14 -5 0
1 10000 -116 6 15 7 0 0 0 0 -15 4 -2 1 3 -30 -8 0 2 2 35 13 6 0
1 10000 -117 -10 -20 -9 0 0 0 0 18 -4 2 0 3 41 11 0 -3 -3 25 -4 2 0
1 10199 -133 -35 -33 -2 -102 0 -1 0 34 11 5 1 3 -126 -36 0 7 7 -17 2 1 0
1 10619 -69 -30 -75 -9 0 0 0 0 69 3 1 0 5 13 4 0 -1 -1 85 5 9 0
1 10000 -65 3 9 15 0 0 0 0 -5 12 1 0 7 105 27 -1 -5 -5 -91 -6 -15 0
1 10000 -77 22 12 -5 0 0 0 0 -17 -12 0 2 2 69 22 0 -3 -3 -1 -3 6 0
1 10000 -70 48 -7 1 0 0 0 0 5 -17 -2 1 0 -29 -9 0 1 1 -86 -7 3 0
1 10000 -78 42 -2 -8 0 0 0 0 3 -24 -3 -1 3 -72 -21 0 4 4 150 13 7 0
1 10000 -73 -36 -2 13 0 0 0 0 3 25 3 -1 -5 68 19 0 -4 -4 10 2 -5 0
1 10000 -61 -28 -6 -9 0 0 0 0 7 3 0 2 -2 -22 -6 0 1 1 -147 -12 -1 0
1 10000 -74 -19 1 1 0 0 0 0 1 8 0 0 5 25 8 0 -1 -1 133 15 -7 0
1 10000 -64 -13 -5 11 0 0 0 0 3 15 1 1 1 17 4 0 -1 -1 -134 -19 0 0
1 10000 -64 -16 9 -5 0 0 0 0 -8 1 1 0 3 58 15 -1 -2 -2 95 12 5 0
1 10000 -59 3581 -1 -5 0 0 0 0 1 3 -1 4 2 -11 -2 0 0 0 2 -3 -10 0
1 10000 -67 -17 0 0 0 0 0 0 -1 7 1 31 21 -56 -14 2 3 3 27 2 11 0
1 10001 -55 -19 -1 -3 0 0 0 0 3 4 -1 -15 2 19 0 -4 0 0 36 8 -2 0
1 10000 -59 -21 1 2 0 0 0 0 -6 10 0 33 11 68 16 -1 -2 -2 -79 -10 -2 0
1 10000 -64 -26 -2 -2 0 0 0 0 5 9 0 13 12 -107 -32 -1 6 6 156 14 -9 0
1 10000 -61 -15 1 -4 0 0 0 0 -5 1 0 19 13 -76 -27 -4 5 5 -114 -4 9 0
1 9999 -55 -22 -3 6 0 0 0 0 -2 13 0 12 5 13 -1 -2 2 2 -21 -2 -9 0
1 9800 -68 -11 2 6 -1 0 -6 -4 -2 9 0 14 10 -94 -34 -5 7 7 -38 -1 1 0
1 9023 -68 -4 -4 3 0 0 -42 0 4 4 -2 -9 8 -104 -33 -2 6 6 104 1 -5 0
1 10000 -68 -17 -2 1 0 0 -50 0 -2 7 0 -1 4 181 51 -1 -9 -9 -122 -11 4 0
1 10013 -68 -27 -2 -4 0 0 -51 0 0 6 -1 -3 -3 -338 -98 -1 18 18 0 0 -8 0
1 9995 -77 -25 -4 1 0 0 -51 0 1 10 -1 0 2 -169 -48 1 9 9 -11 -1 -2 0
1 10013 -76 -16 2 -1 0 0 -52 0 -5 5 0 0 4 17 5 0 -1 -1 79 12 12 0
1 9974 -79 -24 -11 6 0 0 -52 0 4 12 -2 -3 0 -23 -7 -1 1 1 -23 -6 -1 0
1 10016 -94 -30 -1 -2 0 0 -51 1 -3 9 -2 11 -1 4 2 1 -1 -1 -42 1 -1 0
1 14136 -137 33 15 170 0 1125 -6 1 -6 132 -42 -10 -10 -270 -79 -2 16 16 176 9 3 0
1 10000 -102 63 -1 -1 0 0 0 0 14 -20 8 10 8 287 82 1 -15 -15 -14 1 -4 0
1 10000 -112 65 -2 -4 0 0 0 0 7 -25 10 3 4 -61 -21 -2 3 3 -15 -2 0 0
1 10000 -116 90 -4 12 0 0 0 0 9 -22 7 1 2 -54 -15 -1 4 4 -50 -3 -8 0
1 11189 -124 -3516 0 3 0 0 0 0 1 -29 8 -2 2 43 11 0 -3 -3 -21 -3 12 0
1 10001 -110 89 3 1 0 0 0 0 -9 -31 8 -10 14 83 23 -1 -4 -4 -77 -10 -9 0
1 9198 -109 46 -1 -30 0 -10 0 -1 -5 -42 7 -2 4 -51 -12 2 2 2 71 14 -2 0
1 10801 -114 41 -9 -120 0 -1134 0 3 4 -122 -2 0 8 25 8 0 -1 -1 -22 -10 8 0
1 10000 -89 5 -21 -15 0 0 0 0 19 -16 -4 -12 8 73 23 2 -5 -5 -49 -6 -5 0
1 10000 -87 -9 2 -17 0 0 0 0 -2 -10 -1 8 8 52 15 0 -3 -3 -35 3 -5 0
1 10000 -82 14 -2 1 0 0 0 0 0 -5 0 7 6 107 32 1 -5 -5 63 -1 6 0
1 10000 -100 -5 -7 3 0 0 0 0 5 5 0 -3 -4 61 15 -1 -3 -3 -44 -2 -3 0
1 10000 -76 -43 17 -32 0 0 0 0 -6 -13 -2 0 2 111 32 0 -6 -6 57 8 -1 0
1 10000 -88 19 8 14 0 0 0 0 -13 6 1 1 0 -31 -8 0 1 1 -93 -11 1 0
1 10000 -108 -32 -11 2 0 0 0 0 17 12 2 3 1 39 10 -1 -1 -1 199 15 -5 0
1 10000 -101 -23 -1 7 0 0 0 0 3 15 2 0 6 172 47 -1 -8 -8 -194 -12 9 0
1 10001 -103 -13 13 -4 0 0 0 0 -8 1 0 -1 0 -7 -1 1 0 0 -2 -4 -4 0
1 9999 -105 -36 -18 -11 0 0 0 0 17 4 0 1 0 4 1 -1 0 0 148 10 -1 0
1 9999 -80 -46 9 14 0 0 0 0 -4 30 3 2 0 38 10 0 -2 -2 -77 -2 4 0
1 8907 -92 -29 15 71 59 1121 0 0 -16 74 1 2 1 105 29 0 -5 -5 48 -2 -7 0
1 13862 -184 55 77 119 0 21 0 -2 -74 83 -13 3 6 -438 -124 0 22 22 6 6 9 0
1 10000 -151 63 -7 -3 0 0 0 0 3 -25 6 -1 2 445 126 0 -23 -23 -57 -2 -6 0
1 9994 -149 68 1 -16 0 -10 0 -1 -13 -37 4 77 64 -112 -33 -1 6 6 58 4 -9 0
1 10006 -159 28 -12 -135 1 -1080 0 3 9 -129 0 37 23 183 35 -10 -3 -3 -178 -18 -9 0
1 10000 -136 3 -10 -18 0 0 0 0 12 -19 -3 -111 -16 49 5 -6 1 1 42 -2 10 0
1 10000 -138 -11 -6 -1 0 0 0 0 6 3 1 0 7 -98 -8 12 -2 -2 -104 -10 -4 0
1 10000 -127 -8 -2 -1 0 0 0 0 2 2 1 1 5 186 56 2 -11 -11 26 8 -1 0
1 10001 -145 14 4 1 0 0 0 0 -5 -4 -1 -13 9 152 45 1 -8 -8 -42 -5 3 0
1 10000 -144 29 -3 -2 0 0 0 0 -3 -11 -2 -11 6 76 26 3 -5 -5 18 -2 4 0
1 10000 -144 39 9 3 0 0 0 0 -16 -10 -3 13 20 330 95 0 -18 -18 -9 2 -8 0
1 10000 -158 10 -5 -8 0 0 0 0 3 -11 -2 7 6 38 9 -1 -1 -1 43 2 10 0
1 9999 -161 -15 -4 2 0 0 0 0 4 8 3 6 19 252 70 -1 -12 -12 -8 -3 -10 0
1 10000 -143 -86 18 4 0 0 0 0 -2 32 5 4 5 86 21 -2 -4 -4 -73 -7 -7 0
1 10001 -155 -43 -23 -15 0 0 0 0 32 1 1 5 0 108 31 0 -5 -5 101 10 3 0
1 9999 -143 -23 1 5 0 0 0 0 -3 14 2 3 10 168 47 -1 -8 -8 -77 -7 9 0
1 10151 -143 6 0 8 -36 -1 0 0 1 4 0 -5 -3 -91 -27 0 5 5 -26 0 2 0
1 10617 -143 -38 -30 0 0 0 0 0 35 14 1 14 13 104 27 -2 -5 -5 10 0 -9 0
1 10001 -101 -3 -9 6 0 0 0 0 6 6 0 1 2 106 30 0 -5 -5 11 1 7 0
1 9999 -111 3 2 -1 0 0 0 0 -3 -1 0 1 2 45 12 0 -2 -2 -16 -3 -6 0
1 10000 -97 -5 0 -1 0 0 0 0 3 0 0 1 0 9 2 -1 -1 -1 81 8 -2 0
1 10000 -115 -18 -1 -1 0 0 0 0 1 6 1 4 3 65 17 -1 -2 -2 -66 -6 4 0
1 10001 -107 -3 4 -5 0 0 0 0 -1 -3 -1 -2 1 35 10 1 -3 -3 19 -1 -3 0
1 9999 -114 -2 -5 3 0 0 0 0 4 3 0 5 0 -64 -17 0 4 4 -22 7 1 0
1 10000 -99 5 4 -11 0 0 0 0 -9 -11 0 -3 1 38 8 -1 -1 -1 3 -7 2 0
1 10000 -114 0 1 5 0 0 0 0 4 4 0 7 4 75 23 1 -5 -5 15 5 -3 0
1 10000 -107 -25 -1 1 0 0 0 0 1 10 1 -1 1 -1 -2 -2 1 1 11 -2 2 0
1 10001 -120 -15 3 8 0 0 0 0 -1 13 1 23 31 6 2 1 -1 -1 138 10 -2 0
1 11085 -126 -26 9 86 0 1098 -1 -2 -6 87 -4 2 21 -44 -15 -2 4 4 -84 -6 2 0
1 10623 -137 71 10 74 0 0 0 0 -16 37 -6 -36 18 30 6 -2 -1 -1 167 8 -4 0
1 9999 -120 75 4 4 0 0 0 0 -11 -23 5 3 1 245 76 4 -15 -15 -217 -11 -4 0
1 12037 -164 79 -2 -122 0 -1135 0 2 -11 -135 3 6 4 49 13 0 -2 -2 9 4 4 0
1 10621 -119 52 -19 -45 0 0 0 0 10 -59 -9 -4 5 31 9 -1 -1 -1 -56 -10 1 0
1 10000 -103 32 -10 -4 0 0 0 0 1 -12 -4 6 1 157 45 0 -9 -9 53 6 4 0
1 10001 -108 29 -6 1 0 0 0 0 -3 -8 -1 -7 7 122 33 0 -5 -5 68 2 -7 0
1 10000 -100 13 5 -3 0 0 0 0 -8 -5 -2 -4 3 66 21 1 -5 -5 -89 -6 2 0
1 9999 -100 11 -2 8 0 0 0 0 -1 3 1 -9 2 113 33 1 -5 -5 -11 2 -3 0
1 10001 -98 4 4 -10 0 0 0 0 -4 -10 -2 -7 1 46 15 0 -3 -3 23 -3 6 0
1 10000 -92 -19 -3 -1 0 0 0 0 8 4 0 -35 4 163 48 2 -9 -9 5 4 -11 0
1 10000 -89 -48 5 1 0 0 0 0 8 15 4 -76 -4 25 16 5 -4 -4 11 2 6 0
1 10000 -109 -49 1 -1 0 0 0 0 10 14 3 -10 1 33 27 11 -8 -8 -55 -5 4 0
1 9999 -79 -46 0 -8 0 0 0 0 7 9 3 2 4 245 76 4 -15 -15 21 0 0 0
1 10001 -97 -41 1 8 0 0 0 0 7 21 4 -40 1 164 50 1 -8 -8 13 3 4 0
1 9999 -102 -33 -6 -2 0 0 0 0 9 11 0 -93 -7 186 63 7 -14 -14 25 2 1 0
1 9998 -83 -52 3 3 0 -3 0 0 3 22 2 -52 -5 127 58 13 -13 -13 -23 -3 9 0
1 10002 -70 -63 3 1 0 0 0 0 -2 25 3 -86 -8 268 96 12 -20 -20 62 5 -5 0
1 10001 -101 3546 2 1 0 0 0 0 -1 21 -1 -58 -3 299 109 14 -23 -23 -66 -5 -2 0
1 9999 -83 -25 -7 -3 0 0 0 0 5 7 0 -240 -19 461 150 12 -29 -29 -21 -4 8 0
1 10001 -90 12 -2 3 0 0 0 0 4 -2 0 -75 -11 313 146 34 -34 -34 14 0 -4 0
1 10000 -88 -3560 0 -2 0 0 0 0 -1 -17 0 -93 -17 755 252 22 -50 -50 -39 1 9 0
1 10000 -80 12 -4 4 0 0 0 0 6 -1 0 -4 -3 761 249 19 -49 -49 38 2 -1 0
1 10000 -74 45 6 -4 0 0 0 0 -10 -20 -1 52 7 731 219 6 -39 -39 -6 -2 -2 0
1 9999 -76 35 -2 -1 0 0 0 0 2 -15 -1 16 -5 690 192 -3 -33 -33 8 1 2 0
1 10001 -58 11 -8 6 0 0 0 0 3 2 0 -112 -2 450 135 3 -24 -24 -29 -2 2 0
1 9999 -64 -30 2 -5 0 0 0 0 1 7 -1 -147 7 382 131 13 -26 -26 36 5 3 0
1 10001 -62 -34 4 -1 0 0 0 0 2 11 2 -35 20 601 212 24 -43 -43 11 -2 8 0
1 8821 -44 -23 1 3 -1 1 -2 -4 -1 12 1 -17 8 640 197 8 -36 -36 -30 0 -9 0
1 10011 -62 -14 -4 1 0 0 -50 0 2 6 0 -19 20 423 133 7 -24 -24 23 2 -3 0
1 10013 -58 -13 -5 -7 0 0 -53 0 4 -1 -1 -12 8 768 231 7 -41 -41 -7 -2 2 0
1 9994 -45 6 -2 4 0 0 -55 0 4 1 0 -44 -1 672 200 4 -35 -35 -29 -2 5 0
1 9492 -55 3581 -8 -4 0 0 -50 0 6 4 -1 -47 -6 509 157 7 -29 -29 -11 -2 -5 0
1 5637 -14 -6 0 -1 0 0 -30 0 2 1 0 -25 0 306 97 5 -17 -17 15 2 9 0
1 5630 -24 -8 0 1 0 0 -31 0 -1 4 0 24 16 381 118 6 -22 -22 14 1 2 0
1 6835 -24 -29 -2 -2 0 0 -37 0 2 10 0 37 17 271 82 2 -14 -14 -11 -2 -8 0
1 5779 -25 -5 4 65 0 1036 -24 4 -4 59 -3 38 32 460 124 -5 -20 -20 8 1 10 0
1 8388 -41 17 18 90 1 95 0 -2 -15 71 -13 155 66 451 117 -7 -18 -18 -5 1 -6 0
1 5619 -23 31 0 13 0 0 0 0 0 0 0 53 22 219 43 -11 -5 -5 20 2 -9 0
1 4410 -26 -3568 -2 11 0 0 0 0 -2 -3 1 29 10 235 48 -12 -4 -4 46 5 -3 0
1 5621 -48 26 1 3 0 0 0 0 1 -7 2 82 47 182 38 -8 -5 -5 -39 -1 18 0
1 4422 -45 58 1 20 0 0 0 0 -4 -4 1 247 135 29 -4 -7 3 3 17 -4 -20 0
1 5578 -64 70 -9 14 0 0 0 0 -1 -13 3 -583 -67 161 4 -25 5 5 -134 -12 11 0
1 9200 -114 147 -16 -14 -1 -10 0 -1 -13 -61 10 -550 -77 192 200 85 -54 -54 46 3 23 0
1 5762 -91 62 43 -132 55 -1119 -11 -1 -56 -132 -5 -25 -6 1112 406 51 -81 -81 88 8 18 0
1 5615 -96 84 21 -23 0 -2 -29 0 -39 -43 -12 -82 -16 295 117 18 -24 -24 -11 -2 -4 0
1 5612 -92 30 -4 -9 0 0 -31 0 -8 -12 -4 -589 -43 1388 427 16 -74 -74 22 6 93 0
1 6788 -125 -28 -7 -15 0 0 -36 0 18 -10 -1 -382 -35 2019 713 77 -136 -136 -5 -1 8 0
1 5601 -99 -34 -8 -9 0 0 -29 0 14 2 2 -58 -16 1569 568 66 -109 -109 4 2 -1 0
1 5581 -97 -27 -2 -13 0 0 -30 0 11 -6 -1 -6 -5 2370 747 35 -128 -128 -5 -3 -15 0
1 5603 -117 -22 -2 8 0 0 -31 0 7 13 4 -9 -3 2307 700 20 -116 -116 29 5 12 0
1 6759 -114 -12 -8 -7 0 0 -40 0 12 -5 0 7 -3 2390 709 11 -115 -115 1 1 30 0
1 9478 -166 -42 3 17 0 0 -32 4 5 29 7 -72 -9 2498 745 12 -119 -119 0 -1 -19 0
1 5623 -98 -10 -1 -3 0 0 0 0 5 -1 0 -165 -16 1342 405 10 -65 -65 -25 -2 4 0
1 4997 -76 -50 3 -6 0 0 0 0 9 11 2 -371 -30 1100 337 10 -54 -54 40 2 29 0
1 4952 -78 -62 5 -8 0 0 0 0 7 14 2 -350 -21 1077 414 56 -76 -76 -17 1 21 0
1 5618 -98 -43 -3 1 0 0 0 0 6 17 3 -104 -13 2138 735 62 -127 -127 39 3 30 -1
1 5000 -83 -48 1 2 0 0 0 0 7 19 2 -243 -23 2242 704 29 -112 -112 -28 -4 -8 0
