version: 66.14
glider: 194
mission: 16
dive: 314
start: 6 11 125 2 50 12
columns: rec,elaps_tms,depth,heading,pitch,roll,AD_pitch,AD_roll,AD_vbd,GC_phase,mag.x,mag.y,mag.z,sbect.TempFreq,sbect.CondFreq,aa4330.O2,aa4330.AirSat,aa4330.Temp,aa4330.CalPhase,aa4330.TCPhase,wlbb2fl.sig470nm,wlbb2fl.sig700nm,wlbb2fl.sig695nm,wlbb2fl.temp,
data:
0 9765 -2081 3043 -761 47 214 2999 372 6 518 109 -32 227159 166387 255573 82239 15620 32497 32497 441 122 303 564
1 5000 4 23 8 -31 0 0 0 0 1 -6 11 661 -33 38 21 4 -3 -3 33 6 17 0
1 5000 5 1 -10 -25 0 0 0 0 0 0 -4 691 -6 -135 11 31 -9 -9 112 1 -23 0
1 5000 0 -20 -8 0 0 0 0 0 -2 5 -3 -63 -18 333 29 -44 6 6 -103 -4 99 0
1 5000 -1 32 35 48 0 0 0 0 1 -5 11 -197 -33 62 105 48 -25 -25 -114 -11 -146 0
1 5000 7 -60 -35 49 0 0 0 0 -2 10 -30 689 -11 -576 -101 48 4 4 4 4 31 0
1 5000 -7 23 35 -75 0 0 0 0 -2 -3 46 -629 26 232 97 13 -17 -17 25 -8 -3 -1
1 5000 3 6 -8 36 0 0 0 0 2 1 -19 -202 -22 20 58 29 -14 -14 -37 2 -25 0
1 5000 3 -10 -27 -41 0 0 0 0 2 -5 -7 21 31 -368 -106 8 13 13 100 9 46 0
1 5000 2 12 -3 -11 0 0 0 0 0 0 -4 128 -42 687 243 12 -37 -37 -140 -18 -40 0
1 5000 2 1 19 37 0 0 0 0 -1 6 2 -1269 37 -287 -22 39 -6 -6 52 7 22 0
1 5000 -3 11 -9 -1 0 0 0 0 2 -7 -7 794 -4 -367 -51 39 0 0 297 25 109 0
1 6514 -5 -87 22 20 -1 0 0 -4 -12 19 36 -33 16 70 -21 -25 8 8 -310 -21 -82 0
1 5617 -12 51 -3 -45 0 0 160 0 6 -10 -4 430 7 361 99 -10 -12 -12 332 33 83 0
1 5631 7 -5 -40 -1 0 0 159 0 4 -5 -31 955 -21 755 187 -32 -21 -21 -219 -18 -73 0
1 5613 -2 -2 21 15 0 0 155 0 -2 1 15 -219 -21 -482 -106 28 10 10 -2 3 67 0
1 5619 9 -1 -21 11 0 0 157 0 2 -1 -21 -697 25 483 171 9 -26 -26 221 14 -105 0
1 5614 7 -5 -12 13 0 0 155 0 0 0 -13 56 -7 7400 1229 -640 -35 -35 -106 -8 36 0
1 5617 12 45 5 -25 0 0 157 0 1 -5 -3 972 -34 21605 6362 -268 -798 -798 -84 -6 0 0
1 5617 -3 -14 -6 45 0 0 152 0 1 -1 -13 -483 -15 13749 4302 -27 -534 -534 130 5 1 0
1 5637 1 105 6 -96 0 0 147 0 4 -15 2 -151 -19 10992 3451 -14 -410 -410 -155 -5 9 0
1 5642 12 -32 -21 95 0 1 144 0 0 -3 -33 130 -20 8279 2526 -43 -283 -283 360 3 17 0
1 5640 47 142 -12 -104 0 -1 140 0 3 -23 -19 44 -2 6954 1244 -429 -51 -51 -181 5 2 0
1 5640 21 83 6 -16 0 0 144 0 3 -20 -9 58 -17 10939 1457 -858 18 18 -109 -6 -4 0
1 5641 36 124 -4 -49 0 0 151 0 2 -28 -18 57 29 1588 241 -107 -4 -4 -165 -21 -103 0
1 5639 51 102 14 -15 0 0 161 0 4 -32 0 259 32 3197 571 -176 -25 -25 -18 -3 -13 -1
1 5618 73 22 -9 51 1 0 173 0 -2 -17 -12 610 -61 708 -151 -158 50 50 91 9 -2 1
1 5636 106 -87 -5 97 -1 0 195 0 -1 9 -3 845 -47 2236 343 -145 -7 -7 -125 -12 -88 0
1 10472 329 79 23 -91 6 0 155 -1 5 -9 19 557 31 1761 -441 -415 138 138 -14 0 50 0
1 5873 234 -3496 23 -86 1309 0 1 0 3 -25 13 1192 132 -2014 -987 -164 146 146 72 8 -35 -1
1 5838 252 -17 137 36 1265 0 0 2 4 -24 116 1006 101 -4156 -1930 -298 284 284 35 1 22 1
1 8754 336 169 273 -115 316 -1409 1 1 -98 -159 191 789 108 -8180 -3319 -395 476 476 -65 -6 -23 0
1 5041 121 17 37 15 0 0 0 0 -26 -10 31 91 24 -6289 -1945 -40 245 245 4 1 -5 0
1 5580 120 51 37 67 0 0 0 0 -33 7 48 655 92 -5642 -1757 -44 227 227 23 -2 -27 -1
1 4995 68 75 3 -72 0 0 0 0 -18 -62 -25 -104 -15 -3710 -1225 -63 169 169 -41 0 9 0
1 5001 96 7 8 16 0 0 0 0 -7 4 12 159 46 -3159 -1068 -66 151 151 -36 -4 -3 0
1 4440 74 15 -29 7 0 0 0 0 15 5 -14 176 26 -2806 -860 -17 116 116 40 5 8 0
1 5564 99 -25 0 9 0 0 0 0 6 12 2 282 50 -3028 -1043 -75 154 154 52 1 -8 0
1 4997 86 -46 -39 -34 0 0 0 0 34 10 -37 770 160 -2578 -794 -19 110 110 -103 -7 -28 0
1 4419 106 -31 6 41 0 0 0 0 3 26 17 138 31 -1649 -819 -165 148 148 11 0 7 0
1 5005 119 9 13 -21 0 0 0 0 -10 -15 2 57 19 -3333 -1064 -46 156 156 -41 -4 -8 0
1 5579 128 -23 2 4 0 0 0 0 3 9 2 7 10 -3388 -1047 -30 151 151 36 6 12 0
1 4996 116 -3 7 -4 0 0 0 0 -3 -2 4 38 16 -2484 -768 -23 113 113 -25 -5 -10 0
1 4999 127 10 10 -2 0 0 0 0 -9 -7 6 28 7 -2227 -672 -12 97 97 9 1 8 0
1 4589 114 37 11 -20 0 0 0 0 -13 -25 -3 10 4 -1902 -571 -9 84 84 7 -1 -4 0
1 5617 132 25 -7 7 0 0 0 0 -1 -3 -1 77 16 -1823 -554 -13 82 82 -13 0 -8 0
1 4420 91 8 7 4 0 0 0 0 -5 -3 5 239 50 -1558 -479 -13 72 72 0 -2 -3 0
1 5581 130 20 11 5 0 0 0 0 -14 -6 10 186 31 -1436 -502 -44 84 84 14 4 2 0
1 4398 98 20 11 -3 0 0 0 0 -13 -10 6 57 12 -1011 -353 -32 59 59 -12 -3 -6 0
1 5619 102 44 -1 2 0 0 0 0 -10 -12 0 20 7 -1549 -487 -19 77 77 28 5 -1 0
1 4421 93 31 2 0 0 0 0 0 -11 -8 4 70 10 -1311 -394 -8 60 60 -9 -2 1 0
1 5579 96 55 5 -7 0 0 0 0 -20 -19 3 16 -2 -1208 -376 -13 59 59 4 1 1 0
1 4393 82 46 -3 -4 0 0 0 0 -13 -9 3 37 2 -981 -304 -11 48 48 11 1 2 0
1 5621 103 100 -7 -15 0 0 0 0 -27 -25 -3 357 46 -1342 -403 -8 62 62 -28 -2 -10 0
1 4418 77 47 -7 -3 0 0 0 0 -11 -5 3 19 3 -743 -307 -49 59 59 -3 -2 14 0
1 5599 127 74 27 -5 0 0 0 0 -46 -15 16 209 30 -1560 -497 -25 81 81 27 5 -11 0
1 5620 102 70 12 14 0 0 0 0 -33 5 23 50 12 -1397 -473 -37 81 81 2 -2 -2 0
1 4420 80 50 1 9 0 0 0 0 -18 6 13 5 3 -1278 -401 -17 67 67 16 3 3 0
1 10578 197 151 -15 -28 0 0 0 0 -29 -5 7 63 18 -2993 -885 -12 140 140 -32 -4 3 0
1 10585 188 224 19 36 0 6 1 -1 -68 54 59 498 81 -2162 -714 -50 125 125 12 -1 -13 0
1 8841 123 62 -13 162 64 1425 0 3 4 145 66 88 13 -1288 -496 -69 95 95 28 5 6 1
1 10585 146 64 12 34 0 0 0 0 -21 43 14 530 79 -2473 -839 -72 153 153 -2 2 -6 0
1 10000 152 -3 6 10 0 0 0 0 -5 8 1 163 12 -2813 -901 -53 159 159 -17 0 5 -1
1 10000 138 -28 6 3 0 0 0 0 0 -2 0 29 9 -2437 -758 -34 134 134 -8 -2 -7 1
1 9999 137 -18 -3 0 0 0 0 0 3 -6 -2 56 6 -2294 -688 -17 118 118 51 2 -4 -1
1 10000 130 -75 3 3 0 0 0 0 11 -13 -4 6 -16 -1990 -589 -11 102 102 -1 1 3 1
1 10000 128 -52 0 -5 0 0 0 0 10 -15 -5 54 7 -1798 -536 -12 94 94 -29 -1 0 0
1 10000 125 -65 5 -5 0 0 0 0 7 -20 -6 233 29 -1394 -436 -21 80 80 -2 -1 2 -1
1 10001 116 125 -3 -4 0 0 0 0 -20 25 9 344 24 -1307 -452 -47 89 89 -7 -1 4 1
1 9999 114 119 4 -1 0 0 0 0 -23 25 8 337 49 -2023 -655 -46 126 126 29 2 -15 0
1 10000 102 -4 -4 10 0 0 0 0 5 8 1 136 28 -1904 -648 -63 129 129 -20 -1 5 0
1 10000 104 -80 8 17 0 0 0 0 4 -3 -1 395 96 -2385 -737 -35 140 140 50 4 6 0
1 12145 128 -93 5 88 31 869 0 -2 12 56 6 -209 -81 -2650 -861 -65 171 171 13 3 -2 0
1 10618 98 -81 12 33 0 0 0 0 6 13 0 -80 -28 -2374 -663 8 119 119 25 3 3 0
1 10000 99 -52 5 3 0 0 0 0 8 -7 -1 127 34 -1718 -472 11 84 84 -49 -3 -9 0
1 12805 133 -99 14 -107 33 -873 0 2 14 -109 -20 -101 -30 -1772 -508 -2 95 95 22 4 3 0
1 10622 79 -68 20 -36 0 0 0 0 3 -41 -14 -99 -42 -688 -200 -2 38 38 37 5 1 0
1 10000 67 -34 6 2 0 0 0 0 5 0 -1 -12 -13 -735 -188 13 32 32 -41 -7 -4 0
1 9999 74 0 1 -2 0 0 0 0 0 -1 -1 -41 -18 -435 -112 8 19 19 15 1 3 0
1 10000 72 7 6 5 0 0 0 0 -8 4 3 8 1 -454 -119 7 20 20 11 1 2 0
1 10001 67 28 -1 -5 0 0 0 0 -8 -2 1 10 8 -223 -61 1 12 12 -31 -2 -3 1
1 9999 74 26 -2 9 0 0 0 0 -7 10 4 -44 -30 -192 -56 -1 10 10 29 1 5 -1
1 10000 67 44 2 -3 0 0 0 0 -15 4 3 -23 -1 -187 -41 8 6 6 -7 0 -6 0
1 10000 70 34 0 -2 0 0 0 0 -9 5 3 13 -4 -117 -32 2 6 6 19 1 4 0
1 10000 84 95 -1 -10 0 0 0 0 -24 6 4 -32 -21 -192 -47 4 7 7 -8 1 4 0
1 10000 74 17 0 5 0 0 0 0 -5 6 2 -10 -1 -11 -4 0 1 1 -9 -3 18 1
1 10000 70 36 6 0 0 0 0 0 -13 9 3 6 -1 -122 -30 3 5 5 90 7 -25 0
1 10001 74 19 -2 -2 0 0 0 0 -3 0 0 -5 -1 -106 -34 -2 7 7 -53 -3 1 0
1 11462 77 49 -10 81 0 855 0 -2 0 83 16 9 -3 -106 -27 2 5 5 -28 -2 9 0
1 10616 81 8 -6 46 0 0 0 0 4 43 3 20 -5 -39 -24 -9 7 7 -5 -1 -4 0
1 10001 73 -51 16 4 0 0 0 0 -4 -7 -1 -30 -19 -75 -20 1 3 3 35 6 4 0
1 10195 75 -66 2 3 0 0 0 0 15 -8 -1 14 -11 -117 -33 0 6 6 -33 -4 -12 0
1 9220 74 -89 6 -8 -1 -9 0 0 16 -24 -2 -27 -43 -222 -68 -3 14 14 1 0 1 0
1 10780 76 -49 -12 -105 1 -843 0 2 24 -101 -23 -40 -35 -299 -79 4 14 14 0 -1 -3 0
1 10000 76 -18 5 -10 0 0 0 0 1 -10 -3 -5 -1 -303 -77 6 13 13 -4 -1 5 0
1 10000 78 -5 -2 -8 0 0 0 0 3 -10 -3 -33 -12 -121 -27 5 4 4 37 5 9 0
1 9996 69 53 5 -3 0 0 0 0 -20 5 3 -18 -16 -163 -42 3 7 7 -10 -3 -8 0
1 10004 76 38 1 1 0 0 0 0 -12 6 3 -79 -46 -144 -27 9 3 3 -46 -3 -1 0
1 9996 70 14 1 1 0 0 0 0 -4 5 2 -20 -25 -97 -14 9 0 0 55 6 -1 0
1 10004 80 3 0 1 0 0 0 0 -2 -1 -1 -20 -18 -39 -4 5 0 0 -7 -1 2 0
1 9996 81 23 -3 3 0 0 0 0 -3 7 3 -12 -7 2 4 3 -2 -2 3 0 -1 0
1 10004 87 19 3 -1 0 0 0 0 -7 3 1 -11 -8 -39 -3 4 0 0 2 0 -4 0
1 10000 71 33 -6 1 0 0 0 0 -4 5 2 -33 -15 -76 -18 3 2 2 8 -1 11 0
1 10000 86 6 8 3 0 0 0 0 -7 8 1 7 0 -11 3 4 -1 -1 -45 0 -7 0
1 10000 74 59 1 -7 0 0 0 0 -13 5 2 -12 -8 108 33 1 -6 -6 25 1 2 0
1 12490 120 81 -17 84 -1 842 0 -2 0 92 15 -25 -26 -83 -21 2 3 3 50 4 -2 0
1 10621 100 25 -3 41 0 0 0 0 0 42 2 -31 -16 -9 3 4 -2 -2 -14 -1 8 0
1 10000 86 -16 11 4 0 0 0 0 -8 0 -1 -3 -6 -4 5 4 -1 -1 45 6 -11 0
1 10000 114 -41 7 2 0 0 0 0 1 -8 0 -5 -10 19 9 2 -2 -2 -24 -3 7 1
1 10000 88 -54 1 -1 0 0 0 0 10 -11 0 -4 -18 -5 1 1 -1 -1 -16 0 0 -1
1 10000 93 -33 -6 2 0 0 0 0 11 -8 0 -10 -12 -89 -24 1 4 4 14 3 -3 1
1 10000 101 -44 4 -2 0 0 0 0 8 -8 -1 -15 -15 -75 -19 2 4 4 28 2 3 0
1 10000 94 -42 -4 0 0 0 0 0 13 -8 -1 -49 -43 -126 -30 4 4 4 -4 -1 -8 0
1 8904 78 -19 -3 -19 0 -37 0 0 8 -20 -2 -47 -53 55 25 6 -6 -6 37 5 10 0
1 11096 96 -34 1 -100 1 -817 0 2 7 -96 -21 -4 -29 -58 -6 7 -1 -1 3 0 -1 0
1 10000 103 -32 6 -5 0 0 0 0 4 -8 -2 -88 -69 -150 -36 5 6 6 2 -2 -1 0
1 10000 84 17 3 -4 0 0 0 0 -8 -2 0 -95 -70 -136 -19 12 0 0 70 8 0 0
1 10000 78 21 -3 -7 0 0 0 0 -2 -1 -1 -78 -50 -51 14 19 -7 -7 -65 -4 -2 0
1 10000 105 13 5 8 0 0 0 0 -9 8 3 -60 -43 -70 -1 12 -3 -3 106 5 1 0
1 10000 91 40 -7 0 0 0 0 0 -6 4 2 -39 -44 54 35 14 -10 -10 -34 0 -2 0
1 10000 84 9 5 -7 0 0 0 0 -5 -2 0 -19 -23 35 22 7 -6 -6 16 1 5 0
1 10001 80 -6 -4 5 0 0 0 0 5 4 0 -8 -12 69 27 6 -7 -7 27 5 3 0
1 9999 86 -10 -3 -2 0 0 0 0 6 -4 0 0 -4 -34 -4 3 0 0 -96 -6 -1 0
1 10000 97 -8 3 4 0 0 0 0 -1 2 0 -13 -12 -54 -12 1 2 2 78 6 -1 0
1 10000 82 -11 -1 -2 0 0 0 0 3 -5 -2 0 -25 7 6 3 -2 -2 105 7 1 0
1 9999 89 -43 5 -2 0 0 0 0 8 -7 -3 -36 -35 32 12 2 -2 -2 -150 -7 -2 0
1 9422 85 -14 -3 1 0 0 0 0 7 0 -1 -38 -28 -67 -12 5 0 0 34 -3 5 0
1 10579 90 -6 3 9 0 0 0 0 -2 6 3 0 -11 -129 -26 7 4 4 -50 -2 -2 0
1 10000 96 5 3 -4 0 0 0 0 -3 -1 0 -21 -14 -3 2 2 -1 -1 53 8 2 0
1 10000 78 12 -3 0 0 0 0 0 -2 -3 -1 0 -2 -55 -12 3 1 1 -52 -8 0 0
1 10000 92 8 2 -8 0 0 0 0 -5 -6 -2 1 -4 -22 -5 1 1 1 18 0 -6 0
1 10000 97 17 4 5 0 0 0 0 -7 10 4 -1 -5 -22 -6 0 1 1 1 1 -1 0
1 10001 92 41 -5 -2 0 0 0 0 -7 3 2 -7 -3 -36 -9 1 2 2 -23 -5 1 0
1 9998 93 51 5 -4 0 0 0 0 -16 9 2 0 -30 -8 0 1 -1 -1 91 7 4 0
1 10001 88 32 2 3 0 0 0 0 -10 6 2 -3 -5 -5 0 1 0 0 -38 -2 0 0
1 10000 92 32 1 3 0 0 0 0 -6 12 3 -4 -4 -121 -33 1 6 6 -90 -7 -2 0
1 10000 96 38 0 -1 0 0 0 0 -9 6 1 2 -2 -7 -3 -1 1 1 19 1 0 0
1 10000 95 42 -2 -2 0 0 0 0 -6 8 2 -1 -5 -123 -35 1 7 7 98 7 3 0
1 11575 91 49 -7 92 0 857 0 -2 -2 92 12 -1 -7 -38 -10 0 2 2 -26 0 3 1
1 10620 98 20 -7 32 0 0 0 0 6 34 1 8 -25 -63 -20 -1 4 4 -51 -3 -4 -1
1 9999 89 28 4 2 0 0 0 0 -8 9 0 24 -1 -119 -36 -2 7 7 25 5 3 0
1 10007 100 2 2 6 0 0 0 0 -4 4 -1 7 -6 -130 -42 -2 8 8 36 2 -1 0
1 10030 83 -17 2 7 0 0 0 0 3 4 0 8 -16 -125 -39 -3 9 9 2 1 5 0
1 10000 92 -13 -6 -9 0 0 0 0 5 -13 1 -10 -27 -168 -48 1 9 9 44 5 -6 0
1 10000 89 -15 -4 0 0 0 0 0 9 -1 0 -10 -25 -214 -61 0 11 11 96 12 5 0
1 10000 95 -2 1 2 0 0 0 0 -1 1 0 -4 -14 -246 -68 1 13 13 125 17 -1 0
1 10000 110 -44 15 5 0 0 0 0 -7 -6 0 1 -14 -304 -87 1 16 16 80 6 4 0
1 10000 92 -67 -5 9 0 0 0 0 18 -5 1 4 2 -106 -29 0 6 6 -47 0 -1 1
1 10000 89 -51 9 -7 0 0 0 0 1 -19 -1 -1 -4 -182 -54 0 10 10 46 4 -4 -1
1 10000 103 -46 -11 5 0 0 0 0 21 -4 0 -2 -3 -223 -63 0 13 13 -60 -8 0 0
1 10000 86 -79 16 3 0 0 0 0 6 -11 0 1 -2 -105 -29 0 6 6 138 11 6 1
1 14661 128 -46 -47 -94 -60 -865 0 2 52 -95 -20 0 -5 -353 -102 0 19 19 -49 6 -2 0
1 10619 112 27 -32 -43 0 0 0 0 22 -31 -11 -3 -6 118 35 0 -7 -7 107 1 -3 0
1 10000 106 72 -11 -14 0 0 0 0 -9 -1 1 3 3 -103 -29 1 5 5 102 19 14 -1
1 10000 119 16 26 10 0 0 0 0 -26 14 7 7 -6 -39 -13 -1 3 3 -36 -6 -13 0
1 11191 126 81 -8 -32 1 -149 0 -4 -10 -11 -2 -7 -1 -118 -32 0 6 6 -61 -8 5 1
1 7653 70 37 72 6 110 0 -27 0 -77 9 4 -2 1 -310 -92 -2 19 19 -262 -21 -7 0
1 9991 57 26 63 -12 0 0 -54 0 -58 1 -6 4 0 165 50 2 -10 -10 253 21 3 0
1 9982 35 15 -17 20 0 1 -54 0 10 17 7 -1 -5 -11 -5 0 0 0 37 6 3 0
1 10028 43 40 -14 -18 0 -1 -55 0 5 -7 -2 7 2 -82 -22 0 5 5 -63 -8 -13 0
1 9980 41 18 5 4 0 0 -52 0 -7 8 1 2 1 -13 -8 -2 2 2 -13 5 14 0
1 10009 37 51 -7 2 0 0 -53 0 1 15 4 0 0 -9 0 1 -1 -1 50 5 3 0
1 10001 44 25 -18 12 0 0 -51 0 11 14 4 0 -2 -31 -9 0 3 3 14 2 -3 0
1 10005 42 37 -6 0 0 0 -53 0 0 9 2 -1 2 -152 -44 0 7 7 -9 -3 -4 0
1 10002 33 29 -2 2 0 1 -50 0 -1 9 1 -2 -3 72 21 -1 -3 -3 -67 -7 3 0
1 10003 49 39 3 -1 0 -1 -51 0 -5 10 1 -3 -1 -46 -13 1 2 2 43 5 -2 0
1 9985 25 31 -18 2 -1 0 -50 0 15 9 3 -2 -6 49 16 1 -3 -3 16 0 4 0
1 9982 26 20 -4 0 1 0 -50 4 2 5 1 5 4 -432 -122 1 23 23 -32 -5 10 0
1 13978 28 -18 141 1 382 0 -5 -4 -126 -3 -29 3 3 -45 -19 -4 5 5 130 15 -12 0
1 7562 -43 52 326 2 1 0 -31 0 -254 13 -172 -1 0 466 136 2 -27 -27 -241 -26 -5 0
1 8899 -71 46 25 5 -1 0 -44 0 -16 15 -19 -2 -1 -100 -29 0 6 6 128 14 7 0
1 9601 -60 30 -46 -7 0 0 -49 0 26 5 34 0 1 -13 -3 0 0 0 -162 -17 -6 0
1 9971 -72 46 16 6 0 0 -49 0 -10 16 -11 2 3 -125 -32 3 6 6 79 10 7 0
1 10019 -86 18 -6 4 0 0 -50 0 1 7 1 4 4 329 92 -2 -17 -17 62 4 -4 0
1 9991 -110 19 -11 -3 0 0 -51 0 9 4 11 7 4 -979 -283 -1 55 55 -36 -7 0 0
1 9993 -113 14 9 0 0 0 -50 0 -6 4 -7 -1 2 706 200 -2 -38 -38 125 14 -2 0
1 9996 -129 -19 -8 4 0 0 -50 0 3 -3 3 7 2 151 42 0 -9 -9 -6 7 -2 0
1 10004 -152 -12 -7 -8 0 0 -50 0 6 -8 7 3 4 -757 -217 -1 43 43 -136 -21 -2 0
1 10015 -159 -26 -2 6 0 0 -51 0 3 -4 4 -2 -2 280 77 -2 -15 -15 100 15 11 0
1 9970 -161 -70 -6 -11 0 0 -51 0 5 -25 4 -18 0 664 190 0 -37 -37 -232 -31 -5 0
1 10018 -161 -74 -10 10 0 0 -50 0 8 -15 7 11 7 -1194 -342 0 66 66 151 20 1 0
1 13616 -200 -99 -10 -166 5 -1395 -23 2 13 -122 -26 -12 2 621 181 2 -35 -35 -6 -12 0 0
1 10615 -162 -84 -24 -19 0 0 0 0 26 -36 6 0 0 266 78 1 -16 -16 -147 -2 -7 0
1 10001 -162 -171 8 -22 0 0 0 0 24 -54 -17 2 42 113 32 0 -6 -6 -189 -29 3 0
1 10013 -170 -174 -5 -10 0 0 0 0 45 -44 3 2 33 92 25 -1 -4 -4 -49 -10 -1 0
1 8826 -147 -114 14 93 0 1195 -1 0 24 39 51 -9 26 132 35 -1 -7 -7 -29 -4 -2 0
1 11175 -191 -42 40 109 0 201 0 2 -14 70 33 -25 17 242 75 3 -15 -15 -137 -16 -3 0
1 9998 -174 -52 -7 11 0 0 0 0 21 5 14 5 17 256 80 4 -16 -16 87 7 -1 0
1 9999 -176 -47 -8 1 0 0 0 0 20 1 12 1 10 353 98 -1 -19 -19 -61 -5 -2 0
1 10001 -189 -34 -1 -1 0 0 0 0 11 1 7 6 5 219 65 1 -12 -12 36 -3 1 0
1 10000 -191 0 -7 6 0 0 0 0 6 2 3 7 19 238 66 -2 -13 -13 -9 -2 -3 0
1 10000 -172 32 5 0 0 0 0 0 -15 2 -6 -7 7 172 48 0 -9 -9 -33 1 7 0
1 10001 -174 53 -1 14 0 0 0 0 -15 11 -4 -6 9 227 67 1 -13 -13 37 2 2 0
1 9998 -188 36 -1 -10 0 0 0 0 -11 -2 -7 6 18 193 55 0 -11 -11 -36 4 -4 0
1 10000 -169 -7 9 7 0 0 0 0 -3 0 -2 54 65 199 56 -1 -10 -10 39 0 -4 0
1 10001 -187 -20 -3 -12 0 0 0 0 7 -9 2 23 27 117 21 -8 -2 -2 -41 -6 1 0
1 10001 -184 16 -6 6 0 0 0 0 0 6 1 24 30 234 60 -4 -11 -11 24 4 4 0
1 10000 -172 44 13 9 0 0 0 0 -22 8 -10 125 108 107 24 -5 -3 -3 86 1 -4 0
1 9528 -180 23 -19 43 -91 1001 -1 0 7 34 17 127 72 124 -2 -25 7 7 -31 -1 -3 0
1 13893 -237 74 -56 106 1 24 0 -2 20 92 30 145 83 -25 -59 -34 19 19 -157 -9 2 0
1 10005 -133 106 -10 9 0 0 0 0 -21 20 -9 -19 1 189 39 -9 -5 -5 42 2 -2 0
1 12274 -162 108 -22 -119 -56 -1054 -1 2 -10 -68 -16 33 45 -231 -71 -3 15 15 -29 -5 0 0
1 10616 -92 -22 -55 -43 0 0 0 0 46 -35 17 80 107 -78 -33 -8 8 8 -82 -8 -3 0
1 10002 -74 -38 -10 -6 0 0 0 0 16 -13 4 46 39 146 18 -15 1 1 18 2 3 0
1 10000 -69 -67 -3 -14 0 0 0 0 20 -22 2 48 24 -17 -17 -8 4 4 30 1 -3 0
1 9999 -79 -98 16 13 0 0 0 0 14 -8 3 105 62 -73 -34 -9 10 10 -20 -2 -1 0
1 10000 -55 -53 -8 -6 0 0 0 0 24 -9 4 50 27 68 -8 -18 5 5 22 4 0 0
1 9999 -77 -32 -2 0 0 0 0 0 12 -2 3 -36 -7 -85 -37 -8 9 9 -28 -5 1 0
1 10003 -56 0 -2 3 0 0 0 0 1 2 2 -20 -10 -132 -42 -3 9 9 -55 -5 1 0
1 9998 -76 -1 1 -7 0 0 0 0 0 -5 -3 -4 -2 -57 -13 2 2 2 5 0 -4 0
1 10001 -45 15 5 1 0 0 0 0 -9 1 -2 0 4 -134 -36 2 7 7 35 1 1 1
1 9998 -71 8 -5 1 0 0 0 0 1 2 1 -11 -7 -9 -3 -1 0 0 -36 -2 7 -1
1 10001 -47 49 2 -1 0 0 0 0 -17 6 -3 24 27 -30 -9 0 2 2 64 7 -6 0
1 10000 -62 33 -1 4 0 0 0 0 -9 6 -2 -3 3 76 18 -2 -3 -3 -50 -5 -3 0
1 8832 -48 24 5 2 57 -2 -1 -4 -11 3 -4 18 13 65 18 -1 -3 -3 10 3 2 0
1 9986 -95 26 52 -3 0 0 -42 0 -48 1 -20 25 18 -163 -52 -3 11 11 9 -2 3 0
1 10026 -101 -9 1 -2 0 -1 -52 0 2 0 0 -8 -5 171 42 -4 -7 -7 1 1 -3 0
1 10002 -88 1 -5 -1 0 1 -51 0 4 1 3 -3 -1 -99 -29 -1 5 5 -47 -5 0 1
1 9981 -86 23 -8 10 1 0 -52 0 -1 8 2 7 12 -37 -9 1 1 1 20 3 0 -1
1 10013 -94 22 -4 -6 -1 -1 -53 0 -2 2 0 -4 -3 -28 -10 -2 3 3 -6 -2 2 0
1 10000 -88 0 -5 0 0 0 -53 0 4 0 2 141 63 156 42 -1 -8 -8 2 -1 -1 0
1 9985 -92 6 -7 3 0 0 -53 0 4 3 3 63 27 17 -29 -22 12 12 -24 1 2 0
1 10594 -87 17 -3 5 1 0 -25 4 -2 7 1 125 62 -88 -45 -13 11 11 48 4 -4 0
1 10580 -89 31 0 -5 0 0 0 0 -8 1 -4 34 10 -185 -81 -19 21 21 -47 -6 1 0
1 10000 -76 44 -2 7 0 0 0 0 -9 14 1 100 44 -199 -74 -11 17 17 23 3 0 0
1 10001 -76 24 0 3 0 0 0 0 -5 8 0 89 48 -290 -109 -18 25 25 2 -3 -1 0
1 10000 -69 55 1 -7 0 0 0 0 -11 7 -5 148 75 -265 -106 -20 26 26 14 2 -1 0
1 10000 -86 29 3 -7 0 0 0 0 -8 0 -5 62 37 -236 -100 -22 25 25 -36 -1 1 0
1 10001 -73 8 -5 5 0 0 0 0 0 3 1 -12 5 -354 -123 -14 28 28 -1 -1 -3 1
1 9998 -83 3 -2 1 0 0 0 0 3 4 2 26 16 -282 -86 -4 17 17 4 0 3 -1
1 10001 -77 2 6 -2 0 0 0 0 -5 -1 -3 -129 -40 -212 -60 -1 12 12 -15 -2 -3 0
1 10001 -87 55 -2 -6 0 0 0 0 -6 10 -1 -62 -13 -204 -38 14 4 4 -14 -1 5 0
1 10000 -86 62 0 9 0 0 0 0 -9 21 -1 135 81 -59 3 13 -4 -4 7 -1 -8 1
1 9999 -93 32 -3 0 0 0 0 0 -1 9 0 -69 -18 182 17 -23 3 3 25 4 6 -1
1 11375 -101 15 0 -69 0 -1274 -1 0 -2 -46 -11 -20 9 -26 -13 -4 3 3 -40 -3 1 1
1 13234 -108 -113 -22 -106 0 -75 0 -2 29 -104 -25 86 40 -206 -34 17 2 2 79 5 1 -1
1 10018 -76 -125 0 -7 0 0 0 0 21 -35 -8 197 80 533 129 -16 -21 -21 -46 -2 -1 0
1 10000 -76 -123 6 -10 0 0 0 0 24 -32 -8 -44 -6 137 -10 -31 10 10 -10 0 3 1
1 9793 -84 -127 -4 7 -1 6 -1 -1 39 -20 5 -60 -20 -218 -50 7 8 8 5 1 -6 0
1 9062 -107 -87 98 160 63 1380 -23 -1 -48 109 44 -355 -122 44 36 16 -11 -11 3 0 6 0
1 9996 -137 -65 4 21 0 0 -54 0 19 10 13 -123 -53 23 80 49 -28 -28 3 -4 -2 -1
1 9997 -153 -41 -21 4 0 0 -53 0 29 3 14 -103 -33 492 178 25 -41 -41 -28 -4 -3 1
1 16158 -235 -37 -11 -1 1 -1 -49 4 21 1 8 -126 9 782 269 31 -59 -59 -29 1 8 0
1 10001 -148 14 6 9 0 0 0 0 -9 7 -1 -32 1 1134 347 15 -71 -71 6 -1 -8 0
1 10000 -140 4 -7 -8 0 0 0 0 4 -7 -1 -178 -16 780 250 18 -52 -52 29 4 3 0
1 9999 -152 -65 3 1 0 0 0 0 20 1 7 -113 -9 1100 357 28 -76 -76 -32 -5 0 0
1 10001 -130 -80 6 0 0 0 0 0 23 5 8 -363 -31 1235 388 23 -78 -78 10 1 -4 0
1 10000 -151 -14 -4 8 0 0 0 0 8 9 5 -189 -27 1231 441 57 -97 -97 8 1 8 0
1 10000 -151 -45 0 -5 0 0 0 0 14 2 3 -53 24 1759 563 38 -115 -115 -15 0 -1 -1
1 9999 -168 8 2 8 0 0 0 0 -4 5 2 -189 -6 1748 529 19 -102 -102 20 -1 -1 0
1 10001 -144 18 -2 -2 0 0 0 0 -3 -5 -3 -347 -39 1657 531 36 -107 -107 -32 -2 -5 1
1 10000 -181 -50 -3 -7 0 0 0 0 19 1 4 -190 10 2040 682 60 -138 -138 -10 -3 6 0
1 9999 -151 -32 -6 0 0 0 0 0 15 5 5 -156 -43 2577 810 44 -156 -156 2 2 6 0
1 7380 -107 -6 -3 -2 0 0 0 0 5 -1 0 -387 -70 1793 564 30 -107 -107 0 -1 2 0
1 5621 -71 2 -1 -6 0 0 0 0 1 -7 -2 -64 -17 1208 421 44 -85 -85 -6 1 2 -1
1 6645 -98 -27 3 21 -1 25 -2 -3 5 24 9 -119 -28 1944 606 29 -112 -112 -8 -3 -8 1
1 7593 -130 11 25 93 0 987 0 1 -26 80 12 -272 -35 1817 575 31 -107 -107 9 2 4 0
1 5621 -85 39 0 45 0 0 0 0 -13 32 2 -71 -11 1184 392 30 -75 -75 -14 -1 5 -1
1 4998 -77 54 -6 15 0 0 0 0 -12 5 -3 2 -3 1049 347 26 -65 -65 38 3 -2 0
1 5002 -88 41 3 4 0 0 0 0 -16 -3 -5 -3 -1 1124 342 11 -60 -60 -8 2 0 0
1 5000 -83 63 -4 -3 0 0 0 0 -20 -3 -5 3 -2 1188 356 8 -62 -62 23 -1 2 0
1 4403 -74 82 1 18 0 0 0 0 -26 6 -8 -34 -6 865 258 4 -45 -45 -56 -3 2 0
1 5621 -95 65 6 -5 0 0 0 0 -27 -3 -9 -4 1 903 277 10 -48 -48 25 0 -3 0
1 5001 -90 77 0 7 0 0 0 0 -23 6 -10 -43 -7 843 251 4 -43 -43 -6 1 6 0
1 4996 -89 105 -3 7 0 0 0 0 -28 13 -13 -64 -10 637 199 9 -35 -35 -16 -2 -3 0
1 4424 -87 63 -1 0 0 0 0 0 -15 9 -9 5 -1 618 192 8 -34 -34 -2 1 -6 0
1 6903 -113 114 -1 8 0 -10 -1 -3 -26 21 -15 -92 -16 1139 346 9 -59 -59 11 -1 11 0
1 7755 -148 79 -2 -126 1 -997 1 5 -17 -79 -16 -257 -66 945 296 14 -52 -52 12 1 -5 0
1 5624 -99 11 -2 -27 0 0 0 0 -1 -16 -2 -285 -33 682 224 15 -40 -40 45 4 8 0
1 4414 -64 -1 9 3 0 0 0 0 -6 2 -4 -331 -56 602 247 42 -50 -50 -35 -3 13 0
1 5586 -85 -51 -19 -10 0 0 0 0 23 -18 11 -770 -159 775 343 67 -72 -72 32 3 7 0
1 4414 -71 -80 18 -54 0 0 0 0 4 -55 -13 -129 -24 650 392 116 -90 -90 -4 4 -3 0
1 5586 -82 -91 7 1 0 0 0 0 17 -17 5 -2 -7 1870 648 59 -118 -118 9 -1 11 0
1 5167 -76 -41 -11 -2 0 0 0 0 19 -6 9 -22 -10 1854 580 22 -97 -97 -27 1 15 0
