version: 66.14
glider: 194
mission: 16
dive: 213
start: 6 7 125 15 46 14
columns: rec,elaps_tms,depth,heading,pitch,roll,AD_pitch,AD_roll,AD_vbd,GC_phase,mag.x,mag.y,mag.z,sbect.TempFreq,sbect.CondFreq,aa4330.O2,aa4330.AirSat,aa4330.Temp,aa4330.CalPhase,aa4330.TCPhase,wlbb2fl.sig470nm,wlbb2fl.sig700nm,wlbb2fl.sig695nm,wlbb2fl.temp,
data:
0 9904 -1602 3477 -763 210 213 3287 370 6 541 -38 -119 224467 170858 291821 92333 14837 31310 31310 478 131 155 565
1 5000 5 92 -4 -113 0 0 0 0 0 -18 0 1205 -21 -5055 -1795 -100 250 250 -24 0 22 -1
1 5000 2 -97 -18 81 0 0 0 0 -3 18 -17 -1138 11 5694 1749 -24 -218 -218 196 7 -27 0
1 5000 -4 12 3 -87 0 0 0 0 0 11 3 -592 25 -2316 -506 113 40 40 -171 -7 5 0
1 5000 3 -59 -1 -8 0 0 0 0 0 22 5 632 -13 3335 775 -139 -68 -68 180 13 -8 0
1 5000 9 -77 -5 59 0 0 0 0 -4 16 -6 -998 5 335 345 119 -69 -69 -191 -22 -7 0
1 5000 -4 -54 5 5 0 0 0 0 -1 18 11 -1606 20 -4871 -1224 159 120 120 111 20 -45 0
1 5000 -2 8 -13 -49 0 0 0 0 -1 3 -6 1536 23 -5612 -1767 7 225 225 37 -17 11 0
1 5000 0 -29 7 -26 0 0 0 0 -1 15 13 2192 -5 8059 2267 -145 -259 -259 68 37 305 0
1 5000 -3 -29 -7 36 0 0 0 0 -2 2 -6 -1137 15 -3767 -791 203 57 57 -177 -34 -242 0
1 5000 3 12 8 -12 0 0 0 0 2 -1 8 -1430 17 -3032 -852 57 97 97 -7 1 -199 0
1 5000 5 -12 -6 15 0 0 0 0 -1 1 -8 3998 -69 473 80 -36 -2 -2 134 12 169 0
1 6487 2 19 -4 2 0 1 1 -4 -1 -8 -5 -4130 15 3370 811 -132 -76 -76 -251 -10 -67 0
1 5639 -9 88 7 -41 0 -1 164 0 3 -20 -1 99 32 -3673 -1076 46 128 128 170 7 55 0
1 5642 7 8 -3 2 0 1 162 0 1 -3 -5 1623 23 13259 3678 -259 -409 -409 -20 -3 48 0
1 5616 12 -90 -13 62 0 0 162 0 -5 15 -6 747 1 10512 3314 -1 -400 -400 -91 -8 -18 0
1 5636 32 66 0 -101 0 0 167 0 1 -3 5 -2351 -79 7981 2495 -11 -289 -289 269 34 49 0
1 5617 26 45 11 5 0 0 167 0 4 -15 5 1343 -5 5896 1881 10 -216 -216 -221 -15 -34 0
1 5614 29 60 21 -55 0 0 170 0 4 -11 20 -4398 -50 3781 1154 -17 -125 -125 99 -14 -16 -1
1 5645 31 80 1 -89 0 0 172 0 2 -14 -4 242 -48 4617 1265 -85 -122 -122 -41 6 54 1
1 5663 52 -3428 33 -142 0 0 174 0 4 -51 15 2037 -650 6337 1886 -47 -195 -195 169 12 4 -1
1 5615 58 386 40 -64 0 0 174 0 -23 -146 24 2671 -1037 5298 917 -319 -32 -32 -75 -8 129 0
1 5643 55 -181 -73 291 0 0 178 0 13 56 -24 3596 -1446 8849 1574 -495 -63 -63 104 20 81 0
1 5619 44 32 -39 55 0 0 188 0 -6 -15 -17 1202 -623 3798 197 -404 64 64 -109 -15 22 0
1 5621 52 51 -4 -15 0 0 201 0 -2 -13 2 809 -409 7625 1498 -339 -85 -85 37 6 14 0
1 5613 85 -25 10 40 0 0 216 0 2 3 14 464 -134 2349 101 -247 42 42 -162 -22 18 0
1 10624 235 176 -17 -206 5 0 212 -1 -6 -18 -24 2218 -90 1925 -625 -484 168 168 -41 -11 -164 0
1 5865 192 -220 50 230 1312 0 0 0 11 29 46 451 56 -1466 -1192 -305 190 190 -67 -5 -5 0
1 5835 199 -219 89 158 1262 0 1 1 12 79 48 2337 469 -5431 -1909 -122 231 231 41 -3 -57 0
1 8771 318 121 207 -298 318 -1453 0 2 -48 -64 166 1255 300 -11660 -5037 -675 709 709 -146 -10 -97 0
1 5617 172 87 84 -111 0 0 0 0 -48 -84 43 1197 296 -10916 -3473 -128 436 436 -61 -9 -83 0
1 5000 125 36 50 -13 0 0 0 0 -35 -29 32 66 38 -8331 -2823 -182 385 385 5 2 2 0
1 5003 126 38 27 -4 0 0 0 0 -26 -20 17 205 59 -7869 -2406 -60 316 316 -10 -1 -4 0
1 5000 85 41 14 10 0 0 0 0 -18 -11 13 274 52 -6799 -2080 -54 281 281 35 3 -6 0
1 4399 96 24 1 0 0 0 0 0 -7 -7 2 19 2 -5712 -1772 -60 249 249 3 2 1 0
1 5620 94 30 -3 3 0 0 0 0 -6 -7 0 203 36 -5999 -1851 -60 266 266 5 2 8 0
1 4998 90 14 -2 -5 0 0 0 0 -4 -4 1 -46 -13 -4489 -1375 -41 200 200 -2 0 -3 0
1 4420 83 21 -4 4 0 0 0 0 -4 -2 2 -33 -11 -3848 -1150 -23 168 168 12 -1 4 0
1 5583 103 19 1 0 0 0 0 0 -5 -6 1 -7 -3 -4755 -1391 -12 203 203 -8 0 -2 0
1 4999 97 49 -3 -14 0 0 0 0 -13 -16 -1 -2 -27 -3851 -1119 -7 165 165 17 2 -2 0
1 5001 92 54 16 1 0 0 0 0 -29 -13 15 435 34 -3518 -1041 -16 158 158 38 3 -6 0
1 4998 90 31 0 8 0 0 0 0 -10 -1 7 106 23 -2904 -943 -58 156 156 19 4 3 0
1 4490 85 21 -7 2 0 0 0 0 -2 0 2 30 5 -2591 -789 -25 126 126 -34 -5 -1 0
1 5618 101 48 0 -11 0 0 0 0 -15 -11 2 -1 -8 -2913 -882 -26 142 142 13 3 4 0
1 5003 103 52 5 -1 0 0 0 0 -21 -5 10 53 -25 -2520 -744 -12 120 120 5 0 -4 -1
1 4999 92 59 4 2 0 0 0 0 -22 -2 12 98 4 -2353 -705 -18 115 115 -2 2 -3 1
1 4419 78 31 3 7 0 0 0 0 -13 3 10 50 10 -2121 -632 -13 104 104 -4 -2 5 -1
1 5579 97 46 -3 2 0 0 0 0 -12 3 8 48 5 -2382 -713 -18 119 119 33 2 0 1
1 8634 146 112 3 3 0 8 1 -1 -34 8 23 56 -13 -3466 -1026 -20 173 173 -42 -2 0 0
1 8651 147 96 17 148 82 1401 0 3 -39 125 79 77 -11 -2732 -810 -17 138 138 33 1 -6 0
1 5616 90 92 20 31 0 0 0 0 -38 45 21 62 -22 -1737 -528 -19 93 93 30 4 6 0
1 10003 146 87 11 21 0 0 0 0 -27 35 12 53 -18 -2913 -855 -13 148 148 32 4 0 0
1 9999 140 42 3 4 0 0 0 0 -10 13 3 22 -4 -2369 -705 -17 124 124 -61 -3 0 0
1 10000 142 16 0 2 0 0 0 0 -4 4 2 15 3 -2125 -622 -9 110 110 26 1 0 0
1 10001 138 -4 7 0 0 0 0 0 -3 2 0 12 0 -1712 -507 -11 91 91 12 2 6 0
1 9999 136 14 0 -5 0 0 0 0 -1 0 0 12 -4 -1508 -434 -2 77 77 0 1 -10 0
1 12383 171 -139 28 82 39 625 -1 -2 -2 40 4 13 -25 -1647 -489 -13 89 89 -7 -1 -3 0
1 10617 121 -110 24 24 0 0 0 0 2 -2 1 48 -29 -1059 -307 -3 56 56 -28 -3 6 0
1 10000 107 -82 -3 -6 0 0 0 0 24 -18 -5 18 -11 -1101 -327 -7 60 60 31 8 -5 0
1 10000 119 -79 -3 9 0 0 0 0 26 -4 -5 5 0 -993 -291 -5 54 54 9 -6 4 0
1 10001 100 -64 4 -6 0 0 0 0 17 -11 -4 4 -4 -834 -247 -6 46 46 -12 1 3 0
1 8876 117 -47 -4 -15 0 -39 1 0 19 -15 -7 -78 -54 -629 -175 2 31 31 -1 2 1 0
1 11123 121 -30 0 -74 0 -569 0 2 10 -67 -18 -17 -13 -741 -197 9 33 33 17 -2 -7 0
1 10000 123 -8 7 -2 0 0 0 0 -3 -1 0 -260 -123 -630 -174 4 31 31 -1 3 7 0
1 10001 113 -19 5 -3 0 0 0 0 2 -4 -2 -101 -63 -829 -177 37 23 23 21 4 3 1
1 9999 102 -41 -3 0 0 0 0 0 17 2 -5 -125 -86 -530 -114 24 16 16 38 3 -7 -1
1 10000 110 -51 -2 3 0 0 0 0 20 2 -5 -132 -94 -408 -81 22 9 9 11 1 1 0
1 10001 118 -34 3 1 0 0 0 0 10 3 -3 6 -11 -372 -75 20 9 9 -20 -1 -1 0
1 9999 120 -2 0 0 0 0 0 0 0 1 1 -59 -52 -282 -73 5 11 11 38 4 2 0
1 10000 107 20 -2 -5 0 0 0 0 -6 -3 0 -14 -20 -183 -28 15 2 2 3 -1 8 0
1 10000 125 62 0 -5 0 0 0 0 -21 -9 5 1 -18 -133 -34 2 6 6 8 4 -7 1
1 10000 112 52 2 -3 0 0 0 0 -20 0 6 1 -16 -141 -34 5 5 5 -39 -7 0 0
1 10000 111 1 9 7 0 0 0 0 -8 5 3 10 -5 -85 -24 0 4 4 -18 -1 2 0
1 10000 117 57 -8 2 0 0 0 0 -13 3 5 3 -25 -162 -45 0 9 9 39 1 -4 0
1 10000 102 78 0 1 0 0 -1 0 -26 6 7 46 -2 -157 -49 -2 9 9 17 2 -2 0
1 10001 118 116 1 -6 0 0 0 0 -35 11 9 254 37 13 -19 -14 7 7 -50 -3 3 0
1 9999 115 57 6 6 0 0 0 0 -20 15 5 19 -8 44 -33 -30 14 14 29 2 4 0
1 10001 111 29 6 -10 0 0 0 0 -13 -4 1 -41 -12 -230 -76 -6 15 15 -45 -4 -2 0
1 9999 110 -10 -9 15 0 0 0 0 10 10 1 16 0 -180 -57 -3 11 11 9 3 -5 0
1 10000 106 25 -6 -10 0 0 0 0 -1 -4 -1 -29 -26 -175 -56 -4 12 12 -13 -4 2 0
1 10000 100 -80 7 -13 0 0 0 0 14 -26 -8 14 -18 -160 -45 0 8 8 105 6 0 0
1 10001 97 -10 -12 4 0 0 0 0 14 3 -1 -2 -3 -128 -40 -2 8 8 -94 -2 9 0
1 9999 104 -8 -8 4 0 0 0 0 9 1 0 -14 12 -60 -15 2 2 2 17 1 -10 0
1 10000 111 17 9 28 0 0 0 0 -12 28 8 0 -1 -211 -61 -1 12 12 -19 -3 9 0
1 10000 126 4 27 -66 0 0 0 0 -27 -58 -14 1 -6 -48 -14 0 2 2 20 0 -6 0
1 10001 84 -79 -10 65 0 0 0 0 33 45 10 32 -33 -89 -28 -2 6 6 61 11 3 0
1 11032 84 -80 -9 55 0 607 0 -2 33 39 3 63 -11 -64 -24 -4 6 6 -12 -7 2 0
1 10621 100 -18 -3 22 0 0 0 0 8 17 1 -7 -2 -38 -26 -9 7 7 -49 -1 -3 0
1 9653 97 11 2 -6 0 -9 0 0 -5 0 1 -20 -3 -163 -45 0 8 8 19 1 -3 0
1 10346 98 -6 -3 -71 0 -614 0 2 5 -65 -13 26 2 -143 -42 0 8 8 6 1 2 0
1 10001 118 -3 4 -18 0 0 0 0 -3 -16 -5 36 13 -120 -47 -8 11 11 -29 -1 3 0
1 10001 112 42 6 -6 0 0 0 0 -19 -2 3 102 40 -141 -44 -3 9 9 33 5 -4 0
1 9999 98 27 3 10 0 0 0 0 -11 12 6 -35 -13 -128 -57 -13 13 13 10 -3 -5 0
1 10000 105 -8 21 -13 0 0 0 0 -16 -11 -2 -1 0 -183 -51 1 10 10 -17 0 7 0
1 10000 84 -21 -22 2 0 0 0 0 26 0 -4 8 -3 -138 -43 -2 9 9 18 -1 -9 1
1 10000 91 -36 3 16 0 0 0 0 9 9 1 -51 -13 -179 -58 -5 12 12 -7 3 13 -1
1 10001 90 -24 11 -16 0 0 0 0 -2 -15 -4 27 5 -178 -48 2 8 8 -29 -3 -10 0
1 10000 79 -44 -18 -10 0 0 0 0 31 -11 -10 9 0 -11 -5 -1 1 1 42 1 -4 0
1 10000 86 -22 17 35 0 0 0 0 -7 30 11 -8 -3 -148 -40 1 7 7 -12 -1 16 0
1 9999 80 32 -14 -26 0 0 0 0 1 -23 -7 -2 8 -117 -32 1 7 7 -33 -1 -8 0
1 10001 83 -3 9 -1 0 0 0 0 -7 1 2 37 4 -78 -29 -4 6 6 11 1 -2 1
1 9416 71 -4 -3 -15 0 -1 1 0 4 -14 -6 3 1 -42 -12 0 2 2 0 2 4 -1
1 10583 83 15 -6 15 0 0 0 0 0 12 4 -11 -4 -80 -22 0 4 4 11 -1 1 0
1 10000 82 -29 8 12 0 0 0 0 3 10 3 14 1 -46 -17 -2 4 4 27 1 -7 0
1 10000 83 -45 -1 -1 0 0 0 0 17 -2 -5 -16 -4 -85 -24 0 4 4 -27 -2 7 0
1 10000 81 -8 -4 1 0 0 0 0 6 1 -2 -15 -5 -67 -18 1 3 3 6 -1 4 1
1 10000 71 -27 10 -4 0 0 0 0 1 -1 0 23 4 -66 -15 2 3 3 27 3 -6 0
1 10000 90 -21 -20 5 0 0 0 0 25 2 -7 -3 -1 -2 -5 -3 2 2 -43 -3 0 0
1 10000 82 -3 23 2 0 0 0 0 -19 3 6 -2 0 -72 -24 -2 4 4 44 2 -1 0
1 10000 96 5 3 -15 0 0 0 0 -4 -13 -2 40 14 -6 -5 -2 2 2 6 2 1 0
1 10000 64 1 -5 5 0 0 0 0 4 5 0 -1 0 -67 -23 -3 5 5 2 0 -2 0
1 10000 76 -6 -3 -13 0 0 0 0 5 -10 -4 5 2 -46 -16 -1 3 3 -35 -2 2 0
1 10000 66 -24 2 18 0 0 0 0 7 13 2 5 -4 -38 -12 -1 3 3 35 2 -7 0
1 9567 73 -28 -2 -96 0 -1312 -1 0 12 -73 -35 3 -1 -45 -15 -1 3 3 -27 -1 3 0
1 14054 94 63 9 -110 0 -89 0 -2 -30 -85 -44 -14 -3 -274 -78 0 15 15 0 3 6 0
1 10000 80 43 1 -1 0 0 0 0 -16 -2 4 8 -1 208 63 2 -12 -12 -2 -2 -7 0
1 9999 73 60 -3 3 0 0 0 0 -19 1 7 -8 0 -65 -21 -2 3 3 -1 -2 5 0
1 10000 78 51 7 2 0 0 0 0 -24 4 8 13 -3 -132 -38 0 8 8 -9 0 3 0
1 9229 70 51 6 20 -1 7 1 -1 -23 15 14 -17 -2 -1 -2 -1 1 1 30 3 3 0
1 10771 82 55 -35 164 1 1408 0 3 14 137 64 17 1 -88 -25 0 4 4 33 3 -2 0
1 10000 71 -8 16 11 0 0 0 0 -12 10 4 -2 -9 -13 -8 -3 2 2 -10 -1 -6 0
1 10001 70 -25 -5 2 0 0 0 0 12 -2 -1 0 -1 -4 1 2 0 0 -43 -4 1 0
1 10000 70 28 3 -10 0 0 0 0 -11 -3 0 -3 3 -26 -10 -2 3 3 6 4 0 0
1 10000 71 -37 2 14 0 0 0 0 10 7 1 10 -6 -46 -13 0 2 2 46 2 3 0
1 10000 71 -53 -2 -2 0 0 0 0 19 -6 -5 0 3 -60 -18 -1 3 3 -27 -4 1 0
1 10000 83 -9 7 2 0 0 0 0 -3 1 1 -12 1 -15 -5 0 2 2 -33 -1 -7 0
1 9999 62 -33 -7 7 0 0 0 0 17 3 -3 22 -7 -36 -11 0 2 2 50 5 0 0
1 10001 74 -14 3 -2 0 0 0 0 2 -2 0 -4 -1 -113 -35 -2 7 7 -9 3 4 0
1 10000 75 1 0 -5 0 0 0 0 0 -1 0 -9 2 -57 -16 0 2 2 -7 -10 -3 0
1 10000 83 -2 -3 1 0 0 0 0 3 -2 -2 -8 1 -26 -5 2 1 1 -16 4 4 0
1 10000 70 -70 13 8 0 0 0 0 14 4 -2 19 -6 -23 -5 0 1 1 9 -1 2 0
1 10840 72 -23 -33 -100 0 -1300 0 0 36 -79 -43 -4 0 37 6 -3 -1 -1 55 1 -2 1
1 13153 97 60 31 -108 0 -116 0 -2 -47 -84 -38 -4 -2 -104 -29 1 6 6 31 1 -1 0
1 10000 77 26 13 -5 0 0 0 0 -21 -4 2 6 -10 0 3 2 -1 -1 -69 -1 -2 0
1 11928 82 78 -14 -1 0 0 0 0 -14 2 5 5 0 -23 -10 -2 2 2 -26 0 -4 -1
1 9420 54 44 5 85 0 1223 0 0 -19 71 48 7 1 -87 -26 -1 6 6 12 0 8 1
1 10580 59 15 -29 108 1 191 0 2 21 89 33 3 -1 -49 -16 -1 3 3 6 2 -3 0
1 10000 66 14 16 9 0 0 0 0 -19 7 5 2 0 -48 -17 -3 3 3 18 -1 3 0
1 10000 61 -22 -2 6 0 0 0 0 9 3 0 -6 -2 -47 -14 0 3 3 3 2 -3 0
1 10000 68 -3 12 1 0 0 0 0 -9 4 3 8 -1 -81 -23 1 4 4 -1 -2 -2 0
1 9999 57 -42 -3 1 0 0 0 0 15 -7 -5 -7 -3 14 4 -1 0 0 -5 2 6 0
1 10001 58 -35 -11 -9 0 0 0 0 22 -7 -5 3 2 -39 -11 0 2 2 5 1 -4 0
1 10000 63 33 4 -13 0 0 0 0 -15 -10 -2 -7 -1 -56 -15 1 3 3 33 0 4 -1
1 10000 70 42 -4 19 0 0 0 0 -9 24 10 10 0 -37 -11 -1 2 2 -19 0 -3 1
1 9999 69 0 13 5 0 0 0 0 -12 0 1 12 2 -8 -3 0 0 0 27 0 0 0
1 10001 59 -7 -3 -12 0 0 0 0 5 -7 -3 -16 -1 -50 -17 -1 4 4 -12 1 -1 0
1 10000 53 15 -9 5 0 0 0 0 3 2 2 -1 -1 -93 -25 0 4 4 14 1 3 0
1 10001 67 -21 8 -13 0 0 0 0 0 -12 -5 -5 -1 55 16 1 -3 -3 -57 -2 -1 -1
1 9414 54 -31 2 5 -1 0 0 0 8 2 0 6 -2 33 11 1 -2 -2 20 -2 -4 1
1 10584 70 -38 -8 -5 0 0 0 0 20 -9 -7 0 0 -73 -22 -1 5 5 -59 -4 9 0
1 10001 80 -29 2 23 0 0 0 0 8 21 5 1 -1 -30 -9 0 1 1 69 7 -5 0
1 9999 60 -23 11 -9 0 0 0 0 -2 -10 -2 26 5 -17 -5 -1 2 2 48 4 -2 0
1 10001 52 7 -8 10 0 0 0 0 5 8 1 -8 -6 24 3 -2 -1 -1 -59 -5 -1 0
1 10000 73 -11 6 -15 0 0 0 0 -2 -14 -4 -5 -6 -93 -26 0 5 5 16 3 6 0
1 10000 50 -50 6 1 0 0 0 0 13 2 -2 -5 -1 -82 -23 1 4 4 2 -1 -2 0
1 10001 64 -42 -7 -4 0 0 0 0 21 -4 -7 -2 -8 -17 -3 0 1 1 -14 -2 -7 0
1 9999 57 -21 -1 1 0 0 0 0 8 4 -1 9 5 -14 -6 -1 1 1 33 3 8 0
1 10000 53 -28 -2 4 0 0 0 0 12 5 -2 -3 -2 10 3 1 0 0 -3 2 1 0
1 10000 63 -10 0 -4 0 0 0 0 4 -4 -2 9 6 -121 -36 -1 6 6 -19 -5 -4 0
1 10000 66 7 -2 2 0 0 0 0 0 -2 -1 -4 -4 -16 -6 -1 2 2 0 3 -4 0
1 11780 79 -29 -2 -136 0 -1424 0 -2 13 -102 -53 -13 -17 -74 -20 0 4 4 -13 -2 7 0
1 10623 63 23 1 -64 0 0 0 0 -10 -45 -26 1 -1 -33 -7 2 1 1 28 3 -5 0
1 9999 68 66 17 -5 0 0 0 0 -38 -13 3 4 4 -34 -9 1 1 1 -5 -2 6 0
1 10001 70 35 3 5 0 0 0 0 -15 2 6 -2 -5 5 2 0 0 0 -44 -2 -3 0
1 9999 52 38 -11 -11 0 0 0 0 -5 -7 -4 -1 -2 -46 -13 0 2 2 79 5 -1 0
1 10830 71 70 2 -9 0 0 0 0 -26 -5 2 -2 -2 -23 -7 0 2 2 9 2 1 0
1 9625 70 66 14 31 0 7 0 -1 -35 24 24 0 1 -15 -3 0 0 0 -53 -5 1 0
1 10372 62 30 -38 162 0 1411 0 3 24 133 65 -2 0 -59 -18 0 3 3 -32 -2 -1 0
1 10003 72 -8 17 27 0 0 0 0 -12 23 9 3 -2 -17 -5 -1 1 1 41 2 -5 0
1 10001 66 -30 6 -9 0 0 0 0 4 -11 -4 0 -4 24 6 1 -1 -1 7 1 4 0
1 9999 77 -28 0 16 0 0 0 0 9 11 2 -2 0 -8 -3 -1 1 1 4 -2 -1 0
1 10000 62 -40 0 -9 0 0 0 0 14 -9 -5 9 -3 -38 -12 -1 3 3 8 8 1 0
1 10001 67 -28 3 3 0 0 0 0 7 -1 -1 0 -4 -17 -6 0 1 1 57 2 3 0
1 10000 68 -38 -2 -4 0 0 0 0 15 -4 -5 1 0 -126 -36 -1 6 6 -87 -8 -1 0
1 10000 68 0 -1 -8 0 0 0 0 0 -2 -1 -3 -7 -73 -21 0 5 5 21 2 -2 0
1 9999 70 -25 0 3 0 0 0 0 9 -1 -2 1 1 53 15 0 -3 -3 -31 -4 0 0
1 10000 80 -21 -1 3 0 0 0 0 9 1 -2 0 -3 -81 -21 1 4 4 23 1 8 0
1 10000 84 -43 3 -3 0 0 0 0 13 -1 -3 -6 -5 15 4 0 -1 -1 0 3 -7 0
1 10000 82 -23 -5 -1 0 0 0 0 13 0 -4 6 -1 -62 -17 0 3 3 12 3 8 0
1 14005 129 -25 -1 -84 1 -1304 0 0 10 -64 -32 -4 -2 -281 -82 0 15 15 18 -2 -7 0
1 13166 125 52 8 -104 0 -101 0 -2 -25 -80 -41 0 0 208 60 0 -11 -11 -19 2 -3 0
1 10000 109 58 4 -3 0 0 0 0 -24 -7 2 1 -2 -22 -3 1 0 0 32 -1 5 0
1 10000 98 65 6 -4 0 0 0 0 -29 -4 3 -21 -8 -94 -27 1 6 6 -5 -3 -5 0
1 10001 100 80 -1 4 0 0 0 0 -27 7 11 -22 -10 41 15 1 -4 -4 -69 -5 3 0
1 12991 133 119 -2 81 -1 1224 0 0 -35 77 51 -20 -26 -298 -79 5 14 14 -41 -4 -2 0
1 9158 102 48 -80 111 -53 183 0 2 59 99 31 -7 -9 287 85 2 -17 -17 13 -4 -1 0
1 10619 155 58 -1 7 0 0 0 0 -15 14 6 18 -28 202 58 0 -11 -11 -12 0 7 0
1 10000 139 4 15 -2 0 0 0 0 -13 2 2 88 3 -162 -50 -2 11 11 35 7 -5 0
1 9999 155 -36 4 4 0 0 0 0 5 -4 -2 12 -12 10 -14 -11 5 5 -10 -1 1 0
1 10001 141 -104 6 5 0 0 0 0 23 -12 -6 10 -13 -62 -25 -5 6 6 52 8 5 1
1 10000 157 -58 0 -20 0 0 0 0 18 -23 -10 57 -77 -206 -62 -2 13 13 285 38 0 -1
1 9999 139 -3 2 -2 0 0 0 0 -1 -1 -1 64 -79 -289 -95 -9 20 20 986 112 6 0
1 10001 109 17 -14 1 0 0 0 0 7 1 0 7 -10 -392 -128 -11 27 27 119 27 6 1
1 10000 133 41 -3 -21 0 0 0 0 -10 -13 -3 0 1 -787 -229 -3 44 44 -122 -11 -3 -1
1 10000 137 66 -24 84 0 0 0 0 3 80 21 0 -2 -703 -203 -1 40 40 187 11 -4 1
1 10884 173 21 25 -107 2 -409 0 -4 -28 -87 -19 -2 -10 -562 -163 -2 32 32 -254 -17 3 -1
1 7937 85 42 104 5 110 1 -29 0 -106 10 9 1 -6 -347 -99 0 20 20 106 2 0 1
1 10028 71 29 22 -19 0 -1 -54 0 -28 -11 -6 0 1 -482 -137 0 26 26 -16 15 2 -1
1 9984 66 54 9 -29 0 0 -54 0 -21 -15 -8 3 1 -319 -91 0 17 17 194 14 1 0
1 10003 46 -6 -14 68 0 0 -53 0 15 58 21 -8 6 -260 -75 -1 16 16 -232 -24 0 1
1 9985 50 32 -5 -36 -1 0 -53 0 -1 -23 -7 -1 6 -320 -90 1 17 17 -43 -10 -2 -1
1 10028 41 -6 24 16 1 0 -53 0 -23 9 0 -1 2 -21 -6 0 2 2 125 15 1 1
1 9985 1 81 17 -30 0 0 -50 0 -30 -5 -7 -8 29 -135 -39 -1 7 7 -261 -30 -3 -1
1 10003 -38 89 -63 33 0 0 -53 0 45 49 20 -17 25 -23 -5 1 1 1 -274 -36 -1 1
1 10003 -46 110 -11 28 0 0 -50 0 -2 52 7 -3 6 -32 -5 4 0 0 32 2 3 0
1 9988 -52 54 -7 -9 0 0 -50 0 1 5 1 6 0 4 2 0 -1 -1 -27 -5 -1 0
1 9984 -39 53 -7 -36 0 0 -51 0 4 -19 -1 4 -11 243 71 1 -14 -14 253 20 -5 -1
1 10028 -47 -56 -7 5 0 0 -51 4 7 -11 -1 -4 4 -3 2 2 -1 -1 -138 3 5 0
1 13900 -40 -2 159 -10 385 0 -4 -4 -147 -8 -38 4 -4 -240 -70 -1 14 14 101 11 -1 1
1 7573 -86 105 352 29 1 0 -32 0 -256 50 -194 3 -5 251 67 -3 -12 -12 -214 -23 -7 0
1 8720 -95 57 -18 5 0 1 -43 0 4 18 9 -1 7 99 31 2 -7 -7 -205 -23 5 0
1 9794 -109 10 -23 9 0 0 -50 0 13 8 19 0 -5 -70 -20 0 5 5 133 13 3 -1
1 10015 -132 -65 13 -3 0 -1 -48 0 -2 -19 -5 1 3 -86 -24 0 4 4 -36 -7 0 0
1 9997 -148 23 -6 54 0 0 -50 0 -1 32 1 4 -3 -105 -31 0 6 6 422 38 -1 1
1 9982 -153 -71 -10 -76 0 0 -51 0 11 -57 9 -2 4 234 65 -1 -12 -12 -542 -47 -2 -1
1 10015 -150 -81 -33 10 0 1 -51 0 27 -16 28 24 -49 -54 -14 0 3 3 591 62 5 1
1 9994 -163 -49 38 -15 0 -1 -50 0 -19 -22 -27 -7 1 2 -7 -5 2 2 26 23 0 0
1 10014 -179 -22 -19 24 0 0 -50 0 13 7 17 -15 56 -171 -48 1 9 9 -382 -57 -1 0
1 9974 -188 14 4 2 0 0 -49 0 -3 6 -1 -84 136 -151 -36 4 6 6 -801 -110 -17 -1
1 10012 -203 29 -18 0 0 0 -51 0 8 8 10 -53 1 687 213 12 -44 -44 -96 -19 6 1
1 9986 -179 26 -7 0 0 0 -51 0 -1 5 1 -64 -14 642 197 10 -42 -42 -26 0 -3 0
1 13571 -240 -76 -27 -179 0 -1387 -22 2 24 -122 -21 -31 22 395 130 10 -27 -27 -38 -5 1 0
1 10619 -193 -147 -2 -10 0 0 0 0 23 -44 -4 16 22 914 269 6 -53 -53 78 7 2 0
1 9999 -160 -110 4 -5 0 0 0 0 19 -28 -3 21 15 483 134 -2 -26 -26 75 8 -1 0
1 10024 -181 -102 -10 -6 0 0 0 0 32 -26 8 18 21 391 109 -2 -21 -21 -49 -2 -5 0
1 10001 -170 -34 7 7 0 0 0 0 4 -2 2 1 1 218 60 -1 -10 -10 49 9 3 0
1 9999 -176 -59 -16 -27 0 0 0 0 28 -28 -4 4 5 244 68 -1 -14 -14 5 -4 -2 0
1 10000 -155 -64 5 7 0 0 0 0 16 -4 8 6 3 114 31 -1 -5 -5 26 3 3 0
1 10001 -154 -84 12 0 0 0 0 0 18 -8 5 5 4 131 35 -2 -6 -6 -9 0 -7 0
1 8818 -148 -54 13 94 0 1201 -3 0 9 57 53 3 3 109 32 0 -7 -7 -12 1 3 0
1 11181 -212 6 17 107 1 205 0 2 -15 77 36 1 7 -84 -25 0 5 5 -63 -9 7 0
1 10000 -182 25 -10 8 0 0 0 0 -1 7 3 -1 4 54 16 0 -3 -3 21 1 -7 0
1 10001 -193 80 1 14 0 0 0 0 -24 12 -9 0 12 99 27 -1 -5 -5 -51 -2 1 0
1 10000 -191 92 2 8 0 0 0 0 -28 13 -13 -3 6 95 28 1 -5 -5 99 6 4 0
1 9999 -203 48 7 -7 0 0 0 0 -19 1 -12 -8 4 54 15 1 -3 -3 -86 -10 -6 0
1 10001 -186 5 -13 -15 0 0 0 0 8 -9 1 -8 6 76 24 1 -5 -5 -12 -1 -3 0
1 10001 -192 77 -9 11 0 0 0 0 -14 20 -2 11 1 144 43 1 -8 -8 -31 0 6 0
1 9999 -185 68 10 8 0 0 0 0 -22 17 -11 -9 6 112 31 -1 -7 -7 30 -2 -3 0
1 10000 -181 74 0 14 0 0 0 0 -15 24 -5 -3 12 52 15 0 -2 -2 88 8 0 0
1 10000 -186 74 -1 -13 0 0 0 0 -13 8 -10 2 4 90 27 1 -5 -5 -101 -7 7 0
1 10000 -170 45 5 -5 0 0 0 0 -10 8 -7 1 4 126 35 -1 -7 -7 13 0 -4 0
1 10000 -192 61 -2 13 0 0 0 0 -6 23 -2 -2 2 111 32 1 -6 -6 -18 0 -3 0
1 9401 -166 40 -23 -63 -91 -1055 0 0 9 -28 2 2 3 32 9 -1 -2 -2 -5 -1 -1 0
1 13855 -197 -110 -92 -140 0 -362 -1 -2 77 -122 14 1 9 -149 -43 0 8 8 11 2 3 0
1 10029 -115 -80 -8 -23 0 0 0 0 19 -35 -8 -1 0 354 101 1 -19 -19 54 5 -3 0
1 10001 -128 -81 0 22 0 0 0 0 17 -5 7 -1 4 -91 -27 -1 5 5 -30 -7 5 0
1 10012 -95 -119 8 -8 0 0 0 0 23 -29 -5 2 2 172 50 1 -9 -9 -25 2 -7 0
1 9999 -105 -87 -15 -6 0 0 0 0 37 -19 4 -3 0 -116 -33 0 6 6 10 4 3 0
1 10104 -106 -64 19 7 0 0 0 0 5 -5 0 -10 3 57 16 -1 -3 -3 179 14 2 0
1 10000 -93 -60 -6 -1 0 0 0 0 24 -6 6 -15 10 109 33 2 -6 -6 -173 -18 -7 0
1 8859 -86 -70 0 6 -1 38 0 -1 25 -1 9 -2 7 132 41 2 -9 -9 -43 -4 7 0
1 11141 -125 -39 42 164 1 1376 0 3 -20 119 67 3 5 5 3 1 -1 -1 -12 0 -4 0
1 10000 -116 -28 -8 14 0 0 0 0 16 12 11 4 5 -42 -12 0 2 2 38 1 4 0
1 10000 -116 -2 -11 -6 0 0 0 0 10 -4 0 10 22 179 51 0 -9 -9 -38 -3 -3 0
1 10000 -109 31 -11 5 0 0 0 0 -2 3 2 -3 6 59 15 -2 -3 -3 -30 -6 3 0
1 10000 -100 5 7 5 0 0 0 0 -7 5 -1 3 6 171 50 1 -10 -10 45 8 -1 0
1 10001 -134 -7 12 -18 0 0 0 0 -8 -12 -8 -3 26 49 14 0 -2 -2 5 -3 0 0
1 9999 -109 34 -4 4 0 0 0 0 -8 0 -2 4 4 155 42 -1 -8 -8 1 0 0 0
1 10000 -102 35 0 14 0 0 0 0 -12 15 2 12 31 45 14 0 -3 -3 -36 0 -6 0
1 10000 -135 -11 -3 -2 0 0 0 0 6 -3 0 11 24 -77 -23 0 5 5 13 -1 3 0
1 10000 -108 51 -9 0 0 0 0 0 -10 1 -2 9 8 256 65 -5 -11 -11 -9 -4 2 0
1 10001 -101 74 0 21 0 0 0 0 -23 24 -1 -186 -2 140 40 0 -8 -8 10 3 1 0
1 9999 -107 39 15 -29 0 0 0 0 -24 -20 -19 77 22 -147 11 34 -10 -10 -68 -7 -1 0
1 11440 -125 11 -13 -105 0 -1418 -1 -2 6 -73 -36 -122 -26 353 82 -12 -13 -13 17 0 -3 0
1 10622 -101 -80 -27 -70 0 0 0 0 45 -61 -21 216 72 77 40 12 -11 -11 62 8 -1 0
1 9371 -70 -126 7 -25 0 6 0 -1 38 -26 -7 -51 -30 241 40 -19 -2 -2 -15 -1 -2 0
1 10629 -104 -61 31 179 0 1408 0 3 -4 130 86 6 11 20 7 1 -2 -2 -24 -4 2 0
1 10000 -61 -58 -9 45 0 0 0 0 29 38 23 -223 -66 70 17 -2 -2 -2 -1 0 2 0
1 10000 -63 -43 21 5 0 0 0 0 -4 11 2 5 -1 -45 41 35 -17 -17 -1 -1 -2 0
1 10000 -78 -23 -18 -19 0 0 0 0 24 -16 0 12 0 111 41 6 -9 -9 -27 1 1 0
1 10001 -78 40 4 10 0 0 0 0 -18 7 -2 62 23 142 27 -9 -3 -3 55 4 8 0
1 10000 -76 4 -11 -20 0 0 0 0 7 -17 -4 -145 -48 95 25 -2 -4 -4 -63 -7 -8 0
1 9999 -72 54 24 7 0 0 0 0 -37 1 -9 23 2 -22 14 14 -6 -6 43 7 3 0
1 10000 -102 95 10 3 0 0 0 0 -42 4 -12 452 158 81 18 -4 -3 -3 -30 -6 1 0
1 10001 -128 23 -27 -3 0 0 0 0 15 -4 3 1 17 320 9 -52 11 11 1 -2 2 0
1 10000 -104 11 -22 21 0 0 0 0 14 16 11 -280 -80 -80 -41 -12 11 11 8 2 -7 0
1 9999 -102 -127 -9 33 0 0 0 0 52 29 23 -296 -106 -281 -24 36 -5 -5 41 5 3 0
1 10000 -77 -27 49 -54 0 0 0 0 -31 -45 -23 -63 -2 -57 51 43 -20 -20 -77 -7 1 0
1 11664 -122 64 25 118 0 1017 0 -2 -42 95 14 132 18 131 23 -9 -2 -2 29 2 6 0
1 10621 -119 86 -39 53 0 0 0 0 2 46 7 -212 -49 43 44 21 -13 -13 73 9 -6 0
1 10000 -100 55 25 -2 0 0 0 0 -37 -4 -14 34 42 0 32 20 -11 -11 3 0 1 0
1 11429 -132 8 -9 -118 0 -1062 0 2 3 -93 -17 -37 -43 195 64 5 -13 -13 -64 -5 -3 0
1 10622 -102 2 -25 -54 0 0 0 0 19 -41 -8 -1 -4 144 49 5 -11 -11 20 0 5 0
1 9998 -83 32 -7 -2 0 0 0 0 -5 0 -2 32 41 196 58 2 -11 -11 10 2 -2 0
1 10000 -93 15 1 1 0 0 0 0 -6 1 -1 -8 8 17 2 -3 0 0 -31 -5 -6 0
1 10001 -78 42 4 1 0 0 0 0 -15 5 -6 37 46 51 15 1 -4 -4 -14 -2 1 0
1 10001 -72 123 6 8 0 0 0 0 -39 25 -11 375 214 112 16 -10 1 1 22 7 2 0
1 9999 -92 82 -3 -4 0 0 0 0 -18 12 -5 214 118 215 -6 -44 12 12 -58 -13 -4 0
1 10000 -86 62 -5 0 0 0 0 0 -9 13 -2 23 20 135 -27 -42 15 15 -8 1 4 0
1 9999 -66 44 2 -1 0 0 0 0 -9 10 -4 2 7 -56 -35 -12 10 10 39 2 1 0
1 10001 -87 33 1 -1 0 0 0 0 -8 5 -3 3 6 -82 -34 -7 8 8 -36 0 1 0
1 10000 -79 49 -8 4 0 0 0 0 -3 14 2 30 27 -11 -12 -5 4 4 64 -2 -4 0
1 10001 -82 39 5 0 0 0 0 0 -9 10 -4 24 23 82 11 -8 -1 -1 -62 0 -3 0
1 9999 -69 44 0 0 0 0 0 0 -4 13 -1 -8 1 81 15 -5 -2 -2 1 -1 4 0
1 9328 -73 59 2 -3 -1 -1 -1 -4 -6 13 -2 24 20 -51 -18 -3 5 5 -14 -2 2 0
1 9494 -80 40 5 -9 0 -1 -45 0 -7 4 -5 7 13 208 55 -2 -10 -10 -2 0 -1 0
1 10017 -84 36 -9 19 0 0 -50 0 4 23 6 0 5 71 17 -2 -2 -2 21 3 -2 0
1 9990 -95 64 -11 -15 0 1 -53 0 5 6 3 46 35 88 22 -3 -4 -4 -29 -4 3 0
1 12253 -97 -45 -2 -138 1 -1338 -32 2 2 -106 -19 -19 -16 271 64 -8 -10 -10 15 2 -4 0
1 10618 -76 -83 -23 -30 0 0 0 0 22 -45 -1 9 16 106 33 2 -7 -7 26 4 -3 0
1 10135 -82 -63 -7 -10 0 0 0 0 10 -24 -6 22 16 166 44 -2 -7 -7 5 1 7 0
1 10000 -68 -109 6 -6 0 0 0 0 11 -30 -9 14 16 64 11 -5 -1 -1 -17 -2 -5 0
1 10128 -80 -112 3 2 0 0 0 0 18 -24 -4 7 2 231 64 -1 -12 -12 -23 -2 2 0
1 10000 -75 -93 4 2 0 0 0 0 17 -20 -3 16 9 113 27 -4 -4 -4 28 1 1 0
1 10000 -88 -87 -10 0 0 0 0 0 30 -18 4 39 20 101 27 -1 -4 -4 -16 2 0 0
1 10000 -71 -99 7 -2 0 0 0 0 24 -16 -1 -6 6 168 39 -5 -7 -7 12 -1 1 0
1 10000 -90 -100 -7 2 0 0 0 0 39 -11 7 21 9 141 33 -4 -5 -5 -32 -3 -2 0
1 9481 -77 -80 4 11 -1 6 -1 -1 26 1 10 28 13 -20 -7 -1 2 2 23 1 7 0
1 10521 -102 -59 38 150 1 1375 0 3 -10 114 67 11 8 241 61 -5 -11 -11 -34 -4 -9 0
1 9998 -102 -31 -1 23 0 0 0 0 12 19 12 -1 0 15 2 -2 0 0 -19 -2 -5 0
1 10001 -84 -36 -14 12 0 0 0 0 23 16 10 9 7 120 33 -1 -5 -5 8 2 4 0
1 10000 -112 -24 6 0 0 0 0 0 4 0 2 -18 -4 52 14 0 -3 -3 12 1 5 0
1 10000 -83 -9 -6 -11 0 0 0 0 8 -8 -2 15 15 82 25 1 -5 -5 2 -2 2 0
1 10000 -104 -7 -3 2 0 0 0 0 5 2 2 56 23 123 27 -5 -4 -4 5 1 -2 0
1 10000 -93 -46 0 4 0 0 0 0 16 10 6 18 20 78 12 -6 0 0 -16 -2 3 0
1 10000 -96 -59 4 -4 0 0 0 0 17 3 3 -19 -8 -24 -11 -3 3 3 2 -1 -3 0
1 10000 -109 -77 2 1 0 0 0 0 22 17 7 -134 -4 86 26 1 -5 -5 17 4 -8 0
1 10000 -102 -42 -5 -3 0 0 0 0 17 8 3 -114 -33 19 34 18 -11 -11 6 0 5 0
1 9999 -111 -42 -1 1 0 0 0 0 13 11 3 -109 -17 273 104 17 -24 -24 -1 0 4 0
1 10001 -87 -11 3 -4 0 0 0 0 2 -1 0 -109 -1 273 111 21 -26 -26 -23 -2 1 0
1 11587 -112 -20 15 102 0 1025 -1 -2 -11 98 15 -57 1 676 226 21 -47 -47 6 2 -3 0
1 10620 -117 58 14 48 0 0 0 0 -29 26 0 -23 3 667 214 15 -43 -43 45 1 3 0
1 6943 -69 30 -9 22 0 0 0 0 0 12 0 -29 8 517 153 4 -28 -28 13 4 -3 0
1 5617 -65 42 -2 -18 0 0 0 0 -12 -24 -1 -7 3 315 99 6 -21 -21 -22 -3 5 0
1 5002 -52 33 2 5 0 0 0 0 -13 -2 -2 0 0 277 85 3 -15 -15 -3 1 -5 0
1 5000 -60 30 0 11 0 0 0 0 -7 1 -1 -65 7 190 58 2 -12 -12 -7 0 0 0
1 4395 -51 34 -1 -2 0 0 0 0 -10 -8 -1 -78 1 311 92 3 -17 -17 -9 -1 4 0
1 5623 -61 34 -3 2 0 0 0 0 -9 -3 -2 -18 0 253 92 12 -20 -20 -6 -1 -2 0
1 4999 -46 21 3 -5 0 0 0 0 -11 -5 -3 -62 2 336 109 8 -22 -22 2 1 -5 0
1 4998 -64 36 -3 4 0 0 0 0 -9 -2 -1 -32 19 200 69 8 -14 -14 -14 -3 0 -1
1 4418 -53 22 -2 2 0 0 0 0 -5 -3 -2 -148 -15 469 145 6 -28 -28 -1 0 5 1
1 5584 -58 9 3 -5 0 0 0 0 -6 -3 -2 -83 -4 517 166 12 -33 -33 -28 -3 6 0
1 4998 -46 15 -1 -2 0 0 0 0 -5 -2 0 9 19 267 114 23 -26 -26 53 5 -4 0
1 4998 -62 17 -4 -2 0 0 0 0 -3 -2 -2 -46 4 590 184 10 -36 -36 -39 -4 -2 0
1 4424 -53 10 1 -5 0 0 0 0 -4 -6 -1 -69 -1 526 161 6 -30 -30 14 2 0 -1
1 5581 -63 20 -1 7 0 0 0 0 -5 3 -1 -6 0 809 250 12 -48 -48 13 -1 5 1
1 4418 -48 -3 -1 8 0 0 0 0 1 9 1 -65 -8 635 195 8 -37 -37 -23 -3 -10 0
1 5582 -65 13 -2 -6 0 0 0 0 -2 -7 -1 -165 -19 659 205 10 -38 -38 -24 0 7 0
1 4417 -48 15 2 -2 0 0 0 0 -7 -2 -2 -48 -1 642 206 14 -40 -40 1 0 3 0
1 5583 -53 41 -2 5 0 0 0 0 -13 3 -3 4 4 594 202 20 -41 -41 19 2 -4 -1
1 4995 -56 45 3 0 0 0 0 0 -17 2 -6 2 2 625 196 9 -36 -36 -6 -1 1 0
1 5603 -69 66 -1 6 0 0 0 0 -20 5 -7 -27 -3 796 234 4 -43 -43 -12 -3 4 1
1 6913 -81 88 -1 -16 -1 -8 0 -3 -26 -5 -10 -9 3 1026 307 8 -55 -55 5 0 -3 0
1 7757 -93 55 1 -117 0 -1032 0 5 -18 -89 -26 -6 0 969 288 7 -52 -52 5 3 -5 0
1 5621 -57 41 -8 -19 0 0 0 0 -6 -8 -5 -8 1 642 188 2 -33 -33 0 -3 5 0
1 5001 -60 28 -9 -7 0 0 0 0 0 0 0 -10 5 510 149 2 -26 -26 9 1 13 0
1 4418 -37 23 -4 -5 0 0 0 0 -2 2 0 -35 -1 499 146 1 -25 -25 -49 -3 -11 0
1 5581 -69 41 -4 1 0 0 0 0 -7 7 -2 -36 -4 380 115 4 -21 -21 -12 -2 1 0
1 5001 -44 23 4 1 0 0 0 0 -8 7 -2 -23 1 457 140 6 -26 -26 22 0 3 -1
1 4999 -54 32 -7 -3 0 0 0 0 -3 2 -1 -7 -3 315 101 6 -18 -18 -21 0 -9 1
1 5093 -51 26 -2 -5 0 0 0 0 -2 4 -1 -45 -5 271 83 3 -16 -16 16 1 3 -1
1 5619 -52 49 9 1 0 0 0 0 -15 12 -5 -51 -5 526 161 6 -28 -28 35 2 9 1
1 4422 -62 48 -1 -3 0 0 0 0 -7 10 -2 -35 -12 245 80 6 -15 -15 -3 1 4 -1
1 5578 -58 53 3 4 0 0 0 0 -9 16 -3 -60 -6 417 131 7 -25 -25 -39 -3 -12 0
1 4401 -41 38 -2 -1 0 0 0 0 -5 7 -1 -90 -16 372 119 7 -21 -21 57 5 1 0
