version: 66.14
glider: 194
mission: 16
dive: 389
start: 6 13 125 16 55 38
columns: rec,elaps_tms,depth,heading,pitch,roll,AD_pitch,AD_roll,AD_vbd,GC_phase,mag.x,mag.y,mag.z,sbect.TempFreq,sbect.CondFreq,aa4330.O2,aa4330.AirSat,aa4330.Temp,aa4330.CalPhase,aa4330.TCPhase,wlbb2fl.sig470nm,wlbb2fl.sig700nm,wlbb2fl.sig695nm,wlbb2fl.temp,
data:
0 9779 -2221 2098 -766 27 212 3015 373 6 453 43 214 229522 165272 276840 82956 12381 33117 33117 355 118 208 565
1 5000 -4 30 7 0 0 0 0 0 -3 8 1 -259 -2 603 166 -8 -22 -22 79 8 42 0
1 5000 12 16 -6 9 0 0 0 0 3 8 -8 581 -2 -308 -64 16 5 5 -5 -3 -17 0
1 5000 -2 22 5 12 0 0 0 0 -2 11 -2 -70 -2 231 14 -30 5 5 -52 -7 -16 0
1 5000 -14 39 11 -4 0 0 0 0 0 3 -1 260 -2 551 43 -65 9 9 4 2 1 0
1 5000 15 -22 -27 11 0 0 0 0 9 3 -16 599 2 -117 34 37 -14 -14 21 0 11 0
1 5000 -2 42 16 -25 0 0 0 0 -5 -2 9 -407 -1 -257 -47 16 4 4 -27 -2 -33 0
1 5000 -7 -3 -9 18 0 0 0 0 2 9 -8 -466 -2 419 47 -42 2 2 10 1 22 0
1 5000 0 60 -4 -19 0 0 0 0 6 4 -12 203 -1 -65 -18 1 3 3 -21 -1 13 0
1 5000 9 18 3 -4 0 0 0 0 -2 3 0 -1222 3 139 35 -4 -4 -4 -6 1 -52 0
1 5000 -5 -20 13 34 0 0 0 0 -6 8 5 267 -5 -183 -42 7 4 4 -16 -3 14 0
1 5000 13 13 -17 -24 0 0 0 0 9 -8 -10 619 1 -105 -16 8 0 0 45 6 21 0
1 6602 -10 -30 13 15 -1 0 -1 -4 -7 1 13 -418 2 137 55 8 -9 -9 187 18 43 -1
1 5619 -5 -53 -10 -2 1 0 160 0 5 -15 1 207 -4 70 4 -9 1 1 15 -3 -46 0
1 5631 -1 -48 -3 17 0 0 159 0 -5 0 6 -464 0 -400 -85 18 8 8 -202 -15 -11 0
1 5616 -3 34 -7 -44 0 0 156 0 4 -10 -2 218 -1 -214 -11 29 -5 -5 33 7 37 0
1 5619 -1 -25 9 13 0 0 157 0 -2 -3 6 -119 -4 -106 31 33 -12 -12 109 6 -22 0
1 5632 14 -18 -20 1 0 1 158 0 7 -3 -11 -310 -8 -300 -71 10 9 9 7 2 18 0
1 5610 15 35 -15 -27 0 -1 159 0 8 -1 -12 483 8 3324 1745 394 -339 -339 -33 -6 -14 0
1 5618 11 -7 8 30 0 0 155 0 -3 7 -1 -242 -3 5035 1549 13 -219 -219 11 -1 -44 0
1 5639 0 52 -3 -32 0 0 152 0 2 2 -3 356 -3 4305 1307 2 -177 -177 -189 -12 10 0
1 5617 9 -5 -8 -2 0 0 143 0 3 -2 -6 -1594 -15 2968 927 15 -129 -129 25 3 32 0
1 5636 25 22 -8 -13 0 0 142 0 5 0 -8 -196 -30 2456 774 15 -106 -106 52 7 -9 0
1 5637 31 11 -4 -7 0 0 142 0 1 1 -3 1 -1 2324 714 5 -95 -95 33 -2 26 0
1 5636 24 8 -3 -13 0 0 150 0 2 -3 -2 27 -20 2123 652 5 -86 -86 113 23 0 0
1 5631 51 7 9 3 0 0 160 0 -4 2 5 33 -39 1439 445 4 -58 -58 -56 -17 -32 0
1 5632 83 62 3 -40 -1 0 169 4 2 -1 -2 234 17 1683 513 2 -67 -67 9 0 -9 0
1 10419 229 174 2 -82 7 0 1 -5 7 8 -19 1503 244 3986 1021 -90 -110 -110 -115 -9 -36 0
1 5837 163 25 41 40 1297 0 0 0 -11 7 18 541 95 2112 338 -144 -11 -11 8 -2 -10 0
1 5908 201 2 126 48 1287 1 1 1 -54 3 87 565 136 1461 86 -167 26 26 -28 -6 -39 0
1 5837 179 43 153 -35 185 -1323 145 4 -89 -31 97 292 47 -371 -392 -134 80 80 -82 -8 0 0
1 10051 274 96 92 -103 1 -80 1 -2 -46 -74 44 307 81 -1687 -646 -68 97 97 17 3 10 0
1 5622 157 80 4 -34 0 0 0 0 17 -16 -10 493 95 -1153 -459 -55 71 71 40 4 -4 0
1 5000 150 72 15 -16 0 0 0 0 8 -11 -5 126 30 -933 -462 -89 80 80 8 3 11 0
1 5000 150 87 2 -27 0 0 0 0 22 -12 -15 1721 359 -1222 -480 -56 75 75 -67 -11 -38 0
1 4425 120 91 28 14 0 0 0 0 6 5 -5 147 -3 -679 -577 -182 117 117 -17 -4 -6 0
1 5618 153 64 -4 25 0 0 0 0 20 15 -17 5 8 -1717 -820 -152 143 143 13 2 -5 0
1 4999 131 41 -19 11 0 0 0 0 24 7 -20 63 12 -2434 -778 -30 110 110 5 0 0 0
1 5000 139 40 -12 1 0 0 0 0 17 -1 -16 78 9 -2359 -767 -35 112 112 -7 0 4 0
1 4432 124 30 -4 -2 0 0 0 0 9 -4 -11 433 59 -2072 -657 -23 95 95 -1 1 -2 0
1 5568 150 2 -8 18 0 0 0 0 5 12 -6 548 102 -2333 -827 -71 131 131 -5 -1 -4 0
1 5000 144 -29 2 21 0 0 0 0 -8 16 6 92 28 -1967 -771 -98 130 130 -8 -4 -6 0
1 5001 140 -32 -8 16 0 0 0 0 -3 14 2 432 136 -2479 -800 -37 121 121 12 3 6 0
1 4434 122 1 7 -14 0 0 0 0 -3 -8 5 27 12 -1694 -647 -78 110 110 13 1 -2 0
1 5566 144 9 6 -15 0 0 0 0 -2 -13 4 181 74 -2251 -711 -27 108 108 -21 -2 0 0
1 4999 130 1 1 15 0 0 0 0 0 9 -1 142 35 -1731 -573 -35 92 92 -5 -1 -3 0
1 5050 125 21 -2 -21 0 0 0 0 6 -13 -6 595 152 -1306 -455 -39 75 75 -8 -2 4 0
1 4661 123 25 12 5 0 0 0 0 -1 -4 2 557 117 -1032 -466 -87 89 89 47 6 -1 0
1 5618 137 12 -3 -2 0 0 0 0 5 -2 -5 393 105 -1135 -530 -106 104 104 -46 -5 -3 0
1 5788 145 13 -1 2 0 0 0 0 3 -1 -4 27 21 -1690 -644 -81 116 116 29 3 6 0
1 5622 125 -14 -8 12 0 0 0 0 1 10 -2 205 51 -2089 -655 -27 104 104 -17 -3 -9 0
1 4432 113 -18 -2 -1 0 0 0 0 -3 3 3 106 27 -1423 -485 -39 84 84 -23 -2 1 -1
1 5563 140 -2 2 16 0 0 0 0 0 12 -1 164 44 -1652 -536 -31 89 89 14 2 1 1
1 4424 114 15 2 -16 0 0 0 0 1 -14 0 161 36 -1220 -414 -33 72 72 21 2 2 -1
1 4996 115 27 10 -5 0 0 0 0 1 -9 0 52 15 -1398 -466 -34 80 80 8 2 -2 1
1 9832 237 95 22 -12 0 6 -1 -1 8 -31 -8 83 -154 -2734 -855 -36 143 143 -2 0 3 0
1 10752 213 1 4 193 82 1400 0 3 -2 104 -14 472 47 -2885 -937 -58 163 163 20 2 -3 0
1 10000 202 -54 20 40 0 0 0 0 -21 39 11 91 24 -3316 -1068 -64 188 188 -19 -3 0 0
1 10001 192 -46 -8 -19 0 0 0 0 -7 1 6 48 24 -3293 -993 -26 169 169 42 3 -6 0
1 9999 186 -18 -2 -1 0 0 0 0 -4 3 3 785 106 -2480 -745 -18 128 128 28 7 4 0
1 10000 197 28 -7 -13 0 0 0 0 12 -13 -7 -37 -22 -2322 -910 -143 188 188 -59 -5 1 0
1 10002 196 115 11 -14 0 0 0 0 18 -41 -6 17 -84 -3742 -1043 18 174 174 73 4 4 0
1 9998 195 79 -2 8 0 0 0 0 13 -23 -10 735 170 -2544 -838 -65 162 162 -45 -2 -1 0
1 10000 167 15 5 17 0 0 0 0 -1 4 0 542 165 -2877 -1009 -113 205 205 53 2 -6 0
1 10002 192 -36 -4 15 0 0 0 0 -2 21 -3 429 101 -2992 -1028 -107 211 211 9 3 4 0
1 9999 179 36 -3 -25 0 0 0 0 7 -26 -2 41 -6 -3589 -1126 -65 221 221 -32 -2 -3 0
1 9999 183 44 2 -1 0 0 0 0 4 -17 -2 50 -28 -3316 -968 -16 184 184 14 0 7 0
1 10000 194 24 0 4 0 0 0 0 2 -7 -2 -28 -26 -2576 -765 -21 148 148 -16 0 -9 0
1 12206 207 49 8 89 37 858 1 -2 0 26 -4 -192 -73 -2799 -774 14 145 145 10 3 1 0
1 10617 201 -2 3 48 0 0 0 0 -3 25 -3 20 -29 -1580 -453 -2 88 88 -6 -2 2 0
1 10000 169 12 -4 3 0 0 0 0 2 -4 -2 -114 -62 -1252 -342 10 63 63 -14 -3 -5 0
1 9999 189 21 2 0 0 0 0 0 0 -8 3 -61 -35 -1203 -320 14 59 59 3 -1 1 0
1 10001 177 22 6 -1 0 0 0 0 -3 -8 6 -151 -76 -872 -224 16 40 40 36 7 1 0
1 10000 172 -3579 -5 -1 0 0 0 0 2 -9 -1 -124 -58 -645 -150 22 23 23 -5 2 -2 0
1 9999 159 -6 12 5 0 0 0 0 -6 7 7 18 -9 -432 -96 18 15 15 24 -2 0 0
1 10001 164 3566 -2 5 0 0 0 0 1 15 -5 6 -4 -263 -70 4 13 13 29 3 2 0
1 10000 157 -95 -2 8 0 0 0 0 -3 40 -11 -49 -59 -141 -41 0 7 7 -48 -4 2 0
1 10001 168 -107 21 -29 0 0 0 0 -26 29 19 45 -11 -184 -48 2 9 9 -17 0 1 0
1 9999 154 -51 -16 14 0 0 0 0 -1 22 -12 -9 -7 6 -4 -3 2 2 14 -2 -7 1
1 9999 144 -69 15 14 0 0 0 0 -23 32 7 27 5 -113 -30 1 6 6 -1 3 19 -1
1 11205 182 -26 -16 -20 0 -10 0 0 4 -5 -2 0 -4 -70 -27 -5 6 6 36 -1 -13 1
1 9190 113 10 30 -108 29 -861 0 2 -19 -61 52 24 8 42 10 -1 -1 -1 -28 0 4 -1
1 10617 152 19 17 -26 0 0 0 0 -8 -21 14 41 7 -225 -68 -3 14 14 57 3 -6 1
1 10001 115 25 -6 4 0 0 0 0 11 -4 -7 19 5 -40 -19 -5 4 4 -74 -4 -1 -1
1 10000 130 26 -1 -2 0 0 0 0 7 -9 -4 -65 -56 -170 -55 -4 12 12 38 6 8 0
1 10001 150 5 7 0 0 0 0 0 -4 -2 5 -4 -4 -185 -46 4 9 9 17 -1 -6 1
1 9999 147 -14 -7 9 0 0 0 0 1 10 -5 -92 -45 -64 -9 6 0 0 1 2 0 0
1 10000 135 -2 0 -5 0 0 0 0 -2 -4 3 -101 -31 -184 -38 10 5 5 -25 -1 -2 -1
1 10000 162 -43 6 5 0 0 0 0 -12 17 6 -94 -58 35 28 12 -9 -9 -2 -2 5 1
1 10000 142 -36 2 3 0 0 0 0 -11 12 4 -39 -27 -45 23 25 -10 -10 13 0 -4 0
1 10000 145 -39 -1 1 0 0 0 0 -10 9 5 -104 -47 28 22 9 -7 -7 20 5 5 0
1 9999 141 -38 5 -6 0 0 0 0 -12 7 7 -33 -22 94 53 18 -15 -15 0 1 -3 0
1 10001 154 -17 -4 -2 0 0 0 0 -3 1 2 -41 -19 26 19 7 -5 -5 41 2 5 0
1 11418 151 26 1 -91 0 -1314 0 0 6 -67 17 -41 -27 35 27 12 -9 -9 -13 3 1 0
1 13192 174 97 32 -106 0 -75 0 -2 3 -98 8 18 -8 9 12 6 -4 -4 26 2 -3 0
1 9358 115 48 -12 91 0 1405 0 0 21 53 -18 6 -3 12 4 1 -1 -1 1 -1 -9 0
1 10479 130 28 -24 100 0 0 0 2 22 56 -32 10 -1 50 9 -4 -1 -1 9 0 9 0
1 10621 143 37 2 0 0 0 0 0 5 -12 -1 -4 -2 30 10 1 -1 -1 11 0 -8 0
1 10000 125 40 1 1 0 0 0 0 6 -13 -2 129 33 -6 -13 -7 4 4 -17 0 5 0
1 10000 138 35 4 0 0 0 0 0 4 -12 -1 -80 -31 57 -1 -12 3 3 18 3 1 0
1 10000 131 16 0 2 0 0 0 0 2 -5 -1 0 -8 -158 -32 8 4 4 -12 0 -3 0
1 10000 136 10 -2 1 0 0 0 0 2 -3 -1 -75 -30 -85 -23 1 4 4 36 4 1 0
1 10001 124 -2 1 0 0 0 0 0 -1 1 -1 -25 -15 -109 -15 11 0 0 34 1 0 0
1 10000 142 2 0 0 0 0 0 0 0 -1 1 -13 -6 -120 -28 5 5 5 0 5 0 0
1 10000 119 14 -4 1 0 0 0 0 3 -5 -1 -33 -16 -21 -1 3 0 0 -9 -2 2 0
1 9999 137 -2 6 -2 0 0 0 0 -2 0 1 -36 -21 -159 -34 8 4 4 28 2 4 0
1 11623 145 7 8 -17 4 -158 0 -4 -3 -13 6 43 9 -53 -7 5 0 0 -30 -1 -5 0
1 7187 59 12 111 -19 149 0 -23 0 -80 -20 65 -73 -28 69 13 -4 -2 -2 73 5 4 0
1 10008 49 13 52 11 0 0 -54 0 -41 2 24 -23 -13 -263 -58 11 9 9 -75 -7 -5 0
1 10008 21 22 -9 4 0 0 -53 0 10 -5 -6 0 -8 -49 -9 4 1 1 48 7 3 0
1 9983 35 18 -10 0 0 -1 -53 0 8 -7 -4 -3 3 57 18 1 -4 -4 -7 0 1 0
1 10028 28 23 -8 5 0 0 -52 0 8 -5 -4 2 -2 -43 -12 0 3 3 31 2 -5 0
1 10000 31 11 -13 4 0 0 -50 0 9 -2 -7 22 0 40 11 0 -2 -2 -12 0 5 0
1 9983 34 15 -2 -13 1 1 -50 0 4 -15 -2 11 7 -120 -35 -1 7 7 -13 -2 -3 0
1 10005 26 -3572 -14 13 -1 -1 -51 0 8 -2 -6 66 11 -42 -15 -2 3 3 -35 -3 0 0
1 14367 38 -14 171 -8 504 1 -21 0 -140 -2 69 -45 -2 -204 -75 -11 18 18 64 8 2 0
1 7462 -66 34 389 18 0 -1 -29 0 -370 3 -3 73 10 273 75 -2 -15 -15 21 -2 -2 0
1 8586 -82 47 40 -1 0 1 -43 0 -37 -18 -14 -51 -1 -96 -23 3 4 4 -103 -6 3 0
1 9574 -97 17 -51 -4 0 0 -47 0 43 -9 15 -61 -19 75 13 -6 -1 -1 -31 -4 -7 0
1 10018 -105 -11 16 -3 0 0 -49 0 -13 1 -4 74 25 -149 -27 11 3 3 110 9 7 0
1 10012 -113 0 -7 1 0 0 -49 0 6 1 2 -42 -9 -9 -1 1 0 0 -39 -4 -8 0
1 9972 -136 -15 -1 -3 0 -1 -50 0 2 3 1 -30 0 -69 -24 -3 5 5 -2 0 -1 0
1 10017 -156 -20 0 -1 -1 1 -51 0 0 6 0 62 22 -13 4 5 -2 -2 -3 -2 3 0
1 9979 -162 19 -6 12 1 -1 -49 0 7 4 3 -4 7 57 7 -6 0 0 -87 -9 9 1
1 20790 -370 -58 -30 -203 10 -1414 -36 2 25 -149 -22 79 39 39 6 -4 0 0 3 -2 -10 0
1 10000 -195 3557 7 -1 0 0 0 0 -5 15 4 79 41 217 42 -13 -4 -4 6 -2 -1 0
1 10000 -197 -70 -2 -3 0 0 0 0 -1 21 6 57 26 -40 -28 -11 7 7 -38 -3 3 0
1 10001 -199 -65 3 -1 0 0 0 0 -10 22 2 -93 -22 67 8 -8 1 1 185 11 -1 0
1 10000 -197 -84 -1 -3 0 0 0 0 -10 26 2 -91 -18 43 28 11 -8 -8 -162 -8 5 0
1 9999 -211 -71 -2 4 0 0 0 0 -9 26 1 140 67 -27 13 13 -6 -6 -22 -3 2 -1
1 10000 -208 -29 -1 10 0 0 0 0 -3 17 1 147 73 158 12 -22 3 3 -93 -13 -7 1
1 10001 -191 14 -6 -3 0 0 0 0 8 -7 1 271 130 135 -4 -28 8 8 -6 1 0 0
1 10000 -185 -27 3 -5 0 0 0 0 -8 4 -1 94 66 90 -45 -48 21 21 57 4 4 0
1 10090 -188 -64 4 4 0 6 -2 -1 -17 21 -6 -35 -4 -115 -50 -12 12 12 -40 -1 -4 0
1 9911 -194 -17 8 179 -39 1401 0 3 -9 148 -19 -69 -28 -170 -51 -1 11 11 -8 -2 5 0
1 9998 -192 17 -3 21 0 0 0 0 8 14 0 -41 -15 -277 -70 5 13 13 -28 -6 -4 0
1 10001 -196 -9 6 -3 0 0 0 0 -7 -1 -3 -38 -10 -52 -6 6 0 0 -3 0 -2 0
1 9999 -221 11 -2 2 0 0 0 0 6 1 2 12 23 27 21 9 -7 -7 8 1 2 0
1 10000 -216 73 1 13 0 0 0 0 13 -8 8 28 18 75 15 -4 -2 -2 -26 -2 4 0
1 10000 -210 42 -1 -1 0 0 0 0 9 -12 6 -12 -7 24 6 -1 -1 -1 24 0 -4 0
1 10000 -225 71 -1 -5 0 0 0 0 11 -26 10 -7 -1 -11 -3 1 0 0 29 7 0 0
1 10000 -210 22 0 0 0 0 0 0 3 -7 2 23 17 38 12 1 -3 -3 -32 -7 4 0
1 10000 -207 29 -4 3 0 0 0 0 5 -7 3 20 18 85 18 -5 -2 -2 5 2 -5 0
1 10000 -209 10 -6 -9 0 0 0 0 8 -10 4 -233 -42 -138 -41 -1 9 9 14 5 -3 0
1 10000 -190 39 -1 7 0 0 0 0 2 -8 1 161 72 40 43 21 -14 -14 -27 -4 6 0
1 10000 -188 30 5 -4 0 0 0 0 0 -14 2 151 68 44 -13 -16 7 7 70 2 -5 0
1 13309 -254 10 -42 -153 -59 -1406 -2 -2 37 -135 3 51 29 -217 -92 -22 24 24 -64 -2 2 0
1 10619 -165 -75 -40 -49 0 0 0 0 31 -17 3 84 60 -30 -18 -6 4 4 35 2 1 0
1 9999 -145 -72 3 -6 0 0 0 0 -16 19 1 141 71 -60 -45 -19 14 14 -6 1 1 0
1 10001 -132 -64 4 3 0 0 0 0 -14 23 0 113 62 19 -28 -22 12 12 -10 -3 -2 0
1 10000 -135 -35 1 7 0 0 0 0 -6 17 0 -26 35 -216 -85 -16 21 21 -15 -1 -1 0
1 10000 -138 -58 -2 -7 0 0 0 0 -13 10 -2 75 40 -118 -39 -4 8 8 26 6 3 0
1 13622 -189 -79 10 157 -26 1397 0 2 -24 153 -18 189 85 -214 -109 -33 30 30 -25 -3 -5 0
1 10622 -128 1 -3 37 0 0 0 0 3 30 -7 15 13 87 3 -15 3 3 11 -1 4 0
1 9999 -131 8 -7 1 0 0 0 0 7 -2 2 14 23 -178 -61 -6 14 14 -59 -8 -1 0
1 10000 -124 6 -3 1 0 0 0 0 3 -1 1 -7 28 -153 -47 -3 10 10 16 0 2 0
1 10000 -114 -24 4 -5 0 0 0 0 -7 3 -2 -25 5 -7 -12 -7 4 4 -4 -1 -1 0
1 10000 -134 -16 7 3 0 0 0 0 -11 5 -5 -218 -6 -72 -14 4 2 2 -5 0 1 0
1 10000 -143 5 -2 -2 0 0 0 0 5 -1 1 -80 -12 91 76 35 -24 -24 101 7 -4 0
1 10000 -140 7 -3 7 0 0 0 0 2 2 0 -541 -142 531 183 21 -42 -42 -108 -8 2 0
1 10001 -143 28 -4 1 0 0 0 0 11 -4 5 -1108 -289 443 262 93 -75 -75 -11 0 5 0
1 9999 -131 -22 -7 -5 0 0 0 0 0 0 0 -44 65 968 505 154 -139 -139 23 5 0 0
1 10001 -141 -42 4 -5 0 0 0 0 -13 5 -6 100 36 2622 800 33 -165 -165 -3 1 -4 0
1 10000 -127 -17 7 3 0 0 0 0 -12 4 -5 -12 6 2319 677 10 -133 -133 15 -3 4 0
1 9999 -140 -23 5 2 0 0 0 0 -10 5 -5 -166 -34 1907 561 9 -110 -110 -13 -1 0 0
1 11514 -174 59 8 118 0 1028 -1 -2 12 82 -33 -208 -65 1718 542 33 -111 -111 17 6 1 0
1 10621 -172 90 18 60 0 0 0 0 6 24 -13 -528 -96 1519 503 43 -105 -105 3 -3 1 0
1 9999 -175 47 7 -3 0 0 0 0 5 -11 10 -525 78 1033 443 95 -106 -106 -61 -7 -3 0
1 13674 -225 -11 -56 -146 -51 -1047 1 2 44 -107 59 -130 15 3340 1067 67 -214 -214 10 1 0 0
1 5050 -65 -5 -30 -22 0 0 0 0 25 -17 11 -349 -66 1699 540 32 -105 -105 -3 2 3 0
1 5570 -59 12 -13 -2 0 0 0 0 14 -5 4 -85 -16 1557 527 49 -108 -108 -7 -3 -1 0
1 4419 -61 12 0 -1 0 0 0 0 2 -4 0 -54 -11 1509 489 33 -95 -95 7 -1 0 0
1 4998 -43 27 4 3 0 0 0 0 5 -3 2 -118 -24 1683 522 22 -98 -98 -6 0 -3 0
1 5582 -70 33 -4 0 0 0 0 0 9 -10 3 -20 -6 1704 504 7 -90 -90 -24 -2 6 0
1 4419 -30 33 -1 0 0 0 0 0 8 -11 3 0 -4 945 311 23 -60 -60 16 2 -3 0
1 5584 -61 41 5 -2 0 0 0 0 2 -15 3 -28 -9 1385 427 16 -78 -78 9 0 -2 0
1 4414 -50 37 0 2 0 0 0 0 7 -9 2 -57 -18 1089 326 7 -58 -58 22 3 2 0
1 5620 -52 45 -9 2 0 0 0 0 10 -15 3 -51 -14 1224 370 10 -66 -66 5 0 0 0
1 4422 -37 30 7 -6 0 0 0 0 0 -16 1 6 -4 820 260 13 -48 -48 -8 -1 3 0
1 4996 -49 41 -7 4 0 0 0 0 5 -12 2 -12 -10 892 276 11 -49 -49 -12 1 3 0
1 5005 -39 23 3 -7 0 0 0 0 0 -14 1 -430 -62 954 286 5 -50 -50 3 0 -2 0
1 5580 -44 29 12 1 0 0 0 0 -7 -10 -1 -187 -34 777 245 13 -44 -44 -2 1 0 0
1 4419 -30 2 -3 1 0 0 0 0 1 0 0 -58 -17 319 164 42 -38 -38 -7 -3 0 0
1 5578 -54 -12 -5 -2 0 0 0 0 5 3 0 -55 -15 744 240 14 -44 -44 46 8 4 0
1 4420 -40 -8 -1 -2 0 0 0 0 0 1 0 4 -2 639 237 31 -47 -47 -43 -6 -7 0
1 5641 -46 -14 -3 1 0 0 0 0 0 6 1 19 -2 814 274 22 -50 -50 14 1 4 0
1 5623 -47 -35 -2 -6 0 0 0 0 1 8 -1 -20 -8 825 258 10 -46 -46 -20 -1 -2 0
1 4418 -41 -19 -1 1 0 0 0 0 2 8 0 -31 -8 684 209 6 -36 -36 36 3 4 0
1 4997 -33 -9 -1 9 0 0 0 0 -3 10 -1 -20 -5 629 194 7 -33 -33 -28 -1 0 0
1 5585 -48 -31 7 -5 0 0 0 0 -9 7 -1 -21 -5 768 239 9 -42 -42 -33 -7 -3 0
1 4419 -29 -36 5 -6 0 0 0 0 -6 8 -2 -36 -18 576 178 6 -30 -30 30 5 0 0
1 5580 -51 -27 -3 5 0 0 0 0 -4 12 -2 -57 -15 646 195 4 -33 -33 4 2 9 0
1 7818 -49 -25 -5 0 -1 -1 -1 -4 3 10 -1 -62 8 859 274 15 -48 -48 9 1 -11 0
1 5611 -64 12 2 4 1 0 -15 0 -2 -1 0 -49 -11 585 193 13 -34 -34 -29 -5 7 0
1 5626 -52 12 -1 1 -1 0 -29 0 5 -3 1 -20 -12 516 168 10 -29 -29 15 0 -7 0
1 5726 -48 5 -5 -38 0 -324 -28 1 6 -35 4 -37 -7 704 214 5 -36 -36 20 1 11 0
1 9076 -76 -18 -22 -149 0 -1050 0 1 13 -126 -4 -24 -8 887 289 18 -51 -51 2 2 -10 0
1 5619 -46 -24 -12 -4 0 0 0 0 7 5 1 -63 -10 423 131 4 -22 -22 33 4 5 0
1 5000 -44 -31 0 -2 0 0 0 0 -6 8 1 -28 -8 411 127 4 -21 -21 11 -1 -5 0
1 5000 -43 -23 5 2 0 0 0 0 -9 9 0 -53 -8 444 140 7 -24 -24 -73 -4 -1 0
1 4408 -38 -28 0 1 0 0 0 0 -7 8 1 -25 -4 233 82 7 -15 -15 1 -1 5 0
1 5623 -43 -34 -2 -1 0 0 0 0 -7 9 0 -31 -7 483 160 11 -27 -27 41 2 -3 0
1 4410 -40 -33 -1 -3 0 0 0 0 -6 7 0 -92 -27 376 119 5 -21 -21 -46 -2 0 0
