version: 66.14
glider: 194
mission: 16
dive: 359
start: 6 12 125 17 43 38
columns: rec,elaps_tms,depth,heading,pitch,roll,AD_pitch,AD_roll,AD_vbd,GC_phase,mag.x,mag.y,mag.z,sbect.TempFreq,sbect.CondFreq,aa4330.O2,aa4330.AirSat,aa4330.Temp,aa4330.CalPhase,aa4330.TCPhase,wlbb2fl.sig470nm,wlbb2fl.sig700nm,wlbb2fl.sig695nm,wlbb2fl.temp,
data:
0 10603 -2138 1587 -746 42 210 3030 372 6 442 -89 246 226181 164481 269797 83515 13835 32708 32708 616 150 156 565
1 5001 4 15 13 -33 0 0 0 0 -13 -14 14 -33 2 650 177 -13 -22 -22 39 6 -5 0
1 4523 4 -44 -16 42 0 0 0 0 12 9 -14 1117 9 -323 -79 12 9 9 -135 -15 -3 -1
1 5624 -4 18 24 -10 0 0 0 0 -20 -1 24 -729 -7 54 36 10 -9 -9 33 1 -10 0
1 4999 4 98 -21 -80 0 0 0 0 14 -13 -19 250 -9 130 47 4 -7 -7 -95 -9 20 0
1 5001 1 -32 12 72 0 0 0 0 -3 30 8 -549 0 -622 -100 50 4 4 53 5 18 0
1 4698 2 38 20 -18 0 0 0 0 -8 3 11 399 -11 444 123 -8 -16 -16 28 2 -24 0
1 5617 -4 -16 -33 50 0 0 0 0 16 19 -20 41 13 123 -1 -21 4 4 -8 -4 1 0
1 5003 9 -15 3 -9 0 0 0 0 -3 -9 4 492 -10 377 153 20 -25 -25 -91 -6 0 0
1 4419 -5 -2 12 11 0 0 0 0 -4 7 5 -860 5 -231 -39 17 1 1 49 9 -10 0
1 5002 6 -43 34 9 0 0 0 0 -18 -3 20 53 1 -544 -72 53 -1 -1 4 1 5 0
1 5576 -2 -21 -46 -24 0 0 0 0 19 -26 -26 -590 0 87 59 17 -12 -12 27 1 2 0
1 6596 -7 36 -30 -28 0 0 1 -4 16 -6 -20 1252 -5 -152 -92 -24 18 18 -10 -7 3 0
1 5630 -7 -59 36 15 0 0 161 0 -16 -6 20 -996 -2 292 155 35 -30 -30 73 9 -3 0
1 6362 8 45 -7 -16 0 0 178 0 6 5 -4 200 -5 -893 -174 56 12 12 -121 -9 -4 0
1 5613 6 -29 -22 34 0 0 156 0 3 3 -7 -18 6 179 51 -3 -6 -6 56 6 14 0
1 5634 -7 77 -5 -46 0 0 159 0 8 3 -9 -599 7 223 59 -5 -7 -7 -82 -5 -8 0
1 5616 30 51 -34 -36 0 0 156 0 12 -4 -20 710 -14 4983 828 -385 -31 -31 227 14 1 0
1 5632 3 -66 22 77 0 0 159 0 -6 18 12 195 10 10460 3101 -64 -413 -413 -139 -7 13 0
1 5638 4 76 -34 -42 0 0 154 0 12 1 -19 -408 11 7607 2320 -10 -304 -304 14 -9 10 0
1 5643 9 -21 30 3 0 0 148 0 -8 -3 14 -643 -19 6303 1916 -12 -244 -244 -46 0 -7 0
1 5634 25 6 -31 -4 0 0 148 0 12 -1 -21 -671 -11 4030 1244 2 -158 -158 26 10 19 -1
1 5634 22 2 5 -2 0 0 142 0 0 0 1 851 -4 2870 878 -3 -109 -109 92 3 20 1
1 5638 23 -4 -5 1 0 0 149 0 0 -1 0 -876 -6 2602 798 -1 -98 -98 -50 -6 -24 0
1 5612 36 18 10 -18 0 0 152 0 -4 -3 7 -152 -26 1856 588 8 -73 -73 -22 -1 -4 0
1 5639 49 -88 1 28 0 0 167 0 0 -13 -2 339 18 2213 647 -16 -75 -75 -25 -1 19 0
1 5631 104 10 2 -39 0 0 182 0 -2 -15 0 1179 185 2502 746 -11 -88 -88 -68 -8 -32 -1
1 5637 137 204 1 -162 0 1 203 0 -1 -10 -2 815 109 3343 638 -180 -37 -37 -39 -10 -7 1
1 10270 375 182 -3 -56 6 0 90 -1 5 30 0 2873 589 5796 540 -560 57 57 41 7 -30 -1
1 5815 259 90 30 -18 1296 -1 0 0 -12 8 18 852 205 -276 -632 -250 130 130 -110 -14 -20 1
1 5815 279 -103 90 150 1257 1 0 0 -51 25 66 386 107 -2133 -1122 -220 184 184 -36 -8 -18 -1
1 8676 396 -392 225 290 344 844 0 3 -175 102 112 4971 1038 -2298 -2077 -642 399 399 -9 -1 -10 1
1 7481 253 -170 131 -6 0 -6 1 -3 -102 -33 41 669 174 -8910 -3407 -372 519 519 41 5 -6 0
1 8561 155 -1 207 -116 342 -864 -1 5 -194 -97 18 932 172 -9125 -3387 -354 535 535 -35 -7 1 0
1 5618 39 -20 112 -39 0 0 0 0 -102 -42 -24 -14 10 -8055 -2390 -27 338 338 -19 -3 -7 -1
1 5004 20 -30 55 -14 0 0 0 0 -45 -20 -18 10 1 -5383 -1610 -26 236 236 19 3 2 0
1 4416 -18 -29 38 -8 0 0 0 0 -28 -16 -16 -7 1 -3783 -1107 -6 162 162 11 4 0 0
1 5580 -4 -1 26 0 0 0 0 0 -21 0 -8 -3 2 -3646 -1125 -36 175 175 3 -2 -2 0
1 4998 3 6 2 13 0 0 0 0 -4 11 0 -13 -1 -2633 -753 5 112 112 56 7 3 0
1 5005 -3 -7 10 -13 0 0 0 0 -5 -10 -6 6 -1 -1623 -475 -3 72 72 -57 -5 3 0
1 4418 -15 1 -1 -5 0 0 0 0 0 -5 -1 12 6 -1328 -396 -6 62 62 32 2 -5 0
1 5579 9 17 -12 -5 0 0 0 0 8 1 4 3 -4 -1292 -393 -11 63 63 -6 3 -4 0
1 5000 11 15 -5 10 0 0 0 0 0 10 3 -3 -6 -1091 -314 2 47 47 291 14 6 0
1 5000 10 -7 7 7 0 0 0 0 -3 5 -1 -258 -6 -770 -229 -4 37 37 -215 -12 3 0
1 4478 14 -7 12 -10 0 0 0 0 -9 -10 -6 177 -2 -571 -179 -7 29 29 -46 -6 -9 0
1 7417 36 12 4 -12 -11 0 2 -3 -5 -6 -5 -2005 -19 -609 -230 -30 43 43 -48 -2 2 0
1 8428 45 111 -116 -185 -120 -1370 0 1 82 -118 -6 1792 -25 -808 -260 -14 44 44 9 1 -3 0
1 5615 48 77 -15 -8 0 0 0 0 6 11 8 -733 -118 -914 -270 -4 43 43 58 7 2 0
1 4423 21 -36 -20 2 0 0 0 0 20 -9 2 983 -7 -568 -159 3 24 24 -66 -5 0 0
1 5578 38 -75 5 11 0 0 0 0 3 -10 -3 46 55 -495 -182 -22 34 34 36 4 1 0
1 5000 35 -21 8 -1 0 0 0 0 -3 -4 -4 -15 4 -775 -229 -3 37 37 -24 -4 1 0
1 5001 38 37 -3 8 0 0 0 0 -4 14 6 28 80 -656 -190 0 30 30 49 2 -3 0
1 4422 16 44 4 0 0 0 0 0 -5 12 4 33 51 -572 -175 -5 29 29 -47 -1 2 0
1 5576 45 86 -12 -18 0 0 0 0 3 5 3 2 37 -474 -148 -6 25 25 -25 -3 3 0
1 4426 35 59 -13 -7 0 0 0 0 8 8 7 4 9 -520 -148 1 23 23 -18 -3 -3 0
1 5576 36 73 0 14 0 0 0 0 3 28 12 44 10 -762 -226 -4 38 38 31 3 6 0
1 4999 18 57 3 8 0 0 0 0 -4 21 6 -1 8 -516 -157 -4 25 25 10 2 -11 0
1 5002 43 45 -6 -4 0 0 0 0 7 7 3 -22 8 -339 -116 -11 22 22 -20 -2 5 0
1 4422 36 72 -13 2 0 0 0 0 14 18 9 -2 -2 -361 -124 -11 23 23 20 3 3 0
1 7281 36 130 -10 27 1 6 0 -1 22 51 16 79 11 -1009 -301 -5 50 50 -16 -5 -4 0
1 8673 57 126 -128 195 -122 1366 0 3 131 199 2 -17 16 -789 -209 10 31 31 2 0 3 0
1 5621 46 82 -61 -32 0 0 0 0 69 -9 -2 127 33 -315 -113 -13 22 22 49 4 2 0
1 4638 46 63 19 -1 0 0 0 0 -5 10 -3 -33 9 -355 -106 -2 17 17 14 3 -5 0
1 5618 38 46 17 4 0 0 0 0 -7 12 -2 70 17 -527 -153 0 25 25 5 -2 6 0
1 4420 38 23 0 -8 0 0 0 0 5 -3 0 -31 -1 -327 -97 -1 16 16 -77 -3 -6 0
1 5580 58 9 7 1 0 0 0 0 -3 1 0 84 32 -459 -131 0 21 21 -4 0 2 0
1 4409 42 8 0 -7 0 0 0 0 -2 0 1 18 18 -365 -107 0 18 18 24 4 7 0
1 5622 59 38 12 10 0 0 0 0 -1 12 -4 -8 -11 -356 -125 -13 24 24 -19 -6 -4 0
1 4418 47 -3 -19 5 0 0 0 0 17 5 -4 25 8 -282 -101 -12 19 19 0 1 -5 0
1 5578 55 22 7 -1 0 0 0 0 -2 3 0 -176 -56 -420 -130 -5 23 23 16 3 -2 0
1 4419 51 16 1 -10 0 0 0 0 5 -9 2 0 -13 -459 -101 18 12 12 18 3 0 0
1 5616 76 28 9 0 0 0 0 0 -1 3 -1 14 12 -503 -130 9 20 20 -19 -4 0 0
1 7130 85 29 26 12 -1 26 0 0 -17 17 -3 2 -3 -368 -104 1 17 17 2 1 8 1
1 7575 75 -35 -32 98 1 837 0 -2 19 74 -35 79 22 -224 -75 -6 14 14 12 -2 -6 -1
1 5619 57 -82 2 30 0 0 0 0 -22 13 -4 561 167 -160 -56 -5 10 10 -22 -1 2 0
1 5000 60 -28 0 -3 0 0 0 0 -6 -6 5 -397 -126 -60 -91 -44 26 26 -16 0 -4 0
1 5000 66 7 -16 0 0 0 0 0 16 -1 -3 -196 -37 -1 -82 -47 25 25 38 5 2 0
1 5000 65 6 -1 18 0 0 0 0 2 15 -8 93 24 -884 -147 63 9 9 -31 -3 3 0
1 4421 62 -3 21 -15 0 0 0 0 -18 -13 10 168 52 -131 -38 0 7 7 0 -2 1 0
1 5579 71 -67 -6 -30 0 0 0 0 -10 -33 17 241 74 -148 -62 -12 13 13 -5 -2 -2 0
1 5000 42 -49 -17 10 0 0 0 0 8 -2 1 65 10 -3 -51 -29 16 16 6 0 -2 0
1 5053 79 -34 7 19 0 0 0 0 -13 9 -3 -72 -17 -152 -94 -30 22 22 22 4 0 0
1 4402 53 -39 6 11 0 0 0 0 -13 3 0 195 48 -288 -73 7 12 12 -11 -2 4 0
1 5624 69 -36 0 0 0 0 0 0 -4 -8 4 220 40 -348 -126 -16 24 24 -29 -3 -7 0
1 10000 116 -96 12 -9 0 0 0 0 -23 -28 12 45 9 -700 -291 -52 62 62 30 2 6 1
1 10000 119 -91 0 -56 0 0 0 0 -7 -69 21 1070 212 -412 -344 -134 91 91 -21 -1 -5 -1
1 10000 93 -99 -9 70 0 0 0 0 2 36 -10 237 58 -2281 -770 -69 149 149 1 2 3 1
1 9320 85 -72 1 -37 -1 -10 0 0 -3 -49 13 310 84 -2387 -785 -62 151 151 12 -1 -2 0
1 10680 97 -23 39 -88 45 -815 0 2 -38 -82 10 280 81 -2562 -867 -82 173 173 -1 1 7 0
1 10001 81 50 16 -51 0 0 0 0 -12 -33 -1 75 32 -2472 -740 -22 137 137 -2 0 -1 0
1 10000 88 66 5 41 0 0 0 0 -3 53 -2 142 52 -2155 -661 -29 126 126 0 -1 -7 0
1 9999 76 48 -2 -14 0 0 0 0 6 -2 1 164 50 -1857 -574 -28 111 111 -25 -2 1 0
1 10000 78 29 2 13 0 0 0 0 -1 20 -3 195 44 -1648 -535 -42 109 109 2 0 -7 0
1 10000 54 14 -18 26 0 0 0 0 18 26 -2 61 16 -1655 -535 -41 109 109 7 1 8 0
1 10000 80 -26 9 -34 0 0 0 0 -9 -36 5 12 11 -1759 -525 -16 102 102 33 -1 -3 0
1 10001 79 17 -7 19 0 0 0 0 4 21 -3 8 6 -1372 -398 -6 76 76 -31 2 -4 0
1 9999 86 15 24 -3 0 0 0 0 -20 1 -2 -16 -3 -1352 -394 -7 76 76 33 3 1 0
1 10000 80 39 -15 -30 0 0 0 0 19 -18 4 18 5 -972 -278 0 53 53 -6 -4 10 0
1 10000 74 80 17 32 0 0 0 0 -7 47 -8 25 3 -922 -266 -4 52 52 -29 -1 -12 0
1 10001 71 -36 -24 2 0 0 0 0 19 -7 3 -32 -4 -491 -157 -12 33 33 33 2 2 0
1 11487 90 -83 -13 41 0 827 0 -2 2 17 -4 51 9 -862 -241 3 46 46 -28 1 3 0
1 10622 96 65 13 79 0 0 0 0 -7 81 -24 -28 -3 -530 -163 -9 34 34 -6 -1 3 0
1 10000 86 -28 17 -2 0 0 0 0 -17 -9 1 101 8 -559 -161 -1 31 31 54 3 5 0
1 10000 78 -42 -5 -8 0 0 0 0 1 -16 5 40 5 -334 -111 -11 24 24 -39 -2 -11 0
1 10001 75 -96 9 2 0 0 0 0 -15 -21 6 -80 -5 -552 -169 -8 35 35 4 -3 6 0
1 9999 91 -73 13 -6 0 0 0 0 -16 -23 4 45 5 -460 -124 4 23 23 -20 1 -5 0
1 12644 101 -54 -16 -91 0 -852 0 2 15 -91 18 11 -4 -563 -172 -9 36 36 13 2 7 0
1 10617 79 -18 -7 -26 0 0 0 0 6 -27 1 13 -7 -103 -24 4 3 3 -17 -1 -6 0
1 10000 78 49 13 -6 0 0 0 0 -10 7 -2 24 -26 -274 -82 -2 17 17 6 -1 3 0
1 10000 73 10 0 1 0 0 0 0 -1 3 0 4 12 -358 -106 -4 22 22 37 2 -4 0
1 10000 61 17 2 -2 0 0 0 0 -2 3 0 2 -8 -362 -102 0 20 20 -37 -3 -1 0
1 10000 75 11 -3 -9 0 0 0 0 4 -6 0 -10 -9 -215 -63 -1 13 13 19 3 1 0
1 10000 50 -27 1 -3 0 0 0 0 -2 -10 1 112 3 -276 -82 -2 16 16 17 1 0 0
1 10000 61 -24 -2 2 0 0 0 0 4 -4 1 112 35 -344 -126 -19 30 30 -16 -1 1 0
1 10000 56 -16 0 4 0 0 0 0 -2 -1 -1 42 8 -403 -140 -18 33 33 -7 -1 -1 0
1 10000 35 22 3 -2 0 0 0 0 -4 4 -1 65 18 -563 -170 -7 35 35 20 1 0 1
1 10000 63 29 -1 -1 0 0 0 0 3 7 0 54 16 -526 -169 -14 37 37 -14 -1 -1 -1
1 10001 61 -18 0 -4 0 0 0 0 0 -8 1 55 -17 -619 -184 -6 39 39 20 2 4 0
1 9999 64 -27 3 10 0 0 0 0 -3 2 -1 3 -6 -465 -151 -13 33 33 -7 1 -5 0
1 7974 58 0 -4 -13 -39 0 0 0 5 -12 1 -28 -27 -488 -140 -1 29 29 24 0 -1 0
1 12026 102 15 -36 11 -3 0 0 0 32 14 2 -21 -14 -614 -176 -2 34 34 -2 2 7 1
1 10000 107 47 -4 -1 0 0 0 0 6 10 1 -30 -21 -378 -100 5 20 20 5 -2 -7 0
1 10000 107 49 6 -2 0 0 0 0 -4 11 -1 -3 -28 -464 -127 3 25 25 -25 0 5 0
1 10000 108 33 0 0 0 0 0 0 1 8 -1 -37 -29 -206 -58 0 12 12 21 1 1 0
1 10000 111 22 2 -1 0 0 0 0 0 5 0 -35 -34 -171 -36 9 5 5 -2 3 -4 0
1 10000 102 -35 4 1 0 0 0 0 -6 -8 1 -195 -140 -185 -25 18 0 0 -4 -2 1 0
1 10001 87 -56 -4 5 0 0 0 0 1 -10 0 -84 -54 69 44 18 -13 -13 14 -1 -2 0
1 9999 99 -28 -4 -3 0 0 0 0 3 -9 0 -56 -39 42 35 15 -11 -11 -7 4 -3 0
1 10000 80 0 1 1 0 0 0 0 -3 1 1 -72 -39 145 55 10 -14 -14 24 2 1 0
1 10001 88 16 -3 -2 0 0 0 0 2 2 0 -169 -75 67 43 16 -13 -13 8 2 5 0
1 9999 92 8 5 2 0 0 0 0 -2 4 -1 -198 -104 -48 58 49 -24 -24 23 2 0 0
1 10000 84 37 0 -2 0 0 0 0 1 7 0 49 17 329 106 9 -23 -23 -2 -1 -1 0
1 10005 85 21 0 1 0 0 1 0 0 6 -1 -78 -54 367 102 -2 -21 -21 -25 -1 -5 0
1 9995 83 0 -1 0 0 0 0 0 3 0 1 -250 -112 171 97 33 -28 -28 22 3 0 0
1 10001 88 -3 1 0 0 0 0 0 1 -1 0 -304 -112 177 109 40 -31 -31 20 2 8 0
1 9999 84 -11 -3 1 0 0 0 0 0 -1 0 -480 -189 402 192 53 -52 -52 80 7 -2 0
1 10000 85 6 2 -3 0 0 0 0 0 -2 0 -43 -36 284 184 70 -54 -54 -49 -3 2 0
1 10000 99 -2 -1 1 0 0 0 0 -1 1 -1 -16 -17 589 198 21 -45 -45 -19 -1 0 0
1 10001 79 6 -2 1 0 0 0 0 -1 3 0 28 -3 517 163 10 -35 -35 27 4 -4 0
1 9999 85 13 2 -2 0 0 0 0 2 1 0 -29 -30 386 117 4 -24 -24 -2 -1 0 0
1 10001 93 12 2 -2 0 0 0 0 0 1 0 -66 -28 308 99 8 -22 -22 -34 -3 2 0
1 10000 90 7 -1 0 0 0 0 0 1 2 1 -58 -38 211 84 16 -20 -20 34 3 -3 0
1 9999 84 16 -1 -3 0 0 0 0 1 1 0 -53 -25 226 76 8 -17 -17 5 -1 4 0
1 9999 98 2 1 7 0 0 0 0 0 6 -1 -26 -13 215 79 12 -19 -19 29 0 -1 0
1 11123 93 6 -11 81 -1 854 0 -2 9 73 -12 -52 -22 269 89 7 -18 -18 -53 -6 6 0
1 10624 112 -32 -2 48 0 0 0 0 1 33 -8 15 0 184 61 6 -14 -14 3 6 -3 0
1 10001 104 -56 10 5 0 0 0 0 -12 -9 1 45 13 128 36 0 -7 -7 -16 -2 -5 0
1 9999 106 -32 0 -6 0 0 0 0 -3 -13 4 35 4 180 40 -8 -7 -7 49 3 1 0
1 11021 103 -88 -1 -82 0 -875 0 2 1 -93 16 -8 -4 38 8 -2 0 0 -3 0 6 0
1 10618 107 -16 -4 -43 0 0 0 0 2 -42 1 15 -1 -34 -15 -3 4 4 6 -2 -2 1
1 10000 102 -14 8 -1 0 0 0 0 -4 -5 0 0 -2 98 30 1 -7 -7 -35 0 -4 0
1 10000 107 -4 3 1 0 0 0 0 -4 1 -1 41 20 -106 -36 -4 9 9 34 2 3 -1
1 10001 95 -4 -7 -7 0 0 0 0 6 -8 0 -23 -6 34 2 -5 1 1 -17 -1 -4 1
1 9999 101 -10 9 3 0 0 0 0 -5 0 0 -23 -8 -86 -19 4 2 2 -16 0 1 0
1 10000 103 28 -7 0 0 0 0 0 5 7 1 -135 -54 -35 -4 4 0 0 -8 -1 -1 0
1 10001 114 35 4 -6 0 0 0 0 -5 4 0 32 5 -38 16 18 -8 -8 23 2 2 0
1 10000 105 8 -3 3 0 0 0 0 3 4 -1 -113 -44 61 29 7 -7 -7 12 2 3 0
1 9999 105 16 0 -6 0 0 0 0 1 -1 1 -14 -11 99 44 11 -12 -12 -31 -2 -3 0
1 10000 125 32 -4 4 0 0 0 0 3 12 0 -36 -10 93 33 5 -7 -7 26 1 3 0
1 10001 102 21 3 2 0 0 0 0 -3 7 0 9 -1 87 31 4 -8 -8 11 -2 0 0
1 10001 137 37 9 7 0 0 0 0 -6 16 -2 22 -6 84 27 2 -5 -5 -12 2 3 0
1 9422 97 36 -16 3 0 0 -1 0 18 11 0 20 0 99 28 -1 -5 -5 44 3 -3 0
1 10577 111 -28 -20 -44 0 0 0 0 15 -46 2 33 6 71 14 -4 -2 -2 -28 -3 -4 0
1 9999 118 -2 10 32 0 0 0 0 -7 28 0 -4 -5 -29 -14 -4 4 4 19 4 2 0
1 10002 103 -15 19 12 0 0 0 0 -23 8 -1 -15 0 -103 -29 1 5 5 25 -3 -2 0
1 10000 102 64 4 7 0 0 0 0 1 22 -2 24 3 -37 -9 0 2 2 -49 -1 -3 0
1 9998 104 30 -18 4 0 0 0 0 22 10 0 -23 -10 24 3 -2 0 0 -18 -2 7 0
1 10001 104 94 -6 -36 0 0 0 0 13 -10 1 -13 -4 -93 -21 4 3 3 71 8 -2 0
1 9999 139 99 10 19 0 0 0 0 2 40 -7 -2 -7 6 2 0 -1 -1 -80 -9 -2 0
1 10001 103 -18 30 -6 0 0 0 0 -30 -10 2 -14 -2 -5 1 2 0 0 -2 0 -1 0
1 10000 90 -56 -27 9 0 0 0 0 20 -5 1 8 -3 -30 -8 0 2 2 25 2 4 0
1 10000 104 -1 5 29 0 0 0 0 -6 26 -5 -55 -22 -68 -18 1 2 2 14 4 -5 0
1 9999 92 -74 0 -9 0 0 0 0 -8 -25 5 1 -5 -10 7 7 -3 -3 7 0 4 0
1 11991 111 -33 -22 54 0 872 1 -2 18 39 -7 -23 -35 -31 0 5 -1 -1 -59 -10 4 0
1 10618 130 -24 13 22 0 0 0 0 -16 13 -4 -56 -10 -22 8 10 -3 -3 49 10 -4 0
1 10001 113 -96 10 36 0 0 0 0 -12 7 -2 -68 -48 32 19 7 -7 -7 37 3 2 0
1 9469 122 -76 3 -22 0 -10 -1 0 -6 -37 8 -33 -28 -46 2 9 -2 -2 0 1 -4 0
1 10530 102 -23 12 -110 0 -842 1 2 -10 -102 10 -23 -23 119 43 6 -10 -10 18 2 5 0
1 10000 118 -23 -15 6 0 0 0 0 17 0 1 35 -9 -38 -11 1 2 2 37 6 0 0
1 10001 118 -58 -14 -16 0 0 0 0 10 -30 0 -4 0 -29 -7 0 2 2 16 1 -4 0
1 9999 120 72 7 8 0 0 0 0 -8 25 0 1 -7 -21 -6 1 0 0 -1 1 7 0
1 10000 121 -24 6 5 0 0 0 0 -2 0 0 -5 -6 -75 -22 -1 4 4 -39 -1 -3 0
1 10000 127 -53 13 -5 0 0 0 0 -10 -19 -1 5 0 -33 -10 0 3 3 -13 -5 3 0
1 10000 121 -9 -9 10 0 0 0 0 5 7 0 -4 -2 6 2 0 -1 -1 49 5 -4 0
1 10000 116 7 -13 -14 0 0 0 0 13 -11 1 0 -1 -182 -51 0 10 10 35 1 1 0
1 10000 130 39 4 -7 0 0 0 0 -7 3 -1 3 0 -40 -11 0 3 3 -47 -3 4 0
1 10001 128 3 9 16 0 0 0 0 -7 16 0 -5 -1 -21 -6 1 1 1 52 6 -4 0
1 9999 103 15 -1 -2 0 0 0 0 1 2 0 -2 -2 18 5 0 -2 -2 -24 -5 -8 0
1 11265 127 -37 14 -36 3 -165 0 -4 -13 -42 -3 11 0 -166 -47 0 10 10 8 2 5 0
1 7577 51 -27 53 20 82 0 -29 0 -46 11 -4 2 0 337 95 -1 -19 -19 -104 -11 1 0
1 9997 52 34 35 -24 0 1 -54 0 -35 -12 -9 -1 -3 -61 -17 0 3 3 107 15 2 0
1 9985 36 30 -6 24 0 -1 -55 0 3 28 3 -3 0 -253 -75 -1 16 16 -31 -4 2 0
1 10010 50 67 -34 12 0 0 -54 0 33 28 7 -12 0 -66 -17 1 3 3 41 3 1 0
1 9983 41 105 54 -7 0 0 -52 0 -49 20 -11 -1 -1 -70 -22 -1 4 4 -77 -8 0 0
1 10008 19 75 -70 -4 1 0 -54 0 73 14 13 0 -1 -54 -11 3 1 1 1 0 -3 0
1 10010 29 46 42 4 -1 0 -51 0 -36 15 -7 0 -1 105 31 0 -5 -5 48 2 2 0
1 10001 12 36 -28 -15 0 0 -53 0 31 -5 6 -7 -1 32 10 1 -2 -2 -5 0 -2 0
1 10002 3 62 -17 12 0 0 -50 0 23 25 -1 -33 17 -33 -8 1 1 1 -23 -2 1 0
1 10001 19 87 -2 -22 1 0 -51 0 13 0 1 7 0 122 42 4 -10 -10 8 -1 0 0
1 9985 10 40 25 28 -1 0 -50 0 -17 34 -8 39 -27 -88 -25 1 5 5 -24 0 3 0
1 10023 16 -21 -38 -6 0 0 -51 4 32 -11 4 -15 10 28 8 0 -1 -1 -28 -4 -4 0
1 14122 1 -134 145 -8 385 1 -2 -4 -150 -36 -21 6 -1 -17 -14 -6 4 4 98 11 3 0
1 7554 -65 -12 302 2 0 -1 -33 0 -232 8 -147 2 1 73 19 -2 -4 -4 -160 -17 -3 0
1 8900 -101 -15 40 3 1 0 -43 0 -27 1 -30 -1 1 85 29 3 -6 -6 241 17 1 0
1 9400 -77 -89 -37 -3 -1 0 -48 0 11 -25 18 -9 4 -109 -31 0 6 6 -161 -7 -5 0
1 10017 -96 -85 12 -2 0 0 -50 0 -11 -24 -10 16 1 81 25 2 -5 -5 -67 -6 4 0
1 10002 -83 -36 1 15 0 0 -49 0 -2 -2 -2 1 3 -325 -92 0 18 18 94 10 -1 0
1 9983 -109 28 1 -19 0 0 -51 0 -1 -2 0 -6 0 348 96 -2 -19 -19 -66 -9 -1 0
1 10011 -120 105 -22 9 0 0 -50 0 21 32 20 -7 3 -82 -23 0 5 5 80 9 1 0
1 9984 -117 42 3 -16 0 0 -51 0 1 2 1 2 2 97 27 0 -5 -5 -96 -9 1 0
1 9995 -132 51 8 -6 0 0 -49 0 2 9 0 -2 1 463 132 0 -26 -26 58 3 2 0
1 10020 -164 127 -8 38 0 0 -52 0 21 54 7 -12 6 -575 -163 1 31 31 27 7 0 0
1 9993 -167 76 -4 4 0 0 -51 0 16 18 10 5 -2 420 120 -1 -23 -23 -24 -5 1 0
1 10000 -196 20 -9 38 0 0 -49 0 9 28 -4 6 6 956 274 1 -53 -53 -80 -10 -2 0
1 14642 -279 -90 -12 -205 1 -1409 -22 2 -7 -151 30 7 5 -1459 -420 -2 82 82 1 0 3 0
1 10615 -200 -67 -40 -28 0 0 0 0 16 -39 13 -10 25 276 78 0 -15 -15 -2 0 -5 0
1 10000 -163 -45 26 12 0 0 0 0 -23 3 -19 9 19 69 23 2 -5 -5 -45 -8 -3 0
1 10000 -178 -97 1 -11 0 0 0 0 -12 -27 -14 -8 -15 87 24 -1 -5 -5 282 24 1 0
1 10000 -175 -43 -3 -42 0 0 0 0 0 -37 -8 42 34 119 32 -2 -5 -5 -242 -20 4 1
1 10001 -205 -183 1 20 0 0 0 0 -10 -31 -18 -11 5 151 42 0 -9 -9 4 3 0 -1
1 12492 -291 -60 12 147 0 1414 -1 2 -7 70 9 60 25 45 1 -8 2 2 -42 -7 -2 0
1 10617 -200 145 -10 90 0 0 0 0 6 92 6 -25 -7 33 1 -6 2 2 -24 -2 -6 0
1 10000 -152 103 4 -9 0 0 0 0 4 23 1 22 20 71 24 4 -6 -6 92 11 9 0
1 10000 -170 86 38 -2 0 0 0 0 -15 20 -20 36 7 41 0 -8 2 2 -60 -9 -4 0
1 10000 -182 32 -13 -7 0 0 0 0 12 4 12 53 32 18 3 -3 0 0 -23 -3 2 0
1 10000 -196 -18 -4 -20 0 0 0 0 0 -16 3 -35 -24 -62 -28 -6 7 7 22 2 0 0
1 10000 -201 15 -10 13 0 0 0 0 8 11 6 -55 -2 14 9 3 -2 -2 -14 0 -2 0
1 10000 -195 17 22 20 0 0 0 0 -11 16 -16 14 4 -35 -2 6 -2 -2 -7 -2 -3 0
1 10000 -200 17 -15 -9 0 0 0 0 12 -1 12 -3 5 109 31 -1 -5 -5 -19 -2 3 0
1 10000 -190 -9 -3 -23 0 0 0 0 0 -16 5 3 6 11 5 1 -2 -2 54 6 -2 1
1 10000 -198 42 10 23 0 0 0 0 0 24 -7 10 21 56 14 -1 -2 -2 -30 -3 4 -1
1 10000 -196 25 -12 3 0 0 0 0 12 7 9 72 33 151 39 -2 -7 -7 56 2 -2 0
1 10000 -199 106 5 5 0 0 0 0 12 30 1 43 26 59 0 -11 2 2 60 7 0 1
1 9034 -173 112 -12 -52 -90 -1052 -1 0 32 -16 33 98 59 44 3 -8 2 2 -95 -6 -3 -1
1 13857 -208 22 -95 -145 1 -355 0 -2 73 -115 66 114 58 -193 -100 -29 27 27 -65 -7 1 0
1 10000 -122 -74 -13 -15 0 0 0 0 -7 -23 -3 -25 -9 148 34 -6 -6 -6 84 8 2 0
1 10000 -101 -74 -7 3 0 0 0 0 -9 -11 -5 83 43 -194 -60 -3 13 13 -11 0 2 1
1 10000 -105 -93 6 -2 0 0 0 0 -19 -19 -13 -11 4 37 -6 -11 4 4 -42 -5 -3 -1
1 9999 -111 -111 5 6 0 0 0 0 -19 -17 -14 -4 2 -153 -46 -2 9 9 -1 2 1 1
1 10001 -97 -128 -8 -6 0 0 0 0 -9 -33 -12 -5 4 -4 -4 -2 2 2 -18 -2 -2 -1
1 9999 -97 -116 -9 -5 0 0 0 0 5 -34 -5 2 -4 -143 -40 1 7 7 26 3 3 0
1 8845 -85 -76 31 103 -1 1402 -1 0 -27 55 -7 3 1 47 9 -3 0 0 19 0 -6 1
1 11156 -96 7 23 85 0 0 1 2 -16 59 -8 38 28 -90 -27 -1 5 5 -24 -2 -2 -1
1 10000 -90 -84 -17 -8 0 0 0 0 15 -28 11 53 9 16 -7 -8 3 3 26 0 4 0
1 9999 -112 18 -2 10 0 0 0 0 -1 11 0 377 195 58 -5 -13 4 4 -24 -2 -1 0
1 10001 -86 -5 -2 3 0 0 0 0 4 1 3 31 20 64 -48 -45 22 22 12 3 -2 0
1 9999 -97 34 0 4 0 0 0 0 -1 13 0 27 12 -289 -102 -13 23 23 -46 -6 9 1
1 10001 -103 15 -2 -7 0 0 0 0 1 -2 1 9 7 -224 -81 -11 18 18 19 0 -1 -1
1 10000 -85 1 2 2 0 0 0 0 0 2 0 39 13 -171 -58 -7 13 13 31 4 -3 1
1 10000 -84 36 -2 2 0 0 0 0 -1 11 0 23 24 -209 -73 -9 17 17 -38 -2 -3 0
1 10000 -96 20 6 3 0 0 0 0 -2 7 -3 0 -3 -186 -58 -3 12 12 50 4 5 0
1 10000 -91 11 -3 -8 0 0 0 0 0 -2 1 -55 -21 -93 -30 -2 7 7 -62 -5 -4 0
1 10000 -95 26 0 -1 0 0 0 0 2 6 1 159 167 -190 -47 5 7 7 70 4 -5 0
1 9999 -86 39 0 7 0 0 0 0 0 15 0 791 218 86 -40 -44 20 20 -102 -10 4 0
1 9425 -100 56 1 -4 0 0 0 0 3 12 0 152 81 182 -81 -89 38 38 -12 -3 1 0
1 10575 -99 46 -2 7 0 0 0 0 4 17 3 82 64 -548 -220 -43 54 54 -12 -2 -2 0
1 10000 -86 25 -2 -5 0 0 0 0 3 3 0 16 18 -558 -205 -32 49 49 6 4 3 -1
1 10001 -101 29 -3 4 0 0 0 0 6 10 4 92 71 -490 -153 -10 33 33 -10 -4 2 1
1 10000 -76 28 -5 -1 0 0 0 0 7 5 3 76 44 -411 -151 -23 36 36 39 1 -4 0
1 9999 -63 18 9 0 0 0 0 0 -7 6 -5 32 22 -513 -174 -20 40 40 -40 0 2 0
1 10000 -84 25 -1 0 0 0 0 0 5 5 2 -12 -2 -430 -128 -4 27 27 -1 -2 -3 0
1 10001 -72 13 -3 -7 0 0 0 0 4 -2 4 7 4 -441 -131 -3 26 26 -19 1 1 0
1 10000 -68 -20 6 2 0 0 0 0 -7 -3 -5 11 14 -348 -104 -4 23 23 23 -1 -7 0
1 9999 -76 0 -5 3 0 0 0 0 3 3 1 -37 -21 -349 -102 -3 21 21 -11 2 8 0
1 10000 -82 0 5 3 0 0 0 0 -3 2 -2 59 32 -278 -75 3 15 15 17 -1 4 -1
1 10001 -94 10 3 0 0 0 0 0 -2 3 -2 43 30 -149 -51 -6 12 12 -24 0 -3 1
1 9911 -100 18 -8 -5 0 0 -7 -4 7 1 5 43 21 -244 -88 -13 21 21 12 -1 -1 0
1 8913 -85 23 3 4 0 0 -43 0 2 7 1 -4 -2 -19 -9 -2 2 2 0 -1 0 -1
1 10013 -110 -8 0 1 0 0 -51 0 -1 -1 -2 63 44 -357 -104 -3 22 22 -15 1 1 1
1 9979 -98 16 -26 0 0 0 -53 0 23 4 14 8 8 -187 -64 -7 14 14 5 -2 -2 0
1 12344 -99 27 9 -165 0 -1421 -22 2 -3 -115 10 -188 11 -348 -88 7 17 17 -6 1 -3 0
1 10622 -77 53 -3 0 0 0 0 0 11 9 6 -46 -9 82 31 5 -8 -8 29 1 3 0
1 10000 -67 27 1 -55 0 0 0 0 4 -35 0 28 -5 152 64 15 -16 -16 -43 -2 1 -1
1 10001 -91 -71 -21 22 0 0 0 0 6 -3 4 -294 -103 234 78 8 -18 -18 39 5 -1 1
1 9999 -79 -131 -2 -5 0 0 0 0 -17 -29 -15 83 28 -36 40 35 -18 -18 1 0 -1 -1
1 10000 -79 -113 5 6 0 0 0 0 -15 -20 -14 -24 -7 493 131 -7 -25 -25 28 0 3 1
1 11973 -90 -248 -16 -8 0 6 0 -1 7 -69 -16 121 44 375 86 -14 -13 -13 -71 -5 -3 0
1 7852 -100 -38 64 160 0 1417 0 3 -47 104 -5 93 45 90 25 0 -5 -5 29 1 -2 0
1 10618 -121 -41 -25 21 0 0 0 0 22 3 17 -234 -95 119 7 -18 3 3 15 1 3 0
1 10001 -96 -79 3 3 0 0 0 0 3 -19 -1 216 67 -154 -4 27 -6 -6 -15 1 0 0
1 10000 -96 -37 0 23 0 0 0 0 4 7 4 -496 -170 126 35 -1 -7 -7 4 -1 -1 0
1 10000 -97 15 -11 -5 0 0 0 0 8 0 5 -7 -19 -12 76 55 -29 -29 -17 -1 0 0
1 10001 -86 20 -2 11 0 0 0 0 0 14 2 -36 0 465 150 12 -33 -33 23 0 -3 0
1 10001 -78 69 -1 -3 0 0 0 0 -5 16 -2 22 4 472 148 10 -33 -33 -34 -1 -1 0
1 9999 -78 70 2 5 0 0 0 0 -7 21 -3 147 81 420 119 0 -24 -24 8 0 6 0
1 10000 -54 63 -7 27 0 0 0 0 6 37 5 -26 -63 295 60 -16 -8 -8 14 1 -1 0
1 9999 -62 -19 25 -82 0 0 0 0 -20 -63 -17 246 118 185 21 -22 1 1 -17 -3 -5 0
1 10000 -101 -17 -2 52 0 0 0 0 2 31 3 13 8 -74 -51 -20 16 16 -2 2 0 0
1 5619 -72 -3 25 -28 0 0 0 0 -19 -20 -15 35 17 -38 -21 -7 6 6 29 5 11 0
1 5618 -65 -14 -21 2 0 0 0 0 15 -3 12 54 14 -134 -46 -5 11 11 -11 -3 -3 0
1 6667 -86 -15 -29 24 0 26 -1 -3 24 14 18 -360 -126 -139 -50 -8 11 11 38 2 -3 0
1 7647 -95 55 30 119 1 993 1 1 -25 94 -24 -144 -42 -331 -31 43 -4 -4 -51 -3 -1 0
1 5625 -62 52 6 24 0 0 0 0 -3 28 -10 -49 -15 83 46 15 -13 -13 30 5 0 0
1 5001 -55 45 -8 10 0 0 0 0 6 20 1 -13 -7 84 36 9 -10 -10 86 2 3 0
1 4999 -55 63 10 -6 0 0 0 0 -6 11 -9 39 17 120 52 12 -13 -13 -76 -3 -4 -1
1 6458 -92 91 -13 0 -1 -11 0 -1 13 25 1 68 8 235 74 5 -16 -16 0 -1 3 1
1 8454 -99 69 14 -117 0 -1065 0 3 -5 -59 16 -104 -36 220 57 -4 -10 -10 -23 -1 3 0
1 5618 -68 59 -15 -26 0 0 0 0 22 -5 16 441 187 114 46 10 -12 -12 12 2 -3 0
1 4420 -51 22 -5 -7 0 0 0 0 5 1 4 55 18 117 6 -19 3 3 33 0 0 0
1 5581 -49 47 1 -7 0 0 0 0 7 4 4 8 10 257 28 -31 2 2 -33 -2 2 -1
1 4426 -40 18 2 -16 0 0 0 0 0 -6 2 5 15 15 -18 -15 8 8 -18 -2 -2 0
1 5575 -56 -2 -4 -3 0 0 0 0 3 -3 2 -33 -14 -132 -47 -6 11 11 -7 -1 -2 0
1 4422 -40 19 -7 10 0 0 0 0 7 13 1 -151 -3 -52 -22 -5 5 5 -6 -1 -2 0
1 5577 -66 35 -1 -4 0 0 0 0 7 4 3 -194 -77 -116 -28 3 5 5 16 0 9 1
1 4405 -34 16 1 -5 0 0 0 0 3 -1 2 47 -8 -49 3 12 -4 -4 27 3 -7 -1
1 5619 -60 30 13 5 0 0 0 0 -5 12 -6 -38 -10 -63 17 23 -9 -9 -15 -3 2 1
1 4422 -50 5 -18 22 0 0 0 0 16 15 5 242 77 73 28 5 -7 -7 -28 1 1 -1
1 5577 -55 0 -6 -2 0 0 0 0 4 -1 3 19 -7 226 48 -10 -6 -6 10 3 1 0
1 7317 -77 -19 8 -24 0 -28 0 -3 -10 -22 0 -77 -6 116 2 -22 5 5 2 -2 -1 0
1 7681 -93 -31 -2 -134 0 -1324 -1 1 -4 -106 11 -81 -37 -154 -25 13 1 1 -22 -2 -5 1
1 5619 -40 -23 -15 -23 0 0 0 0 8 -25 4 -702 -226 26 31 16 -10 -10 13 3 4 0
1 5000 -42 -36 -22 -7 0 0 0 0 12 -16 5 60 10 26 40 22 -14 -14 36 5 1 -1
1 4517 -26 4 11 3 0 0 0 0 -8 4 -4 -95 -36 -171 46 64 -25 -25 -26 -5 0 0
1 5625 -57 -4 26 0 0 0 0 0 -22 4 -11 -273 -44 472 148 9 -31 -31 18 1 3 0
1 4998 -53 -34 -9 -6 0 0 0 0 3 -13 0 16 -22 182 119 46 -36 -36 -24 -1 -3 0
1 4999 -47 -116 -29 -21 0 0 0 0 8 -45 -2 77 16 524 170 14 -37 -37 -2 1 -3 0
1 4512 -36 -65 21 10 0 0 0 0 -22 -4 -15 -313 -78 610 182 6 -38 -38 17 -1 4 0
1 5621 -64 -6 -3 21 0 0 0 0 3 13 4 -147 -33 592 184 10 -38 -38 -19 -2 1 0
1 4995 -48 -47 -7 -20 0 0 0 0 2 -27 -3 -83 -15 381 184 51 -50 -50 28 6 0 0
1 5004 -42 -39 -5 7 0 0 0 0 0 -4 -2 -605 -116 647 232 31 -52 -52 50 -2 -3 1
1 4421 -34 -33 -2 13 0 0 0 0 1 1 1 71 -8 678 210 11 -44 -44 -62 -2 3 -1
