version: 66.14
glider: 195
mission: 21
dive: 465
start: 8 5 105 14 22 40
columns: rec,elaps_tms,depth,heading,pitch,roll,AD_pitch,AD_roll,AD_vbd,GC_phase,mag.x,mag.y,mag.z,sbect.TempFreq,sbect.CondFreq,wlbb2fl.sig470nm,wlbb2fl.sig700nm,wlbb2fl.sig695nm,wlbb2fl.temp,aa4330.O2,aa4330.AirSat,aa4330.Temp,aa4330.CalPhase,aa4330.TCPhase,
data:
0 17316 8 335 -558 123 140 2163 495 6 222 -246 -142 173256 135402 N N N N 250692 97276 25046 29391 30797
1 9998 -4 -166 -52 -15 0 0 0 0 18 75 -56 193 -6 N N N N -4899 -948 541 8 8
1 10001 9 69 22 -149 0 0 0 0 -12 9 -26 119 -3 N N N N 3552 827 -316 -36 -36
1 9999 -17 23 53 66 0 0 0 0 20 -28 52 572 -3 N N N N 33 -108 -67 25 25
1 10001 14 71 -25 -82 0 0 0 0 -14 -10 -12 -237 0 N N N N 57 14 -5 -1 -1
1 10000 -5 -235 16 257 0 0 0 0 27 41 6 91 -5 N N N N -163 32 53 -13 -13
1 8727 -1 151 94 -164 -3 0 18 -4 -1 -28 30 -1016 22 N N N N 321 94 -17 -8 -8
1 10000 6 -73 -108 -99 0 1 288 0 -8 64 -58 157 -11 N N N N -527 -83 69 -3 -3
1 9944 10 83 74 37 -1 -1 268 0 -4 -56 25 384 -21 N N N N 725 124 -89 2 2
1 10096 9 99 -119 35 -1 1 256 0 -25 -45 11 702 31 N N N N -4556 411 1240 -272 -272
1 9990 25 -157 -81 108 1 1 246 0 -21 28 -55 223 -8 N N N N -2970 -466 410 -22 -22
1 9874 36 -171 101 53 0 0 240 0 33 68 -1 -925 4 N N N N -5 103 60 -22 -22
1 10014 42 164 -72 -269 -4 -1 268 0 -29 14 -34 -420 -12 N N N N -578 -44 107 -15 -15
1 10018 50 235 -43 -20 -2 1 265 0 -25 -100 31 -40 -13 N N N N 198 114 20 -16 -16
1 10014 123 -17 56 100 2 0 282 0 9 -28 37 -681 -82 N N N N -59 25 28 -8 -8
1 15065 329 -30 -89 91 750 -1 179 -1 -16 -14 -4 -278 -33 N N N N 14 43 21 -8 -8
1 9595 251 39 381 -72 1640 0 144 1 68 4 130 7 -2 N N N N 35 27 8 -5 -5
1 8094 134 -12 119 0 -2 1 390 1 6 6 55 -6 -6 N N N N 0 9 5 -2 -2
1 15689 254 -135 6 105 -6 1380 65 1 40 61 11 0 -2 N N N N -64 -8 10 -1 -1
1 9997 155 -186 -34 19 0 0 0 0 29 84 -44 -7 -4 N N N N -114 -42 2 5 5
1 10003 172 3471 19 8 0 0 0 0 4 66 -12 -3 -2 N N N N 6 10 5 -2 -2
1 10000 159 -168 -13 -13 0 0 0 0 -19 84 -18 2 -6 N N N N -4 3 2 -1 -1
1 10001 136 -168 -3 6 0 0 0 0 -43 77 1 -7 -1 N N N N -21 -2 4 0 0
1 9997 143 -184 12 -14 0 0 0 0 -67 70 28 -13 -4 N N N N -112 -41 2 4 4
1 10002 146 -164 -11 1 0 0 0 0 -72 39 22 6 0 N N N N -20 -6 2 0 0
1 10000 150 -148 0 7 0 0 0 0 -72 18 23 -3 0 N N N N 129 54 1 -6 -6
1 9569 150 -143 9 1 0 0 0 0 -71 -1 31 -1 -1 N N N N -165 -63 1 7 7
1 9918 146 -174 3 -102 61 -1417 2 0 -79 -47 88 0 -1 N N N N 40 17 1 -2 -2
1 10867 154 -175 29 -21 0 -1 0 2 -77 -61 30 -8 4 N N N N 67 27 0 -3 -3
1 9999 121 -108 12 -4 0 0 0 0 -35 -45 11 -14 -5 N N N N -212 -83 1 9 9
1 10000 136 -73 7 -2 0 0 0 0 -21 -33 3 -3 -2 N N N N 4 1 0 0 0
1 10001 129 -96 0 5 0 0 0 0 -16 -43 6 -1 0 N N N N -7 -2 1 0 0
1 9999 128 -128 -15 -5 0 0 0 0 -7 -65 7 -2 2 N N N N -40 -15 1 1 1
1 10000 123 -114 -2 5 0 0 0 0 3 -56 -2 -2 -1 N N N N -53 -21 0 2 2
1 10000 131 -141 -6 -1 0 0 0 0 21 -68 -4 3 1 N N N N -100 -39 1 5 5
1 10000 129 -130 10 -5 0 0 0 0 28 -59 -16 1 -2 N N N N 30 13 0 -2 -2
1 10001 148 -137 8 3 0 0 0 0 42 -50 -17 -2 -1 N N N N -35 -13 1 2 2
1 9999 113 -133 -1 3 0 0 0 0 53 -38 -22 -3 -2 N N N N -52 -19 0 2 2
1 10000 133 -111 -10 -10 0 0 0 0 54 -24 -21 5 0 N N N N 64 26 0 -3 -3
1 10000 130 -113 -4 14 0 0 0 0 57 -8 -13 -4 0 N N N N -108 -44 0 5 5
1 10000 121 -81 16 -16 0 0 0 0 38 -3 -20 -2 -2 N N N N 11 4 0 -1 -1
1 10001 125 -113 -10 8 0 0 0 0 58 9 -18 3 -1 N N N N -11 -2 1 0 0
1 9998 123 -123 2 5 0 0 0 0 59 21 -18 -2 -2 N N N N -46 -19 0 2 2
1 10001 148 -121 -7 -1 0 0 0 0 53 33 -22 -2 2 N N N N -105 -43 0 5 5
1 10000 131 -115 3 -2 0 0 0 0 43 41 -13 -3 -4 N N N N 34 15 1 -2 -2
1 10000 143 -114 10 -4 0 0 0 0 33 49 -9 2 3 N N N N 27 13 1 -1 -1
1 15448 222 -186 -7 147 -8 1426 1 -2 32 94 -1 6 -5 N N N N 40 18 1 -2 -2
1 13138 196 3409 -12 -23 0 0 0 0 2 95 -31 5 0 N N N N -208 -83 0 9 9
1 20472 324 -295 5 0 0 0 0 0 -63 141 0 -4 -3 N N N N 64 27 1 -4 -4
1 20001 284 -351 14 7 0 0 0 0 -150 105 35 45 8 N N N N -173 -88 -11 12 12
1 21060 301 -323 -22 -35 0 -201 1 -1 -156 3 73 490 238 N N N N -40 -8 5 0 0
1 18939 277 -272 35 -89 46 -1212 -1 3 -124 -89 82 6210 1521 N N N N -2074 -2486 -959 458 458
1 20000 201 -344 -4 -2 0 0 0 0 -82 -149 29 5531 1515 N N N N -87 -2524 -1454 570 570
1 20001 189 -103 18 4 0 0 0 0 -14 -50 -7 6672 2181 N N N N 7928 -5 -1743 334 334
1 19999 182 -117 13 1 0 0 0 0 -1 -58 -6 3996 1281 N N N N 598 -2123 -1341 526 526
1 20000 180 -51 -6 -12 0 0 0 0 8 -29 -1 4489 1487 N N N N -13487 -6604 -1030 1083 1083
1 20001 148 -73 -9 5 0 0 0 0 15 -33 1 2014 920 N N N N -17006 -7406 -882 1268 1268
1 19999 170 -93 4 2 0 0 0 0 20 -41 -7 2162 732 N N N N -12086 -5086 -594 944 944
1 20000 154 -219 5 2 0 0 0 0 71 -81 -23 1404 632 N N N N -12471 -5004 -511 979 979
1 20000 184 -132 4 1 0 0 0 0 56 -34 -19 1465 460 N N N N -9371 -3689 -375 767 767
1 23942 198 -11 -23 -119 0 -1360 1 -2 11 -26 -56 2787 942 N N N N -10493 -4325 -632 996 996
1 20001 167 119 5 2 0 0 0 0 -53 26 24 397 275 N N N N -11965 -4341 -292 990 990
1 19999 164 144 -1 1 0 0 0 0 -54 44 26 1082 208 N N N N -8159 -2980 -245 729 729
1 20000 166 180 2 -2 0 0 0 0 -47 71 30 1401 448 N N N N -7963 -3043 -399 815 815
1 20000 171 236 0 -2 0 0 0 0 -24 111 29 967 402 N N N N -8682 -3092 -250 836 836
1 20000 166 452 3 -1 0 0 0 0 86 205 17 2085 586 N N N N -7352 -2690 -321 785 785
1 20000 131 360 -2 4 0 0 0 0 160 93 -32 1272 437 N N N N -10580 -3738 -366 1135 1135
1 23704 156 363 -26 118 -7 1371 0 2 184 6 -121 873 348 N N N N -9063 -3129 -273 1001 1001
1 20003 97 226 26 1 0 0 0 0 89 -71 -22 887 264 N N N N -7197 -2418 -157 802 802
1 19999 102 138 2 0 0 0 0 0 40 -60 -9 1650 346 N N N N -6394 -2240 -301 810 810
1 20000 99 152 12 -7 0 0 0 0 25 -75 -2 1909 434 N N N N -5681 -2026 -361 778 778
1 20000 102 -3475 3 7 0 0 0 0 5 -65 1 1459 482 N N N N -6727 -2299 -316 899 899
1 19999 119 141 0 -2 0 0 0 0 -12 -73 3 590 339 N N N N -6808 -2248 -226 901 901
1 20001 120 178 -1 -2 0 0 0 0 -41 -84 8 826 299 N N N N -5646 -1877 -248 795 795
1 19998 130 91 4 -1 0 0 0 0 -31 -37 10 534 185 N N N N -5128 -1652 -144 710 710
1 20002 137 -90 -1 6 0 0 0 0 30 37 -7 956 269 N N N N -5508 -1752 -126 775 775
1 20000 149 -102 1 -3 0 0 0 0 27 46 -7 966 222 N N N N -4597 -1486 -189 695 695
1 24588 179 -161 -23 120 -10 1403 1 -2 25 86 -8 647 269 N N N N -5109 -1635 -200 788 788
1 20001 170 3468 10 -4 0 0 0 0 1 68 -12 723 278 N N N N -2713 -886 -180 450 450
1 19999 167 -131 4 4 0 0 0 0 -15 67 -7 508 161 N N N N -3492 -1105 -149 560 560
1 20000 176 -176 -3 0 0 0 0 0 -43 81 -6 669 137 N N N N -2758 -875 -141 457 457
1 20001 162 -142 -3 0 0 0 0 0 -53 54 3 351 123 N N N N -1870 -599 -132 323 323
1 20000 155 -120 -4 1 0 0 0 0 -52 35 8 218 85 N N N N -2688 -827 -67 434 434
1 20000 156 -115 -1 2 0 0 0 0 -55 24 12 75 67 N N N N -1363 -418 -35 223 223
1 20232 157 -177 1 2 0 0 0 0 -91 14 24 612 120 N N N N -946 -300 -71 168 168
1 21475 165 -239 -10 -124 0 -1404 1 2 -113 -49 103 330 107 N N N N -1477 -463 -89 258 258
1 19997 143 -207 20 -2 0 0 0 0 -90 -63 21 -47 25 N N N N -2583 -778 -21 422 422
1 20001 153 -173 -3 -1 0 0 0 0 -49 -72 15 -24 8 N N N N -2941 -881 -4 484 484
1 20000 146 -152 4 1 0 0 0 0 -26 -72 6 82 6 N N N N -2840 -851 -9 479 479
1 20000 144 -146 1 -2 0 0 0 0 -5 -73 1 201 33 N N N N -2310 -694 -22 401 401
1 20001 136 -105 1 1 0 0 0 0 7 -52 -3 276 61 N N N N -1372 -416 -39 247 247
1 19998 149 -73 -1 0 0 0 0 0 11 -35 -4 393 93 N N N N -217 -72 -53 48 48
1 20000 151 -22 6 -4 0 0 0 0 3 -11 -4 280 97 N N N N 507 142 -67 -75 -75
1 20001 143 -7 -1 5 0 0 0 0 1 -2 1 283 100 N N N N 856 245 -66 -134 -134
1 20001 146 -35 2 -1 0 0 0 0 8 -16 -2 289 98 N N N N 334 91 -60 -45 -45
1 24352 190 -31 -26 -120 0 -1379 1 -2 15 -50 -29 453 121 N N N N 965 274 -84 -147 -147
1 20411 151 190 9 2 0 0 0 0 -37 86 26 171 65 N N N N 1059 303 -68 -164 -164
1 20354 165 244 0 3 0 0 0 0 1 120 26 223 60 N N N N 338 89 -68 -42 -42
1 20410 157 219 0 -1 0 0 0 0 44 101 7 92 57 N N N N 392 107 -54 -53 -53
1 20353 149 194 0 -3 0 0 0 0 69 72 -4 107 57 N N N N 387 108 -40 -56 -56
1 20355 147 212 4 3 0 0 0 0 95 54 -20 -45 15 N N N N 122 33 -13 -17 -17
1 23272 187 254 -10 130 -9 1375 1 2 130 43 -101 305 34 N N N N -1223 -364 -26 209 209
1 20786 132 227 8 -14 0 0 0 0 108 -42 -25 237 63 N N N N -210 -68 -33 42 42
1 20001 160 158 6 4 0 0 0 0 63 -52 -18 222 75 N N N N 333 94 -28 -49 -49
1 19999 132 129 -4 0 0 0 0 0 39 -55 -12 40 41 N N N N 952 278 -10 -156 -156
1 20000 155 151 4 0 0 0 0 0 29 -73 -7 306 77 N N N N 301 81 -48 -39 -39
1 20000 134 127 0 1 0 0 0 0 8 -66 -3 112 45 N N N N 1349 391 -30 -213 -213
1 20001 140 -3440 0 -4 0 0 0 0 -13 -83 5 185 65 N N N N 1360 389 -49 -209 -209
1 19999 138 112 2 2 0 0 0 0 -22 -54 7 10 30 N N N N 1367 400 -15 -215 -215
1 20000 148 126 1 0 0 0 0 0 -37 -55 10 119 28 N N N N 826 238 -18 -127 -127
1 20000 137 57 -3 -2 0 0 0 0 -21 -21 5 133 21 N N N N -253 -79 -24 46 46
1 25118 180 -159 -14 123 -10 1405 0 -2 53 74 9 198 46 N N N N -104 -40 -46 28 28
1 19961 145 -203 5 1 0 0 0 0 36 96 -28 176 49 N N N N 1047 298 -44 -154 -154
1 20039 136 3409 0 -2 0 0 0 0 -1 97 -23 23 19 N N N N 528 148 -31 -75 -75
1 20000 161 -194 -2 1 0 0 0 0 -34 95 -9 16 20 N N N N -55 -18 -10 11 11
1 20001 148 -201 3 0 0 0 0 0 -69 82 5 -102 -27 N N N N -660 -192 5 102 102
1 20000 158 -168 -1 2 0 0 0 0 -75 47 13 -25 -16 N N N N -3050 -890 8 482 482
1 20000 151 -199 -3 -1 0 0 0 0 -100 27 23 145 9 N N N N -2815 -824 -7 458 458
1 24288 186 -269 20 -127 39 -1405 0 2 -137 -43 107 200 41 N N N N -3787 -1110 -31 635 635
1 20826 145 -212 12 4 0 0 0 0 -93 -60 18 102 25 N N N N -2456 -719 -10 420 420
1 20000 135 -124 5 0 0 0 0 0 -42 -48 8 164 30 N N N N -1180 -347 -19 206 206
1 20000 142 -160 1 1 0 0 0 0 -36 -72 7 198 49 N N N N -734 -218 -39 135 135
1 20000 150 -118 3 0 0 0 0 0 -13 -58 2 71 41 N N N N -69 -23 -25 16 16
1 20000 148 -58 1 1 0 0 0 0 -1 -29 0 93 26 N N N N 388 112 -15 -65 -65
1 20000 131 -84 2 0 0 0 0 0 2 -42 -2 106 42 N N N N 379 107 -27 -60 -60
1 20000 143 -55 3 0 0 0 0 0 5 -27 -2 125 35 N N N N 277 78 -21 -44 -44
1 20000 153 -47 -4 -1 0 0 0 0 8 -23 -1 232 49 N N N N 177 47 -39 -23 -23
1 20000 126 -55 5 -2 0 0 0 0 9 -26 -3 127 28 N N N N 754 216 -27 -124 -124
1 24414 174 -21 -25 -120 0 -1362 1 -2 11 -45 -24 133 67 N N N N 958 272 -43 -154 -154
1 20000 139 164 9 7 0 0 0 0 -28 78 21 -1 18 N N N N 514 147 -20 -83 -83
1 20000 148 258 0 -6 0 0 0 0 7 124 25 127 33 N N N N 689 196 -28 -110 -110
1 20002 149 255 1 3 0 0 0 0 62 114 8 149 35 N N N N 694 198 -22 -111 -111
1 19999 127 230 -3 0 0 0 0 0 93 75 -9 117 37 N N N N 783 221 -34 -123 -123
1 19999 140 233 -4 0 0 0 0 0 117 37 -22 63 31 N N N N 929 266 -18 -149 -149
1 30881 236 395 -45 116 -84 1370 0 2 199 -24 -124 80 37 N N N N 1300 375 -13 -209 -209
1 20002 164 197 2 3 0 0 0 0 70 -73 -23 79 20 N N N N 704 202 -4 -113 -113
1 20000 178 107 7 -1 0 0 0 0 27 -49 -6 49 21 N N N N 575 166 -6 -91 -91
1 19997 171 -47 -2 1 0 0 0 0 -11 22 2 64 13 N N N N 427 122 -6 -67 -67
1 20001 159 -133 1 -3 0 0 0 0 -39 57 14 168 29 N N N N 320 90 -14 -48 -48
1 20000 176 -151 -1 1 0 0 0 0 -59 51 19 150 48 N N N N 231 61 -33 -29 -29
1 40003 350 -184 2 -1 0 0 0 0 -87 37 30 152 46 N N N N 610 169 -40 -88 -88
1 39999 367 -238 -4 2 0 0 0 0 -119 5 39 156 54 N N N N 418 113 -41 -56 -56
1 39999 349 -236 22 1 29 0 -1 0 -117 -43 32 88 35 N N N N -320 -97 -28 57 57
1 39999 353 -293 3 -1 0 0 0 0 -102 -106 30 197 49 N N N N 486 133 -35 -69 -69
1 39999 352 -350 -3 0 0 0 0 0 -36 -170 11 135 36 N N N N -152 -49 -31 31 31
1 40001 349 -336 -1 1 0 0 0 0 64 -154 -19 199 60 N N N N -932 -276 -43 157 157
1 39999 352 -304 0 -3 0 0 0 0 124 -90 -38 77 36 N N N N 732 207 -21 -110 -110
1 43652 374 121 -4 -116 0 -1371 1 -2 -53 2 -34 129 50 N N N N 174 43 -37 -19 -19
1 39998 369 482 -4 0 0 0 0 0 -130 184 79 121 22 N N N N -1189 -346 -26 193 193
1 40002 362 502 -1 0 0 0 0 0 67 236 29 188 50 N N N N -1468 -427 -38 241 241
1 39982 333 510 3 35 3 220 0 -1 229 127 -64 240 61 N N N N 864 241 -34 -129 -129
1 40367 356 414 4 84 -10 1159 -1 3 195 -55 -101 162 68 N N N N 471 130 -29 -68 -68
1 40002 346 -14 6 1 0 0 0 0 -6 5 4 83 26 N N N N -521 -151 -9 84 84
1 39998 352 -187 -7 -2 0 0 0 0 -83 49 23 122 31 N N N N -67 -23 -24 16 16
1 40000 360 -200 7 1 0 0 0 0 -102 20 30 322 76 N N N N 425 113 -49 -56 -56
1 40001 354 -256 -7 0 0 0 0 0 -127 -24 38 232 60 N N N N 1950 548 -50 -293 -293
1 46178 409 79 -10 -119 0 -1382 0 -2 42 -21 46 162 79 N N N N 1773 494 -58 -259 -259
1 41351 361 494 -1 119 -9 1379 0 2 242 -3 -134 200 58 N N N N 2448 689 -38 -361 -361
1 40000 361 252 11 0 0 0 0 0 90 -94 -23 147 60 N N N N 1263 353 -28 -181 -181
1 40002 361 -13 2 2 0 0 0 0 -4 6 0 190 55 N N N N -67 -27 -34 19 19
1 39998 349 -235 -4 -2 0 0 0 0 -85 87 25 153 37 N N N N 431 115 -33 -56 -56
1 40002 352 -323 -1 -1 0 0 0 0 -157 49 49 144 40 N N N N 337 90 -28 -42 -42
1 39998 349 -351 1 1 -1 0 0 0 -170 -49 52 123 38 N N N N 937 259 -26 -131 -131
1 40002 349 -315 0 0 0 0 0 0 -105 -118 32 31 23 N N N N 2875 811 -18 -411 -411
1 39998 345 -296 0 -1 0 0 0 0 -30 -145 8 -47 -8 N N N N -1580 -447 3 227 227
1 40000 377 -311 4 -2 0 0 0 0 50 -147 -16 58 0 N N N N -12344 -3500 -1 1868 1868
1 40001 354 -259 1 1 0 0 0 0 94 -88 -29 151 26 N N N N -4495 -1277 -19 726 726
1 44119 414 143 -14 -117 1 -1379 0 -2 -54 13 -26 140 48 N N N N 13 -1 -38 5 5
1 40409 390 518 -1 1 0 0 0 0 -85 226 76 190 47 N N N N -305 -91 -37 57 57
1 40355 381 543 5 -5 0 0 0 0 141 227 1 107 48 N N N N -1302 -372 -27 218 218
1 44176 417 576 -16 122 -9 1373 -1 2 285 51 -141 175 48 N N N N 712 199 -25 -112 -112
1 40001 375 252 22 1 0 0 0 0 99 -81 -27 167 56 N N N N -3110 -882 -29 519 519
1 40000 369 -191 0 0 0 0 0 0 -74 66 23 154 33 N N N N -857 -245 -23 148 148
1 39999 369 -282 -3 -1 0 0 0 0 -137 44 42 121 35 N N N N 352 98 -23 -55 -55
1 40000 364 -238 3 1 0 0 0 0 -121 -16 36 145 47 N N N N 670 185 -30 -107 -107
1 40000 355 -144 1 1 0 0 0 0 -65 -33 20 119 41 N N N N 4514 1269 -25 -735 -735
1 43588 401 283 -14 -117 0 -1377 -1 -2 138 19 17 188 50 N N N N 3673 1028 -41 -575 -575
1 41353 355 494 26 116 30 1385 0 2 230 -50 -124 175 57 N N N N -4350 -1229 -37 699 699
1 40001 332 316 13 0 0 0 0 0 83 -141 -16 158 48 N N N N -3458 -974 -25 569 569
1 39998 354 -140 -6 0 0 0 0 0 -27 68 4 248 63 N N N N -2372 -671 -42 403 403
1 40003 339 -279 1 2 0 0 0 0 -99 107 25 84 35 N N N N -1599 -451 -26 274 274
1 39998 349 -226 2 -1 0 0 0 0 -110 42 31 62 28 N N N N -1722 -484 -15 297 297
1 45413 398 -406 -30 -5 -8 1 -1 0 -195 -35 61 143 39 N N N N -1217 -343 -26 213 213
1 39998 344 -341 16 3 0 0 0 0 -124 -122 29 209 52 N N N N -753 -213 -34 136 136
1 40001 349 -264 3 -4 0 0 0 0 -34 -129 9 97 37 N N N N -675 -190 -25 121 121
1 39999 341 -327 -1 5 0 0 0 0 43 -155 -13 130 32 N N N N -251 -72 -22 46 46
1 40000 345 -305 2 0 0 0 0 0 111 -105 -31 188 52 N N N N -740 -208 -32 134 134
1 40000 350 -259 2 -2 0 0 0 0 127 -36 -37 81 34 N N N N -314 -89 -21 57 57
1 45058 382 -25 -6 2 -9 -4 0 0 14 0 -3 109 37 N N N N -64 -19 -20 14 14
1 40002 348 -185 -2 0 0 0 0 0 95 14 -28 152 37 N N N N 150 41 -30 -23 -23
1 39998 350 -216 2 3 0 0 0 0 99 54 -27 158 42 N N N N -663 -186 -28 120 120
1 40000 358 -230 3 -1 0 0 0 0 75 94 -21 175 44 N N N N -1077 -302 -32 194 194
1 40003 342 -212 -1 -1 0 0 0 0 32 106 -8 88 41 N N N N -434 -121 -23 79 79
1 43997 396 3267 -14 117 -11 1381 -1 -2 -34 172 -28 36 23 N N N N -373 -104 -17 69 69
1 40001 356 -455 2 4 0 0 0 0 -183 150 27 170 37 N N N N -116 -33 -30 23 23
1 42001 379 -441 -18 -122 0 -1386 -1 2 -214 -40 130 126 36 N N N N 41 11 -19 -5 -5
1 39998 369 -350 21 0 0 0 0 0 -129 -125 33 162 42 N N N N 56 14 -26 -8 -8
1 40001 361 -264 1 -1 0 0 0 0 -35 -129 8 99 27 N N N N 185 51 -20 -31 -31
1 39999 389 -257 1 1 0 0 0 0 27 -125 -8 149 40 N N N N 142 39 -26 -22 -22
1 40001 373 -244 2 0 0 0 0 0 74 -98 -21 300 68 N N N N 145 39 -42 -22 -22
1 40001 376 -318 -6 0 0 0 0 0 146 -69 -43 110 58 N N N N -281 -79 -39 54 54
1 46177 437 103 -3 -118 0 -1376 0 -2 -51 -9 -44 240 67 N N N N 407 111 -44 -68 -68
1 40001 392 560 -4 -3 0 0 0 0 -181 184 98 155 44 N N N N -461 -128 -32 85 85
1 39999 372 588 -1 4 0 0 0 0 73 275 36 223 56 N N N N 572 157 -41 -97 -97
1 39877 376 565 2 129 22 1384 1 0 261 133 -127 297 96 N N N N 432 117 -57 -69 -69
1 40123 345 378 28 -12 0 0 -2 2 168 -93 -35 119 52 N N N N 146 40 -24 -23 -23
1 40000 338 -110 -1 1 0 0 0 0 -43 38 11 59 22 N N N N 163 44 -13 -27 -27
1 39999 315 -270 -3 -1 0 0 0 0 -130 52 34 290 50 N N N N 652 178 -33 -110 -110
1 40000 294 -341 1 -2 0 0 0 0 -173 -25 48 179 66 N N N N 126 33 -45 -16 -16
1 40000 317 -298 0 2 0 0 0 0 -117 -95 30 321 73 N N N N -245 -69 -44 47 47
1 45881 341 73 -9 -114 0 -1384 -1 -2 27 -9 32 200 86 N N N N -513 -143 -58 94 94
1 41091 323 496 0 31 0 219 2 -1 229 112 -58 124 48 N N N N -469 -130 -35 85 85
1 39322 295 405 7 84 -7 1165 -2 3 191 -56 -96 146 49 N N N N -268 -74 -17 48 48
1 40000 300 14 3 2 0 0 0 0 5 -5 -1 184 53 N N N N -75 -21 -27 16 16
1 40001 302 -300 -4 -3 0 0 0 0 -137 73 37 196 43 N N N N -160 -45 -37 31 31
1 40000 297 -298 3 3 0 0 0 0 -153 -3 42 364 91 N N N N 33 7 -61 1 1
1 39999 320 -269 1 -3 0 0 0 0 -121 -66 33 297 89 N N N N 152 40 -54 -21 -21
1 43587 337 189 -13 -121 1 -1382 0 -2 85 17 33 143 80 N N N N -900 -247 -47 160 160
1 42000 338 527 -6 118 -10 1384 0 2 264 25 -132 279 75 N N N N -771 -211 -47 138 138
1 40000 316 306 10 1 0 0 0 0 113 -110 -28 51 34 N N N N -117 -32 -22 22 22
1 40000 322 95 6 4 0 0 0 0 21 -45 -4 127 34 N N N N 850 230 -17 -145 -145
1 40001 322 7 1 -1 0 0 0 0 2 -3 1 134 34 N N N N 1017 276 -22 -173 -173
1 39999 323 -123 -3 0 0 0 0 0 -29 58 4 335 79 N N N N 386 104 -48 -61 -61
1 43530 365 -362 -15 118 -10 1388 -1 -2 -144 126 -21 307 104 N N N N -387 -108 -67 73 73
1 41734 356 -457 -9 -129 0 -1407 -1 2 -227 -19 134 205 61 N N N N -766 -209 -43 135 135
1 40798 321 -376 10 7 0 0 0 0 -140 -127 37 278 64 N N N N 202 54 -38 -31 -31
1 39999 332 -345 4 3 0 0 0 0 -37 -167 8 379 109 N N N N 36 8 -62 1 1
1 40000 340 -295 2 0 0 0 0 0 49 -138 -16 172 75 N N N N 233 62 -48 -35 -35
1 40000 330 -258 5 1 0 0 0 0 94 -88 -28 69 37 N N N N -47 -13 -23 10 10
1 39999 344 -146 0 -1 0 0 0 0 69 -29 -20 87 29 N N N N -77 -22 -15 14 14
1 43586 377 357 -22 -119 0 -1368 0 -2 -144 65 7 73 22 N N N N 39 10 -23 -4 -4
1 40001 368 509 1 -3 0 0 0 0 -60 231 68 171 36 N N N N 154 41 -30 -23 -23
1 39999 348 550 -1 4 0 0 0 0 169 218 -8 147 38 N N N N -1019 -276 -28 175 175
1 41826 360 590 18 115 30 1381 0 2 287 14 -136 154 46 N N N N -662 -178 -25 115 115
1 40000 318 377 19 0 0 0 0 0 116 -155 -26 237 52 N N N N -410 -111 -30 73 73
1 40001 337 -3232 -2 2 0 0 0 0 -6 -190 0 64 33 N N N N -448 -120 -25 79 79
1 39999 339 344 -1 1 0 0 0 0 -111 -141 28 157 46 N N N N -203 -55 -25 36 36
1 39999 336 273 7 1 0 0 0 0 -135 -50 36 218 60 N N N N -218 -59 -34 41 41
1 40003 335 363 -6 -1 0 0 0 0 -182 34 46 186 46 N N N N -80 -22 -38 16 16
1 45116 378 571 -9 -116 -1 -1378 -1 -2 -150 193 35 215 68 N N N N 85 22 -42 -11 -11
1 40000 352 538 -1 -4 0 0 0 0 98 243 24 193 59 N N N N -10 -3 -39 5 5
1 43520 364 588 -11 134 -7 1380 0 2 286 107 -130 221 53 N N N N -12 -3 -32 5 5
1 40831 337 462 16 -9 0 0 0 0 182 -150 -39 255 78 N N N N 115 30 -46 -16 -16
1 40000 335 -3217 -4 -3 0 0 0 0 25 -197 -8 255 70 N N N N 269 71 -44 -42 -42
1 39999 317 371 -1 0 0 0 0 0 -101 -164 28 288 71 N N N N 360 95 -45 -57 -57
1 40001 331 400 6 -2 0 0 0 0 -196 -69 53 273 101 N N N N 769 204 -53 -125 -125
1 40000 321 384 -1 5 0 0 0 0 -184 65 51 266 85 N N N N 1191 315 -51 -193 -193
1 44591 364 581 -11 -124 1 -1374 -1 -2 -108 216 35 144 51 N N N N 1012 268 -38 -163 -163
1 40352 344 594 0 0 0 0 0 0 167 242 1 213 56 N N N N 318 83 -37 -49 -49
1 44116 350 589 3 121 -9 1367 -1 2 292 20 -133 294 81 N N N N 735 193 -50 -114 -114
1 40000 335 386 4 1 0 0 0 0 123 -156 -32 292 84 N N N N 258 66 -43 -37 -37
1 40001 323 -3301 -1 -5 0 0 0 0 6 -156 -1 164 64 N N N N 778 204 -38 -121 -121
1 40000 332 198 6 5 0 0 0 0 -41 -96 11 255 74 N N N N 646 169 -40 -99 -99
1 39999 319 325 -7 -1 0 0 0 0 -129 -109 33 191 50 N N N N 570 148 -35 -87 -87
1 44532 369 -64 -9 122 -10 1416 0 -2 31 36 42 188 50 N N N N -444 -119 -35 75 75
1 40352 341 -496 -3 -2 0 0 0 0 144 194 -85 371 107 N N N N 230 57 -70 -28 -28
1 40354 331 3134 0 -1 0 0 0 0 -61 229 -32 162 50 N N N N 266 68 -28 -39 -39
1 40409 341 -482 -3 4 0 0 0 0 -219 119 38 414 108 N N N N 757 195 -69 -110 -110
1 41942 325 -465 6 -127 0 -1412 -2 2 -218 -98 132 191 75 N N N N 599 154 -43 -89 -89
1 40002 337 -349 4 2 0 0 0 0 -90 -150 22 141 46 N N N N 471 122 -23 -70 -70
1 40000 329 -270 3 0 0 0 0 0 1 -135 -2 237 52 N N N N 545 141 -28 -81 -81
1 40000 345 -306 -1 -3 0 0 0 0 76 -134 -23 278 67 N N N N 657 168 -43 -95 -95
1 39999 333 -274 1 3 0 0 0 0 118 -72 -31 339 111 N N N N 358 88 -73 -45 -45
1 44294 370 316 -11 -117 0 -1380 0 -2 -130 57 -3 189 57 N N N N 799 205 -42 -116 -116
1 40353 347 608 -1 -1 0 0 0 0 -51 279 76 231 70 N N N N 39 7 -44 1 1
1 40411 362 538 4 -1 0 0 0 0 192 189 -18 212 54 N N N N -27 -10 -39 9 9
1 43998 378 589 -7 119 -9 1376 0 2 286 -24 -143 271 79 N N N N 938 240 -44 -135 -135
1 40002 347 387 6 2 0 0 0 0 97 -174 -26 257 72 N N N N 554 140 -41 -77 -77
1 39998 350 -3199 3 -3 0 0 0 0 -44 -203 14 234 67 N N N N 1037 265 -39 -148 -148
1 40000 359 293 -1 2 0 0 0 0 -112 -104 31 209 67 N N N N 1301 333 -41 -186 -186
1 40000 348 324 3 -1 0 0 0 0 -164 -35 47 220 67 N N N N 1126 287 -42 -158 -158
1 46650 424 519 -13 -119 0 -1379 -1 -2 -219 93 32 56 21 N N N N 1074 275 -24 -151 -151
1 40350 367 557 -2 -1 0 0 0 0 -32 260 66 225 32 N N N N 583 147 -28 -79 -79
1 40355 368 506 0 4 0 0 0 0 179 183 -19 198 74 N N N N -27 -13 -49 12 12
1 45704 419 599 0 116 -9 1390 0 2 290 -15 -146 212 62 N N N N -510 -135 -32 79 79
1 40000 356 387 8 1 0 0 0 0 101 -172 -26 120 33 N N N N -49 -15 -15 10 10
1 40000 371 -3319 0 2 0 0 0 0 -12 -146 4 207 55 N N N N 868 220 -33 -119 -119
1 40000 357 303 3 -3 0 0 0 0 -89 -131 27 192 52 N N N N 1355 344 -35 -186 -186
1 40000 364 349 -4 2 0 0 0 0 -165 -71 48 68 28 N N N N 1170 298 -19 -162 -162
1 43900 395 -77 -11 89 -9 1179 0 -3 42 24 30 122 30 N N N N 265 66 -19 -33 -33
1 39042 365 -366 5 -91 -1 -1190 -2 3 159 82 -93 221 47 N N N N 354 86 -30 -44 -44
1 39999 353 -233 5 1 0 0 0 0 57 108 -15 127 48 N N N N 801 201 -33 -105 -105
1 40001 367 -107 1 0 0 0 0 0 11 55 -2 55 20 N N N N 32 7 -9 -3 -3
1 39999 362 3519 0 2 0 0 0 0 1 43 -1 80 14 N N N N -458 -119 -11 66 66
1 40001 338 -3517 0 1 0 0 0 0 -1 -44 0 54 20 N N N N -189 -51 -13 29 29
1 40884 378 3453 -15 120 -10 1395 0 -2 -2 79 -18 -13 -13 N N N N -760 -195 -4 107 107
1 40000 367 -437 -2 1 0 0 0 0 -119 193 -2 134 31 N N N N -629 -165 -22 92 92
1 39992 354 -411 -2 -2 0 0 0 0 -201 65 54 110 33 N N N N -9 -5 -22 6 6
1 42831 349 -438 2 -123 0 -1401 0 2 -192 -119 128 177 26 N N N N -306 -81 -19 47 47
1 40001 349 -285 4 0 0 0 0 0 -68 -127 20 68 26 N N N N 1 -2 -16 2 2
1 40000 348 -242 3 0 0 0 0 0 -5 -121 -1 107 27 N N N N 167 41 -14 -20 -20
1 39999 355 -283 0 0 0 0 0 0 60 -129 -18 139 32 N N N N 245 59 -22 -31 -31
1 40000 341 -227 2 0 0 0 0 0 87 -74 -28 100 30 N N N N 65 14 -21 -5 -5
1 43646 388 287 -12 -122 0 -1367 -1 -2 -101 62 0 127 32 N N N N 79 17 -24 -6 -6
1 40000 346 547 -3 6 0 0 0 0 -25 259 64 204 48 N N N N 192 43 -36 -20 -20
1 40001 362 537 2 -2 0 0 0 0 194 186 -28 98 36 N N N N 606 152 -23 -80 -80
1 45118 374 614 21 116 27 1377 0 2 288 -41 -146 99 30 N N N N 821 207 -17 -110 -110
1 40000 319 85 7 2 0 0 0 0 29 -34 -5 228 45 N N N N 377 93 -17 -48 -48
1 40000 337 -225 -2 2 0 0 0 0 -87 79 24 58 23 N N N N 409 101 -25 -52 -52
1 40000 331 -290 6 -2 0 0 0 0 -145 42 41 136 35 N N N N 862 216 -21 -113 -113
1 39999 347 -216 -1 0 0 0 0 0 -109 -17 33 116 33 N N N N 361 88 -22 -44 -44
1 45067 379 205 -11 -85 1 -1178 0 -3 107 -4 13 127 35 N N N N 164 37 -26 -17 -17
1 38641 334 361 5 85 -7 1175 -1 3 173 -39 -94 190 50 N N N N 550 135 -30 -68 -68
1 39999 348 -122 -3 3 0 0 0 0 -54 33 14 211 42 N N N N 265 63 -22 -31 -31
1 40000 347 -330 0 -3 0 0 0 0 -167 24 51 167 47 N N N N 1028 255 -36 -131 -131
1 40000 356 -315 1 0 0 0 0 0 -147 -63 43 112 40 N N N N 1644 413 -25 -213 -213
1 40000 345 -299 -1 2 0 0 0 0 -89 -120 27 78 25 N N N N 860 214 -16 -110 -110
1 43647 408 74 -10 -122 0 -1374 0 -2 18 -9 24 164 40 N N N N -377 -100 -27 56 56
1 40001 374 520 7 1 0 0 0 0 209 159 -34 71 25 N N N N -300 -80 -18 44 44
1 41588 377 445 -2 120 -9 1373 0 2 219 -16 -125 87 26 N N N N -354 -92 -16 50 50
1 39999 376 240 5 -1 0 0 0 0 86 -90 -24 84 19 N N N N -174 -46 -10 25 25
1 40001 367 55 4 3 0 0 0 0 14 -25 -3 195 36 N N N N -66 -20 -18 13 13
1 40000 395 -151 -5 -2 0 0 0 0 -43 66 11 80 29 N N N N -352 -95 -28 53 53
1 39998 370 -250 1 1 0 0 0 0 -105 77 30 33 17 N N N N -526 -134 -11 72 72
1 42248 378 -404 -18 88 -11 1178 0 -3 -201 29 19 3 7 N N N N -384 -99 -7 52 52
1 39459 387 -386 4 -93 0 -1182 -1 3 -159 -129 96 143 16 N N N N -49 -14 -10 9 9
1 39998 373 -374 4 3 0 0 0 0 -57 -177 17 79 25 N N N N 591 146 -20 -74 -74
1 40000 373 -320 3 2 0 0 0 0 45 -152 -15 179 41 N N N N 792 195 -25 -99 -99
1 40002 377 -264 -2 -2 0 0 0 0 96 -94 -30 23 13 N N N N 1272 318 -12 -164 -164
1 39998 385 -323 -5 2 0 0 0 0 158 -43 -51 124 27 N N N N -415 -108 -18 58 58
1 42717 390 100 -7 12 21 9 1 -2 -49 7 24 48 18 N N N N -711 -181 -13 96 96
1 42165 388 341 31 -14 0 0 -2 2 -163 72 36 83 20 N N N N -27 -9 -12 6 6
1 40000 350 -243 -7 2 0 0 0 0 108 -63 -29 105 18 N N N N -69 -20 -13 12 12
1 40001 355 -294 2 -2 0 0 0 0 150 -12 -46 59 21 N N N N -18 -7 -14 6 6
1 40000 360 -311 -5 0 0 0 0 0 147 71 -42 96 18 N N N N 25 3 -15 0 0
1 39999 344 -274 7 0 0 0 0 0 81 118 -20 98 20 N N N N 567 140 -12 -72 -72
1 41414 348 3205 -17 123 -8 1389 0 -2 4 206 -32 121 41 N N N N 792 194 -28 -97 -97
1 40353 363 -466 0 6 0 0 0 0 -165 178 14 72 21 N N N N 241 58 -14 -28 -28
1 41824 357 -518 -13 -128 0 -1393 -1 2 -253 -24 144 144 37 N N N N 343 82 -22 -40 -40
1 40000 326 -426 23 -1 0 0 0 0 -145 -161 38 130 21 N N N N 647 159 -15 -79 -79
1 39999 346 -298 -2 1 0 0 0 0 -13 -148 4 81 29 N N N N 754 186 -18 -93 -93
1 40001 305 -244 1 2 0 0 0 0 46 -113 -15 92 23 N N N N 646 158 -16 -79 -79
1 40000 339 -303 -2 0 0 0 0 0 116 -100 -33 127 32 N N N N -112 -32 -21 19 19
1 40000 323 -271 4 -3 0 0 0 0 134 -31 -43 73 22 N N N N -366 -95 -13 50 50
1 44990 359 135 -24 14 -10 0 0 0 -63 11 29 55 20 N N N N -149 -40 -15 23 23
1 40833 339 382 19 -13 0 0 0 0 -168 96 44 123 27 N N N N -58 -17 -13 10 10
1 40000 319 -11 1 0 0 0 0 0 3 -4 -2 156 39 N N N N 332 77 -26 -36 -36
1 39999 313 -235 -2 -1 0 0 0 0 95 -73 -28 68 19 N N N N 270 65 -14 -31 -31
1 40001 326 -291 0 3 0 0 0 0 145 -30 -45 90 22 N N N N 254 60 -14 -29 -29
1 40000 302 -286 -3 -3 0 0 0 0 142 44 -46 52 16 N N N N 320 77 -13 -38 -38
1 44000 354 -434 -13 127 -11 1405 0 -2 133 184 -31 75 26 N N N N 98 21 -17 -8 -8
1 40000 308 3127 0 -2 0 0 0 0 -40 236 -38 81 23 N N N N 1046 258 -15 -129 -129
1 40000 309 -447 2 1 0 0 0 0 -190 134 36 62 13 N N N N 1099 272 -10 -135 -135
1 44000 331 -524 11 -124 30 -1413 -1 2 -252 -81 144 133 26 N N N N 672 164 -17 -79 -79
1 40001 286 -359 16 0 0 0 0 0 -100 -153 23 93 24 N N N N 148 33 -16 -15 -15
1 39999 273 -226 -2 -1 0 0 0 0 -6 -114 1 52 14 N N N N -422 -107 -8 55 55
1 40000 291 -285 2 2 0 0 0 0 56 -131 -15 117 26 N N N N 132 30 -15 -13 -13
1 39999 300 -271 -4 -3 0 0 0 0 107 -89 -31 145 37 N N N N 283 65 -24 -29 -29
1 40001 268 -286 4 4 0 0 0 0 143 -30 -40 84 24 N N N N 505 121 -18 -58 -58
1 45666 329 153 -20 13 -7 9 0 0 -75 11 30 100 27 N N N N 311 73 -20 -33 -33
1 40806 302 334 13 -17 0 0 0 0 -150 80 35 43 17 N N N N 326 79 -9 -38 -38
1 39999 290 -146 1 4 0 0 0 0 58 -45 -16 39 10 N N N N 160 38 -8 -18 -18
1 40000 285 -321 -3 -4 0 0 0 0 158 -46 -48 95 18 N N N N 243 57 -12 -27 -27
1 40000 285 -343 0 2 0 0 0 0 169 52 -51 74 16 N N N N -27 -9 -12 7 7
1 40000 282 -341 -4 -2 0 0 0 0 111 139 -34 127 28 N N N N 180 40 -18 -18 -18
1 41353 305 3186 -13 123 -10 1392 -1 -2 1 215 -29 101 37 N N N N 580 138 -24 -65 -65
1 40353 309 -450 8 2 0 0 0 0 -161 172 18 103 27 N N N N 703 170 -19 -80 -80
1 41381 308 -484 -9 -134 0 -1394 0 2 -239 -20 142 77 19 N N N N -130 -36 -13 19 19
1 40794 319 -408 13 9 0 0 0 0 -149 -141 38 73 15 N N N N 501 122 -11 -58 -58
1 40001 295 -358 0 0 0 0 0 0 -22 -177 6 94 22 N N N N 892 218 -13 -104 -104
1 40000 297 -305 2 0 0 0 0 0 66 -138 -21 116 25 N N N N 357 84 -17 -39 -39
1 39999 322 -305 1 0 0 0 0 0 127 -86 -40 48 17 N N N N 1501 369 -12 -176 -176
1 40001 313 -322 -2 2 0 0 0 0 165 -8 -49 50 12 N N N N 852 208 -9 -99 -99
1 43943 354 -450 -12 127 -11 1402 0 -2 188 143 -31 47 17 N N N N -388 -99 -11 49 49
1 40000 334 3125 -3 -6 0 0 0 0 33 233 -63 56 13 N N N N -1325 -331 -11 161 161
1 40234 350 -449 2 2 0 0 0 0 -148 182 11 92 21 N N N N -555 -141 -12 70 70
1 40361 330 -469 4 -30 0 -215 0 -1 -235 26 87 94 24 N N N N 1358 332 -17 -158 -158
1 39640 332 -402 21 -95 29 -1198 -1 3 -162 -146 91 79 12 N N N N 1679 413 -9 -196 -196
1 38713 229 -188 238 -19 220 -247 -123 -4 -81 -97 -57 84 15 N N N N 391 92 -14 -42 -42
1 39989 205 -67 4 -4 2 -1 -174 0 0 -33 11 56 9 N N N N -672 -168 -9 81 81
1 40116 159 -221 13 2 -2 0 -172 0 13 -97 4 16 -1 N N N N -617 -155 -6 75 75
1 52401 60 -237 272 7 486 1 -170 0 9 -99 -146 7 0 N N N N -991 -247 -8 120 120
1 27472 -44 8 34 -11 -1 -1 -119 0 -5 7 -9 -5 8 N N N N -197 -48 3 22 22
1 40084 -195 82 -20 9 1 1 -169 0 -19 32 4 -9 19 N N N N -181 -44 1 22 22
1 40032 -281 -8 -40 -3 1 -1 -167 0 4 -6 9 -55 -3 N N N N 152 38 4 -19 -19
1 45426 -353 388 -82 138 -1 1394 -88 2 -33 172 -25 -132 -30 N N N N 1677 420 18 -204 -204
1 40472 -359 621 -3 -4 0 0 0 0 178 249 28 -74 -15 N N N N 1234 309 15 -149 -149
1 39249 -325 495 40 -125 -58 -1380 -76 -2 243 -12 148 -109 -29 N N N N -1440 -351 16 165 165
1 39932 -307 235 -122 10 -1 0 -170 2 114 -81 23 -38 -13 N N N N -1563 -384 11 182 182
1 41289 -325 13 -5 0 0 -1 -2 2 5 -6 1 -78 -17 N N N N -678 -165 10 79 79
1 39998 -349 200 0 0 0 0 0 0 48 -93 13 -40 -10 N N N N 622 156 10 -77 -77
1 40000 -317 -3243 5 0 0 0 0 0 -5 -184 0 -55 -9 N N N N 1082 271 8 -132 -132
1 40000 -323 210 1 -1 0 0 0 0 -57 -96 -16 -72 -15 N N N N 452 114 8 -55 -55
1 40002 -332 304 -3 1 0 0 0 0 -133 -87 -36 -106 -26 N N N N -1000 -243 18 114 114
1 38785 -325 253 130 2 -1 1 -107 -4 -157 -9 -44 -88 -30 N N N N -640 -154 18 71 71
1 42097 -344 709 -126 122 1 1379 -54 2 -231 229 -51 -83 -20 N N N N -997 -243 14 116 116
1 40000 -358 743 -1 -1 0 0 0 0 145 323 -29 -92 -17 N N N N -874 -214 13 102 102
1 40677 -360 726 130 -120 8 -1397 -58 -2 342 -35 150 -133 -35 N N N N 164 46 19 -25 -25
1 43266 -358 421 -147 -3 0 -1 -82 4 113 -204 24 -155 -35 N N N N -918 -221 27 105 105
1 40000 -358 -3127 1 2 0 0 0 0 -84 -227 -21 -91 -27 N N N N -654 -159 17 75 75
1 40000 -356 607 7 -1 0 0 0 0 -299 -83 -75 -78 -22 N N N N -154 -34 18 15 15
1 40000 -349 605 -9 -1 0 0 0 0 -212 207 -52 -56 -15 N N N N -213 -50 10 23 23
1 39999 -363 515 -4 0 0 0 0 0 46 248 13 -90 -17 N N N N -95 -21 12 8 8
1 41064 -411 467 48 127 72 1400 -100 -2 194 135 -24 -95 -28 N N N N -327 -77 17 36 36
1 42051 -443 675 -39 -125 -29 -1399 -74 2 311 -152 150 -181 -45 N N N N -380 -89 25 41 41
1 40000 -393 -3112 8 1 0 0 0 0 23 -246 11 -125 -31 N N N N -489 -115 25 54 54
1 40000 -403 533 -2 0 0 0 0 0 -197 -188 -53 -106 -24 N N N N -480 -116 16 55 55
1 40000 -402 579 1 0 0 0 0 0 -285 59 -76 -117 -38 N N N N 411 107 22 -56 -56
1 40000 -425 477 -5 2 0 0 0 0 -104 211 -27 -75 -18 N N N N 327 86 16 -44 -44
1 39999 -393 389 -3 -1 0 0 0 0 59 185 15 -115 -23 N N N N -682 -167 15 80 80
1 39290 -444 690 27 -1 6 2 -3 -2 315 114 81 -93 -26 N N N N -1493 -369 18 182 182
1 42185 -420 600 -17 0 -1 -5 -1 2 220 -209 60 -103 -26 N N N N -772 -189 18 93 93
1 39998 -422 -3154 -1 -1 0 0 0 0 -33 -227 -7 -80 -20 N N N N -534 -130 13 64 64
1 40000 -412 493 2 0 0 0 0 0 -211 -142 -57 -226 -50 N N N N -398 -93 30 44 44
1 40000 -430 511 -3 4 0 0 0 0 -248 70 -66 -72 -24 N N N N -540 -131 21 63 63
1 40002 -424 393 -8 -4 0 0 0 0 -97 170 -23 -104 -27 N N N N -256 -61 16 30 30
1 44467 -499 782 23 126 0 1418 1 -2 178 331 -22 -200 -51 N N N N 487 129 34 -71 -71
1 41180 -454 720 -8 -123 8 -1411 0 2 345 -85 159 -70 -23 N N N N 264 69 13 -36 -36
1 39999 -440 392 -4 -2 0 0 0 0 74 -188 21 -152 -34 N N N N -410 -98 23 46 46
1 39997 -448 -3148 -4 0 0 0 0 0 -88 -215 -24 -138 -35 N N N N -754 -184 23 92 92
1 40002 -441 361 -4 3 0 0 0 0 -168 -84 -45 -80 -22 N N N N -816 -201 17 101 101
1 40000 -461 442 12 -2 0 0 0 0 -222 52 -63 -203 -51 N N N N -113 -23 30 8 7
1 44589 -523 852 9 120 0 1397 -1 -2 -85 387 -62 -141 -40 N N N N -1204 -298 26 150 151
1 40416 -491 826 15 -129 9 -1399 0 2 366 126 147 -143 -33 N N N N -485 -117 23 58 58
1 40818 -475 582 -22 10 0 0 0 0 192 -221 48 -90 -26 N N N N -411 -100 20 50 50
1 39998 -469 -3258 -2 -2 0 0 0 0 -26 -176 -7 -145 -32 N N N N -133 -30 17 13 13
1 40000 -470 329 0 1 0 0 0 0 -115 -127 -33 -36 -13 N N N N 1270 323 18 -170 -170
1 40001 -471 232 -1 1 0 0 0 0 -115 -42 -31 -201 -52 N N N N -16 2 29 -5 -5
1 40000 -488 360 3 2 0 0 0 0 -183 33 -52 -160 -39 N N N N -1011 -250 27 127 127
1 45353 -551 784 19 121 0 1404 0 -2 -148 338 -72 -58 -18 N N N N -1084 -271 15 140 140
1 40715 -528 856 4 -49 2 -196 1 0 338 228 84 -44 -13 N N N N -422 -105 9 54 54
1 39699 -470 572 -13 -74 8 -1199 -1 2 227 -191 109 -252 -55 N N N N 209 59 35 -35 -35
1 39999 -485 -3265 -9 0 0 0 0 0 19 -173 2 -89 -27 N N N N 500 131 21 -71 -71
1 40002 -494 193 3 -2 0 0 0 0 -39 -95 -10 -101 -26 N N N N 319 83 17 -46 -46
1 39999 -492 325 -9 1 0 0 0 0 -126 -112 -35 -167 -35 N N N N 380 100 20 -55 -55
1 39999 -493 241 6 4 0 0 0 0 -123 -30 -35 -97 -29 N N N N 428 113 24 -62 -62
1 43233 -546 683 28 125 -1 1389 0 -2 -282 183 -71 -164 -45 N N N N 873 227 27 -121 -121
1 40002 -517 828 -6 -3 0 0 0 0 115 367 -45 -246 -55 N N N N -1081 -268 35 135 135
1 39999 -515 745 -28 -127 -29 -1400 0 2 366 -35 166 -142 -46 N N N N -1669 -417 33 215 215
1 39999 -458 303 -11 -1 0 0 0 0 89 -132 20 -163 -41 N N N N -759 -189 25 96 96
1 40000 -477 -3411 -5 2 0 0 0 0 14 -98 3 -152 -38 N N N N -407 -99 25 50 50
1 40000 -457 11 -2 2 0 0 0 0 1 -5 -2 -106 -30 N N N N -182 -42 22 19 19
1 40000 -476 212 8 -2 0 0 0 0 -32 -108 -4 -135 -38 N N N N -88 -18 26 7 7
1 40000 -450 350 -3 0 0 0 0 0 -126 -133 -30 -220 -43 N N N N -761 -190 22 99 99
1 43768 -514 -169 -1 -120 8 -1387 -1 -2 72 24 -31 -89 -42 N N N N -578 -143 30 72 72
1 39999 -467 2909 26 -6 0 0 0 0 44 324 93 -104 -29 N N N N -516 -128 20 67 67
1 40001 -474 -677 2 -6 0 0 0 0 -293 172 -50 -170 -42 N N N N -658 -165 23 86 86
1 43764 -489 -552 -22 136 0 1402 1 2 -231 -115 -124 -178 -44 N N N N -671 -167 29 87 87
1 39999 -467 -32 -7 -7 0 0 0 0 -8 -14 2 -164 -38 N N N N -484 -119 31 61 61
1 40001 -449 133 6 3 0 0 0 0 38 56 7 -165 -45 N N N N -247 -59 29 29 29
1 40000 -457 353 -1 -2 0 0 0 0 154 95 40 -84 -27 N N N N -291 -71 23 36 36
1 39999 -457 255 -8 1 0 0 0 0 134 4 35 -125 -28 N N N N -296 -73 19 38 38
1 44656 -506 -322 17 -96 8 -1203 2 -3 -169 -32 1 -87 -20 N N N N -186 -45 16 23 23
1 38992 -487 -466 47 93 76 1196 -3 3 -170 -145 -114 -134 -40 N N N N 150 41 19 -24 -24
1 40000 -509 -93 -7 -4 0 0 0 0 -15 -45 -1 -37 -4 N N N N 453 118 15 -67 -67
1 39998 -509 -56 1 0 0 0 0 0 -5 -28 -2 -197 -47 N N N N 671 176 28 -99 -99
1 40002 -521 -62 -2 4 0 0 0 0 -3 -31 0 -93 -18 N N N N 877 228 18 -126 -126
1 40000 -502 -73 0 1 0 0 0 0 1 -37 -1 -254 -62 N N N N 205 58 34 -35 -35
1 45059 -571 551 4 126 -41 1386 1 -2 100 252 -15 -188 -53 N N N N -590 -145 40 74 74
1 42296 -525 861 -7 -123 9 -1402 -1 2 403 -13 185 -234 -61 N N N N -583 -145 40 74 74
1 39998 -473 301 -11 2 0 0 0 0 81 -134 23 -273 -69 N N N N -1160 -292 42 155 155
1 40001 -478 -3363 -1 0 0 0 0 0 5 -123 3 -112 -35 N N N N -1173 -299 28 162 162
1 39998 -470 170 -5 -1 0 0 0 0 -26 -85 -10 -228 -54 N N N N -207 -49 30 24 24
1 40000 -459 22 5 4 0 0 0 0 -8 -9 1 -315 -87 N N N N 200 59 61 -40 -40
1 40002 -469 -132 -3 -2 0 0 0 0 30 63 5 -241 -72 N N N N -343 -83 40 42 42
1 44295 -514 3061 15 -121 9 -1376 0 -2 -61 224 21 -330 -95 N N N N -757 -190 47 101 101
1 40542 -487 -732 5 24 -1 203 3 -1 -342 110 -108 -317 -91 N N N N -750 -187 59 98 98
1 39867 -449 -358 -14 95 1 1190 -2 3 -136 -101 -84 -310 -85 N N N N -621 -155 58 81 81
1 40000 -469 -276 2 -5 0 0 0 0 -46 -131 -15 -273 -78 N N N N -1280 -327 47 180 180
1 40002 -460 -229 -1 7 0 0 0 0 13 -114 6 -317 -92 N N N N -1665 -428 60 239 239
1 39998 -468 -199 -1 -7 0 0 0 0 45 -89 15 -320 -88 N N N N -712 -180 53 98 98
1 40000 -457 -101 0 1 0 0 0 0 35 -38 10 -434 -121 N N N N -829 -209 83 114 114
1 44822 -541 539 32 134 0 1394 -1 -2 -92 244 -53 -300 -84 N N N N -438 -110 53 58 58
1 40000 -474 812 -5 -7 0 0 0 0 271 281 41 -343 -97 N N N N -587 -149 58 82 82
1 43415 -509 691 -20 -125 9 -1394 1 2 292 -186 167 -569 -164 N N N N -1477 -382 83 217 217
1 39999 -483 -3361 0 4 0 0 0 0 26 -120 9 -169 -54 N N N N -1207 -314 47 183 183
1 40000 -468 164 -3 5 0 0 0 0 -12 -83 -4 -454 -130 N N N N -449 -113 82 60 60
1 39999 -460 182 3 -7 0 0 0 0 -44 -88 -12 -285 -85 N N N N -136 -32 55 15 15
1 40001 -478 100 -1 -3 0 0 0 0 -33 -42 -13 -311 -94 N N N N -734 -191 58 110 110
1 43706 -513 -332 6 -125 10 -1395 0 -2 80 108 11 -315 -99 N N N N -599 -156 50 90 90
1 39999 -486 2933 8 4 0 0 0 0 -124 308 23 -311 -93 N N N N -339 -86 65 47 47
1 36299 -451 -602 0 129 -32 1400 -1 2 -293 59 -157 -191 -58 N N N N -419 -110 34 64 64
1 40817 -475 -288 -25 -14 0 0 0 0 -109 -95 -21 -461 -127 N N N N -948 -248 71 146 146
1 40001 -452 -145 -3 4 0 0 0 0 -35 -64 -11 -534 -153 N N N N -1334 -352 95 210 210
1 39999 -473 -258 2 2 0 0 0 0 -20 -128 -5 -154 -62 N N N N -1258 -334 44 206 206
1 40001 -465 -207 -1 0 0 0 0 0 25 -101 8 -261 -74 N N N N -766 -203 50 124 124
1 40000 -467 -76 -2 -2 0 0 0 0 19 -34 4 -303 -85 N N N N -485 -129 44 79 79
1 43705 -525 633 26 133 0 1383 1 -2 -5 304 -47 -339 -102 N N N N -340 -90 76 51 51
1 40991 -514 818 8 -136 8 -1397 -1 2 359 127 165 -176 -60 N N N N -136 -36 37 20 20
1 40775 -474 504 -27 7 0 0 0 0 183 -182 50 -276 -77 N N N N 49 13 46 -12 -12
1 40000 -466 -45 -2 2 0 0 0 0 -8 23 -3 -181 -54 N N N N 52 15 31 -11 -11
1 40000 -472 -236 -2 -2 0 0 0 0 -69 100 -23 -235 -67 N N N N 220 59 43 -42 -42
1 40000 -442 -200 2 0 0 0 0 0 -87 57 -27 -218 -58 N N N N 67 19 46 -15 -15
1 40001 -461 -254 -4 -1 0 0 0 0 -127 23 -42 -151 -47 N N N N 1155 311 31 -200 -200
1 40000 -459 -176 2 4 0 -1 0 0 -90 -16 -28 -137 -39 N N N N 540 146 23 -94 -94
1 40001 -467 -184 2 -1 0 0 0 0 -83 -45 -26 -97 -29 N N N N 354 97 23 -63 -63
1 39999 -436 -216 -3 -1 0 0 0 0 -74 -81 -20 -479 -124 N N N N 225 62 50 -43 -43
1 40000 -459 -216 3 -1 0 0 0 0 -40 -102 -13 -405 -125 N N N N 97 28 91 -25 -25
1 40000 -462 -203 0 2 0 0 0 0 1 -102 2 -257 -80 N N N N -552 -147 54 89 89
1 44118 -517 350 26 126 0 1399 0 -2 22 171 -36 -483 -133 N N N N 611 168 83 -113 -113
1 41329 -494 819 2 -139 10 -1395 1 2 345 163 158 -220 -78 N N N N 565 155 56 -102 -102
1 40786 -471 485 -19 11 0 0 0 0 192 -154 55 -112 -35 N N N N -828 -225 26 139 139
1 40001 -467 54 -4 0 0 0 0 0 13 -26 2 -307 -89 N N N N -1108 -300 50 187 187
1 39999 -469 42 0 -2 0 0 0 0 6 -22 4 -401 -111 N N N N 224 63 61 -45 -45
1 40000 -481 92 -1 7 0 0 0 0 10 -45 2 -477 -143 N N N N 687 190 91 -128 -128
1 40000 -474 -144 2 -2 0 0 0 0 -19 73 -6 -145 -59 N N N N 182 50 43 -35 -35
1 43826 -541 -586 19 -127 9 -1388 0 -2 -229 149 -14 -285 -90 N N N N 65 19 49 -17 -17
1 41882 -519 -573 -10 120 0 1386 0 2 -265 -57 -149 -244 -72 N N N N 91 27 49 -20 -20
1 40000 -488 -219 -4 3 0 0 0 0 -59 -93 -19 -387 -106 N N N N 505 140 62 -94 -94
1 40001 -507 -248 1 -2 0 0 0 0 -21 -123 -6 -196 -69 N N N N 605 168 46 -110 -110
1 39999 -495 -284 2 5 0 0 0 0 41 -136 14 -268 -79 N N N N 372 105 50 -70 -70
1 39999 -497 -243 -5 -3 0 0 0 0 83 -91 28 -118 -42 N N N N 290 81 33 -54 -54
1 44060 -574 389 21 127 0 1389 -1 -2 -112 160 -30 -313 -76 N N N N -321 -87 44 51 51
1 40354 -539 832 1 -5 0 0 0 0 160 356 -20 -203 -65 N N N N -928 -254 52 156 156
1 37587 -488 660 -32 -123 -30 -1382 1 2 325 -51 168 -293 -85 N N N N -611 -168 49 103 103
1 40000 -473 282 -8 1 0 0 0 0 85 -120 23 -146 -52 N N N N -115 -30 37 16 16
1 40003 -481 -51 -1 1 0 0 0 0 -10 25 -3 -252 -70 N N N N -504 -140 40 86 86
1 39998 -487 -191 1 3 0 0 0 0 -59 81 -18 -207 -65 N N N N -114 -30 42 16 16
1 39998 -491 -165 0 0 0 0 0 0 -68 52 -22 -174 -54 N N N N 54 16 35 -13 -13
1 44743 -544 -552 18 9 9 0 0 0 -278 5 -94 -341 -100 N N N N 68 20 52 -17 -17
1 40787 -500 -328 -10 -15 0 0 0 0 -122 -113 -26 -75 -23 N N N N -76 -20 31 11 11
1 40000 -495 -107 1 1 0 0 0 0 -25 -48 -8 -120 -35 N N N N -38 -10 24 4 4
1 40000 -500 -173 -7 2 0 0 0 0 -19 -85 -1 -181 -50 N N N N -9 -2 28 -1 -1
1 40000 -485 95 2 -4 0 0 0 0 8 47 1 -213 -61 N N N N 84 24 47 -19 -19
1 40000 -501 247 3 -1 0 0 0 0 54 112 15 -177 -50 N N N N 617 174 31 -114 -114
1 44263 -579 642 23 106 1 1210 1 -3 289 129 36 -154 -45 N N N N 611 171 33 -112 -112
1 39854 -504 503 -15 -105 8 -1222 -1 3 208 -168 120 -146 -40 N N N N -76 -20 25 11 11
1 40000 -503 231 -3 5 0 0 0 0 33 -114 11 -225 -65 N N N N 485 137 40 -91 -91
1 40000 -508 -143 -7 -2 0 0 0 0 -14 72 -6 -138 -44 N N N N 1575 441 32 -282 -282
1 40000 -508 -280 10 2 0 0 0 0 -81 122 -26 -364 -105 N N N N 343 98 59 -67 -67
1 40000 -491 -264 6 1 0 0 0 0 -121 65 -39 -68 -31 N N N N 591 168 29 -108 -108
1 46000 -569 -580 10 -6 11 15 0 0 -277 -66 -94 -159 -42 N N N N 913 258 21 -162 -162
1 40000 -497 -247 -9 1 0 0 0 0 -74 -100 -21 -234 -71 N N N N 2157 608 48 -380 -380
1 40000 -481 -245 -5 4 0 0 0 0 -26 -120 -6 -171 -49 N N N N 1792 506 33 -311 -311
1 40000 -467 -282 -7 -5 0 0 0 0 34 -137 13 -321 -96 N N N N 7171 2023 56 -1196 -1196
1 40000 -472 -178 10 3 0 0 0 0 53 -72 15 -201 -69 N N N N 894 258 44 -153 -153
1 40000 -443 -222 -2 0 0 0 0 0 94 -63 31 -236 -68 N N N N -3729 -1046 43 599 599
1 43296 -521 455 17 122 0 1385 0 -2 -159 164 -37 -247 -71 N N N N -2277 -637 46 372 372
1 40000 -478 813 5 3 0 0 0 0 114 361 -41 -244 -71 N N N N 534 155 47 -97 -97
1 37297 -413 688 -24 -122 -23 -1403 0 2 336 -12 171 -273 -79 N N N N 160 51 50 -36 -36
1 39998 -410 339 -16 1 0 0 0 0 110 -139 29 -196 -66 N N N N 956 276 48 -168 -168
1 40001 -402 96 3 -1 0 0 0 0 12 -49 5 -108 -39 N N N N -344 -95 29 53 53
1 39999 -414 -250 -1 -6 0 0 0 0 -49 118 -14 43 12 N N N N 541 154 4 -92 -92
1 40001 -412 -228 0 0 0 0 0 0 -87 81 -27 -99 -20 N N N N 11983 3399 8 -1918 -1918
1 39998 -416 -293 -2 3 0 0 0 0 -144 44 -46 -160 -46 N N N N 3827 1091 25 -584 -584
1 44588 -466 -485 11 3 9 9 0 0 -227 -89 -72 -272 -79 N N N N -149 -33 44 11 11
1 40001 -428 -263 -1 0 0 0 0 0 -70 -113 -19 -267 -76 N N N N 714 214 49 -119 -119
1 39999 -432 -238 -11 0 0 0 0 0 -15 -118 1 -180 -58 N N N N -59 -8 43 -2 -2
1 40000 -431 -218 12 -3 0 0 0 0 29 -105 6 -407 -115 N N N N -2123 -590 67 302 302
1 40000 -422 -204 -2 6 0 0 0 0 61 -83 20 -290 -94 N N N N -3259 -917 70 485 485
1 43118 -500 458 28 114 0 1392 0 -2 -90 206 -43 -221 -67 N N N N -2053 -578 48 311 311
1 40000 -450 775 -5 -2 0 0 0 0 217 302 14 -217 -58 N N N N 245 77 37 -47 -47
1 41352 -441 607 -15 -121 6 -1388 -1 2 290 -90 161 -324 -99 N N N N -1117 -310 62 164 164
1 39998 -416 187 -3 7 0 0 0 0 56 -77 16 -90 -37 N N N N -122 -29 33 12 12
1 40002 -408 -241 -3 -1 0 0 0 0 -75 98 -26 -265 -75 N N N N 969 286 46 -164 -164
1 39998 -399 -196 1 -5 0 0 0 0 -86 50 -29 -177 -59 N N N N 186 59 35 -38 -38
1 40001 -390 -166 -3 2 0 0 0 0 -83 19 -27 -212 -58 N N N N 65 25 37 -19 -19
1 44766 -443 -485 12 0 10 1 1 0 -229 -84 -74 -248 -77 N N N N 692 209 55 -122 -122
1 40001 -404 -206 -6 1 0 0 0 0 -61 -84 -16 -213 -66 N N N N 362 111 41 -67 -67
1 20000 -194 -102 4 -1 0 0 0 0 -18 -48 -8 -223 -57 N N N N -232 -60 34 29 29
1 19999 -207 -33 -4 -3 0 0 0 0 -4 -16 1 -211 -57 N N N N -394 -106 46 53 53
1 20001 -187 25 -5 5 0 0 0 0 3 12 2 -102 -33 N N N N -424 -118 25 62 62
1 19999 -200 -85 8 1 0 0 0 0 -9 -42 -5 -74 -29 N N N N -329 -92 18 49 49
1 20000 -203 -72 0 -1 0 0 0 0 -1 -36 -1 -206 -57 N N N N -438 -122 29 63 63
1 20000 -193 -28 -2 -1 0 0 0 0 0 -14 1 -239 -67 N N N N -1102 -311 49 168 168
1 19952 -195 103 16 122 -1 1384 -11 -2 1 51 -16 -164 -43 N N N N -1456 -417 31 232 232
1 20813 -216 401 12 1 0 0 0 0 88 179 -13 -363 -100 N N N N -1111 -313 60 172 172
1 20001 -227 343 -2 0 0 0 0 0 152 89 39 -195 -73 N N N N -1835 -526 53 298 298
1 19390 -198 303 -26 -124 -47 -1389 0 2 159 -25 117 -143 -47 N N N N -1356 -390 29 225 225
1 20787 -195 249 -19 0 0 0 0 0 113 -69 30 -199 -53 N N N N -1351 -389 36 226 226
1 19999 -189 103 -10 5 0 0 0 0 38 -40 7 -227 -67 N N N N -615 -174 43 99 99
1 20000 -206 -49 4 -1 0 0 0 0 -17 20 -4 -150 -47 N N N N -971 -279 40 163 163
1 20001 -193 -118 -6 2 0 0 0 0 -43 43 -14 -254 -71 N N N N -711 -204 34 119 119
1 19999 -208 -120 7 -2 0 0 0 0 -54 34 -14 103 26 N N N N 318 96 32 -61 -61
1 20002 -220 -118 -13 3 0 0 0 0 -56 21 -17 -43 -1 N N N N 2407 701 -13 -419 -419
1 19997 -225 -84 3 -5 0 0 0 0 -43 9 -10 -150 -41 N N N N 4746 1389 26 -812 -812
1 20001 -213 -68 4 5 0 0 0 0 -37 1 -12 -104 -26 N N N N 3341 979 19 -556 -556
1 20002 -221 -118 2 -3 0 0 0 0 -61 -7 -17 -181 -35 N N N N 1774 525 34 -296 -296
1 19998 -224 -128 -5 -2 0 0 1 0 -62 -21 -14 -152 -39 N N N N 1375 408 28 -227 -227
1 20001 -213 -35 2 0 0 0 0 0 -17 -8 -5 -134 -39 N N N N 896 267 29 -149 -149
1 19999 -214 -107 1 5 0 0 0 0 -47 -29 -14 -187 -51 N N N N 174 58 33 -36 -36
1 19999 -221 -142 -8 -8 0 0 0 0 -50 -52 -9 -257 -68 N N N N -147 -37 32 16 16
1 20001 -193 -36 15 5 0 0 0 0 -12 -15 -9 -160 -51 N N N N -712 -199 52 101 101
1 20001 -215 -162 -8 -3 0 0 0 0 -36 -73 -6 -142 -41 N N N N -229 -61 32 29 29
1 19999 -191 -148 2 3 0 0 0 0 -15 -73 -3 -156 -45 N N N N -231 -63 24 31 31
1 20001 -204 -160 -3 -2 0 0 0 0 6 -80 5 -333 -83 N N N N 523 164 51 -96 -96
1 19998 -206 -85 0 -1 0 0 0 0 12 -41 2 -469 -129 N N N N -1290 -364 84 188 188
1 24825 -249 169 26 125 1 1398 1 -2 -19 86 -15 -326 -89 N N N N -2144 -619 80 333 333
1 20001 -214 338 2 -8 0 0 0 0 37 162 -25 -499 -134 N N N N -731 -202 84 103 103
1 19999 -207 314 -5 0 0 0 0 0 112 117 13 -381 -122 N N N N -1982 -574 88 314 314
1 20144 -205 339 -4 -26 -2 -208 0 -1 170 47 55 -477 -133 N N N N -1290 -370 85 203 203
1 19856 -179 308 -5 -86 9 -1189 -1 3 150 -64 94 -820 -230 N N N N -1738 -499 130 276 276
1 20000 -180 121 -8 -6 0 0 0 0 50 -43 14 -35 -58 N N N N -2049 -601 84 346 346
1 20000 -175 -38 7 4 0 0 0 0 -15 16 -5 79 -8 N N N N -923 -274 12 163 163
1 20000 -163 -170 -7 -7 0 0 0 0 -72 47 -19 -578 -108 N N N N 718 219 45 -137 -137
1 20000 -161 -98 -3 -1 0 0 0 0 -47 18 -13 -231 -62 N N N N 1796 546 71 -333 -333
1 20000 -164 104 -3 8 0 0 0 0 51 -18 10 -467 -118 N N N N 1917 588 94 -356 -356
1 20000 -143 36 13 0 0 0 0 0 14 -8 5 -759 -189 N N N N 2932 900 123 -533 -533
1 20000 -169 -98 8 -2 0 0 0 0 -48 22 -12 -808 -204 N N N N 2656 821 123 -480 -480
1 20000 -154 -152 -11 -3 0 0 0 0 -75 14 -22 -1003 -266 N N N N 1329 436 180 -266 -266
1 18772 -169 -53 -7 2 1 1 -37 -4 -26 3 -9 -1162 -301 N N N N 1666 546 207 -328 -328
1 20056 -188 -54 4 2 -2 0 -96 0 -29 -2 -8 -1280 -362 N N N N 2589 853 296 -504 -504
1 21172 -221 -92 -12 12 1 -1 -59 4 -45 -7 -17 -339 -153 N N N N 5611 1759 156 -947 -947
1 20000 -220 -142 -7 -8 0 0 0 0 -67 -29 -12 -470 -150 N N N N 4900 1540 114 -794 -794
1 20001 -251 -74 0 8 0 0 0 0 -33 -19 -11 -864 -240 N N N N 4154 1317 114 -660 -660
1 19999 -244 -46 4 -1 0 0 0 0 -19 -15 -5 -1246 -333 N N N N 3948 1303 238 -656 -656
1 20000 -255 -189 13 -11 0 0 0 0 -64 -74 -15 -2054 -500 N N N N 4142 1420 356 -714 -714
1 20000 -250 8 7 -7 0 0 0 0 2 3 -3 -911 -276 N N N N 5789 1928 278 -902 -902
1 20000 -219 92 4 4 0 0 0 0 27 38 5 -1677 -456 N N N N 5339 1846 361 -850 -850
1 20001 -228 70 -5 1 0 0 0 0 26 25 10 -1241 -402 N N N N 5625 1932 298 -844 -844
1 19999 -220 153 -10 -1 0 0 0 0 65 45 21 -382 -191 N N N N 5995 2019 192 -825 -825
1 23118 -268 293 4 124 0 1388 -1 -2 146 51 -27 -3288 -728 N N N N 6787 2377 344 -953 -953
1 23176 -227 366 14 -117 9 -1385 0 2 174 -78 117 -1632 -514 N N N N 13234 4688 608 -1748 -1748
1 20000 -206 218 -14 -8 0 0 0 0 78 -88 21 -505 -277 N N N N 10602 3654 244 -1213 -1213
1 20000 -178 202 1 2 0 0 0 0 34 -99 10 -366 -175 N N N N 7478 2567 132 -795 -795
1 20001 -191 -3337 7 6 0 0 0 0 -14 -134 2 -1980 -390 N N N N 5895 2132 222 -657 -657
1 19999 -183 151 -8 -5 0 0 0 0 -34 -72 -12 -2831 -836 N N N N 7996 3182 589 -994 -994
1 20000 -193 204 -4 4 0 0 0 0 -73 -76 -20 -2212 -655 N N N N 10778 4120 515 -1160 -1160
1 20000 -189 22 7 7 0 0 0 0 -12 -5 3 -2370 -672 N N N N 9192 3638 498 -971 -971
1 20000 -185 -68 -14 -2 0 0 0 0 33 21 2 -4937 -1607 N N N N 10076 4622 1047 -1247 -1247
1 20000 -201 18 -3 -1 0 0 0 0 -7 -6 -1 -4515 -1480 N N N N 16142 6957 1058 -1618 -1618
1 20000 -183 -98 19 -5 0 0 0 0 33 34 11 -3972 -998 N N N N 21404 8974 951 -1776 -1776
1 18776 -143 -16 -13 -33 3 -292 -41 -3 9 -4 -14 -3314 -1056 N N N N 11336 5632 1018 -1090 -1090
1 24752 -195 -41 13 -85 8 -1107 -3 1 11 -7 -21 -2530 -1088 N N N N 6291 3527 780 -670 -670
1 20000 -132 -145 -1 -8 0 0 0 0 36 62 22 -8110 -1853 N N N N -1950 869 1056 -330 -330
1 20001 -106 -110 -12 -2 0 0 0 0 20 54 9 -1051 -1068 N N N N -843 1918 1475 -548 -548
1 19999 -117 -11 -4 5 0 0 0 0 2 7 1 -85 -531 N N N N 3730 2203 469 -381 -381
1 20000 -97 3493 3 -1 0 0 0 0 2 54 14 -7 -290 N N N N 3873 2006 293 -312 -312
1 20590 -99 -154 0 -2 0 0 0 0 -13 78 12 -1 -149 N N N N 2512 1137 81 -158 -158
1 20001 -118 -168 7 1 0 0 0 0 -43 78 8 -1 -93 N N N N 1864 899 94 -129 -129
1 19999 -120 -163 4 0 0 0 0 0 -60 63 -3 -3 -45 N N N N 1753 767 39 -101 -101
1 20001 -131 -187 -2 1 0 0 0 0 -86 50 -13 -1 -39 N N N N 804 378 33 -52 -52
1 20000 -138 -180 0 1 0 0 0 0 -92 22 -23 1 -31 N N N N 806 363 23 -48 -48
1 20438 -156 -190 1 28 0 202 2 -1 -97 -3 -43 1 -2 N N N N 852 351 5 -43 -43
1 18253 -133 -144 -3 96 -1 1206 -56 -1 -67 -13 -65 2 -1 N N N N 995 423 14 -53 -53
1 20102 -148 -104 -12 3 0 0 -43 0 -42 -32 -5 -2 -9 N N N N 1507 611 2 -74 -74
1 9960 -84 -46 0 -4 1 0 -31 0 -17 -16 -5 0 2 N N N N 466 188 0 -22 -22
1 9981 -90 -59 -4 1 0 -1 -17 0 -19 -23 -3 -3 -1 N N N N 156 77 9 -10 -10
1 9983 -84 -71 -6 1 -1 -1 -43 0 -21 -29 -1 0 -2 N N N N 294 117 -1 -14 -14
1 10021 -78 -47 -4 2 1 1 -42 0 -11 -21 -2 -1 -22 N N N N 445 191 7 -24 -24
1 10002 -87 -8 -4 0 0 1 -43 0 -1 -4 3 -3 8 N N N N 200 76 -2 -8 -8
1 9989 -83 -44 6 1 -1 -1 -46 2 -10 -20 -1 -3 10 N N N N 579 242 5 -29 -29
1 11270 -99 -55 -12 1 1 0 -9 2 -8 -26 1 -3 -1 N N N N 416 171 2 -21 -21
1 10001 -91 -62 4 -5 0 0 0 0 -7 -31 -4 2 3 N N N N 183 85 7 -11 -11
1 9998 -83 -52 -4 5 0 0 0 0 -4 -25 3 -2 0 N N N N 146 65 3 -8 -8
1 10002 -93 -61 1 -4 0 0 0 0 -1 -31 2 -2 -6 N N N N 200 84 2 -10 -10
1 10000 -78 -58 -3 0 0 0 0 0 3 -29 2 0 6 N N N N 160 79 9 -11 -11
1 10000 -84 -81 3 0 0 0 0 0 8 -40 -1 5 -2 N N N N 281 119 3 -14 -14
1 10000 -88 -67 0 0 0 0 0 0 10 -32 3 7 1 N N N N 326 132 0 -16 -16
1 9999 -85 -68 2 -1 0 0 0 0 15 -31 4 -16 -1 N N N N 266 103 -2 -11 -11
1 9999 -84 -72 1 -5 0 0 0 0 21 -30 5 -3 1 N N N N 239 105 5 -13 -13
1 10002 -82 -64 -2 8 0 0 0 0 20 -25 6 0 -1 N N N N 46 18 0 -2 -2
1 9999 -85 -50 -2 2 0 0 0 0 19 -17 6 -3 4 N N N N 220 97 5 -12 -12
1 10000 -84 -67 4 -1 0 0 0 0 26 -21 7 12 -1 N N N N 126 54 2 -7 -7
1 10001 -95 -66 -7 -2 0 0 0 0 30 -19 7 -9 -7 N N N N 29 13 0 -2 -2
1 9998 -82 -28 0 2 0 0 0 0 13 -7 1 -11 1 N N N N 162 73 5 -9 -9
1 10002 -83 -56 5 -2 0 0 0 0 26 -12 3 3 0 N N N N 288 117 0 -13 -13
1 10000 -93 -57 -6 -1 0 0 0 0 29 -9 9 -2 2 N N N N 100 40 0 -5 -5
1 10000 -78 -48 3 3 0 0 0 0 24 -5 7 1 0 N N N N 55 20 -1 -2 -2
1 10001 -91 -57 5 -3 0 0 0 0 29 -5 3 9 2 N N N N -16 -1 3 0 0
1 10399 -98 -77 22 -7 89 0 -5 -4 37 -3 3 -8 -1 N N N N 143 66 5 -9 -9
1 9360 -86 -84 27 3 1 -1 -38 0 38 5 14 -2 -3 N N N N 94 38 0 -4 -4
1 8959 -94 -59 0 2 0 0 -39 0 29 9 12 -11 2 N N N N 68 33 3 -5 -5
1 9993 -106 -106 3 -120 10 -1402 -40 4 51 -6 -43 4 0 N N N N 196 77 0 -8 -8
1 15461 -175 -171 -9 -2 -1 -1 -2 -2 74 47 30 -10 3 N N N N 102 33 -5 -3 -3
1 10002 -110 -159 19 -5 0 0 0 0 47 59 29 -10 0 N N N N 107 54 6 -8 -8
1 9998 -114 -148 -5 4 0 0 0 0 32 70 23 -11 -4 N N N N 24 17 4 -2 -2
1 10000 -103 3443 -12 -2 0 0 0 0 11 79 18 0 -3 N N N N 94 44 4 -6 -6
1 10000 -120 -147 3 -6 0 0 0 0 -16 72 16 -7 1 N N N N 135 63 5 -8 -8
1 12882 -152 -185 -3 4 0 0 0 0 -40 89 2 1 -3 N N N N 246 113 8 -14 -14
1 10000 -120 -138 2 4 0 0 0 0 -50 55 -5 -6 -2 N N N N -251 -97 2 10 10
1 10002 -113 -138 1 -11 0 0 0 0 -60 38 -5 6 0 N N N N 133 71 11 -10 -10
1 9998 -104 -179 8 3 0 0 0 0 -86 38 -29 -24 -3 N N N N 169 68 -1 -7 -7
1 10001 -121 -152 -13 11 0 0 0 0 -76 10 -31 -13 -1 N N N N 252 114 7 -15 -15
1 9541 -117 -136 6 30 1 204 2 -1 -72 -12 -27 1 -7 N N N N -21 -13 -2 2 2
1 10458 -123 -120 -11 95 -31 1200 -2 3 -54 -12 -57 -43 -20 N N N N -27 14 15 -4 -4
1 10000 -126 -103 -7 0 0 0 0 0 -41 -32 -7 20 19 N N N N 89 43 4 -6 -6
1 10000 -99 -73 1 1 0 0 0 0 -26 -26 -9 -9 0 N N N N -5 6 4 -1 -1
1 10000 -107 -44 -1 -6 0 0 0 0 -14 -17 -5 1 -6 N N N N 140 51 -3 -5 -5
1 10002 -111 2 -2 9 0 0 0 0 1 1 -2 -7 5 N N N N 24 13 2 -2 -2
1 9998 -101 21 -8 -17 0 0 0 0 7 8 8 -6 0 N N N N 56 27 3 -4 -4
1 10000 -106 69 17 7 0 0 0 0 22 26 0 -13 -8 N N N N -31 4 9 -2 -2
1 10000 -105 39 9 -7 0 0 0 0 14 13 4 -2 1 N N N N 16 24 11 -4 -4
1 10000 -98 92 -25 17 0 0 0 0 41 30 8 -27 1 N N N N 234 83 -8 -8 -8
1 10002 -111 98 -12 -15 0 0 0 0 47 19 27 15 -9 N N N N 53 22 1 -3 -3
