version: 66.14
glider: 195
mission: 21
dive: 261
start: 6 11 105 8 23 51
columns: rec,elaps_tms,depth,heading,pitch,roll,AD_pitch,AD_roll,AD_vbd,GC_phase,mag.x,mag.y,mag.z,sbect.TempFreq,sbect.CondFreq,wlbb2fl.sig470nm,wlbb2fl.sig700nm,wlbb2fl.sig695nm,wlbb2fl.temp,aa4330.O2,aa4330.AirSat,aa4330.Temp,aa4330.CalPhase,aa4330.TCPhase,
data:
0 17059 36 1030 -589 108 155 2125 1198 6 13 -322 114 172555 135433 43 87 104 533 250581 97678 25295 29300 30706
1 9984 10 83 -26 52 0 0 0 0 -3 41 58 -223 2 N N N N 149 -13 -40 9 9
1 10016 0 -55 -38 -62 0 0 0 0 10 -37 -54 194 -8 45 91 102 533 562 45 -97 13 13
1 9984 -7 42 -30 -104 0 0 0 0 9 -15 -30 -111 -2 N N N N 190 28 -26 1 1
1 10016 3 -42 118 18 0 0 0 0 -22 -4 -4 156 6 42 87 103 533 721 47 -128 19 19
1 9984 2 34 -48 -24 0 0 0 0 2 0 0 -139 -15 N N N N 231 -9 -55 11 11
1 8763 0 -179 37 59 -2 0 37 -4 48 -7 -41 -1 3 43 91 102 532 -736 24 172 -35 -35
1 9902 8 110 -141 -73 1 -1 259 0 -10 -3 -5 468 -6 N N N N -295 -81 18 6 6
1 10105 28 -141 -43 216 0 0 258 0 12 13 32 -352 1 41 94 99 532 -4951 800 1538 -369 -369
1 9936 23 171 53 -286 -1 0 263 0 -14 -17 -51 -255 -6 N N N N -194 194 153 -48 -48
1 9936 43 -188 -62 182 0 2 272 0 26 5 -9 81 -5 42 89 100 532 50 220 112 -45 -45
1 10037 47 31 4 -179 -1 -1 270 0 -1 -1 -75 475 -6 N N N N 191 126 28 -18 -18
1 10009 113 -57 27 77 1 -2 289 0 9 1 16 -596 -8 42 99 97 532 -159 10 42 -9 -9
1 16628 452 51 75 -66 987 2 210 -1 -9 -4 3 -41 -22 N N N N 278 169 32 -24 -24
1 8980 298 -74 296 89 1518 0 151 1 1 4 58 -1 -2 43 87 96 532 -219 -52 20 2 2
1 16763 366 -35 167 134 -8 1371 200 2 1 25 80 9 2 N N N N 192 95 10 -12 -12
1 10016 177 -89 -4 4 0 0 0 0 44 9 -17 -9 -6 44 87 96 532 -97 -31 5 3 3
1 10457 187 -124 21 -17 0 0 0 0 57 23 -24 -7 -4 N N N N 88 44 4 -6 -6
1 10016 153 -94 -8 18 0 0 0 0 39 27 -17 -3 -2 41 89 99 532 -63 -19 4 1 1
1 10452 146 -108 -2 -7 0 0 0 0 38 36 -25 5 2 N N N N 38 22 3 -3 -3
1 10018 145 -67 -7 -10 0 0 0 0 20 26 -18 6 -3 41 89 100 532 -75 -29 1 3 3
1 10869 167 -68 -6 5 0 0 0 0 16 30 -12 -1 -2 N N N N 55 20 -1 -2 -2
1 10016 152 -107 2 -1 0 0 0 0 18 50 -17 -4 0 43 88 99 532 -40 -15 1 2 2
1 10451 157 -105 5 5 0 0 0 0 7 52 -16 6 0 N N N N 25 11 0 -1 -1
1 9382 138 3480 3 1 0 0 0 0 -3 62 -12 -3 -2 43 89 98 531 43 18 1 -2 -2
1 10619 150 -124 -4 -11 0 0 0 0 -20 62 -10 5 -2 N N N N -53 -18 1 1 1
1 10015 147 -97 10 -5 0 0 0 0 -23 47 3 9 1 42 87 97 531 -16 -7 0 1 1
1 10457 163 -137 -9 10 0 0 0 0 -45 56 -3 14 -1 N N N N 47 15 -2 -1 -1
1 10016 149 -93 1 4 0 0 0 0 -38 32 5 -1 1 43 90 100 531 -24 -15 -3 2 2
1 11164 162 -128 2 -27 0 -219 6 -1 -59 35 23 -1 -3 N N N N -167 -68 -1 7 7
1 9153 130 -67 17 -103 49 -1193 -1 3 -34 9 64 -1 -2 43 86 98 531 -63 -27 0 3 3
1 10787 133 -49 9 -3 0 0 0 0 -26 5 11 2 1 N N N N -126 -50 0 6 6
1 10014 124 -26 -3 -1 0 0 0 0 -13 2 3 1 -1 41 90 98 531 141 56 -1 -6 -6
1 9986 117 -22 3 0 0 0 0 0 -12 1 4 -1 -1 N N N N -78 -31 1 3 3
1 10014 110 -32 -1 2 0 0 0 0 -17 1 3 1 -1 42 90 98 531 -44 -17 0 2 2
1 9986 134 -34 1 1 0 0 0 0 -17 0 6 2 1 N N N N -47 -20 0 2 2
1 10014 121 -19 -1 -2 0 0 0 0 -10 -1 4 1 -2 43 92 99 531 -74 -30 -1 4 4
1 9986 131 -13 0 -1 0 0 0 0 -7 0 2 1 0 N N N N 60 25 1 -3 -3
1 10015 120 -6 3 -2 0 0 0 0 -4 0 0 2 1 45 88 102 531 -95 -39 -1 4 4
1 9983 123 -26 -4 6 0 0 0 0 -12 -2 3 0 -2 N N N N -139 -57 0 6 6
1 10016 130 -21 2 -6 0 0 0 0 -12 -1 4 0 -1 41 87 96 531 -14 -5 0 1 1
1 9986 119 -21 1 3 0 0 0 0 -10 -3 4 2 -1 N N N N 12 5 0 -1 -1
1 20014 250 -46 -2 -1 0 0 0 0 -23 -7 7 1 1 43 88 95 530 21 6 -1 0 0
1 19986 247 -39 0 0 0 0 0 0 -19 -6 6 -2 -2 N N N N -182 -73 0 8 8
1 20014 246 -50 1 0 0 0 0 0 -24 -10 7 5 -2 43 85 89 530 -74 -31 0 3 3
1 19983 259 -27 -2 2 0 0 0 0 -12 -6 4 6 -1 N N N N -101 -44 -2 5 5
1 20017 250 -45 4 -3 0 0 0 0 -21 -12 6 1 -3 43 83 87 530 -259 -106 -1 12 12
1 19984 251 -29 -2 -1 0 0 0 0 -12 -9 4 5 1 N N N N -111 -47 -1 6 6
1 20016 267 -56 1 1 0 0 0 0 -23 -17 7 -1 -4 42 84 86 530 -156 -63 -1 7 7
1 19987 253 -47 -1 -1 0 0 0 0 -18 -17 5 16 2 N N N N -129 -55 -1 6 6
1 20013 239 -46 1 2 0 0 0 0 -16 -17 5 25 5 42 86 84 530 -206 -93 -6 11 11
1 26394 316 105 2 -124 0 -1354 1 -2 38 4 33 46 7 N N N N -246 -121 -13 16 16
1 20016 236 233 1 2 0 0 0 0 106 62 -19 29 6 43 87 82 530 -238 -111 -8 13 13
1 20456 221 222 1 2 0 0 0 0 115 19 -29 50 11 N N N N -454 -203 -12 25 25
1 20018 218 213 0 -2 0 0 0 0 107 -23 -36 87 23 40 83 81 530 -330 -164 -18 21 21
1 19264 203 203 2 84 45 1382 0 0 85 -50 -64 78 24 N N N N -601 -286 -25 36 36
1 21618 205 115 27 35 0 -1 0 2 36 -46 -11 43 20 42 82 76 530 -451 -214 -18 28 28
1 19983 177 21 -1 1 0 0 0 0 5 -10 -2 66 23 N N N N -347 -173 -20 22 22
1 20016 167 -156 3 -3 0 0 0 0 -50 65 14 743 209 43 91 76 530 -826 -453 -69 64 64
1 19985 178 18 2 4 0 0 0 0 6 -7 -2 1319 336 N N N N -4194 -2277 -348 323 323
1 20016 185 213 2 -2 0 0 0 0 62 -93 -12 437 108 39 80 75 530 -5104 -2327 -174 306 306
1 19983 181 66 1 1 0 0 0 0 11 -33 -3 1126 307 N N N N -3310 -1613 -180 229 229
1 20016 192 25 -1 -1 0 0 0 0 3 -13 0 380 140 39 76 70 529 -3404 -1828 -297 283 283
1 19986 183 73 0 0 0 0 0 0 5 -38 -1 277 85 N N N N -2675 -1253 -124 182 182
1 20014 185 -3535 2 2 0 0 0 0 2 -34 1 920 246 39 75 69 529 -1457 -800 -143 130 130
1 19984 185 155 7 -2 0 0 0 0 -15 -80 5 1324 397 N N N N -2240 -1289 -262 219 219
1 20017 181 223 0 3 0 0 0 0 -58 -102 15 702 243 37 75 63 529 -4322 -2126 -285 341 341
1 19983 190 282 1 0 0 0 0 0 -123 -85 26 2090 698 N N N N -3914 -2084 -374 361 361
1 20017 180 300 2 0 0 0 0 0 -158 -18 32 862 330 38 76 59 529 -6500 -3123 -423 533 533
1 19985 169 249 -1 -3 0 0 0 0 -122 45 24 1589 509 N N N N -4511 -2155 -302 384 384
1 20014 179 220 5 0 0 0 0 0 -84 77 15 1358 452 40 72 56 530 -5018 -2450 -390 459 459
1 23986 193 189 -6 -123 -1 -1388 0 -2 -43 58 -12 1491 514 N N N N -6188 -3029 -516 597 597
1 20015 153 138 6 2 0 0 0 0 -12 68 17 394 157 40 74 55 529 -4247 -1927 -259 378 378
1 20453 149 147 -4 0 0 0 0 0 6 73 15 504 175 N N N N -2210 -1034 -165 213 213
1 20016 145 175 6 2 0 0 0 0 32 84 9 526 180 39 73 55 529 -1586 -764 -137 163 163
1 20456 101 330 5 0 0 0 0 0 123 120 -2 2370 717 N N N N -1050 -880 -387 237 237
1 20015 161 304 -10 5 0 0 0 0 158 43 -24 1844 637 38 71 54 530 -1545 -1096 -421 287 287
1 20511 131 214 4 -2 0 0 0 0 111 -20 -24 2580 728 N N N N -1933 -1279 -463 333 333
1 20018 115 128 -1 -3 0 0 0 0 60 -30 -18 3511 898 39 73 50 529 -3159 -1894 -620 491 491
1 24985 141 189 2 119 -6 1396 1 2 70 -56 -61 852 470 N N N N -4201 -2287 -666 592 592
1 20015 118 103 9 2 0 0 0 0 27 -47 0 1294 466 37 72 50 530 -5627 -2329 -306 541 541
1 19982 127 171 4 -2 0 0 0 0 25 -86 -2 1189 426 N N N N -3481 -1629 -368 424 424
1 20017 112 -3404 -1 0 0 0 0 0 -7 -103 0 2021 484 38 69 49 530 -4581 -1948 -331 496 496
1 19983 117 214 6 1 0 0 0 0 -48 -102 11 1373 493 N N N N -3885 -1809 -445 504 504
1 20018 127 201 -4 0 0 0 0 0 -77 -74 12 349 236 38 72 50 530 -4860 -1939 -273 510 510
1 19984 108 164 -2 -1 0 0 0 0 -79 -38 15 224 107 N N N N -3929 -1505 -171 397 397
1 20016 101 160 1 0 0 0 0 0 -85 -15 14 173 110 39 71 50 530 -2342 -879 -89 235 235
1 19983 106 153 -2 2 0 0 0 0 -81 7 15 247 77 N N N N -2192 -808 -70 216 216
1 20018 94 172 3 -2 0 0 0 0 -86 32 13 680 167 38 70 50 530 -1928 -771 -127 222 222
1 19983 109 205 1 0 0 0 0 0 -83 67 14 562 172 N N N N -2134 -843 -135 245 245
1 20015 108 179 1 3 0 0 0 0 -49 79 7 652 202 39 71 48 531 -2131 -831 -126 243 243
1 19985 94 192 -1 -3 0 0 0 0 -23 94 3 1124 282 N N N N -1973 -827 -185 258 258
1 20015 108 194 -1 0 0 0 0 0 13 98 -3 2037 450 40 68 47 531 -1107 -579 -236 207 207
1 19985 96 174 2 0 0 0 0 0 39 81 -6 985 402 N N N N -488 -466 -344 201 201
1 20015 83 163 5 0 0 0 0 0 56 62 -13 2379 450 36 70 46 531 -1050 -641 -336 247 247
1 28279 175 264 -72 -119 -103 -1394 2 -2 139 35 46 3267 1350 N N N N -3653 -1930 -864 727 727
1 20604 118 221 -8 -6 0 0 0 0 115 14 -30 3030 919 39 72 45 531 -5673 -2267 -552 776 776
1 21218 119 117 -3 0 0 0 0 0 60 -10 -20 119 260 N N N N -4619 -1704 -307 577 577
1 20607 115 62 0 2 0 0 0 0 30 -11 -12 209 156 38 69 43 531 -4367 -1466 -119 479 479
1 21218 112 28 0 -5 0 0 0 0 13 -5 -5 280 140 N N N N -2655 -860 -34 279 279
1 23595 129 107 1 32 -1 209 2 0 47 -23 -31 125 86 38 66 44 532 -2351 -827 -123 292 292
1 16994 59 55 63 93 79 1183 -1 2 18 -13 -19 117 35 N N N N -1147 -409 -72 148 148
1 20017 76 -25 0 2 0 0 0 0 -10 9 1 78 41 36 66 46 532 -1057 -294 53 86 86
1 19983 77 -106 -4 -5 0 0 0 0 -46 32 9 254 69 N N N N -758 -271 -48 99 99
1 20017 77 -96 2 4 0 0 0 0 -46 23 9 174 49 38 68 46 532 -928 -323 -47 117 117
1 19984 60 -82 3 -3 0 0 0 0 -43 12 9 203 56 N N N N -931 -287 5 95 95
1 20015 70 -88 0 0 0 0 0 0 -46 7 10 291 68 37 68 44 533 -656 -253 -70 99 99
1 19984 70 -105 2 0 0 0 0 0 -57 1 9 609 126 N N N N -629 -262 -99 109 109
1 20015 70 -61 5 -4 0 0 0 0 -33 -6 8 504 156 37 70 44 533 -1646 -581 -105 219 219
1 19987 91 -41 3 5 0 0 0 0 -21 -6 3 802 208 N N N N -1984 -727 -172 286 286
1 20016 108 -62 -1 -3 0 0 0 0 -32 -11 4 613 189 40 71 43 533 -3734 -1246 -145 467 467
1 19982 86 -102 7 2 0 0 0 0 -50 -23 7 749 199 N N N N -5299 -1715 -139 649 649
1 20017 104 -106 -1 -2 0 0 0 0 -45 -33 8 1156 309 37 69 42 534 -6278 -2015 -154 788 788
1 19983 109 -2 -15 3 0 0 0 0 3 -1 4 1173 316 N N N N -7131 -2314 -262 962 962
1 20017 95 45 6 3 0 0 0 0 17 16 -6 217 156 37 66 42 534 -6186 -1960 -167 839 839
1 19982 83 18 -1 -5 0 0 0 0 7 5 -1 145 78 N N N N -4484 -1385 -54 602 602
1 27426 128 57 -7 -118 1 -1387 1 -2 27 -12 48 619 218 39 67 41 535 -3155 -998 -104 457 457
1 20456 98 121 3 1 0 0 0 0 59 27 -5 329 106 N N N N -1947 -638 -130 308 308
1 20017 102 158 1 0 0 0 0 0 82 20 -13 270 85 36 68 42 535 -1521 -503 -120 249 249
1 20453 103 213 0 3 0 0 0 0 113 -9 -24 167 46 N N N N -2319 -726 -78 346 346
1 20015 93 194 0 0 0 0 0 0 92 -42 -28 82 29 38 70 42 536 -2231 -688 -56 331 331
1 27811 149 220 -59 120 -93 1388 0 2 80 -71 -89 39 24 N N N N -1887 -578 -36 279 279
1 20015 116 90 -4 -3 0 0 0 0 20 -43 -5 482 125 38 69 41 536 -664 -189 32 85 85
1 19984 129 11 3 -2 0 0 0 0 2 -5 -1 391 113 N N N N -415 -126 -3 61 61
1 20016 121 141 0 2 0 0 0 0 17 -72 -4 461 143 37 67 41 537 -214 -75 -35 42 42
1 19986 132 -3409 1 -3 0 0 0 0 -8 -100 2 682 198 N N N N -1186 -420 -211 237 237
1 20015 118 116 0 3 0 0 0 0 -22 -57 6 600 157 40 65 43 537 -478 -178 -117 105 105
1 19983 119 78 1 -1 0 0 0 0 -20 -36 6 236 110 N N N N 896 259 -25 -121 -121
1 20017 124 108 -1 1 0 0 0 0 -36 -44 9 259 100 38 69 41 537 2121 609 -70 -281 -281
1 19984 124 47 0 0 0 0 0 0 -18 -17 6 656 169 N N N N 2285 657 -63 -299 -299
1 20016 113 -57 0 2 0 0 0 0 22 21 -5 671 199 37 70 42 538 1914 541 -77 -239 -239
1 19984 133 -102 1 -1 0 0 0 0 33 42 -10 535 165 N N N N 2101 575 -128 -242 -242
1 20015 117 -99 -1 0 0 0 0 0 25 46 -7 175 82 40 69 41 538 2128 581 -125 -241 -241
1 19985 119 -87 2 2 0 0 0 0 15 43 -5 409 110 N N N N 2045 562 -100 -233 -233
1 20016 111 -57 -1 -1 0 0 0 0 7 29 -2 529 146 38 69 40 538 1728 488 -48 -206 -206
1 19983 119 -9 -1 -2 0 0 0 0 0 5 1 281 91 N N N N 1627 439 -93 -174 -174
1 20018 143 23 0 1 0 0 0 0 -2 -12 1 330 103 35 69 42 539 1325 384 -10 -164 -164
1 25628 130 -3 45 124 59 1381 0 -2 0 7 33 643 195 N N N N 2599 668 -209 -246 -246
1 20017 130 3494 0 0 0 0 0 0 5 54 -12 358 104 37 69 41 539 1689 431 -137 -156 -156
1 20452 111 -148 -1 -2 0 0 0 0 -12 76 -14 59 36 N N N N 1554 409 -90 -153 -153
1 20015 117 -174 3 0 0 0 0 0 -39 83 -9 75 26 37 69 43 540 957 257 -43 -98 -98
1 20459 128 -185 0 -2 0 0 0 0 -69 71 0 107 34 N N N N 492 124 -40 -43 -44
1 23525 121 -190 -9 -126 0 -1399 0 2 -89 41 69 139 40 37 70 41 540 371 88 -40 -29 -28
1 20769 128 -86 6 8 0 0 0 0 -45 11 8 230 61 N N N N -16 -3 3 1 1
1 20014 103 -54 0 -3 0 0 0 0 -29 3 6 189 61 36 70 42 541 -166 -54 -13 24 24
1 19985 103 -38 -1 1 0 0 0 0 -20 0 5 122 42 N N N N 804 223 -19 -88 -88
1 20017 111 -1 1 1 0 0 0 0 -1 1 -1 134 48 39 69 40 541 1368 386 -19 -153 -153
1 19983 91 61 0 -2 0 0 0 0 33 -2 -6 117 36 N N N N 1022 294 0 -118 -118
1 20016 118 90 0 2 0 0 0 0 47 -9 -10 75 27 39 69 40 541 928 249 -40 -92 -92
1 79985 415 266 3 0 0 0 0 0 124 -65 -26 461 139 N N N N 2271 599 -106 -217 -217
1 80001 385 -41 0 -2 0 0 0 0 -17 13 4 291 80 N N N N 1143 300 -55 -108 -108
1 79998 377 3 0 0 0 0 0 0 1 -1 0 563 160 N N N N 588 101 -129 -14 -14
1 80017 397 153 1 1 0 0 0 0 58 -57 -10 158 54 37 71 44 545 1541 410 -59 -148 -148
1 79983 402 -110 -1 2 0 0 0 0 -40 43 7 325 87 N N N N 659 145 -80 -40 -40
1 80000 415 -59 3 -3 0 0 0 0 -25 19 6 483 132 N N N N 1261 306 -99 -98 -98
1 79999 415 -309 -3 2 0 0 0 0 -152 58 30 264 78 N N N N 289 40 -76 -1 -1
1 86292 502 425 -2 0 -8 4 -1 0 199 -98 -42 56 22 N N N N 516 109 -69 -28 -28
1 80001 442 233 0 0 0 0 0 0 62 -106 -13 512 127 N N N N 867 225 -37 -78 -78
1 80000 439 -18 -1 1 0 0 0 0 -3 9 2 197 58 N N N N 2204 590 -61 -210 -210
1 80000 425 -178 -1 0 0 0 0 0 -46 82 9 335 95 N N N N 181 19 -56 4 4
1 80014 446 -206 2 -2 0 0 0 0 -83 71 17 220 68 35 72 41 549 522 116 -55 -33 -33
1 79985 437 -198 0 1 1 0 -2 0 -98 38 20 217 62 N N N N -2766 -801 -37 309 309
1 80000 467 -142 0 1 0 0 0 0 -76 6 15 272 75 N N N N -381 -142 -61 65 65
1 80000 473 -11 0 0 0 0 0 0 -6 -1 1 186 52 N N N N 267 54 -38 -13 -13
1 79999 492 -232 1 0 0 0 0 0 -119 -31 24 267 79 N N N N 194 27 -50 -1 -1
1 86179 519 620 -3 -118 -1 -1367 -3 -2 316 -37 -17 202 63 N N N N -940 -309 -82 134 134
1 84590 471 236 -3 118 -7 1366 -1 2 87 -75 -66 225 60 N N N N -287 -88 -13 36 36
1 80000 449 -237 1 3 0 0 0 0 -87 90 17 -13 -7 N N N N -4048 -1139 -6 441 441
1 80015 464 -117 2 -2 0 0 0 0 -55 30 12 141 39 38 74 41 551 -5751 -1623 -21 650 650
1 79984 474 -148 -2 -1 0 0 0 0 -76 21 16 76 22 N N N N 1011 275 -17 -108 -108
1 86530 538 441 23 4 26 14 -2 0 198 -114 -34 180 48 N N N N -1312 -391 -50 167 167
1 79998 445 192 -1 -7 0 0 0 0 48 -90 -5 123 32 N N N N -1354 -388 -19 162 162
1 80000 460 -69 5 2 0 0 0 0 -14 34 3 270 80 N N N N -487 -162 -54 76 76
1 79999 461 -139 1 1 0 0 0 0 -40 62 8 58 16 N N N N -217 -69 -18 32 32
1 80002 434 20 9 -1 0 0 0 0 6 -8 1 103 25 N N N N -2755 -781 -25 328 328
1 86825 570 -449 -84 3 -85 2 -3 0 -194 117 21 59 16 N N N N -2111 -593 -10 251 251
1 80015 640 53 2 -1 0 0 0 0 27 -6 -7 335 98 37 69 42 553 339 81 -30 -29 -29
1 79984 646 -149 -2 3 0 0 0 0 -77 9 21 287 92 N N N N 8676 2381 -77 -965 -965
1 80000 653 -197 -1 -1 0 0 0 0 -100 -21 30 46 10 N N N N 527 141 -12 -54 -54
1 80000 623 -39 3 -1 0 0 0 0 -20 -7 6 382 110 N N N N -1623 -483 -64 205 205
1 84294 562 626 42 -120 52 -1378 -2 -2 308 -48 -28 140 43 N N N N 1149 295 -50 -109 -109
1 84883 502 354 -2 120 -6 1370 0 2 107 -137 -72 57 14 N N N N -431 -121 -1 48 48
1 79998 477 -79 0 -1 0 0 0 0 -15 39 4 58 15 N N N N -446 -128 -10 54 54
1 80001 469 -185 -2 1 0 0 0 0 -55 80 13 364 102 N N N N -1873 -546 -54 231 231
1 80015 461 -45 -1 -2 0 0 0 0 -18 16 3 230 69 35 75 44 554 -5467 -1536 -49 645 645
1 79984 451 -139 1 0 0 0 -3 0 -61 42 13 212 61 N N N N -4397 -1233 -40 534 534
1 80000 427 39 2 0 0 0 0 0 18 -10 -4 225 69 N N N N -4417 -1239 -47 551 551
1 80000 416 233 -1 0 0 0 0 0 90 -84 -19 170 46 N N N N -4105 -1144 -31 520 520
1 80000 400 74 2 3 0 0 0 0 21 -33 -4 66 22 N N N N -1830 -512 -20 238 238
1 86705 435 -549 -9 -3 -10 8 -2 0 -231 160 49 110 27 N N N N -1645 -463 -27 219 219
1 80000 401 -182 2 1 0 0 0 0 -97 -3 22 229 63 N N N N -1755 -490 -21 234 234
1 80001 390 -97 -1 0 0 0 0 0 -49 -13 12 476 139 N N N N -3923 -1107 -90 542 542
1 80000 399 87 -1 -1 0 0 0 0 44 12 -10 141 48 N N N N -3418 -950 -39 470 470
1 79999 393 -44 2 0 0 0 0 0 -23 -5 4 166 48 N N N N -1687 -470 -28 237 237
1 84626 467 601 -2 -90 -2 -1178 -2 -3 298 -81 -34 498 145 N N N N -4710 -1316 -100 681 681
1 79024 448 286 -4 92 -5 1173 0 3 78 -120 -53 63 22 N N N N -3906 -1072 -14 561 561
1 80001 457 -26 4 -2 0 0 0 0 -4 13 1 355 98 N N N N -1116 -314 -42 172 172
1 79999 498 -89 -4 0 0 0 0 0 -19 43 5 265 79 N N N N -1400 -392 -55 217 217
1 80001 483 -107 3 0 0 0 0 0 -32 47 7 235 73 N N N N -2003 -558 -61 308 308
1 80001 513 139 0 1 0 0 -2 0 40 -62 -9 241 65 N N N N -2819 -775 -42 431 431
1 79998 525 157 -1 0 0 0 0 0 25 -79 -6 404 112 N N N N -1586 -439 -48 250 250
1 80001 534 -3509 -1 2 0 0 0 0 3 -48 0 423 138 N N N N -570 -169 -101 106 106
1 79999 543 3566 2 -3 0 0 0 0 0 18 -1 266 74 N N N N 633 166 -43 -87 -87
1 85709 600 -651 8 -7 22 -11 -2 0 -197 260 51 500 144 N N N N -1870 -520 -99 303 303
1 80818 482 -129 8 7 0 0 0 0 -68 18 12 261 82 N N N N -1628 -446 -46 259 259
1 80002 475 -62 -1 1 0 0 0 0 -33 2 8 280 83 N N N N -392 -112 -52 70 70
1 80000 459 -170 0 -1 0 0 0 0 -90 -10 19 147 46 N N N N -235 -67 -34 42 42
1 80000 454 -251 3 0 0 0 0 0 -119 -59 24 317 90 N N N N 176 41 -54 -18 -18
1 85294 508 493 -5 -120 0 -1374 -1 -2 248 44 8 264 80 N N N N 2313 615 -62 -342 -342
1 82414 499 597 -1 121 -5 1391 0 2 238 -166 -111 179 54 N N N N 630 165 -32 -89 -89
1 80000 459 141 -2 0 0 0 0 0 19 -72 -4 84 22 N N N N 131 33 -15 -17 -17
1 80000 483 -3504 2 -1 0 0 0 0 1 -51 0 145 39 N N N N -158 -46 -22 28 28
1 79999 458 3485 1 3 0 0 0 0 -3 61 0 329 91 N N N N 753 196 -46 -104 -104
1 80000 475 -234 -1 -1 0 0 0 0 -43 115 10 197 60 N N N N 509 130 -44 -67 -67
1 84941 500 -541 -6 -2 -11 -5 -2 0 -241 138 51 368 108 N N N N -1255 -346 -73 201 201
1 80000 474 -245 1 1 0 0 0 0 -128 -20 29 660 188 N N N N -1287 -355 -92 210 210
1 80001 482 -262 0 0 0 0 0 0 -115 -74 26 106 45 N N N N 2055 540 -51 -297 -297
1 79999 466 -287 -2 1 0 0 0 0 -76 -127 16 193 50 N N N N 2123 562 -26 -307 -307
1 80001 454 -173 3 -1 0 0 0 0 -11 -89 3 483 140 N N N N 784 196 -79 -98 -98
1 83645 525 580 -5 -120 0 -1380 -1 -2 136 226 18 128 45 N N N N -395 -114 -56 69 69
1 83689 502 833 -7 122 -7 1376 0 2 404 -15 -143 149 51 N N N N 276 68 -32 -33 -33
1 80779 471 251 6 -3 0 0 0 0 66 -114 -12 172 38 N N N N 195 49 -16 -25 -25
1 80002 465 41 0 0 0 0 0 0 5 -21 -1 166 44 N N N N 363 93 -22 -48 -48
1 79999 470 -66 -1 3 0 0 0 0 -8 34 2 105 30 N N N N 187 45 -25 -22 -22
1 80000 481 -64 0 -3 0 0 0 0 -14 31 3 160 39 N N N N 88 20 -21 -8 -8
1 86058 552 -461 14 3 16 -5 -2 0 -183 155 43 477 141 N N N N -58 -30 -93 28 28
1 80000 449 -208 1 0 0 0 0 0 -110 14 23 205 62 N N N N -34 -15 -37 13 13
1 80000 457 58 -1 -3 0 0 0 0 31 0 -6 280 72 N N N N 312 76 -34 -38 -38
1 80001 463 -60 2 1 0 0 0 0 -32 0 7 244 76 N N N N -731 -201 -55 116 116
1 80000 457 -259 -4 -1 0 0 0 0 -132 -36 28 144 42 N N N N 1230 317 -35 -168 -168
1 83650 509 558 -2 -119 0 -1378 -1 -2 288 -13 -8 268 70 N N N N -1186 -318 -42 178 178
1 82061 502 243 -1 119 -5 1385 0 2 100 -63 -75 122 41 N N N N 2508 654 -28 -349 -349
1 79998 487 -326 -3 0 0 0 0 0 -141 97 30 234 65 N N N N 1198 307 -37 -158 -158
1 79999 502 -234 4 0 0 0 0 0 -124 14 27 146 40 N N N N 671 170 -29 -87 -87
1 80000 517 -43 1 1 0 0 0 0 -23 -3 5 123 35 N N N N 670 172 -21 -87 -87
1 86527 585 618 -8 -1 -7 4 -1 0 294 -114 -67 142 38 N N N N 424 104 -33 -51 -51
1 80001 537 120 2 0 0 0 0 0 33 -54 -6 314 79 N N N N -3355 -883 -34 472 472
1 80001 519 -32 0 0 0 0 0 0 -8 15 1 289 89 N N N N -1503 -404 -66 224 224
1 80000 533 -129 1 0 0 0 0 0 -39 56 10 156 41 N N N N 62 13 -19 -4 -5
1 80000 524 -28 -2 0 0 0 0 0 -10 11 2 277 81 N N N N -1241 -333 -59 187 188
1 80000 517 202 3 0 0 0 -1 0 60 -88 -13 268 69 N N N N -281 -78 -31 46 46
1 80000 528 92 -1 3 0 0 0 0 16 -46 -4 249 75 N N N N 11 -5 -56 9 9
1 79998 505 -210 -4 -3 0 0 0 0 -47 100 10 265 71 N N N N 189 42 -42 -18 -18
1 80001 507 67 3 1 0 0 0 0 19 -30 -4 96 32 N N N N 87 18 -30 -6 -6
1 86590 570 -504 -5 5 -10 4 -1 0 -212 149 45 245 65 N N N N 129 26 -47 -9 -9
1 80000 506 -80 -3 -6 0 0 0 0 -42 4 12 220 59 N N N N 249 60 -28 -29 -29
1 80001 512 124 3 1 0 0 0 0 65 -8 -15 445 128 N N N N 808 197 -73 -97 -97
1 79999 536 -67 -1 -1 0 0 0 0 -35 6 8 121 35 N N N N 864 218 -32 -113 -113
1 80001 512 -124 2 1 0 0 0 0 -66 2 15 371 100 N N N N 946 234 -58 -118 -118
1 87645 594 581 17 -1 26 -5 -1 0 269 -122 -53 632 177 N N N N 3054 769 -94 -393 -393
1 80000 474 123 3 1 0 0 0 0 33 -56 -7 143 47 N N N N 2668 676 -50 -343 -343
1 80000 488 -129 -2 0 0 0 0 0 -34 59 7 169 45 N N N N 826 207 -25 -102 -102
1 80000 515 -247 3 -1 0 0 0 0 -101 85 19 391 105 N N N N 1881 468 -61 -230 -230
1 80000 486 -39 -2 2 0 0 0 0 -19 8 4 180 55 N N N N 1734 434 -45 -211 -211
1 80000 498 67 0 0 0 0 -1 0 32 -16 -6 140 34 N N N N 612 152 -18 -73 -73
1 80000 506 -215 0 0 0 0 0 0 -108 39 20 76 21 N N N N 999 251 -21 -122 -122
1 80000 508 -272 -1 0 0 0 0 0 -144 -9 30 175 41 N N N N 1160 292 -18 -141 -141
1 80001 497 -71 -1 -2 0 0 0 0 -36 -13 6 354 103 N N N N 2629 653 -69 -308 -308
1 86527 606 686 -7 8 -5 9 -2 0 343 -58 -72 206 65 N N N N 895 215 -48 -96 -96
1 80826 533 98 6 -8 0 0 0 0 35 -39 -4 252 60 N N N N 777 188 -34 -86 -86
1 80000 541 -118 -2 4 0 0 0 0 -43 46 8 171 49 N N N N 1420 353 -29 -164 -164
1 80000 551 -109 0 -4 0 0 0 0 -47 34 10 205 51 N N N N 771 187 -32 -83 -83
1 80000 530 211 1 0 0 0 0 0 84 -74 -16 211 59 N N N N 1603 396 -35 -181 -181
1 80000 538 -61 2 4 0 0 0 0 -21 25 4 233 67 N N N N 3935 985 -44 -449 -449
1 80000 525 -108 -2 -1 0 0 0 0 -44 37 8 176 45 N N N N 2362 589 -29 -263 -263
1 80000 538 -137 0 0 0 0 0 0 -65 34 13 157 44 N N N N 1394 342 -32 -149 -149
1 80001 517 -111 0 0 0 0 0 0 -57 17 12 176 46 N N N N 1876 465 -29 -202 -202
1 86000 563 427 -6 -1 -8 -5 0 0 191 -117 -40 165 46 N N N N 1677 412 -33 -177 -177
1 79998 526 136 3 -2 0 0 0 0 36 -62 -8 55 12 N N N N 1181 294 -10 -127 -127
1 80001 502 57 -1 0 0 0 0 0 11 -28 -2 200 50 N N N N 2653 659 -30 -281 -281
1 80000 501 -25 0 3 0 0 0 0 -5 12 1 305 79 N N N N 288 57 -39 -17 -17
1 80000 489 -28 -1 -1 0 0 0 0 -5 14 2 94 31 N N N N 734 171 -31 -69 -69
1 86174 542 -480 -8 -2 -10 -5 -2 0 -182 168 36 240 64 N N N N 4461 1106 -46 -460 -460
1 79999 491 -259 3 0 0 0 0 0 -136 15 31 42 13 N N N N 2474 620 -8 -255 -255
1 80000 498 -81 1 1 0 0 0 0 -43 -7 10 155 38 N N N N 603 143 -19 -56 -56
1 80000 512 -86 1 -1 0 0 0 0 -44 -14 8 267 67 N N N N -114 -49 -43 27 27
1 80000 492 -61 -3 1 0 0 0 0 -29 -13 7 51 15 N N N N -1185 -305 -16 129 129
1 84357 579 614 -1 -122 0 -1390 0 -2 314 -24 -18 116 26 N N N N 54 3 -23 3 3
1 77175 434 351 22 124 25 1399 0 2 119 -124 -67 179 44 N N N N -888 -232 -20 99 99
1 79999 455 -159 -2 -3 0 0 0 0 -44 72 7 60 19 N N N N -1958 -502 -23 214 214
1 80000 447 -222 0 0 0 0 0 0 -91 75 17 192 43 N N N N -982 -256 -22 111 111
1 80000 458 -241 3 1 0 0 0 0 -124 36 23 148 44 N N N N -826 -220 -31 98 98
1 87295 519 438 -8 -1 -5 -11 -1 0 207 -101 -40 137 30 N N N N -206 -61 -23 30 30
1 80000 482 104 2 3 0 0 0 0 33 -44 -7 93 29 N N N N 256 57 -15 -22 -22
1 80000 454 -81 -2 -2 0 0 0 0 -25 35 5 124 31 N N N N 416 94 -24 -35 -35
1 80000 470 -39 -1 -1 0 0 0 0 -13 16 2 107 25 N N N N 323 73 -19 -28 -28
1 80001 437 87 2 3 0 0 0 0 28 -37 -4 174 42 N N N N 464 107 -20 -42 -42
1 84999 499 -454 -7 -3 -10 -5 -1 0 -199 127 37 234 62 N N N N 1185 277 -45 -108 -108
1 80001 455 -22 2 1 0 0 0 0 -12 2 3 73 21 N N N N -1408 -359 -17 153 153
1 80000 456 -124 -1 -1 0 0 0 0 -66 2 14 128 33 N N N N -1796 -456 -19 197 197
1 80000 426 -67 -1 3 0 0 0 0 -35 -4 7 126 29 N N N N -59 -23 -17 12 12
1 80000 435 46 3 -1 0 0 0 0 24 4 -5 112 30 N N N N -236 -68 -23 33 33
1 85586 489 560 -9 -1 -7 4 0 0 269 -105 -57 202 52 N N N N -1714 -443 -39 196 196
1 80001 429 357 4 1 0 0 0 0 71 -172 -15 170 47 N N N N 2610 639 -23 -270 -270
1 79999 435 -3427 -1 1 0 0 0 0 -10 -91 1 89 21 N N N N 2558 630 -17 -262 -262
1 80001 430 -6 0 -1 0 0 0 0 1 3 0 96 27 N N N N 1258 305 -17 -125 -125
1 79999 433 -35 -2 -2 0 0 0 0 5 18 0 124 30 N N N N 407 93 -19 -35 -35
1 85237 483 3036 -4 123 -10 1391 0 -2 -95 273 -28 71 11 N N N N -1697 -429 -18 182 182
1 79999 402 -347 22 -120 33 -1395 -1 2 -169 73 84 148 41 N N N N 1287 310 -19 -127 -127
1 80000 366 -146 -2 0 0 0 0 0 -78 1 15 40 11 N N N N 202 45 -13 -16 -16
1 80001 399 39 2 0 0 0 0 0 21 1 -3 129 27 N N N N -2458 -619 -20 262 262
1 79998 386 18 0 0 0 0 0 0 9 1 -3 58 11 N N N N -5688 -1414 -9 606 606
1 80003 406 -77 -1 -2 0 0 0 0 -41 -4 8 100 27 N N N N -869 -222 -16 99 99
1 89939 477 612 -2 2 -6 3 0 0 293 -113 -55 153 40 N N N N -270 -76 -25 37 37
1 79999 427 216 0 -2 0 0 0 0 53 -101 -10 258 64 N N N N 141 21 -35 -3 -3
1 80001 429 130 -2 1 0 0 0 0 11 -68 -2 163 44 N N N N 832 194 -30 -80 -80
1 80000 443 -3571 3 2 0 0 0 0 0 -15 0 169 43 N N N N 212 41 -29 -13 -13
1 80002 443 66 -1 -3 0 0 0 0 -3 -35 1 142 39 N N N N -258 -75 -28 37 37
1 81466 486 3131 -3 123 -9 1399 -1 -2 -70 234 -29 218 51 N N N N 680 154 -35 -61 -61
1 81591 476 -405 -3 -122 0 -1392 -1 2 -187 98 76 142 42 N N N N 1177 279 -29 -116 -116
1 80001 450 -60 1 -2 0 0 0 0 -32 4 7 77 17 N N N N -355 -92 -10 41 41
1 80000 465 -73 -1 3 0 0 0 0 -39 -1 8 150 37 N N N N 273 58 -24 -21 -21
1 79999 458 -150 0 0 0 0 0 0 -78 -16 16 67 18 N N N N 631 148 -17 -61 -61
1 78784 237 232 302 -92 154 -511 -280 -4 86 10 3 21 4 N N N N 159 38 -3 -16 -16
1 110244 -70 76 143 39 342 5 -435 0 15 -4 8 -3 1 N N N N 81 19 -3 -7 -7
1 49798 -310 -147 -36 7 6 -5 -211 0 -75 5 -27 -20 -2 N N N N 27 8 3 -4 -4
1 79177 -648 49 -99 140 -7 1402 -241 2 36 16 -55 -183 -44 N N N N -514 -118 23 47 47
1 76762 -716 582 0 -121 9 -1399 -3 2 250 -168 138 -185 -44 N N N N -581 -130 31 51 51
1 79999 -755 -90 1 -2 0 0 0 0 -26 39 -6 -318 -81 N N N N -919 -207 51 81 81
1 80001 -758 -145 -1 0 0 0 0 0 -55 53 -15 -302 -79 N N N N -633 -136 49 51 51
1 80000 -749 -232 -2 1 0 0 0 0 -109 52 -33 -381 -95 N N N N -473 -97 51 34 34
1 79999 -753 -257 1 -1 0 0 0 0 -133 3 -41 -231 -67 N N N N -570 -120 53 44 44
1 82705 -680 624 -34 4 -47 -11 -4 0 302 -103 77 -97 -20 N N N N -246 -53 22 20 20
1 80001 -598 13 3 -7 0 0 0 0 6 -6 1 -139 -32 N N N N 7145 1782 24 -769 -769
1 79998 -588 -236 -2 1 0 0 0 0 -97 79 -21 -228 -59 N N N N 1249 323 31 -141 -141
1 80001 -605 -247 0 1 0 0 0 0 -126 35 -31 -176 -45 N N N N -344 -70 34 24 24
1 80001 -603 -232 1 0 0 0 0 0 -121 -16 -32 -124 -31 N N N N 324 90 22 -41 -41
1 86132 -664 674 9 7 0 2 -2 0 326 -80 82 -226 -57 N N N N -2076 -503 31 206 206
1 80809 -573 -31 -7 -4 0 0 0 0 -9 11 -3 -194 -51 N N N N -3327 -813 37 341 341
1 80000 -611 -237 -2 -1 0 0 0 0 -106 66 -25 -217 -56 N N N N 3188 810 37 -352 -352
1 79998 -588 -162 0 2 0 0 0 0 -84 20 -22 -156 -40 N N N N -805 -189 27 76 76
1 80000 -595 -252 4 -4 0 0 0 0 -131 -19 -35 -141 -34 N N N N 276 76 21 -36 -36
1 82062 -657 663 2 3 1 2 -15 -2 325 -71 83 -316 -84 N N N N 1706 451 54 -199 -199
1 81293 -592 13 -8 0 -1 -1 -6 2 7 -5 -1 -189 -48 N N N N -714 -165 30 64 64
1 80000 -604 -171 3 1 0 0 0 0 -73 55 -16 -120 -29 N N N N -405 -93 22 36 36
1 79999 -634 -137 -3 0 0 0 0 0 -67 28 -16 -122 -31 N N N N -713 -168 23 67 67
1 80001 -619 -106 -1 0 0 0 0 0 -55 12 -14 -181 -44 N N N N 48 25 30 -15 -15
1 86527 -706 566 6 1 1 2 0 0 240 -160 57 -236 -64 N N N N 1162 310 43 -139 -139
1 80000 -646 -77 -4 1 0 0 0 0 -21 35 -5 -197 -48 N N N N 1745 449 28 -193 -193
1 80000 -609 -317 0 -3 0 0 0 0 -130 103 -30 -88 -24 N N N N 1219 317 22 -136 -136
1 80000 -603 -281 -1 -1 0 0 0 0 -147 21 -36 -306 -73 N N N N 658 180 33 -80 -80
1 80002 -605 -253 0 0 0 0 0 0 -126 -39 -35 -160 -47 N N N N 1783 468 42 -200 -200
1 83114 -683 714 8 97 0 1210 -3 -3 353 -11 53 -189 -45 N N N N -680 -159 27 60 60
1 79943 -607 48 -7 -95 -1 -1218 2 3 20 -39 41 -149 -44 N N N N -3151 -780 31 319 319
1 80000 -590 -275 0 -2 0 0 0 0 -124 75 -28 -384 -99 N N N N -4250 -1050 51 436 436
1 80000 -611 -324 -1 0 0 0 0 0 -170 7 -44 -155 -45 N N N N -210 -35 44 7 7
1 80000 -626 -298 -5 -2 0 0 0 0 -136 -73 -37 -119 -30 N N N N -1477 -367 16 156 156
1 83059 -716 688 12 127 0 1416 0 -2 337 75 29 -103 -27 N N N N -2238 -556 25 237 237
1 80003 -670 395 -7 -126 0 -1415 0 2 151 -164 91 -222 -56 N N N N -1936 -480 25 207 207
1 79997 -646 -179 -2 1 0 0 0 0 -55 77 -11 -287 -76 N N N N -1524 -368 49 156 156
1 80002 -657 -287 -4 0 0 0 0 0 -128 79 -30 -358 -96 N N N N -3670 -912 55 401 401
1 80000 -636 -284 3 4 0 0 0 0 -151 10 -37 -211 -62 N N N N -4034 -1008 49 457 457
1 86353 -733 661 3 -1 0 5 0 0 309 -125 74 -241 -63 N N N N -1531 -378 38 170 170
1 80000 -618 9 -4 -1 0 0 0 0 4 -4 0 -257 -70 N N N N -1589 -391 43 179 179
1 80001 -624 -309 -2 1 0 0 0 0 -124 105 -29 -205 -59 N N N N -1298 -317 46 144 144
1 79999 -589 -273 2 0 0 0 0 0 -142 28 -33 -137 -35 N N N N -298 -70 21 30 30
1 80000 -593 -47 -1 1 0 0 0 0 -25 -1 -7 -445 -123 N N N N -2411 -594 77 275 275
1 84881 -640 618 3 3 0 3 -1 0 287 -126 67 -197 -55 N N N N -2407 -606 39 291 291
1 80000 -556 -18 -4 -4 0 0 0 0 -4 7 -2 -285 -75 N N N N -1103 -273 34 130 130
1 80000 -544 -121 -1 0 0 0 0 0 -44 47 -9 -379 -107 N N N N -2349 -585 75 281 281
1 80000 -514 -148 -7 -3 0 0 0 0 -65 42 -14 -119 -34 N N N N -1471 -371 26 184 184
1 80000 -511 -201 -3 0 0 0 0 0 -102 31 -24 -350 -91 N N N N -1109 -276 41 135 135
1 82033 -571 406 16 99 0 1201 -97 -3 188 -72 8 -371 -110 N N N N -3109 -784 80 394 394
1 79380 -513 192 -28 -93 0 -1200 -105 3 63 -105 35 -433 -121 N N N N -2175 -546 73 277 277
1 80001 -524 -269 2 -5 0 0 0 0 -88 110 -13 -101 -31 N N N N -1485 -379 27 198 198
1 80000 -521 -370 -2 4 0 0 0 0 -184 68 -36 -332 -89 N N N N -746 -185 47 93 93
1 80001 -528 -533 0 1 0 0 0 0 -251 -109 -58 -246 -74 N N N N -1036 -258 58 132 132
1 79999 -528 -549 -3 -3 0 0 0 0 -59 -266 -18 -370 -103 N N N N -531 -127 64 61 61
1 80410 -577 143 17 128 0 1398 -112 -2 -12 75 -9 -164 -44 N N N N -272 -67 23 33 33
1 80002 -607 1188 5 -5 0 0 0 0 448 288 54 -412 -116 N N N N -427 -100 71 46 46
1 79999 -584 386 -30 -117 0 -1401 -64 2 149 -163 74 -268 -79 N N N N -102 -18 53 4 4
1 79999 -565 -304 -6 2 0 0 0 0 -104 122 -18 -316 -85 N N N N 547 150 50 -88 -88
1 79999 -596 -660 -18 3 0 0 0 0 -336 12 -56 -371 -101 N N N N 21 15 64 -16 -16
1 80002 -636 -141 3 -17 0 0 0 0 -61 -45 -5 -225 -62 N N N N 4111 1081 44 -585 -585
1 80000 -647 1018 0 3 0 0 0 0 482 -51 72 -338 -97 N N N N 1475 398 63 -217 -217
1 90175 -793 -625 80 13 87 28 -2 0 -304 137 -53 -190 -60 N N N N -416 -101 39 48 48
1 80000 -945 -69 13 -3 0 0 0 0 -36 -6 -13 -449 -126 N N N N -930 -233 62 115 115
1 80000 -979 -70 3 2 0 0 0 0 -36 -9 -12 -309 -87 N N N N -7024 -1833 70 985 985
1 80000 -1004 106 2 -3 0 0 0 0 53 12 19 -434 -123 N N N N 1891 509 77 -290 -290
1 80000 -1011 175 1 5 0 0 0 0 91 1 27 -473 -130 N N N N -73 -9 66 -2 -2
1 83705 -856 573 -48 -3 -63 -32 -1 0 244 -174 52 -383 -112 N N N N 823 230 88 -137 -137
1 80000 -777 186 -5 0 0 0 0 0 25 -95 3 -277 -78 N N N N 755 208 48 -119 -119
1 80000 -793 -3460 2 3 0 0 0 0 -3 -73 -3 -439 -126 N N N N -186 -37 77 11 11
1 80000 -790 78 3 -3 0 0 0 0 -10 -41 -4 -547 -158 N N N N -457 -106 93 47 47
1 80000 -797 88 -5 0 0 0 0 0 -17 -43 -6 -184 -56 N N N N 23 13 49 -13 -13
1 84334 -830 2579 18 -1 -1 8 0 0 -210 422 -35 -174 -41 N N N N -1493 -394 18 214 214
1 80785 -774 -305 -25 -6 0 0 0 0 -157 -8 -35 -287 -85 N N N N -3369 -890 60 490 490
1 79999 -758 -77 -3 4 0 0 0 0 -38 -14 -9 -541 -155 N N N N -669 -167 90 85 85
1 80002 -735 -139 3 4 0 0 0 0 -63 -37 -19 -326 -101 N N N N 2066 561 69 -324 -324
1 80000 -729 78 1 3 0 0 0 0 34 23 6 -359 -100 N N N N 324 96 65 -61 -61
1 86531 -799 961 6 -3 1 -3 -1 0 438 -129 98 -226 -67 N N N N -466 -119 44 61 61
1 79999 -680 196 -6 -3 0 0 0 0 29 -100 2 -280 -80 N N N N -134 -29 53 10 10
1 79999 -640 -71 -3 -5 0 0 0 0 -5 36 -2 -295 -81 N N N N -206 -50 42 24 24
1 80003 -622 -128 -7 3 0 0 0 0 -22 64 -4 -469 -141 N N N N -3049 -809 97 450 450
1 79999 -618 -98 10 3 0 0 0 0 -29 45 -2 -433 -130 N N N N 138 46 83 -36 -36
1 86469 -662 -684 -6 1 0 8 0 0 -324 119 -68 -415 -121 N N N N 1940 534 73 -313 -313
1 80000 -584 -170 -3 1 0 0 0 0 -84 -33 -18 -299 -88 N N N N 1753 482 58 -279 -279
1 80000 -571 33 -4 -5 0 0 0 0 16 7 7 -584 -169 N N N N -1341 -352 86 189 189
1 79999 -559 -405 3 1 0 0 0 0 -145 -149 -36 -291 -95 N N N N 428 127 80 -81 -81
1 80001 -559 -299 -2 -2 0 0 0 0 -22 -151 -7 -340 -95 N N N N 1676 463 51 -267 -267
1 76235 -588 585 25 123 0 1378 -45 -2 111 271 -28 -327 -97 N N N N 4504 1240 72 -692 -692
1 78588 -640 1084 -18 -118 0 -1391 -37 2 486 -130 155 -338 -101 N N N N 2345 652 61 -359 -359
1 79998 -609 -3370 -6 0 0 0 0 0 21 -119 -3 -113 -32 N N N N 421 121 30 -69 -69
1 80002 -594 3395 -6 0 0 0 0 0 -13 107 -3 -489 -140 N N N N 4627 1284 82 -686 -686
1 79998 -596 -242 -6 3 0 0 0 0 -66 109 -11 -173 -53 N N N N 3339 924 36 -478 -478
1 80000 -615 -238 3 -4 0 0 0 0 -105 71 -17 -406 -116 N N N N 3332 932 69 -478 -478
1 80001 -641 -527 -3 4 0 0 -3 0 -274 -13 -52 -406 -118 N N N N 5174 1445 75 -715 -715
1 79999 -677 -716 -12 0 0 0 0 0 -156 -311 -28 -139 -43 N N N N 2560 718 41 -348 -348
1 80016 -702 -907 -17 -4 0 0 0 0 365 -243 48 -106 -27 37 71 42 560 1415 397 23 -191 -191
1 79985 -722 2372 7 1 0 0 0 0 170 502 39 -102 -27 N N N N 988 279 19 -133 -133
1 79999 -735 -1150 3 2 0 -1 0 0 -517 -100 -78 -284 -77 N N N N 4054 1137 50 -530 -530
1 80001 -732 -1188 -7 -1 0 0 0 0 328 -405 38 -395 -110 N N N N 4579 1292 71 -589 -589
1 80000 -742 2405 4 2 0 0 0 0 212 479 43 -370 -111 N N N N 6776 1906 71 -834 -834
1 79999 -745 -1156 3 -2 0 0 0 0 -527 -45 -80 -90 -29 N N N N 4361 1221 28 -515 -515
1 87059 -1015 709 96 126 71 1395 -1 -2 304 173 -10 -192 -52 N N N N 3334 941 33 -389 -389
1 84120 -1055 -2751 -1 -123 0 -1397 0 2 260 -327 140 -357 -106 N N N N -432 -87 68 22 22
1 80016 -1016 270 0 2 0 0 0 0 -41 -134 -16 -444 -123 37 71 39 559 2218 645 56 -269 -269
1 79984 -1022 191 -2 -6 0 0 0 0 -66 -78 -22 -332 -105 N N N N -7358 -2008 90 802 802
1 80000 -1029 395 -1 5 0 0 0 0 -191 -69 -61 -483 -136 N N N N 1450 440 77 -197 -197
1 80000 -997 311 0 1 0 0 0 0 -156 43 -45 -354 -106 N N N N -43 23 76 -23 -23
1 85413 -884 -988 -34 -132 -40 -1358 1 -2 445 116 91 -172 -48 N N N N -559 -133 51 46 46
1 81824 -795 2464 3 124 0 1369 0 2 -302 436 -35 -216 -50 N N N N 10315 2908 31 -1175 -1175
1 79998 -760 -59 1 3 0 0 0 0 -31 -3 -9 -368 -105 N N N N 2301 680 63 -275 -275
1 80000 -765 -5 -5 0 0 0 0 0 -2 0 0 -342 -100 N N N N 2052 617 73 -250 -250
1 80016 -804 19 0 -1 0 0 0 0 10 2 2 -368 -105 38 70 43 558 -980 -235 74 76 76
1 79985 -813 136 2 0 0 0 0 0 72 1 19 -523 -148 N N N N 1135 366 83 -156 -156
1 84999 -801 564 -32 -4 -32 -8 0 0 248 -161 44 -674 -195 N N N N -195 21 137 -35 -35
1 80000 -619 -15 -2 -1 0 0 0 0 -3 7 -3 -445 -110 N N N N -2454 -652 80 234 234
1 80000 -604 -261 0 12 0 0 0 0 -95 103 -18 -537 -153 N N N N -157 17 113 -29 -29
1 80002 -615 -250 -18 3 0 0 0 0 -121 50 -26 -708 -205 N N N N -2574 -657 146 227 227
1 80000 -652 -815 -23 -10 0 0 0 0 -347 -200 -45 -590 -165 N N N N -1217 -285 121 88 88
1 84881 -724 765 40 98 0 1393 0 -2 317 213 -7 -1413 -406 N N N N -6303 -1700 224 639 639
1 20193 -170 325 9 3 0 0 0 0 161 -53 40 -259 -83 39 72 44 558 -3876 -1079 81 431 431
1 27984 -262 373 58 -99 88 -1391 0 2 93 -179 90 -454 -130 N N N N 119 65 69 -40 -40
1 20016 -217 53 3 -2 0 0 0 0 6 -28 1 -488 -143 38 69 41 558 -315 -66 58 17 17
1 19984 -224 -20 0 0 0 0 0 0 -2 10 -1 -696 -198 N N N N -970 -229 116 75 75
1 20017 -225 -77 -2 2 0 0 0 0 -10 40 -2 -657 -200 40 69 42 558 -622 -119 142 25 25
1 19983 -226 -38 2 1 0 0 0 0 -8 19 -2 -222 -83 N N N N -2173 -588 104 231 231
1 20015 -238 87 2 1 0 0 0 0 14 -43 5 -629 -198 36 70 40 558 -1980 -549 71 224 224
1 19985 -239 -3421 -3 0 0 0 0 0 9 -94 0 -1781 -509 N N N N -4271 -1129 312 443 443
1 20016 -227 -12 -1 -1 0 0 0 0 2 6 -1 -261 -102 43 67 43 557 -4389 -1249 125 545 545
1 19984 -217 3439 -1 -3 0 0 0 0 -8 84 -2 -484 -152 N N N N -3093 -886 82 399 399
1 20015 -218 -156 0 0 0 0 0 0 -31 76 -6 -621 -190 37 69 40 557 -2614 -736 118 331 331
1 19985 -208 -119 -1 3 0 0 0 0 -37 51 -11 -437 -136 N N N N -2680 -761 113 350 350
1 20016 -208 -130 -1 -2 0 0 0 0 -50 46 -14 -245 -80 37 70 43 557 -1295 -361 84 164 164
1 19984 -232 -133 0 1 0 0 0 0 -63 32 -18 -282 -84 N N N N 174 69 61 -44 -44
1 20016 -213 -106 4 -4 0 0 0 0 -53 16 -15 -897 -249 36 71 43 557 528 197 137 -119 -119
1 19984 -205 -34 -2 1 0 0 0 0 -17 4 -6 -878 -250 N N N N -1367 -375 117 167 167
1 20016 -224 -149 -2 -1 0 0 0 0 -78 -1 -23 -733 -208 38 70 42 557 1227 425 195 -241 -241
1 25278 -242 -107 -40 124 -64 1393 0 -2 -51 -4 -70 -2885 -780 N N N N 5463 1763 355 -909 -909
1 20017 -167 209 -2 -3 0 0 0 0 110 20 23 -1446 -440 39 70 42 557 10193 3260 408 -1559 -1559
1 20512 -175 265 -1 0 0 0 0 0 136 -32 38 -731 -250 N N N N 11152 3556 288 -1557 -1557
1 21430 -173 281 8 -123 6 -1397 0 2 107 -122 81 -473 -169 37 68 45 557 9436 3002 168 -1214 -1214
1 19985 -168 207 -5 2 0 0 0 0 42 -101 4 -370 -127 N N N N 6324 2021 106 -774 -774
1 20013 -165 -3431 -3 -1 0 0 0 0 5 -89 -3 -238 -80 40 69 43 557 3212 1040 71 -390 -390
1 19985 -151 137 -1 0 0 0 0 0 -17 -70 -6 -168 -59 N N N N 2257 731 47 -269 -269
1 20016 -161 97 -4 2 0 0 0 0 -21 -46 -9 -239 -75 37 68 43 557 1345 448 46 -166 -166
1 19984 -158 9 0 -1 0 0 0 0 -3 -4 0 -200 -64 N N N N 1377 461 50 -170 -170
1 20016 -160 -40 -5 -2 0 0 0 0 12 18 0 -214 -67 38 68 44 557 1239 422 55 -157 -157
1 19985 -159 25 1 -3 0 0 0 0 -8 -12 -1 -678 -194 N N N N 1436 499 77 -186 -186
1 20015 -168 82 -7 0 0 0 0 0 -23 -36 -10 -1611 -462 41 71 44 557 1840 713 204 -283 -283
1 19985 -163 -18 4 3 0 0 0 0 6 8 4 -808 -284 N N N N 2763 1035 241 -393 -393
1 20014 -179 -151 3 1 0 0 0 0 38 70 11 -4012 -1174 37 72 46 557 1889 970 527 -427 -427
1 19986 -144 -86 -1 3 0 0 0 0 14 44 4 -2869 -899 N N N N 3183 1462 610 -595 -595
1 20016 -125 -91 -4 0 0 0 0 0 6 48 2 -2697 -854 40 70 48 557 2873 1454 696 -599 -599
1 19983 -158 3481 0 -4 0 0 0 0 -3 62 1 -1617 -517 N N N N 3064 1423 537 -545 -545
1 20015 -144 -139 -4 4 0 0 0 0 -20 71 -5 -341 -174 38 71 49 556 3215 1314 308 -452 -452
1 19987 -130 -161 0 2 0 0 0 0 -47 72 -7 -170 -87 N N N N 2811 1055 140 -333 -333
1 18792 -119 -115 3 3 0 -1 -42 0 -46 42 -8 -659 -197 38 72 50 557 2197 805 82 -245 -245
1 21209 -130 -248 -14 -2 0 0 -6 0 -117 56 -24 -4196 -1155 N N N N 1791 1129 621 -448 -448
1 20012 -108 -257 -14 -1 0 0 0 0 -136 1 -23 -1318 -467 38 81 48 556 4173 1827 463 -592 -592
1 19986 -118 -325 -3 -11 0 0 0 0 -152 -79 -20 -3142 -922 N N N N 3166 1506 463 -494 -494
1 20016 -114 -236 2 7 0 0 0 0 -72 -99 -17 -654 -321 41 77 51 556 4544 2136 597 -670 -670
1 19983 -104 -186 -3 -5 0 0 0 0 -23 -93 -5 -892 -304 N N N N 6720 2605 251 -685 -685
1 20018 -112 -108 2 2 0 0 0 0 1 -55 -2 -2115 -569 39 73 53 556 5080 2217 416 -603 -603
1 19983 -120 6 25 -8 0 0 0 0 -1 3 -12 -3073 -783 N N N N 5806 2642 542 -704 -704
1 20015 -90 176 -24 8 0 0 0 0 5 90 15 -1469 -681 41 76 56 556 4722 2391 629 -642 -642
1 19984 -118 70 -1 1 0 0 0 0 10 35 4 -541 -279 N N N N 4013 1761 266 -417 -417
1 20015 -127 -135 13 -2 0 0 0 0 -15 -68 -11 -1568 -464 39 76 59 556 2687 1337 307 -332 -332
1 19986 -137 -76 3 -6 0 0 0 0 -1 -39 -4 -735 -319 N N N N 2811 1492 390 -372 -372
1 20015 -118 -13 0 -4 0 0 0 0 0 -7 1 -2422 -628 39 77 54 556 3136 1623 384 -388 -388
1 19984 -113 85 -16 10 0 0 0 0 2 44 9 -2013 -795 N N N N 4950 2435 476 -545 -545
1 20016 -136 99 -2 -4 0 0 0 0 8 50 4 -603 -340 41 78 60 556 7455 3422 474 -695 -695
1 19984 -102 130 5 -1 0 0 0 0 24 62 5 -611 -240 N N N N 6517 2798 240 -513 -513
1 18715 -103 160 44 4 60 2 -44 -4 47 68 -9 -414 -219 40 78 64 556 4184 1837 174 -330 -329
1 19976 -122 176 -17 2 0 -1 -100 0 75 55 24 -364 -174 N N N N 4538 2001 188 -348 -349
1 22854 -142 204 25 117 0 1391 -43 2 99 45 -43 -559 -199 39 78 65 556 3820 1652 127 -275 -275
1 20514 -133 254 3 9 0 0 0 0 133 1 31 -193 -102 N N N N 2494 1227 184 -217 -217
1 23267 -158 281 2 -32 7 -189 0 -2 130 -71 56 -182 -75 41 83 64 556 2191 946 67 -151 -151
1 15468 -101 116 -10 -85 -5 -1196 -57 0 43 -65 39 -141 -49 N N N N 863 394 41 -65 -65
1 19982 -130 49 -13 0 0 1 -104 2 17 -22 -3 -441 -130 40 77 71 555 452 217 28 -36 -36
1 21284 -138 -91 -6 5 0 -1 -3 2 -27 41 -6 -763 -237 N N N N 637 485 161 -101 -101
1 20015 -135 13 -4 -3 0 0 0 0 5 -7 -1 -2109 -627 39 81 69 555 1154 1010 376 -215 -216
1 19985 -119 150 13 -1 0 0 0 0 38 -68 12 -464 -167 N N N N 4206 2232 384 -380 -379
1 20015 -125 98 -2 4 0 0 0 0 15 -48 2 -287 -89 40 79 71 555 4006 1840 167 -277 -277
1 19985 -126 -39 -1 -8 0 0 0 0 -4 18 -1 -106 -39 N N N N 2657 1177 80 -169 -169
1 20014 -138 -146 -2 3 0 0 0 0 -31 71 -7 -856 -211 40 81 70 555 1390 663 71 -99 -99
1 19986 -147 -137 -8 -1 0 0 0 0 -43 57 -9 -899 -264 N N N N 3288 1849 339 -297 -297
1 20015 -132 -47 3 0 0 0 0 0 -20 16 -3 -246 -100 41 83 72 555 4227 1928 147 -264 -264
1 19985 -136 44 8 0 0 0 0 0 16 -15 5 -206 -76 N N N N 3304 1469 89 -192 -192
1 20016 -135 33 -2 0 0 0 0 0 13 -13 2 -68 -25 41 85 75 554 3041 1304 50 -163 -163
1 19985 -138 77 -1 -5 0 0 0 0 25 -33 6 -135 -44 N N N N 1783 772 33 -96 -96
1 20016 -127 107 2 3 0 0 0 0 28 -49 4 -55 -20 43 83 73 554 1369 653 61 -86 -86
1 19982 -132 50 -9 2 0 0 0 0 11 -24 -3 3 -6 N N N N 1112 477 18 -58 -58
1 20016 -137 79 16 6 0 0 0 0 6 -39 9 -42 -12 43 87 74 554 575 260 17 -32 -32
1 19985 -150 -3498 0 2 0 0 0 0 4 -53 0 0 -2 N N N N 525 199 -7 -22 -22
1 18675 -137 72 -11 -16 1 -1 -49 -4 0 -42 -8 -7 0 41 85 89 554 433 200 14 -25 -25
1 24325 -181 3515 -15 -116 0 -1365 -33 2 8 17 -8 -44 -12 N N N N 341 172 21 -23 -23
1 20484 -144 -136 8 7 0 0 0 0 -13 70 18 -53 -12 42 87 74 553 381 195 24 -26 -26
1 20927 -154 -262 3 -3 0 0 0 0 -67 119 17 -5 -2 N N N N 584 270 20 -34 -34
1 22728 -163 -288 4 27 -3 201 -3 -2 -128 94 -16 -13 -2 44 87 75 553 300 133 7 -16 -16
1 24038 -153 -158 -13 97 3 1169 -26 4 -81 40 -63 -6 -3 N N N N 541 203 -9 -21 -21
1 20014 -131 -41 0 0 0 0 0 0 -22 1 -5 -1 0 43 87 74 552 205 87 3 -10 -10
1 19988 -113 65 7 -4 0 0 0 0 34 -3 9 -5 1 N N N N 271 95 -8 -10 -10
1 20012 -131 110 -5 -2 0 0 0 0 59 -12 12 -16 -3 43 88 74 552 164 82 9 -10 -10
1 19984 -122 110 -2 3 0 0 0 0 55 -22 8 -10 -1 N N N N 297 137 10 -17 -17
1 20015 -113 115 7 3 0 0 0 0 50 -33 10 4 7 49 88 72 552 150 68 5 -9 -9
1 19987 -122 132 -5 3 0 0 0 0 50 -50 6 5 1 N N N N 360 145 -1 -16 -16
1 20013 -121 34 0 -12 0 0 0 0 11 -17 5 -15 -9 41 88 71 551 259 94 -5 -9 -9
1 19986 -126 -3 2 6 0 0 0 0 -1 3 -2 7 2 N N N N -63 -13 7 0 0
1 20015 -108 -31 -10 -4 0 0 0 0 -8 12 -4 1 0 42 88 72 550 -150 -58 1 6 6
1 19985 -116 47 6 2 0 0 0 0 13 -20 5 -2 3 N N N N 201 86 3 -10 -10
1 20014 -125 21 2 4 0 0 0 0 6 -8 -1 3 2 40 91 75 550 133 48 -3 -4 -4
1 19988 -111 103 3 -2 0 0 0 0 22 -50 6 2 3 N N N N -12 10 8 -3 -3
1 20013 -117 25 -1 -2 0 0 0 0 4 -13 1 -2 -4 42 87 74 550 139 52 -2 -5 -5
1 19986 -138 16 -3 5 0 0 0 0 4 -7 -1 1 1 N N N N 49 19 0 -2 -2
1 20014 -143 70 7 -7 0 0 0 0 5 -38 5 3 3 44 86 72 549 62 3 -13 2 2
1 19347 -131 43 -11 8 2 1 -33 -4 6 -20 -6 0 1 N N N N 37 37 13 -7 -7
1 9827 -88 -8 -12 -1 -3 0 -30 0 3 4 -7 -1 0 49 94 76 549 -200 -81 0 9 9
1 9464 -60 -14 4 -1 0 0 -24 0 -2 7 2 2 1 N N N N 110 39 -4 -3 -3
1 10148 -71 22 -7 -7 1 0 -22 0 2 -13 -2 5 4 42 87 72 548 -21 0 5 -1 -1
1 12930 -90 12 -9 -139 -1 -1367 -27 2 3 -37 -7 2 0 N N N N 291 123 3 -14 -14
1 10814 -72 -95 1 35 0 0 0 0 -7 56 12 -2 1 45 87 71 548 -194 -70 5 6 6
1 10455 -88 -146 -2 -7 0 0 0 0 -27 69 13 -4 -2 N N N N 125 58 5 -7 -7
1 10015 -85 -136 5 8 0 0 0 0 -43 60 7 -1 1 41 127 71 548 -176 -67 2 7 7
1 10749 -90 -126 -4 10 0 0 0 0 -48 50 -5 3 1 N N N N 264 108 1 -12 -12
1 12727 -116 -162 -10 14 0 203 -1 0 -76 45 -11 12 5 43 86 72 547 66 28 1 -3 -3
1 9618 -75 -121 83 87 77 1175 -1 2 -78 33 -44 13 3 N N N N -27 -13 -2 2 2
1 10849 -115 -96 -17 -3 0 0 0 0 -48 2 -12 -7 0 47 87 71 547 -15 -15 -5 2 2
1 9984 -99 -71 3 8 0 0 0 0 -38 -2 -13 -9 -1 N N N N 19 3 -2 0 0
1 10016 -117 -35 -3 -7 0 0 0 0 -18 -4 0 -6 -2 44 87 72 547 -51 -18 1 2 2
1 9983 -97 -2 0 4 0 0 0 0 -1 0 -3 12 4 N N N N 98 30 -5 -2 -2
1 10017 -96 -3 13 4 0 0 0 0 -3 0 -5 -9 -1 42 87 76 546 40 7 -5 0 0
1 9983 -105 12 -1 -6 0 0 0 0 6 1 6 -1 -3 N N N N 7 9 3 -2 -2
1 10016 -96 58 -1 0 0 0 0 0 31 4 7 21 8 42 88 71 546 20 11 1 -1 -1
1 9984 -106 27 12 -2 0 0 0 0 12 1 5 -6 2 N N N N -28 -18 -3 2 2
1 10017 -92 54 -5 0 0 0 0 0 29 0 8 16 2 40 86 72 546 38 10 -3 0 0
1 9983 -83 34 -7 -2 0 0 0 0 20 -1 4 -6 2 N N N N 138 47 -5 -4 -4
1 10017 -77 12 11 5 0 0 0 0 4 0 0 -1 0 40 86 74 546 -110 -38 4 3 3
1 9983 -78 7 6 -10 0 0 0 0 2 -2 8 3 1 N N N N -34 -18 -3 3 3
1 10017 -76 8 -16 7 0 0 0 0 8 1 -5 -3 -2 47 89 71 545 30 16 2 -3 -3
1 9983 -71 25 4 -5 0 0 0 0 13 -3 4 3 0 N N N N 52 24 2 -3 -3
1 10017 -55 40 12 3 0 0 0 0 17 -5 9 4 2 43 88 73 545 27 6 -3 0 0
1 9983 -64 46 -3 10 0 0 0 0 24 -5 0 2 2 N N N N 15 1 -2 1 1
1 10017 -61 35 -17 -8 0 0 0 0 21 -8 5 0 1 44 86 70 545 41 25 4 -4 -4
1 9983 -60 18 12 2 0 0 0 0 6 -4 5 1 0 N N N N -41 -16 1 2 2
1 10015 -81 39 1 8 0 0 0 0 19 -7 -1 2 3 41 87 71 544 71 28 -1 -3 -3
1 9985 -77 63 -9 -3 0 0 0 0 31 -18 6 -1 -2 N N N N 101 45 2 -6 -6
1 10016 -83 35 10 -1 0 0 0 0 12 -11 8 0 3 42 86 72 544 -89 -36 1 4 4
1 9984 -65 7 -2 -4 0 0 0 0 3 -4 2 11 1 N N N N 51 2 -11 2 2
1 10017 -101 38 -6 -10 0 0 0 0 17 -15 5 -2 0 42 87 75 544 -63 -12 7 0 0
1 9984 -81 6 4 19 0 0 0 0 3 3 -8 -12 -4 N N N N 144 55 -1 -6 -6
1 10014 -100 70 -2 -3 0 0 0 0 23 -29 12 -21 -5 41 87 74 544 128 63 6 -8 -8
1 9985 -103 24 3 2 0 0 0 0 8 -9 1 6 2 N N N N -208 -75 5 8 8
1 10017 -97 48 -15 -15 0 0 0 0 20 -24 0 9 4 44 87 74 544 78 33 1 -4 -4
1 9984 -87 44 11 14 0 0 0 0 6 -17 8 20 5 N N N N -10 -16 -6 3 3
1 10015 -66 28 -1 -9 0 0 0 0 7 -16 3 5 2 45 87 74 543 217 75 -7 -7 -7
1 14656 -90 24 -21 -128 -33 -1386 0 -2 11 -47 12 -1 -1 N N N N -87 -28 3 2 2
1 10812 -53 -128 -18 -11 0 0 0 0 -29 57 3 4 2 43 88 71 543 -162 -66 0 7 7
1 10457 -45 -185 0 14 0 0 0 0 -69 75 -2 -4 -1 N N N N -16 0 4 0 0
1 9866 -67 -157 8 22 1 217 1 -2 -76 47 -13 5 3 42 89 72 543 125 52 1 -6 -6
1 10238 -70 -93 15 85 -1 1156 -48 0 -50 35 -48 3 0 N N N N -60 -28 -3 3 3
1 8641 -46 -59 -17 20 0 2 -57 0 -29 7 -17 -3 1 43 88 72 542 -28 -12 0 2 2
1 10049 -35 -33 -17 -4 0 -2 -67 0 -15 1 -2 9 2 N N N N 40 14 -1 -2 -2
1 16222 -67 -67 -2 1 0 1 -60 4 -36 -1 -5 -10 -3 43 85 73 542 196 80 0 -8 -8
1 9984 -55 -42 3 0 0 0 0 0 -22 -2 -10 10 6 N N N N -73 -31 0 3 3
1 10015 -53 -6 8 -9 0 0 0 0 -5 -3 8 -13 -6 42 86 72 542 -78 -36 -3 4 4
1 9985 -75 4 1 2 0 0 0 0 1 1 2 -19 -6 N N N N 35 23 5 -3 -3
1 10015 -66 -37 -14 9 0 0 0 0 -17 -1 -12 -3 1 41 87 72 542 28 20 5 -3 -3
1 9985 -90 -75 14 -8 0 0 0 0 -41 -15 3 -8 -2 N N N N -27 -11 0 1 1
1 10016 -97 -46 -22 1 0 0 0 0 -20 -9 1 1 0 42 84 73 541 78 37 3 -4 -4
1 9984 -81 -27 21 -2 0 0 0 0 -15 -4 -13 -1 0 N N N N -23 -13 -2 1 1
1 10017 -121 14 0 10 0 0 0 0 6 4 0 4 1 41 86 76 541 158 72 5 -8 -8
1 9983 -115 42 -3 -11 0 0 0 0 22 8 5 -2 0 N N N N -16 -10 -2 1 1
1 10015 -112 11 -15 -1 0 0 0 0 8 5 -6 -2 0 44 89 76 541 -37 -18 -2 2 2
1 9985 -104 17 16 6 0 0 0 0 5 0 9 2 0 N N N N -75 -28 1 3 3
1 10016 -76 30 -14 -16 0 0 0 0 18 4 9 30 9 42 85 72 541 68 24 -2 -2 -2
