version: 66.14
glider: 195
mission: 21
dive: 141
start: 5 7 105 9 26 47
columns: rec,elaps_tms,depth,heading,pitch,roll,AD_pitch,AD_roll,AD_vbd,GC_phase,mag.x,mag.y,mag.z,sbect.TempFreq,sbect.CondFreq,wlbb2fl.sig470nm,wlbb2fl.sig700nm,wlbb2fl.sig695nm,wlbb2fl.temp,aa4330.O2,aa4330.AirSat,aa4330.Temp,aa4330.CalPhase,aa4330.TCPhase,
data:
0 16931 66 1070 -721 -135 153 2213 1492 6 15 -356 -3 179658 137711 44 100 116 535 256000 97918 24272 29463 30869
1 9983 -22 -90 53 3 0 0 0 0 15 1 -36 -20 5 N N N N -1379 -326 111 16 16
1 10001 -12 -80 -2 225 0 0 0 0 1 8 72 -68 -7 N N N N 352 72 -34 -2 -2
1 9999 27 168 -20 -25 0 0 0 0 -20 21 68 113 -10 N N N N -143 -60 -4 7 7
1 10016 -4 26 46 -165 0 0 0 0 -6 -24 -65 5 9 46 96 118 535 -2761 -499 310 -1 -1
1 9984 -30 -111 101 162 0 0 0 0 1 10 32 -84 3 N N N N 4228 834 -433 -13 -13
1 8665 19 9 -103 -129 -1 0 34 -4 9 -15 -68 13 -4 N N N N 306 104 -8 -10 -10
1 9995 16 -185 10 114 -1 1 253 0 49 7 -24 -22 2 N N N N -1558 87 375 -80 -80
1 10062 23 -31 -17 16 2 0 245 0 1 0 -11 0 -6 43 95 120 535 -3787 -1017 245 69 69
1 9966 47 -173 -123 221 -1 1 255 0 1 1 7 198 -8 N N N N -1453 -490 40 48 48
1 9996 48 226 11 -192 0 -1 260 0 -24 -5 18 -290 -3 N N N N -608 -184 28 16 16
1 10069 63 30 -13 -160 -1 1 277 0 2 4 -68 314 -2 N N N N -255 -81 10 7 7
1 14640 284 -22 95 49 686 0 173 -1 11 -2 27 -375 -7 44 99 117 535 -140 -32 13 2 2
1 10853 308 -32 356 33 1767 -1 181 1 5 3 52 -18 -6 N N N N -203 -71 4 7 7
1 16050 358 -67 79 128 -7 1415 137 2 27 20 54 -1 -4 N N N N -114 -29 9 2 2
1 10471 199 -41 -2 -12 0 0 0 0 20 2 -15 -6 0 N N N N -214 -77 3 8 8
1 10017 205 -57 -1 11 0 0 0 0 26 9 -10 -2 -3 47 98 112 534 -66 -21 2 2 2
1 10983 225 -123 24 25 0 0 0 0 53 31 -15 -5 -3 N N N N 118 49 2 -6 -6
1 10000 172 -114 -14 -9 0 0 0 0 41 33 -36 2 1 N N N N -175 -67 1 7 7
1 10502 193 -94 2 -81 52 -1440 4 0 28 38 -45 -2 -2 N N N N -159 -60 1 7 7
1 8940 161 -34 20 -67 0 0 -1 2 11 20 -14 4 -1 45 94 115 534 33 13 0 -2 -2
1 10791 188 28 11 5 0 0 0 0 -7 -13 10 -13 -5 N N N N 27 12 1 -1 -1
1 10000 169 61 -2 -23 0 0 0 0 -18 -25 0 60 24 N N N N -158 -64 -2 8 8
1 10002 163 44 -1 8 0 0 0 0 -14 -19 6 31 2 N N N N 9 -5 -5 1 1
1 10014 163 27 -1 5 0 0 0 0 -9 -10 8 -22 -3 45 97 116 534 6 -15 -9 4 4
1 9985 165 2 2 2 0 0 0 0 -1 -1 0 19 3 N N N N -151 -54 2 5 5
1 9999 169 33 -3 -2 0 0 0 0 -13 -12 3 67 18 N N N N -40 -25 -5 4 4
1 10002 163 93 0 -3 0 0 0 0 -37 -30 14 126 35 N N N N -200 -103 -15 15 15
1 10015 176 68 7 3 0 0 0 0 -31 -18 14 212 52 46 98 125 534 -222 -161 -42 26 26
1 9983 141 9 0 2 0 0 0 0 -4 -2 3 30 7 N N N N -661 -329 -42 46 46
1 10000 166 -8 1 4 0 0 0 0 3 2 -1 7 1 N N N N -876 -362 -13 45 45
1 10000 151 5 1 -5 0 0 0 0 -2 -1 0 1 -3 N N N N -517 -212 -7 25 25
1 10018 140 7 -2 -2 0 0 0 0 -3 -1 2 2 -8 43 96 122 534 -454 -182 -4 23 23
1 9982 154 -15 -1 4 0 0 0 0 7 3 -2 -4 -17 N N N N -316 -125 -2 15 15
1 10001 135 -28 -1 3 0 0 0 0 13 7 -4 -7 -9 N N N N -340 -132 0 15 15
1 9999 143 -49 2 -1 0 0 0 0 21 13 -9 -32 -41 N N N N -198 -74 2 8 8
1 10017 131 -13 -1 -1 0 0 0 0 6 4 -2 16 -18 44 97 130 533 -407 -145 7 16 16
1 9985 131 33 6 -5 0 0 0 0 -14 -10 4 128 4 N N N N -512 -221 -14 29 29
1 9999 132 17 -1 3 0 0 0 0 -8 -4 4 95 14 N N N N -1078 -430 -7 52 52
1 9999 134 18 -1 -2 0 0 0 0 -9 -5 0 469 149 N N N N 109 -40 -48 14 14
1 10017 135 -68 2 8 0 0 0 0 31 19 -5 206 50 42 91 125 533 -649 -417 -96 68 68
1 9984 142 -72 0 -5 0 0 0 0 30 24 -11 18 -3 N N N N -1611 -701 -47 93 93
1 10001 141 -79 0 4 0 0 0 0 27 30 -12 94 21 N N N N -1508 -622 -25 80 80
1 9998 118 -52 1 -2 0 0 0 0 16 22 -6 72 10 N N N N -952 -423 -33 58 58
1 10016 149 -48 3 0 0 0 0 0 14 21 -5 26 4 45 92 121 533 -664 -295 -24 41 41
1 9984 124 -30 -3 1 0 0 0 0 7 14 -3 123 39 N N N N -322 -150 -15 21 21
1 10000 125 -34 -1 -1 0 0 0 0 8 16 -4 -32 -15 N N N N -387 -194 -27 29 29
1 10001 138 -29 -1 -3 0 0 0 0 5 15 -2 -108 -49 N N N N -179 -63 3 7 7
1 10015 130 -32 1 4 0 0 0 0 5 16 -2 -122 -57 42 87 125 533 390 188 23 -27 -27
1 9984 149 -16 0 -3 0 0 0 0 3 8 -2 -118 -68 N N N N 989 417 22 -56 -56
1 12765 180 -29 -7 -104 0 -1343 2 -2 3 25 -16 -248 -134 N N N N 954 464 57 -67 -67
1 10825 165 39 4 -19 0 0 0 0 -4 -18 -3 56 3 N N N N 1041 454 31 -61 -61
1 10371 163 64 2 -4 0 0 0 0 -12 -32 -2 182 59 42 88 99 533 563 203 -8 -23 -23
1 10453 155 77 -1 -1 0 0 0 0 -18 -37 -1 91 36 N N N N 59 -23 -27 7 7
1 10235 156 60 0 3 0 0 0 0 -18 -27 2 39 14 N N N N -330 -166 -22 25 25
1 10000 144 58 0 -1 0 0 0 0 -19 -25 2 2 -5 N N N N -262 -121 -12 17 17
1 10368 162 47 -1 2 0 0 0 0 -17 -19 3 -78 -44 42 94 129 533 -266 -110 -4 14 14
1 13180 185 52 0 100 -7 1368 0 2 -20 -25 46 -170 -80 N N N N -110 -7 20 -3 -3
1 10803 160 -1 0 22 0 0 0 0 0 0 8 -116 -81 N N N N 137 100 28 -18 -18
1 10000 145 -31 0 4 0 0 0 0 13 10 -3 153 44 N N N N 241 130 22 -19 -19
1 10017 138 68 -1 -9 0 0 0 0 -28 -22 6 791 300 43 86 86 533 -427 -232 -40 35 35
1 9983 150 115 -2 -3 0 0 0 0 -52 -29 19 549 245 N N N N -1281 -746 -149 120 120
1 10001 154 108 0 3 0 0 0 0 -53 -16 21 608 271 N N N N -2622 -1258 -151 184 184
1 9999 145 108 1 -3 0 0 0 0 -56 -7 18 445 174 N N N N -3175 -1449 -141 210 209
1 10016 147 186 5 1 0 0 0 0 -95 14 34 1378 456 41 77 68 533 -3368 -1527 -149 226 227
1 9985 120 99 2 6 0 0 0 0 -48 20 18 618 224 N N N N -4503 -2206 -309 353 352
1 10000 136 52 -3 1 0 0 0 0 -22 14 10 110 59 N N N N -4561 -1966 -155 299 300
1 9999 123 45 3 -6 0 0 0 0 -19 12 5 110 45 N N N N -3046 -1294 -94 199 199
1 10016 119 47 -1 5 0 0 0 0 -20 16 6 126 52 40 71 56 533 -2661 -1083 -54 165 165
1 9984 139 43 -1 0 0 0 0 0 -15 16 7 79 27 N N N N -1864 -773 -48 121 121
1 10002 121 39 3 5 0 0 0 0 -15 16 4 44 21 N N N N -1356 -561 -34 88 88
1 9999 138 21 2 -6 0 0 0 0 -7 7 0 7 7 N N N N -1087 -443 -24 70 70
1 10015 127 18 -1 3 0 0 0 0 -5 9 3 245 77 40 72 54 533 -860 -341 -11 53 53
1 9984 127 22 1 -2 0 0 0 0 -7 8 1 757 243 N N N N -690 -356 -66 66 66
1 10000 136 -24 0 1 0 0 0 0 8 -9 -1 1131 373 N N N N -1418 -800 -184 155 156
1 10001 120 -62 0 3 0 0 0 0 19 -25 -7 994 314 N N N N -2388 -1223 -228 234 233
1 10015 108 -98 4 -1 0 0 0 0 37 -34 -14 1080 337 41 75 53 533 -3022 -1454 -232 272 272
1 9984 122 -143 -2 6 0 0 0 0 64 -37 -17 2278 705 N N N N -3983 -1851 -270 350 350
1 10000 128 -180 9 -2 0 0 0 0 89 -24 -30 1657 527 N N N N -4602 -2391 -512 500 500
1 10002 123 -98 -4 -4 0 0 0 0 51 -2 -20 1304 454 N N N N -6720 -2957 -386 588 588
1 10014 101 -56 1 2 0 0 0 0 29 4 -9 934 333 38 72 51 533 -4876 -2191 -335 463 463
1 9984 106 -20 3 -1 0 0 0 0 10 2 -4 2906 841 N N N N -5044 -2141 -265 453 453
1 10000 98 -28 9 -4 0 0 0 0 14 4 -4 2897 795 N N N N -3369 -1888 -564 482 482
1 10001 78 -15 -5 1 0 0 0 0 8 2 -2 1223 423 N N N N -5723 -2726 -600 672 672
1 10015 78 -24 5 -1 0 0 0 0 12 4 -3 453 182 38 73 50 533 -6705 -2783 -393 666 666
1 9984 66 -40 -2 -4 0 0 0 0 20 7 -8 1655 355 N N N N -5017 -2027 -266 499 499
1 10000 65 -79 -3 5 0 0 0 0 37 18 -12 2408 527 N N N N -6339 -2532 -333 645 645
1 10000 46 -70 4 0 0 0 0 0 30 21 -9 594 290 N N N N -5689 -2224 -276 585 585
1 9695 70 -56 1 -2 1 0 1 0 23 19 -7 537 237 39 80 57 533 -5473 -2085 -231 561 561
1 10307 50 -27 3 3 -1 0 0 0 10 10 -2 154 130 N N N N -4770 -1892 -298 545 545
1 9998 70 -2 -4 0 0 0 0 0 1 1 0 375 155 N N N N -4018 -1460 -118 408 408
1 10000 56 11 4 -1 0 0 0 0 -4 -4 2 399 143 N N N N -3130 -1171 -137 344 344
1 10016 66 40 2 -2 0 0 0 0 -15 -15 5 1169 255 39 75 55 533 -2823 -1035 -104 306 306
1 9984 52 95 1 1 0 0 0 0 -41 -29 13 1591 348 N N N N -2799 -1081 -174 340 340
1 10001 46 99 -2 0 0 0 0 0 -47 -23 14 415 229 N N N N -3256 -1221 -169 385 385
1 9999 71 82 2 3 0 0 0 0 -42 -13 13 207 105 N N N N -3868 -1460 -224 476 476
1 10016 42 113 2 -2 0 0 0 0 -59 -8 17 281 96 39 86 58 533 -2806 -1031 -136 339 339
1 9985 59 130 -7 2 0 0 0 0 -67 6 22 1039 217 N N N N -2533 -927 -125 310 310
1 10000 54 99 5 -3 0 0 0 0 -51 13 12 657 192 N N N N -2048 -772 -135 269 269
1 9999 43 67 -2 1 0 0 0 0 -31 15 11 436 155 N N N N -1950 -751 -156 270 270
1 10017 57 45 2 -4 0 0 0 0 -21 11 4 306 146 39 75 56 533 -2330 -860 -144 306 306
1 9984 60 36 -1 2 0 0 0 0 -16 10 6 85 97 N N N N -2452 -879 -115 311 311
1 10000 64 35 3 1 0 0 0 0 -15 11 4 125 80 N N N N -1548 -530 -42 184 184
1 10001 67 31 -2 1 0 0 0 0 -12 11 3 152 72 N N N N -1317 -468 -61 169 169
1 10015 55 22 3 -1 0 0 0 0 -9 8 1 228 72 42 70 53 533 -1199 -423 -52 154 154
1 9985 75 -55 0 0 0 0 0 0 22 -19 -5 455 98 N N N N -1102 -402 -71 151 151
1 9998 59 -95 3 1 0 0 0 0 40 -28 -13 727 193 N N N N -1395 -483 -51 177 177
1 10001 69 -78 -6 2 0 0 0 0 38 -17 -9 384 106 N N N N -1271 -503 -146 204 204
1 10015 55 -68 4 -3 0 0 0 0 34 -11 -10 370 96 41 73 57 534 -1458 -532 -103 208 208
1 9984 54 -54 -3 -1 0 0 0 0 28 -7 -8 237 83 N N N N -1554 -561 -101 219 219
1 10001 46 -27 1 0 0 0 0 0 14 -2 -4 182 62 N N N N -1130 -404 -72 159 159
1 10002 52 -8 0 0 0 0 0 0 4 0 -2 154 61 N N N N -844 -308 -64 124 124
1 10013 41 3 -2 0 0 0 0 0 -1 0 1 301 77 41 72 58 534 -662 -221 -15 83 83
1 9984 44 0 0 -1 0 0 0 0 0 0 0 501 106 N N N N -618 -208 -18 79 79
1 10002 48 -39 1 2 0 0 0 0 20 -2 -6 401 134 N N N N -285 -107 -28 45 45
1 9999 30 -44 1 1 0 0 0 0 23 0 -7 397 126 N N N N -22 -55 -84 37 37
1 10015 48 -31 0 -1 0 0 0 0 17 2 -4 8 52 39 75 54 534 -353 -165 -91 79 79
1 9985 45 -47 1 0 0 0 0 0 24 3 -9 245 42 N N N N -267 -137 -90 68 68
1 10000 42 -54 -1 2 0 0 0 0 28 6 -6 410 119 N N N N -344 -126 -30 53 53
1 14817 51 -67 -9 124 -10 1410 1 -2 35 23 46 121 89 N N N N -488 -221 -116 105 105
1 10847 45 -55 1 1 0 0 0 0 26 10 -10 15 28 39 72 53 534 -224 -117 -81 60 60
1 10866 47 -45 -4 -1 0 0 0 0 21 10 -10 76 32 N N N N -272 -109 -42 48 48
1 10000 47 -40 3 0 0 0 0 0 17 11 -8 9 17 N N N N -282 -104 -26 44 44
1 10000 31 -34 -3 2 0 0 0 0 14 9 -7 51 12 N N N N -47 -40 -44 24 24
1 10017 51 -35 -1 0 0 0 0 0 14 11 -7 59 20 36 73 51 534 -28 -15 -13 9 9
1 10746 50 -30 2 -1 0 0 0 0 11 10 -6 53 24 N N N N 348 106 -5 -39 -39
1 13637 65 -21 2 -127 0 -1416 0 2 8 5 -46 69 26 N N N N 387 102 -36 -31 -31
1 10777 58 -2 2 1 0 0 0 0 1 1 1 24 18 N N N N 70 12 -18 0 0
1 10016 52 -3 1 -2 0 0 0 0 1 1 -1 72 21 40 71 52 534 148 57 20 -26 -26
1 9985 66 -11 0 -1 0 0 0 0 3 5 -1 179 45 N N N N 268 72 -23 -22 -22
1 10000 55 -23 4 2 0 0 0 0 8 9 -2 97 41 N N N N 132 43 2 -16 -16
1 10000 62 -27 -2 2 0 0 0 0 9 11 -2 31 19 N N N N -98 -51 -35 26 26
1 10015 55 -26 0 1 0 0 0 0 7 12 -3 38 20 37 71 49 535 -481 -161 -17 63 63
1 9985 69 -31 -4 -1 0 0 0 0 9 14 -3 51 16 N N N N -674 -223 -21 87 87
1 10000 61 -41 5 1 0 0 0 0 10 19 -4 79 24 N N N N -572 -180 0 68 68
1 10000 77 -43 -1 0 0 0 0 0 9 21 -2 221 55 N N N N -728 -253 -45 103 103
1 10016 62 -31 -1 -2 0 0 0 0 6 15 -3 193 60 40 70 48 535 -700 -230 -18 91 91
1 9984 67 -24 -1 2 0 0 0 0 4 12 -1 275 83 N N N N -683 -234 -37 96 96
1 10000 59 -21 4 -3 0 0 0 0 3 11 -1 278 77 N N N N -516 -190 -52 82 82
1 10000 77 0 -2 1 0 0 0 0 -1 0 0 124 57 N N N N -504 -179 -39 76 76
1 10018 61 18 1 1 0 0 0 0 -2 -9 2 152 36 36 68 43 535 -501 -186 -55 83 83
1 9982 76 17 0 -2 0 0 0 0 -2 -9 1 69 25 N N N N -272 -104 -37 47 47
1 10001 63 10 2 0 0 0 0 0 -2 -5 0 94 40 N N N N 65 4 -30 4 4
1 9999 66 -3 -1 -1 0 0 0 0 0 2 -1 135 39 N N N N 92 19 -18 -4 -4
1 10016 79 -7 -1 2 0 0 0 0 2 3 0 25 26 37 69 44 535 86 13 -25 0 0
1 9984 58 -5 1 -1 0 0 0 0 0 3 1 95 23 N N N N -64 -27 -15 14 14
1 10000 65 6 -1 -3 0 0 0 0 -1 -3 0 88 32 N N N N -146 -63 -32 30 30
1 10001 56 21 2 5 0 0 0 0 -3 -11 1 57 16 N N N N -192 -64 -8 26 26
1 10014 71 25 -1 -3 0 0 0 0 -5 -12 2 35 16 37 70 47 536 -236 -82 -18 36 36
1 9984 63 29 2 1 0 0 0 0 -6 -14 2 -30 3 N N N N -176 -66 -21 29 29
1 10001 77 25 -2 -3 0 0 0 0 -5 -12 2 87 16 N N N N -275 -96 -18 41 41
1 9999 42 4 0 2 0 0 0 0 -2 -2 0 136 42 N N N N -127 -51 -22 24 24
1 10017 69 -9 -1 2 0 0 0 0 3 4 -1 116 33 40 69 42 536 -73 -28 -12 14 14
1 9984 47 -10 -1 0 0 0 0 0 2 5 -1 96 30 N N N N 2 -11 -21 8 8
1 10001 53 -3 1 1 0 0 0 0 1 1 0 50 27 N N N N -102 -43 -22 21 21
1 9999 53 4 0 1 0 0 0 0 -1 -2 1 109 20 N N N N 2 -5 -11 4 4
1 10016 58 14 -1 -3 0 0 0 0 -3 -6 1 39 17 38 70 43 536 66 17 -6 -6 -6
1 8198 44 19 1 0 0 1 1 0 -5 -9 2 13 9 N N N N 44 -11 -47 14 14
1 11785 65 27 1 -2 0 -1 0 0 -8 -12 2 122 27 N N N N 48 23 15 -12 -12
1 10001 61 10 0 4 0 0 0 0 -2 -5 1 90 31 N N N N 90 17 -22 -2 -2
1 10016 57 3 0 -2 0 0 0 0 -1 -1 0 117 40 38 73 45 537 113 20 -28 -2 -2
1 9985 72 2 0 2 0 0 0 0 -1 -1 1 50 18 N N N N -120 -44 -13 19 19
1 9998 57 12 1 -4 0 0 0 0 -4 -5 1 118 37 N N N N -289 -109 -38 50 50
1 10001 57 10 2 2 0 0 0 0 -2 -5 2 56 23 N N N N -454 -154 -26 65 65
1 10017 77 -2 -1 1 0 0 0 0 0 1 -1 51 18 37 67 42 537 -500 -158 -7 63 63
1 9983 56 -14 0 1 0 0 0 0 5 6 -1 61 20 N N N N -551 -180 -18 74 74
1 10001 64 -19 -1 -2 0 0 0 0 5 9 -2 121 28 N N N N -486 -158 -15 65 65
1 9999 84 -20 0 -1 0 0 0 0 6 9 -2 179 53 N N N N -489 -162 -23 69 69
1 10015 66 -19 2 1 0 0 0 0 4 9 0 475 120 39 70 40 538 -359 -125 -28 55 55
1 9984 65 -26 -3 1 0 0 0 0 7 12 -3 282 98 N N N N -310 -123 -55 59 59
1 10000 75 -30 1 4 0 0 0 0 6 14 -2 131 45 N N N N -541 -203 -72 95 95
1 10000 57 -18 2 -5 0 0 0 0 4 9 -1 114 45 N N N N -879 -295 -50 128 128
1 10017 64 -13 1 1 0 0 0 0 2 7 0 99 38 39 67 43 538 -724 -235 -26 99 99
1 9983 78 -17 1 3 0 0 0 0 3 8 -1 22 31 N N N N -470 -158 -28 70 70
1 10001 62 -21 -2 -4 0 0 0 0 4 11 -1 83 20 N N N N -426 -145 -32 65 65
1 9999 75 -34 2 3 0 0 0 0 4 17 -2 90 23 N N N N -451 -146 -15 62 62
1 10018 60 -38 0 -3 0 0 0 0 4 20 -2 -86 14 38 68 42 538 -451 -149 -23 65 65
1 9984 72 -30 -1 2 0 0 0 0 2 16 -1 140 12 N N N N -411 -132 -13 57 57
1 9999 61 -25 -1 -1 0 0 0 0 1 13 0 8 5 N N N N -314 -99 -7 42 42
1 10001 66 -11 0 1 0 0 0 0 0 6 0 -16 2 N N N N -320 -104 -12 44 44
1 10014 76 3587 0 -2 0 0 0 0 0 7 0 -7 5 35 71 41 539 -354 -113 -9 49 49
1 9986 51 -19 -1 3 0 0 0 0 0 10 0 29 6 N N N N -258 -80 -3 33 33
1 9999 72 -27 4 2 0 0 0 0 -1 14 0 76 18 N N N N -224 -71 -5 31 31
1 10000 70 -20 -2 -6 0 0 0 0 -1 11 0 16 1 N N N N -253 -84 -14 37 37
1 10016 72 -27 1 0 0 0 0 0 -2 14 1 70 30 39 70 42 539 -362 -116 -13 51 51
1 9986 72 -11 0 4 0 0 0 0 -1 6 0 63 16 N N N N -481 -156 -17 68 68
1 9997 68 0 2 -2 0 0 0 0 0 0 0 25 7 N N N N -505 -159 -11 69 69
1 10002 69 2 -2 -1 0 0 0 0 0 -1 0 9 4 N N N N -335 -105 -6 45 45
1 14830 111 19 -7 -119 0 -1363 1 -2 2 -3 4 -5 6 41 69 41 539 -368 -117 -10 51 51
1 11757 83 47 3 -1 0 0 0 0 2 -25 -3 127 24 N N N N -208 -68 -11 30 30
1 9998 64 -3550 0 -2 0 0 0 0 1 -26 -6 45 15 N N N N -137 -51 -20 25 25
1 10296 85 56 -1 -1 0 0 0 0 -3 -29 -5 23 8 N N N N -134 -47 -14 23 23
1 10015 69 56 1 3 0 0 0 0 -5 -29 -4 48 17 39 71 42 540 -271 -89 -14 40 40
1 10984 84 56 -3 4 0 0 0 0 -9 -29 -4 65 18 N N N N -281 -91 -11 41 41
1 10000 68 26 2 -3 0 0 0 0 -4 -13 0 67 20 N N N N -325 -112 -31 53 53
1 10179 72 45 1 -2 0 0 0 0 -10 -22 -2 2 3 N N N N -287 -89 -2 38 38
1 10015 75 47 -1 1 0 0 0 0 -12 -22 0 4 4 40 70 46 540 -224 -68 -1 30 30
1 10865 75 48 -2 1 0 0 0 0 -14 -22 -2 1 2 N N N N -248 -80 -9 35 35
1 10000 83 49 2 1 0 0 0 0 -16 -21 2 -2 0 N N N N -214 -67 -5 30 30
1 10236 78 49 2 -1 0 0 0 0 -18 -20 2 2 1 N N N N -176 -54 -2 23 23
1 14802 103 49 -5 121 -9 1384 0 2 -19 -23 50 14 3 38 76 41 540 -260 -80 -1 35 35
1 10785 70 3 4 1 0 0 0 0 -1 -1 2 109 41 N N N N -118 -35 3 14 14
1 10000 66 8 1 -1 0 0 0 0 -3 -3 1 87 15 N N N N -35 -16 -12 9 9
1 10001 83 9 -4 1 0 0 0 0 -4 -2 1 90 27 N N N N -92 -30 -6 14 14
1 10016 67 8 2 -1 0 0 0 0 -3 -3 1 69 25 39 70 42 540 -145 -52 -17 26 26
1 9984 76 -3 3 0 0 0 0 0 1 1 0 68 20 N N N N -185 -63 -17 30 30
1 10000 68 -19 -4 1 0 0 0 0 8 6 -2 127 40 N N N N -182 -62 -16 30 30
1 10001 69 -25 3 0 0 0 0 0 10 8 -4 60 25 N N N N -226 -81 -28 40 40
1 10015 71 -18 -2 1 0 0 0 0 7 7 -2 53 17 40 69 42 541 -511 -163 -18 73 73
1 9984 76 -6 0 2 0 0 0 0 3 2 0 70 18 N N N N -450 -141 -12 64 64
1 9999 68 15 0 -3 0 0 0 0 -6 -5 2 91 27 N N N N -504 -160 -15 72 72
1 10001 87 48 0 0 0 0 0 0 -19 -17 6 187 54 N N N N -314 -100 -13 47 47
1 10015 66 52 0 -5 0 0 0 0 -23 -15 6 92 30 39 72 46 541 -234 -83 -29 41 41
1 9985 67 44 0 3 0 0 0 0 -20 -12 7 145 40 N N N N 28 -2 -26 6 6
1 10000 86 22 3 1 0 0 0 0 -11 -5 3 124 43 N N N N 315 87 -22 -34 -34
1 9999 75 8 -1 1 0 0 0 0 -4 -2 1 165 53 N N N N 372 100 -31 -39 -39
1 10017 68 13 0 -2 0 0 0 0 -6 -3 2 118 37 37 74 42 542 288 75 -29 -27 -27
1 9984 66 14 0 3 0 0 0 0 -7 -3 3 72 26 N N N N 459 126 -32 -49 -49
1 10000 71 5 1 -4 0 0 0 0 -2 -1 0 150 49 N N N N 947 276 -25 -115 -115
1 10000 74 -5 -1 5 0 0 0 0 2 1 0 141 43 N N N N 1095 324 -19 -135 -135
1 10015 72 4 0 -2 0 0 0 0 -2 -1 0 215 63 40 70 43 542 1066 305 -37 -124 -124
1 9984 86 1 0 0 0 0 0 0 0 0 1 100 40 N N N N 869 248 -34 -99 -99
1 40001 290 -38 3 0 0 0 0 0 18 8 -6 401 139 N N N N -380 -164 -115 91 91
1 40000 296 8 -2 1 0 0 0 0 -4 -2 1 186 60 N N N N -3337 -1027 -51 449 449
1 40015 312 11 0 0 0 0 0 0 -5 -2 2 260 91 40 70 41 543 -2950 -914 -70 413 413
1 46866 344 -157 -7 123 -11 1389 0 -2 71 49 24 563 168 N N N N -768 -268 -96 136 136
1 42763 315 -174 23 -124 34 -1400 0 2 62 63 -57 23 26 N N N N 484 123 -56 -44 -44
1 40003 261 -109 2 0 0 0 0 0 27 51 -7 264 80 N N N N -183 -68 -34 36 36
1 40001 275 -93 1 3 0 0 0 0 15 47 -6 91 32 N N N N -1332 -413 -39 191 191
1 39998 263 -42 -2 -1 0 0 0 0 5 22 -1 97 30 N N N N -442 -139 -18 65 65
1 40000 269 2 -1 -1 0 0 0 0 -1 -1 0 232 71 N N N N -733 -233 -37 111 111
1 39998 264 54 3 2 0 0 0 0 -6 -28 3 130 45 N N N N -415 -137 -35 68 68
1 40018 264 4 2 -3 0 0 0 0 0 -2 0 211 65 39 69 40 545 -2169 -664 -51 313 313
1 39982 272 -19 -3 1 0 0 0 0 2 10 -1 159 49 N N N N -2006 -609 -32 287 287
1 44883 313 154 -5 -121 0 -1362 -1 -2 -29 -71 -23 25 10 N N N N -2517 -757 -25 360 360
1 40002 276 183 1 2 0 0 0 0 -60 -79 1 19 7 N N N N -1425 -426 -7 205 205
1 44413 306 116 -3 119 -6 1364 0 2 -48 -41 59 271 75 N N N N -2015 -605 -19 295 295
1 39998 283 -117 4 -1 0 0 0 0 49 38 -13 642 208 N N N N -3524 -1076 -104 547 547
1 40002 280 -75 -2 -1 0 0 0 0 28 29 -8 369 116 N N N N -2675 -821 -106 429 429
1 39999 294 -18 3 2 0 0 0 0 6 7 -2 428 134 N N N N -1461 -447 -59 238 238
1 40015 288 -169 -1 0 0 0 0 0 43 79 -13 734 234 38 76 42 546 535 120 -153 -39 -39
1 39986 291 -49 0 -2 0 0 0 0 8 25 -1 222 81 N N N N 1756 497 -75 -241 -241
1 39999 293 -24 -1 0 0 0 0 0 3 12 -2 361 119 N N N N 1161 320 -79 -149 -149
1 40000 306 -21 1 2 0 0 0 0 3 11 0 79 29 N N N N 692 195 -27 -93 -93
1 45000 449 144 -72 -123 -102 -1369 0 -2 -29 -60 -54 316 91 N N N N 717 196 -51 -90 -90
1 40436 466 258 4 22 -2 204 0 -1 -82 -113 21 598 183 N N N N 3348 947 -110 -446 -446
1 39564 398 23 39 98 55 1174 0 3 -8 -14 57 471 154 N N N N 7146 2055 -92 -955 -955
1 40001 369 3 0 4 0 0 0 0 -1 -1 1 251 85 N N N N 1521 422 -60 -183 -183
1 40014 368 96 2 -4 0 0 0 0 -43 -27 13 531 150 38 74 41 548 7537 2162 -77 -947 -947
1 39986 361 157 -1 1 0 0 0 0 -79 -27 24 259 95 N N N N 5702 1611 -102 -667 -667
1 39998 342 46 1 0 0 0 0 0 -24 -4 8 18 10 N N N N 4281 1233 -17 -505 -505
1 40002 340 37 -1 1 0 0 0 0 -19 -1 6 190 58 N N N N 1302 363 -29 -142 -142
1 39999 341 34 1 -2 0 0 0 0 -18 0 6 204 59 N N N N 2058 578 -34 -225 -225
1 40000 324 100 0 2 0 0 0 0 -53 4 16 376 117 N N N N 4117 1152 -75 -439 -439
1 43587 435 -105 -13 130 -8 1393 -1 -2 57 16 47 167 56 N N N N 3592 1012 -47 -379 -379
1 40000 384 -220 2 -3 0 0 0 0 113 13 -41 196 62 N N N N 1538 415 -50 -147 -147
1 40018 385 -185 -1 2 0 0 0 0 82 44 -38 142 35 37 73 42 549 -834 -248 -14 96 96
1 44453 418 -184 5 -126 0 -1394 -1 2 63 69 -70 39 21 N N N N -1213 -363 -24 143 143
1 40001 354 -107 0 1 0 0 0 0 25 51 -9 165 44 N N N N -366 -114 -16 46 46
1 40000 356 -117 -2 -3 0 0 0 0 15 60 -6 236 67 N N N N -341 -120 -40 54 54
1 39999 357 3504 1 4 0 0 0 0 3 51 -3 234 80 N N N N 358 73 -57 -17 -17
1 40000 349 -45 2 -2 0 0 0 0 -1 24 0 149 43 N N N N 52 -4 -33 8 8
1 40001 368 30 -1 1 0 0 0 0 1 -16 1 102 34 N N N N -6 -16 -27 11 11
1 39999 365 17 -2 -1 0 0 0 0 1 -9 1 100 30 N N N N -92 -41 -26 21 21
1 40016 369 -3558 3 -3 0 0 0 0 -1 -22 0 249 67 38 76 43 550 483 128 -20 -45 -45
1 44571 416 178 -6 -122 0 -1377 0 -2 -20 -82 -18 600 190 N N N N 651 119 -122 -21 -21
1 40000 402 186 -2 2 0 0 0 0 -50 -87 0 186 59 N N N N -1892 -567 -49 226 226
1 42650 402 180 3 120 -9 1366 -1 2 -72 -70 65 271 82 N N N N -1641 -492 -44 199 199
1 40000 382 71 -1 -2 0 0 0 0 -32 -18 11 283 90 N N N N -655 -212 -48 92 92
1 40000 366 -22 0 3 0 0 0 0 10 5 -2 144 49 N N N N 1108 291 -46 -105 -105
1 39999 383 -121 1 0 0 0 0 0 53 35 -18 141 45 N N N N 131 19 -35 0 0
1 40001 373 -31 0 -1 0 0 0 0 12 11 -5 17 5 N N N N -280 -87 -14 36 36
1 40016 370 -98 0 1 0 0 0 0 35 38 -12 132 43 39 70 43 551 -157 -55 -20 25 25
1 39984 362 6 1 0 0 0 0 0 -1 -3 1 362 103 N N N N -391 -131 -37 58 58
1 40001 366 24 -2 2 0 0 0 0 -8 -10 3 173 65 N N N N -1399 -427 -59 179 179
1 39998 344 -63 -2 2 0 0 -1 0 20 27 -7 784 231 N N N N -671 -237 -92 111 111
1 40001 382 -150 3 0 0 0 0 0 36 70 -13 333 115 N N N N -743 -262 -101 122 122
1 40001 371 -64 -2 -3 0 0 0 0 10 33 -4 236 78 N N N N -1363 -416 -65 178 178
1 39998 377 56 2 -5 0 0 0 0 -9 -28 3 165 52 N N N N -1587 -465 -36 194 194
1 40002 382 210 -1 3 0 0 0 0 -54 -97 18 409 122 N N N N -730 -228 -49 101 101
1 40017 374 127 2 3 0 0 0 0 -47 -47 19 399 116 39 70 43 552 404 70 -89 -12 -12
1 39982 361 -5 2 -3 0 0 0 0 1 2 -2 223 65 N N N N -7751 -2195 -50 919 919
1 40002 359 -156 -3 1 0 0 0 0 58 59 -19 381 117 N N N N -6211 -1768 -73 778 778
1 39999 361 -104 1 -1 0 0 -1 0 28 47 -10 136 48 N N N N -3657 -1036 -38 469 469
1 40000 353 -32 -1 -1 0 0 0 0 7 16 -2 140 40 N N N N -2875 -815 -32 376 376
1 40000 350 -19 0 3 0 0 0 0 3 9 -2 278 78 N N N N -3109 -882 -46 418 418
1 40001 352 -87 0 2 0 0 0 0 14 44 -6 339 99 N N N N -3252 -924 -56 446 446
1 39997 365 -5 0 -3 0 0 0 0 1 3 0 700 198 N N N N -4790 -1358 -89 674 674
1 40002 390 182 2 -2 0 0 0 0 -34 -90 13 461 154 N N N N -6616 -1867 -125 961 961
1 39999 376 214 -4 4 0 0 0 0 -73 -86 26 261 84 N N N N -3843 -1076 -59 571 571
1 40001 375 140 6 -5 0 0 0 0 -63 -39 21 262 74 N N N N -2754 -771 -50 418 418
1 43939 421 -190 -13 128 -10 1402 -2 -2 83 60 17 840 241 N N N N -4242 -1192 -127 667 667
1 41000 385 -194 7 -121 0 -1395 0 2 60 78 -69 650 197 N N N N -4348 -1211 -108 695 695
1 40001 377 16 3 -5 0 0 0 0 -4 -7 3 217 80 N N N N -2391 -667 -92 394 394
1 40000 375 -70 -3 2 0 0 0 0 15 34 -7 381 112 N N N N -1048 -294 -61 177 177
1 40000 346 42 -2 -1 0 0 0 0 -8 -21 3 327 100 N N N N 502 130 -71 -68 -68
1 39998 355 139 1 3 0 0 0 0 -40 -62 15 132 46 N N N N 1432 387 -33 -220 -220
1 40002 367 144 0 -3 0 0 0 0 -55 -52 19 102 29 N N N N 1157 313 -23 -177 -177
1 39998 388 4 -1 1 0 0 0 0 -1 -1 2 546 159 N N N N 768 200 -78 -105 -105
1 40002 389 -93 1 1 0 0 0 0 37 32 -13 192 60 N N N N 53 8 -46 1 1
1 39999 399 -63 1 0 0 0 -1 0 22 25 -8 482 134 N N N N -140 -46 -59 32 32
1 40000 383 18 0 2 0 0 0 0 -6 -8 3 404 125 N N N N -483 -143 -93 92 92
1 40000 360 -82 -2 0 0 0 0 0 26 35 -10 628 184 N N N N -684 -198 -105 124 124
1 40001 368 37 2 -3 0 0 0 0 -11 -16 4 132 50 N N N N -776 -216 -55 130 130
1 40000 331 81 -2 3 0 0 0 0 -28 -33 9 211 64 N N N N -461 -129 -43 79 79
1 40000 341 87 4 -1 0 0 0 0 -34 -31 13 178 51 N N N N -178 -52 -35 34 34
1 39999 352 -56 -2 0 0 0 0 0 23 19 -8 362 107 N N N N 353 88 -58 -45 -45
1 40001 329 17 0 1 0 0 0 0 -7 -6 2 580 164 N N N N 585 149 -73 -77 -77
1 39999 361 78 1 -3 0 0 -2 0 -33 -24 11 123 55 N N N N 1162 304 -66 -166 -166
1 39999 364 1 1 3 0 0 0 0 0 -1 1 431 118 N N N N 924 241 -55 -130 -130
1 40002 352 -109 0 0 0 0 0 0 45 36 -15 266 80 N N N N 1201 314 -53 -170 -170
1 40000 354 -109 2 -1 0 0 0 0 37 44 -14 354 105 N N N N 1168 302 -69 -159 -159
1 39998 354 -6 -4 -1 0 0 0 0 2 3 -1 181 59 N N N N 1143 299 -42 -160 -160
1 40001 364 55 2 -3 0 0 0 0 -18 -23 7 201 59 N N N N 1028 268 -39 -142 -142
1 40000 371 103 -3 5 0 0 0 0 -38 -39 13 173 50 N N N N 1067 278 -37 -146 -146
1 40000 372 192 3 -5 0 0 0 0 -87 -50 30 355 96 N N N N 3698 977 -39 -518 -518
1 44353 430 13 -13 128 -11 1403 -1 -2 -6 9 59 266 84 N N N N 5689 1497 -68 -767 -767
1 39998 392 -95 2 0 0 0 0 0 45 17 -20 161 47 N N N N 2399 630 -29 -315 -315
1 40000 414 -134 1 1 0 0 0 0 57 35 -28 432 123 N N N N 1983 511 -56 -247 -247
1 41178 394 -108 29 -122 38 -1408 -1 2 40 39 -49 208 69 N N N N 3275 851 -63 -407 -407
1 40001 336 23 0 -3 0 0 0 0 -8 -9 2 192 54 N N N N 2089 542 -35 -257 -257
1 40000 344 27 3 2 0 0 0 0 -10 -11 3 148 48 N N N N 2122 550 -35 -256 -256
1 40000 358 55 -5 -4 0 0 0 0 -20 -20 7 197 56 N N N N 2322 604 -29 -279 -279
1 40000 360 42 3 0 0 0 0 0 -17 -15 5 334 91 N N N N 1546 392 -47 -175 -175
1 39999 366 71 -1 2 0 0 0 0 -31 -22 10 246 75 N N N N 2210 564 -55 -250 -250
1 40000 355 -53 0 -1 0 0 0 0 24 16 -6 272 77 N N N N 1713 434 -46 -190 -190
1 40000 370 44 1 -1 0 0 0 0 -20 -13 4 41 21 N N N N 1048 265 -28 -115 -115
1 40000 382 36 -1 3 0 0 -1 0 -17 -9 6 227 55 N N N N 30 3 -16 2 2
1 40000 369 64 0 -4 0 0 0 0 -30 -15 9 323 97 N N N N 313 57 -69 -15 -15
1 40001 347 -16 1 4 0 0 0 0 7 4 -2 125 37 N N N N 642 158 -26 -66 -66
1 39999 378 21 1 -1 0 0 0 0 -10 -5 3 250 66 N N N N 122 18 -39 -2 -2
1 40000 360 52 -1 2 0 0 0 0 -27 -9 7 164 50 N N N N -1656 -447 -35 206 206
1 40000 380 -23 1 -1 0 0 0 0 12 4 -2 432 109 N N N N -1068 -292 -37 138 138
1 40001 382 61 -1 -1 0 0 0 0 -31 -9 8 206 76 N N N N 1058 249 -77 -100 -100
1 39999 378 99 0 4 0 0 0 0 -53 -7 15 154 44 N N N N 1338 339 -25 -148 -148
1 41414 407 -20 -11 118 -8 1402 -2 -2 13 19 58 324 83 N N N N 1773 448 -38 -193 -193
1 39999 406 -199 2 5 0 0 0 0 101 20 -35 401 121 N N N N 3154 790 -79 -333 -333
1 40000 381 -185 5 -3 0 0 0 0 81 47 -37 233 72 N N N N 4506 1147 -55 -482 -482
1 44177 409 -159 -1 -124 1 -1404 -1 2 53 61 -63 122 38 N N N N 3496 894 -28 -370 -370
1 39999 389 -111 -1 0 0 0 0 0 26 53 -9 164 49 N N N N 1929 486 -31 -196 -196
1 40000 377 8 0 0 0 0 0 0 -1 -4 0 115 33 N N N N 1446 364 -22 -145 -145
1 40000 381 -10 2 0 0 0 0 0 1 5 0 40 8 N N N N 838 214 -7 -86 -86
1 40000 391 -13 -3 -1 0 0 0 0 3 7 0 130 39 N N N N 515 123 -20 -46 -46
1 40001 391 79 1 1 0 0 0 0 -17 -39 5 180 43 N N N N 33 -4 -26 6 6
1 39999 388 17 2 0 0 0 0 0 -4 -8 2 215 58 N N N N -376 -112 -31 51 51
1 40000 385 101 2 -1 0 0 0 0 -29 -45 9 189 52 N N N N -178 -64 -38 33 33
1 40002 373 85 -2 -1 -1 0 -1 0 -31 -33 10 274 73 N N N N 744 178 -30 -67 -67
1 39998 381 -4 0 2 0 0 0 0 2 1 0 309 90 N N N N 2012 487 -64 -184 -184
1 40001 373 -19 1 1 0 0 0 0 7 7 -2 152 49 N N N N 1872 461 -41 -176 -176
1 40000 366 -7 -2 0 0 0 0 0 3 3 -1 49 15 N N N N 762 187 -17 -72 -72
1 40000 375 64 2 -2 0 0 0 0 -25 -24 7 13 5 N N N N 445 111 -7 -42 -42
1 40000 353 78 -2 -2 0 0 0 0 -34 -23 11 54 13 N N N N 553 138 -8 -53 -53
1 40000 349 79 3 2 0 0 0 0 -37 -21 11 177 43 N N N N 945 234 -17 -88 -88
1 40000 376 57 -1 -1 0 0 0 0 -28 -10 9 81 26 N N N N 1282 317 -24 -119 -119
1 45118 411 -144 -6 127 -10 1401 -2 -2 69 40 30 224 55 N N N N 834 197 -31 -71 -71
1 41292 382 -199 -2 -121 0 -1398 0 2 77 64 -78 96 30 N N N N 527 121 -26 -42 -42
1 40001 383 -59 0 -5 0 0 0 0 18 26 -6 31 9 N N N N 338 82 -9 -30 -30
1 40000 371 -32 -4 1 0 0 0 0 8 15 -3 16 1 N N N N 137 33 -4 -12 -12
1 39999 366 -48 7 1 0 0 0 0 11 23 -3 87 21 N N N N -74 -23 -7 10 10
1 40000 353 56 -1 -1 0 0 0 0 -13 -27 3 292 73 N N N N -880 -245 -36 101 101
1 40000 330 -1 -2 -4 0 0 0 0 1 1 1 71 25 N N N N -2111 -558 -33 223 223
1 39999 356 39 -1 2 0 0 0 0 -11 -18 3 28 7 N N N N -1128 -293 -9 117 117
1 40002 351 83 2 3 0 0 0 0 -26 -36 9 59 16 N N N N -315 -84 -7 34 34
1 40000 340 54 0 -1 0 0 0 0 -21 -20 7 48 11 N N N N 141 30 -11 -10 -10
1 39997 357 50 3 -1 0 0 -1 0 -20 -18 6 13 2 N N N N 172 42 -4 -15 -15
1 40002 332 22 -4 -1 0 0 0 0 -9 -6 3 92 22 N N N N 135 29 -10 -10 -10
1 40000 345 1 3 3 0 0 0 0 -1 -1 1 23 5 N N N N -122 -36 -10 16 16
1 40001 356 -12 -3 2 0 0 0 0 6 4 -1 0 -2 N N N N -552 -142 -2 56 56
1 40000 351 -57 3 -3 0 0 0 0 22 20 -9 107 22 N N N N -1803 -466 -10 186 186
1 39999 343 -31 0 1 0 0 0 0 12 11 -3 251 63 N N N N -1541 -405 -22 166 166
1 40000 353 150 -4 -1 0 0 0 0 -61 -50 19 91 33 N N N N 168 24 -39 -3 -3
1 39999 316 90 0 1 0 0 0 0 -43 -22 14 165 42 N N N N 710 170 -23 -63 -63
1 42355 359 -66 -5 122 -10 1398 -2 -2 32 24 42 70 20 N N N N 1011 247 -20 -95 -95
1 39999 356 -119 -2 2 0 0 0 0 51 32 -24 258 69 N N N N 973 229 -38 -84 -84
1 42471 355 -142 3 -124 0 -1400 -1 2 51 51 -64 125 38 N N N N 190 35 -25 -10 -10
1 40000 343 -32 0 1 0 0 0 0 9 15 -2 240 63 N N N N 1161 279 -33 -103 -103
1 39999 348 22 1 -3 0 0 0 0 -6 -10 1 132 38 N N N N 808 191 -26 -71 -71
1 40001 328 112 0 1 0 0 0 0 -38 -46 13 71 19 N N N N 799 193 -19 -72 -72
1 39998 334 -5 1 0 0 0 0 0 2 2 0 218 61 N N N N 497 108 -33 -36 -36
1 40000 331 -56 1 -2 0 0 0 0 20 22 -7 148 40 N N N N 1260 306 -26 -113 -113
1 40000 348 -55 -1 5 0 0 0 0 17 23 -6 108 28 N N N N -35 -18 -16 9 9
1 40001 329 -84 0 -1 0 0 0 0 22 39 -8 250 65 N N N N -55 -34 -37 20 20
1 40001 320 5 1 -3 0 0 0 0 -1 -2 1 333 90 N N N N 420 77 -54 -20 -20
1 39999 322 88 -1 1 0 0 0 0 -23 -41 8 114 38 N N N N 5 -17 -34 13 13
1 40001 350 122 0 -1 0 0 0 0 -42 -49 14 116 33 N N N N 600 142 -18 -51 -51
1 39998 301 116 -1 -1 0 0 0 0 -49 -37 16 114 29 N N N N 1383 337 -22 -125 -125
1 40001 331 64 0 3 0 0 0 0 -30 -16 11 83 23 N N N N -5 -11 -16 7 7
1 40001 339 16 1 1 0 0 0 0 -8 -4 3 109 28 N N N N 418 95 -20 -33 -33
1 39998 324 -78 -1 -1 0 0 0 0 37 19 -13 149 41 N N N N 53 0 -24 5 5
1 40000 340 33 0 -2 0 0 0 0 -15 -9 5 14 3 N N N N -359 -96 -9 38 38
1 40000 338 60 -1 -1 -1 0 -1 0 -29 -13 9 36 8 N N N N -120 -33 -6 14 14
1 40000 335 60 1 1 0 0 0 0 -30 -11 10 26 5 N N N N 173 39 -7 -14 -14
1 40000 339 52 4 2 0 0 0 0 -28 -6 8 135 33 N N N N 177 36 -17 -10 -10
1 40000 336 24 -3 -1 0 0 0 0 -12 -2 4 51 13 N N N N 201 44 -11 -15 -15
1 40001 351 78 -1 -5 0 0 0 0 -40 -4 12 113 26 N N N N -90 -29 -11 13 13
1 40000 338 73 0 4 0 0 0 0 -39 2 13 133 36 N N N N -137 -51 -30 25 25
1 39999 339 -59 1 1 0 0 0 0 31 -1 -9 112 28 N N N N 396 92 -13 -33 -33
1 40002 331 -30 1 -2 0 0 0 0 16 -1 -6 82 24 N N N N -76 -29 -19 15 15
1 45530 411 -81 -12 127 -10 1407 -1 -2 43 21 47 44 12 N N N N -74 -26 -13 12 12
1 40412 370 -159 0 1 0 0 0 0 79 21 -31 20 0 N N N N 92 20 -5 -7 -7
1 40353 382 -151 4 2 0 0 0 0 66 38 -31 234 57 N N N N 188 34 -22 -9 -9
1 43824 396 -155 28 -128 38 -1412 -1 2 55 59 -54 136 39 N N N N 122 13 -33 2 2
1 39996 310 120 -1 -2 0 0 0 0 -41 -49 12 204 54 N N N N 59 -1 -27 5 5
1 40000 303 107 -2 1 0 0 0 0 -44 -36 13 33 11 N N N N 708 167 -19 -60 -60
1 40003 313 58 1 0 0 0 0 0 -26 -17 8 17 5 N N N N 583 143 -5 -53 -53
1 39997 305 51 2 2 0 0 0 0 -25 -12 7 17 3 N N N N 419 102 -4 -38 -38
1 40003 312 19 -1 -3 0 0 0 0 -9 -3 3 41 8 N N N N 289 71 -4 -26 -26
1 39999 303 18 -2 2 0 0 0 0 -9 -4 3 32 7 N N N N 332 78 -8 -28 -28
1 40000 312 43 3 1 0 0 0 0 -23 -7 5 10 1 N N N N 266 65 -3 -24 -24
1 44296 356 -94 -10 126 -8 1413 0 -2 48 29 42 14 1 N N N N 48 11 -2 -4 -4
1 39999 331 -196 3 0 0 0 0 0 86 52 -37 262 64 N N N N 65 -1 -30 6 6
1 41471 358 -137 -1 -126 0 -1408 -1 2 46 52 -60 145 40 N N N N 303 59 -29 -16 -16
1 40001 311 -51 -3 0 0 0 0 0 13 24 -4 82 24 N N N N 166 31 -18 -9 -9
1 39999 339 -30 4 -1 0 0 0 0 8 14 -2 59 15 N N N N 82 13 -13 -2 -2
1 40001 313 -12 3 2 0 0 0 0 2 6 0 45 11 N N N N 10 -2 -8 2 2
1 39999 331 -38 1 -1 0 0 0 0 7 19 -3 143 34 N N N N -40 -19 -15 10 10
1 40001 311 70 -5 -3 0 0 0 0 -14 -34 4 78 21 N N N N 590 135 -20 -47 -47
1 39999 334 84 2 2 0 0 0 0 -23 -39 7 82 20 N N N N 675 161 -12 -58 -58
1 40000 309 109 -1 1 0 0 0 0 -37 -45 12 91 24 N N N N 527 122 -16 -42 -42
1 40000 324 77 1 0 0 0 -1 0 -31 -26 11 46 13 N N N N 317 72 -11 -25 -25
1 40001 327 105 0 0 0 0 0 0 -48 -30 13 83 18 N N N N 72 12 -11 -2 -2
1 40000 331 110 -1 1 0 0 0 0 -55 -21 16 152 37 N N N N 115 17 -20 -3 -3
1 40000 322 -53 0 -1 0 0 0 0 27 9 -7 39 13 N N N N 290 62 -16 -20 -20
1 39999 313 -67 1 -1 0 0 0 0 33 14 -10 36 10 N N N N 350 83 -7 -29 -29
1 40000 337 -105 0 0 0 0 0 0 47 31 -14 115 23 N N N N 275 64 -8 -22 -22
1 40000 323 31 -1 0 0 0 0 0 -13 -10 4 135 36 N N N N -609 -166 -24 65 65
1 40000 318 179 2 -1 0 0 0 0 -86 -42 25 171 43 N N N N -1089 -287 -27 112 112
1 41823 360 -18 -12 125 -10 1406 -1 -2 10 16 55 53 19 N N N N 636 148 -18 -52 -52
1 40001 337 -99 -1 1 0 0 0 0 48 18 -19 84 20 N N N N 441 102 -12 -35 -35
1 39999 350 -169 8 3 0 0 0 0 71 48 -33 84 20 N N N N -22 -16 -17 9 9
1 45823 388 -127 -1 -130 0 -1402 -1 2 42 50 -58 44 12 N N N N 785 189 -10 -68 -68
1 40001 329 -9 1 3 0 0 0 0 2 4 0 58 13 N N N N 427 102 -7 -36 -36
1 39999 345 22 1 2 0 0 0 0 -6 -10 2 114 27 N N N N 41 0 -16 2 2
1 40000 321 -33 -3 -1 0 0 0 0 9 15 -3 36 10 N N N N -228 -63 -10 26 26
1 40000 321 -38 1 -1 0 0 0 0 10 18 -3 27 5 N N N N -176 -48 -8 19 19
1 40000 310 -71 0 0 0 0 0 0 14 35 -6 87 19 N N N N -153 -43 -8 17 17
1 40000 335 -70 -1 0 0 0 0 0 9 36 -3 105 28 N N N N -64 -26 -18 13 13
1 40000 344 -34 4 0 0 0 0 0 4 18 -1 51 11 N N N N -120 -37 -11 16 16
1 43588 336 128 -12 -123 0 -1383 0 -2 -18 -57 -20 110 27 N N N N -306 -86 -18 35 35
1 39998 328 190 5 -11 0 0 0 0 -51 -88 -1 82 21 N N N N -255 -72 -15 29 29
1 42413 360 103 -1 134 -9 1379 0 2 -39 -47 54 1 1 N N N N -138 -37 -5 15 15
1 40001 321 13 1 -1 0 0 0 0 -5 -4 2 -5 -3 N N N N -77 -20 -1 7 7
1 40001 331 -11 -1 0 0 0 0 0 4 4 -1 3 -3 N N N N -40 -10 0 4 4
1 39998 333 -26 -1 -1 0 0 0 0 11 9 -3 22 2 N N N N -75 -19 -1 8 8
1 40002 317 49 0 1 0 0 0 0 -20 -17 6 67 16 N N N N -163 -45 -9 18 18
1 39998 347 -1 2 -1 0 0 0 0 1 0 0 142 33 N N N N -163 -52 -19 23 23
1 40000 331 -16 -2 0 0 0 0 0 6 6 -2 40 10 N N N N -158 -46 -12 19 19
1 38752 155 15 234 -49 222 -441 -116 -4 -17 -11 34 1 3 N N N N -62 -18 -4 7 7
1 39991 74 36 0 6 2 0 -179 0 -16 -11 -2 3 2 N N N N -37 -11 -3 5 5
1 39983 21 -10 0 -4 0 -1 -175 0 5 3 -3 29 3 N N N N 4 0 -1 0 0
1 40058 -113 -54 311 15 405 1 -136 0 -34 16 107 -16 0 N N N N 4 -1 -4 1 1
1 40008 -297 -72 -33 -5 2 -1 -174 0 41 25 -3 -17 -2 N N N N -6 2 6 -2 -2
1 39985 -438 -3 24 -1 -1 -1 -177 0 2 1 -2 -55 -10 N N N N -8 2 6 -1 -1
1 40008 -532 -3 -11 2 0 1 -169 0 3 2 -2 -177 -44 N N N N 21 20 25 -12 -12
1 41218 -628 39 -122 13 0 -1 -51 4 -9 -9 -3 -36 -7 N N N N 356 95 12 -38 -38
1 39998 -627 54 3 0 0 0 0 0 -21 -19 -8 3 5 N N N N 192 48 1 -18 -18
1 40000 -657 84 -1 -3 0 0 0 0 -37 -26 -14 -93 -18 N N N N 145 40 8 -16 -16
1 40000 -650 112 -2 2 0 0 0 0 -52 -24 -21 -161 -39 N N N N 215 69 26 -31 -31
1 40000 -615 99 -4 -1 0 0 0 0 -50 -14 -19 -195 -50 N N N N 449 129 30 -53 -53
1 40000 -627 137 6 2 0 0 0 0 -71 -3 -28 -58 -11 N N N N 179 54 15 -23 -23
1 40000 -643 30 -1 -5 0 0 0 0 -16 2 -7 -160 -40 N N N N 459 127 23 -51 -51
1 40000 -623 -9 0 3 0 0 0 0 5 0 2 -132 -29 N N N N -305 -65 18 21 21
1 41472 -663 -285 -1 -136 1 -1386 -7 -2 145 7 -12 -148 -40 N N N N -549 -119 28 39 39
1 43294 -642 -371 -31 127 -55 1399 1 2 153 137 112 -325 -81 N N N N -1177 -266 44 90 90
1 39997 -507 43 -6 5 0 0 0 0 -11 -18 -4 -105 -28 N N N N 1385 363 31 -140 -140
1 40000 -517 87 -1 0 0 0 0 0 -29 -36 -11 -44 -11 N N N N 174 48 8 -19 -19
1 39999 -501 16 1 -1 0 0 0 0 -6 -6 -3 -169 -41 N N N N -423 -91 24 29 29
1 40003 -487 -82 2 4 0 0 0 0 29 33 11 -99 -25 N N N N -245 -50 18 15 15
1 39998 -491 -65 -2 -1 0 0 0 0 19 29 7 -91 -22 N N N N -105 -16 17 3 3
1 39999 -500 -67 -3 -3 0 0 0 0 16 31 6 -101 -25 N N N N -249 -51 19 15 15
1 40001 -478 -36 1 5 0 0 0 0 8 19 3 -225 -55 N N N N -921 -213 28 74 74
1 39999 -498 52 -1 -2 0 0 0 0 -11 -26 -4 -80 -23 N N N N -860 -203 20 72 72
1 40001 -481 66 3 0 0 0 -3 0 -17 -31 -7 -100 -25 N N N N -92 -14 15 2 2
1 40000 -490 76 1 -2 0 0 0 0 -24 -33 -8 -195 -49 N N N N -111 -11 29 -1 -1
1 40000 -474 53 0 3 0 0 0 0 -19 -20 -7 -225 -60 N N N N -368 -67 43 17 17
1 40002 -487 -46 -2 -3 0 0 0 0 17 17 5 -13 -3 N N N N -46 -7 7 2 2
1 39998 -475 -51 0 3 0 0 0 0 17 22 7 -64 -13 N N N N -187 -41 10 13 13
1 39999 -483 -53 2 -1 0 0 0 0 15 24 5 -28 -6 N N N N -363 -87 7 31 31
1 40000 -489 -62 -2 0 0 0 0 0 15 29 5 -39 -5 N N N N -435 -105 6 39 39
1 40003 -470 -127 -4 -3 0 0 0 0 20 64 8 -212 -56 N N N N -1053 -248 27 89 89
1 43293 -535 308 13 133 0 1376 -1 -2 -74 -111 20 -200 -51 N N N N -908 -214 25 76 76
1 41411 -485 188 -4 -126 6 -1382 0 2 -78 -95 -68 -171 -45 N N N N 170 64 38 -31 -31
1 39999 -490 -14 0 -2 0 0 0 0 6 4 2 -57 -14 N N N N -307 -68 15 23 23
1 40000 -502 37 0 7 0 0 0 0 -16 -9 -5 -124 -33 N N N N -269 -55 23 17 17
1 40000 -490 40 1 -3 0 0 0 0 -20 -9 -7 -142 -35 N N N N -253 -56 14 18 18
1 40000 -483 -41 0 1 0 0 0 0 20 9 7 -214 -57 N N N N -27 18 43 -14 -14
1 40000 -477 24 1 0 0 0 0 0 -12 -5 -4 -132 -34 N N N N 292 81 15 -34 -34
1 40002 -461 -32 -4 -5 0 0 0 0 15 7 5 -73 -17 N N N N -461 -102 24 35 35
1 39998 -474 10 4 3 0 0 0 0 -4 -3 -2 -26 -7 N N N N -215 -52 4 19 19
1 40000 -477 88 -1 4 1 0 0 0 -43 -17 -13 -192 -47 N N N N 340 101 28 -44 -44
1 40000 -476 25 0 -1 0 0 0 0 -13 -4 -5 -108 -29 N N N N -65 -4 22 -2 -2
1 40002 -489 -78 -1 -4 0 0 0 0 39 13 13 -240 -63 N N N N 442 128 30 -55 -55
1 39998 -475 -54 2 1 0 0 0 0 26 13 8 -153 -42 N N N N -1936 -471 31 175 175
1 40002 -475 60 -4 3 0 0 0 0 -29 -13 -8 -432 -114 N N N N -229 -30 52 2 2
1 40000 -467 148 3 -2 0 0 0 0 -76 -21 -25 -248 -70 N N N N -744 -156 59 49 49
1 39999 -475 48 -3 5 0 0 0 0 -24 -3 -9 -175 -46 N N N N 305 96 33 -43 -43
1 40000 -457 53 4 -4 0 0 0 0 -29 0 -10 -235 -67 N N N N -668 -148 40 50 50
1 40412 -495 -205 -6 -136 0 -1420 -1 -2 107 5 -35 -167 -45 N N N N -898 -210 33 75 75
1 40494 -475 -334 1 19 -1 203 2 -1 145 89 76 -265 -74 N N N N 60 40 46 -23 -23
1 39507 -458 -111 1 112 1 1217 -2 3 31 71 51 -164 -46 N N N N -1666 -411 24 155 155
1 39999 -452 -112 0 -1 0 0 0 0 22 55 9 -262 -72 N N N N -1410 -333 51 122 122
1 40001 -466 -117 -1 -4 0 0 0 0 11 60 5 -179 -48 N N N N -1406 -342 31 129 129
1 39999 -461 3523 2 4 0 0 0 0 0 42 1 -377 -103 N N N N -1471 -348 53 130 130
1 40001 -446 -3474 -1 2 0 0 0 0 -3 -66 -2 -91 -27 N N N N -433 -96 30 33 33
1 39999 -469 82 2 0 0 0 0 0 -10 -43 -4 -5 2 N N N N 1898 488 7 -196 -196
1 40002 -464 37 -4 1 0 0 0 0 -6 -18 -3 -102 -28 N N N N 1419 372 17 -150 -150
1 39998 -462 -69 4 1 0 0 0 0 11 35 4 -84 -20 N N N N 143 43 14 -20 -20
1 43297 -523 243 4 127 0 1390 0 -2 -59 -81 21 -62 -13 N N N N -263 -61 12 22 22
1 41998 -509 304 -2 -124 0 -1408 0 2 -127 -129 -83 -292 -75 N N N N 1114 303 34 -125 -125
1 40002 -469 96 -3 -4 0 0 0 0 -50 -14 -16 -134 -39 N N N N 2425 641 38 -257 -257
1 39999 -462 24 1 1 0 0 0 0 -12 -3 -5 -22 -5 N N N N 923 240 7 -94 -94
1 40001 -463 44 -2 1 0 0 0 0 -23 -2 -7 -103 -25 N N N N 266 74 10 -30 -30
1 39998 -461 17 3 2 0 0 0 0 -9 -1 -3 -265 -70 N N N N -398 -80 40 24 24
1 40001 -448 -27 -5 -4 0 0 0 0 14 1 4 -247 -70 N N N N -802 -182 45 62 62
1 40001 -479 -14 6 1 0 0 0 0 7 1 2 -29 -9 N N N N -1916 -483 16 185 185
1 39999 -479 2 -3 -1 0 0 0 0 -1 0 0 -121 -31 N N N N -977 -247 9 95 95
1 46001 -528 -194 1 -133 6 -1391 -1 -2 98 15 -33 -407 -108 N N N N -1392 -330 55 120 120
1 40654 -471 -291 5 115 0 1400 1 2 116 110 100 -318 -94 N N N N -1555 -364 71 132 132
1 40815 -467 -115 -2 15 0 0 0 0 30 57 15 -50 -17 N N N N -1584 -399 20 156 156
1 39999 -447 -5 -3 0 0 0 0 0 1 3 0 -294 -78 N N N N -627 -146 32 53 53
1 39999 -457 -10 -2 0 0 0 0 0 2 5 1 -170 -49 N N N N -164 -23 40 2 2
1 40001 -459 -18 1 2 0 0 0 0 4 9 2 -224 -62 N N N N 365 115 41 -54 -54
1 39999 -462 36 4 0 0 0 0 0 -8 -18 -2 -30 -9 N N N N -185 -40 16 14 14
1 40001 -476 96 0 2 0 0 0 0 -24 -44 -10 -267 -73 N N N N -724 -171 35 63 63
1 40001 -471 52 0 -1 0 0 0 0 -16 -23 -5 -239 -66 N N N N -1845 -461 36 181 181
1 39999 -473 69 0 3 0 0 0 0 -24 -27 -8 -504 -144 N N N N -5063 -1280 74 517 517
1 39999 -470 -26 -6 -2 0 1 -1 0 10 10 2 -342 -101 N N N N -4249 -1073 75 444 444
1 40001 -469 -36 5 -2 0 0 0 0 12 14 4 -184 -56 N N N N -3660 -936 43 400 400
1 39999 -467 9 -1 0 0 0 0 0 -3 -4 -1 -482 -136 N N N N -2788 -699 74 298 298
1 40002 -476 0 0 2 0 0 0 0 0 1 0 -188 -56 N N N N -1678 -424 37 185 185
1 39999 -477 -33 1 -5 0 0 0 0 10 13 4 -320 -90 N N N N 1835 500 56 -234 -234
1 39999 -473 -49 0 0 0 0 0 0 15 21 5 -455 -127 N N N N 912 259 56 -124 -124
1 40000 -485 -9 0 2 0 0 0 0 2 5 1 -185 -60 N N N N -144 -12 68 -6 -6
1 40001 -461 18 -1 1 0 0 0 0 -5 -8 -1 -269 -74 N N N N 32 19 26 -13 -13
1 40000 -466 10 -3 0 0 0 0 0 -2 -5 -2 -330 -96 N N N N -877 -207 64 82 82
1 40000 -455 -26 0 -1 0 0 0 0 7 12 2 -347 -103 N N N N -1955 -489 71 208 208
1 40000 -462 2 1 2 0 0 0 0 0 -1 0 -232 -70 N N N N -2362 -607 46 269 269
1 40000 -448 -41 1 -3 0 0 0 0 10 19 4 -248 -72 N N N N -2610 -673 45 304 304
1 40001 -463 -24 1 0 0 0 0 0 6 11 2 -302 -87 N N N N -2426 -626 49 286 286
1 40000 -444 -44 0 1 0 0 0 0 9 22 4 -433 -128 N N N N -3590 -925 82 429 429
1 39999 -446 -46 -5 0 0 0 0 0 8 23 2 -200 -61 N N N N -2452 -640 39 305 305
1 40000 -433 -107 1 -2 0 0 0 0 9 56 5 -457 -131 N N N N -1990 -511 65 243 243
1 43648 -485 215 12 130 0 1387 0 -2 -32 -74 17 -219 -67 N N N N -7994 -2112 54 1068 1068
1 41823 -496 311 -2 -117 8 -1381 0 2 -109 -155 -61 -341 -98 N N N N -3514 -925 57 481 481
1 40000 -428 154 -2 -3 0 0 0 0 -73 -35 -27 -460 -132 N N N N -2173 -567 68 296 296
1 40000 -472 124 -1 -2 0 0 0 0 -65 -13 -22 -217 -70 N N N N -1676 -438 59 232 232
1 40000 -443 126 -2 -2 0 0 0 0 -67 2 -21 -444 -130 N N N N -1703 -444 75 236 236
1 40000 -450 -77 3 -1 0 0 0 0 41 -3 12 -550 -157 N N N N -1330 -347 66 186 186
1 40001 -454 67 -3 3 0 0 0 0 -35 3 -10 -318 -105 N N N N -1773 -463 98 250 250
1 40000 -459 122 2 2 0 0 0 0 -63 14 -20 -335 -100 N N N N -995 -260 62 141 141
1 39999 -465 166 -1 -2 0 0 0 0 -77 41 -24 -262 -78 N N N N -672 -175 49 95 95
1 40001 -468 183 0 1 0 0 0 0 -68 67 -22 -498 -141 N N N N -65 -11 58 0 0
1 41118 -478 -262 2 -141 6 -1422 0 -2 103 -81 -33 -568 -172 N N N N 692 202 136 -131 -131
1 40233 -477 -407 0 -1 0 0 0 0 208 -45 59 -336 -103 N N N N 594 169 66 -104 -104
1 40237 -464 -301 1 2 0 0 0 0 140 61 64 -304 -91 N N N N 290 86 56 -55 -55
1 42762 -515 -79 0 134 0 1407 -1 2 29 52 65 -497 -147 N N N N 112 39 68 -29 -29
1 40000 -474 -86 -1 -3 0 0 0 0 25 37 9 -231 -74 N N N N -255 -60 76 25 25
1 40002 -501 -76 2 4 0 0 0 0 19 37 7 -209 -61 N N N N -836 -225 29 126 126
1 39998 -507 -47 -2 -3 0 0 0 0 8 23 4 -315 -93 N N N N -1902 -512 59 290 290
1 40001 -514 91 1 1 0 0 0 0 -19 -44 -7 -355 -107 N N N N -1801 -486 67 278 278
1 40001 -504 121 -2 3 0 0 0 0 -34 -54 -12 -942 -278 N N N N 732 215 151 -143 -143
1 39998 -506 109 1 -3 0 0 0 0 -41 -41 -16 -542 -164 N N N N 2938 820 112 -489 -489
1 40002 -498 -78 0 -2 0 0 0 0 30 28 10 -443 -138 N N N N 3905 1090 103 -633 -633
1 39998 -498 -104 0 1 0 0 0 0 33 44 13 -173 -53 N N N N 2727 759 40 -428 -428
1 40003 -505 -54 -1 1 0 0 0 0 15 25 4 -104 -33 N N N N 1163 326 26 -182 -182
1 39998 -480 -131 -2 -2 0 0 0 0 24 65 9 -693 -194 N N N N 1505 431 83 -245 -245
1 40000 -492 -42 3 0 0 0 0 0 4 22 3 -267 -90 N N N N 4009 1128 85 -615 -615
1 40001 -487 -19 -2 0 0 0 0 0 2 10 0 -266 -80 N N N N 4314 1211 59 -638 -638
1 39998 -496 105 2 3 0 0 0 0 -13 -54 -4 -443 -131 N N N N 4772 1345 69 -689 -689
1 40002 -502 77 -1 -2 0 0 0 0 -16 -38 -6 -287 -87 N N N N 4861 1374 69 -683 -683
1 40000 -500 83 2 2 0 0 0 0 -21 -38 -8 -150 -44 N N N N 4493 1264 36 -605 -605
1 39998 -496 111 0 1 0 1 1 0 -37 -46 -13 -119 -34 N N N N 2870 810 25 -380 -380
1 40001 -502 149 1 0 0 0 0 0 -63 -47 -22 -266 -75 N N N N 2309 661 45 -308 -308
1 40000 -489 85 -1 -8 0 0 0 0 -42 -20 -15 -462 -126 N N N N 6611 1872 57 -839 -839
1 40001 -484 -184 0 5 0 0 0 0 85 49 28 -320 -103 N N N N 6819 1948 86 -844 -844
1 39998 -476 -176 -3 -1 0 0 0 0 62 70 22 -365 -114 N N N N 1269 382 56 -168 -168
1 40016 -470 -27 3 2 0 0 0 0 6 13 4 -335 -102 37 68 45 559 1849 551 68 -239 -239
1 39985 -474 128 0 1 0 0 0 0 -39 -55 -14 -441 -135 N N N N 2390 714 83 -304 -304
1 39999 -476 20 -3 -1 0 0 0 0 -8 -7 -4 -479 -156 N N N N 766 271 112 -130 -130
1 40000 -492 -10 3 0 1 0 0 0 4 3 2 -419 -136 N N N N 170 83 70 -47 -47
1 40002 -488 41 -2 0 0 0 0 0 -15 -15 -6 -237 -77 N N N N 2228 661 59 -273 -273
1 40000 -473 95 1 1 0 0 0 0 -41 -30 -13 -142 -49 N N N N 410 138 41 -62 -62
1 39999 -484 78 0 0 0 0 0 0 -36 -20 -12 -99 -28 N N N N 542 163 19 -68 -68
1 39999 -476 51 0 -1 0 0 0 0 -25 -11 -9 -178 -55 N N N N -298 -70 27 23 23
1 40016 -469 82 -2 -3 0 0 0 0 -42 -11 -14 -281 -85 39 73 39 559 -1309 -343 57 124 124
1 39984 -480 -10 1 2 0 0 0 0 6 0 1 -483 -143 N N N N 371 141 69 -69 -69
1 40003 -456 -17 -2 1 0 0 0 0 9 3 3 -266 -87 N N N N 2204 660 61 -270 -270
1 44056 -512 -331 -1 -133 -1 -1402 -1 -2 149 66 -1 -328 -103 N N N N 2091 642 84 -265 -265
1 43826 -508 -123 1 133 0 1415 0 2 38 75 66 -183 -60 N N N N 227 85 37 -39 -39
1 40000 -475 2 1 1 0 0 0 0 0 -1 -1 -92 -28 N N N N -682 -181 27 64 64
1 40000 -453 -27 0 2 0 0 0 0 7 13 3 -454 -134 N N N N -304 -52 64 7 7
1 40000 -468 120 1 0 0 0 0 0 -35 -53 -12 -235 -77 N N N N 579 196 56 -86 -86
1 40016 -460 129 -1 -1 0 0 0 0 -50 -48 -17 -265 -80 37 77 42 558 -329 -61 62 11 11
1 39986 -462 148 -2 1 0 0 0 0 -68 -38 -23 -249 -77 N N N N 359 123 37 -54 -54
1 39999 -456 21 -3 -2 0 0 0 0 -10 -5 -4 -155 -49 N N N N 500 169 47 -74 -74
1 39999 -453 7 4 0 0 0 0 0 -4 -1 -1 -242 -75 N N N N 877 275 38 -112 -112
1 41528 -475 -229 -3 -134 0 -1420 0 -2 104 42 -22 -468 -144 N N N N -2312 -617 94 218 218
1 41413 -466 -212 -1 134 0 1414 1 2 68 110 79 -66 -23 N N N N -3007 -853 32 326 326
1 40000 -452 -91 -3 -3 0 0 0 0 17 45 6 -201 -51 N N N N -2966 -854 6 337 337
1 40002 -448 -13 8 -1 0 0 0 0 1 6 2 -448 -139 N N N N -5691 -1610 81 641 641
1 40015 -440 23 -2 3 0 0 0 0 -3 -11 -2 -638 -200 37 77 43 557 -10734 -3056 142 1287 1287
1 39984 -442 112 -1 2 0 0 0 0 -24 -54 -8 -278 -93 N N N N -5322 -1524 66 679 679
1 40001 -430 42 -2 -2 0 0 0 0 -11 -19 -5 -531 -163 N N N N -4380 -1244 99 566 566
1 39999 -451 54 2 2 0 0 0 0 -17 -23 -5 -374 -119 N N N N -4229 -1215 65 575 575
1 40000 -441 66 0 -2 0 0 0 0 -24 -26 -9 -579 -179 N N N N -1684 -464 101 213 213
1 39999 -447 55 -1 -1 0 0 0 0 -22 -20 -7 -567 -179 N N N N -1349 -369 96 169 169
1 40001 -448 133 -2 0 0 0 0 0 -59 -38 -20 -625 -208 N N N N -2367 -654 161 305 305
1 40000 -437 50 3 1 0 0 0 0 -25 -10 -7 -890 -280 N N N N -271 -49 119 8 8
1 40017 -437 48 -1 3 0 0 0 0 -23 -8 -9 -369 -132 38 70 40 556 3133 968 153 -513 -513
1 39982 -441 46 -2 -5 0 0 0 0 -25 -5 -7 -208 -72 N N N N 2668 808 57 -408 -408
1 40001 -447 56 2 4 0 0 0 0 -29 -5 -9 -335 -128 N N N N -177 -37 56 9 9
1 40001 -434 -43 -1 -2 0 0 0 0 23 3 6 -291 -63 N N N N -54 3 62 -11 -11
1 39998 -437 44 1 2 0 0 0 0 -23 -3 -7 -266 -86 N N N N 2472 752 53 -375 -375
1 43120 -447 -214 -4 -134 0 -1406 -1 -2 108 18 -30 -559 -177 N N N N 4547 1390 100 -675 -675
1 41998 -441 -311 -13 129 -24 1410 1 2 125 123 97 -492 -160 N N N N 1433 465 106 -235 -235
1 40003 -378 29 -2 3 0 0 0 0 -8 -12 -2 -275 -93 N N N N 2466 763 68 -361 -361
1 10015 -107 11 -1 -3 0 0 0 0 -4 -5 -2 -17 -8 38 69 44 556 759 235 19 -110 -110
1 9983 -92 6 -1 1 0 0 0 0 -1 -3 0 -13 -6 N N N N 727 222 9 -101 -101
1 10000 -95 -3 2 1 0 0 0 0 1 2 -1 -12 -5 N N N N 434 132 5 -61 -61
1 10000 -94 -3 0 -2 0 0 0 0 0 1 1 -13 -6 N N N N 344 105 5 -48 -48
1 10017 -85 10 -2 -1 0 0 0 0 -3 -5 -1 -159 -46 38 71 42 556 228 71 6 -32 -32
1 9983 -96 22 2 1 0 0 0 0 -7 -9 -2 -100 -31 N N N N 393 128 26 -62 -62
1 10002 -91 18 0 1 0 0 0 0 -7 -7 -2 -79 -27 N N N N 1079 331 17 -150 -150
1 10000 -107 23 -1 -1 0 0 0 0 -8 -9 -3 -144 -42 N N N N 1063 327 19 -147 -147
1 10015 -89 33 1 2 0 0 0 0 -12 -12 -4 -111 -37 43 74 43 556 866 271 26 -123 -123
1 9982 -93 25 -5 2 0 0 0 0 -10 -8 -2 -91 -30 N N N N 924 287 23 -129 -129
1 10001 -99 8 3 -3 0 0 0 0 -3 -4 -2 -111 -35 N N N N 547 174 21 -79 -79
1 10000 -98 -5 -1 1 0 0 0 0 2 2 1 -100 -31 N N N N 184 65 23 -32 -32
1 10016 -90 -14 0 -3 0 0 0 0 5 5 1 -49 -18 37 70 42 555 -62 -10 21 0 0
1 9984 -99 -21 4 -1 0 0 0 0 8 7 3 -20 -9 N N N N -291 -82 13 33 33
1 10002 -101 -25 -2 3 0 0 0 0 10 10 2 -106 -30 N N N N -613 -181 10 77 77
1 9999 -91 -14 -2 0 0 0 0 0 6 5 1 -206 -67 N N N N -762 -222 19 93 93
1 10017 -103 -7 3 -1 0 0 0 0 1 3 2 -268 -75 37 71 40 555 -786 -222 39 90 90
1 9982 -87 -14 -1 0 0 0 0 0 6 5 2 -103 -37 N N N N -542 -146 43 56 56
1 10002 -99 -26 -2 1 0 0 0 0 8 12 2 -189 -59 N N N N -611 -175 26 73 73
1 9998 -99 -20 0 0 0 0 0 0 7 8 2 -241 -76 N N N N -661 -185 37 75 75
1 10016 -84 -5 -1 -1 0 0 0 0 1 2 1 -200 -63 37 70 41 555 -461 -121 47 46 46
1 9984 -102 0 2 1 0 0 0 0 0 0 0 -145 -50 N N N N 197 75 40 -41 -41
1 10000 -105 5 0 0 0 0 0 0 -1 -2 -1 -90 -33 N N N N 266 94 35 -48 -48
1 10001 -104 1 -1 -2 0 0 0 0 0 -1 0 -35 -15 N N N N 333 111 25 -54 -54
1 10013 -100 -5 1 2 0 0 0 0 1 3 1 -21 -9 39 70 40 555 291 94 15 -44 -44
1 8276 -83 -11 -1 -1 0 1 1 0 4 4 1 -9 -4 N N N N 216 69 9 -32 -32
1 11710 -118 -14 0 0 0 -1 -2 0 3 7 1 -8 -5 N N N N 189 61 7 -28 -28
1 10003 -96 -13 1 1 0 0 0 0 4 6 1 -14 -3 N N N N 130 41 3 -19 -19
1 10014 -108 -20 0 1 0 0 0 0 6 9 2 -27 -10 38 73 43 555 52 17 5 -8 -8
1 9985 -103 -36 -1 1 0 0 0 0 9 17 3 -73 -23 N N N N 71 24 6 -12 -12
1 9998 -100 -42 -1 -2 0 0 0 0 9 20 3 -129 -37 N N N N 86 31 12 -16 -16
1 10002 -96 -29 1 1 0 0 0 0 5 15 1 -83 -27 N N N N 209 73 23 -36 -36
1 10014 -106 -17 -1 -3 0 0 0 0 3 8 1 -101 -31 39 69 39 555 408 131 18 -60 -60
1 9984 -98 -1 2 2 0 0 0 0 0 1 1 -65 -21 N N N N 512 163 18 -75 -75
1 10001 -103 9 0 -1 0 0 0 0 -2 -5 -1 -105 -32 N N N N 414 134 17 -61 -61
1 9999 -96 19 -2 2 0 0 0 0 -3 -9 -1 -46 -16 N N N N 300 100 21 -48 -48
1 10016 -99 19 0 0 0 0 0 0 -4 -9 -1 -117 -36 38 71 41 555 411 130 13 -58 -58
1 9984 -98 13 0 -1 0 0 0 0 -3 -7 -1 -107 -33 N N N N 305 102 22 -48 -48
1 10002 -90 17 1 0 0 0 0 0 -3 -8 -1 -45 -16 N N N N 346 115 21 -54 -54
1 10000 -94 20 1 1 0 0 0 0 -4 -10 -1 -72 -24 N N N N 398 127 13 -57 -57
1 10015 -111 14 0 2 0 0 0 0 -4 -6 -1 -39 -12 39 70 40 555 360 116 15 -52 -52
1 9982 -83 1 1 -1 0 0 0 0 0 -1 -1 -23 -10 N N N N 446 141 11 -62 -62
1 10001 -98 -13 -2 0 0 0 0 0 3 7 1 -7 -3 N N N N 488 152 8 -67 -67
1 10002 -97 -14 -4 -3 0 0 0 0 3 6 1 -4 0 N N N N 473 147 4 -63 -63
1 10015 -89 -8 1 1 0 0 0 0 2 4 0 -2 -1 38 68 42 554 363 112 3 -48 -48
1 9985 -106 -5 4 -1 0 0 0 0 1 2 1 -14 -5 N N N N 284 87 2 -37 -37
1 9997 -99 1 -3 -1 0 0 0 0 0 -1 0 -9 -1 N N N N 258 81 3 -35 -35
1 10001 -103 16 3 1 0 0 0 0 -4 -7 -2 -39 -14 N N N N 257 79 3 -34 -34
1 10016 -104 32 1 1 0 0 0 0 -7 -16 -1 -44 -11 38 71 42 555 375 118 7 -51 -51
1 9984 -98 44 -3 3 0 0 0 0 -12 -19 -4 -186 -54 N N N N 389 123 7 -52 -52
1 10002 -99 36 1 1 0 0 0 0 -11 -16 -3 -223 -69 N N N N 96 43 32 -24 -24
1 10000 -113 12 0 -1 0 0 0 0 -4 -5 -2 -334 -96 N N N N 83 44 43 -27 -27
1 10014 -93 21 1 -4 0 0 0 0 -8 -9 -3 -221 -71 38 69 40 554 696 239 56 -110 -110
1 9986 -119 33 -1 1 0 0 0 0 -11 -13 -3 -67 -28 N N N N 658 222 43 -100 -100
1 9998 -94 36 0 1 0 0 0 0 -14 -13 -5 -116 -37 N N N N 504 167 26 -74 -74
1 10000 -103 20 -1 2 0 0 0 0 -8 -7 -1 -101 -35 N N N N 437 146 27 -65 -65
1 9316 -102 6 0 -5 -1 1 1 0 -3 -3 -1 -73 -24 38 70 44 554 347 118 25 -54 -54
1 10718 -107 -1 -4 3 0 -1 0 0 2 1 -1 -63 -23 N N N N 221 76 17 -34 -34
1 9968 -100 -28 4 -1 0 0 0 0 10 10 4 -175 -52 N N N N 147 54 18 -25 -25
1 10000 -97 -32 0 -4 0 0 0 0 12 11 2 -205 -62 N N N N 199 73 26 -35 -35
1 10015 -103 -21 1 5 0 0 0 0 8 9 4 -240 -74 39 71 43 554 286 107 40 -52 -52
1 9983 -93 -13 -1 -1 0 0 0 0 5 5 1 -314 -98 N N N N 422 154 50 -72 -72
1 10001 -100 -34 0 0 0 0 0 0 12 14 3 -105 -31 N N N N 552 198 57 -91 -91
1 10000 -93 -41 -4 0 0 0 0 0 11 19 5 -31 -14 N N N N 331 115 27 -52 -52
1 10014 -85 -59 4 1 0 0 0 0 16 27 4 -131 -44 39 73 44 554 111 42 16 -20 -20
1 9987 -97 -48 -1 -2 0 0 0 0 11 23 2 -298 -81 N N N N 31 26 33 -16 -16
1 9998 -85 -18 -3 1 0 0 0 0 3 9 2 -227 -75 N N N N -35 14 51 -16 -16
1 10002 -96 -33 3 -2 0 0 0 0 6 16 2 -340 -95 N N N N 50 41 54 -27 -27
1 10014 -73 -15 -1 2 0 0 0 0 2 8 1 -209 -70 39 72 45 554 -46 12 55 -15 -15
1 9984 -86 15 1 1 0 0 0 0 -2 -7 -1 -165 -55 N N N N 49 42 54 -28 -28
1 10000 -88 16 -1 -2 0 0 0 0 -3 -9 0 -147 -52 N N N N -123 -19 41 0 0
1 10000 -87 29 -1 4 0 0 0 0 -5 -13 -3 -374 -105 N N N N -36 10 43 -12 -12
1 10016 -98 9 2 -4 0 0 0 0 -2 -6 1 -119 -44 38 73 50 554 17 35 61 -26 -26
1 9986 -79 6 -2 4 0 0 0 0 0 -2 -2 -31 -15 N N N N 21 24 37 -17 -17
1 9998 -103 0 1 -3 0 0 0 0 0 -1 1 -49 -21 N N N N 83 35 18 -17 -17
1 10000 -94 17 2 -5 0 0 0 0 -5 -9 -2 -161 -48 N N N N 48 25 21 -15 -15
1 10015 -92 30 -3 5 0 0 0 0 -6 -13 -2 -186 -57 42 72 50 554 182 72 31 -35 -35
1 9987 -98 11 0 3 0 0 0 0 -4 -4 0 -207 -62 N N N N 238 95 42 -46 -46
1 9998 -107 -78 -2 -5 0 0 0 0 19 36 3 -1399 -373 N N N N 175 79 49 -41 -41
1 9999 -115 -121 1 3 0 0 0 0 15 63 7 -951 -285 N N N N 9 111 221 -87 -87
1 10017 -101 3460 -2 -1 0 0 0 0 3 74 1 -1052 -294 39 73 55 554 414 229 200 -131 -131
1 9984 -101 -146 5 -1 0 0 0 0 -19 75 -1 -1031 -298 N N N N 782 352 210 -180 -180
1 10002 -90 -163 1 0 0 0 0 0 -44 75 -7 -1195 -326 N N N N 1181 492 230 -239 -239
1 10000 -102 -106 -8 1 0 0 0 0 -37 42 -13 -349 -137 N N N N 1685 651 220 -297 -297
1 10014 -88 -78 -2 1 0 0 0 0 -33 25 -9 -229 -91 38 75 51 553 1721 619 125 -263 -263
1 9986 -78 -52 0 -1 0 0 0 0 -24 14 -5 -199 -74 N N N N 1383 487 80 -201 -201
1 9998 -89 -17 3 -2 0 0 0 0 -8 4 -3 -183 -70 N N N N 1055 377 68 -156 -156
1 11824 -111 24 -1 3 1 1 -2 -4 12 -5 2 -349 -113 N N N N 978 359 77 -149 -149
1 9252 -83 -18 -2 2 0 -3 -39 0 -9 4 -4 -584 -162 40 76 56 554 802 294 63 -123 -123
1 8885 -73 -35 -4 -1 0 2 -42 0 -16 9 -3 -472 -137 N N N N 859 327 87 -138 -138
1 15392 -119 43 5 126 -1 1388 -14 2 19 5 -53 -1589 -425 N N N N 1676 661 204 -283 -283
1 10000 -87 54 0 -1 0 0 0 0 25 -13 9 -442 -145 N N N N 1859 727 204 -303 -303
1 10015 -93 -9 2 4 0 0 0 0 -4 3 -3 -1911 -531 39 74 53 554 2021 742 135 -291 -291
1 10456 -97 -157 5 -5 0 0 0 0 -78 29 -23 -3098 -770 N N N N 2749 1155 404 -486 -486
1 10000 -76 -95 -8 1 0 0 0 0 -49 8 -15 -945 -278 N N N N 6231 2413 527 -921 -921
1 10000 -77 -39 -5 0 0 0 0 0 -20 1 -6 -668 -207 N N N N 6079 2225 269 -771 -771
1 10015 -72 -19 1 -1 0 0 0 0 -10 -1 -3 -899 -262 40 76 51 553 5038 1850 209 -614 -614
1 10867 -68 27 -1 -2 0 0 0 0 15 0 4 -1046 -294 N N N N 4750 1770 213 -572 -572
1 9358 -71 20 2 2 0 0 0 0 10 0 2 -970 -281 N N N N 3421 1328 208 -428 -428
1 10642 -70 32 -2 -4 0 0 0 0 18 -1 6 -1303 -338 N N N N 3459 1411 279 -457 -457
1 10015 -50 47 1 3 0 0 0 0 24 -5 7 -1623 -426 39 69 47 553 3027 1254 254 -398 -398
1 10748 -68 67 -7 0 0 0 0 0 35 -8 10 -1173 -403 N N N N 3679 1582 358 -500 -500
1 10000 -46 82 0 -2 0 0 0 0 41 -16 12 -1268 -399 N N N N 4013 1688 325 -507 -507
1 10002 -58 71 1 1 0 0 0 0 33 -18 11 -629 -260 N N N N 3937 1667 311 -485 -485
1 10014 -62 57 0 1 0 0 0 0 23 -18 9 -270 -147 41 72 50 553 4091 1671 242 -459 -459
1 10457 -52 47 2 -1 0 0 0 0 19 -16 7 -335 -155 N N N N 3627 1426 147 -370 -370
1 10000 -51 44 -5 4 0 0 0 0 15 -16 8 -174 -109 N N N N 3232 1264 118 -317 -317
1 9999 -60 23 4 -4 0 0 0 0 8 -10 3 -569 -203 N N N N 2562 999 86 -245 -245
1 10015 -52 5 -1 3 0 0 0 0 2 -1 1 -665 -235 38 72 48 553 2325 941 109 -233 -233
1 10453 -52 -18 -2 3 0 0 0 0 -7 7 -4 -1057 -341 N N N N 1955 860 153 -221 -221
1 10001 -57 -45 -1 -4 0 0 0 0 -15 16 -8 -868 -292 N N N N 2776 1242 230 -316 -316
1 10000 -50 -73 3 0 0 0 0 0 -28 26 -11 -1004 -322 N N N N 3769 1556 182 -366 -366
1 10015 -48 -80 -2 2 0 0 0 0 -36 22 -12 -1111 -346 40 73 52 553 3932 1691 241 -397 -397
1 10925 -53 -60 -1 -1 0 0 0 0 -28 14 -10 -366 -148 N N N N 3999 1755 261 -403 -403
1 10000 -44 -15 -4 0 0 0 0 0 -7 3 -2 -184 -82 N N N N 3038 1340 197 -301 -301
1 10001 -48 35 -2 -2 0 0 0 0 18 -8 4 -323 -107 N N N N 3498 1433 127 -297 -297
1 10015 -46 51 6 -1 0 0 0 0 23 -12 9 -212 -83 38 75 50 553 2519 1010 71 -202 -202
1 10750 -51 54 0 1 0 0 0 0 24 -15 8 -622 -176 N N N N 1878 816 102 -170 -170
1 10000 -33 70 -4 1 0 0 0 0 28 -23 12 -93 -70 N N N N 1445 690 126 -150 -150
1 10001 -35 66 3 -2 0 0 0 0 23 -26 10 -365 -113 N N N N 1608 709 91 -146 -146
1 11175 -46 46 24 -128 97 -1413 0 -2 9 -42 56 -440 -133 39 74 54 552 1670 762 114 -157 -158
1 8867 -38 7 44 10 0 0 -38 0 -8 -1 14 -165 -79 N N N N 1484 575 20 -105 -104
1 9563 -44 15 -19 -4 1 -1 -44 0 8 -8 -3 -170 -77 N N N N 1520 710 113 -145 -145
1 9091 -55 20 3 3 1 1 -43 0 5 -8 1 -120 -65 N N N N 1367 521 12 -92 -92
1 10045 -56 7 -1 3 -1 0 -50 0 1 -3 0 -88 -55 38 74 55 552 1076 491 69 -97 -97
1 10011 -62 8 -3 -1 1 0 -51 0 4 -4 -3 -74 -39 N N N N 1498 640 63 -120 -120
1 10720 -75 4 -8 0 0 -1 -51 0 2 -2 -1 -41 -27 N N N N 1515 640 57 -118 -118
1 9332 -75 10 2 4 -1 0 -46 0 1 -4 2 -16 -15 N N N N 1158 445 10 -76 -76
1 9923 -75 22 -1 -3 0 0 -52 0 6 -11 0 -14 -11 39 75 55 552 1135 455 25 -79 -79
1 10034 -88 30 -1 3 1 1 -54 0 6 -14 1 -14 -7 N N N N 964 412 38 -75 -75
1 10021 -89 27 -2 -1 0 0 -53 0 5 -14 1 -106 -44 N N N N 1134 433 8 -71 -71
1 15036 -129 -56 -2 4 -1 -1 -41 4 -10 29 -6 -957 -309 N N N N 1001 444 51 -82 -82
1 10847 -93 -64 -2 -2 0 0 0 0 -14 30 -4 -1004 -287 39 81 67 552 936 574 161 -124 -124
1 9984 -83 -13 2 -3 0 0 0 0 -4 5 0 -736 -263 N N N N 2048 1030 187 -199 -199
1 10000 -95 81 -1 5 0 0 0 0 19 -37 5 -1089 -425 N N N N 3090 1521 251 -286 -285
1 10001 -75 84 1 -4 0 0 0 0 14 -43 5 -269 -153 N N N N 4880 2262 287 -396 -396
1 10015 -104 68 -1 2 0 0 0 0 7 -35 1 -290 -143 40 88 80 552 5534 2290 126 -355 -356
1 9983 -94 31 2 2 0 0 0 0 2 -16 0 -85 -52 N N N N 3657 1540 98 -235 -235
1 9999 -97 15 -2 -1 0 0 0 0 0 -8 1 -211 -103 N N N N 2807 1198 83 -182 -182
1 10001 -107 7 -3 0 0 0 0 0 1 -4 -1 -378 -181 N N N N 2197 989 95 -152 -152
1 10016 -98 0 5 0 0 0 0 0 0 0 0 -479 -212 43 88 82 552 2339 1029 86 -154 -154
1 9986 -93 -19 1 -5 0 0 0 0 -2 9 1 -352 -126 N N N N 2659 1229 131 -187 -188
1 9999 -103 -21 -2 4 0 0 0 0 0 12 -1 -46 -36 N N N N 2760 1218 97 -176 -175
1 9999 -112 -27 3 -1 0 0 0 0 -2 14 0 79 33 N N N N 2450 996 33 -133 -133
1 10016 -112 -38 -1 0 0 0 0 0 -4 20 0 100 64 43 91 89 551 1637 638 5 -81 -81
1 9983 -114 -21 -3 0 0 0 0 0 -1 11 -3 65 34 N N N N 1383 520 -6 -64 -64
1 10002 -106 11 5 0 0 0 0 0 -1 -6 4 24 15 N N N N 969 361 -7 -44 -44
1 9999 -130 53 1 2 0 0 0 0 6 -27 0 -93 -28 N N N N 597 234 2 -29 -29
1 10015 -119 -3509 -2 0 0 0 0 0 3 -48 1 -119 -26 42 89 95 551 608 288 33 -41 -41
1 9984 -115 93 2 1 0 0 0 0 -7 -49 0 -51 -17 N N N N 625 287 27 -41 -41
1 10001 -136 100 -4 0 0 0 0 0 -13 -51 -6 -28 0 N N N N 595 265 21 -36 -36
1 10000 -112 84 2 -2 0 0 0 0 -20 -41 -5 17 18 N N N N 530 222 11 -29 -29
1 10016 -107 85 0 1 0 0 0 0 -24 -38 -8 55 44 43 101 93 551 480 186 1 -23 -23
1 9985 -128 105 1 1 0 0 0 0 -38 -41 -12 134 81 N N N N 180 49 -12 -4 -4
1 9999 -109 91 1 0 0 0 0 0 -40 -29 -11 168 100 N N N N -106 -75 -21 13 13
1 10000 -123 79 -5 0 0 0 0 0 -36 -20 -12 115 52 N N N N -411 -225 -39 35 35
1 10015 -117 62 1 0 0 0 0 0 -31 -12 -9 170 102 48 124 103 551 -797 -367 -35 52 52
1 9985 -103 96 3 -2 0 0 0 0 -50 -13 -17 -139 -10 N N N N -810 -369 -34 51 51
1 9999 -107 111 -2 2 0 0 0 0 -59 -3 -15 -78 15 N N N N -492 -139 29 12 12
1 10000 -123 67 -2 0 0 0 0 0 -35 3 -12 -48 -9 N N N N 449 175 2 -22 -22
1 10017 -104 60 1 -3 0 0 0 0 -32 7 -8 -26 -9 43 97 101 551 128 77 16 -13 -13
1 9984 -118 64 -2 1 0 0 0 0 -32 11 -9 -108 -27 N N N N 226 97 6 -13 -13
1 12424 -141 61 5 -104 10 -1375 -7 -2 -29 16 -60 -60 -13 N N N N 127 85 21 -14 -14
1 10813 -129 -36 -3 -26 0 0 0 0 17 -7 -7 -71 -16 N N N N 8 40 22 -9 -9
1 10014 -121 -74 0 -4 0 0 0 0 36 -16 6 -38 -9 44 110 102 551 545 245 21 -34 -34
1 10513 -129 -103 -2 2 0 0 0 0 54 -14 13 -30 -8 N N N N 464 215 21 -30 -30
1 10000 -115 -98 -1 3 0 0 0 0 52 -5 16 2 -1 N N N N 637 261 9 -34 -34
1 9999 -121 -112 -1 -7 0 0 0 0 59 5 17 -18 -3 N N N N 487 190 2 -23 -23
1 10016 -113 -115 0 1 0 0 0 0 58 17 21 0 0 42 96 101 550 234 107 10 -15 -15
1 10866 -126 -116 2 3 0 0 0 0 52 28 25 1 0 N N N N 349 140 3 -17 -17
1 9999 -114 -94 -4 4 0 0 0 0 39 32 16 -2 0 N N N N 97 37 0 -5 -5
1 13967 -150 -119 -13 119 -41 1397 -1 2 42 70 53 -20 -3 N N N N 188 78 3 -10 -10
1 10813 -99 -57 -11 8 0 0 0 0 15 29 5 -13 0 45 93 101 550 -43 -20 -2 3 3
1 9987 -99 -26 4 3 0 0 0 0 7 13 -1 1 -1 N N N N 145 65 5 -9 -9
1 10000 -106 -23 1 1 0 0 0 0 4 12 3 -4 0 N N N N 255 101 2 -12 -12
1 9997 -88 -54 -11 -14 0 0 0 0 10 24 -4 -80 -25 N N N N 150 67 5 -9 -9
1 10018 -103 -13 4 13 0 0 0 0 2 10 3 18 5 48 98 95 550 342 168 21 -24 -24
1 9986 -80 -65 1 -5 0 0 0 0 4 33 4 -236 -77 N N N N 172 60 -3 -7 -7
1 9999 -102 3531 -8 2 0 0 0 0 6 37 -7 3 -6 N N N N 530 277 42 -41 -41
1 10000 -90 -30 21 0 0 0 0 0 -6 16 12 -48 -19 N N N N 819 321 2 -38 -38
1 10013 -94 25 -18 -2 0 0 0 0 3 -14 -7 42 8 44 92 85 549 459 198 13 -26 -26
1 9985 -85 -48 2 -1 0 0 0 0 -1 25 0 -87 -24 N N N N 358 147 5 -18 -18
1 10002 -78 -36 3 3 0 0 0 0 -3 20 2 7 0 N N N N 383 164 9 -21 -21
1 9999 -65 -17 -1 -2 0 0 0 0 -1 8 -4 -2 -1 N N N N 298 137 12 -19 -19
1 10016 -75 13 9 10 0 0 0 0 -1 -4 6 3 -1 44 91 81 549 341 140 6 -17 -17
1 9986 -89 28 -16 -5 0 0 0 0 6 -16 -6 3 1 N N N N 212 86 2 -11 -11
1 9999 -77 11 4 -2 0 0 0 0 -1 -6 4 -1 -1 N N N N 248 103 4 -13 -13
1 10001 -70 7 12 -5 0 0 0 0 -3 -5 5 -7 -1 N N N N 122 -1 -27 6 6
1 10012 -87 11 -6 0 0 0 0 0 3 -6 -4 -2 -1 43 178 82 548 -114 6 28 -6 -6
1 9987 -89 5 -2 -10 0 0 0 0 0 -5 0 1 2 N N N N 137 40 -7 -4 -4
1 10001 -89 16 -8 22 0 0 0 0 5 -3 -9 -1 -1 N N N N 134 63 6 -8 -8
1 9996 -72 5 14 -12 0 0 0 0 -5 -6 10 3 1 N N N N 18 7 0 -1 -1
1 10016 -99 3 -9 14 0 0 0 0 1 2 -4 33 11 45 93 94 548 61 37 8 -6 -6
1 9436 -77 -3583 -1 -4 0 0 0 0 3 -10 -5 -32 -9 N N N N -35 -33 -11 6 6
1 10784 -106 4 0 -9 0 0 0 0 -2 -4 5 -3 -1 N N N N 30 25 7 -4 -4
1 10001 -92 25 1 6 0 0 0 0 -1 -12 -1 1 2 N N N N 53 22 2 -3 -3
1 10015 -96 -19 7 -11 0 0 0 0 -3 7 8 -1 -1 44 89 82 547 39 7 -5 0 0
1 9983 -105 43 -2 6 0 0 0 0 1 -21 -6 1 2 N N N N 37 16 1 -2 -2
1 10001 -109 40 -11 -1 0 0 0 0 -1 -21 -5 11 2 N N N N 29 15 2 -2 -2
1 10000 -105 64 7 6 0 0 0 0 -9 -32 0 5 4 N N N N -5 -12 -6 2 2
1 10016 -101 21 -3 -7 0 0 0 0 -3 -12 -3 -9 -3 44 92 84 547 31 15 2 -2 -2
1 9984 -105 -11 4 3 0 0 0 0 -2 6 10 0 0 N N N N -12 -3 1 0 0
1 15238 -147 -3 1 109 1 1389 0 -2 3 28 10 2 1 N N N N 123 47 -1 -5 -5
1 10823 -95 98 8 18 0 0 0 0 -21 -44 8 1 3 N N N N -1 10 6 -2 -2
1 10015 -120 113 -13 1 0 0 0 0 -30 -52 -2 2 1 44 90 82 546 -58 -18 3 1 1
1 10749 -127 117 -3 -7 0 0 0 0 -44 -48 -5 8 3 N N N N 191 73 0 -8 -8
1 14354 -142 133 45 -120 85 -1402 -1 2 -68 -64 -54 -2 -1 N N N N 73 25 -2 -3 -3
1 10821 -140 -31 18 0 0 0 0 0 3 10 27 -2 0 N N N N -68 -38 -7 6 6
1 10016 -134 13 3 -16 0 0 0 0 -2 -8 -20 8 3 43 93 82 546 11 6 1 -1 -1
1 9986 -130 7 21 27 0 0 0 0 -2 2 7 4 3 N N N N -12 -3 1 0 0
