version: 66.14
glider: 195
mission: 21
dive: 229
start: 5 31 105 20 19 59
columns: rec,elaps_tms,depth,heading,pitch,roll,AD_pitch,AD_roll,AD_vbd,GC_phase,mag.x,mag.y,mag.z,sbect.TempFreq,sbect.CondFreq,wlbb2fl.sig470nm,wlbb2fl.sig700nm,wlbb2fl.sig695nm,wlbb2fl.temp,aa4330.O2,aa4330.AirSat,aa4330.Temp,aa4330.CalPhase,aa4330.TCPhase,
data:
0 17353 66 1222 -607 -51 172 2200 1159 6 -19 -320 122 173630 136306 40 90 55 532 249086 98318 25978 29104 30510
1 9984 -2 -34 -21 100 0 0 0 0 6 19 29 27 -2 N N N N -446 -48 71 -8 -8
1 10015 -12 -249 -10 230 0 0 0 0 54 3 0 90 7 44 93 54 532 900 348 -4 -38 -38
1 9985 10 147 -15 -312 0 0 0 0 -26 -45 -84 -100 -15 N N N N -279 -87 13 8 8
1 10015 -2 75 -37 66 0 0 0 0 -4 30 64 169 -3 43 101 51 532 -1087 -215 120 2 2
1 9985 -1 -10 23 -51 0 0 0 0 -10 -17 -29 -47 0 N N N N 1015 480 44 -61 -61
1 8737 8 -204 25 215 -1 0 40 -4 27 9 10 -159 0 42 92 53 532 249 271 96 -47 -47
1 9933 14 235 -14 -299 -2 0 261 0 -28 -21 -34 497 1 N N N N -881 -245 58 16 16
1 10087 29 28 -89 6 1 1 259 0 17 7 10 -294 -4 48 88 54 532 -2074 -244 327 -32 -32
1 9987 20 74 0 38 1 -1 270 0 -6 27 52 -222 -4 N N N N 1039 457 23 -54 -54
1 10042 32 -45 8 53 0 1 273 0 9 4 6 69 0 44 94 52 532 619 282 20 -34 -34
1 9884 51 -264 25 129 -1 0 267 0 26 -26 -57 -235 -7 N N N N 96 75 20 -12 -12
1 15006 183 132 27 -140 759 0 158 -1 -24 -6 -4 43 12 41 88 51 532 155 69 4 -8 -8
1 10363 172 -17 404 31 1734 -1 138 1 -93 3 3 218 61 N N N N -99 -86 -26 14 14
1 8563 90 24 85 0 -2 1 346 0 -26 7 2 59 24 45 91 55 531 176 -6 -43 8 8
1 14404 186 -30 -20 120 -8 1449 236 2 19 26 51 54 19 N N N N 33 -22 -19 6 6
1 10835 164 -90 3 -2 0 0 0 0 44 -16 -14 25 8 45 113 57 531 -171 -95 -15 13 13
1 11103 175 -102 -2 7 0 0 0 0 50 -9 -19 42 13 N N N N 102 10 -18 2 2
1 10017 160 -88 9 -1 0 0 0 0 44 0 -16 30 10 46 91 60 531 -163 -99 -18 14 14
1 11393 178 -90 0 5 0 0 0 0 45 7 -17 22 5 N N N N 246 71 -15 -5 -5
1 10016 175 -86 -3 -2 0 0 0 0 42 13 -18 22 7 44 91 60 531 -68 -44 -10 7 7
1 11398 183 -91 0 4 0 0 0 0 40 21 -19 31 8 N N N N -155 -81 -11 10 10
1 10015 169 -84 -3 -1 0 0 0 0 33 23 -22 18 3 42 99 67 531 140 37 -10 -2 -2
1 10358 156 -92 7 1 0 0 0 0 31 34 -16 15 5 N N N N -17 -21 -8 4 4
1 10642 186 -91 -2 2 0 0 0 0 26 36 -20 34 9 44 93 70 531 -55 -33 -6 5 5
1 10867 168 -95 3 -1 0 0 0 0 19 44 -16 7 2 N N N N -91 -52 -9 7 7
1 10014 166 -91 -4 -1 0 0 0 0 11 43 -20 21 6 42 93 69 531 83 20 -7 -1 -1
1 11281 181 3511 -1 -1 0 0 0 0 4 45 -12 13 4 N N N N 91 29 -4 -2 -2
1 10016 160 -101 1 2 0 0 0 0 -5 52 -12 8 -1 44 92 74 531 -49 -25 -4 3 3
1 11278 181 -112 4 -1 0 0 0 0 -17 57 -7 8 4 N N N N -110 -49 -2 6 6
1 10015 165 -113 -3 5 0 0 0 0 -27 53 -4 4 -1 44 94 76 531 -19 -12 -3 2 2
1 10925 174 -114 6 -4 0 0 0 0 -38 49 1 11 2 N N N N -62 -25 0 2 2
1 9859 147 -114 0 -20 -1 -208 3 0 -46 42 15 8 0 42 90 78 531 73 17 -7 0 0
1 10443 158 -78 21 -112 53 -1253 0 2 -36 23 66 10 1 N N N N -193 -78 0 8 8
1 10832 144 -68 6 -4 0 0 0 0 -33 14 13 16 4 45 91 79 531 -77 -44 -7 6 6
1 9984 121 -57 -1 2 0 0 0 0 -29 8 8 23 5 N N N N 82 26 -5 -2 -2
1 10014 139 -81 3 -3 0 0 0 0 -43 7 12 62 12 63 211 81 530 -107 -56 -7 8 8
1 9986 137 -107 2 0 0 0 0 0 -56 -1 18 76 15 N N N N -20 -30 -12 5 5
1 10013 127 -98 1 -3 0 0 0 0 -51 -9 15 59 15 44 98 88 530 -136 -84 -17 13 13
1 9987 127 -89 -8 4 0 0 0 0 -42 -15 13 91 1 N N N N -46 -61 -24 10 10
1 10013 122 -97 9 -2 0 0 0 0 -46 -25 14 125 27 43 89 89 530 -148 -97 -21 15 15
1 9985 120 -100 -2 -3 0 0 0 0 -41 -32 13 185 36 N N N N -157 -120 -33 19 19
1 10017 131 -53 1 1 0 0 0 0 -19 -20 6 216 25 43 89 95 530 -210 -165 -45 26 26
1 19983 233 53 1 1 0 0 0 0 19 20 -6 326 25 N N N N -137 -234 -101 45 45
1 20015 231 75 0 -4 0 0 0 0 30 24 -8 472 49 44 88 101 530 -281 -317 -116 56 56
1 19987 240 -43 -1 3 0 0 0 0 -17 -14 4 147 36 N N N N -725 -490 -114 76 76
1 20013 257 -150 1 5 0 0 0 0 -53 -55 15 221 42 43 89 102 530 -803 -384 -38 50 50
1 19984 246 -257 3 -1 0 0 0 0 -52 -122 18 315 66 N N N N -106 -195 -87 38 38
1 20020 242 -189 1 1 0 0 0 0 1 -97 1 113 28 43 89 106 530 -102 -152 -63 28 28
1 19980 240 -132 -3 -1 0 0 0 0 19 -66 -4 119 48 N N N N -18 -91 -48 19 19
1 20016 228 -152 3 -2 0 0 0 0 41 -68 -9 90 38 43 87 103 530 -513 -266 -37 38 38
1 19984 220 -114 1 0 0 0 0 0 40 -43 -11 31 9 N N N N -418 -210 -26 28 28
1 20018 239 -52 -3 1 0 0 0 0 22 -16 -6 30 7 40 87 102 530 -250 -117 -11 16 16
1 24103 281 -188 3 125 -9 1440 0 -2 88 -14 34 226 52 N N N N -17 -56 -28 11 11
1 20252 236 -194 -2 -1 0 0 0 0 101 -19 -25 149 37 40 84 97 530 -480 -288 -56 44 44
1 20924 241 -177 0 1 0 0 0 0 91 11 -30 267 75 N N N N -854 -440 -61 62 62
1 20250 224 -266 5 -6 0 0 0 0 117 66 -50 803 202 40 80 77 530 -667 -443 -104 71 71
1 20926 195 -285 -2 -5 0 0 0 0 73 122 -51 2336 680 N N N N -1407 -1213 -385 214 214
1 20250 184 -126 -6 5 0 0 0 0 10 63 -20 652 284 39 74 71 530 -4041 -2330 -449 366 366
1 21278 200 3514 2 4 0 0 0 0 -2 45 -8 378 133 N N N N -4419 -2013 -188 286 286
1 20370 211 -141 9 -1 0 0 0 0 -18 72 -9 412 116 39 71 57 530 -1311 -749 -149 124 124
1 23455 236 -261 -2 -3 0 0 0 0 -79 114 -4 351 79 N N N N -696 -460 -118 81 80
1 23429 224 -199 -1 -120 0 -1417 1 2 -89 57 69 33 23 41 71 59 530 -833 -418 -61 66 67
1 19983 188 -56 2 -2 0 0 0 0 -28 11 7 30 10 N N N N 95 11 -15 2 2
1 20016 191 -5 -1 0 0 0 0 0 -3 0 1 221 52 38 70 51 530 562 192 -14 -23 -23
1 19983 184 96 3 0 0 0 0 0 48 -18 -12 751 175 N N N N 638 33 -128 21 21
1 20016 194 151 0 0 0 0 0 0 67 -44 -16 157 51 39 70 49 530 1850 520 -110 -46 -46
1 19985 175 57 -3 0 0 0 0 0 23 -20 -6 298 76 N N N N 1971 616 -80 -63 -64
1 20016 198 -62 2 1 0 0 0 0 -25 22 6 55 26 39 72 48 530 1487 456 -64 -45 -44
1 19983 199 -57 3 2 0 0 0 0 -24 18 7 58 24 N N N N 418 115 -25 -10 -10
1 20018 191 -35 -3 -2 0 0 0 0 -16 10 3 46 21 40 73 47 530 32 -21 -20 7 7
1 19983 188 -18 1 -1 0 0 0 0 -8 5 2 33 7 N N N N -27 -45 -21 9 9
1 20016 187 -45 2 0 0 0 0 0 -22 11 5 92 34 38 70 45 530 -222 -105 -12 16 16
1 19985 191 -65 -3 0 0 0 0 0 -32 12 9 59 18 N N N N -219 -120 -23 20 19
1 20015 197 -51 1 2 0 0 0 0 -26 8 6 19 6 39 69 46 530 -429 -187 -14 26 27
1 19983 194 -35 1 0 0 0 0 0 -18 4 5 17 0 N N N N -288 -127 -11 18 18
1 20016 193 -29 -1 0 0 0 0 0 -15 2 4 19 4 40 71 44 530 -184 -78 -5 11 10
1 19985 198 -7 0 -2 0 0 0 0 -4 0 2 261 73 N N N N -425 -240 -48 40 41
1 24309 230 58 2 -122 0 -1370 1 -2 31 -23 53 0 1 40 72 44 530 -741 -312 -19 44 44
1 20454 216 189 2 2 0 0 0 0 93 -30 -32 2 2 N N N N -192 -96 -15 15 15
1 20122 192 207 -2 25 -1 221 1 0 83 -64 -42 4 4 39 72 43 531 -137 -61 -5 9 9
1 19879 175 103 20 96 29 1172 -1 2 30 -41 -28 30 7 N N N N -25 -9 0 1 1
1 20017 166 -63 4 -2 0 0 0 0 -18 29 4 599 180 38 70 43 531 -148 -90 -21 16 15
1 19983 160 -235 -2 1 0 0 0 0 -91 85 19 426 147 N N N N -2704 -1287 -163 199 200
1 20014 143 -142 -1 0 0 0 0 0 -69 31 15 167 60 39 70 45 531 -3612 -1492 -84 214 214
1 19987 134 -88 0 0 0 0 0 0 -46 11 10 140 50 N N N N -2094 -875 -56 129 129
1 20014 128 -26 0 2 0 0 0 0 -14 2 2 416 130 36 71 43 531 -2098 -892 -67 135 135
1 19984 132 211 6 2 0 0 0 0 107 -32 -24 1733 492 N N N N -4103 -1730 -125 266 266
1 20016 104 325 1 1 0 0 0 0 126 -117 -24 6937 1816 39 80 44 531 -10732 -4973 -656 860 860
1 19986 90 -3288 5 0 0 0 0 0 39 -159 0 3918 1417 N N N N -16870 -7855 -1212 1518 1518
1 20014 86 280 8 -3 0 0 0 0 -43 -141 14 2540 968 38 65 44 531 -18436 -8018 -1137 1710 1710
1 19984 96 185 -1 0 0 0 0 0 -65 -74 14 818 408 N N N N -14352 -5724 -605 1303 1303
1 20015 87 210 -2 0 0 0 0 0 -98 -55 21 721 301 37 69 46 531 -8841 -3415 -325 827 827
1 19987 92 330 0 3 0 0 0 0 -175 -9 36 1969 528 N N N N -7188 -2767 -285 709 709
1 20014 68 306 10 -5 0 0 0 0 -145 74 21 4155 1248 36 69 41 531 -6865 -3048 -731 911 911
1 19984 98 167 -3 -2 0 0 0 0 -54 67 9 1055 473 N N N N -9042 -3573 -584 1061 1061
1 26016 118 140 1 -121 0 -1400 1 -2 -30 39 -15 1185 449 37 69 43 531 -7820 -2893 -338 877 877
1 20457 124 211 6 -1 0 0 0 0 -13 106 19 1739 527 N N N N -5936 -2273 -388 747 747
1 20013 96 270 3 3 0 0 0 0 46 131 18 1357 433 36 67 44 531 -6225 -2329 -380 791 791
1 20456 135 290 -3 2 0 0 0 0 113 105 1 1026 365 N N N N -5656 -2086 -341 736 736
1 20016 104 253 -1 -3 0 0 0 0 129 42 -14 1385 422 38 70 45 531 -4118 -1515 -270 556 556
1 20455 113 185 -3 3 0 0 0 0 100 -3 -21 55 93 N N N N -3976 -1398 -182 512 512
1 20017 113 265 1 -3 0 0 0 0 127 -57 -34 2910 722 38 71 42 532 -2810 -1066 -263 425 425
1 25395 147 292 -68 117 -82 1386 0 2 90 -113 -95 1296 499 N N N N -781 -567 -520 308 308
1 20016 119 -3384 14 2 0 0 0 0 18 -112 4 503 197 39 72 44 532 21 -91 -162 66 66
1 19984 121 161 0 2 0 0 0 0 -16 -84 5 165 102 N N N N 231 9 -104 18 18
1 20016 119 207 1 -2 0 0 0 0 -53 -95 17 642 205 38 69 43 532 182 36 -34 -6 -6
1 19984 124 175 0 0 0 0 0 0 -70 -61 19 1100 261 N N N N 2235 602 -159 -179 -179
1 20014 109 94 -1 -2 0 0 0 0 -44 -24 11 689 208 38 70 45 532 5376 1555 -189 -496 -496
1 19984 120 51 -2 1 0 0 0 0 -25 -9 8 657 226 N N N N 4567 1409 -19 -466 -466
1 20018 102 115 3 0 0 0 0 0 -60 -13 17 1293 361 38 69 44 533 2912 863 -62 -268 -268
1 19982 105 107 -1 0 0 0 0 0 -56 -1 15 1198 332 N N N N 1014 78 -328 45 45
1 20018 103 10 0 0 0 0 0 0 -5 0 2 863 279 39 69 45 533 -1351 -543 -178 214 214
1 19985 89 -22 0 2 0 0 0 0 11 -1 -3 257 149 N N N N -1256 -526 -200 214 214
1 20016 119 -29 0 -1 0 0 0 0 15 0 -5 133 89 38 70 44 533 -1924 -628 -57 220 220
1 19981 100 -1 -1 1 0 0 0 0 1 0 0 509 135 N N N N -1394 -459 -48 163 163
1 20018 108 34 0 -1 0 0 0 0 -18 0 5 608 180 38 66 42 533 -846 -335 -115 137 137
1 19982 109 -48 3 1 0 0 0 0 25 0 -7 812 277 N N N N -1285 -487 -144 195 195
1 20016 124 -81 -2 -2 0 0 0 0 43 4 -12 166 84 34 69 46 534 -1831 -653 -149 255 255
1 25339 147 -160 24 130 34 1409 1 -2 79 44 41 132 53 N N N N -2413 -859 -204 342 342
1 20016 114 -185 2 -1 0 0 0 0 81 50 -30 185 47 36 70 41 534 -1785 -601 -102 233 233
1 20865 122 -221 2 -1 0 0 0 0 67 90 -36 498 106 N N N N -898 -324 -89 134 134
1 20016 117 -182 -1 2 0 0 0 0 25 89 -26 739 214 38 67 41 535 -422 -203 -125 98 98
1 20809 108 3443 -4 0 0 0 0 0 -5 81 -19 282 111 N N N N -295 -173 -138 90 90
1 20017 114 -176 3 -3 0 0 0 0 -34 86 -13 202 52 39 69 43 535 -477 -179 -62 77 77
1 20805 104 -171 -1 0 0 0 0 0 -56 72 -4 33 37 N N N N -696 -239 -52 97 97
1 23547 109 -182 3 -127 0 -1432 1 2 -81 53 66 82 32 40 72 45 536 -544 -168 -11 63 63
1 19985 104 -197 -3 1 0 0 0 0 -101 27 23 566 91 N N N N -202 -51 14 16 16
1 20015 85 -151 3 2 0 0 0 0 -81 -3 18 556 201 37 69 41 536 -342 -167 -109 83 83
1 19983 90 -42 -1 -4 0 0 0 0 -22 -5 5 -50 35 N N N N -1618 -498 -31 189 189
1 20018 90 -44 1 1 0 0 0 0 -23 -6 6 52 24 36 69 41 536 -1014 -261 69 83 83
1 19983 97 -51 -3 2 0 0 0 0 -25 -9 5 164 37 N N N N -330 -120 -40 53 53
1 20016 82 -10 1 0 0 0 0 0 -5 -2 1 169 44 38 68 43 537 -449 -165 -54 72 72
1 19984 88 22 1 1 0 0 0 0 11 4 -2 67 26 N N N N -727 -236 -38 96 96
1 20016 99 32 1 -5 0 0 0 0 15 6 -4 89 28 38 69 41 537 -812 -231 18 83 83
1 19985 87 42 0 2 0 0 0 0 22 6 -5 125 39 N N N N -658 -219 -44 91 91
1 20014 99 56 0 0 0 0 0 0 29 6 -7 35 15 37 67 41 538 -253 -89 -26 39 39
1 19985 95 44 -2 2 0 0 0 0 24 3 -6 22 11 N N N N -485 -142 2 54 54
1 20015 89 45 1 -1 0 0 0 0 24 2 -5 46 8 37 68 43 538 -290 -103 -31 45 45
1 19984 95 51 2 3 0 0 0 0 27 -2 -6 230 45 N N N N -407 -128 -15 52 52
1 20016 103 54 -2 -1 0 0 0 0 29 -3 -7 -29 -12 40 67 41 539 -535 -180 -40 76 76
1 19986 104 94 1 1 0 0 0 0 49 -13 -10 194 48 N N N N -2399 -711 -6 277 277
1 24542 139 123 -4 -120 0 -1353 0 -2 60 -41 37 268 67 38 70 43 539 -3557 -1093 -87 447 447
1 63398 362 347 -2 121 -9 1382 0 2 120 -124 -78 868 270 N N N N -4241 -1327 -165 567 567
1 80015 473 47 3 -2 0 0 0 0 9 -23 -2 982 317 40 69 43 540 11744 3317 -234 -1265 -1265
1 79985 465 106 0 4 0 0 0 0 12 -55 -1 681 181 N N N N -4265 -1296 -98 519 519
1 79999 496 -3251 2 -3 0 0 0 0 -34 -179 12 1124 329 N N N N 6873 1853 -262 -658 -658
1 80001 480 20 -1 2 0 0 0 0 -5 -9 2 580 179 N N N N 1919 471 -146 -147 -147
1 84236 521 3165 -5 121 -11 1392 -1 -2 34 222 -30 907 227 N N N N -1730 -641 -251 289 289
1 83764 489 -470 1 -123 0 -1399 0 2 -153 191 47 415 130 N N N N 1410 366 -66 -124 -124
1 79999 444 -19 1 3 0 0 0 0 -9 4 3 191 57 N N N N 3437 964 -34 -349 -349
1 80001 445 -192 -1 0 0 0 0 0 -98 29 22 270 67 N N N N 1010 257 -53 -83 -83
1 80015 436 -285 -1 -4 0 0 0 0 -150 -17 36 378 82 38 69 39 546 -3215 -953 -59 361 361
1 79985 440 -223 2 2 0 0 0 0 -101 -61 23 318 89 N N N N 553 111 -79 -25 -25
1 84235 518 390 -3 -120 0 -1379 -1 -2 189 58 18 66 21 N N N N 2055 533 -89 -178 -178
1 84113 557 615 17 122 30 1374 -1 2 282 -114 -117 187 46 N N N N 1408 385 -23 -136 -136
1 80828 489 52 8 -2 0 0 0 0 13 -24 1 296 76 N N N N 165 33 -23 -7 -7
1 80000 465 -62 -2 0 0 0 0 0 -17 28 4 412 121 N N N N -772 -255 -61 105 105
1 80000 454 -216 2 1 0 0 0 0 -82 81 13 383 127 N N N N -2855 -871 -105 340 340
1 80001 450 -188 1 -3 0 0 0 0 -93 42 17 11 5 N N N N -6584 -1887 -47 721 721
1 84851 508 338 -3 -87 -1 -1171 -3 -2 154 -102 2 123 18 39 74 43 549 -5734 -1635 -31 646 646
1 79499 484 -72 -3 88 -5 1180 0 2 -28 34 -26 438 143 N N N N 2921 802 -44 -308 -308
1 80000 487 -130 3 0 0 0 0 0 -57 41 9 150 46 N N N N 2548 691 -50 -259 -259
1 80002 463 84 -2 2 0 0 0 0 38 -25 -6 41 10 N N N N -1584 -459 -24 183 183
1 79999 472 61 1 -1 0 0 0 0 25 -21 -4 88 7 N N N N -5396 -1524 -11 604 604
1 80000 449 -176 2 -1 0 0 -2 0 -78 54 13 184 57 N N N N -4942 -1407 -36 581 581
1 79999 458 -281 -1 2 0 0 0 0 -148 30 29 223 76 N N N N 4863 1346 -43 -541 -541
1 79999 440 -267 -2 0 0 0 0 0 -137 -37 28 83 27 N N N N 5685 1584 -24 -622 -622
1 80017 442 -231 3 -1 0 0 0 0 -96 -76 20 123 31 36 71 42 551 714 188 -24 -69 -69
1 84691 502 453 -5 -119 0 -1377 -2 -2 210 88 17 297 81 N N N N -2384 -705 -69 288 288
1 84471 482 715 1 121 -8 1377 -1 2 317 -150 -121 126 44 N N N N -689 -209 -31 89 89
1 79999 451 -123 -1 -1 0 0 0 0 -34 56 6 -25 -24 N N N N -7793 -2170 22 872 872
1 80001 455 -184 0 1 0 0 0 0 -73 67 13 239 65 N N N N -2110 -608 -37 260 260
1 80000 424 -55 2 -1 0 0 0 0 -26 15 5 184 56 N N N N -142 -58 -42 32 32
1 80000 436 -143 1 1 0 0 0 0 -72 27 14 153 47 N N N N -3596 -1019 -34 438 438
1 85178 495 381 -10 2 -8 1 -3 0 170 -109 -35 101 33 N N N N -2513 -716 -34 315 315
1 80839 466 -131 2 -3 0 0 0 0 -49 50 11 244 64 37 69 41 552 -932 -271 -28 123 123
1 79983 496 -156 0 1 0 0 0 0 -72 43 14 154 44 N N N N -1259 -362 -29 165 165
1 80001 485 -237 2 0 0 0 0 0 -125 26 25 120 37 N N N N -2649 -749 -29 338 338
1 79999 499 -193 -1 0 0 0 0 0 -102 -17 22 161 41 N N N N -1156 -331 -26 154 153
1 89413 590 449 -4 -121 0 -1385 -3 -2 237 -28 5 109 31 N N N N -669 -198 -34 95 96
1 81941 528 323 0 118 -8 1378 0 2 128 -98 -81 181 50 N N N N -1889 -535 -28 249 249
1 79999 500 -185 -1 4 0 0 0 0 -65 74 13 327 100 N N N N -5977 -1680 -61 796 796
1 79999 494 -187 1 -2 0 0 0 0 -88 49 18 143 39 N N N N -1750 -491 -20 239 239
1 80017 482 -252 -1 1 0 0 0 0 -133 19 29 237 69 36 71 44 554 -688 -204 -44 106 106
1 79984 484 -170 1 -1 0 0 0 0 -89 -20 19 221 64 N N N N 424 105 -44 -44 -44
1 84294 553 510 -4 -118 0 -1382 -2 -2 266 -33 -4 45 14 N N N N -597 -173 -28 88 88
1 80412 474 300 27 119 28 1386 -1 2 113 -96 -65 164 45 N N N N -2872 -800 -21 395 395
1 80000 447 -195 -3 -3 0 0 0 0 -68 79 11 309 86 N N N N -4423 -1231 -34 622 622
1 80001 427 -272 2 3 0 0 0 0 -132 63 22 177 65 N N N N 13944 3831 -59 -1854 -1854
1 79999 447 -188 -1 -3 0 0 0 0 -102 6 18 85 25 N N N N 5769 1584 -20 -720 -720
1 79999 454 -201 -1 2 0 0 0 0 -104 -28 19 86 24 N N N N 2792 762 -17 -336 -336
1 86473 492 521 1 -117 0 -1382 -2 -2 274 -17 5 264 79 N N N N 4884 1323 -55 -565 -565
1 80412 534 318 -51 116 -76 1383 0 2 128 -96 -99 240 68 N N N N 25 -4 -26 6 6
1 79998 587 -7 0 0 0 0 0 0 -2 3 1 159 46 N N N N -2538 -715 -41 316 316
1 79998 580 -1 -1 1 0 0 0 0 0 1 0 242 66 N N N N -2205 -619 -34 276 276
1 80000 562 -140 2 -6 0 0 0 0 -48 57 13 290 85 N N N N -3553 -997 -58 454 454
1 80002 563 -225 -2 6 0 0 0 0 -101 62 25 163 50 N N N N 596 150 -38 -61 -61
1 86354 564 421 18 -2 27 -4 -3 0 163 -145 -34 141 38 N N N N -1310 -370 -30 171 171
1 80000 494 -149 -2 2 0 0 0 0 -44 65 11 294 83 N N N N -3527 -982 -48 457 457
1 80000 511 -180 1 1 0 0 0 0 -76 59 17 107 31 N N N N -5796 -1591 -27 753 753
1 80000 517 -79 1 0 0 0 0 0 -38 19 8 110 29 N N N N -4098 -1126 -22 549 549
1 80000 506 46 -1 1 0 0 0 0 23 -10 -5 351 97 N N N N -1725 -484 -49 247 247
1 80001 529 -130 0 -2 0 0 -1 0 -66 23 15 179 55 N N N N -3390 -934 -41 475 475
1 79999 500 23 -2 1 0 0 0 0 12 -3 -3 286 85 N N N N -2795 -774 -57 405 405
1 80000 517 42 2 -1 0 0 0 0 21 -7 -5 112 35 N N N N -1233 -341 -28 181 181
1 80000 513 8 2 1 0 0 0 0 4 -1 -1 79 18 N N N N -2700 -738 -17 390 390
1 87000 582 370 -4 0 -9 6 -1 0 152 -122 -36 376 102 N N N N -7291 -1989 -56 1088 1088
1 80000 542 -11 -2 1 0 0 0 0 -3 5 1 333 101 N N N N -2307 -634 -64 363 363
1 80000 535 -123 -1 0 0 0 0 0 -42 50 10 343 97 N N N N -1037 -287 -45 168 168
1 80000 537 -71 2 -2 0 0 0 0 -29 25 7 319 97 N N N N 603 154 -71 -79 -79
1 80000 542 -73 2 3 0 0 0 0 -33 20 8 539 157 N N N N 2575 681 -100 -371 -371
1 80000 552 -79 -4 -5 0 0 -2 0 -38 19 8 352 104 N N N N -1658 -455 -62 261 261
1 79999 565 -145 2 1 0 0 0 0 -75 20 18 808 234 N N N N -459 -140 -123 93 93
1 80001 561 -296 0 2 0 0 0 0 -155 -19 38 367 119 N N N N 1687 440 -95 -235 -235
1 79999 569 -185 1 -1 0 0 0 0 -84 -49 21 589 164 N N N N 1387 358 -87 -188 -188
1 84177 649 611 -1 -119 0 -1387 -1 -2 307 35 -18 421 137 N N N N -3785 -1026 -117 585 585
1 82001 622 331 -4 119 -8 1388 0 2 140 -88 -92 267 76 N N N N -2952 -790 -36 454 454
1 79999 623 -212 0 1 0 0 0 0 -83 76 20 538 152 N N N N 2905 764 -72 -427 -427
1 80000 597 -157 -2 3 0 0 0 0 -76 34 18 270 85 N N N N 1821 473 -77 -257 -257
1 80001 594 44 4 -1 0 0 0 0 22 -7 -5 366 103 N N N N -1371 -371 -59 215 215
1 79999 595 -145 -1 -1 0 0 0 0 -75 19 18 357 103 N N N N 2733 714 -63 -391 -391
1 84588 641 386 -3 -122 0 -1389 -1 -2 183 -96 -2 188 58 N N N N -5472 -1452 -49 821 821
1 85057 584 -11 15 121 17 1372 0 2 -6 11 -34 206 57 N N N N -1211 -323 -36 189 189
1 80002 550 -172 2 -5 0 0 0 0 -75 54 15 86 22 N N N N -46 -14 -16 9 9
1 79999 555 -49 0 5 0 0 0 0 -24 10 6 330 92 N N N N 1317 342 -53 -190 -190
1 80000 509 -250 0 0 0 0 0 0 -131 21 29 234 67 N N N N 1136 294 -45 -162 -162
1 86764 612 355 -4 -119 0 -1371 -2 -2 182 -59 10 243 66 N N N N 242 58 -44 -28 -28
1 82294 559 291 -3 121 -5 1395 0 2 106 -99 -75 348 97 N N N N -404 -112 -52 69 69
1 80000 548 -35 2 -1 0 0 0 0 -10 16 2 250 74 N N N N 142 31 -52 -12 -12
1 80000 540 -283 -1 2 0 0 0 0 -109 103 23 383 109 N N N N 665 166 -62 -87 -87
1 80000 531 -264 2 -5 0 0 0 0 -135 40 31 397 111 N N N N 1387 355 -63 -192 -192
1 80000 525 -199 -1 2 0 0 0 0 -105 -12 25 368 108 N N N N 2315 594 -73 -320 -320
1 84531 569 567 0 -119 0 -1384 -1 -2 286 -70 -19 318 92 N N N N 1603 407 -71 -214 -214
1 81883 539 286 -4 119 -8 1369 0 2 89 -112 -66 202 58 N N N N 431 107 -30 -54 -54
1 80000 528 -30 0 1 0 0 0 0 -7 15 0 167 49 N N N N 580 145 -35 -75 -75
1 80000 508 -134 1 0 0 0 0 0 -36 61 8 399 109 N N N N -259 -77 -64 50 50
1 79999 508 -257 -1 0 0 0 0 0 -106 86 24 202 61 N N N N 2474 635 -38 -335 -335
1 80001 511 -281 -2 1 0 0 -1 0 -145 32 34 227 63 N N N N 2610 668 -42 -347 -347
1 80000 502 -109 2 -4 0 0 0 0 -59 -6 14 135 36 N N N N 646 162 -24 -82 -82
1 79999 522 -108 1 3 0 0 0 0 -54 -17 14 315 88 N N N N 212 44 -55 -16 -16
1 80001 537 -82 1 1 0 0 0 0 -39 -19 10 163 43 N N N N -886 -234 -29 126 126
1 85354 606 504 -5 -120 0 -1369 -1 -2 260 9 -6 405 112 N N N N 1658 413 -73 -205 -205
1 81938 558 489 -1 118 -9 1372 0 2 184 -157 -101 140 39 N N N N 1815 462 -25 -234 -234
1 79999 559 -135 -1 -2 0 0 0 0 -35 63 7 249 70 N N N N -1821 -478 -46 251 251
1 80000 583 -174 2 2 0 0 0 0 -64 66 16 403 110 N N N N -837 -227 -59 125 125
1 80000 551 9 -4 -1 0 0 0 0 4 -3 -1 40 14 N N N N 2228 567 -22 -289 -289
1 80000 561 -109 4 -1 0 0 0 0 -50 31 11 322 80 N N N N 159 35 -29 -14 -14
1 80001 563 -81 0 -1 0 0 -1 0 -40 17 10 396 115 N N N N 2018 500 -78 -244 -244
1 79999 517 -198 -1 1 0 0 0 0 -104 16 25 184 56 N N N N 3777 955 -47 -471 -471
1 80001 531 -18 0 4 0 0 0 0 -9 0 3 335 92 N N N N 3180 799 -52 -383 -383
1 80000 487 -143 1 -1 0 0 0 0 -75 -12 19 227 63 N N N N 4008 1011 -41 -478 -478
1 85354 551 416 -5 -121 0 -1372 -1 -2 217 -30 1 135 38 N N N N 5218 1321 -32 -611 -611
1 81413 445 399 30 119 33 1372 -1 2 148 -131 -77 185 50 N N N N 4208 1063 -27 -478 -478
1 80000 372 78 0 2 0 0 0 0 15 -39 -2 185 54 N N N N 2764 689 -40 -301 -301
1 79999 379 -87 -4 -4 0 0 0 0 -17 43 3 63 16 N N N N 1295 327 -6 -143 -143
1 80000 377 -204 3 1 0 0 0 0 -65 87 12 89 22 N N N N -898 -235 -18 106 106
1 80000 353 -50 -1 1 0 0 0 0 -21 17 4 305 80 N N N N 2314 572 -41 -244 -244
1 80000 358 35 2 -4 0 0 0 0 15 -11 -3 40 16 N N N N 2121 530 -23 -225 -225
1 80000 359 -26 -3 2 0 0 0 0 -11 8 3 287 74 N N N N 232 44 -35 -13 -13
1 80000 360 -88 3 3 0 0 0 0 -39 27 6 137 41 N N N N 1445 353 -33 -146 -146
1 80000 365 -156 -2 -3 0 0 0 0 -78 31 16 146 38 N N N N 1024 249 -24 -102 -102
1 86825 431 470 -6 2 -5 6 0 0 195 -150 -40 267 65 N N N N -7769 -1984 -43 866 866
1 79999 382 48 1 1 0 0 0 0 11 -23 -3 171 50 N N N N -3180 -816 -31 369 369
1 80000 414 -173 2 1 0 0 0 0 -49 78 10 131 41 N N N N 3868 968 -27 -426 -426
1 80000 429 -116 -2 0 0 0 0 0 -46 42 9 94 21 N N N N 2151 536 -19 -232 -232
1 80000 433 -164 1 -2 0 0 0 0 -77 43 15 194 46 N N N N -3852 -982 -23 436 436
1 85350 497 328 -4 3 -7 0 -1 0 139 -105 -29 225 64 N N N N 817 191 -42 -79 -79
1 80001 480 -90 -1 -3 0 0 0 0 -32 36 6 175 46 N N N N 3570 888 -30 -384 -384
1 79999 489 -129 0 -2 0 0 0 0 -54 43 12 117 30 N N N N 1956 484 -21 -206 -206
1 80000 501 -145 0 4 0 0 0 0 -71 32 14 47 10 N N N N -1530 -391 -15 172 172
1 80000 519 -196 0 0 0 0 0 0 -104 14 23 327 82 N N N N -1241 -327 -37 148 148
1 83708 587 458 -2 -120 0 -1380 -2 -2 225 -94 -5 134 40 N N N N 1604 387 -42 -162 -162
1 83646 577 168 0 119 -8 1371 0 2 55 -61 -55 58 13 N N N N -224 -59 -7 27 27
1 80001 554 -188 -1 0 0 0 0 0 -63 78 13 263 70 N N N N -779 -210 -36 97 97
1 79999 576 -44 -1 -5 0 0 0 0 -18 15 4 155 41 N N N N 4969 1232 -33 -523 -523
1 80001 567 -7 1 4 0 0 0 0 -3 2 1 145 36 N N N N -75 -29 -25 17 17
1 80000 566 -68 1 0 0 0 0 0 -31 20 6 182 43 N N N N -3245 -824 -26 356 356
1 79999 559 -145 -6 2 0 0 0 0 -71 29 16 176 51 N N N N -344 -101 -37 49 49
1 79999 557 -181 4 -1 0 0 0 0 -97 11 21 74 16 N N N N -1158 -295 -15 130 130
1 80001 534 -102 1 2 0 0 0 0 -54 -7 13 41 6 N N N N -4351 -1091 -7 481 481
1 83705 577 443 -3 -124 -1 -1377 -1 -2 229 -51 0 132 31 N N N N -2461 -623 -24 283 283
1 81944 550 329 -2 122 -7 1379 0 2 118 -114 -79 32 7 N N N N 1475 366 -7 -163 -163
1 79998 516 -11 -1 0 0 0 0 0 -3 5 1 85 15 N N N N 751 185 -6 -82 -82
1 79999 517 -172 2 -2 0 0 0 0 -54 74 12 117 33 N N N N -1248 -320 -24 147 147
1 80000 494 -143 -2 2 0 0 0 0 -59 48 13 109 26 N N N N 1286 314 -19 -138 -138
1 80000 485 -133 0 1 0 0 -1 0 -65 30 13 77 17 N N N N 1538 379 -13 -166 -166
1 79999 472 -86 1 -1 0 0 0 0 -45 11 11 36 9 N N N N 1715 424 -9 -185 -185
1 80002 468 -36 1 0 0 0 0 0 -19 2 5 208 50 N N N N 1208 290 -27 -122 -122
1 80000 459 -223 -1 0 0 0 0 0 -118 -8 28 160 44 N N N N 1413 340 -31 -142 -142
1 84178 505 360 -4 -121 0 -1370 -1 -2 190 -24 12 139 28 N N N N 50 6 -16 0 0
1 86999 458 398 23 119 24 1374 0 2 161 -116 -82 303 88 N N N N 2613 625 -58 -258 -258
1 80000 386 -115 1 1 0 0 0 0 -37 49 6 154 39 N N N N -238 -68 -23 33 33
1 80000 385 -107 -1 1 0 0 0 0 -42 39 9 52 15 N N N N -1130 -288 -17 125 125
1 80001 372 -134 1 -2 0 0 0 0 -63 36 11 161 40 N N N N -1946 -492 -23 216 216
1 80000 391 -73 -1 1 0 0 0 0 -37 13 7 47 12 N N N N -641 -164 -14 74 73
1 86706 459 357 -6 -2 -5 0 0 0 157 -106 -32 172 44 N N N N -705 -185 -26 84 85
1 79999 408 12 0 5 0 0 0 0 4 -5 -1 55 15 N N N N -446 -115 -11 52 52
1 80000 443 -128 0 0 0 0 0 0 -47 50 9 122 28 N N N N 221 48 -17 -18 -18
1 80001 426 -142 1 -1 0 0 0 0 -64 42 12 92 22 N N N N 291 64 -21 -25 -25
1 79999 442 15 0 -2 0 0 0 0 7 -4 -1 63 14 N N N N 81 16 -9 -6 -6
1 78759 186 113 239 -53 156 -439 -288 -4 36 -32 37 49 8 N N N N -93 -26 -9 13 13
1 79930 -5 75 235 16 346 0 -306 0 -34 -34 100 16 6 N N N N 117 26 -6 -10 -10
1 80013 -484 -103 -18 -6 0 0 -351 0 -19 39 -37 -108 -19 N N N N -292 -66 15 27 27
1 81300 -727 -62 -143 24 0 -1 -219 4 -21 17 -12 -126 -29 N N N N 158 46 18 -24 -24
1 80000 -791 -4 -3 -4 0 0 0 0 -1 1 0 -154 -38 N N N N -484 -108 31 43 43
1 79999 -773 20 0 4 0 0 0 0 9 -5 2 -185 -44 N N N N 575 155 32 -73 -73
1 80000 -767 -24 3 -4 0 0 0 0 -11 6 -2 -212 -54 N N N N 175 56 31 -29 -29
1 80000 -580 -8 -41 2 -56 0 -6 0 5 3 -10 -188 -45 N N N N 3241 817 31 -358 -358
1 79999 -534 -13 0 -3 0 0 0 0 -6 3 -1 -401 -105 N N N N 1185 317 54 -144 -144
1 80000 -519 25 0 3 0 0 0 0 11 -7 3 -51 -18 N N N N -2553 -625 24 264 264
1 80000 -499 -38 0 1 0 0 0 0 -18 10 -5 -298 -76 N N N N -104 -11 37 -1 -1
1 80000 -524 -154 -5 1 0 0 -94 0 -77 27 -19 -96 -27 N N N N -1591 -385 29 161 161
1 80000 -517 -94 0 -1 0 0 0 0 -50 6 -12 -118 -28 N N N N -2719 -671 18 291 291
1 80000 -535 -83 0 0 0 0 0 0 -45 -3 -10 -129 -35 N N N N -2602 -642 21 282 282
1 80000 -543 -79 2 -2 0 0 0 0 -42 -6 -10 -109 -26 N N N N -818 -197 19 85 85
1 77353 -562 354 -1 129 0 1395 -108 -2 187 6 -21 -51 -11 N N N N 280 74 11 -34 -34
1 81179 -616 577 -11 -121 -1 -1386 -83 2 195 -240 100 -186 -44 N N N N 758 199 25 -93 -93
1 79998 -597 98 -1 0 0 0 0 0 5 -52 1 -83 -19 N N N N 24 11 16 -8 -8
1 80000 -626 -3527 -1 1 0 0 0 0 -2 -38 -1 -84 -18 N N N N 2502 631 14 -282 -282
1 79999 -638 65 4 1 0 0 0 0 -6 -34 -2 -218 -57 N N N N 1975 509 38 -229 -229
1 80002 -657 52 -1 -2 0 0 0 0 -8 -27 -2 -145 -32 N N N N 4355 1100 24 -478 -478
1 78410 -645 2757 9 -2 1 -2 -1 0 -172 370 -31 -157 -38 N N N N 1376 355 26 -156 -156
1 80001 -677 -86 -10 -1 0 0 0 0 -42 15 -11 -231 -63 N N N N -1711 -413 36 170 170
1 80000 -711 43 -1 -3 0 0 0 0 23 -7 5 -156 -40 N N N N -2555 -628 32 265 265
1 79999 -718 -16 1 3 0 0 0 0 -9 3 -2 -83 -18 N N N N 875 224 12 -99 -99
1 80001 -710 16 -1 1 0 0 0 0 8 -3 2 -354 -93 N N N N -312 -56 54 16 16
1 87058 -804 583 3 -2 0 -21 0 0 202 -220 41 -49 -11 N N N N -1260 -310 18 131 131
1 80001 -681 32 -3 0 0 0 0 0 4 -17 0 -106 -22 N N N N 2122 541 17 -237 -237
1 79999 -678 -3463 2 2 0 0 0 0 2 -72 -1 -206 -55 N N N N -630 -146 30 58 58
1 80000 -665 200 -1 0 0 0 0 0 -29 -102 -7 -371 -98 N N N N -4840 -1199 56 514 514
1 80000 -637 -11 0 0 0 0 0 0 2 6 0 -93 -24 N N N N 1868 482 27 -216 -216
1 84351 -670 2706 5 2 0 6 -1 0 -158 397 -29 -227 -58 N N N N -105 -13 37 0 0
1 80823 -600 -237 -10 -5 0 0 0 0 -123 24 -25 -304 -81 N N N N -3550 -881 43 383 383
1 80000 -602 -51 2 3 0 0 0 0 -28 -1 -7 -201 -51 N N N N 9880 2517 40 -1101 -1101
1 80001 -603 32 0 1 0 0 0 0 17 1 4 -288 -79 N N N N 1270 342 48 -153 -153
1 80000 -605 -105 0 -2 0 0 0 0 -56 -7 -12 -223 -61 N N N N -1082 -255 44 100 100
1 84472 -690 833 2 2 -1 -12 0 0 360 -196 74 -137 -35 N N N N -1458 -360 24 149 149
1 80000 -614 106 -3 -2 0 0 0 0 14 -55 2 -160 -43 N N N N -3418 -856 31 364 364
1 80000 -640 51 3 -1 0 0 0 0 3 -27 0 -347 -93 N N N N -1155 -273 52 110 110
1 80000 -608 -8 -2 2 0 0 0 0 -1 5 0 -196 -55 N N N N -3391 -848 42 367 367
1 80002 -644 4 0 1 0 0 0 0 0 -2 0 -92 -23 N N N N -2940 -744 15 332 332
1 84940 -654 -717 -2 -3 1 7 0 0 -232 272 -45 -228 -59 N N N N -4022 -1016 28 461 461
1 80000 -607 -68 2 -1 0 0 0 0 -36 7 -8 -277 -80 N N N N -5500 -1386 58 643 643
1 79999 -600 -34 -1 1 0 0 0 0 -18 1 -4 -206 -55 N N N N -2624 -661 34 314 314
1 80001 -623 55 0 1 0 0 0 0 29 -3 6 -228 -62 N N N N -2942 -742 44 357 357
1 80000 -607 -37 -5 0 0 0 0 0 -19 3 -3 -302 -83 N N N N -2672 -674 40 330 330
1 84526 -679 652 1 3 -1 -9 0 0 261 -203 51 -190 -53 N N N N -1527 -381 47 186 186
1 80000 -608 3 3 -4 0 0 0 0 1 -2 0 -416 -115 N N N N -2125 -532 61 264 263
1 80002 -628 164 3 2 0 0 0 0 15 -85 2 -154 -44 N N N N -1673 -423 36 213 214
1 79998 -617 -3582 -3 2 0 0 0 0 0 -9 0 -276 -74 N N N N 131 44 48 -28 -28
1 80000 -618 3505 1 -1 0 0 0 0 -3 50 -1 -242 -65 N N N N -1429 -363 30 184 184
1 84414 -644 -629 -2 1 1 17 -1 0 -215 237 -41 -367 -101 N N N N -898 -218 68 107 107
1 80000 -628 -37 -1 -5 0 0 0 0 -18 5 -4 -348 -100 N N N N 2147 568 71 -306 -306
1 80000 -634 103 -1 4 0 0 0 0 52 -17 11 -137 -36 N N N N 117 35 25 -22 -22
1 80000 -650 237 2 1 0 0 0 0 104 -72 20 -273 -75 N N N N -437 -105 41 49 49
1 80002 -631 170 -3 0 0 0 0 0 52 -74 9 -309 -86 N N N N -3175 -814 47 423 423
1 82410 -652 -531 1 0 -1 -4 1 0 -220 166 -42 -279 -80 N N N N -3604 -924 66 489 489
1 80001 -610 -41 -1 -2 0 0 0 0 -21 3 -5 -242 -65 N N N N 1231 325 34 -181 -181
1 79999 -611 -80 -3 0 0 0 0 0 -43 3 -8 -241 -69 N N N N -1438 -367 43 195 195
1 80000 -598 -97 6 -4 0 0 0 0 -53 -5 -11 -338 -95 N N N N -1803 -461 59 246 246
1 80000 -594 90 -3 4 0 0 0 0 49 5 9 -406 -111 N N N N -124 -25 50 8 8
1 86176 -659 731 2 0 0 -10 -1 0 302 -208 60 -621 -186 N N N N -2783 -710 137 380 380
1 80000 -590 117 -4 0 0 0 0 0 14 -61 1 -313 -91 N N N N -453 -112 53 58 58
1 80000 -609 -3510 2 -2 0 0 0 0 0 -48 1 -279 -77 N N N N 95 31 50 -23 -23
1 79998 -585 206 1 3 0 0 0 0 -27 -105 -8 -255 -76 N N N N -547 -138 53 72 72
1 80002 -614 81 3 -3 0 0 0 0 -22 -38 -5 -314 -87 N N N N -551 -139 50 74 74
1 84874 -656 2685 2 7 0 11 0 0 -108 421 -16 -40 -11 N N N N -1174 -307 20 173 173
1 80832 -607 -101 -7 -4 0 0 0 0 -48 22 -10 -228 -65 N N N N -503 -128 40 70 70
1 80000 -611 183 2 -1 0 0 0 0 87 -46 17 -258 -70 N N N N 97 29 41 -22 -22
1 80002 -593 195 -2 0 0 0 0 0 72 -76 13 -85 -24 N N N N 461 124 21 -73 -73
1 79999 -583 118 0 0 0 0 0 0 28 -56 5 -423 -116 N N N N 1774 476 63 -278 -278
1 82118 -612 -571 -1 0 1 -6 1 0 -226 188 -43 -265 -77 N N N N 2108 564 53 -325 -325
1 80001 -556 -73 1 0 0 0 0 0 -39 6 -7 -203 -60 N N N N 1418 381 39 -217 -217
1 79999 -573 142 2 0 0 0 0 0 75 -15 14 -440 -123 N N N N 834 231 65 -135 -135
1 79999 -556 225 -4 -1 0 0 0 0 105 -60 21 -392 -118 N N N N -1728 -448 79 240 240
1 80001 -575 55 0 1 0 0 0 0 22 -20 4 -227 -67 N N N N -1884 -496 43 274 274
1 79999 -561 31 -4 0 0 1 -60 0 12 -12 0 -517 -153 N N N N 1706 467 98 -274 -274
1 80000 -564 -17 2 1 0 0 0 0 -6 7 0 -412 -121 N N N N 911 253 68 -149 -149
1 80001 -579 192 -1 -1 0 0 0 0 55 -86 9 -616 -172 N N N N 226 72 79 -49 -49
1 79999 -568 1 0 4 0 0 0 0 0 0 -1 -486 -158 N N N N -2290 -598 127 321 321
1 81648 -768 -502 39 -4 68 -3 -93 0 -201 174 -30 -372 -106 N N N N 64 26 70 -22 -22
1 80000 -822 -53 4 2 0 0 0 0 -29 6 -7 -755 -221 N N N N 981 280 120 -172 -172
1 80000 -805 110 0 -2 0 0 0 0 56 -18 15 -423 -129 N N N N -2238 -592 100 325 325
1 80000 -821 46 0 -3 0 0 0 0 23 -11 5 -403 -114 N N N N 1254 347 58 -204 -204
1 79999 -811 -19 -2 5 0 0 0 0 -10 6 -2 -438 -128 N N N N 1260 353 88 -210 -210
1 80000 -807 -129 1 -2 -1 0 0 0 -64 23 -17 -357 -104 N N N N 10433 2848 70 -1559 -1559
1 80001 -797 -3 -1 2 0 0 0 0 -2 0 -1 -402 -118 N N N N 2592 723 81 -388 -388
1 79999 -788 -142 -1 -1 0 0 0 0 -75 7 -20 -457 -134 N N N N 2494 698 78 -369 -369
1 80001 -799 72 -3 0 0 0 0 0 39 -1 10 -261 -77 N N N N 5290 1462 63 -741 -741
1 80528 -768 702 -19 -2 -33 -5 -1 0 273 -228 57 -190 -50 N N N N 9644 2652 40 -1271 -1271
1 80000 -649 -3324 -2 1 0 0 0 0 -2 -145 -2 -263 -69 N N N N 7709 2125 39 -967 -967
1 79998 -627 239 0 3 0 0 0 0 -58 -112 -14 -261 -80 N N N N 5700 1587 57 -698 -698
1 80001 -637 109 1 -3 0 0 0 0 -42 -42 -10 -419 -118 N N N N 1532 444 55 -199 -199
1 80001 -624 142 0 2 0 0 0 0 -65 -40 -14 -292 -90 N N N N 2478 717 78 -314 -314
1 83883 -663 2728 -7 -126 0 -1387 0 -2 150 360 55 -179 -50 N N N N 744 220 34 -98 -98
1 82648 -656 -517 5 127 1 1402 0 2 -211 200 -63 -112 -35 N N N N 923 268 28 -115 -115
1 79999 -635 138 -1 0 0 0 0 0 70 -26 15 -254 -69 N N N N 1303 376 37 -161 -161
1 80000 -664 370 2 -3 0 0 0 0 137 -138 28 -570 -177 N N N N -10456 -2846 98 1183 1183
1 80000 -647 66 -1 2 0 0 0 0 13 -32 2 -205 -65 N N N N -8812 -2419 52 1074 1074
1 85956 -727 -577 -2 1 -1 1 0 0 -221 196 -46 -296 -87 38 71 42 559 -7575 -2083 50 973 973
1 79986 -659 108 1 -1 0 0 0 0 55 -18 12 -414 -123 N N N N -2755 -743 79 350 350
1 80000 -692 181 -1 2 0 0 0 0 82 -51 17 -117 -31 N N N N 7657 2138 32 -1031 -1031
1 80001 -709 128 1 -1 0 0 0 0 46 -51 9 -232 -68 N N N N 3969 1120 46 -525 -525
1 79999 -676 189 0 -5 0 0 0 0 44 -91 9 -360 -104 N N N N 3353 958 65 -443 -443
1 85705 -726 -602 -2 4 0 -9 0 0 -225 210 -46 -254 -76 N N N N 2319 663 43 -302 -302
1 80000 -638 -44 0 -2 0 0 0 0 -23 5 -5 -142 -42 N N N N 3198 909 39 -402 -402
1 80001 -601 8 0 2 0 0 0 0 4 -1 1 -320 -91 N N N N -559 -136 49 50 50
1 80014 -548 -100 1 1 0 0 0 0 -54 5 -12 -371 -113 39 71 44 558 2817 822 81 -367 -367
1 79985 -521 -5 -3 -1 0 0 0 0 -2 0 0 -281 -81 N N N N -830 -214 44 83 83
1 75778 -597 702 0 3 0 -9 -67 0 293 -197 59 -242 -71 N N N N 3519 1013 57 -439 -439
1 80811 -645 183 -4 0 0 0 0 0 19 -95 2 -143 -45 N N N N 2464 707 33 -300 -300
1 80000 -652 -3350 2 -3 0 0 0 0 -28 -129 -7 -30 9 N N N N 4066 1144 1 -465 -465
1 80000 -673 125 1 1 0 0 0 0 -35 -57 -7 -64 -5 N N N N 2524 718 17 -290 -290
1 79999 -684 229 2 1 0 0 0 0 -93 -80 -20 -528 -148 N N N N 3040 900 85 -369 -369
1 83236 -711 2671 -5 -124 0 -1387 -2 -2 104 396 55 -315 -107 N N N N -2924 -782 82 291 291
1 81662 -711 -507 1 125 0 1407 0 2 -231 161 -78 -216 -49 37 70 42 557 -648 -167 32 60 60
1 79986 -666 157 -1 -2 0 0 0 0 83 -18 18 -690 -206 N N N N -2962 -775 127 286 286
1 80000 -657 349 1 -3 0 0 0 0 147 -112 29 -158 -33 N N N N -8 19 44 -15 -15
1 79999 -641 252 0 5 0 0 0 0 50 -122 9 -525 -150 N N N N 5309 1550 84 -633 -633
1 82411 -628 -709 -2 -2 1 -13 0 0 -253 249 -50 -1037 -286 N N N N -3077 -776 196 270 270
1 79999 -575 -178 0 0 0 0 0 0 -96 1 -19 -563 -167 N N N N 2046 649 126 -281 -281
1 80000 -574 125 0 1 0 0 0 0 67 2 13 -536 -119 N N N N 4081 1217 89 -490 -490
1 80000 -579 112 -1 -1 0 0 0 0 60 -10 12 -1589 -487 N N N N -2965 -705 278 219 219
1 80015 -616 332 -3 1 0 0 0 0 151 -92 29 -1719 -487 37 69 40 557 -9245 -2525 315 952 952
1 79985 -669 37 0 -2 -1 -1 -23 0 13 -15 1 -284 -69 N N N N 1870 624 169 -287 -287
1 80000 -644 -126 -4 4 0 0 0 0 -47 48 -9 -947 -261 N N N N 10127 3026 122 -1217 -1217
1 20000 -149 -43 -3 -2 0 0 0 0 -18 14 -4 -528 -134 N N N N 999 325 60 -136 -136
1 20016 -143 5 0 -4 0 0 0 0 3 -2 0 -584 -164 37 68 41 556 1704 581 144 -248 -248
1 19984 -162 85 1 1 0 0 0 0 35 -29 8 -525 -151 N N N N 1399 456 78 -186 -186
1 20015 -139 159 3 -2 0 0 0 0 52 -67 10 -423 -133 37 71 42 556 974 357 119 -156 -156
1 19985 -143 148 0 4 0 0 0 0 29 -72 4 -390 -118 N N N N 107 86 94 -50 -50
1 20015 -139 118 -2 -3 0 0 0 0 10 -62 1 -398 -119 38 68 41 556 1 55 93 -39 -39
1 19984 -126 -3496 1 1 0 0 0 0 -4 -55 -1 -37 -26 N N N N 62 42 42 -24 -24
1 18740 -153 118 50 3 65 1 -41 -4 -29 -60 18 -308 -88 39 71 42 556 0 13 21 -9 -9
1 24499 -231 -58 -11 -129 4 -1394 -32 2 12 -2 -24 -1364 -416 N N N N 32 116 184 -80 -80
1 20016 -199 3317 -6 1 0 0 0 0 3 145 33 -714 -191 37 72 43 556 518 274 203 -141 -141
1 20455 -203 -243 4 2 0 0 0 0 -59 114 12 -545 -174 N N N N 579 256 139 -122 -122
1 20233 -179 -310 2 92 -35 1398 0 0 -135 121 -52 -907 -265 37 66 43 556 874 324 101 -138 -138
1 19766 -153 -39 -19 27 1 0 -1 2 -16 12 -22 -1784 -508 N N N N 1189 522 269 -243 -243
1 20016 -148 99 -3 10 0 0 0 0 50 -17 8 -2472 -742 38 71 46 556 3013 1169 407 -498 -498
1 19984 -140 -13 -1 -7 0 0 0 0 -6 2 0 -1925 -607 N N N N 4542 1685 447 -675 -675
1 20016 -154 5 -1 3 0 0 0 0 3 0 0 -551 -206 38 73 44 556 -3506 -890 303 242 242
1 19984 -123 -61 3 2 0 0 0 0 -31 12 -9 -1584 -464 N N N N -3694 -1050 163 334 334
1 20018 -129 -192 -4 -1 0 0 0 0 -102 15 -20 -4710 -1303 37 71 43 556 -4957 -1180 636 294 294
1 19983 -133 -187 -4 3 0 0 0 0 -98 -16 -20 -2393 -840 N N N N -399 357 835 -300 -300
1 20016 -151 -208 -1 0 0 0 0 0 -97 -52 -21 -1556 -544 40 71 44 556 3979 1563 458 -654 -654
1 19984 -146 -120 2 0 0 0 0 0 -46 -44 -7 -809 -304 N N N N 4711 1742 324 -670 -670
1 20015 -149 -130 -5 0 0 0 0 0 -37 -56 -7 -2043 -652 38 72 44 556 4002 1562 372 -601 -601
1 19984 -145 -163 0 -1 0 0 0 0 -27 -80 -6 -1302 -450 N N N N 4767 1865 410 -690 -690
1 20015 -163 -145 -1 1 0 0 0 0 -4 -74 0 -839 -299 40 71 43 556 4901 1799 223 -609 -609
1 19985 -160 -222 -7 0 0 0 0 0 31 -110 9 -3341 -1002 N N N N 3870 1660 475 -603 -603
1 20017 -138 -196 -1 0 0 0 0 0 62 -82 9 -724 -304 40 73 44 556 7185 2817 472 -916 -916
1 19984 -145 -186 -3 -1 0 0 0 0 82 -55 17 -994 -334 N N N N 5803 2198 251 -660 -660
1 26074 -174 -333 -7 -126 1 -1398 -1 -2 177 -37 -36 -3156 -968 39 72 44 556 6049 2602 580 -812 -812
1 20455 -120 -171 1 -5 0 0 0 0 90 21 18 -4330 -1361 N N N N 6900 3028 661 -900 -900
1 20014 -104 23 2 2 0 0 0 0 -12 -4 -2 -6028 -1899 39 75 43 556 9754 4826 1354 -1417 -1417
1 20456 -87 21 -7 -2 0 0 0 0 -10 -4 -3 -1404 -575 N N N N 17978 7515 877 -1757 -1757
1 20017 -84 -145 -4 4 0 0 0 0 72 33 17 -508 -285 41 73 43 556 17023 6920 515 -1389 -1389
1 20454 -91 -167 4 -2 0 0 0 0 66 57 24 -337 -147 N N N N 15712 6205 266 -1088 -1088
1 20015 -88 -109 6 -1 0 0 0 0 32 45 17 -79 -36 38 72 43 555 9126 3578 118 -578 -577
1 20865 -101 -120 -6 1 0 0 0 0 25 57 18 -158 -60 N N N N 4310 1694 55 -262 -263
1 20017 -99 3442 5 2 0 0 0 0 11 81 21 -337 -107 39 71 45 555 1958 837 68 -135 -135
1 20457 -109 -188 0 5 0 0 0 0 -19 97 17 -68 -42 N N N N 2644 1118 83 -178 -178
1 20015 -115 -201 -2 0 0 0 0 0 -56 90 12 -6 -14 38 73 45 555 2952 1164 36 -171 -171
1 19618 -108 -202 30 125 97 1400 -1 -2 -91 97 -46 -20 -10 N N N N 1518 585 9 -84 -84
1 19644 -153 -94 30 -7 -1 1 -91 0 -51 19 -4 -14 -11 39 78 41 555 1391 486 -23 -63 -63
1 19980 -154 30 4 1 1 -1 -105 0 14 -6 5 -68 -25 N N N N 1270 465 -7 -62 -62
1 17944 -163 67 -2 3 -1 -1 -70 4 32 -15 8 -25 -9 39 73 42 555 867 363 24 -54 -54
1 20799 -204 65 3 -3 0 0 0 0 29 -19 8 -18 -2 N N N N 1471 560 4 -77 -77
1 20015 -183 42 0 2 0 0 0 0 17 -13 4 -10 3 37 72 43 555 266 95 -4 -12 -12
1 19985 -217 60 2 -1 0 0 0 0 24 -21 8 -15 -4 N N N N -53 19 25 -8 -8
1 20014 -194 63 -2 2 0 0 0 0 22 -25 4 -48 -17 39 70 45 555 175 92 16 -16 -17
1 19985 -199 -27 2 -4 0 0 0 0 -9 10 -1 -298 -90 N N N N 856 409 55 -65 -64
1 20016 -208 68 0 4 0 0 0 0 21 -28 5 -107 -34 38 73 42 555 1400 580 32 -84 -85
1 19985 -193 74 0 -1 0 0 0 0 19 -34 6 -109 -37 N N N N 1390 599 47 -89 -88
1 20015 -189 59 2 0 0 0 0 0 12 -29 4 -74 -29 38 72 45 554 1288 547 37 -79 -80
1 19985 -196 94 2 -1 0 0 0 0 13 -48 4 -71 -24 N N N N 1104 429 8 -57 -56
1 20015 -173 83 -4 1 0 0 0 0 4 -43 0 -82 -26 37 73 46 554 758 353 40 -54 -54
1 19984 -169 -3531 1 2 0 0 0 0 -1 -36 -1 -108 -25 N N N N 650 289 27 -43 -43
1 20016 -179 26 -1 -1 0 0 0 0 -2 -14 0 -196 -53 38 72 46 554 182 132 38 -24 -24
1 19985 -191 -18 0 -1 0 0 0 0 2 9 0 -67 -18 N N N N -135 14 40 -10 -10
1 20015 -182 -19 2 -1 0 0 0 0 1 10 1 -14 -7 41 71 48 554 -361 -103 20 10 10
1 19984 -178 -31 -6 2 0 0 0 0 1 17 0 -19 -2 N N N N -159 -43 10 3 3
1 25368 -199 3444 -43 -122 -55 -1396 -9 -2 3 51 -12 -71 -7 39 75 46 554 -437 -153 8 19 19
1 20514 -160 -215 -1 -1 0 0 0 0 -52 100 13 -234 -70 N N N N -1237 -403 39 44 44
1 20398 -155 -231 4 123 0 1394 0 2 -93 112 -51 -404 -105 38 73 51 553 -2659 -813 120 83 83
1 20779 -162 -164 -3 4 0 0 0 0 -82 32 -20 -165 -41 N N N N -1600 -531 48 61 61
1 20014 -173 -94 0 -1 0 0 0 0 -50 7 -10 -132 -27 38 72 54 553 482 258 47 -44 -45
1 19986 -175 -49 -1 -2 0 0 0 0 -26 1 -5 -195 -40 N N N N -34 62 46 -17 -16
1 20015 -164 -92 -1 1 0 0 0 0 -49 -5 -10 -312 -65 38 74 56 553 41 106 56 -24 -24
1 19985 -154 -69 2 -1 0 0 0 0 -37 -9 -5 -473 -101 N N N N -358 59 121 -32 -33
1 20015 -168 17 0 1 0 0 0 0 9 3 1 -277 -91 39 76 67 552 -705 -138 82 3 3
1 19986 -162 -59 -1 1 0 0 0 0 -30 -9 -7 -1716 -518 N N N N 914 645 183 -120 -119
1 20014 -134 -142 -2 -2 0 0 0 0 -67 -35 -11 -1308 -410 39 84 72 552 2624 1790 477 -321 -321
1 19985 -141 -39 -2 0 0 0 0 0 -17 -12 -2 -571 -190 N N N N 3759 1859 242 -278 -278
1 20016 -134 25 -2 -3 0 0 0 0 11 8 3 -183 -90 41 88 91 551 2706 1343 173 -197 -197
1 19984 -135 33 -1 3 0 0 0 0 15 9 3 -45 -27 N N N N 1628 766 76 -106 -106
1 20015 -138 63 -2 -2 0 0 0 0 29 17 6 -85 -33 43 87 99 551 949 409 23 -54 -54
1 19985 -135 81 -2 1 0 0 0 0 41 16 7 -17 -12 N N N N 926 416 31 -55 -55
1 20015 -131 110 5 -1 0 0 0 0 57 13 10 -72 -24 44 93 101 551 461 198 10 -25 -25
1 19985 -144 133 0 1 0 0 0 0 72 2 13 -146 -38 N N N N 336 205 43 -32 -32
1 18726 -122 85 -4 1 -1 0 -47 -4 46 -7 7 -157 -37 42 93 103 550 775 373 40 -52 -52
1 26683 -185 194 0 121 1 1386 -27 2 95 -23 -36 -21 -2 N N N N 709 349 41 -48 -48
1 18786 -127 213 15 -102 93 -1400 1 -2 81 -90 67 -44 -7 43 93 106 550 299 151 20 -21 -21
1 36215 -350 219 45 -15 0 0 -81 4 35 -108 37 -95 -38 N N N N 564 228 4 -27 -27
1 20015 -193 -47 -2 0 0 0 0 0 -6 24 -3 -238 -86 42 95 114 549 344 203 39 -31 -31
1 19986 -219 -99 1 0 0 0 0 0 -20 48 -6 -137 -46 N N N N 594 316 47 -45 -45
1 20014 -206 -111 -1 -1 0 0 0 0 -33 48 -9 -144 -21 43 96 118 549 298 195 45 -31 -31
1 19984 -204 -49 0 -3 0 0 0 0 -16 19 -4 -70 -19 N N N N -135 34 50 -13 -13
1 20017 -209 54 2 6 0 0 0 0 17 -20 5 -168 -11 43 97 115 548 238 180 49 -30 -30
1 19983 -232 -6 0 -2 0 0 0 0 -1 2 -1 -121 -2 N N N N 22 71 35 -14 -14
1 20017 -225 -60 0 0 0 0 0 0 -22 23 -7 -44 2 46 94 114 548 58 67 26 -12 -12
1 19984 -216 -58 -5 -1 0 0 0 0 -22 20 -5 -648 -104 N N N N 77 90 34 -17 -17
1 20016 -217 193 2 -1 0 0 0 0 67 -76 19 -385 -55 44 93 108 547 370 515 210 -97 -97
1 19984 -200 142 -1 -2 0 0 0 0 32 -68 8 -33 -8 N N N N 730 395 61 -56 -56
1 20015 -196 60 -4 3 0 0 0 0 8 -30 2 -35 -9 43 92 110 547 348 189 28 -26 -26
1 19985 -205 38 3 0 0 0 0 0 2 -20 1 0 2 N N N N 338 151 10 -19 -19
1 10016 -96 34 -2 -1 0 0 0 0 3 -18 0 -3 1 45 94 112 546 -71 -31 -2 4 4
1 9983 -110 -3545 1 -2 0 0 0 0 0 -30 0 -31 0 N N N N 139 60 3 -7 -7
1 10016 -95 66 3 0 0 0 0 0 -4 -34 0 -24 1 45 98 118 546 203 89 5 -11 -11
1 9985 -102 60 -3 2 0 0 0 0 -6 -31 -2 -20 1 N N N N 37 26 6 -4 -4
1 13550 -124 55 -23 -121 -35 -1379 -3 -2 -4 -56 -37 -79 -5 43 96 112 546 172 98 17 -14 -14
1 10982 -85 -65 -7 -4 0 0 0 0 14 32 4 -59 -5 N N N N 160 86 13 -12 -12
1 10015 -87 -120 -3 0 0 0 0 0 8 61 15 -41 -4 45 95 110 546 93 77 23 -13 -13
1 11394 -98 3472 2 0 0 0 0 0 -5 66 12 -48 -9 N N N N 176 98 15 -13 -13
1 10018 -91 -126 -1 0 0 0 0 0 -20 63 9 -36 -8 45 101 110 545 58 52 17 -9 -9
1 12397 -100 -157 -1 4 0 0 0 0 -46 70 7 -45 -9 N N N N 203 108 15 -15 -15
1 10017 -86 -127 1 -2 0 0 0 0 -49 47 -3 -34 -12 45 96 109 545 113 67 12 -9 -9
1 13947 -115 -145 11 120 0 1391 0 2 -71 66 -58 -47 -14 N N N N 421 193 15 -24 -24
1 10813 -86 -43 -5 1 0 0 0 0 -20 9 -7 -28 -6 45 97 109 544 104 49 4 -7 -7
1 9986 -85 2 -2 0 0 0 0 0 1 0 0 -9 -4 N N N N 135 63 5 -8 -8
1 10015 -87 26 -3 0 0 0 0 0 14 -5 2 -12 0 45 101 110 544 125 61 6 -7 -7
1 9983 -84 48 1 0 0 0 0 0 23 -10 6 -5 -4 N N N N 99 48 5 -7 -7
1 10017 -84 54 0 0 0 0 0 0 26 -14 5 -5 -1 46 97 108 544 128 55 3 -6 -6
1 9985 -78 61 0 0 0 0 0 0 28 -17 4 -11 -1 N N N N 6 10 4 -2 -2
1 10017 -91 75 1 0 0 0 0 0 30 -26 7 -7 1 45 96 108 544 185 77 2 -9 -9
1 9983 -87 60 3 -1 0 0 0 0 22 -23 5 -7 -4 N N N N 76 34 2 -4 -4
1 10016 -83 62 -2 1 0 0 0 0 18 -27 8 -23 -3 45 98 108 544 115 51 3 -6 -6
1 9983 -79 52 0 0 0 0 0 0 15 -23 2 -16 -4 N N N N 72 39 6 -5 -5
1 10017 -84 37 0 0 0 0 0 0 10 -17 0 -25 -10 45 99 107 543 91 51 8 -7 -7
1 9984 -93 24 -4 0 0 0 0 0 5 -12 1 -7 -5 N N N N 196 85 4 -10 -10
1 10016 -81 21 -1 0 0 0 0 0 3 -11 2 -24 -6 44 104 107 543 22 27 10 -5 -5
1 9983 -85 21 6 0 0 0 0 0 4 -10 0 -15 -9 N N N N 61 33 5 -5 -5
1 10017 -89 25 -4 0 0 0 0 0 3 -13 2 -27 -10 47 100 108 543 44 26 5 -3 -3
1 9984 -71 13 5 1 0 0 0 0 2 -6 -1 -64 -26 N N N N -12 14 10 -4 -4
1 10016 -99 13 -3 -8 0 0 0 0 1 -9 2 -28 -20 42 95 105 542 182 91 10 -12 -12
1 9984 -80 0 1 7 0 0 0 0 1 2 -2 -15 1 N N N N -68 -18 5 1 1
1 10015 -87 -21 -10 -22 0 0 0 0 0 5 -3 -40 -9 45 98 105 542 -41 13 17 -4 -4
1 9984 -78 -2 6 16 0 0 0 0 -3 5 4 -29 -9 N N N N 24 16 4 -3 -3
1 10017 -82 58 12 -3 0 0 0 0 2 -31 8 -5 -4 47 97 101 542 -7 8 5 -1 -1
1 9985 -82 -26 -12 11 0 0 0 0 3 17 -11 -13 -4 N N N N -48 -10 5 0 0
1 10015 -69 -17 0 -2 0 0 0 0 -2 8 1 -46 -11 44 97 101 542 33 29 9 -5 -5
1 9984 -83 22 10 -5 0 0 0 0 -1 -13 6 -3 -5 N N N N -13 16 12 -4 -4
1 10016 -96 34 -19 9 0 0 0 0 7 -15 -9 -21 -3 44 97 100 542 4 13 7 -2 -2
1 9984 -88 -82 22 -7 0 0 0 0 -14 40 9 -59 -16 N N N N 65 31 2 -4 -4
1 10015 -89 -59 -29 8 0 0 0 0 -1 32 -20 -35 -9 45 96 99 541 -67 9 20 -5 -5
1 9985 -85 -21 19 -8 0 0 0 0 -11 8 14 -3 -6 N N N N -72 -23 4 2 2
1 10016 -65 -98 -1 -9 0 0 0 0 -24 43 -5 -6 -1 46 100 99 541 118 56 5 -7 -7
1 9983 -72 -36 4 29 0 0 0 0 -12 23 -10 -33 -10 N N N N 19 14 3 -2 -2
1 7808 -69 4 -7 1 0 2 1 0 4 -2 -6 -12 -4 45 97 99 541 -182 -57 9 4 4
1 12195 -127 21 -5 -16 0 -2 -1 0 7 -12 8 14 3 N N N N 34 23 5 -3 -3
1 10014 -78 -38 -4 -2 0 0 0 0 -12 15 -2 -16 -4 43 97 97 541 83 32 -1 -3 -3
1 9984 -75 1 6 8 0 0 0 0 -2 1 -2 -24 -7 N N N N 20 8 0 -1 -1
1 10017 -71 3 -1 -9 0 0 0 0 -2 -5 12 -9 -2 43 92 97 540 -31 6 11 -3 -3
1 9982 -78 59 18 16 0 0 0 0 16 -20 2 13 1 N N N N -153 -63 -1 7 7
1 10017 -76 5 -25 -16 0 0 0 0 6 -7 -3 1 2 45 98 97 540 155 70 4 -8 -8
1 9983 -70 31 5 -1 0 0 0 0 7 -14 4 4 3 N N N N 7 1 -1 0 0
1 10015 -73 50 3 -9 0 0 0 0 14 -25 2 2 -1 43 95 96 540 -38 -16 0 2 2
1 9985 -76 65 14 9 0 0 0 0 9 -30 4 2 -1 N N N N 69 25 -2 -3 -3
1 10016 -78 48 -8 7 0 0 0 0 4 -23 5 -7 1 43 94 98 540 6 6 2 -1 -1
1 9983 -92 -11 -17 -16 0 0 0 0 7 2 -11 22 5 N N N N 64 28 2 -3 -3
1 10017 -102 63 36 17 0 0 0 0 -3 -28 12 5 2 45 94 99 540 -74 -30 0 3 3
1 9985 -85 -3479 8 48 0 0 0 0 8 -53 -11 -14 -3 N N N N 125 38 -7 -3 -3
1 10016 -57 3538 -180 -68 0 0 0 0 31 19 -89 152 10 44 96 99 540 49 2 -10 2 2
