version: 66.14
glider: 195
mission: 21
dive: 252
start: 6 8 105 10 27 31
columns: rec,elaps_tms,depth,heading,pitch,roll,AD_pitch,AD_roll,AD_vbd,GC_phase,mag.x,mag.y,mag.z,sbect.TempFreq,sbect.CondFreq,wlbb2fl.sig470nm,wlbb2fl.sig700nm,wlbb2fl.sig695nm,wlbb2fl.temp,aa4330.O2,aa4330.AirSat,aa4330.Temp,aa4330.CalPhase,aa4330.TCPhase,
data:
0 17279 65 1127 -507 -72 121 2212 1062 6 -28 -342 70 172294 135347 44 99 88 530 249932 97657 25424 29279 30685
1 9983 -17 -144 1 92 0 0 0 0 59 3 -2 -90 1 N N N N 565 65 -87 8 8
1 10016 10 46 -165 55 0 0 0 0 -11 7 22 98 -1 43 94 90 530 -1028 -121 156 -15 -15
1 9985 -3 -1 146 -1 0 0 0 0 -13 5 13 101 1 N N N N 511 132 -38 -8 -8
1 10013 -8 5 -38 -91 0 0 0 0 11 -17 -42 -120 -2 44 93 97 530 1415 388 -91 -26 -26
1 9986 15 61 -86 -26 0 0 0 0 3 3 8 131 2 N N N N -1110 -341 52 28 28
1 8680 12 -25 3 -29 -1 0 13 -4 12 -4 -23 -205 -2 44 87 94 530 -595 -122 61 3 3
1 10018 -14 48 51 138 0 -1 255 0 -36 32 86 -18 -2 N N N N -4200 -404 702 -83 -83
1 10007 37 5 -106 -122 0 2 257 0 39 -24 -59 -7 -1 43 91 89 529 7044 1962 -456 -135 -135
1 10031 26 -130 -32 210 0 0 258 0 8 17 35 -5 1 N N N N -6963 -761 1117 -118 -118
1 9916 7 77 113 -214 0 0 275 0 -24 -27 -57 -6 1 43 86 95 529 259 372 151 -68 -68
1 10111 39 165 -77 -56 -1 -1 268 0 0 17 45 39 1 N N N N 85 125 51 -22 -22
1 9907 75 -90 -52 -1 0 -1 265 0 23 -13 -48 -78 -8 43 85 115 529 176 102 17 -15 -15
1 16889 292 -240 96 117 1057 2 185 -1 21 -5 -45 -37 -15 N N N N 86 88 30 -15 -15
1 8927 186 -68 337 14 1485 -1 134 1 -7 3 25 -7 -1 43 88 88 529 -158 -39 14 2 2
1 10108 179 42 130 10 0 208 434 1 -35 1 32 2 -1 N N N N 39 29 8 -4 -4
1 15423 258 -140 -15 129 -9 1196 1 1 72 30 31 -25 -11 43 88 87 529 84 51 9 -8 -8
1 10456 178 -98 9 -11 0 0 0 0 45 9 -29 2 -1 N N N N -108 -30 8 2 2
1 10016 161 -113 -16 9 0 0 0 0 51 25 -25 2 2 42 84 87 529 47 25 3 -3 -3
1 10865 187 -164 14 -5 0 0 0 0 60 55 -30 0 -1 N N N N -34 -11 2 1 1
1 10016 166 -118 9 -11 0 0 0 0 32 49 -22 -17 -7 43 86 89 529 -23 -6 2 0 0
1 10455 136 -159 -8 -1 0 0 0 0 25 75 -27 1 -1 N N N N 49 25 3 -3 -3
1 10016 156 3488 -1 -11 0 0 0 0 4 57 -15 0 1 42 85 88 529 -78 -30 1 3 3
1 10455 166 -117 9 14 0 0 0 0 -9 60 -9 1 -3 N N N N 90 38 1 -4 -4
1 10046 140 -136 -30 6 0 0 0 0 -26 63 -20 8 3 47 88 86 529 -93 -40 -2 4 4
1 10777 157 -122 14 -14 0 0 0 0 -36 56 9 8 5 N N N N 86 40 3 -4 -4
1 10016 148 -117 -5 5 0 0 0 0 -44 44 0 37 15 45 87 89 529 71 21 -4 -2 -2
1 10866 144 -109 10 8 0 0 0 0 -48 33 9 -36 -15 N N N N -38 -29 -8 5 5
1 9916 109 -107 3 -99 50 -1437 4 0 -52 23 61 26 5 44 87 86 529 -63 -20 3 1 1
1 9609 121 -23 25 -32 -1 -1 -1 2 -14 2 22 -8 3 N N N N 54 23 1 -2 -2
1 10843 111 -111 -9 1 0 0 0 0 -57 8 13 58 23 43 88 92 529 -28 -14 -2 1 1
1 9985 139 -107 -4 -12 0 0 0 0 -53 -5 28 19 7 N N N N -53 -38 -9 6 6
1 10016 131 -14 4 9 0 0 0 0 -8 0 -3 -10 -3 42 107 91 529 122 40 -5 -3 -3
1 9983 131 -14 14 0 0 0 0 0 -11 0 -1 -26 -13 N N N N -75 -31 -1 3 3
1 10016 114 -55 -11 -10 0 0 0 0 -24 -10 18 75 30 44 88 89 529 -48 -18 1 2 2
1 9984 127 -11 0 12 0 0 0 0 -6 1 -6 -42 -9 N N N N 130 33 -11 -2 -2
1 10016 135 -22 0 -3 0 0 0 0 -11 -4 4 -63 -33 41 86 90 529 -34 -11 2 1 1
1 9985 131 -64 11 -7 0 0 0 0 -33 -14 11 58 27 N N N N -59 -2 12 -2 -2
1 10016 119 -86 -10 1 0 0 0 0 -36 -22 13 108 37 43 84 90 529 -17 -29 -13 6 6
1 9983 121 -72 5 1 0 0 0 0 -32 -22 5 46 22 N N N N 35 -8 -12 3 3
1 10016 119 -69 -3 5 0 0 0 0 -22 -25 10 47 11 41 89 93 529 68 0 -15 2 2
1 9984 121 -44 3 -1 0 0 0 0 -16 -17 4 -10 5 N N N N 85 10 -14 2 2
1 10016 122 -19 -4 -2 0 0 0 0 -4 -9 4 7 -2 44 86 100 529 11 -2 -3 1 1
1 9984 113 -9 2 2 0 0 0 0 -4 -3 -1 -7 -5 N N N N -16 -14 -5 2 2
1 10017 119 -4 -1 2 0 0 0 0 -1 -1 1 -4 -2 42 94 94 529 -42 -17 0 2 2
1 9984 115 -9 -3 3 0 0 0 0 -2 -3 0 -1 -4 N N N N 67 26 0 -3 -3
1 20015 236 -45 3 -1 0 0 0 0 -12 -20 5 5 7 42 86 94 529 15 6 -1 0 0
1 19984 239 -28 -2 -9 0 0 0 0 -8 -15 2 -5 -8 N N N N 75 27 -1 -3 -3
1 20017 227 2 2 8 0 0 0 0 1 3 -2 -25 -21 43 90 102 529 -183 -73 0 8 8
1 19983 250 -2 0 0 0 0 0 0 0 -1 2 -48 -26 N N N N -141 -33 14 1 1
1 20016 243 -22 0 -3 0 0 0 0 -6 -11 0 0 -5 41 90 98 529 -234 -87 4 9 9
1 19985 247 40 -2 -1 0 0 0 0 10 18 -2 -67 -40 N N N N -162 -42 13 2 2
1 20015 245 -22 1 0 0 0 0 0 -5 -10 3 28 6 40 87 95 529 -177 -60 6 5 5
1 25048 312 120 7 -122 1 -1332 0 -2 31 17 22 -5 -14 N N N N -373 -159 -5 19 19
1 20013 236 291 1 2 0 0 0 0 117 98 -16 3 -9 43 85 98 529 -432 -168 4 17 17
1 20455 246 275 1 -2 0 0 0 0 140 32 -34 2 -2 N N N N -417 -171 -2 20 20
1 20016 243 275 1 2 0 0 0 0 136 -33 -47 5 -7 41 86 92 529 -27 -11 0 1 1
1 27514 303 171 26 120 43 1374 0 2 69 -44 -59 194 57 N N N N -482 -239 -26 31 31
1 20016 192 -69 -4 -2 0 0 0 0 -26 25 6 145 46 42 83 83 528 -745 -371 -40 48 48
1 19983 197 -105 1 -4 0 0 0 0 -46 32 10 139 55 N N N N -810 -393 -39 51 51
1 20016 188 -152 -1 4 0 0 0 0 -74 31 17 444 168 43 94 80 529 -576 -365 -76 54 54
1 19984 191 -80 3 -3 0 0 0 0 -42 8 11 763 288 N N N N -267 -407 -172 77 77
1 20015 174 -97 -4 2 0 0 0 0 -51 2 11 341 90 42 78 80 528 -706 -549 -154 90 90
1 19986 162 -48 5 -1 0 0 0 0 -26 -2 6 186 12 N N N N -1512 -746 -82 100 100
1 20015 169 -20 3 -2 0 0 0 0 -11 -1 4 705 181 42 85 75 528 -1426 -712 -85 98 98
1 19985 149 -107 2 4 0 0 0 0 -55 -14 10 910 285 N N N N -1030 -818 -240 140 140
1 20016 172 -45 -2 2 0 0 0 0 -21 -9 6 220 98 40 77 70 528 -1970 -1100 -189 165 165
1 19982 170 -60 3 1 0 0 0 0 -29 -13 6 54 33 N N N N -1507 -713 -70 98 98
1 20017 164 -47 0 0 0 0 0 0 -21 -13 4 20 16 38 76 70 529 -1013 -454 -32 61 61
1 19983 183 -72 0 -2 0 0 0 0 -30 -23 8 44 20 N N N N -438 -205 -20 29 29
1 20017 175 -133 -1 2 0 0 0 0 -46 -51 11 28 6 40 80 68 528 -231 -114 -14 16 16
1 19985 178 -88 0 0 0 0 0 0 -24 -38 6 8 4 N N N N -407 -176 -9 23 23
1 20016 176 -39 1 -1 0 0 0 0 -10 -18 1 71 24 41 78 66 529 -210 -99 -11 15 15
1 23863 207 -28 -5 -123 1 -1369 0 -2 -4 -47 22 762 212 N N N N -412 -260 -59 42 42
1 20017 190 30 3 4 0 0 0 0 6 15 1 1504 412 41 74 65 529 -3238 -1771 -304 278 278
1 20514 183 149 2 -2 0 0 0 0 38 67 2 1915 587 N N N N -7009 -3298 -354 493 493
1 20016 186 332 26 5 0 0 0 0 136 105 -16 2056 658 37 78 59 529 -5315 -2899 -542 496 496
1 20453 167 319 -5 -1 0 0 0 0 169 17 -28 1457 492 N N N N -5290 -2887 -569 518 518
1 20090 169 278 -4 30 -2 210 -1 0 134 -52 -48 1015 378 41 74 57 528 -4336 -2281 -431 420 421
1 19912 147 173 -8 89 -4 1165 1 2 61 -59 -51 550 208 N N N N -2655 -1280 -193 232 231
1 20014 154 35 2 -1 0 0 0 0 10 -16 0 1533 471 39 70 59 529 -2283 -1103 -171 204 204
1 19984 142 16 1 1 0 0 0 0 4 -7 0 1212 333 N N N N -2639 -1546 -396 323 323
1 20018 133 -24 0 -1 0 0 0 0 -6 11 1 1391 434 38 71 54 529 -5657 -2503 -292 465 465
1 19984 129 -111 2 -4 0 0 0 0 -35 47 9 1662 542 N N N N -6196 -2776 -368 544 544
1 20015 126 -137 4 3 0 0 0 0 -55 48 9 3259 991 38 71 53 529 -6350 -3054 -567 658 658
1 19983 101 1 2 -2 0 0 0 0 0 0 1 580 120 N N N N -4889 -2423 -526 559 559
1 20018 104 79 4 2 0 0 0 0 33 -26 -5 1285 437 37 69 48 529 -6608 -2719 -288 586 586
1 19984 104 155 -2 3 0 0 0 0 53 -63 -9 469 233 N N N N -4866 -2077 -293 479 479
1 20017 95 227 0 -3 0 0 0 0 41 -112 -6 956 311 39 68 48 529 -5452 -2207 -243 512 512
1 19983 94 75 2 1 0 0 0 0 3 -39 1 428 160 N N N N -4097 -1681 -214 408 408
1 20016 112 -52 -1 -3 0 0 0 0 -2 27 0 493 184 37 68 48 529 -2320 -918 -94 222 222
1 19982 112 -104 2 2 0 0 0 0 -10 54 2 543 190 N N N N -1887 -796 -126 205 205
1 20016 119 -127 0 -3 0 0 0 0 -27 61 3 1043 315 40 72 51 529 -1816 -837 -194 232 232
1 19984 103 -137 0 2 0 0 0 0 -44 58 7 2191 623 N N N N -2327 -1109 -291 319 319
1 20016 101 -72 0 -4 0 0 1 0 -28 26 5 1517 499 40 69 47 529 -2776 -1307 -344 382 382
1 19985 124 -38 5 1 0 0 0 0 -17 12 5 357 173 N N N N -2517 -1184 -322 356 356
1 20017 103 -20 4 -2 0 0 0 0 -9 6 3 431 172 40 69 47 530 -2517 -1037 -182 294 294
1 19983 124 -48 -2 0 0 0 0 0 -22 13 4 481 157 N N N N -1938 -801 -148 233 233
1 20017 120 -121 -5 1 0 0 0 0 -60 24 10 768 168 38 69 50 530 -1189 -506 -107 151 151
1 19984 110 -100 1 1 0 0 0 0 -53 10 9 275 177 N N N N -424 -351 -222 138 138
1 20016 103 -168 1 2 0 0 0 0 -90 -2 14 2363 332 38 71 47 530 -1890 -809 -186 249 249
1 19985 100 -129 12 0 0 0 0 0 -68 -19 10 931 512 N N N N -1222 -746 -368 275 275
1 20014 106 -60 -1 -3 0 0 0 0 -29 -14 7 201 364 38 68 46 530 -1933 -855 -233 278 278
1 19986 107 -75 2 4 0 0 0 0 -34 -20 3 2671 621 N N N N -2190 -1006 -316 340 340
1 20015 101 -114 -1 0 0 0 0 0 -46 -38 8 257 213 37 70 48 530 -2578 -1122 -314 377 377
1 19982 94 -90 -5 -4 0 0 0 0 -29 -37 7 196 139 N N N N -2191 -809 -107 249 249
1 20018 95 -60 -1 4 0 0 0 0 -16 -26 2 601 193 38 70 47 531 -1362 -530 -100 172 172
1 19982 100 -58 -1 -1 0 0 0 0 -12 -27 5 1281 347 N N N N -1007 -429 -120 149 149
1 20016 92 -112 0 2 0 0 0 0 -18 -54 3 297 128 38 70 43 531 -1166 -530 -185 193 193
1 26516 148 51 -76 -120 -110 -1375 1 -2 28 -11 47 1223 306 N N N N -1541 -671 -210 241 241
1 20604 138 207 -8 0 0 0 0 0 49 96 6 1639 467 39 71 45 531 -1322 -630 -256 241 241
1 21220 140 169 6 -1 0 0 0 0 60 64 -7 1013 371 N N N N -1358 -685 -316 273 273
1 20603 126 209 2 -4 0 0 0 0 96 51 -19 1030 364 38 69 43 532 -2401 -975 -270 353 353
1 21220 144 270 3 4 0 0 0 0 139 17 -41 775 286 N N N N -4241 -1561 -291 548 548
1 23385 150 285 -4 31 -2 207 0 0 135 -50 -62 2099 624 37 67 44 532 -6948 -2429 -343 855 855
1 17087 80 119 62 89 82 1166 0 2 40 -39 -23 501 202 N N N N -5382 -1812 -194 650 650
1 20014 77 77 -3 -3 0 0 0 0 25 -33 -4 917 245 38 68 44 532 -5432 -1758 -104 635 635
1 19985 93 -58 0 -2 0 0 0 0 -18 25 3 928 241 N N N N -4931 -1593 -100 594 594
1 20018 91 -116 0 1 0 0 0 0 -42 45 7 610 190 38 70 44 532 -5213 -1706 -160 670 670
1 19981 82 -123 6 -1 0 0 0 0 -55 37 12 305 125 N N N N -4501 -1469 -149 596 596
1 20017 94 -126 4 0 0 0 0 0 -63 25 13 367 95 37 70 42 533 -3958 -1278 -118 531 531
1 19985 103 -131 -1 2 0 0 0 0 -69 12 12 401 119 N N N N -2671 -895 -157 394 394
1 20016 95 -154 4 -2 0 0 0 0 -83 -7 15 221 89 39 70 40 533 -3671 -1171 -104 507 507
1 19984 84 -168 -3 0 0 0 0 0 -83 -30 16 654 125 N N N N -3789 -1196 -92 528 528
1 20016 91 -159 2 0 0 0 0 0 -69 -48 12 360 117 39 68 42 534 -2748 -882 -107 405 405
1 19982 80 -168 -1 2 0 0 0 0 -54 -67 10 198 86 N N N N -2215 -710 -95 332 332
1 20016 78 -153 -1 -2 0 0 0 0 -30 -73 6 955 152 36 68 41 534 -1285 -414 -62 198 198
1 19985 73 -130 -1 0 0 0 0 0 -10 -66 2 350 165 N N N N -1184 -408 -134 208 208
1 20016 76 -152 4 0 0 0 0 0 8 -77 -2 221 116 40 67 43 535 -1034 -364 -145 192 192
1 19984 69 -181 4 3 0 0 0 0 36 -84 -7 153 104 N N N N -1094 -348 -51 169 169
1 27131 113 -168 -15 -120 0 -1373 1 -2 61 -86 -52 108 87 41 71 42 535 -1726 -530 -30 253 253
1 20751 78 -15 4 5 0 0 0 0 4 -4 -3 546 158 N N N N -1018 -301 16 139 139
1 20015 69 124 -4 -2 0 0 0 0 -43 43 18 370 94 38 68 44 535 -521 -191 -105 108 108
1 21218 93 151 4 1 0 0 0 0 -41 64 20 132 70 N N N N -416 -170 -138 103 103
1 20016 81 129 -4 -1 0 0 0 0 -19 60 17 346 59 35 70 40 536 -515 -176 -70 96 96
1 20456 80 97 2 2 0 0 0 0 -5 49 10 284 174 N N N N -384 -141 -82 81 81
1 20016 75 135 2 0 0 0 0 0 8 68 11 724 157 38 68 41 536 -399 -153 -108 91 91
1 20454 102 209 2 1 0 0 0 0 44 98 9 725 193 N N N N -376 -152 -130 94 94
1 20015 96 174 -2 -2 0 0 0 0 63 66 3 360 105 46 65 42 537 81 -14 -120 26 26
1 20457 80 159 -1 -3 0 0 0 0 73 43 -5 252 45 N N N N 340 79 -69 -27 -27
1 20016 106 161 1 4 0 0 0 0 83 25 -12 240 95 38 69 41 537 270 62 -55 -20 -20
1 20512 92 148 0 -2 0 0 0 0 79 3 -14 31 48 N N N N 509 140 -35 -61 -61
1 20015 100 152 1 2 0 0 0 0 78 -17 -19 -62 62 37 68 43 537 598 162 -44 -70 -70
1 22723 136 176 -56 122 -75 1377 0 2 84 -30 -89 227 16 N N N N 525 150 -14 -69 -69
1 20807 133 33 -4 -7 0 0 0 0 13 -12 -4 271 81 40 66 43 538 -1209 -359 -10 172 172
1 19985 135 -65 -2 3 0 0 0 0 -26 22 6 187 59 N N N N -949 -268 37 123 123
1 20016 121 -88 -1 -2 0 0 0 0 -39 25 11 174 64 39 67 43 539 -722 -212 2 101 101
1 19985 149 -98 2 1 0 0 0 0 -47 21 12 266 68 N N N N -648 -197 -20 99 99
1 20015 140 -106 -1 -1 0 0 0 0 -54 12 16 473 125 37 68 42 539 -476 -159 -59 86 86
1 19984 148 -70 1 3 0 0 0 0 -36 3 11 209 79 N N N N 773 204 -79 -86 -86
1 20016 144 -77 -3 -2 0 0 0 0 -40 -2 12 413 99 39 69 41 539 1680 484 -30 -228 -228
1 19984 153 -25 2 1 0 0 0 0 -13 -2 4 240 77 N N N N -680 -216 -53 112 112
1 20016 146 40 1 -2 0 0 0 0 20 2 -6 182 63 38 67 41 540 -509 -159 -32 82 82
1 19984 144 61 0 1 0 0 0 0 32 2 -10 77 43 N N N N -40 -27 -48 20 20
1 80002 583 230 1 1 0 0 0 0 117 -25 -33 580 177 N N N N 1999 543 -132 -238 -238
1 79997 509 -306 -2 0 0 0 0 0 -156 23 45 636 202 N N N N 5523 1542 -192 -687 -687
1 90180 449 516 52 1 52 -12 -1 0 245 -84 -51 1378 402 N N N N 9409 2581 -360 -1081 -1081
1 79999 373 38 -2 -2 0 0 0 0 14 -15 -1 222 84 N N N N 6580 1884 -21 -790 -790
1 80001 385 -248 4 1 0 0 0 0 -108 76 19 1037 284 N N N N 2937 762 -174 -279 -279
1 79999 363 -8 2 1 0 0 0 0 -4 2 0 318 115 N N N N 2101 540 -124 -194 -194
1 80014 344 -19 -1 -1 0 0 0 0 -9 4 3 204 64 38 69 44 545 3789 1051 -61 -404 -404
1 79986 343 21 1 -1 -1 1 -1 0 10 -5 -2 248 66 N N N N 3749 1040 -55 -392 -392
1 80000 323 -222 2 0 0 0 0 0 -116 24 24 202 63 N N N N 2989 818 -61 -298 -298
1 80000 376 -27 7 1 0 0 0 0 -16 0 0 230 60 N N N N -2168 -656 -70 262 262
1 79998 425 -136 1 -3 0 0 0 0 -72 -11 16 272 66 N N N N -2401 -710 -51 282 282
1 89001 535 616 -26 3 -7 6 -3 0 307 -81 -64 332 93 N N N N 2031 527 -90 -185 -185
1 80000 480 160 23 -3 0 0 0 0 49 -68 3 513 155 N N N N -1018 -336 -89 146 146
1 80000 467 -435 1 -1 0 0 0 0 -175 144 29 46 16 N N N N 124 18 -31 -1 -1
1 80015 446 -478 -2 0 0 0 0 0 -248 -21 45 307 81 37 72 41 549 -460 -156 -49 70 70
1 79986 434 -514 4 0 0 0 0 0 -158 -207 29 128 38 N N N N -927 -276 -27 112 112
1 84881 492 489 -12 -112 1 -1379 -2 -2 148 175 23 71 34 N N N N -618 -191 -32 80 80
1 84940 532 792 -84 117 -74 1376 -1 2 392 -28 -159 292 68 N N N N -638 -202 -42 87 87
1 80000 604 -136 24 0 0 0 0 0 -55 46 25 346 100 N N N N -2351 -680 -35 274 274
1 80000 616 15 0 -3 0 0 0 0 7 -4 -1 175 54 N N N N -2078 -602 -36 246 246
1 80000 611 -53 -1 3 0 0 0 0 -23 15 7 156 41 N N N N 265 60 -30 -18 -18
1 80001 586 -24 0 0 0 0 0 0 -11 6 3 367 111 N N N N 911 229 -53 -82 -82
1 80015 492 -143 45 2 47 0 -4 0 -75 26 27 255 73 36 70 42 551 4201 1146 -60 -439 -439
1 79984 445 -243 0 -1 0 0 0 0 -129 3 28 182 57 N N N N 801 201 -43 -70 -70
1 80000 465 -285 -1 -1 0 0 0 0 -136 -60 31 150 46 N N N N -70 -41 -40 24 24
1 80000 473 -141 4 0 0 0 0 0 -53 -52 12 201 58 N N N N 336 76 -34 -23 -23
1 86354 527 543 -5 -118 0 -1365 -2 -2 252 96 3 115 25 N N N N -9278 -2613 -47 1046 1046
1 81409 491 592 0 115 -5 1368 -1 2 260 -129 -117 138 39 N N N N -5720 -1604 -21 670 670
1 80003 448 -10 -7 4 0 0 0 0 -2 4 0 265 74 N N N N -2005 -575 -38 251 251
1 79999 455 -292 4 -2 0 0 0 0 -111 107 23 245 73 N N N N -1588 -459 -41 205 205
1 80016 446 -284 -2 2 0 0 0 0 -144 40 33 186 57 36 71 41 553 -3078 -874 -44 389 389
1 79985 474 -262 2 2 0 0 0 0 -135 -27 31 253 70 N N N N -1669 -477 -35 217 217
1 84997 570 575 0 -121 0 -1376 -3 -2 293 -34 -16 158 50 N N N N -964 -292 -63 141 141
1 84237 550 248 -2 119 -8 1378 -1 2 92 -79 -71 151 41 N N N N 420 113 -11 -48 -48
1 80002 532 -174 0 0 0 0 0 0 -60 69 13 189 57 N N N N 1490 400 -34 -172 -172
1 79999 557 -337 -3 -1 0 0 0 0 -163 69 37 299 88 N N N N 826 206 -58 -81 -81
1 80000 547 -344 1 0 0 0 0 0 -177 -32 42 240 68 N N N N -3056 -862 -44 390 390
1 84095 599 663 1 -87 4 -1167 -2 -3 332 -39 -43 285 80 N N N N -3395 -961 -65 446 446
1 79568 555 302 -7 85 -11 1162 0 3 95 -119 -58 174 53 38 70 44 554 -2743 -765 -27 358 358
1 79985 567 2 0 3 0 0 0 0 0 -1 0 237 68 N N N N -1397 -397 -38 193 193
1 79999 585 -269 2 1 0 0 0 0 -80 116 18 211 63 N N N N -1735 -493 -47 240 240
1 79999 584 -287 -1 -1 0 0 0 0 -134 69 32 431 121 N N N N -2747 -774 -64 381 381
1 80002 592 -215 1 0 -1 0 -2 0 -114 5 27 232 72 N N N N -3654 -1020 -60 508 508
1 79999 562 -135 0 2 0 0 0 0 -68 -18 18 172 49 N N N N -2321 -645 -33 327 327
1 79999 554 -192 2 0 0 0 0 0 -87 -50 21 79 23 N N N N -823 -230 -19 119 119
1 80000 551 -53 -3 -1 0 0 0 0 -21 -18 5 323 91 N N N N -1511 -426 -52 223 223
1 85177 585 553 2 -118 1 -1367 -2 -2 268 66 -7 293 85 N N N N -1554 -441 -67 235 235
1 82766 519 476 21 118 23 1374 -1 2 206 -112 -98 225 68 N N N N -3631 -1000 -42 528 528
1 79997 442 -169 -1 -2 0 0 0 0 -60 66 12 175 51 N N N N -1487 -410 -22 220 220
1 80001 454 -248 0 -2 0 0 0 0 -118 59 23 160 41 N N N N -1589 -438 -27 238 238
1 79999 408 -274 -1 3 0 0 0 0 -145 4 31 340 103 N N N N -1924 -536 -68 299 299
1 80002 413 -346 -1 3 0 0 0 0 -158 -86 34 163 52 N N N N -1379 -382 -42 214 214
1 83705 443 567 -3 -118 1 -1378 -2 -2 276 69 -3 42 9 N N N N -875 -241 -21 136 136
1 83647 422 511 -1 114 -6 1370 0 2 217 -131 -102 48 13 N N N N -230 -63 -3 35 35
1 80003 416 -115 0 1 0 0 0 0 -35 50 7 300 79 N N N N -788 -219 -31 125 125
1 79998 433 -191 0 -2 0 0 0 0 -79 64 16 308 90 N N N N 131 28 -51 -10 -10
1 80000 430 -56 1 0 0 0 0 0 -27 14 6 286 87 N N N N 978 257 -58 -135 -135
1 80000 439 -179 -2 4 0 0 0 0 -92 24 19 171 57 N N N N -2 -8 -44 10 10
1 85764 521 500 -4 -2 -7 -1 -2 0 222 -133 -47 362 105 N N N N -1637 -452 -64 258 258
1 80000 443 -130 1 -1 0 0 0 0 -45 52 9 575 166 N N N N -1702 -472 -98 276 276
1 80000 460 -336 -1 1 0 0 0 0 -158 79 35 247 72 N N N N -404 -115 -44 70 70
1 79999 460 -169 0 1 0 0 0 0 -90 2 20 291 85 N N N N 167 38 -57 -15 -15
1 80000 485 -175 0 -2 0 0 0 0 -90 -23 20 277 84 N N N N 870 226 -55 -121 -121
1 83589 519 521 -1 -119 0 -1363 -2 -2 269 -24 -8 213 65 N N N N 1068 278 -62 -148 -148
1 81470 511 191 -2 122 -8 1369 0 2 81 -46 -71 381 103 N N N N 439 113 -33 -59 -59
1 80002 520 -136 1 -2 0 0 0 0 -55 47 11 227 75 N N N N 376 92 -59 -44 -44
1 79997 535 -243 -2 -3 0 0 0 0 -121 45 27 22 8 N N N N 492 129 -16 -69 -69
1 80002 537 -230 -2 3 0 0 0 0 -121 -5 29 75 20 N N N N 452 118 -14 -64 -64
1 85424 623 572 -8 1 -8 -4 -2 0 284 -73 -69 153 43 N N N N -980 -266 -33 151 151
1 80811 582 253 4 0 0 0 0 0 76 -109 -14 575 157 N N N N -632 -180 -75 108 108
1 80000 588 -377 0 -1 0 0 0 0 -129 148 29 452 138 N N N N -1138 -315 -92 186 186
1 80000 564 -252 -1 -1 0 0 0 0 -127 41 29 244 70 N N N N -508 -141 -39 83 83
1 80000 573 -160 2 2 0 0 0 0 -84 -4 21 197 53 N N N N -700 -190 -38 111 111
1 84491 609 503 -1 -91 -1 -1166 0 -3 251 -72 -24 233 67 N N N N -1279 -346 -56 202 202
1 79097 508 214 24 85 25 1165 -1 3 71 -79 -41 376 103 N N N N -1130 -306 -52 179 179
1 79998 482 -91 -2 5 0 0 0 0 -27 40 5 156 52 N N N N 430 110 -41 -58 -58
1 80000 460 -118 0 -1 0 0 0 0 -44 45 8 128 38 N N N N 2726 716 -26 -401 -401
1 80003 458 -166 -1 2 0 0 0 0 -75 46 15 46 16 N N N N 1459 384 -15 -212 -212
1 79998 452 -272 2 -2 0 0 -2 0 -143 24 29 120 28 N N N N 223 57 -14 -29 -29
1 79999 410 -246 -4 0 0 0 0 0 -125 -33 27 141 39 N N N N 144 34 -27 -16 -16
1 80001 389 -186 0 -1 0 0 0 0 -79 -58 17 324 87 N N N N -781 -213 -48 123 123
1 80002 392 -158 3 2 0 0 0 0 -51 -64 10 195 58 N N N N 928 239 -36 -128 -128
1 83589 419 583 -5 -116 0 -1368 0 -2 253 133 5 132 41 N N N N -471 -130 -46 77 77
1 83350 422 637 4 117 -5 1369 0 2 287 -125 -117 178 45 N N N N -1797 -475 -19 267 267
1 80000 382 -22 -5 -2 0 0 0 0 -6 10 0 471 121 N N N N -2428 -644 -54 368 368
1 79999 390 -124 -2 3 0 0 0 0 -42 50 8 260 90 N N N N 2113 545 -72 -299 -299
1 80001 398 -187 3 -2 0 0 0 0 -82 57 16 303 85 N N N N -1203 -321 -48 185 185
1 80000 415 -198 0 2 0 0 0 0 -101 30 21 32 17 N N N N 19 2 -22 1 1
1 85000 477 453 -7 -3 -8 -1 -2 0 208 -113 -44 278 75 N N N N 267 64 -47 -31 -31
1 80002 455 -54 2 0 0 0 0 0 -20 21 4 235 68 N N N N 447 112 -40 -58 -58
1 79998 461 -273 1 1 0 0 0 0 -122 77 26 47 14 N N N N 185 46 -15 -24 -24
1 80000 489 -294 -3 -1 0 0 0 0 -155 11 34 591 155 N N N N 222 50 -66 -21 -21
1 80000 501 -173 4 2 0 0 0 0 -87 -28 20 260 86 N N N N 1753 446 -74 -239 -239
1 84520 566 665 -3 -88 0 -1148 1 -3 335 -41 -39 539 154 N N N N 4009 1026 -98 -547 -547
1 79071 524 155 -5 87 -7 1151 -2 3 57 -51 -49 170 50 N N N N 4804 1240 -30 -653 -653
1 79999 550 -200 2 -3 0 0 0 0 -77 73 16 192 57 N N N N 1463 371 -36 -189 -189
1 80001 558 -220 0 2 0 0 0 0 -107 46 24 67 15 N N N N 981 251 -15 -127 -127
1 79999 545 -157 -1 2 0 0 0 0 -83 6 20 332 89 N N N N 746 184 -44 -88 -88
1 85176 600 510 22 1 23 -3 -1 0 243 -98 -46 210 67 N N N N 2787 707 -59 -351 -351
1 80001 504 244 -2 -2 0 0 0 0 66 -110 -11 201 52 N N N N -304 -86 -30 48 48
1 79999 495 -35 -1 -1 0 0 0 0 -6 17 0 38 8 N N N N 2240 575 -10 -287 -287
1 80002 504 -142 -2 0 0 0 0 0 -36 66 7 184 45 N N N N -1344 -352 -21 179 179
1 80000 462 -67 2 1 0 0 0 0 -24 27 5 303 81 N N N N 1544 386 -52 -185 -185
1 79999 472 -281 1 -6 1 0 -1 0 -125 81 22 39 18 N N N N -1696 -442 -20 223 223
1 80001 469 -162 0 4 0 0 0 0 -85 16 17 267 68 N N N N -374 -105 -39 58 58
1 79998 458 -163 0 0 0 0 0 0 -87 -7 17 383 109 N N N N 3516 888 -61 -433 -433
1 80000 452 -81 -1 1 0 0 0 0 -41 -12 8 271 75 N N N N 5530 1405 -47 -673 -673
1 86578 500 650 -10 14 -5 7 -1 0 325 -63 -71 305 90 N N N N 2387 592 -64 -270 -270
1 80834 471 161 7 -12 0 0 0 0 53 -67 -4 309 75 N N N N -21 -16 -35 13 13
1 80000 459 -5 -2 -1 0 0 0 0 -1 2 1 312 97 N N N N 4753 1192 -66 -541 -541
1 80001 474 -70 1 2 0 0 0 0 -21 31 3 204 55 N N N N 323 72 -32 -28 -28
1 79999 467 -112 -2 -1 0 0 0 0 -41 43 8 257 72 N N N N -856 -235 -48 114 114
1 80001 466 -122 2 -2 0 0 -1 0 -54 37 10 156 42 N N N N 902 220 -29 -96 -96
1 79998 474 -136 1 3 0 0 0 0 -68 27 13 196 56 N N N N 2622 654 -36 -290 -290
1 80000 460 -239 -1 0 0 0 0 0 -127 7 26 101 30 N N N N 2928 736 -23 -324 -324
1 80001 461 -237 0 2 0 0 0 0 -118 -40 25 64 15 N N N N 1157 289 -12 -125 -125
1 84000 495 557 -5 -123 0 -1376 -1 -2 287 2 -5 228 57 N N N N 2439 604 -40 -257 -257
1 82236 448 258 3 119 -8 1373 1 2 110 -64 -76 68 21 N N N N -1341 -345 -12 152 152
1 80000 452 -201 -3 0 0 0 0 0 -83 67 15 313 77 N N N N 407 92 -28 -36 -36
1 80000 425 -26 -2 1 0 0 0 0 -12 7 2 184 58 N N N N 5643 1409 -51 -595 -595
1 80000 407 -224 -1 0 0 0 0 0 -115 31 24 132 36 N N N N 1474 363 -23 -148 -148
1 86764 478 439 -2 -2 -7 -7 -1 0 207 -100 -42 194 54 N N N N -495 -143 -41 66 66
1 80001 395 -27 0 2 0 0 0 0 -10 11 1 207 53 N N N N 1383 337 -26 -136 -136
1 79999 406 -272 0 0 0 0 0 0 -123 75 26 289 80 N N N N 1856 448 -46 -178 -178
1 80001 384 -232 0 -2 0 0 0 0 -123 14 27 86 24 N N N N 1897 468 -23 -188 -188
1 79999 397 -200 0 1 0 0 0 0 -102 -27 24 113 31 N N N N 692 164 -22 -63 -63
1 84294 432 473 -3 -118 0 -1366 -2 -2 246 -11 -1 87 23 N N N N 41 1 -19 2 2
1 81883 434 278 0 119 -9 1382 0 2 119 -70 -81 51 11 N N N N -358 -94 -8 40 40
1 80002 416 -205 -3 1 0 0 0 0 -84 69 17 136 33 N N N N 40 2 -17 2 2
1 79999 424 -139 2 0 0 0 0 0 -69 28 15 91 22 N N N N -720 -189 -18 81 81
1 80000 434 53 1 -3 0 0 0 0 27 -8 -5 191 47 N N N N -1258 -330 -28 140 140
1 79998 466 -20 -1 1 0 0 -1 0 -10 3 1 258 68 N N N N -1791 -469 -41 201 201
1 80001 462 -219 1 2 0 0 0 0 -115 17 27 229 62 N N N N -1817 -472 -38 204 204
1 79999 481 -215 -3 -1 0 0 0 0 -110 -26 26 108 30 N N N N -2235 -573 -25 246 246
1 80000 472 -141 2 -1 0 0 0 0 -65 -37 15 173 42 N N N N -721 -191 -27 86 86
1 84471 565 501 -5 -120 0 -1377 0 -2 253 37 0 140 31 N N N N -4829 -1221 -29 532 532
1 80233 494 508 26 116 24 1366 -1 2 209 -137 -93 203 54 N N N N -3119 -794 -34 356 356
1 80004 474 180 -1 3 0 0 0 0 30 -90 -5 282 69 N N N N -807 -215 -37 102 102
1 79998 493 32 -2 0 0 0 0 0 2 -17 0 145 47 N N N N 2464 602 -37 -262 -262
1 80000 504 -72 3 1 0 0 0 0 -7 38 0 81 20 N N N N 1343 330 -14 -142 -142
1 79998 493 -114 0 0 0 0 0 0 -19 57 4 171 45 N N N N 1022 245 -25 -104 -104
1 86884 567 -548 -9 2 -7 11 0 0 -225 170 38 78 20 N N N N 4092 1011 -23 -432 -432
1 79999 519 -157 1 -3 0 0 0 0 -84 3 18 35 7 N N N N 265 65 -2 -27 -27
1 80000 521 -288 -1 2 0 0 0 0 -144 -48 30 120 28 N N N N -14 -10 -18 7 7
1 79999 514 -247 3 -2 0 0 0 0 -92 -91 21 164 41 N N N N 2336 570 -27 -236 -236
1 80001 507 -228 -2 3 0 0 0 0 -43 -109 10 83 21 N N N N 2145 527 -17 -218 -218
1 84649 571 495 -2 -122 0 -1391 0 -2 145 176 18 92 22 N N N N -595 -158 -21 70 70
1 80784 538 702 0 38 -4 217 -1 -1 353 1 -89 73 13 N N N N -3954 -988 -12 418 418
1 79567 511 36 -5 82 -3 1168 0 3 16 -3 -39 94 23 N N N N -430 -111 -9 49 49
1 80000 513 -197 3 -1 0 0 0 0 -91 54 18 63 11 N N N N 27 3 -8 0 0
1 80000 507 -211 -1 4 0 0 0 0 -110 22 23 70 18 N N N N -3284 -822 -16 356 356
1 79998 500 -257 -2 -2 0 0 0 0 -133 -27 30 113 26 N N N N -695 -179 -17 81 81
1 86296 569 560 2 -121 0 -1386 0 -2 288 -31 -10 200 48 N N N N 418 90 -33 -34 -34
1 84764 534 275 -3 122 -8 1386 0 2 104 -87 -74 94 26 N N N N -384 -103 -21 48 48
1 80001 511 -72 -1 0 0 0 0 0 -21 32 4 76 16 N N N N -271 -70 -7 32 32
1 79999 510 -131 0 1 0 0 0 0 -51 48 11 142 36 N N N N -421 -115 -26 54 54
1 80000 503 -223 0 0 0 0 0 0 -106 53 22 58 12 N N N N -557 -142 -12 64 64
1 80000 501 -150 2 1 0 0 -1 0 -79 12 17 114 28 N N N N -249 -68 -18 33 33
1 80000 495 -206 -1 1 0 0 0 0 -108 -17 24 82 20 N N N N 347 81 -11 -34 -34
1 79999 501 -159 0 -2 0 0 0 0 -75 -37 18 142 32 N N N N 367 82 -24 -32 -32
1 80000 475 -101 -3 -1 0 0 0 0 -41 -33 11 88 23 N N N N 207 44 -18 -16 -16
1 83709 541 545 -2 -122 0 -1382 0 -2 267 63 -2 33 6 N N N N -89 -27 -13 14 14
1 80350 478 406 27 119 25 1376 0 2 184 -82 -89 122 25 N N N N 18 0 -10 1 1
1 78701 211 153 230 -51 140 -440 -288 -4 37 -69 38 73 20 N N N N 188 40 -17 -15 -15
1 105578 -128 62 218 7 350 -2 -416 0 -38 -38 104 -16 4 N N N N 155 37 -5 -15 -15
1 58120 -377 -72 -47 11 -5 -1 -250 0 -14 39 -7 -158 -39 N N N N -180 -37 20 13 13
1 75135 -660 -180 -106 -122 9 -1382 -203 2 -50 37 22 -41 -11 N N N N -245 -56 13 22 22
1 83349 -825 -422 6 136 0 1400 -2 2 -197 133 -103 -186 -41 N N N N 206 61 24 -30 -30
1 80002 -804 -73 0 -1 0 0 0 0 -38 0 -12 -161 -40 N N N N -585 -133 32 53 53
1 79999 -789 -146 -1 0 0 0 0 0 -75 -13 -24 -153 -36 N N N N -209 -42 26 14 14
1 79999 -804 -125 -1 3 0 0 0 0 -59 -27 -19 -203 -51 N N N N 476 131 34 -63 -63
1 85006 -755 769 -42 1 -81 -7 -5 0 379 -52 105 -256 -62 N N N N 749 200 36 -92 -92
1 80821 -568 236 -11 2 0 0 0 0 70 -104 8 -118 -32 N N N N 101 35 24 -20 -20
1 79999 -573 13 -1 -1 0 0 0 0 3 -7 0 -66 -14 N N N N -424 -100 14 42 42
1 80001 -535 -25 0 -2 0 0 0 0 -5 12 -1 -156 -38 N N N N 269 76 25 -37 -37
1 79998 -564 -18 -2 2 0 0 0 0 -4 9 -1 -55 -11 N N N N 524 135 12 -61 -61
1 79143 -588 -529 75 -10 1 -8 -72 -4 -217 175 -44 -78 -15 N N N N 5181 1293 11 -557 -557
1 82978 -603 -134 -81 10 1 -1 -48 4 -62 8 -16 -163 -39 N N N N 2779 703 26 -299 -299
1 79998 -587 198 1 0 0 0 0 0 104 -19 23 -223 -57 N N N N -744 -172 31 66 66
1 80002 -598 68 0 -4 0 0 0 0 34 -15 7 -96 -26 N N N N -2386 -584 25 242 242
1 79999 -582 -64 -1 4 0 0 0 0 -32 14 -7 -41 -6 N N N N 137 37 5 -16 -16
1 80000 -594 210 0 0 0 0 -15 0 97 -56 20 -136 -36 N N N N -943 -228 20 93 93
1 80000 -568 -40 4 -1 0 0 0 0 -18 13 -3 -115 -27 N N N N -2233 -546 23 230 230
1 80000 -568 51 -2 1 0 0 0 0 22 -17 3 -183 -49 N N N N -2828 -695 29 297 297
1 80001 -569 -106 -5 -1 0 0 0 0 -45 33 -9 -271 -70 N N N N -3692 -906 44 394 394
1 79998 -551 -116 1 3 0 0 -39 0 -56 28 -12 -245 -64 N N N N -762 -177 38 73 73
1 80002 -569 216 -3 -2 0 0 0 0 100 -59 19 -103 -27 N N N N 1841 471 27 -214 -214
1 79999 -589 183 2 -1 0 0 0 0 61 -75 13 -183 -44 N N N N 5811 1466 27 -645 -645
1 79999 -571 49 3 1 0 0 0 0 12 -23 2 -186 -48 N N N N -145 -24 31 5 5
1 78737 -597 -611 2 2 0 2 -80 -2 -259 175 -51 -134 -32 N N N N 2658 677 23 -293 -293
1 81263 -582 -121 -13 -6 0 -1 -6 2 -63 -2 -11 -117 -29 N N N N 2451 625 23 -267 -267
1 80001 -587 -246 -21 2 0 0 0 0 -121 -43 -20 -276 -68 N N N N 1176 312 38 -137 -137
1 79999 -622 79 1 -9 0 0 0 0 37 18 12 -129 -34 N N N N 1632 424 30 -181 -181
1 80001 -598 1077 -2 -2 0 0 0 0 439 -241 60 -111 -26 N N N N 1181 306 19 -129 -129
1 83469 -757 -506 63 -107 72 -1413 -1 -2 -155 189 44 -161 -44 N N N N 1058 281 31 -120 -120
1 81235 -752 -241 13 122 0 1413 0 2 -121 77 -80 -70 -12 N N N N 497 129 7 -54 -54
1 80000 -748 238 0 3 0 0 0 0 116 -43 32 -311 -82 N N N N 431 129 43 -60 -60
1 80001 -737 215 0 -4 0 0 0 0 84 -77 24 -358 -99 N N N N -3705 -904 67 359 359
1 80000 -743 155 -1 3 0 0 0 0 39 -71 10 -335 -90 N N N N -2563 -622 58 249 249
1 84467 -674 -706 -23 -4 -25 -11 0 0 -287 195 -80 -320 -84 N N N N -698 -156 47 58 58
1 80000 -624 196 6 1 0 0 0 0 102 -16 26 -199 -60 N N N N -5397 -1349 47 568 568
1 80003 -638 229 -2 -1 0 0 0 0 106 -59 27 -241 -63 N N N N -281 -57 35 19 19
1 79997 -632 242 0 1 0 0 0 0 76 -102 17 -200 -54 N N N N -857 -203 36 83 83
1 80002 -631 84 -1 1 0 0 0 0 16 -41 3 -372 -100 N N N N -4896 -1223 58 531 531
1 85412 -673 -746 0 -6 1 7 0 0 -297 217 -72 -361 -101 N N N N -3153 -778 71 341 341
1 80001 -645 -83 2 3 0 0 0 0 -45 -2 -12 -465 -131 N N N N -2085 -508 72 222 222
1 79999 -638 143 -2 4 0 0 0 0 76 1 19 -411 -112 N N N N -4186 -1048 70 479 479
1 80002 -672 132 0 -2 0 0 0 0 69 -14 17 -395 -112 N N N N 1355 369 72 -185 -185
1 79998 -681 182 -1 0 0 0 0 0 86 -44 22 -376 -107 N N N N -5870 -1488 62 702 702
1 80000 -676 292 3 3 0 0 -1 0 96 -118 24 -374 -108 N N N N -3510 -883 72 423 423
1 80000 -681 87 -3 -3 0 0 0 0 16 -44 2 -403 -108 N N N N 1650 442 68 -228 -228
1 80000 -659 6 0 0 0 0 0 0 1 -3 0 -120 -38 N N N N -2388 -607 33 296 296
1 80000 -688 19 0 0 0 0 0 0 2 -10 1 -284 -75 N N N N -403 -93 47 40 40
1 83528 -708 -775 -4 1 0 -7 1 0 -300 235 -72 -342 -98 N N N N -2866 -725 66 357 357
1 80000 -675 -45 3 0 0 0 0 0 -24 -1 -7 -188 -49 N N N N -434 -107 23 51 51
1 79999 -686 55 1 -2 0 0 0 0 29 0 8 -507 -140 N N N N -3136 -797 73 401 401
1 80001 -677 128 1 -1 0 0 0 0 68 -8 17 -269 -82 N N N N -6143 -1581 70 830 830
1 80000 -704 -96 -2 3 0 0 0 0 -51 8 -13 -321 -87 N N N N -1271 -323 47 170 170
1 86942 -761 719 0 1 1 1 0 0 277 -226 66 -576 -165 N N N N -1422 -355 106 182 182
1 80000 -696 -3338 1 1 0 0 0 0 1 -137 -1 -246 -69 N N N N -1725 -444 39 242 242
1 79998 -715 249 -2 0 0 0 0 0 -58 -118 -16 -246 -72 N N N N -692 -174 53 91 91
1 80002 -708 376 0 0 0 0 0 0 -167 -107 -42 -278 -76 N N N N -417 -103 49 52 52
1 79999 -698 405 2 -1 0 0 0 0 -212 22 -53 -636 -177 N N N N -401 -94 90 43 43
1 83709 -714 -800 -8 -131 0 -1400 0 -2 386 67 50 -339 -99 N N N N 2696 718 81 -410 -410
1 82805 -705 2483 7 136 0 1406 0 2 -178 492 6 -206 -60 N N N N 2118 564 47 -316 -316
1 80781 -667 -111 -19 -11 0 0 0 0 -55 6 -10 -303 -86 N N N N -2152 -559 50 303 303
1 80001 -637 136 6 2 0 0 0 0 71 -10 15 -274 -76 N N N N -1844 -480 44 263 263
1 79998 -634 257 4 2 0 0 0 0 120 -63 27 -175 -47 N N N N 329 90 30 -55 -55
1 80000 -634 49 -1 2 0 0 0 0 19 -18 4 -354 -104 N N N N 125 42 66 -30 -30
1 80000 -618 339 7 2 -1 0 0 0 79 -157 19 -227 -67 N N N N -1975 -516 51 285 285
1 80001 -643 -3379 -4 -2 0 0 0 0 -5 -116 -2 -260 -74 N N N N -129 -30 41 13 13
1 79999 -624 128 3 2 0 0 0 0 -23 -63 -7 -287 -77 N N N N -450 -115 34 62 62
1 80001 -638 322 -3 0 0 0 0 0 -116 -124 -28 -355 -105 N N N N 1847 500 78 -292 -292
1 80941 -647 2831 -1 -127 1 -1403 0 -2 131 318 49 -220 -60 N N N N -402 -102 41 53 53
1 83944 -667 -772 -6 122 -1 1407 0 2 -324 233 -90 -605 -177 N N N N 1555 427 107 -253 -253
1 79998 -643 111 12 4 0 0 0 0 57 1 13 -121 -38 N N N N 1045 283 32 -162 -162
1 80001 -662 422 1 1 0 0 0 0 200 -92 47 -184 -53 N N N N 673 185 34 -106 -106
1 79999 -658 302 -2 -2 0 0 0 0 77 -139 16 -111 -30 N N N N 408 112 22 -65 -65
1 80000 -656 -3322 0 2 0 0 0 0 -4 -145 -2 -494 -138 N N N N -166 -34 71 10 10
1 81191 -669 2765 -7 -103 1 -1195 1 -3 -185 332 6 -18 -10 N N N N -298 -75 29 39 39
1 79810 -633 39 6 100 0 1197 -1 3 19 17 -41 -347 -98 N N N N -664 -171 51 89 89
1 79999 -653 321 0 5 0 0 0 0 128 -108 28 -511 -145 N N N N -1210 -314 77 167 167
1 79999 -659 -3204 -1 -2 0 0 0 0 47 -200 9 -213 -68 N N N N -874 -228 61 122 122
1 80001 -665 430 -2 -2 0 0 0 0 -112 -194 -28 -600 -165 N N N N -363 -87 79 41 41
1 81413 -701 2720 -5 -125 -1 -1414 0 -2 50 382 50 -439 -130 N N N N 2016 555 87 -324 -324
1 83354 -716 -554 -2 124 -1 1404 0 2 -261 147 -95 -408 -128 N N N N -95 -13 94 -3 -3
1 80000 -672 364 9 1 0 0 0 0 184 -47 43 -253 -75 N N N N 1085 300 45 -173 -173
1 80000 -673 450 -2 2 0 0 0 0 135 -188 30 -369 -110 N N N N 812 232 78 -139 -139
1 80000 -688 -3256 0 -3 0 0 0 0 -18 -179 -7 -214 -60 N N N N 399 114 36 -67 -67
1 84172 -709 2729 -10 -119 2 -1399 0 -2 -151 357 21 -255 -74 N N N N 860 242 54 -141 -141
1 84299 -687 -218 -13 114 0 1401 0 2 -111 56 -75 -148 -40 N N N N 939 261 29 -146 -146
1 79997 -671 -283 -8 5 0 0 0 0 -147 -27 -30 -331 -93 N N N N 2529 700 61 -388 -388
1 80000 -671 266 3 -18 0 0 0 0 139 26 33 -553 -158 N N N N 4240 1177 97 -638 -638
1 80000 -626 562 8 10 0 0 0 0 252 -139 45 -223 -67 N N N N 2776 770 50 -407 -407
1 84533 -681 -535 1 8 0 0 0 0 -239 142 -51 -201 -60 N N N N 2396 665 39 -345 -345
1 79998 -660 -667 -16 -9 0 0 0 0 -296 -160 -50 -260 -63 N N N N 907 256 26 -133 -133
1 80000 -628 779 10 -1 0 0 0 0 357 148 67 -344 -111 N N N N 2600 735 83 -379 -379
1 80000 -627 -2648 -5 0 0 0 0 0 206 -398 27 -187 -56 N N N N 2960 825 42 -412 -412
1 80001 -640 836 -1 1 0 0 0 0 -373 -178 -75 -326 -90 N N N N 2227 627 49 -310 -310
1 82175 -648 -629 -4 -125 0 -1413 0 -2 314 66 11 -224 -65 N N N N 3010 844 49 -409 -409
1 82280 -665 2373 31 157 0 1412 0 2 -187 522 15 -497 -146 N N N N 2311 668 89 -325 -325
1 80778 -624 -334 -34 -28 0 0 0 0 -171 -29 -18 -369 -110 N N N N 6492 1821 73 -840 -840
1 80015 -627 557 6 -7 0 0 0 0 289 -16 53 -243 -74 36 80 41 559 -1142 -298 49 125 125
1 79985 -639 -2809 1 -1 0 0 0 0 130 -363 14 -283 -83 N N N N 131 56 52 -34 -34
1 80001 -632 831 4 2 0 0 0 0 -370 -181 -74 -230 -69 N N N N 387 125 47 -64 -64
1 84820 -695 -633 -10 -117 0 -1401 0 -2 315 74 14 -264 -71 N N N N 2122 606 46 -277 -277
1 83250 -698 2385 3 148 0 1397 0 2 -190 515 10 -291 -89 N N N N 5304 1503 63 -663 -663
1 80810 -668 -479 -11 -22 0 0 0 0 -241 -69 -27 -204 -60 N N N N 2112 605 39 -263 -263
1 80000 -665 722 20 -9 0 0 0 0 363 20 65 -145 -35 N N N N 7067 1985 30 -824 -824
1 80000 -660 -2682 1 -4 0 0 0 0 84 -426 3 -350 -98 N N N N 4256 1220 64 -498 -498
1 80015 -633 927 -4 3 0 0 0 0 -446 -59 -86 -194 -54 37 77 43 559 1826 528 34 -213 -213
1 83457 -869 1200 81 137 73 1389 0 -2 66 513 -53 -514 -159 N N N N -2898 -759 100 279 279
1 83589 -921 807 -3 -126 2 -1390 0 2 371 -120 179 -194 -59 N N N N -3592 -984 48 384 384
1 79998 -894 163 5 0 0 0 0 0 33 -78 11 -377 -99 N N N N 2702 789 60 -327 -327
1 79999 -910 -3409 -2 0 0 0 0 0 11 -100 2 -285 -83 N N N N 6133 1751 51 -694 -694
1 80000 -898 -30 -1 1 0 0 0 0 1 16 0 -635 -185 N N N N -2314 -595 107 209 209
1 80002 -879 3560 -2 -1 0 0 0 0 0 21 0 -679 -174 N N N N 568 204 81 -94 -94
1 87296 -747 -792 -68 0 -97 9 0 0 -251 279 -84 -444 -137 N N N N 2859 894 156 -373 -373
1 80016 -535 -343 -28 -2 0 0 0 0 -176 -32 -28 -425 -116 37 73 42 558 -4439 -1217 80 453 453
1 79982 -548 3 7 -9 0 0 0 0 0 1 3 -308 -79 N N N N -187 -25 53 0 0
1 80001 -551 1049 1 -6 0 0 0 0 447 -208 68 -526 -147 N N N N 93 78 99 -50 -50
1 80000 -583 -2613 -10 3 0 0 0 0 -295 -358 -63 -986 -280 N N N N -5716 -1536 194 573 573
1 79759 -646 4 51 16 91 -4 -137 -2 -10 3 6 -234 -83 N N N N -358 -72 62 18 18
1 81181 -831 -271 29 -6 0 -1 -7 2 133 36 39 -1239 -374 N N N N -4410 -1174 201 444 444
1 80000 -872 278 -1 1 0 0 0 0 -141 -37 -42 -548 -163 N N N N -5668 -1582 124 647 647
1 20001 -230 120 4 -2 0 0 0 0 -64 6 -18 -506 -156 N N N N -2166 -596 75 245 245
1 20014 -221 112 -3 -1 0 0 0 0 -56 17 -17 -216 -78 39 72 40 558 -4178 -1182 74 512 512
1 19986 -212 124 -1 5 0 0 0 0 -57 30 -15 -124 -33 N N N N -3321 -947 45 423 423
1 20015 -222 69 1 -2 0 0 0 0 -28 23 -8 -311 -96 38 70 42 557 -2182 -623 33 282 282
1 19984 -208 -29 0 1 0 0 0 0 11 -10 5 -365 -94 N N N N -2392 -674 65 306 306
1 20015 -211 -141 0 -1 0 0 0 0 63 -39 14 -647 -186 39 67 41 557 759 251 92 -133 -133
1 19985 -204 -76 -3 0 0 0 0 0 38 -14 12 -480 -155 N N N N -1016 -263 104 107 107
1 27194 -245 -239 -42 -124 -48 -1404 -1 -2 131 -22 -31 -314 -102 38 71 43 557 -3322 -940 103 436 436
1 20748 -172 -304 5 1 0 0 0 0 151 51 46 -249 -71 N N N N -1339 -376 58 174 174
1 20016 -149 -291 4 8 0 0 0 0 96 113 52 -436 -122 39 70 43 557 -344 -79 76 27 27
1 20456 -167 3315 -3 1 0 0 0 0 24 144 36 -264 -78 N N N N -585 -151 73 63 63
1 20015 -173 -265 -5 1 0 0 0 0 -45 130 17 -105 -37 37 69 41 557 111 43 38 -27 -27
1 20457 -171 -309 3 -6 0 0 0 0 -124 108 -1 -552 -140 N N N N 403 133 48 -73 -73
1 26013 -207 -205 1 122 -1 1404 0 2 -106 60 -76 -717 -214 39 68 41 557 444 173 146 -109 -109
1 19985 -158 -15 -3 -3 0 0 0 0 -8 -1 0 -1250 -341 N N N N -702 -160 166 53 53
1 20015 -145 80 4 3 0 0 0 0 42 -6 7 -512 -173 37 70 45 557 -482 -99 157 24 24
1 19985 -161 22 1 -1 0 0 0 0 12 -1 3 -278 -74 N N N N 11 34 108 -33 -33
1 20016 -151 -60 -1 4 0 0 0 0 -32 6 -8 -154 -70 39 70 42 557 294 105 62 -63 -63
1 19984 -155 -72 -4 -1 0 0 0 0 -38 3 -8 -278 -87 N N N N 402 136 52 -75 -75
1 20015 -151 45 0 0 0 0 0 0 24 -2 5 -633 -172 37 69 41 557 595 197 64 -107 -107
1 19985 -162 120 4 -3 0 0 0 0 63 -13 15 -995 -274 N N N N 921 326 167 -187 -187
1 20016 -157 125 1 1 0 0 0 0 61 -26 13 -430 -144 40 71 41 557 1627 538 154 -286 -286
1 19983 -163 120 2 -1 0 0 0 0 52 -37 12 -278 -93 N N N N 580 201 82 -111 -111
1 20018 -155 126 -1 -2 0 0 0 0 46 -50 9 -587 -163 40 68 43 557 565 204 105 -115 -115
1 19984 -156 128 -6 5 0 0 0 0 33 -58 7 -303 -98 N N N N 1748 559 85 -281 -281
1 20015 -155 122 4 -4 0 0 0 0 18 -63 3 -366 -110 38 71 45 557 1737 558 86 -276 -276
1 19986 -152 -3449 -2 2 0 0 0 0 2 -79 -1 -512 -151 N N N N 1709 551 87 -271 -271
1 20014 -156 203 -2 3 0 0 0 0 -30 -102 -9 -2532 -685 36 69 43 557 4111 1367 292 -673 -673
1 19983 -159 104 0 -1 0 0 0 0 -29 -47 -7 -2330 -696 N N N N 8823 2867 352 -1308 -1308
1 21311 -152 -27 -12 -131 1 -1404 0 -2 11 -14 -44 -1177 -415 38 68 46 557 11792 3897 467 -1661 -1661
1 20455 -175 -244 -1 5 0 0 0 0 50 115 37 -2608 -771 N N N N 8453 2833 322 -1127 -1127
1 20013 -165 3386 3 -3 0 0 0 0 -4 109 27 -849 -327 36 71 46 557 8674 3051 493 -1179 -1179
1 20458 -160 -261 1 1 0 0 0 0 -61 122 16 -373 -158 N N N N 5558 1907 201 -683 -683
1 20016 -174 -258 3 4 0 0 0 0 -109 87 -2 -670 -207 38 70 46 557 3494 1212 134 -422 -422
1 23748 -185 -275 2 122 0 1411 0 2 -145 58 -85 -1846 -488 N N N N 2214 935 310 -365 -365
1 20016 -165 -149 -21 -7 0 0 0 0 -76 -15 -9 -955 -290 38 71 47 556 1784 763 253 -293 -293
1 19985 -159 31 -3 0 0 0 0 0 16 4 5 -1546 -394 N N N N 1331 600 225 -234 -234
1 20014 -157 209 -2 -2 0 0 0 0 113 7 20 -2164 -756 38 70 50 556 1189 720 440 -315 -315
1 19984 -138 177 -3 -2 0 0 0 0 93 -25 14 -2032 -720 N N N N 2470 1257 572 -501 -501
1 20016 -135 53 -1 0 0 0 0 0 26 -13 4 -1561 -515 40 72 48 556 3020 1314 385 -469 -469
1 19986 -109 -57 3 13 0 0 0 0 -28 17 -10 -493 -229 N N N N 2840 1159 250 -386 -386
1 20014 -122 -81 1 5 0 0 0 0 -42 14 -8 -1114 -387 40 72 50 556 2678 1087 219 -352 -352
1 19985 -99 -98 3 -5 0 0 0 0 -53 9 -6 -2310 -686 N N N N 2659 1253 409 -433 -433
1 20015 -95 45 -3 -5 0 0 0 0 25 -4 6 -1026 -379 40 72 50 556 3437 1484 350 -473 -473
1 19985 -97 125 0 -1 0 0 0 0 65 -19 10 -1015 -360 N N N N 3596 1516 304 -461 -461
1 20015 -99 93 0 0 0 0 0 0 45 -23 7 -647 -241 40 73 50 556 3207 1341 247 -393 -393
1 19984 -120 -4 5 2 0 0 0 0 -3 2 0 -637 -202 N N N N 2126 884 151 -253 -253
1 20017 -126 -3 -8 0 0 0 0 0 0 0 -1 -960 -263 38 72 50 556 1643 790 224 -242 -242
1 19983 -144 89 -6 -1 0 0 0 0 42 -26 4 -821 -283 N N N N 2079 920 195 -264 -264
1 20016 -132 137 6 -4 0 0 0 0 48 -55 10 -1376 -272 39 73 50 556 3302 1401 238 -382 -382
1 18747 -119 175 -4 0 0 2 -39 -4 44 -82 3 -3918 -1122 N N N N 3563 1974 693 -601 -601
1 22075 -143 113 -7 -120 0 -1412 -69 2 14 -86 0 -1438 -592 37 74 54 556 8849 3805 577 -951 -951
1 20811 -146 -166 -10 2 0 0 0 0 -20 85 11 -853 -332 N N N N 5844 2623 442 -633 -633
1 19350 -119 -189 9 3 0 0 0 0 -58 83 14 -1827 -422 39 75 59 555 4725 2005 235 -446 -446
1 24180 -163 -237 -2 23 0 198 -1 -1 -105 78 -6 -1604 -454 N N N N 3430 1991 610 -508 -508
1 15233 -101 35 76 93 110 1205 -51 -1 2 13 -25 -1733 -567 40 84 59 556 5627 2397 245 -493 -493
1 22237 -141 25 -15 -1 -1 0 -60 4 15 -6 1 -2496 -985 N N N N 8299 4112 776 -877 -877
1 20015 -145 193 17 2 0 0 0 0 76 -64 22 -1950 -667 38 77 61 555 8298 3766 454 -709 -709
1 19984 -135 158 4 -2 0 0 0 0 44 -71 11 -985 -376 N N N N 5456 2869 556 -557 -557
1 20016 -127 10 -12 -1 0 0 0 0 5 -5 -3 -1041 -343 40 80 64 555 4845 2275 279 -394 -394
1 19984 -125 -110 9 8 0 0 0 0 -31 53 -4 -548 -240 N N N N 7227 3364 372 -554 -554
1 20017 -145 -77 4 -3 0 0 0 0 -26 31 -7 -53 -71 40 76 64 555 7060 2879 76 -408 -408
1 19984 -132 -67 1 -1 0 0 0 0 -26 24 -5 -53 -46 N N N N 3713 1551 61 -217 -217
1 20016 -146 -43 1 -1 0 0 0 0 -18 14 -4 -63 -31 38 77 69 555 2162 875 17 -117 -117
1 19984 -140 -27 -1 0 0 0 0 0 -12 8 -4 -43 -23 N N N N 1382 604 39 -85 -85
1 20016 -151 -6 1 4 0 0 0 0 -3 3 0 -53 -21 44 76 68 555 895 334 -11 -41 -41
1 19983 -145 -32 1 0 0 0 0 0 -15 8 -5 -101 -39 N N N N 662 306 29 -44 -44
1 20016 -139 -77 0 -2 0 0 0 0 -36 18 -9 -277 -88 39 79 69 555 702 374 60 -59 -59
1 19984 -143 23 0 3 0 0 0 0 11 -4 2 -792 -213 N N N N 791 489 110 -82 -82
1 20016 -132 42 -5 0 0 0 0 0 21 -10 4 -993 -304 42 81 75 554 1895 1069 197 -170 -170
1 19984 -148 145 5 -1 0 0 0 0 61 -45 19 -443 -178 N N N N 1532 1085 290 -187 -187
1 20016 -152 236 1 -2 0 0 0 0 72 -102 18 -457 -166 40 82 72 554 1681 946 167 -145 -145
1 18650 -135 -3365 -47 -53 -56 -651 -41 0 35 -134 -18 -250 -92 N N N N 1312 753 137 -115 -115
1 26467 -141 116 -4 -69 0 -751 -1 -2 -8 -75 -20 -249 -78 40 84 77 554 939 511 81 -75 -75
1 21103 -132 -58 -2 2 0 0 0 0 7 30 6 -198 -53 N N N N 1056 588 98 -87 -87
1 20427 -135 3458 -1 -4 0 0 0 0 1 72 16 -65 -13 41 109 77 554 1314 616 52 -81 -81
1 21219 -124 -194 -1 1 0 0 0 0 -31 96 18 -33 0 N N N N 1286 558 25 -69 -69
1 20603 -139 -234 2 2 0 0 0 0 -80 96 6 7 13 41 84 74 553 1035 441 14 -53 -53
1 19774 -122 -215 6 129 1 1402 0 -2 -104 85 -66 14 12 N N N N 1158 487 13 -58 -58
1 20039 -123 -140 -7 -1 0 1 -98 0 -73 13 -14 13 9 39 87 75 553 915 361 -3 -40 -40
1 21232 -135 -73 -3 -2 0 -2 -38 4 -39 -1 -6 16 10 N N N N 552 202 -12 -20 -20
1 20015 -129 -7 -6 4 0 0 0 0 -3 1 -3 1 3 43 91 76 553 343 106 -18 -9 -9
1 19986 -129 -17 6 -1 0 0 0 0 -10 -1 -2 11 5 N N N N 51 9 -7 0 0
1 20014 -131 -15 -5 3 0 0 0 0 -7 -1 -3 0 3 54 88 79 552 370 163 8 -20 -20
1 19985 -136 17 -1 -1 0 0 0 0 9 1 3 10 5 N N N N 249 89 -6 -9 -9
1 20016 -126 52 -1 -11 0 0 0 0 28 0 11 0 2 44 89 80 552 89 71 20 -11 -11
1 19985 -138 26 4 6 0 0 0 0 14 2 -2 8 6 N N N N 223 72 -9 -7 -7
1 20016 -137 11 -6 -6 0 0 0 0 7 -2 4 7 4 44 86 82 551 179 74 1 -8 -8
1 19983 -138 -6 -3 -1 0 0 0 0 -3 1 -1 -26 -4 N N N N 296 128 5 -15 -15
1 20017 -140 -36 -12 5 0 0 0 0 -18 0 -4 -36 -9 44 87 82 551 149 89 17 -13 -13
1 19985 -152 -25 -4 0 0 0 0 0 -13 -1 -1 11 8 N N N N 270 137 16 -18 -18
1 20013 -155 21 -7 -3 0 0 0 0 13 0 3 2 7 43 152 80 550 421 158 -6 -17 -17
1 19985 -159 165 15 -3 0 0 0 0 86 -10 14 12 11 N N N N 239 101 2 -11 -11
1 20015 -146 243 -2 3 0 0 0 0 118 -57 15 32 23 43 90 76 550 263 105 0 -12 -12
1 19984 -151 260 8 -1 0 0 0 0 85 -107 14 5 3 N N N N 240 91 -3 -10 -10
1 27662 -231 -3345 53 -123 93 -1405 -5 -2 12 -165 23 43 37 43 102 78 549 222 67 -13 -5 -5
1 11103 -87 3517 4 9 0 0 0 0 -3 45 10 11 8 N N N N 140 48 -4 -4 -4
1 10017 -113 -106 13 0 0 0 0 0 -15 53 14 4 9 43 89 75 549 81 32 -1 -4 -4
1 10864 -91 -116 7 -2 0 0 0 0 -26 55 8 10 8 N N N N 131 43 -5 -3 -3
1 10016 -92 -113 -6 -3 0 0 0 0 -34 48 1 11 13 44 93 74 549 106 31 -6 -3 -3
1 10457 -101 -122 0 -1 0 0 0 0 -47 45 -3 -1 -1 N N N N 96 35 -2 -3 -3
1 10015 -97 -101 0 7 0 0 0 0 -45 33 -11 3 8 43 86 74 548 39 7 -5 0 0
1 17446 -170 -165 -31 123 -68 1411 0 2 -78 57 -78 1 1 N N N N 219 101 7 -13 -13
1 10848 -80 -41 -21 -4 0 0 0 0 -18 3 -5 -13 2 46 100 71 548 -3 -12 -6 3 3
1 9985 -77 0 5 0 0 0 0 0 -1 0 1 5 1 N N N N 54 11 -7 0 0
1 10016 -63 42 -3 5 0 0 0 0 23 -2 2 -8 0 42 86 70 548 9 3 0 -1 -1
1 9984 -83 41 -1 -8 0 0 0 0 22 -6 7 3 1 N N N N 40 23 4 -3 -3
1 10015 -67 32 -2 7 0 0 0 0 16 -4 2 1 0 44 88 68 547 30 3 -5 1 1
1 9987 -83 39 8 -2 0 0 0 0 19 -7 6 -2 2 N N N N 116 55 5 -7 -7
1 10012 -63 66 -1 -5 0 0 0 0 33 -15 6 -14 -1 44 85 69 547 -13 4 5 -1 -1
1 9986 -73 38 -6 -2 0 0 0 0 19 -10 4 -2 -1 N N N N -118 -36 7 2 2
1 10016 -78 30 -8 10 0 0 0 0 15 -7 -4 -3 -1 47 112 70 547 104 40 -1 -4 -4
1 9984 -82 26 7 -7 0 0 0 0 10 -9 7 -1 1 N N N N 167 63 -2 -6 -6
1 10015 -61 38 -7 5 0 0 0 0 17 -12 1 5 1 45 86 69 547 -29 -5 3 -1 -1
1 9986 -72 84 7 -6 0 0 0 0 31 -32 10 -6 -2 N N N N -15 -2 3 0 0
1 10014 -69 58 -2 1 0 0 0 0 20 -24 1 -11 -2 43 88 68 547 -66 -17 5 1 1
1 9985 -58 61 -6 0 0 0 0 0 18 -28 1 -1 0 N N N N 60 31 3 -4 -4
1 10015 -73 36 13 -3 0 0 0 0 6 -17 8 -10 -2 43 98 66 546 50 24 3 -3 -3
1 9984 -68 37 -13 1 0 0 0 0 11 -18 -7 -2 2 N N N N 18 12 2 -2 -2
1 10016 -74 55 5 4 0 0 0 0 8 -27 4 -1 -2 41 84 67 546 136 55 1 -6 -6
1 9985 -72 35 -2 3 0 0 0 0 4 -17 1 2 2 N N N N -37 -14 0 2 2
1 10015 -75 18 0 -8 0 0 0 0 3 -11 0 -3 0 44 83 67 546 97 30 -5 -3 -3
1 9985 -79 26 0 10 0 0 0 0 2 -11 -1 2 -2 N N N N -123 -42 4 4 4
1 10017 -72 14 9 -6 0 0 0 0 -1 -9 4 2 2 44 106 66 545 110 41 -1 -4 -4
1 9982 -75 17 -10 -4 0 0 0 0 4 -10 -5 -1 0 N N N N -20 1 4 -1 -1
1 10016 -71 19 4 7 0 0 0 0 -2 -8 3 -1 0 43 87 65 545 56 23 1 -3 -3
1 9985 -71 -4 8 -6 0 0 0 0 -2 0 3 -7 -1 N N N N 87 31 -2 -3 -3
1 10015 -65 23 -17 3 0 0 0 0 5 -11 -9 -2 1 44 84 62 545 -121 -39 5 4 4
1 9984 -63 -7 2 5 0 0 0 0 -2 5 4 -8 -1 N N N N 233 88 -3 -9 -9
1 10016 -66 -39 5 -6 0 0 0 0 -2 19 2 -2 2 43 86 69 545 -132 -41 7 3 3
1 9985 -73 -45 -1 6 0 0 0 0 -1 25 -2 2 0 N N N N 8 7 2 -1 -1
1 10017 -67 -15 11 -3 0 0 0 0 -4 7 3 -3 1 42 86 68 544 31 17 2 -3 -3
1 9982 -75 -43 -18 -3 0 0 0 0 -3 21 -5 0 -1 N N N N 8 3 0 0 0
1 11280 -80 -38 9 2 -1 -1 -24 -4 -8 20 4 -5 1 41 90 62 544 96 43 3 -5 -5
1 19604 -127 -123 -9 -107 1 -1410 -29 2 -25 32 14 -8 -1 N N N N 220 101 7 -12 -12
1 10660 -94 -122 2 -12 0 0 0 0 -43 46 10 4 0 39 82 61 544 -196 -71 5 7 7
1 10458 -72 -151 1 15 0 0 0 0 -63 56 -9 5 0 N N N N -38 -11 2 0 0
1 11405 -105 -163 3 19 0 207 -1 -2 -83 38 -14 -1 2 43 86 57 543 132 62 5 -7 -7
1 10662 -96 -106 87 87 88 1196 -33 4 -70 26 -54 -5 -3 N N N N -81 -40 -5 5 5
1 10831 -111 -100 -37 5 0 0 0 0 -46 1 -21 0 4 43 85 55 543 161 57 -4 -6 -6
1 9985 -90 -4 23 -12 0 0 0 0 -5 -2 4 5 2 N N N N -165 -68 -1 8 8
1 10016 -95 44 2 9 0 0 0 0 21 2 8 4 2 43 89 54 543 33 19 3 -3 -3
1 9982 -124 53 -6 -12 0 0 0 0 28 -3 16 0 -2 N N N N 75 23 -4 -1 -1
1 10017 -98 22 -5 3 0 0 0 0 14 1 -2 -1 1 44 86 54 543 50 24 3 -3 -3
1 9985 -112 46 -9 5 0 0 0 0 25 -2 5 2 2 N N N N 25 10 0 -2 -2
1 10015 -100 78 23 -5 0 0 0 0 35 -11 17 5 1 42 89 53 542 -22 -12 -2 2 2
1 9985 -128 38 -13 3 0 0 0 0 22 -6 2 -5 3 N N N N 55 29 4 -4 -4
1 10015 -126 59 -7 0 0 0 0 0 28 -14 11 5 2 42 83 52 542 -82 -41 -5 5 5
1 9985 -106 -2 20 0 0 0 0 0 0 4 -7 -3 -2 N N N N 25 11 1 -1 -1
1 10014 -107 24 -40 -9 0 0 0 0 15 -11 8 1 2 40 85 50 542 79 30 -1 -3 -3
1 9985 -91 18 35 17 0 0 0 0 -1 -1 4 -6 -3 N N N N 92 26 -6 -2 -2
1 10015 -92 -45 19 3 0 0 0 0 -20 14 -13 -15 -2 45 92 50 542 -74 -23 3 2 2
