version: 66.14
glider: 195
mission: 21
dive: 182
start: 5 18 105 16 7 2
columns: rec,elaps_tms,depth,heading,pitch,roll,AD_pitch,AD_roll,AD_vbd,GC_phase,mag.x,mag.y,mag.z,sbect.TempFreq,sbect.CondFreq,wlbb2fl.sig470nm,wlbb2fl.sig700nm,wlbb2fl.sig695nm,wlbb2fl.temp,aa4330.O2,aa4330.AirSat,aa4330.Temp,aa4330.CalPhase,aa4330.TCPhase,
data:
0 17584 44 1258 -734 -16 172 2225 1068 6 1 -300 144 177704 137134 44 91 78 534 254526 98180 24726 29349 30755
1 9985 -3 -65 60 -64 0 0 0 0 -3 -32 -54 -144 5 N N N N 44 13 -2 -1 -1
1 9999 7 -292 126 183 0 0 0 0 44 -7 -31 -903 11 N N N N 67 -4 -17 3 3
1 10000 -8 71 -194 -67 0 0 0 0 -4 -7 -22 64 -9 N N N N -230 -52 21 2 2
1 10016 1 75 122 28 0 0 0 0 -31 17 58 -28 6 45 91 74 533 -56 1 12 -2 -2
1 9983 7 46 -119 8 0 0 0 0 17 11 18 180 -13 N N N N -35 -4 5 0 0
1 8689 -4 70 105 -33 -1 -1 10 -4 -39 7 19 -188 11 N N N N 70 17 -5 -1 -1
1 10064 -2 93 -6 -35 1 1 253 0 -13 16 23 471 -3 N N N N -344 -53 44 -3 -3
1 9892 21 -214 39 92 0 1 257 0 33 -27 -46 -608 4 43 91 77 533 3021 1302 73 -157 -157
1 10009 18 -40 -7 -51 -1 0 252 0 15 -17 -41 120 4 N N N N -7274 -1460 755 23 23
1 10075 32 30 -93 47 1 -1 271 0 8 13 30 -21 -17 N N N N -1198 -303 94 16 16
1 9947 45 17 -24 24 1 1 266 0 2 10 17 -39 -14 N N N N -515 -82 68 -3 -3
1 10062 61 14 16 -4 -2 0 268 0 1 4 7 -270 -15 45 95 78 533 -175 -16 29 -3 -3
1 17316 299 -43 29 -99 1176 -1 184 -1 1 -29 -65 -63 -28 N N N N -240 -44 28 -1 -1
1 8448 195 -18 352 12 1313 1 140 1 -54 1 14 -2 -4 N N N N -150 -43 9 3 3
1 9487 152 33 117 -79 -1 -1138 339 4 -38 -9 -39 0 -4 N N N N -75 -3 16 -2 -2
1 15381 247 137 -5 -63 1 -271 1 -2 -64 14 -3 -5 -1 46 95 82 532 -28 -3 4 -1 -1
1 10515 199 106 9 5 0 0 0 0 -46 27 23 180 47 N N N N -166 -59 4 6 6
1 10001 143 92 13 -11 0 0 0 0 -38 28 10 -5 6 N N N N -66 -94 -39 18 18
1 9999 166 105 -15 -2 0 0 0 0 -27 37 26 136 34 N N N N -109 -55 -7 8 8
1 10017 168 45 10 -20 0 0 0 0 -15 15 -2 64 16 43 93 82 532 -158 -115 -29 18 18
1 10452 151 64 -8 4 0 0 0 0 -12 28 15 67 17 N N N N -161 -97 -19 14 14
1 10000 159 56 -7 41 0 0 0 0 -7 36 20 69 26 N N N N -100 -70 -17 11 11
1 10000 162 52 11 -10 0 0 0 0 -9 23 2 296 71 N N N N -135 -100 -27 16 16
1 12016 178 -23 -19 -13 0 0 0 0 7 -16 0 344 98 44 94 87 532 -23 -203 -110 44 44
1 10456 161 30 8 2 0 0 0 0 -5 16 3 290 72 N N N N -235 -190 -55 31 31
1 10001 156 -72 -3 -3 0 0 0 0 9 -36 -11 496 105 N N N N -129 -213 -92 42 42
1 9999 145 -63 26 15 0 0 0 0 3 -23 -16 471 137 N N N N -187 -262 -107 49 49
1 10017 123 -109 -32 23 0 0 0 0 36 -43 0 331 74 45 91 88 532 -32 -262 -141 56 56
1 10866 147 -66 19 -46 0 0 0 0 16 -33 -34 282 57 N N N N -157 -194 -76 37 37
1 10000 129 -101 -16 5 0 0 0 0 40 -33 -15 593 129 N N N N 444 -55 -129 30 30
1 10000 134 -71 8 16 0 0 0 0 28 -15 -9 31 12 N N N N 138 -114 -95 31 31
1 10016 123 9 0 -6 0 0 0 0 -4 1 -1 90 30 44 88 81 532 73 -70 -56 19 19
1 10748 155 71 1 9 0 0 0 0 -30 20 17 -6 4 N N N N 146 2 -30 5 5
1 9999 144 77 13 -19 0 0 0 0 -31 23 5 25 8 N N N N -81 -56 -14 9 9
1 10001 126 14 -17 29 0 0 0 0 0 9 19 -9 3 N N N N -81 -63 -19 11 11
1 10015 135 58 14 -36 0 0 0 0 -21 16 -6 58 6 44 97 84 532 75 27 -1 -3 -3
1 10513 159 -36 0 24 0 0 0 0 11 -9 2 35 5 N N N N -24 -43 -19 8 8
1 10000 140 41 -14 -21 0 0 0 0 -8 10 6 -3 0 N N N N 94 17 -11 1 1
1 10001 140 54 15 14 0 0 0 0 -19 26 9 4 -1 N N N N -20 -13 -3 2 2
1 10015 147 45 -10 -12 0 0 0 0 -7 16 8 38 9 44 91 80 532 8 -2 -3 0 0
1 10455 149 112 8 -11 0 0 0 0 -22 49 13 -25 -5 N N N N 113 17 -15 1 1
1 10001 120 -71 8 43 0 0 0 0 9 -22 -4 129 24 N N N N -25 1 7 -1 -1
1 9999 127 -29 -29 -12 0 0 0 0 15 -18 4 127 10 N N N N 166 -7 -41 8 8
1 10017 137 -98 21 -7 0 0 0 0 16 -42 -27 -24 1 45 93 80 532 -76 -49 -11 8 8
1 10866 130 -50 -17 36 0 0 0 0 20 -13 9 -6 -3 N N N N 110 14 -16 1 1
1 11981 174 116 4 16 51 1393 6 0 -33 53 21 -1 0 N N N N -63 -19 3 2 2
1 9841 151 26 32 103 -1 -1 -4 2 -14 41 15 37 5 N N N N 41 13 -2 -1 -1
1 10839 118 -86 55 -7 0 0 0 0 6 -42 -28 34 7 43 91 76 532 -12 -27 -12 5 5
1 9986 88 30 -23 -32 0 0 0 0 -2 6 2 17 4 N N N N -7 -10 -5 2 2
1 10000 85 -25 -19 16 0 0 0 0 12 -7 11 5 -1 N N N N 6 -10 -7 3 3
1 9999 108 25 -6 -16 0 0 0 0 -6 6 -1 17 3 N N N N -2 -5 -2 1 1
1 10016 104 -4 21 16 0 0 0 0 -4 3 -5 28 7 43 93 78 532 -36 -19 -2 2 2
1 9984 95 -92 1 7 0 0 0 0 27 -37 -4 4 1 N N N N 115 35 -6 -2 -2
1 10000 73 -43 2 -19 0 0 0 0 14 -22 -10 86 13 N N N N -93 -45 -5 6 6
1 10000 97 -68 -4 -7 0 0 0 0 28 -24 -7 4 2 N N N N 23 -18 -15 5 5
1 10015 78 40 -12 -6 0 0 0 0 -14 11 3 33 5 43 85 74 532 10 -7 -6 2 2
1 9985 100 -52 13 2 0 0 0 0 17 -17 -8 -26 -3 N N N N -102 -54 -9 7 7
1 10000 102 -38 12 11 0 0 0 0 14 -9 -2 26 5 N N N N -58 -26 -2 4 4
1 10000 89 -31 -31 10 0 0 0 0 19 -7 6 33 6 N N N N 51 7 -7 1 1
1 10017 102 43 2 14 0 0 0 0 -18 16 12 -4 0 44 88 79 532 -83 -37 -3 4 4
1 9983 102 -11 -1 -22 0 0 0 0 5 -8 -11 46 9 N N N N 37 4 -6 1 1
1 10000 131 -66 11 8 0 0 0 0 27 -17 -5 44 7 N N N N -39 -36 -12 6 6
1 10000 97 -3 5 -14 0 0 0 0 0 -3 -9 62 11 N N N N -32 -24 -7 5 5
1 10016 98 -105 -25 -19 0 0 0 0 55 -24 -20 -11 -2 43 88 76 532 -13 -28 -13 5 5
1 9985 131 9 16 21 0 0 0 0 -8 4 8 92 16 N N N N -65 -34 -5 5 5
1 9999 118 15 2 20 0 0 0 0 -7 7 14 -3 2 N N N N 34 -14 -15 5 5
1 10001 128 18 7 -15 0 0 0 0 -10 1 -6 10 3 N N N N -112 -51 -4 6 6
1 10014 124 -5 -8 -2 0 0 0 0 4 -2 0 47 10 43 90 76 532 -1 -15 -8 4 4
1 9985 125 -17 11 1 0 0 0 0 6 -3 -4 4 1 N N N N -131 -67 -10 9 9
1 10000 113 -20 -9 1 0 0 0 0 12 -3 -1 32 6 N N N N -64 -32 -4 5 5
1 10001 144 -10 -2 1 0 0 0 0 5 -1 -1 6 2 N N N N -15 -19 -8 3 3
1 10014 130 -3 7 3 0 0 0 0 0 0 0 6 1 47 87 77 531 -103 -45 -3 6 6
1 9985 127 -10 -3 -1 0 0 0 0 6 -2 -1 15 4 N N N N 17 0 -3 1 1
1 10000 132 13 2 -1 0 0 0 0 -7 2 1 18 4 N N N N -134 -57 -4 7 7
1 10000 128 16 3 1 0 0 0 0 -9 2 1 40 8 N N N N -64 -35 -5 5 5
1 10017 137 7 -3 2 0 0 0 0 -3 2 2 33 7 41 91 80 531 8 -12 -10 4 4
1 13263 160 23 -10 -114 0 -1402 1 -2 -10 -12 -52 35 8 N N N N -120 -63 -9 9 9
1 10779 141 94 5 -12 0 0 0 0 -45 17 10 37 9 N N N N -71 -42 -8 6 6
1 10000 130 109 1 -2 0 0 0 0 -46 30 17 114 27 N N N N -52 -46 -15 8 8
1 10017 137 120 6 -7 0 0 0 0 -43 41 18 89 25 45 93 79 532 -107 -87 -26 16 16
1 10455 123 85 -8 6 0 0 0 0 -22 35 18 48 12 N N N N -165 -98 -20 15 15
1 10000 126 77 -1 5 0 0 0 0 -15 35 15 81 19 N N N N -147 -82 -15 12 12
1 10000 109 90 12 -2 0 0 0 0 -16 43 7 205 57 N N N N -170 -112 -27 19 19
1 10016 105 76 -5 0 0 0 0 0 -5 37 11 74 23 47 89 80 532 -160 -127 -37 22 22
1 10867 117 77 -1 5 0 0 0 0 0 40 8 106 27 N N N N -180 -118 -28 19 19
1 10001 97 58 -3 -8 0 0 0 0 5 27 7 291 68 N N N N -216 -149 -38 25 25
1 10000 94 27 -4 0 0 0 0 0 3 13 3 277 79 N N N N -216 -176 -54 31 31
1 10016 98 -10 1 0 0 0 0 0 -1 -5 -1 379 102 43 115 85 531 -264 -218 -67 39 39
1 10748 104 2 -2 3 0 0 0 0 0 2 0 442 128 N N N N -588 -411 -107 70 70
1 9998 94 -1 7 -7 0 0 0 0 -1 -2 -2 358 110 N N N N -1154 -604 -95 91 91
1 10000 112 -3 -10 1 0 0 0 0 2 -2 2 248 61 N N N N -1335 -674 -97 101 101
1 9390 84 0 5 2 0 0 0 0 -2 1 -1 188 44 47 86 89 531 -1522 -715 -81 103 103
1 10612 116 19 7 0 0 0 0 0 1 10 0 106 10 N N N N -1929 -845 -67 118 118
1 10000 94 43 -1 -2 0 0 0 0 5 21 2 48 -4 N N N N -1326 -566 -38 79 79
1 9998 94 66 4 -3 0 0 0 0 13 31 2 76 -7 N N N N -1058 -440 -24 60 60
1 10018 96 84 2 2 0 0 0 0 20 39 2 66 -33 45 92 95 532 -685 -309 -30 45 44
1 11277 82 105 2 -2 0 0 0 0 32 44 0 121 12 N N N N -532 -244 -26 36 37
1 10001 84 97 -1 4 0 0 0 0 38 36 -3 109 24 N N N N -516 -243 -29 37 36
1 10001 71 110 3 -2 0 0 0 0 48 32 -6 159 31 N N N N -500 -254 -39 41 42
1 10014 65 103 0 2 0 0 0 0 50 23 -9 99 27 43 96 88 532 -969 -424 -36 61 61
1 13842 83 21 -6 113 -7 1418 0 2 11 27 -57 1507 508 N N N N -1539 -722 -87 111 111
1 10791 67 -130 0 14 0 0 0 0 -63 -22 10 1691 610 N N N N -3019 -1592 -282 267 267
1 10000 39 -157 2 2 0 0 0 0 -67 -46 18 1213 428 N N N N -6249 -2920 -370 473 473
1 10017 50 -153 0 -7 0 0 0 0 -51 -62 15 991 339 43 95 84 532 -8477 -3602 -300 577 578
1 9980 48 -103 3 5 0 0 0 0 -24 -46 7 477 186 N N N N -7393 -3044 -215 504 503
1 10000 49 -95 -1 -3 0 0 0 0 -15 -47 5 591 181 N N N N -5756 -2380 -185 412 412
1 10001 31 -120 3 -1 0 0 0 0 -7 -62 2 1151 332 N N N N -3668 -1579 -169 291 291
1 10017 38 -94 -1 -2 0 0 0 0 5 -48 -1 1396 387 42 84 83 532 -3931 -1738 -223 335 335
1 9985 33 -56 3 6 0 0 0 0 5 -27 -2 1211 364 N N N N -3974 -1816 -279 369 369
1 9997 21 -12 -2 -1 0 0 0 0 2 -6 1 1398 361 N N N N -3852 -1777 -294 374 374
1 10002 23 21 -2 0 0 0 0 0 -4 10 -1 992 324 N N N N -4022 -1864 -329 407 407
1 10016 46 24 5 2 0 0 0 0 -3 13 -1 691 265 43 89 82 532 -3432 -1556 -265 347 347
1 9982 24 13 10 -2 0 0 0 0 -4 6 -2 432 180 N N N N -4394 -1866 -250 411 411
1 10002 36 -3 -3 2 0 0 0 0 1 -1 -2 426 165 N N N N -4288 -1687 -144 364 364
1 9998 39 4 4 -4 0 0 0 0 -1 1 -1 366 144 N N N N -3494 -1393 -139 312 312
1 10016 41 -16 -1 0 0 0 0 0 2 -8 0 432 153 43 84 79 532 -3102 -1211 -105 273 273
1 9986 45 -21 3 3 0 0 0 0 2 -10 0 481 164 N N N N -2273 -938 -126 225 225
1 10000 46 -30 -1 -1 0 0 0 0 4 -15 -1 760 215 N N N N -2323 -936 -112 224 224
1 9998 54 -45 -10 0 0 0 0 0 10 -22 2 1105 269 N N N N -2552 -1045 -141 258 258
1 10018 43 -67 5 -1 0 0 0 0 14 -31 -5 994 268 44 118 78 532 -1593 -687 -123 179 179
1 9984 54 -66 -2 -6 0 0 0 0 19 -30 -4 1287 220 N N N N -1595 -758 -193 212 212
1 9998 46 -127 -1 9 0 0 0 0 43 -48 -8 1335 384 N N N N -1688 -790 -196 222 222
1 10000 72 -133 12 -4 0 0 0 0 55 -40 -16 738 354 N N N N -1412 -922 -422 305 305
1 10016 74 -149 -2 2 0 0 0 0 72 -29 -17 454 161 39 76 77 532 -2508 -1121 -260 320 320
1 9986 90 -139 0 1 0 0 0 0 73 -9 -16 553 229 N N N N -3574 -1389 -175 371 371
1 10000 83 -65 -7 -1 0 0 0 0 35 1 -9 375 241 N N N N -3602 -1364 -149 368 368
1 9998 80 -17 5 -2 0 0 0 0 9 1 -2 657 199 N N N N -3388 -1275 -138 351 351
1 10018 92 10 -5 3 0 0 0 0 -5 -1 2 46 86 41 76 76 532 -3176 -1236 -182 359 359
1 9982 86 28 3 2 0 0 0 0 -15 -1 5 9 67 N N N N -2743 -948 -31 255 255
1 10003 105 42 1 -1 0 0 0 0 -22 0 5 31 42 N N N N -2513 -926 -94 268 268
1 10000 94 45 -2 1 0 0 0 0 -24 1 6 -5 28 N N N N -2073 -700 -6 191 191
1 12775 138 71 -4 -128 0 -1414 0 -2 -37 -8 -57 19 23 41 82 78 532 -1471 -491 0 135 135
1 10813 109 88 2 4 0 0 0 0 -45 11 14 -138 12 N N N N -1055 -378 -29 111 111
1 10001 101 93 0 0 0 0 0 0 -44 18 14 205 8 N N N N -918 -337 -35 102 102
1 10176 109 54 -3 -1 0 0 0 0 -23 13 10 187 34 N N N N -829 -296 -23 88 88
1 10015 108 21 2 -1 0 0 0 0 -9 6 3 203 38 40 80 76 532 -608 -222 -22 67 67
1 10453 114 -6 -4 -2 0 0 0 0 4 -1 -1 209 49 N N N N -677 -246 -25 75 75
1 10000 102 11 3 2 0 0 0 0 -6 2 2 93 39 N N N N -663 -233 -13 69 69
1 10001 107 48 2 0 0 0 0 0 -20 15 6 89 2 N N N N -1039 -389 -53 123 123
1 10016 89 62 2 0 0 0 0 0 -22 22 10 64 19 42 77 75 532 -1203 -427 -32 130 130
1 10808 105 84 -2 1 0 0 0 0 -27 32 13 103 15 N N N N -1294 -471 -51 148 148
1 10648 67 79 2 -1 0 0 0 0 -19 34 11 65 19 N N N N -1432 -499 -28 152 152
1 9999 84 67 -2 0 0 0 0 0 -13 30 10 69 16 N N N N -1411 -485 -20 148 148
1 10016 62 65 2 -1 0 0 0 0 -9 31 8 234 45 40 77 78 533 -998 -349 -22 109 109
1 10749 88 62 -1 1 0 0 0 0 -5 31 7 260 70 N N N N -1062 -377 -32 120 120
1 9363 69 53 2 -2 0 0 0 0 -2 26 6 194 44 N N N N -787 -283 -28 92 92
1 10637 63 50 -2 2 0 0 0 0 2 25 6 177 43 N N N N -1138 -423 -61 142 142
1 10016 43 46 0 0 0 0 0 0 3 24 3 254 69 41 78 82 533 -1241 -447 -49 148 148
1 10453 59 78 5 -1 0 0 0 0 9 38 5 436 103 N N N N -1146 -424 -62 145 145
1 10000 47 89 -2 0 0 0 0 0 17 43 4 268 73 N N N N -1447 -542 -87 188 188
1 10000 29 89 1 2 0 0 0 0 24 40 3 165 54 N N N N -1735 -625 -74 214 214
1 10016 39 85 0 0 0 0 0 0 29 34 0 236 61 39 77 74 533 -1484 -528 -56 181 181
1 10455 19 53 -5 -1 0 0 0 0 21 19 1 602 151 N N N N -1418 -497 -44 170 170
1 10000 35 1 -3 1 0 0 0 0 1 1 0 678 218 N N N N -676 -261 -57 97 97
1 10001 22 -2 0 -1 0 0 0 0 -1 -1 1 501 203 N N N N -357 -167 -73 70 70
1 10015 26 10 6 0 0 0 0 0 3 3 -1 258 101 39 76 72 533 -17 -70 -95 43 43
1 10869 26 -35 -3 -3 0 0 0 0 -13 -13 2 698 217 N N N N 458 92 -83 -13 -13
1 10000 23 -75 -2 0 0 0 0 0 -27 -29 0 1609 474 N N N N 427 73 -97 -3 -3
1 10000 28 -59 3 5 0 0 0 0 -18 -24 -1 438 198 N N N N 1006 133 -283 17 17
1 10015 34 -53 -3 -2 0 0 0 0 -14 -24 -2 113 98 39 74 66 533 1115 251 -158 -48 -48
1 10746 23 -66 2 1 0 0 0 0 -14 -31 -2 483 169 N N N N 1138 305 -90 -79 -79
1 10059 26 -67 -1 35 -3 223 -1 -1 -11 -23 -7 1785 440 N N N N 977 235 -112 -52 -52
1 9946 33 -45 8 91 -6 1197 2 3 -6 1 -12 491 245 N N N N 1415 304 -210 -52 -52
1 10013 31 -36 -6 -4 0 0 0 0 -2 -19 4 242 142 40 73 62 534 1406 312 -188 -59 -59
1 9982 34 -31 3 0 0 0 0 0 -3 -16 -1 379 145 N N N N 891 223 -84 -52 -52
1 10000 35 -20 -1 2 0 0 0 0 1 -10 0 187 100 N N N N 887 218 -87 -50 -50
1 10002 40 -10 0 1 0 0 0 0 -1 -5 1 268 113 N N N N 714 173 -72 -38 -38
1 10014 42 7 1 0 0 0 0 0 0 4 0 161 82 40 71 54 534 745 181 -74 -41 -41
1 9985 37 22 -1 0 0 0 0 0 1 11 -1 205 84 N N N N 676 171 -57 -40 -40
1 10000 27 32 0 -2 0 0 0 0 1 16 1 295 94 N N N N 590 130 -74 -24 -24
1 9999 50 31 3 2 0 0 0 0 2 16 -2 166 74 N N N N 286 58 -42 -9 -9
1 10018 39 14 -1 -1 0 0 0 0 1 7 -1 1159 221 38 73 50 534 -8 -49 -62 28 28
1 9982 28 -25 -1 1 0 0 0 0 -2 -12 0 538 270 N N N N 451 79 -82 -7 -7
1 10001 48 -71 3 0 0 0 0 0 -4 -37 0 1268 285 N N N N -81 -149 -162 81 81
1 10001 25 -68 1 -1 0 0 0 0 2 -35 1 924 294 N N N N -187 -164 -139 81 81
1 10016 39 -40 -2 1 0 0 0 0 3 -20 0 143 106 38 72 51 534 185 -102 -210 77 77
1 9983 34 -20 -1 -1 0 0 0 0 2 -10 0 117 78 N N N N -111 -156 -159 82 82
1 10002 28 -8 1 1 0 0 0 0 1 -4 0 -49 52 N N N N -319 -164 -87 70 70
1 9999 44 2 -3 -4 0 0 0 0 1 0 1 183 62 N N N N -316 -122 -31 45 45
1 10014 35 6 2 3 0 0 0 0 -1 4 -1 41 43 42 73 49 535 -484 -161 -16 54 54
1 9986 48 10 2 1 0 0 0 0 -2 5 0 89 48 N N N N -396 -163 -55 63 63
1 10000 44 8 -2 0 0 0 0 0 0 4 1 105 34 N N N N -665 -205 1 64 64
1 9998 47 10 0 0 0 0 0 0 -2 5 -1 41 29 N N N N -324 -121 -28 44 44
1 10016 61 0 -1 -1 0 0 0 0 0 0 0 39 22 38 69 48 535 -374 -141 -35 52 52
1 9985 60 -26 1 1 0 0 0 0 4 -13 1 66 25 N N N N -596 -222 -51 81 81
1 10001 44 -57 0 -3 0 0 0 0 6 -29 -2 289 58 N N N N -464 -155 -18 54 54
1 10000 66 -71 1 1 0 0 0 0 13 -34 -3 406 87 N N N N -224 -80 -15 28 28
1 10014 59 -82 0 -1 0 0 0 0 21 -37 -4 840 142 36 69 44 535 -293 -123 -44 49 49
1 9986 55 -75 2 1 0 0 0 0 22 -31 -6 337 162 N N N N -29 -73 -89 43 43
1 10000 72 -63 1 2 0 0 0 0 23 -23 -4 144 79 N N N N 88 -63 -123 46 46
1 10000 67 -62 0 -2 0 0 0 0 25 -21 -6 221 78 N N N N -156 -114 -92 56 56
1 10017 69 -65 -1 1 0 0 0 0 28 -19 -6 439 107 38 70 45 536 240 27 -63 5 5
1 13413 75 -51 -13 -124 0 -1420 1 -2 26 -30 -62 807 230 N N N N 89 -38 -88 31 31
1 10805 73 -2 7 0 0 0 0 0 -1 0 -2 -10 53 N N N N 246 -28 -143 39 39
1 10001 62 18 -4 1 0 0 0 0 -8 3 4 61 26 N N N N -136 -82 -54 38 38
1 10017 57 29 3 -2 0 0 0 0 -13 7 4 150 43 40 69 43 536 58 18 -1 -5 -5
1 10454 62 43 1 1 0 0 0 0 -19 11 7 176 57 N N N N 114 9 -35 5 4
1 10000 49 50 -2 1 0 0 0 0 -21 14 8 280 59 N N N N 276 64 -27 -15 -14
1 10000 54 40 2 -1 0 0 0 0 -16 12 6 205 62 N N N N 436 86 -62 -15 -15
1 10015 34 24 -5 -1 0 0 0 0 -8 8 4 112 51 38 68 43 536 282 40 -61 0 0
1 10866 50 0 0 2 0 0 0 0 0 1 0 16 7 N N N N 459 103 -49 -22 -22
1 10001 50 -20 3 -2 0 0 0 0 7 -8 -3 65 11 N N N N 197 66 9 -23 -23
1 10001 42 -31 -2 3 0 0 0 0 12 -9 -5 398 66 N N N N 268 108 37 -42 -42
1 10015 40 12 4 -3 0 0 0 0 -5 4 1 744 172 39 69 42 536 790 191 -64 -47 -47
1 10747 54 45 2 -1 0 0 0 0 -17 15 6 448 165 N N N N 578 117 -76 -21 -21
1 10000 36 65 2 1 0 0 0 0 -22 24 10 147 84 N N N N 669 115 -115 -12 -12
1 9383 56 73 2 -3 0 0 0 0 -22 29 10 94 52 N N N N 706 129 -108 -17 -17
1 10633 48 78 -1 3 0 0 0 0 -18 35 11 121 70 39 67 42 537 550 112 -69 -21 -21
1 10454 57 69 -2 0 0 0 0 0 -11 32 10 43 8 N N N N 298 41 -63 1 1
1 10000 56 69 3 1 0 0 0 0 -7 34 9 100 0 N N N N 188 30 -35 -2 -2
1 10001 60 81 -1 -2 0 0 0 0 -3 40 8 65 57 N N N N 339 62 -50 -8 -8
1 10015 64 75 -2 0 0 0 0 0 2 38 8 70 22 39 67 43 537 73 11 -15 -1 -1
1 10456 56 82 2 1 0 0 0 0 9 41 6 53 16 N N N N 114 15 -24 1 1
1 10000 61 86 -1 -2 0 0 0 0 16 41 5 108 39 N N N N -33 -24 -19 11 11
1 9999 58 87 0 2 0 0 0 0 23 40 2 45 11 N N N N -34 -36 -34 19 19
1 10016 69 87 1 2 0 0 0 0 28 36 2 26 15 39 75 44 538 -33 -23 -16 11 11
1 10866 62 97 0 -4 0 0 0 0 37 35 -2 111 25 N N N N -204 -65 -6 21 21
1 10000 68 79 -1 2 0 0 0 0 34 25 -3 50 18 N N N N -33 -32 -30 17 17
1 10000 56 72 -1 -2 0 0 0 0 34 18 -3 169 34 N N N N -112 -41 -10 15 15
1 10427 77 76 4 39 -2 209 0 0 38 23 -22 156 47 37 71 43 538 -143 -46 -4 15 15
1 9024 45 45 -11 88 -7 1197 0 2 24 23 -50 63 19 N N N N -62 -54 -47 27 27
1 10549 73 62 11 2 0 0 0 0 31 5 -8 90 29 N N N N -235 -72 -2 23 23
1 10000 48 69 -2 -3 0 0 0 0 36 1 -8 533 114 N N N N -176 -64 -16 24 24
1 10016 69 67 2 -1 0 0 0 0 35 -2 -8 187 95 38 68 43 538 -256 -91 -20 33 33
1 9984 62 52 -5 1 0 0 0 0 28 -6 -6 148 61 N N N N -11 -44 -54 25 25
1 10000 73 64 7 -3 0 0 0 0 32 -8 -7 236 71 N N N N -300 -109 -26 40 40
1 10000 60 71 -2 4 0 0 0 0 35 -15 -8 211 67 N N N N -204 -91 -42 38 38
1 10016 58 57 1 -1 0 0 0 0 27 -14 -4 131 51 38 68 42 539 -145 -77 -45 34 34
1 9984 58 39 -2 2 0 0 0 0 17 -12 -4 94 49 N N N N -32 -56 -62 31 31
1 10001 52 23 -1 -2 0 0 0 0 10 -7 -2 160 48 N N N N -81 -27 -4 9 9
1 9999 56 11 1 -1 0 0 0 0 5 -3 -1 45 25 N N N N -54 -30 -19 14 14
1 10016 36 -2 1 3 0 0 0 0 -1 1 -1 9 14 38 67 41 539 -126 -70 -43 31 31
1 9984 60 -3 -2 1 0 0 0 0 -1 1 0 63 16 N N N N -150 -43 2 14 14
1 10000 52 10 3 -3 0 0 0 0 3 -4 0 13 0 N N N N -251 -70 4 21 21
1 10000 42 19 -1 0 0 0 0 0 8 -6 -2 -31 -1 N N N N -92 -51 -32 23 23
1 10017 41 23 1 2 0 0 0 0 10 -8 -1 -95 -54 37 68 42 540 -728 -220 -8 72 72
1 9983 40 26 -1 -1 0 0 0 0 9 -10 -3 -1 -6 N N N N -977 -280 10 88 88
1 10001 52 24 1 -2 0 0 0 0 9 -9 -1 -86 -39 N N N N -1188 -358 -13 119 119
1 9998 26 7 -2 -1 0 0 0 0 2 -3 -1 -123 -55 N N N N -1334 -394 -2 128 128
1 10017 38 0 1 2 0 0 0 0 0 0 1 -16 -17 39 69 41 540 -1248 -349 25 110 110
1 9984 33 -7 2 0 0 0 0 0 -2 3 0 -213 -98 N N N N -1102 -321 3 105 105
1 10000 36 -14 -4 1 0 0 0 0 -5 5 1 -41 -40 N N N N -1159 -317 35 99 99
1 10000 31 -12 4 -2 0 0 0 0 -5 5 1 0 -7 N N N N -1978 -575 11 190 190
1 10016 39 -26 -1 3 0 0 0 0 -10 9 2 41 6 40 67 41 540 -2017 -587 9 198 198
1 9984 32 -33 -1 0 0 0 0 0 -12 12 3 77 14 N N N N -1408 -419 -7 145 145
1 10000 29 -28 0 0 0 0 0 0 -12 9 3 -33 4 N N N N -1189 -360 -15 127 127
1 9999 31 -33 1 -2 0 0 0 0 -15 10 2 80 14 N N N N -1083 -322 -5 113 113
1 10016 39 -37 0 2 0 0 0 0 -16 11 4 110 35 37 70 42 541 -664 -206 -16 76 76
1 9984 33 -32 -1 0 0 0 0 0 -15 8 2 97 20 N N N N -475 -147 -12 54 54
1 10001 52 -25 0 0 0 0 0 0 -12 6 3 44 16 N N N N -323 -112 -27 45 45
1 14143 40 -49 -12 125 -10 1403 0 -2 -23 12 -57 77 11 N N N N -338 -100 -1 35 35
1 10814 43 -50 3 -2 0 0 0 0 -26 9 4 -23 -22 37 70 41 541 -600 -198 -34 77 77
1 10455 58 -56 0 1 0 0 0 0 -29 7 6 108 26 N N N N -750 -215 7 75 75
1 10000 41 -64 3 -1 0 0 0 0 -34 6 7 137 41 N N N N -1320 -401 -21 148 148
1 10001 49 -60 -2 -1 0 0 0 0 -32 2 7 22 14 N N N N -1023 -321 -34 122 122
1 10016 65 -68 3 4 0 0 0 0 -35 -2 9 102 19 36 72 43 542 -672 -214 -29 84 84
1 10807 49 -74 -2 -2 0 0 0 0 -38 -7 11 453 112 N N N N -519 -160 -12 60 60
1 10000 62 -72 3 -2 0 0 0 0 -37 -11 10 443 139 N N N N -74 -51 -50 29 29
1 14186 73 -88 17 -127 35 -1454 0 2 -43 -36 68 76 61 N N N N 801 185 -82 -51 -51
1 10830 54 -40 5 2 0 0 0 0 -18 -12 1 52 30 37 74 42 542 1492 407 -46 -137 -137
1 39983 181 -89 -1 0 0 0 0 0 -37 -29 7 64 61 N N N N 5817 1686 -19 -593 -593
1 40000 166 -46 1 2 0 0 0 0 -16 -17 4 -65 -15 N N N N 2523 733 -3 -252 -252
1 40000 184 -56 1 -4 0 0 0 0 -19 -24 3 28 8 N N N N -568 -170 -7 60 60
1 40016 219 -33 2 0 0 0 0 0 -10 -14 2 224 64 38 70 41 543 -220 -84 -30 35 35
1 39984 213 3 1 2 0 0 0 0 1 2 0 245 83 N N N N 1604 418 -74 -128 -128
1 40001 227 -58 -2 0 0 0 0 0 -15 -26 3 140 40 N N N N 1496 423 -18 -139 -139
1 40001 235 -31 2 -1 0 0 0 0 -7 -15 2 197 55 N N N N -364 -135 -42 54 54
1 39998 205 -10 0 2 0 0 0 0 -2 -4 0 105 41 N N N N -778 -254 -42 95 95
1 44000 240 83 -6 -123 1 -1361 0 -2 20 9 26 -237 -145 N N N N -4233 -1203 40 406 406
1 40001 205 292 3 3 0 0 0 0 109 108 1 523 153 N N N N -3202 -1000 -111 376 376
1 41940 206 206 -1 118 -7 1413 0 2 101 64 -73 534 157 N N N N 2125 571 -70 -188 -188
1 40016 201 -21 -2 3 0 0 0 0 -10 -2 2 355 143 37 69 40 545 7604 2132 -100 -713 -713
1 39984 201 -61 0 1 0 0 0 0 -31 -8 6 31 31 N N N N 5893 1685 -21 -554 -554
1 40000 190 -65 2 4 0 0 0 0 -32 -13 6 -244 -92 N N N N 1212 361 15 -120 -120
1 40000 203 -90 1 -2 0 0 0 0 -43 -22 7 55 -19 N N N N -7753 -2222 22 730 730
1 40000 171 -64 1 -1 0 0 0 0 -27 -20 7 139 41 N N N N -4751 -1390 -27 482 482
1 40000 184 -69 -2 -4 0 0 0 0 -27 -25 5 83 27 N N N N -670 -208 -23 77 77
1 40000 157 -57 1 7 0 0 0 0 -19 -21 4 171 54 N N N N 706 182 -33 -57 -57
1 46237 281 94 -73 -128 -100 -1400 -1 -2 50 2 60 309 103 N N N N 2657 727 -57 -239 -239
1 40015 279 195 1 1 0 0 0 0 84 60 -15 -152 -53 37 69 42 547 1743 494 -11 -166 -166
1 44151 284 44 38 120 47 1401 0 2 13 37 -67 -151 -83 N N N N -5555 -1580 27 539 539
1 40011 231 -91 0 3 0 0 0 0 -43 -20 10 38 -4 N N N N -7301 -2090 20 743 743
1 40000 247 -120 1 0 0 0 0 0 -52 -35 13 143 37 N N N N -3348 -971 -10 360 360
1 40001 249 -99 0 -3 0 0 0 0 -37 -36 10 81 28 N N N N -1141 -347 -33 137 137
1 39999 265 -71 1 2 0 0 0 0 -22 -29 5 55 17 N N N N -332 -103 -15 42 42
1 40002 267 -83 -1 2 0 0 0 0 -21 -37 7 106 33 N N N N 14 -4 -14 4 4
1 39997 265 -42 1 -4 0 0 0 0 -9 -21 2 42 15 N N N N 535 143 -18 -50 -50
1 40016 275 -5 0 1 0 0 0 0 -1 -2 -1 114 29 37 73 41 548 224 55 -17 -17 -17
1 46455 338 173 -7 -123 0 -1410 -2 -2 45 46 27 232 65 N N N N 630 158 -41 -51 -51
1 40412 296 233 -3 -1 0 0 0 0 91 83 -7 459 134 N N N N 1761 466 -66 -160 -160
1 42118 307 196 2 124 -6 1411 0 2 96 64 -78 134 71 N N N N 4195 1163 -64 -412 -412
1 39999 274 44 1 3 0 0 0 0 23 4 -7 228 62 N N N N 4240 1187 -41 -415 -415
1 40002 288 -145 1 1 0 0 0 0 -74 -18 19 211 68 N N N N 2481 681 -44 -229 -229
1 39999 277 -128 0 0 0 0 0 0 -60 -30 16 77 27 N N N N 550 145 -17 -46 -46
1 40001 257 -115 0 -1 0 0 0 0 -47 -37 12 35 9 N N N N -769 -229 -16 82 82
1 40015 252 -87 0 0 0 0 0 0 -30 -34 8 22 3 38 71 40 549 -1194 -351 -15 126 126
1 39985 251 -73 1 2 0 0 0 0 -21 -31 6 23 2 N N N N -2328 -665 -1 234 234
1 40000 214 -81 -2 -3 0 0 0 0 -19 -38 5 -6 -8 N N N N -2237 -639 -2 229 229
1 39998 229 -100 2 3 0 0 0 0 -15 -49 5 101 24 N N N N -2671 -764 -4 277 277
1 44117 261 54 -6 -126 0 -1415 -2 -2 8 -7 16 133 33 N N N N -1410 -417 -24 158 158
1 40354 257 209 3 -7 0 0 0 0 49 95 5 185 54 N N N N -1821 -544 -44 210 210
1 40294 260 262 -1 6 0 0 0 0 107 91 -9 154 42 N N N N -2481 -722 -28 276 276
1 43940 254 185 1 124 -8 1418 0 2 92 57 -80 237 83 N N N N 7 -23 -44 18 18
1 40016 251 -20 -2 0 0 0 0 0 -10 -2 2 110 37 37 70 39 550 1030 277 -28 -99 -99
1 39985 246 -94 -1 2 0 0 0 0 -48 -12 12 90 31 N N N N 703 186 -24 -65 -65
1 39999 254 -64 2 -1 0 0 0 0 -31 -13 9 39 16 N N N N 636 173 -13 -62 -62
1 40000 269 -26 -1 2 0 0 0 0 -12 -6 3 126 36 N N N N 1366 375 -21 -136 -136
1 40000 269 75 -2 -5 0 0 0 0 35 16 -10 108 35 N N N N 1615 447 -19 -160 -160
1 40000 275 87 1 2 0 0 0 0 45 13 -10 88 28 N N N N 1584 438 -18 -156 -156
1 40000 267 87 1 2 0 0 0 0 45 7 -13 106 34 N N N N 1523 421 -17 -149 -149
1 40000 284 93 -1 -2 0 0 -3 0 49 -2 -13 155 50 N N N N 2571 708 -34 -246 -246
1 40016 264 61 0 4 0 0 0 0 32 -4 -8 127 41 38 68 41 551 2750 760 -29 -262 -262
1 39986 285 114 3 -2 0 0 0 0 57 -17 -15 -110 -43 N N N N -2444 -691 2 243 243
1 39997 270 96 -3 -2 0 0 0 0 45 -24 -10 180 45 N N N N -7310 -2074 -10 752 752
1 40001 295 23 2 3 0 0 0 0 11 -6 -3 82 24 N N N N -4330 -1237 -22 467 467
1 40000 251 10 1 -1 0 0 0 0 4 -3 0 68 23 N N N N -1281 -372 -18 145 145
1 40000 281 -52 1 2 0 0 0 0 -23 15 5 50 13 N N N N -224 -67 -7 27 27
1 40001 269 -97 -5 -4 0 0 0 0 -47 21 10 92 27 N N N N -243 -77 -14 32 32
1 44352 317 -207 -3 127 -11 1397 -1 -2 -106 27 -37 103 29 N N N N 110 18 -25 -2 -2
1 40015 299 -232 -3 0 0 0 0 0 -118 -17 36 153 45 38 73 41 552 1022 274 -25 -100 -100
1 45456 327 -181 3 -127 1 -1435 -2 2 -80 -63 85 411 113 N N N N -42 -38 -49 25 25
1 39999 290 -99 4 1 0 0 0 0 -37 -36 9 334 108 N N N N -2926 -863 -71 345 345
1 40002 289 -5 -4 -4 0 0 0 0 -2 -3 1 235 76 N N N N -1483 -446 -56 184 184
1 39998 291 -47 1 0 0 0 0 0 -15 -19 5 150 49 N N N N -612 -192 -39 83 83
1 40002 278 14 0 3 0 0 0 0 4 7 -2 214 63 N N N N -185 -71 -35 34 34
1 40000 302 -3 1 0 0 0 0 0 -1 -2 -1 6 8 N N N N -85 -34 -21 18 18
1 39998 275 -4 -2 -3 0 0 0 0 -1 -2 2 -1 0 N N N N -84 -26 -4 10 10
1 40017 289 17 2 0 0 0 0 0 5 7 -2 11 0 37 70 41 552 -61 -18 -2 8 8
1 44571 340 218 -4 -119 0 -1344 -1 -2 85 47 29 90 21 N N N N 51 9 -10 -2 -2
1 42827 297 152 27 122 24 1380 0 2 68 61 -74 236 70 N N N N 670 171 -33 -61 -61
1 40000 235 -46 -8 -2 0 0 0 0 -23 -7 5 133 43 N N N N 1190 315 -35 -116 -116
1 39999 245 -36 3 3 0 0 0 0 -17 -7 4 82 26 N N N N 902 243 -16 -92 -92
1 40000 210 -5 -1 -1 0 0 0 0 -2 -2 1 92 28 N N N N 564 146 -22 -51 -51
1 40000 224 1 1 -1 0 0 0 0 0 0 0 6 5 N N N N 443 118 -10 -44 -44
1 40000 230 -65 0 3 0 0 0 0 -30 -15 7 183 47 N N N N 275 71 -12 -25 -25
1 40016 225 -135 2 -1 0 0 0 0 -57 -43 14 208 63 38 70 42 553 205 34 -43 -5 -5
1 39983 206 -73 -3 -2 0 0 0 0 -25 -29 7 107 37 N N N N 156 27 -29 -5 -5
1 40001 213 -23 1 -1 0 0 0 0 -8 -9 2 48 16 N N N N 12 -6 -17 6 6
1 43940 256 135 -6 -119 0 -1375 -2 -2 50 22 34 73 21 N N N N 96 20 -14 -5 -5
1 40000 232 219 0 3 0 0 0 0 100 61 -14 17 5 N N N N 100 22 -11 -6 -6
1 44120 250 68 -1 118 -5 1369 0 2 34 36 -65 32 12 N N N N 94 21 -8 -7 -7
1 40000 236 -32 -1 2 0 0 0 0 -16 -5 3 26 6 N N N N 87 24 -1 -9 -9
1 39999 231 -53 2 -2 0 0 0 0 -27 -9 8 48 12 N N N N 6 -3 -8 3 3
1 39999 250 -40 0 2 0 0 0 0 -19 -8 4 30 8 N N N N -16 -7 -6 4 4
1 40000 250 -2 -1 -2 0 0 0 0 -2 0 0 64 17 N N N N -35 -14 -7 6 6
1 40000 234 91 2 1 0 0 0 0 45 17 -11 353 101 N N N N -70 -44 -44 26 26
1 40002 235 96 1 1 0 0 0 0 50 10 -12 370 110 N N N N -196 -83 -52 41 41
1 40000 249 48 -1 -3 0 0 0 0 25 2 -7 138 55 N N N N 39 -22 -62 21 21
1 39997 238 -16 3 3 0 0 -2 0 -8 0 3 43 16 N N N N 153 34 -15 -10 -10
1 40002 238 -40 -6 -5 0 0 0 0 -21 -3 5 104 26 N N N N 210 53 -10 -19 -19
1 39999 234 -18 5 4 0 0 0 0 -10 -1 2 182 52 N N N N -2775 -788 -35 311 311
1 40002 235 25 -1 -1 0 0 0 0 13 2 -3 71 20 N N N N -3681 -1031 -22 410 410
1 39998 241 5 0 1 0 0 0 0 3 -1 -1 51 15 N N N N -4073 -1132 -10 458 458
1 40000 235 3 1 2 0 0 0 0 2 1 0 143 42 N N N N -2441 -685 -22 285 285
1 40000 247 6 0 -3 0 0 0 0 3 0 0 106 33 N N N N 729 190 -25 -74 -74
1 40000 222 6 -2 2 0 0 0 0 3 0 -2 160 47 N N N N 2610 709 -24 -285 -285
1 40002 251 70 0 -5 0 -1 -1 0 37 2 -8 184 58 N N N N 4439 1208 -36 -477 -477
1 40000 222 0 1 5 0 0 0 0 0 -1 -1 88 30 N N N N 4250 1163 -19 -450 -450
1 40000 234 27 -1 -5 0 0 0 0 14 0 -3 142 38 N N N N 220 51 -19 -16 -16
1 39998 233 -16 1 5 0 0 0 0 -8 0 2 152 46 N N N N -1063 -313 -36 128 128
1 40002 238 30 -1 -1 0 0 0 0 16 0 -5 88 26 N N N N -1702 -478 -19 189 189
1 39998 225 -44 1 1 0 0 0 0 -23 1 7 198 56 N N N N -1923 -545 -29 220 220
1 40000 234 3 1 -2 0 0 0 0 1 0 -1 207 62 N N N N -2467 -699 -40 286 286
1 40001 232 -49 1 6 0 0 0 0 -26 0 6 42 15 N N N N -3627 -1008 -23 414 414
1 40001 231 -32 -5 -8 0 1 -2 0 -17 -2 5 9 2 N N N N -2504 -691 -6 286 286
1 39999 237 -84 3 3 0 0 0 0 -44 -7 10 437 114 N N N N -3670 -1023 -36 437 437
1 40001 251 -72 0 1 0 0 0 0 -36 -12 9 255 82 N N N N -4631 -1297 -63 571 571
1 39999 241 -117 3 1 0 0 0 0 -56 -27 13 145 49 N N N N -653 -195 -39 92 92
1 39999 250 -55 -4 -3 0 0 0 0 -23 -17 7 79 27 N N N N 35 0 -25 4 4
1 40001 254 -15 4 3 0 0 0 0 -6 -5 2 78 22 N N N N 182 44 -15 -17 -17
1 39999 248 47 -2 -3 0 0 0 0 19 15 -5 67 21 N N N N -27 -13 -17 9 9
1 40002 248 77 -3 -1 0 0 0 0 35 21 -10 210 53 N N N N -2154 -602 -32 272 272
1 40000 257 97 3 1 0 -1 -1 0 47 20 -11 52 18 N N N N -6100 -1673 -18 761 761
1 40000 258 103 1 4 0 0 0 0 54 11 -13 108 29 N N N N -3911 -1071 -11 502 502
1 40000 278 103 -3 -3 0 0 0 0 55 3 -13 132 34 N N N N -3440 -946 -20 456 456
1 39998 276 -41 3 1 0 0 0 0 -22 0 5 350 100 N N N N -3508 -971 -52 482 482
1 40002 299 -115 2 1 0 0 0 0 -61 -8 15 174 55 N N N N -3498 -964 -43 488 488
1 39998 289 -134 -2 1 0 0 0 0 -66 -23 16 273 75 N N N N -2741 -753 -31 389 389
1 40000 308 -115 1 -3 0 0 0 0 -52 -32 13 276 87 N N N N -3425 -946 -68 502 502
1 40000 285 42 -1 1 0 0 0 0 18 13 -5 110 35 N N N N -3005 -822 -30 440 440
1 40002 298 -12 0 0 0 1 -1 0 -5 -4 2 163 43 N N N N -1870 -511 -22 279 279
1 39998 303 -131 1 2 0 0 0 0 -52 -44 12 408 122 N N N N -127 -46 -69 33 33
1 40002 301 -126 -2 -6 0 0 0 0 -41 -53 11 217 65 N N N N 422 106 -44 -52 -52
1 39998 294 -5 4 2 0 0 0 0 -1 -2 0 77 28 N N N N 280 71 -31 -34 -34
1 40000 313 50 -4 -1 0 0 0 0 14 22 -4 171 48 N N N N -11 -7 -23 6 6
1 40002 309 64 1 1 0 0 0 0 21 26 -5 83 27 N N N N -101 -31 -22 20 20
1 39998 301 45 0 -1 0 0 0 0 16 17 -4 343 94 N N N N -273 -82 -47 50 50
1 40000 314 -114 -1 3 0 0 0 0 -38 -45 9 503 146 N N N N -515 -153 -80 93 93
1 44824 343 124 -5 -124 0 -1376 -1 -2 44 18 34 179 58 N N N N -329 -97 -52 59 59
1 40000 310 218 0 1 0 0 0 0 96 65 -11 68 22 N N N N 123 30 -23 -13 -13
1 41000 310 88 2 121 -8 1387 0 2 44 41 -67 41 17 N N N N 113 27 -14 -14 -14
1 40000 320 -89 -1 1 0 0 0 0 -45 -15 10 79 23 N N N N -4 -2 -12 3 3
1 40000 300 27 1 1 0 0 0 0 13 6 -3 305 83 N N N N 18 -3 -41 7 7
1 39999 290 40 -1 1 0 0 0 0 21 6 -5 339 97 N N N N 362 87 -60 -40 -40
1 40001 296 27 2 1 0 0 0 0 14 3 -3 173 53 N N N N 458 117 -35 -59 -59
1 40000 304 -12 1 -3 0 0 0 0 -7 -2 1 280 84 N N N N 686 175 -46 -89 -89
1 40001 297 -121 -2 0 0 0 0 0 -60 -21 15 332 94 N N N N 973 251 -51 -127 -127
1 39999 285 -143 0 1 0 0 0 0 -63 -40 16 186 61 N N N N 618 155 -51 -76 -76
1 39999 280 -81 1 -1 -1 1 -1 0 -30 -30 8 78 25 N N N N 305 78 -21 -39 -39
1 40000 273 -103 -1 4 0 0 0 0 -33 -41 9 79 24 N N N N 123 29 -16 -13 -13
1 40000 275 -110 0 -4 0 0 0 0 -26 -52 7 115 35 N N N N -56 -19 -22 12 12
1 40001 288 -32 2 3 0 0 0 0 -5 -15 2 25 6 N N N N 38 9 -11 -2 -2
1 40000 281 -34 0 -4 0 0 0 0 -5 -18 1 93 24 N N N N 141 35 -10 -18 -18
1 40000 265 -85 -2 4 0 0 0 0 -8 -42 2 227 59 N N N N 307 78 -22 -38 -38
1 39999 261 -108 -3 0 0 0 0 0 1 -56 2 1039 297 N N N N 1489 363 -162 -170 -170
1 40001 250 21 4 -3 0 0 0 0 -2 10 -1 42 29 N N N N 1984 515 -49 -261 -261
1 44234 290 177 -3 -119 1 -1389 -1 -2 10 59 11 39 12 N N N N 1054 275 -15 -139 -139
1 40352 272 197 -5 -3 0 0 0 0 43 93 9 172 42 N N N N 811 212 -14 -106 -106
1 40355 255 255 6 1 0 0 0 0 98 92 -7 542 150 N N N N 2201 562 -79 -274 -274
1 44412 278 257 -3 119 -9 1383 0 2 128 70 -84 47 33 N N N N 2703 702 -43 -343 -343
1 39997 253 93 0 2 0 0 0 0 49 1 -13 54 16 N N N N 1009 263 -16 -127 -127
1 40002 238 64 1 -2 0 0 0 0 33 -5 -8 273 68 N N N N 479 122 -13 -59 -59
1 40001 238 -28 0 4 0 0 0 0 -14 3 3 131 47 N N N N 1126 283 -50 -130 -130
1 39999 265 -50 -3 -1 0 0 0 0 -26 2 7 83 27 N N N N 1115 287 -21 -136 -136
1 40000 254 28 3 -1 0 0 0 0 14 -1 -4 62 17 N N N N 715 185 -12 -87 -87
1 40001 252 -18 1 -1 0 0 0 0 -10 0 2 91 27 N N N N 632 162 -15 -76 -76
1 39998 265 -58 -1 0 0 0 0 0 -30 2 8 50 14 N N N N 532 136 -10 -63 -63
1 39999 252 -27 0 1 0 0 0 0 -14 -2 4 93 23 N N N N 327 83 -12 -38 -38
1 40001 273 28 4 -1 0 0 -1 0 14 1 -3 90 24 N N N N 390 97 -18 -43 -43
1 40001 252 14 -3 0 0 0 0 0 8 0 -3 76 22 N N N N 481 121 -17 -55 -55
1 40001 263 87 -2 1 0 0 0 0 46 -2 -11 158 40 N N N N 400 101 -12 -46 -46
1 39997 253 74 2 -1 0 0 0 0 38 -8 -10 161 50 N N N N 713 176 -37 -77 -77
1 40002 252 -20 0 4 0 0 0 0 -10 3 2 139 41 N N N N 720 179 -29 -80 -80
1 39998 252 -10 2 0 0 0 0 0 -5 1 2 90 24 N N N N 411 103 -14 -46 -46
1 40000 263 39 -1 -3 0 0 0 0 20 -5 -5 142 41 N N N N 367 90 -18 -40 -40
1 40001 251 31 -3 2 0 0 0 0 16 -5 -4 338 87 N N N N 638 156 -35 -67 -67
1 43941 286 -170 -5 123 -10 1400 -2 -2 -88 23 -43 362 112 N N N N 1947 479 -90 -207 -207
1 40412 273 -245 0 1 0 0 0 0 -126 -14 37 56 21 N N N N 1192 303 -24 -134 -134
1 41882 224 -124 21 -122 32 -1406 0 2 -62 -45 69 26 11 N N N N 660 168 -10 -75 -75
1 40000 231 -51 -1 -1 0 0 0 0 -22 -15 6 155 37 N N N N 431 108 -12 -48 -48
1 40000 207 -34 1 -3 0 0 0 0 -14 -12 3 312 94 N N N N 990 239 -52 -99 -99
1 40001 207 -65 3 3 0 0 0 0 -24 -24 6 51 19 N N N N 1018 257 -23 -112 -112
1 39999 225 -40 1 -2 0 0 0 0 -14 -16 3 14 5 N N N N 646 165 -7 -73 -73
1 40000 218 -57 -4 -1 0 0 0 0 -17 -24 5 12 3 N N N N 308 79 -4 -34 -34
1 40000 209 -33 0 0 0 0 0 0 -9 -15 2 4 -1 N N N N 177 45 -2 -20 -20
1 40000 214 -46 1 -3 0 0 0 0 -11 -22 2 9 0 N N N N 130 33 -2 -14 -14
1 46000 267 93 -5 -115 0 -1370 -1 -2 25 13 28 193 46 N N N N 129 30 -9 -12 -12
1 40001 233 207 0 -1 0 0 0 0 76 79 -1 27 13 N N N N 285 65 -25 -25 -25
1 40601 217 211 2 31 -1 218 0 -1 100 59 -27 7 3 N N N N 90 22 -4 -9 -9
1 39398 234 56 -2 92 -4 1164 0 3 28 25 -53 19 7 N N N N 49 10 -7 -3 -3
1 40000 230 45 1 -5 0 0 0 0 23 3 -5 120 29 N N N N 157 37 -10 -15 -15
1 40001 241 44 1 3 0 0 0 0 24 1 -5 113 32 N N N N 13 -4 -20 5 5
1 39999 249 16 -1 -3 0 0 0 0 8 1 -2 193 49 N N N N 113 21 -22 -6 -6
1 40000 239 39 -1 1 0 0 0 0 21 -1 -5 255 72 N N N N 768 183 -42 -74 -74
1 40000 255 70 2 -1 0 0 0 0 37 -4 -8 149 45 N N N N 767 187 -31 -76 -76
1 40001 249 -8 0 3 0 0 0 0 -4 1 1 78 27 N N N N 867 213 -27 -90 -90
1 39999 260 -35 1 0 0 0 0 0 -19 2 3 21 4 N N N N 700 178 -10 -75 -75
1 44591 301 -229 -7 124 -11 1395 -1 -2 -119 1 -33 54 14 N N N N 208 50 -8 -21 -21
1 41882 290 -171 -2 -124 0 -1404 -1 2 -82 -48 83 218 54 N N N N -256 -75 -23 37 37
1 40001 272 2 3 0 0 0 0 0 0 1 -1 251 74 N N N N 182 28 -46 -5 -5
1 39999 284 -38 0 1 0 0 0 0 -16 -11 5 178 51 N N N N 1078 266 -27 -111 -111
1 39999 285 -29 -1 -1 0 0 0 0 -12 -10 2 90 26 N N N N 688 169 -24 -68 -68
1 40001 292 38 -1 -2 0 0 0 0 16 12 -4 62 21 N N N N 305 72 -18 -28 -28
1 40001 292 -27 2 0 0 0 0 0 -12 -8 3 38 10 N N N N 33 4 -9 -1 -1
1 39999 292 1 1 0 0 0 0 0 0 0 0 186 44 N N N N -294 -82 -17 39 39
1 40001 295 -101 -5 2 0 0 0 0 -38 -35 10 220 61 N N N N -551 -157 -35 73 73
1 43703 346 147 -1 -121 0 -1373 0 -2 60 21 37 193 54 N N N N 191 32 -41 -7 -7
1 42118 334 229 -1 120 -8 1378 -1 2 111 73 -78 57 18 N N N N -36 -16 -19 10 10
1 40000 285 103 -5 2 0 0 0 0 55 5 -14 108 30 N N N N -52 -19 -14 11 11
1 40000 299 30 4 -3 0 0 0 0 15 1 -4 169 46 N N N N -112 -40 -27 21 21
1 40000 302 -29 2 2 0 0 0 0 -15 0 4 110 31 N N N N -125 -41 -21 21 21
1 40000 318 49 -1 0 0 0 0 0 26 -1 -6 118 33 N N N N -7 -11 -22 9 9
1 40000 295 73 1 1 0 0 0 0 38 -5 -10 235 59 N N N N 329 75 -23 -29 -29
1 40000 311 -53 -1 -3 0 0 0 0 -28 4 6 114 35 N N N N 324 69 -36 -23 -23
1 40000 287 -63 0 3 0 0 0 0 -33 2 9 72 22 N N N N 604 146 -20 -60 -60
1 40000 299 -95 -2 -2 0 0 0 0 -50 -5 12 179 47 N N N N 168 34 -21 -11 -11
1 40001 306 -98 3 1 0 0 0 0 -50 -13 13 25 10 N N N N 769 190 -17 -78 -78
1 40000 297 -68 0 -1 0 0 0 0 -34 -12 9 14 3 N N N N 646 164 -4 -69 -69
1 39999 298 -63 0 2 0 0 0 0 -29 -16 7 16 2 N N N N 672 170 -3 -72 -72
1 40001 297 -97 -2 0 0 0 0 0 -40 -31 11 88 21 N N N N 723 181 -7 -75 -75
1 39999 297 -32 2 0 0 0 0 0 -13 -11 3 101 26 N N N N 124 24 -19 -7 -7
1 40000 278 41 -1 -2 0 0 0 0 16 14 -5 66 16 N N N N -1272 -331 -15 143 143
1 40000 290 30 2 0 0 0 0 0 12 10 -3 29 9 N N N N -1028 -267 -9 114 114
1 40000 284 13 -2 0 0 0 0 0 6 4 -1 88 22 N N N N -94 -28 -11 14 14
1 40000 286 -14 1 2 0 0 -2 0 -7 -3 1 66 17 N N N N 661 164 -11 -67 -67
1 40000 284 0 1 -3 0 0 0 0 0 -1 0 102 23 N N N N -2420 -622 -11 267 267
1 40000 285 -36 -2 1 0 0 0 0 -14 -12 4 238 64 N N N N -601 -168 -36 79 79
1 40000 276 -31 0 -1 0 0 0 0 -12 -11 3 89 26 N N N N 154 30 -24 -9 -9
1 40001 264 -76 2 2 0 0 0 0 -27 -29 7 87 22 N N N N -780 -205 -17 92 92
1 39999 260 -109 -2 2 0 0 0 0 -31 -47 9 101 29 N N N N -291 -82 -19 39 39
1 40000 269 -85 3 -1 0 0 0 0 -18 -41 5 90 27 N N N N 1212 301 -18 -128 -128
1 40000 247 -69 -3 1 0 0 0 0 -10 -34 3 67 17 N N N N 1283 320 -12 -136 -136
1 45296 313 95 -5 -123 0 -1380 0 -2 16 14 18 48 12 N N N N 1674 423 -9 -179 -179
1 39999 273 172 0 -2 0 0 0 0 45 78 4 54 15 N N N N 2121 536 -6 -225 -225
1 40001 304 180 -1 -2 0 0 0 0 70 65 -6 175 41 N N N N 2549 639 -20 -264 -264
1 38291 238 223 4 110 24 1389 0 0 108 72 -70 172 47 N N N N 1835 453 -28 -181 -181
1 41709 239 125 23 14 1 -2 -1 2 62 9 -24 38 15 N N N N 134 24 -21 -7 -7
1 39999 228 5 -1 -2 0 0 0 0 3 1 -1 26 9 N N N N -258 -70 -9 30 30
1 40000 219 -32 -1 2 0 0 0 0 -17 -1 4 29 5 N N N N -281 -73 -5 31 31
1 40000 227 -50 3 1 0 0 0 0 -27 -2 6 22 7 N N N N -249 -65 -4 28 28
1 40000 223 -50 -1 0 0 0 0 0 -26 -5 5 14 2 N N N N -344 -90 -5 38 38
1 40000 227 -43 -1 1 0 0 0 0 -22 -5 5 -1 -1 N N N N -242 -62 -1 25 25
1 40000 223 -14 0 -2 0 0 0 0 -8 -2 1 6 0 N N N N -148 -37 0 16 16
1 39999 214 39 0 -1 0 0 0 0 20 5 -4 39 5 N N N N -87 -23 -3 10 10
1 40002 216 94 0 1 0 0 0 0 50 9 -10 76 19 N N N N -204 -57 -10 25 25
1 39999 221 90 2 0 0 0 0 0 48 0 -11 56 16 N N N N 18 -1 -12 2 2
1 40002 225 87 1 0 0 0 0 0 46 -7 -9 183 45 N N N N 332 76 -18 -28 -28
1 39999 219 -73 -4 -2 0 0 0 0 -38 6 8 152 45 N N N N 164 27 -33 -5 -5
1 39999 218 -111 4 2 0 0 0 0 -60 1 13 68 20 N N N N -7 -9 -16 6 6
1 40000 218 -150 -2 -1 0 0 0 0 -78 -18 16 142 36 N N N N 37 0 -19 3 3
1 40001 211 -124 -1 2 0 0 0 0 -59 -29 13 62 20 N N N N 293 67 -17 -24 -24
1 39998 218 -103 1 0 0 0 0 0 -44 -32 10 30 9 N N N N 434 105 -9 -42 -42
1 43589 251 60 -7 -125 1 -1392 -1 -2 26 -9 44 34 7 N N N N 378 93 -5 -37 -37
1 39999 217 185 0 3 0 0 0 0 88 47 -10 6 -1 N N N N 262 65 -3 -26 -26
1 43470 238 47 -1 118 -5 1383 0 2 23 32 -64 144 38 N N N N 153 32 -15 -11 -11
1 40001 232 -31 3 3 0 0 0 0 -16 -4 4 90 24 N N N N 159 31 -19 -9 -9
1 40000 215 -22 0 -1 0 0 0 0 -11 -4 3 42 12 N N N N 130 27 -12 -9 -9
1 39998 203 -11 1 0 0 0 0 0 -6 -1 1 11 4 N N N N 191 46 -5 -18 -18
1 40000 225 -4 0 -2 0 0 0 0 -2 -2 0 11 1 N N N N 175 43 -2 -18 -18
1 40001 212 -19 0 4 0 0 0 0 -9 -2 2 46 11 N N N N 109 26 -4 -9 -9
1 39999 212 -15 -1 1 0 0 0 0 -7 -3 2 139 35 N N N N 313 69 -20 -25 -25
1 40000 218 38 1 -3 0 0 0 0 18 7 -4 47 14 N N N N 374 89 -11 -35 -35
1 40000 216 65 -2 1 0 0 -1 0 34 9 -8 30 7 N N N N 283 68 -7 -26 -26
1 40000 214 66 3 -1 0 0 0 0 34 6 -8 31 8 N N N N 349 84 -7 -33 -33
1 40001 213 78 -1 5 0 0 0 0 42 4 -9 77 18 N N N N 233 55 -8 -21 -21
1 39999 225 99 -1 -1 0 0 0 0 53 -5 -12 69 18 N N N N 398 95 -12 -36 -36
1 40001 203 89 2 -1 0 0 0 0 46 -12 -9 55 14 N N N N 477 114 -12 -44 -44
1 40001 217 97 -4 -1 0 0 0 0 48 -21 -9 79 20 N N N N 522 126 -10 -49 -49
1 39999 211 -69 1 1 0 0 0 0 -34 15 6 305 75 N N N N 646 146 -35 -52 -52
1 39999 222 -72 -2 -5 0 0 0 0 -37 12 8 51 23 N N N N 51 -1 -27 5 5
1 43472 245 -132 -4 131 -11 1400 -1 -2 -69 17 -51 79 19 N N N N -125 -37 -11 17 17
1 40001 248 -208 0 0 0 0 0 0 -109 -10 28 15 6 N N N N -261 -70 -9 29 29
1 41412 233 -123 2 -125 0 -1412 0 2 -59 -39 77 28 8 N N N N -277 -71 -4 30 30
1 40000 234 -100 0 -3 0 0 0 0 -44 -31 10 40 8 N N N N -460 -120 -8 49 49
1 40000 231 -85 0 0 0 0 0 0 -32 -31 8 24 6 N N N N -380 -97 -5 40 40
1 40000 235 -75 -1 1 0 0 0 0 -24 -31 6 28 6 N N N N -317 -83 -5 35 35
1 40000 228 -80 1 0 0 0 0 0 -21 -36 5 47 10 N N N N -367 -95 -6 39 39
1 39999 232 -104 -1 2 0 0 0 0 -19 -50 6 53 14 N N N N -583 -151 -10 63 63
1 40000 237 -48 0 -2 0 0 0 0 -6 -25 1 77 16 N N N N -620 -160 -11 67 67
1 40001 228 -7 2 -1 0 0 0 0 -1 -4 0 88 21 N N N N -615 -160 -12 67 67
1 44116 288 137 -8 -121 0 -1369 -1 -2 22 37 19 80 23 N N N N -850 -220 -14 93 93
1 40415 259 206 -1 0 0 0 0 0 61 90 3 55 13 N N N N -600 -155 -10 66 66
1 40352 256 224 2 -1 0 0 0 0 97 70 -9 28 5 N N N N -456 -117 -7 49 49
1 45586 295 175 0 122 -7 1382 0 2 89 51 -77 -1 2 N N N N -283 -73 -5 31 31
1 40000 237 27 -2 2 0 0 0 0 15 1 -4 3 -1 N N N N -191 -48 -1 20 20
1 40000 266 -1 3 -3 0 0 0 0 -1 1 1 110 24 N N N N -73 -23 -10 11 11
1 40001 252 -38 0 3 0 0 0 0 -20 -3 4 136 35 N N N N 264 58 -18 -20 -20
1 39999 262 -68 -2 -3 0 0 0 0 -36 -6 8 83 24 N N N N 498 115 -19 -45 -45
1 40001 259 -22 2 3 0 0 0 0 -11 -4 3 104 25 N N N N 29 2 -12 1 1
1 39999 275 44 -2 0 0 0 0 0 23 6 -5 87 25 N N N N -82 -30 -21 16 16
1 40000 257 68 3 -1 0 0 0 0 35 5 -9 89 23 N N N N -2 -7 -15 6 6
1 40000 274 27 -4 -2 -1 0 0 0 15 1 -3 76 19 N N N N 233 53 -11 -20 -20
1 40000 248 0 3 3 0 0 0 0 0 1 0 30 8 N N N N 572 138 -11 -55 -55
1 40000 271 28 2 -3 0 0 0 0 14 1 -4 53 13 N N N N -367 -95 -7 40 40
1 40000 257 -18 -3 0 0 0 0 0 -9 -1 3 159 37 N N N N -561 -150 -21 65 65
1 39999 268 -32 1 0 0 0 0 0 -17 -1 4 70 21 N N N N -438 -117 -17 52 52
1 40001 231 -39 2 2 0 0 0 0 -21 -3 5 55 15 N N N N -155 -44 -11 20 20
1 39999 265 -91 -2 -3 0 0 0 0 -47 -11 11 24 4 N N N N -212 -55 -6 24 24
1 40000 245 -147 1 3 0 0 0 0 -70 -33 17 142 31 N N N N -232 -63 -12 28 28
1 40002 253 -75 -1 -2 0 0 0 0 -32 -23 8 112 33 N N N N -198 -60 -23 29 29
1 39998 244 41 -1 -1 0 0 0 0 17 13 -4 46 15 N N N N 350 82 -13 -32 -32
1 40000 235 49 1 4 0 0 0 0 22 14 -6 89 22 N N N N 409 95 -14 -37 -37
1 40001 241 56 -2 -2 0 0 0 0 26 14 -6 170 41 N N N N 131 24 -19 -7 -7
1 39999 241 -70 3 2 0 0 0 0 -33 -17 8 92 28 N N N N -449 -122 -23 55 55
1 40001 235 -66 0 0 0 0 0 0 -28 -20 7 26 7 N N N N -407 -106 -9 45 45
1 40000 232 -61 -3 0 0 0 0 0 -24 -21 6 27 6 N N N N -350 -89 -6 38 38
1 40000 242 -100 -1 0 0 0 0 0 -34 -40 8 62 15 N N N N -312 -81 -8 35 35
1 44530 279 65 -1 -123 1 -1378 0 -2 21 -4 36 78 16 N N N N -554 -143 -11 62 62
1 40001 246 170 -2 -3 0 0 0 0 70 58 -5 103 28 N N N N -318 -86 -17 39 39
1 39437 236 175 25 122 24 1379 0 2 81 64 -74 47 12 N N N N -335 -86 -7 37 37
1 40562 198 67 3 1 0 0 0 0 35 7 -8 37 10 N N N N -111 -33 -12 16 16
1 40001 211 17 -1 2 0 0 0 0 9 2 -2 19 7 N N N N 60 12 -5 -5 -5
1 40000 205 15 0 -1 0 0 0 0 8 0 -1 106 22 N N N N 40 7 -9 -1 -1
1 40000 199 -24 0 0 0 0 0 0 -13 -1 2 96 25 N N N N 331 74 -18 -28 -28
1 39999 202 -48 -2 0 0 0 0 0 -25 -5 5 111 31 N N N N 852 202 -20 -81 -81
1 40000 198 -11 2 1 0 0 0 0 -6 -1 1 11 7 N N N N 924 225 -8 -93 -93
1 40001 201 4 0 0 0 0 0 0 2 2 0 19 2 N N N N 614 151 -3 -62 -62
1 40000 188 4 0 -2 0 0 0 0 2 0 -1 5 2 N N N N 462 114 -3 -46 -46
1 40000 220 -10 -1 0 0 0 -2 0 -5 -2 1 11 0 N N N N 336 82 -2 -34 -34
1 40000 182 29 0 1 0 0 0 0 15 4 -3 118 24 N N N N 162 38 -4 -15 -15
1 39999 201 20 0 -1 0 0 0 0 11 1 -2 73 25 N N N N 1040 246 -24 -97 -97
1 40000 197 4 1 2 0 0 0 0 2 1 -1 2 1 N N N N 770 189 -4 -76 -76
1 38678 95 59 178 -49 142 -454 -113 -4 7 -4 13 -10 -1 N N N N 231 57 -1 -23 -23
1 40010 55 82 28 -4 -1 -1 -179 0 43 1 -3 10 1 N N N N 92 23 1 -10 -10
1 40062 1 55 -17 3 1 1 -174 0 33 -2 -3 10 1 N N N N 9 2 -1 -1 -1
1 47314 -159 -44 228 14 341 -1 -166 0 -56 3 5 -8 1 N N N N -56 -15 -3 7 7
1 32699 -219 -102 24 0 1 0 -139 0 -57 -1 -20 1 0 N N N N 19 6 3 -3 -3
1 39983 -349 -64 -19 -6 0 -1 -173 0 -30 -3 -10 -66 -11 N N N N 60 16 4 -7 -7
1 39983 -411 -57 8 4 0 1 -170 0 -31 -10 -10 -132 -33 N N N N -1056 -248 27 97 97
1 41273 -455 -50 -131 14 -1 0 -52 4 -10 -3 -3 -28 -7 N N N N -741 -181 5 73 73
1 39999 -485 -2 2 -1 0 0 0 0 -1 -1 0 -103 -24 N N N N -855 -209 8 85 85
1 40000 -484 43 0 1 0 0 0 0 21 8 5 -197 -50 N N N N -1697 -406 32 163 163
1 40000 -473 -14 2 -2 0 0 0 0 -7 -3 -1 -84 -21 N N N N -1134 -273 19 111 111
1 40000 -486 8 -2 3 0 0 0 0 4 2 1 -131 -33 N N N N -423 -98 15 38 38
1 40000 -468 77 2 0 0 0 0 0 39 9 12 -117 -28 N N N N 134 43 24 -22 -22
1 40000 -475 90 0 1 0 0 0 0 47 4 14 -87 -22 N N N N 557 146 16 -63 -63
1 40000 -494 99 -2 -2 0 0 0 0 52 -5 17 -97 -22 N N N N 759 195 15 -84 -84
1 44764 -498 -275 -18 -130 -22 -1382 -5 -2 -141 -29 22 -172 -43 N N N N 737 195 26 -86 -86
1 43001 -429 -282 -26 129 -41 1405 -1 2 -125 -57 -87 -131 -35 N N N N 342 97 25 -44 -44
1 39998 -331 -33 1 2 0 0 0 0 -12 -12 -4 -231 -59 N N N N -542 -121 32 45 45
1 40000 -356 0 -2 -4 0 0 0 0 0 0 1 -44 -13 N N N N -48 -5 17 -2 -2
1 40000 -352 -37 2 0 0 0 0 0 -12 -15 -4 -40 -9 N N N N 182 49 7 -21 -21
1 40000 -345 -55 0 1 0 0 0 0 -18 -23 -4 -183 -46 N N N N 105 34 16 -17 -17
1 40001 -341 -41 -2 -3 0 0 0 0 -9 -19 -3 -113 -31 N N N N 442 124 31 -56 -56
1 40000 -333 -68 1 2 0 0 0 0 -17 -31 -5 -47 -11 N N N N 967 245 9 -103 -103
1 39999 -341 -38 2 0 0 0 0 0 -7 -19 -2 -82 -21 N N N N -357 -83 14 32 32
1 43411 -366 289 1 129 0 1382 -2 -2 81 126 -30 -86 -20 N N N N -204 -44 14 16 16
1 41178 -370 376 -2 -121 2 -1392 -1 2 179 81 91 -218 -57 N N N N -151 -24 30 4 4
1 40000 -327 96 3 -1 0 0 0 0 51 3 12 -166 -44 N N N N 82 33 28 -18 -18
1 39999 -343 -3 -4 0 0 0 0 0 -1 0 0 -89 -25 N N N N -321 -70 23 25 25
1 40000 -328 11 6 3 0 0 0 0 5 0 1 -5 0 N N N N -169 -40 4 16 16
1 40000 -323 6 -6 0 0 0 0 0 4 -1 1 -38 -9 N N N N 40 13 6 -6 -6
1 40000 -320 -23 -1 -5 0 0 0 0 -12 0 -2 -31 -6 N N N N 25 7 3 -4 -4
1 40001 -325 28 4 4 0 0 0 0 14 1 3 -31 -6 N N N N 114 32 6 -14 -14
1 40000 -320 73 0 1 0 0 0 0 39 -6 9 -197 -49 N N N N 382 107 25 -49 -49
1 39999 -322 136 1 0 0 0 0 0 69 -23 15 -111 -30 N N N N 1256 325 23 -137 -137
1 43178 -335 -239 -6 -134 1 -1404 0 -2 -123 2 39 -62 -15 N N N N 1276 326 13 -136 -136
1 42939 -338 -425 10 126 -1 1405 0 2 -211 -45 -115 -38 -10 N N N N 909 232 8 -96 -96
1 40000 -285 -44 -4 2 0 0 0 0 -17 -15 -4 -55 -12 N N N N 527 136 8 -57 -57
1 40000 -314 -76 -6 -3 0 0 0 0 -27 -29 -6 -8 -2 N N N N 516 132 6 -54 -54
1 40001 -313 -69 4 3 0 0 0 0 -21 -30 -6 -17 -1 N N N N 319 81 1 -33 -33
1 40000 -304 -78 1 -2 0 0 0 0 -19 -36 -5 -92 -21 N N N N 318 85 10 -35 -35
1 39999 -302 -20 -2 2 0 0 0 0 -4 -9 -2 -388 -100 N N N N 497 147 46 -68 -68
1 40001 -285 -82 0 -1 0 0 0 0 -13 -41 -4 -53 -21 N N N N -45 4 30 -6 -6
1 39999 -305 -86 1 3 0 0 0 0 -7 -44 -3 -43 -11 N N N N -224 -52 9 19 19
1 40001 -277 -76 1 1 0 0 0 0 -1 -39 -1 -137 -36 N N N N -412 -96 17 35 35
1 41060 -319 193 4 124 0 1374 -13 -2 12 97 -17 -55 -14 N N N N -781 -188 16 73 73
1 40471 -319 388 2 -2 0 0 0 0 118 163 -2 -73 -18 N N N N -375 -90 9 35 35
1 43999 -326 340 -9 -124 0 -1389 -2 2 171 56 94 -161 -43 N N N N -927 -220 29 85 85
1 40001 -278 7 3 2 0 0 0 0 3 -1 1 -12 -4 N N N N -338 -82 7 32 32
1 40000 -288 -37 -1 -1 0 0 0 0 -19 -1 -5 -52 -11 N N N N -149 -34 8 12 12
1 40000 -291 -11 2 4 0 0 0 0 -7 0 -1 -31 -8 N N N N 323 83 4 -34 -34
1 40000 -284 0 -2 -4 0 0 0 0 1 0 0 -57 -12 N N N N 701 183 12 -77 -77
1 39999 -298 16 1 0 0 0 0 0 8 1 2 -55 -13 N N N N 291 75 4 -31 -31
1 40001 -281 96 -2 1 0 0 0 0 52 -1 12 -159 -42 N N N N -454 -103 23 38 38
1 40000 -297 97 -3 -4 0 0 0 0 52 -10 12 -136 -35 N N N N -1275 -311 23 123 123
1 41174 -304 -80 -2 -129 1 -1390 -28 -2 -42 -20 55 -148 -41 N N N N -1143 -275 30 107 107
1 39857 -299 -429 2 97 0 1396 0 -2 -218 -28 -100 -90 -26 N N N N -395 -93 15 36 36
1 43616 -315 -186 0 36 0 -1 -25 4 -72 -64 -31 -220 -59 N N N N -2 17 38 -14 -14
1 39998 -289 -120 -3 -3 0 0 0 0 -32 -54 -8 -91 -25 N N N N -338 -77 18 29 29
1 40000 -311 -99 -1 0 0 0 0 0 -17 -48 -5 -67 -19 N N N N -296 -70 12 27 27
1 40001 -310 -53 3 1 0 0 0 0 -6 -27 -2 -21 -3 N N N N -44 -8 7 2 2
1 39999 -316 -50 1 0 0 0 0 0 -4 -26 -1 -31 -7 N N N N 124 34 5 -15 -15
1 40000 -318 -58 -1 -4 0 0 0 0 -1 -30 -1 -39 -8 N N N N 493 128 7 -54 -54
1 40000 -320 -66 -2 2 0 0 0 0 4 -34 0 -42 -10 N N N N 425 111 6 -47 -47
1 40001 -330 -61 -1 -1 0 0 0 0 6 -31 0 -74 -18 N N N N 465 122 10 -52 -52
1 44235 -380 301 8 127 0 1389 1 -2 2 153 -16 -320 -84 N N N N 579 167 42 -75 -75
1 40000 -355 478 -3 -1 0 0 0 0 158 191 0 -81 -25 N N N N -1857 -458 29 183 183
1 41059 -338 321 1 -125 0 -1401 -1 2 168 28 97 -25 -7 N N N N -1485 -374 7 154 154
1 40001 -333 67 -3 4 0 0 0 0 35 -5 8 -78 -19 N N N N -1126 -283 8 117 117
1 40001 -348 51 -3 -1 0 0 0 0 27 -7 6 -68 -17 N N N N -1894 -475 15 197 197
1 39998 -338 53 2 -1 0 0 0 0 27 -9 5 -87 -23 N N N N -1097 -274 12 114 114
1 40000 -337 52 2 2 0 0 0 0 25 -11 6 -178 -46 N N N N -1777 -442 23 185 185
1 40000 -356 28 0 0 0 0 0 0 14 -6 3 -294 -82 N N N N -1369 -330 46 135 135
1 40001 -351 -56 0 -3 0 0 0 0 -27 12 -6 -110 -31 N N N N -947 -229 30 95 95
1 39999 -339 -62 -4 0 0 0 0 0 -31 11 -6 -50 -13 N N N N 2665 684 13 -298 -298
1 43174 -375 -325 -5 -130 -1 -1388 1 -2 -171 -15 26 -40 -9 N N N N 837 219 12 -96 -96
1 41591 -362 -357 5 130 1 1410 0 2 -161 -75 -101 -72 -17 N N N N 1092 281 7 -121 -121
1 40001 -327 -87 2 0 0 0 0 0 -28 -36 -7 -259 -65 N N N N 1378 362 23 -157 -157
1 39999 -347 66 0 2 0 0 0 0 20 28 4 -88 -29 N N N N 771 212 35 -95 -95
1 39999 -336 30 -3 -2 0 0 0 0 11 12 3 -42 -11 N N N N -148 -33 10 13 13
1 40002 -349 26 3 2 0 0 0 0 9 10 2 -130 -34 N N N N -702 -171 20 68 68
1 40000 -343 5 -4 -2 0 0 0 0 2 2 1 -143 -38 N N N N -37 -2 18 -2 -2
1 39998 -329 6 1 -1 0 0 0 0 2 2 1 -266 -71 N N N N -2018 -501 34 206 206
1 40001 -336 -70 3 2 0 0 0 0 -25 -27 -6 -167 -49 N N N N -1578 -390 36 161 161
1 44881 -394 289 6 120 -1 1376 0 -2 121 94 -33 -196 -54 N N N N -12 15 44 -13 -14
1 40706 -358 232 -7 -117 1 -1385 0 2 122 21 86 -207 -57 N N N N 115 43 31 -24 -23
1 40001 -329 -24 0 1 0 0 0 0 -13 -1 -2 -236 -67 N N N N 2085 549 32 -240 -240
1 39999 -334 30 1 -2 0 0 0 0 16 1 3 -184 -51 N N N N -861 -203 44 79 79
1 40002 -336 -8 0 1 0 0 0 0 -4 0 -1 -111 -33 N N N N -591 -142 24 57 57
1 39997 -333 -39 -2 1 0 0 0 0 -21 0 -4 -13 -3 N N N N -167 -40 8 16 16
1 40002 -338 -48 -3 0 0 0 0 0 -25 -4 -6 -128 -32 N N N N 48 15 7 -8 -8
1 40000 -332 -50 1 -3 0 0 0 0 -26 -6 -6 -95 -28 N N N N -181 -35 28 10 10
1 40000 -354 -65 3 4 0 0 0 0 -34 -10 -7 -367 -98 N N N N -436 -94 42 34 34
1 39998 -340 -43 1 -4 0 0 -1 0 -21 -8 -5 -218 -65 N N N N -1297 -316 49 128 128
1 40002 -359 -2 -4 1 0 0 0 0 -1 0 0 -96 -28 N N N N -438 -102 26 40 40
1 40001 -348 -41 2 0 0 0 0 0 -20 -10 -4 -43 -13 N N N N -21 0 14 -2 -2
1 39999 -341 4 -1 1 0 0 0 0 2 1 0 -88 -22 N N N N 86 26 9 -13 -13
1 39999 -363 -66 1 0 0 0 0 0 -30 -18 -7 -275 -74 N N N N -329 -72 34 25 25
1 39999 -353 -41 1 -2 0 0 0 0 -17 -14 -3 -277 -79 N N N N -1397 -339 56 139 139
1 40000 -345 -49 -4 1 0 0 0 0 -20 -16 -4 -127 -38 N N N N -838 -206 29 86 86
1 40003 -344 -33 0 -3 0 0 0 0 -12 -12 -3 -35 -12 N N N N -304 -74 13 30 30
1 43822 -409 298 4 125 0 1389 0 -2 132 87 -32 -84 -20 N N N N -94 -19 15 6 6
1 43706 -386 226 0 -126 0 -1400 0 2 121 9 88 -65 -17 N N N N -33 -5 8 1 1
1 40001 -354 11 -4 1 0 0 0 0 6 -1 1 -120 -33 N N N N -122 -25 18 8 8
1 40000 -351 -45 2 4 0 0 0 0 -25 2 -5 -156 -42 N N N N -422 -100 27 40 40
1 39999 -344 -44 -2 1 0 0 0 0 -23 -1 -5 -40 -13 N N N N -476 -118 16 49 49
1 40000 -336 -58 1 -2 0 0 0 0 -31 -3 -7 -57 -16 N N N N -395 -99 10 43 43
1 40000 -345 -27 -2 1 0 0 0 0 -14 -3 -3 -399 -108 N N N N -802 -189 52 76 76
1 40000 -334 -11 2 0 0 0 0 0 -6 -1 -2 -79 -26 N N N N -1431 -362 30 157 157
1 40001 -332 -17 0 0 0 0 0 0 -9 -2 -1 -462 -126 N N N N -950 -230 51 96 96
1 40000 -330 -97 0 -1 0 0 0 0 -49 -17 -11 -101 -36 N N N N -2011 -509 46 225 225
1 39999 -333 -55 -1 1 0 0 0 0 -26 -13 -6 -89 -25 N N N N -853 -217 16 97 97
1 40001 -331 -62 0 -1 0 0 0 0 -28 -17 -6 -96 -28 N N N N -475 -117 21 51 51
1 40000 -315 -64 1 0 0 0 0 0 -28 -20 -5 -152 -44 N N N N -405 -99 23 42 42
1 40001 -316 -74 0 0 0 0 0 0 -27 -28 -7 -311 -86 N N N N -429 -101 35 41 41
1 39998 -293 -78 -2 -1 0 0 0 0 -25 -32 -5 -200 -60 N N N N -1038 -255 51 112 112
1 40002 -314 -90 0 1 0 0 0 0 -23 -41 -6 -161 -46 N N N N -940 -240 22 109 109
1 39998 -291 -48 1 -5 0 0 0 0 -10 -23 -2 -298 -89 N N N N -1536 -385 60 172 172
1 45589 -363 323 5 125 0 1402 1 -2 99 136 -30 -37 -13 N N N N -1377 -356 19 167 167
1 41236 -308 380 -5 -118 0 -1392 0 2 189 64 93 -22 -5 N N N N -494 -128 6 61 61
1 39999 -280 80 -1 -4 0 0 0 0 43 -1 10 -32 -8 N N N N -123 -31 4 14 14
1 39999 -290 -67 -1 4 0 0 0 0 -36 2 -8 -374 -104 N N N N -837 -205 52 91 91
1 40002 -275 -62 2 -3 0 0 0 0 -33 -2 -8 -52 -19 N N N N -1112 -287 22 136 136
1 39998 -287 -58 -2 1 0 0 0 0 -31 -4 -6 -30 -8 N N N N -591 -154 9 73 73
1 40001 -274 -44 2 1 0 0 0 0 -23 -6 -5 -28 -5 N N N N -320 -82 6 39 39
1 39999 -289 -6 -1 -2 0 0 0 0 -3 -1 -1 -564 -152 N N N N -309 -73 32 32 32
1 40000 -295 82 0 1 0 0 0 0 43 9 10 -95 -39 N N N N -2843 -731 76 350 350
1 40000 -288 74 -2 0 -1 -1 -42 0 40 3 8 -45 -13 N N N N -1801 -472 15 234 234
1 40001 -288 71 0 -1 0 0 0 0 38 -1 8 -33 -10 N N N N -937 -246 9 124 124
1 39999 -297 163 2 1 0 0 0 0 84 -21 18 -1127 -307 N N N N -1386 -342 107 159 159
1 40000 -280 -79 -5 0 0 0 0 0 -39 13 -9 -191 -79 N N N N -2714 -696 113 345 345
1 40000 -299 -89 3 2 0 0 0 0 -48 9 -10 -42 -18 N N N N -1207 -317 23 162 162
1 40000 -290 -53 -3 0 0 0 0 0 -28 0 -5 -8 -3 N N N N -502 -132 5 69 69
1 40000 -304 -61 1 -1 0 0 0 0 -33 -1 -8 -17 -3 N N N N -221 -58 4 30 30
1 40000 -308 -52 1 -1 0 0 0 0 -28 -4 -4 -16 -2 N N N N -67 -17 3 9 9
1 40000 -301 25 2 -1 1 0 -1 0 14 2 1 -275 -76 N N N N -211 -50 36 22 22
1 40000 -308 94 0 2 0 0 0 0 50 3 11 -302 -87 N N N N -51 -5 46 -4 -4
1 40000 -320 24 -3 0 0 0 0 0 13 1 3 -476 -140 N N N N -435 -103 67 47 47
1 40000 -311 -97 2 0 0 0 0 0 -52 -2 -12 -154 -51 N N N N -1248 -323 56 165 165
1 40001 -310 -58 0 -1 0 0 0 0 -31 -5 -5 -12 -4 N N N N -724 -191 16 100 100
1 39999 -304 -22 0 -3 0 0 0 0 -11 -3 -3 -233 -67 N N N N -241 -61 17 31 31
1 40000 -325 -13 -1 4 0 0 0 0 -7 -2 -2 -349 -101 N N N N -305 -71 63 30 30
1 40000 -321 73 1 1 0 0 0 0 38 8 9 -188 -58 N N N N -710 -182 50 93 93
1 40000 -302 80 0 -2 0 0 0 0 43 4 9 -66 -21 N N N N -398 -104 18 54 54
1 40002 -321 112 0 1 0 0 0 0 60 -6 12 -187 -54 N N N N -225 -56 26 27 27
1 39998 -298 127 -5 -1 0 0 0 0 66 -19 14 -593 -169 N N N N -224 -47 85 16 16
1 40000 -299 -20 2 -1 0 0 0 0 -10 4 -3 -211 -68 N N N N 285 87 61 -55 -55
1 40000 -299 -31 2 3 0 0 0 0 -17 5 -3 -117 -37 N N N N 344 97 27 -57 -57
1 40001 -317 -68 -3 -3 0 0 0 0 -34 10 -7 -219 -64 N N N N 101 34 39 -23 -23
1 39999 -309 -59 2 0 0 0 0 0 -32 3 -7 -139 -41 N N N N 106 34 30 -22 -22
1 40000 -284 56 -2 1 0 0 0 0 30 -4 7 -392 -113 N N N N -3 8 54 -11 -11
1 43177 -323 -277 -6 -130 0 -1400 0 -2 -146 -27 33 -408 -123 N N N N -777 -196 89 96 96
1 41294 -307 -271 6 125 0 1408 0 2 -126 -49 -88 -236 -68 N N N N 583 163 27 -92 -92
1 40000 -287 108 -4 2 0 0 0 0 46 35 9 -309 -94 N N N N 2531 698 61 -386 -386
1 40000 -285 116 3 2 0 0 0 0 55 27 12 -202 -64 N N N N 2898 798 49 -430 -430
1 39998 -298 99 -1 -1 0 0 0 0 51 15 9 -368 -106 N N N N 3449 952 59 -504 -504
1 40000 -291 -83 1 3 0 0 0 0 -43 -12 -9 -93 -32 N N N N 4466 1226 37 -628 -628
1 40002 -280 -92 -1 -1 0 0 0 0 -45 -19 -9 -44 -12 N N N N 2531 694 13 -346 -346
1 39998 -297 -109 2 1 0 0 0 0 -49 -32 -10 -229 -62 N N N N 2513 693 26 -342 -342
1 40002 -294 -108 -2 -2 0 0 0 0 -41 -39 -8 -158 -47 N N N N 8550 2349 42 -1115 -1115
1 40295 -309 106 3 121 0 1377 -30 -2 40 41 -43 -98 -28 N N N N 3913 1078 22 -492 -492
1 39348 -310 372 -5 -119 0 -1377 -17 2 184 67 88 -76 -23 N N N N 633 179 17 -83 -83
1 40827 -297 92 -1 0 0 0 0 0 50 -2 9 -67 -19 N N N N -501 -132 14 56 56
1 40001 -297 46 2 0 0 0 0 0 24 -4 5 -166 -47 N N N N -659 -174 16 76 76
1 40000 -278 33 2 -3 0 0 0 0 18 -3 4 -315 -91 N N N N -678 -166 54 66 66
1 39999 -279 18 -3 3 0 0 0 0 9 -3 2 -124 -37 N N N N 4832 1340 39 -603 -603
1 40002 -301 49 1 0 0 0 0 0 25 -8 5 -97 -30 N N N N 4322 1194 19 -520 -520
1 39999 -274 86 -1 0 0 0 0 0 42 -20 7 -131 -36 N N N N 1948 544 21 -235 -235
1 40000 -287 7 1 -1 0 0 0 0 4 -1 1 -159 -44 N N N N 2263 634 28 -271 -271
1 39999 -284 -41 1 0 0 0 0 0 -20 10 -4 -38 -13 N N N N 3311 917 16 -381 -381
1 36354 -250 -158 -12 -128 0 -1411 -42 -2 -79 -2 47 -82 -21 N N N N 2014 561 13 -230 -230
1 39121 -282 -483 22 109 -2 1397 1 -2 -249 -31 -104 -201 -58 N N N N 2374 670 34 -274 -274
1 37644 -258 -155 -20 16 1 -1 -53 4 -57 -55 -15 -223 -66 N N N N 1248 362 38 -151 -151
1 40000 -269 -55 3 3 0 0 0 0 -17 -24 -3 -61 -21 N N N N 3032 847 20 -336 -336
1 39999 -298 -51 -3 1 0 0 0 0 -13 -23 -4 -120 -36 N N N N 274 87 22 -38 -38
1 40001 -276 -25 0 -3 0 0 0 0 -7 -11 -1 -282 -84 N N N N -2823 -757 41 288 288
1 39999 -283 -18 2 -1 0 0 0 0 -3 -9 0 -184 -59 N N N N -3339 -903 39 352 352
1 40001 -286 -50 -1 2 0 0 0 0 -10 -24 -2 -79 -24 N N N N -1383 -369 27 144 144
1 39999 -303 -17 2 -2 0 0 0 0 -2 -9 -1 -29 -7 N N N N 971 272 8 -112 -112
1 40001 -272 11 -2 3 0 0 0 0 1 6 1 -36 -10 N N N N 746 210 8 -85 -85
1 41118 -408 167 57 128 75 1392 -40 -2 38 74 -55 -277 -73 N N N N 1643 473 35 -195 -195
1 41722 -498 436 -1 -23 0 -189 1 -1 184 135 34 -374 -111 N N N N 4348 1231 52 -492 -492
1 38277 -374 118 -25 -103 -33 -1206 -1 3 65 4 72 -149 -52 N N N N 195 83 54 -43 -43
1 40002 -387 2 -3 3 0 0 0 0 1 -1 1 -303 -90 N N N N 115 54 41 -29 -29
1 39998 -382 104 0 1 0 0 0 0 55 -3 13 -133 -44 N N N N 495 162 45 -71 -71
1 40000 -376 114 1 -2 0 0 0 0 59 -14 14 -71 -22 N N N N 260 82 18 -35 -35
1 40000 -400 142 -2 1 0 0 0 0 68 -34 15 -104 -30 N N N N 72 30 17 -14 -14
1 40001 -375 154 2 0 0 0 0 0 61 -54 13 -69 -20 N N N N -238 -56 20 17 17
1 40015 -381 96 -1 -4 0 0 0 0 30 -42 8 -33 -9 38 71 41 558 -210 -53 9 19 19
1 39984 -379 88 -2 2 0 0 0 0 21 -41 3 -16 0 N N N N -140 -37 4 14 14
1 43118 -419 -266 -5 -132 0 -1388 0 -2 -80 80 27 -128 -35 N N N N -120 -25 16 6 6
1 40000 -385 -478 1 1 0 0 0 0 -237 84 -33 -203 -59 N N N N 78 38 30 -20 -20
1 41059 -400 -377 3 132 0 1398 0 2 -181 -58 -105 -223 -72 N N N N 204 85 52 -43 -43
1 40001 -392 -33 2 -2 0 0 0 0 -13 -12 -3 -145 -43 N N N N -368 -86 30 28 28
1 40000 -402 14 1 -2 0 0 0 0 6 5 1 -123 -37 N N N N -406 -105 15 37 37
1 40000 -402 92 -2 3 0 0 0 0 37 31 9 -348 -104 N N N N -1203 -306 59 107 107
1 40016 -401 8 3 -3 0 0 0 0 3 3 0 -14 -8 38 74 45 558 -1565 -426 23 162 162
1 39984 -399 -5 0 1 0 0 0 0 -2 -2 0 -136 -38 N N N N -666 -175 22 65 65
1 40000 -395 1 -4 2 0 0 0 0 1 0 0 -6 -2 N N N N -303 -81 8 30 30
1 40000 -415 35 2 1 0 0 0 0 15 10 3 -319 -92 N N N N -153 -26 34 4 4
1 39999 -376 129 -2 -4 0 -1 0 0 62 30 15 -676 -200 N N N N 407 169 106 -87 -87
1 40000 -388 102 0 1 0 0 0 0 53 13 12 -279 -90 N N N N 3860 1127 77 -453 -453
1 40000 -386 113 1 -1 0 0 0 0 60 4 13 -241 -80 N N N N 307 117 57 -56 -56
1 40001 -387 78 0 3 0 0 0 0 41 -4 10 -92 -31 N N N N -1456 -395 29 147 147
1 40015 -360 23 -1 -2 0 0 0 0 13 -2 2 -137 -40 38 68 41 557 -176 -38 21 11 11
1 39985 -363 36 -5 1 0 0 0 0 19 -5 4 -201 -57 N N N N 1096 334 45 -138 -138
1 40000 -362 -56 2 -2 0 0 0 0 -29 7 -6 -6 2 N N N N 4611 1307 7 -498 -498
1 40000 -354 -62 3 1 0 0 0 0 -34 4 -7 -73 -19 N N N N 3671 1044 9 -389 -389
1 45697 -392 -403 2 -7 0 5 0 0 -202 -59 -44 -208 -66 N N N N -1014 -266 35 91 91
1 40834 -358 -146 -8 8 0 0 0 0 -56 -51 -15 -187 -60 N N N N -2367 -654 29 237 237
1 39998 -348 -51 6 1 0 0 0 0 -17 -21 -4 -161 -54 N N N N -2945 -812 40 298 298
1 39999 -335 -44 -3 0 0 0 0 0 -13 -19 -3 -48 -15 N N N N -1000 -273 20 101 101
1 40016 -358 -10 2 -2 0 0 0 0 -2 -5 0 -53 -15 36 68 44 557 59 23 10 -11 -11
1 39985 -343 29 -1 2 0 0 0 0 8 13 1 -17 -6 N N N N -372 -103 6 38 38
1 39999 -356 -1 -4 -1 0 0 0 0 0 0 0 -132 -38 N N N N -632 -168 21 61 61
1 40001 -345 14 5 1 0 0 0 0 3 6 0 -181 -52 N N N N -520 -137 20 49 49
1 39999 -348 -13 -1 0 0 0 0 0 -3 -6 1 -98 -30 N N N N 256 93 37 -44 -44
1 43296 -395 339 5 125 0 1386 0 -2 132 118 -30 -20 -5 N N N N 1409 405 7 -156 -156
1 40645 -355 293 -4 -125 0 -1394 0 2 154 23 94 -344 -91 N N N N 2530 745 46 -291 -291
1 39999 -333 150 -2 -1 0 0 0 0 79 -15 17 -114 -36 N N N N 4072 1179 33 -445 -445
1 40016 -347 119 -1 0 0 0 0 0 58 -27 13 -82 -25 39 70 44 556 1396 410 22 -155 -155
1 39985 -332 117 4 3 0 0 0 0 49 -36 10 -41 -6 N N N N 3210 922 10 -334 -334
1 40000 -327 84 2 -4 0 0 0 0 31 -33 7 -190 -45 N N N N 4241 1218 15 -433 -433
1 39999 -334 108 -2 0 0 0 0 0 32 -47 7 -226 -69 N N N N -424 -91 45 22 22
1 40001 -321 117 -2 1 0 0 0 0 23 -57 5 -329 -110 N N N N -3379 -927 61 315 315
1 39999 -336 -3441 1 1 0 0 0 0 12 -82 1 -377 -121 N N N N -4592 -1268 74 443 443
1 43706 -371 3331 -8 -130 0 -1399 0 -2 -31 103 17 -257 -83 N N N N -3170 -870 66 308 308
1 41236 -374 -496 -1 1 0 0 0 0 -204 160 -4 -202 -65 N N N N -1848 -507 42 181 181
1 40659 -348 -489 13 125 0 1408 0 2 -251 -21 -117 -155 -51 37 73 42 556 -1148 -308 38 109 109
1 40814 -372 -84 -7 5 0 0 0 0 -34 -27 -8 85 39 N N N N -460 -128 8 47 47
1 39999 -357 -27 1 -1 0 0 0 0 -10 -10 -3 -726 -234 N N N N 1602 519 103 -216 -216
1 40000 -362 0 -3 1 0 0 0 0 0 0 1 -93 -10 N N N N -675 -179 29 62 62
1 40001 -355 95 2 -3 0 0 0 0 37 33 9 -217 -64 N N N N 2589 774 48 -300 -300
1 39999 -334 59 1 2 0 0 0 0 27 16 5 5 2 N N N N 512 153 8 -58 -58
1 40001 -333 45 -1 0 0 0 0 0 21 12 4 255 115 N N N N 454 124 -11 -44 -44
1 40001 -348 71 0 -1 0 0 0 0 35 14 8 -32 3 N N N N 8033 2300 -30 -824 -824
1 40014 -349 127 1 2 0 0 0 0 65 16 15 -886 -290 38 69 41 556 344 164 102 -79 -79
1 39983 -358 30 -1 -4 0 2 0 0 17 1 3 -302 -119 N N N N -6356 -1777 101 616 616
1 40002 -328 21 -1 0 0 0 0 0 11 1 3 -51 11 N N N N -4555 -1298 40 472 472
1 39999 -347 44 -1 4 0 0 0 0 23 -1 5 171 113 N N N N 4562 1316 -13 -484 -484
1 10016 -80 16 1 0 0 0 0 0 9 0 2 37 25 36 68 39 555 2950 849 -10 -305 -305
1 9985 -88 18 -1 -4 0 0 0 0 10 0 2 -8 0 N N N N 1956 563 -7 -199 -199
1 10000 -77 14 -1 3 0 0 0 0 7 -1 2 -39 -12 N N N N 1950 564 -1 -199 -199
1 10001 -76 20 -1 -2 0 0 0 0 11 -2 2 -208 -57 N N N N 1298 383 10 -135 -135
1 10014 -77 18 3 2 0 0 0 0 9 -1 2 2 2 37 71 40 556 820 252 22 -92 -92
1 9984 -82 8 -2 -3 0 0 0 0 5 -1 1 -182 -51 N N N N 821 243 7 -85 -85
1 10001 -73 19 1 3 0 0 0 0 9 -3 2 -100 -32 N N N N 986 303 25 -109 -109
1 9999 -79 18 0 -1 0 0 0 0 10 -2 2 -218 -66 N N N N 574 183 24 -68 -68
1 10016 -64 12 -1 0 0 0 0 0 6 -2 1 -144 -50 41 80 41 555 321 119 38 -48 -48
1 9985 -84 15 3 1 0 0 0 0 7 -2 2 -165 -50 N N N N 83 41 26 -20 -20
1 10000 -58 20 -1 -3 0 0 0 0 11 -3 2 -127 -43 N N N N -186 -32 32 5 5
1 10000 -81 19 1 3 0 0 0 0 9 -4 2 -22 -14 N N N N -414 -103 26 29 29
1 10016 -64 16 -2 -2 0 0 0 0 8 -4 2 -50 -18 39 69 41 555 -432 -117 14 37 37
1 9984 -68 18 1 2 0 0 0 0 9 -3 1 -52 -20 N N N N -381 -103 12 33 33
1 10000 -71 15 0 0 0 0 0 0 7 -4 2 -181 -61 N N N N -424 -115 13 37 37
1 10000 -65 26 -2 -2 0 0 0 0 13 -6 3 -271 -87 N N N N -657 -170 32 52 52
1 10016 -59 43 1 -2 0 0 0 0 20 -12 4 -384 -124 40 73 44 555 -1306 -351 46 111 111
1 9984 -67 55 -1 3 0 0 0 0 23 -17 5 -250 -80 N N N N -1920 -517 69 167 167
1 11527 -76 43 -1 -1 1 0 -1 -4 18 -15 3 -31 -21 N N N N -2762 -780 44 267 267
1 8997 -66 31 -2 2 -1 0 -42 0 12 -11 2 -28 -15 N N N N -1563 -447 18 156 156
1 8200 -47 21 -4 1 1 0 -37 0 8 -8 0 -47 -18 38 69 44 555 -1106 -315 14 111 111
1 13585 -89 7 -2 -120 -1 -1407 -40 2 4 -32 35 -105 -39 N N N N -1676 -479 21 170 170
1 10809 -74 -84 -5 -7 0 0 0 0 -31 30 2 21 7 N N N N -1766 -508 17 184 184
1 9999 -65 -121 0 -1 0 0 0 0 -54 37 -1 92 44 N N N N -1199 -352 0 130 130
1 10016 -57 -142 0 2 0 0 0 0 -71 30 -7 162 87 41 67 41 556 57 12 -9 -2 -2
1 10868 -61 -156 3 -1 0 0 0 0 -83 13 -14 19 21 N N N N 1368 387 -25 -139 -139
1 9999 -75 -131 -1 0 0 0 0 0 -70 -5 -14 -90 -16 N N N N 1789 524 0 -193 -193
1 9999 -58 -136 -1 -2 0 0 0 0 -68 -22 -18 -83 -17 N N N N 1335 397 10 -146 -146
1 12198 -94 -168 8 101 0 1400 1 -2 -74 -35 -62 90 39 39 70 42 555 1306 388 8 -142 -142
1 9665 -65 -79 -2 30 -1 0 -40 0 -28 -28 -19 74 28 N N N N 1021 293 -9 -103 -103
1 8166 -42 -25 -7 -2 1 -1 -41 0 -8 -10 4 85 40 N N N N 736 210 -10 -73 -73
1 9211 -51 -9 -9 2 0 0 -46 0 -3 -3 0 131 54 N N N N 790 219 -21 -73 -73
1 10138 -73 1 8 1 0 1 -26 4 0 0 -2 4 5 37 74 42 555 1485 424 -16 -146 -146
1 10623 -70 12 3 -1 0 0 0 0 4 5 1 129 64 N N N N 1399 403 -11 -139 -139
1 10000 -70 8 -3 1 0 0 0 0 3 3 1 -217 -51 N N N N 1557 448 -11 -153 -153
1 10000 -64 2 1 0 0 0 0 0 0 1 -1 -79 -7 N N N N 1479 447 22 -158 -158
1 10015 -63 5 0 -1 0 0 0 0 2 2 0 -480 -133 40 68 41 555 1546 464 16 -161 -161
1 9986 -67 26 1 1 0 0 0 0 9 10 2 -912 -255 N N N N 1811 581 73 -212 -212
1 9998 -69 25 -4 0 0 0 0 0 9 10 2 -304 -113 N N N N 1701 586 124 -221 -221
1 10001 -71 14 1 0 0 0 0 0 5 5 3 -272 -75 N N N N 1573 521 81 -189 -189
1 10016 -65 -3 -2 -2 0 0 0 0 -1 -1 -1 -99 -40 37 70 42 555 1290 426 64 -153 -153
1 9985 -67 -13 2 1 0 0 0 0 -5 -5 -1 -195 -59 N N N N 917 301 41 -106 -106
1 9999 -77 -19 -3 1 0 0 0 0 -6 -7 -2 -18 -12 N N N N 741 248 40 -89 -89
1 9999 -66 -21 1 -1 0 0 0 0 -8 -8 -1 -163 -51 N N N N 506 165 22 -58 -58
1 10017 -81 -9 2 -1 0 0 0 0 -3 -4 0 -615 -171 39 70 44 555 444 165 46 -62 -62
1 9984 -72 -6 -4 2 0 0 0 0 -2 -2 1 -320 -95 N N N N 392 177 80 -74 -74
1 10000 -72 18 1 -5 0 0 0 0 6 7 2 -860 -256 N N N N 370 166 75 -69 -69
1 10000 -85 74 -2 -1 0 0 0 0 28 27 5 -476 -170 N N N N -170 51 137 -45 -45
1 10016 -70 73 1 2 0 0 0 0 29 25 5 -213 -71 37 72 45 555 -383 -37 104 -11 -11
1 9984 -82 80 1 3 0 0 0 0 37 22 5 -298 -89 N N N N -509 -104 65 19 19
1 10000 -73 50 -1 0 0 0 0 0 24 12 4 -58 -18 N N N N -446 -89 60 16 16
1 9999 -78 22 -3 0 0 0 0 0 11 4 3 -43 -13 N N N N -296 -67 29 15 15
1 10017 -90 24 1 -3 0 0 0 0 12 4 3 -49 -9 37 70 43 555 -191 -40 23 8 8
1 9984 -78 45 2 2 0 0 0 0 23 7 4 -51 -7 N N N N -68 -8 17 -1 -1
1 10000 -80 43 0 -1 0 0 0 0 23 5 4 -146 -38 N N N N 15 15 16 -8 -8
1 10000 -87 46 1 1 0 0 0 0 24 4 4 -233 -68 N N N N -6 23 33 -14 -14
1 10015 -80 29 0 1 0 0 0 0 16 1 2 -59 -4 36 69 45 555 -10 25 37 -16 -16
1 9985 -73 4 -1 1 0 0 0 0 2 1 0 -391 -101 N N N N -344 -88 24 23 23
1 10000 -72 -10 -2 0 0 0 0 0 -5 -1 -1 -594 -165 N N N N -574 -120 70 24 24
1 10000 -82 -29 2 0 0 0 0 0 -16 -2 -3 -405 -113 N N N N -718 -142 103 23 23
1 10016 -75 -34 -3 0 0 0 0 0 -18 -2 -3 -201 -70 37 69 45 555 -364 -61 68 6 5
1 9985 -75 -23 -2 -2 0 0 0 0 -12 -3 0 -813 -238 N N N N -489 -105 59 21 22
1 7846 -56 15 8 -3 69 -1 -4 0 7 2 2 -584 -164 N N N N -354 -17 126 -21 -21
1 12153 -100 65 48 1 1 0 -1 0 29 5 1 -257 -100 N N N N -788 -142 137 17 17
1 10016 -118 55 -1 4 0 0 0 0 29 0 7 -23 -27 40 71 48 555 -289 -41 67 -1 -1
1 9983 -108 72 2 -2 0 0 0 0 38 -3 11 -140 -49 N N N N -247 -50 35 9 9
1 10001 -110 117 -1 -1 0 0 0 0 60 -15 16 -557 -164 N N N N -77 10 48 -14 -14
1 10000 -115 92 2 6 0 0 0 0 44 -19 9 -1584 -483 N N N N 689 308 135 -128 -128
1 10017 -100 67 -2 -7 0 0 0 0 30 -21 11 -2058 -594 40 72 51 555 838 436 249 -194 -194
1 9984 -113 124 -3 0 0 0 0 0 49 -43 12 -1318 -452 N N N N -74 253 382 -163 -163
1 9998 -99 130 -2 0 0 0 0 0 40 -56 9 -1224 -429 N N N N 121 251 296 -144 -144
1 10001 -108 102 1 3 0 0 0 0 21 -48 5 -914 -342 N N N N 77 214 262 -124 -124
1 10016 -99 76 -1 1 0 0 0 0 11 -38 2 -1072 -383 40 95 67 555 -400 25 209 -53 -53
1 9984 -96 50 -6 -2 0 0 0 0 4 -27 0 -930 -351 N N N N -802 -85 234 -22 -22
1 9999 -94 1 5 2 0 0 0 0 0 0 -1 -2987 -1002 N N N N -1360 -266 235 35 35
1 10000 -98 5 -3 -2 0 0 0 0 1 -3 1 -1582 -506 N N N N -2845 -568 494 79 79
1 10016 -104 35 1 2 0 0 0 0 0 -18 0 -243 -141 39 80 76 555 -2773 -636 385 127 127
1 9985 -106 -3577 1 0 0 0 0 0 0 -12 0 -247 -79 N N N N -1263 -303 163 66 66
1 10000 -101 2 -1 0 0 0 0 0 0 -1 -1 -61 -36 N N N N -203 3 105 -23 -23
1 10000 -110 3577 -2 3 0 0 0 0 0 13 1 -259 -76 N N N N 172 96 59 -45 -45
1 10016 -96 -77 0 -1 0 0 0 0 -2 40 -2 -1153 -280 40 80 79 555 516 238 102 -100 -100
1 9984 -101 -92 -3 -4 0 0 0 0 -11 46 -3 -649 -169 N N N N 1530 643 207 -255 -255
1 9999 -103 -71 -1 2 0 0 0 0 -14 35 -4 -304 -102 N N N N 2443 906 143 -324 -324
1 10001 -103 -80 3 0 0 0 0 0 -22 36 -5 -682 -189 N N N N 2380 866 111 -299 -299
1 10016 -101 -74 3 0 0 0 0 0 -23 32 -4 -533 -157 38 82 78 555 2236 851 149 -298 -298
1 9984 -108 -76 -3 -1 0 0 0 0 -29 27 -8 -248 -80 N N N N 2331 864 118 -291 -291
1 9999 -112 -78 0 1 0 0 0 0 -32 26 -8 -293 -85 N N N N 1795 664 86 -220 -220
1 10001 -126 -107 0 1 0 0 0 0 -51 26 -14 -665 -182 N N N N 1798 669 89 -219 -219
1 10015 -96 -122 -3 -1 0 0 0 0 -61 18 -15 -929 -262 37 78 76 555 2026 804 159 -272 -272
1 9985 -87 -48 -4 -2 0 0 0 0 -25 4 -5 -1871 -513 N N N N 2384 933 165 -306 -306
1 10000 -104 35 1 -4 0 0 0 0 18 -4 7 -2304 -654 N N N N 1860 917 354 -338 -338
1 9999 -73 101 -4 -1 0 0 0 0 53 -13 12 -819 -304 N N N N 4284 1864 482 -623 -623
1 10017 -84 115 3 1 0 0 0 0 55 -26 12 -999 -316 42 87 94 555 5045 1982 285 -593 -593
1 12860 -90 114 3 -119 5 -1392 -1 -2 48 -66 55 -627 -244 N N N N 5659 2225 295 -637 -637
1 10830 -102 39 -4 -4 0 0 0 0 16 -16 0 -704 -245 N N N N 3309 1290 150 -354 -354
1 9999 -78 4 2 2 0 0 0 0 1 -1 0 -766 -239 N N N N 2981 1209 176 -333 -333
1 10311 -81 -18 -3 0 0 0 0 0 -6 7 -1 -829 -279 41 86 76 555 3097 1269 188 -344 -344
1 10866 -85 -21 4 0 0 0 0 0 -8 9 1 -1051 -324 N N N N 2817 1216 226 -332 -332
1 10295 -72 -20 -4 -1 0 0 0 0 -8 6 -1 -874 -301 N N N N 3206 1379 240 -366 -366
1 9999 -75 -22 0 -2 0 0 0 0 -8 8 -1 -944 -305 N N N N 3155 1336 208 -342 -342
1 10251 -72 -7 0 4 0 0 0 0 -4 3 0 -3160 -904 42 90 77 554 3099 1342 221 -340 -340
1 10751 -69 -24 -4 -3 0 0 0 0 -9 7 -2 -2067 -698 N N N N 4696 2363 615 -629 -629
1 10293 -75 -28 -1 0 0 0 0 0 -12 9 -1 -946 -420 N N N N 7034 3175 541 -752 -752
1 9999 -57 -22 0 1 0 0 0 0 -11 6 0 -737 -332 N N N N 9060 3704 321 -769 -769
1 10368 -60 -40 -3 0 0 0 0 0 -18 11 -2 -188 -137 45 93 79 554 7459 3116 293 -620 -620
1 10454 -81 -41 0 -5 0 0 0 0 -19 9 -3 -424 -200 N N N N 6645 2687 174 -495 -495
1 10413 -63 -50 -2 6 0 0 0 0 -26 10 -3 -504 -216 N N N N 5279 2161 148 -386 -386
1 9954 -78 -83 2 -1 0 0 0 0 -43 12 -8 -196 -110 N N N N 4760 1990 156 -350 -350
1 10415 -81 -137 -1 2 0 0 0 0 -73 7 -15 -733 -304 42 90 80 554 4362 1796 118 -302 -302
1 10454 -56 -149 3 -3 0 0 0 0 -78 -12 -19 -588 -206 N N N N 4206 1869 202 -323 -322
1 9916 -84 -131 0 28 0 201 0 -1 -63 -21 -32 183 54 N N N N 4528 1902 135 -305 -306
1 9206 -60 -72 10 102 -1 1195 -28 -1 -32 -12 -53 18 -7 N N N N 3496 1344 20 -196 -196
1 10621 -75 -50 -13 -1 1 0 -25 4 -19 -17 0 26 0 44 92 88 554 2479 906 -17 -124 -124
1 10671 -72 -20 2 0 0 0 0 0 -8 -7 -2 39 16 N N N N 1734 645 -4 -89 -89
1 10000 -79 -13 -1 0 0 0 0 0 -5 -5 -1 28 7 N N N N 1021 386 1 -54 -54
1 10000 -69 -22 3 0 0 0 0 0 -8 -8 -2 -14 13 N N N N 898 352 9 -50 -50
1 10015 -67 -19 -4 0 0 0 0 0 -6 -8 -1 -165 -63 42 93 89 554 598 228 2 -31 -31
1 9984 -54 -19 4 0 0 0 0 0 -6 -8 -3 -181 -64 N N N N 899 399 38 -62 -63
1 10001 -73 -13 -2 -1 0 0 0 0 -4 -5 0 -122 -49 N N N N 917 403 37 -62 -61
1 10000 -78 -6 2 1 0 0 0 0 -2 -3 -1 -82 -32 N N N N 1017 470 54 -74 -74
1 10015 -76 -7 -1 0 0 0 0 0 -2 -3 0 8 5 46 101 98 554 1081 426 11 -59 -60
1 9985 -66 -2 -2 0 0 0 0 0 -1 0 -1 115 63 N N N N 1030 409 14 -57 -56
1 9999 -77 -8 3 -3 0 0 0 0 -2 -4 0 80 69 N N N N 481 166 -10 -20 -20
1 10000 -62 -7 -2 3 0 0 0 0 -2 -3 -1 -14 15 N N N N 350 106 -16 -11 -11
1 10017 -78 -8 0 -3 0 0 0 0 -3 -3 0 -18 1 44 92 109 554 421 160 1 -21 -21
1 9983 -67 -2 -1 3 0 0 0 0 0 -1 0 -34 -2 N N N N 441 181 9 -26 -26
1 10001 -73 10 4 0 0 0 0 0 3 4 0 -68 -6 N N N N 368 138 -1 -18 -18
1 9999 -66 22 -4 0 0 0 0 0 7 9 2 -64 -5 N N N N 325 153 19 -24 -25
1 10015 -61 22 2 0 0 0 0 0 6 10 1 -52 -11 46 103 102 554 551 236 17 -34 -33
1 9986 -69 11 -1 0 0 0 0 0 4 4 1 -66 -1 N N N N 389 162 10 -23 -23
1 9999 -59 10 2 0 0 0 0 0 3 4 1 -70 -14 N N N N 323 154 19 -24 -24
1 10002 -67 14 0 -1 0 0 0 0 5 6 0 -102 -16 N N N N 430 194 19 -29 -29
1 10015 -74 23 -1 1 0 0 0 0 8 9 2 -212 -49 44 98 100 554 331 168 26 -26 -26
1 9982 -58 34 2 0 0 0 0 0 12 12 4 -130 -28 N N N N 460 253 48 -43 -43
1 10002 -53 39 -2 0 0 0 0 0 16 14 3 -130 -33 N N N N 671 296 25 -42 -42
1 9999 -75 58 2 -4 0 0 0 0 25 17 7 -286 -69 N N N N 644 305 37 -47 -48
1 10015 -50 93 -1 0 0 0 0 0 43 24 8 -211 -64 43 97 96 553 721 383 67 -61 -61
1 9986 -72 85 0 1 0 0 0 0 42 16 10 -185 -58 N N N N 1094 519 61 -78 -77
1 9999 -60 85 -4 1 0 0 0 0 44 10 10 -107 -39 N N N N 705 379 67 -60 -60
1 10000 -63 85 4 -2 0 0 0 0 45 4 10 -78 -36 N N N N 861 407 47 -60 -60
1 10016 -59 73 -1 1 0 0 0 0 39 -3 9 -37 -22 42 98 96 553 813 364 32 -52 -52
1 9985 -65 67 1 3 0 0 0 0 35 -5 6 -47 -16 N N N N 598 253 15 -34 -34
1 9782 -65 61 4 -5 0 -1 -5 -4 31 -10 9 -11 -9 N N N N 313 149 18 -22 -22
1 9020 -63 44 -9 5 -1 1 -46 0 23 -8 3 -41 -18 N N N N 394 174 14 -24 -24
1 9960 -66 31 -1 0 1 -1 -51 0 15 -7 2 17 6 44 90 98 553 238 103 7 -14 -14
1 9950 -67 48 -2 -15 0 -116 -51 1 23 -16 11 -47 -19 N N N N 342 127 -2 -15 -15
1 14874 -97 -35 -7 -109 0 -1281 -4 1 -15 -16 43 -27 -11 N N N N 270 137 20 -21 -21
1 10472 -70 -87 0 -1 0 0 0 0 -42 20 -4 -35 -15 N N N N 88 69 21 -12 -12
1 10015 -78 -100 -1 2 0 0 0 0 -52 15 -8 -43 -10 43 96 96 553 203 106 16 -16 -16
1 11103 -67 -106 2 -4 0 0 0 0 -57 7 -9 -61 -17 N N N N 170 82 11 -12 -12
1 10000 -76 -94 0 -1 0 0 0 0 -50 -3 -10 -65 -24 N N N N 230 126 22 -20 -20
1 10352 -70 -110 1 2 0 0 0 0 -57 -12 -15 -41 -10 N N N N 260 116 10 -16 -16
1 11939 -88 -129 -3 25 0 199 -1 -2 -61 -23 -28 -62 -19 43 96 100 552 87 73 23 -13 -13
1 9647 -74 -49 7 100 -1 1188 -30 0 -22 -4 -49 -75 -17 N N N N 251 116 12 -16 -16
1 9459 -62 -1 -7 -1 1 -1 -25 4 0 0 1 -76 -20 N N N N 120 55 5 -8 -8
1 10777 -86 52 1 2 0 0 0 0 23 15 5 -83 -21 N N N N -82 9 23 -6 -6
1 10016 -79 73 3 -1 0 0 0 0 33 19 6 -72 -19 42 96 100 552 218 127 26 -20 -20
1 9984 -68 69 -1 1 0 0 0 0 34 14 7 -63 -17 N N N N 86 69 21 -12 -12
1 10000 -85 60 1 -2 0 0 0 0 31 8 7 -31 -9 N N N N 202 108 18 -17 -17
1 10000 -69 51 -3 2 0 0 0 0 27 6 4 -56 -16 N N N N 77 55 14 -9 -9
1 10015 -82 66 2 0 0 0 0 0 35 3 8 -66 -16 45 91 100 552 270 128 15 -18 -18
1 9985 -76 57 -1 -4 0 0 0 0 31 -1 8 -74 -17 N N N N 5 36 19 -8 -8
1 10000 -86 36 -3 3 0 0 0 0 19 -2 3 -32 -9 N N N N 181 105 21 -17 -17
1 10000 -73 30 8 7 0 0 0 0 15 -1 -1 -14 -6 N N N N 86 51 10 -8 -8
1 10017 -87 39 -4 -8 0 0 0 0 21 -6 7 -63 -13 44 93 106 551 234 100 7 -13 -13
1 9983 -90 10 1 -4 0 0 0 0 5 -2 4 -36 -9 N N N N -9 31 19 -7 -7
1 10000 -65 0 -7 1 0 0 0 0 2 1 -2 -23 -5 N N N N 145 58 2 -8 -8
1 10000 -85 4 2 5 0 0 0 0 1 0 -1 -27 -6 N N N N 62 53 17 -9 -9
1 10015 -100 -11 -2 1 0 0 0 0 -5 2 -2 -12 -3 44 99 104 551 38 31 9 -6 -6
1 9986 -80 3 1 -1 0 0 0 0 1 -2 1 -15 -2 N N N N 164 58 -3 -6 -6
1 9999 -89 2 0 1 0 0 0 0 1 1 0 -15 -1 N N N N -9 17 12 -4 -4
1 10000 -77 -3 0 -3 0 0 0 0 -1 0 -1 -10 -2 N N N N 117 51 4 -7 -7
1 10016 -97 -4 4 2 0 0 0 0 -3 1 1 -28 1 41 102 102 551 138 62 5 -9 -9
1 9984 -79 -30 3 0 0 0 0 0 -16 3 -4 -22 -2 N N N N -88 -14 11 0 0
1 10000 -97 16 -13 3 0 0 0 0 10 -1 0 -23 1 N N N N 113 61 10 -9 -9
1 10000 -82 8 4 12 0 0 0 0 4 1 -6 -3 0 N N N N 43 17 0 -2 -2
1 10016 -79 -5 0 -15 0 0 0 0 -3 -2 8 -14 1 46 96 105 550 119 63 10 -10 -10
1 9985 -84 -28 4 3 0 0 0 0 -15 4 -6 -38 1 N N N N 31 2 -5 1 1
1 9999 -88 4 -10 7 0 0 0 0 3 0 -2 8 -1 N N N N -4 15 9 -3 -3
1 10000 -102 2 11 -2 0 0 0 0 0 -1 1 -39 1 N N N N -65 -13 7 0 0
1 10016 -78 14 -4 -5 0 0 0 0 7 -2 6 5 0 44 94 104 550 109 51 5 -7 -7
1 9984 -76 14 1 -7 0 0 0 0 8 -3 4 8 1 N N N N 9 9 3 -2 -2
1 10000 -76 18 0 7 0 0 0 0 9 -1 -1 -33 2 N N N N 90 44 6 -6 -6
1 10000 -83 4 -6 -6 0 0 0 0 3 -2 3 -13 0 N N N N 78 39 5 -6 -6
1 12792 -115 -27 0 -112 0 -1391 -2 -2 -13 -18 49 -21 0 43 91 102 549 30 26 9 -4 -4
1 10797 -84 -93 -7 -5 0 0 0 0 -49 7 -2 -13 1 N N N N 3 15 7 -4 -4
1 10472 -87 -139 8 -2 0 0 0 0 -76 -1 -13 -6 0 N N N N 115 60 9 -9 -8
1 10000 -76 -150 -8 -3 0 0 0 0 -76 -20 -16 -18 -2 N N N N 31 22 6 -3 -4
1 13392 -117 -173 18 125 0 1412 0 2 -79 -31 -77 -8 1 44 90 104 549 208 95 9 -13 -13
1 10783 -95 -33 -12 4 0 0 0 0 -12 -11 -1 -6 1 N N N N -23 -26 -10 5 5
1 10000 -64 -5 3 0 0 0 0 0 -2 -2 1 -23 -1 N N N N -74 -27 1 3 3
1 10001 -75 13 -2 -1 0 0 0 0 5 5 1 -30 0 N N N N -145 -39 9 3 3
1 10015 -72 49 0 -2 0 0 0 0 20 16 2 -6 -1 43 89 103 548 178 79 6 -11 -11
1 9984 -83 43 0 -1 0 0 0 0 18 14 6 -32 -2 N N N N -70 -18 6 1 1
1 10002 -80 40 -1 3 0 0 0 0 18 11 1 -35 -4 N N N N -25 2 6 -1 -1
1 10000 -69 27 7 -1 0 0 0 0 12 7 1 -89 -8 N N N N 125 61 8 -9 -9
1 10013 -74 23 -6 -1 0 0 0 0 12 5 4 -130 -18 47 92 103 548 -107 -4 21 -3 -3
1 9987 -77 31 1 -1 0 0 0 0 15 7 3 -61 -8 N N N N -192 -29 26 -2 -2
1 9998 -81 40 0 -1 0 0 0 0 20 7 3 -69 -14 N N N N -7 31 19 -7 -7
1 10001 -72 56 -4 2 0 0 0 0 29 8 7 -81 -9 N N N N -67 16 24 -6 -6
1 10013 -71 50 5 3 0 0 0 0 26 5 3 -64 -10 42 92 97 547 -107 -15 15 -2 -2
1 9986 -72 45 -1 -2 0 0 0 0 24 3 5 -28 -8 N N N N -119 -3 25 -4 -4
1 10000 -76 10 -3 -8 0 0 0 0 6 -1 5 -59 -6 N N N N -71 3 17 -3 -3
1 10001 -73 0 -2 9 0 0 0 0 0 1 -6 -26 -7 N N N N -18 17 14 -5 -5
1 10016 -87 8 2 -9 0 0 0 0 4 0 7 -18 -2 44 89 96 547 -83 -7 15 -2 -2
1 9983 -79 18 7 14 0 0 0 0 9 2 -7 -23 -5 N N N N -17 3 5 -1 -1
1 10000 -73 2 -8 -8 0 0 0 0 2 -1 6 -94 -15 N N N N 47 33 8 -6 -6
1 10002 -76 17 1 0 0 0 0 0 9 0 1 -63 -7 N N N N -146 -15 24 -2 -2
1 10012 -81 28 4 5 0 0 0 0 15 0 -1 -63 -16 42 91 94 546 28 40 17 -8 -8
1 9988 -80 32 0 -3 0 0 0 0 17 -2 5 -162 -26 N N N N -121 -15 18 -2 -2
1 9999 -69 26 -4 -1 0 0 0 0 14 -3 4 -135 -21 N N N N -151 -2 33 -6 -6
1 10000 -64 33 2 0 0 0 0 0 17 -3 2 -57 -13 N N N N -146 3 34 -7 -7
1 10017 -88 28 -5 3 0 0 0 0 16 -3 -1 -87 -17 44 96 89 546 -130 -6 25 -4 -4
1 9984 -70 18 0 0 0 0 0 0 10 -2 1 -74 -17 N N N N 29 52 24 -10 -10
1 10000 -82 15 2 -4 0 0 0 0 6 -4 7 -90 -21 N N N N -182 -29 24 -1 -1
1 9999 -70 4 -2 0 0 0 0 0 2 -2 2 -105 -24 N N N N 12 41 21 -9 -9
1 10017 -72 10 3 0 0 0 0 0 5 -1 -1 -189 -39 44 93 85 546 -179 -5 36 -6 -6
1 9982 -81 18 -2 1 0 0 0 0 9 -3 1 -160 -40 N N N N 5 85 48 -19 -19
1 10000 -83 25 -1 0 0 0 0 0 13 -5 0 -340 -85 N N N N -42 70 50 -18 -18
1 13132 -92 3 1 -120 0 -1407 -1 -2 2 -27 55 -207 -63 N N N N -48 125 83 -30 -30
1 10827 -69 -60 -3 -8 0 0 0 0 -30 10 2 -334 -84 43 96 84 545 77 171 81 -35 -35
1 10924 -88 -102 3 7 0 0 0 0 -53 18 -10 -390 -104 N N N N 174 249 104 -48 -48
1 10590 -65 -63 0 -4 0 0 0 0 -34 3 -4 -561 -139 N N N N 289 295 105 -54 -54
1 10352 -65 -65 0 5 0 0 0 0 -35 2 -7 -170 -61 N N N N 335 337 118 -61 -61
1 10015 -95 -86 -2 -1 0 0 0 0 -46 -4 -9 -134 -51 46 97 78 544 427 287 68 -46 -46
1 11043 -59 -92 -3 -1 0 0 0 0 -47 -13 -9 -238 -72 N N N N 545 336 70 -51 -51
1 10294 -62 -83 -1 21 1 204 1 -1 -40 -13 -18 -172 -53 N N N N 431 292 70 -46 -46
1 9135 -78 -31 71 97 94 1197 -51 1 -19 4 -68 -136 -48 N N N N 418 217 30 -30 -30
1 10025 -93 39 -8 -2 0 -1 -9 2 18 10 7 -102 -35 44 95 68 544 427 241 41 -35 -35
1 10546 -109 67 2 -2 0 0 0 0 32 15 9 -114 -36 N N N N 334 201 39 -30 -30
1 10000 -96 95 0 5 0 0 0 0 47 15 11 -111 -37 N N N N 414 231 38 -33 -33
1 10001 -118 82 -3 0 0 0 0 0 42 6 16 -79 -22 N N N N 430 231 35 -33 -33
1 10015 -97 60 7 -1 0 0 0 0 32 2 5 -27 -13 48 94 70 543 281 162 29 -23 -23
1 9983 -109 48 -6 1 0 0 0 0 26 -2 6 -31 -9 N N N N 287 141 16 -19 -19
1 10003 -117 40 -1 -1 0 0 0 0 21 -3 7 -29 -9 N N N N 279 129 10 -16 -16
1 9998 -125 36 6 1 0 0 0 0 18 -4 3 -20 -6 N N N N 9 32 16 -6 -6
1 10016 -100 48 -2 2 0 0 0 0 23 -8 10 -5 -2 47 94 59 543 127 65 8 -9 -9
1 9985 -119 22 1 -3 0 0 0 0 12 -3 2 -35 -8 N N N N 195 93 9 -12 -12
1 10000 -120 32 -2 2 0 0 0 0 16 -6 2 -30 -13 N N N N 24 26 10 -5 -5
1 10000 -103 32 6 -2 0 0 0 0 13 -8 9 -50 -10 N N N N -31 10 12 -3 -3
1 10014 -124 30 1 1 0 0 0 0 15 -7 1 -47 -16 45 92 54 542 51 30 6 -5 -5
1 9985 -114 5 -6 0 0 0 0 0 2 -2 1 -68 -21 N N N N -25 31 22 -7 -7
1 10000 -106 -14 16 -16 0 0 0 0 -2 4 -6 -214 -63 N N N N 4 25 14 -5 -5
1 9999 -123 13 -20 13 0 0 0 0 1 -5 11 -411 -143 N N N N -211 44 71 -18 -18
1 10018 -110 -36 -12 -4 0 0 0 0 -16 7 -2 -459 -125 43 89 51 542 -240 74 95 -25 -25
1 9983 -98 -27 13 0 0 0 0 0 -11 9 -9 -478 -158 N N N N -177 109 101 -31 -31
