version: 66.14
glider: 195
mission: 21
dive: 237
start: 6 3 105 11 14 45
columns: rec,elaps_tms,depth,heading,pitch,roll,AD_pitch,AD_roll,AD_vbd,GC_phase,mag.x,mag.y,mag.z,sbect.TempFreq,sbect.CondFreq,wlbb2fl.sig470nm,wlbb2fl.sig700nm,wlbb2fl.sig695nm,wlbb2fl.temp,aa4330.O2,aa4330.AirSat,aa4330.Temp,aa4330.CalPhase,aa4330.TCPhase,
data:
0 16711 64 628 -582 49 151 2223 1078 6 141 -318 -75 173579 136141 45 94 96 531 252573 97981 25033 29314 30720
1 9984 -12 -31 42 9 0 0 0 0 0 1 -8 -39 -1 N N N N -424 -124 22 10 10
1 10015 2 -58 -9 -13 0 0 0 0 20 19 -24 -44 -8 45 94 96 531 -184 34 59 -14 -14
1 9986 16 250 -88 -33 0 0 0 0 -67 -44 68 27 2 N N N N -165 -111 -27 17 17
1 10016 -12 -65 172 63 0 0 0 0 2 1 20 108 1 43 91 100 531 862 164 -94 -1 -1
1 9983 4 -198 -193 -7 0 0 0 0 37 37 -120 -72 -2 N N N N -761 -138 87 -1 -1
1 8702 -8 23 80 -129 0 1 15 -4 17 21 -20 265 0 44 95 109 530 311 46 -41 3 3
1 10054 12 73 -31 21 1 -1 254 0 -25 -26 25 -144 -5 N N N N 426 105 -33 -6 -6
1 9937 37 24 -141 53 -2 1 259 0 -29 -15 3 -124 1 43 91 100 531 -6946 -492 1247 -173 -173
1 10013 2 -59 27 33 0 -1 256 0 16 9 -4 27 2 N N N N 2013 1168 207 -167 -167
1 9987 22 -163 35 99 1 1 272 0 29 23 -20 -57 -1 45 96 99 530 -367 99 138 -36 -36
1 9988 59 356 -38 -421 -1 0 265 0 -48 0 -38 -23 -5 N N N N 96 113 42 -20 -20
1 10086 73 -109 -29 208 1 0 272 0 4 -20 37 -70 -6 45 93 96 530 141 95 21 -14 -14
1 16583 306 -12 72 15 981 -1 191 -1 15 -3 16 -62 -28 N N N N 2 58 32 -12 -12
1 8961 217 -66 337 63 1530 1 128 1 49 5 90 -36 -24 44 91 94 530 -22 25 20 -6 -6
1 10140 155 -5 138 44 -2 611 417 4 3 6 63 62 24 N N N N -229 -63 15 4 4
1 15333 237 -130 -2 83 -6 767 0 -2 53 43 4 -34 6 44 92 95 530 125 40 -5 -4 -4
1 10452 171 -120 21 -6 0 0 0 0 41 45 -17 2 -29 N N N N -79 -14 10 0 0
1 10017 165 -84 -14 2 0 0 0 0 22 33 -23 -82 -39 45 91 94 530 -19 14 11 -3 -3
1 10867 172 -113 -11 7 0 0 0 0 20 52 -22 -174 -122 N N N N -121 -28 12 0 0
1 10015 166 -112 12 4 0 0 0 0 10 56 -15 -221 -119 41 95 96 530 -94 43 45 -12 -12
1 10455 174 3469 -6 1 0 0 0 0 -4 67 -14 -184 -112 N N N N -313 -24 57 -8 -8
1 10016 168 -131 11 -9 0 0 0 0 -20 67 -7 5 -10 46 92 96 530 -438 -91 48 1 1
1 10454 159 -145 1 5 0 0 0 0 -39 66 -4 -41 -32 N N N N -261 -75 17 6 6
1 10015 158 -148 -4 -2 0 0 0 0 -55 57 5 -94 -60 43 93 99 530 -117 -19 15 -1 -1
1 10983 170 -145 -3 -13 0 -209 3 -1 -65 41 21 -28 -36 N N N N -193 -31 27 -1 -1
1 9144 130 -99 24 -112 49 -1208 0 3 -51 16 70 -73 -48 45 101 103 530 -127 -29 12 1 1
1 10798 146 -80 9 -7 0 0 0 0 -43 6 16 -32 -38 N N N N -158 -24 22 -2 -2
1 10016 135 -84 0 4 0 0 0 0 -42 -1 16 -5 -15 45 96 103 530 -199 -63 10 6 6
1 9984 123 -72 -3 2 0 0 0 0 -37 -4 10 -39 -30 N N N N -133 -42 6 3 3
1 10016 120 -35 1 -5 0 0 0 0 -19 -4 5 -11 -4 57 98 108 530 -68 -8 11 -1 -1
1 9984 139 -28 0 3 0 0 0 0 -14 -4 3 7 -1 N N N N -62 -15 6 1 1
1 10016 122 -25 1 -1 0 0 0 0 -12 -5 5 12 3 45 96 113 530 43 18 1 -3 -3
1 9984 126 -23 2 -2 0 0 0 0 -11 -4 5 -4 -2 N N N N -70 -28 -1 4 4
1 10016 117 -44 -2 2 0 0 0 0 -20 -10 7 -8 -7 44 97 110 530 -49 -17 2 1 1
1 9983 140 -45 -1 -1 0 0 0 0 -21 -11 5 8 -1 N N N N -5 0 1 0 0
1 10018 113 -36 3 -1 0 0 0 0 -17 -10 3 5 0 46 96 111 530 10 4 0 -1 -1
1 9983 128 -50 -1 1 0 0 0 0 -20 -15 8 20 8 N N N N -108 -44 0 6 6
1 10017 117 -58 -2 1 0 0 0 0 -21 -20 7 18 4 45 100 112 530 -8 -11 -5 1 1
1 9985 118 -41 1 -1 0 0 0 0 -16 -15 3 8 3 N N N N -75 -37 -3 5 5
1 10014 132 -57 2 0 0 0 0 0 -17 -24 8 21 7 43 92 114 530 -129 -58 -4 7 7
1 9984 105 -63 2 2 0 0 0 0 -18 -26 5 20 4 N N N N -156 -71 -5 9 9
1 10016 136 -68 -4 0 0 0 0 0 -15 -32 4 13 3 45 95 112 529 -145 -67 -5 8 8
1 9984 111 -45 -1 0 0 0 0 0 -8 -21 4 -2 0 N N N N -276 -119 -4 14 14
1 10015 111 -22 1 -1 0 0 0 0 -4 -11 0 0 0 43 92 111 529 -225 -93 -1 10 10
1 19985 249 -60 -3 1 0 0 0 0 -6 -30 5 -1 -4 N N N N -194 -79 -1 9 9
1 20016 238 -67 3 -6 0 0 0 0 -4 -36 1 -4 -3 42 93 107 529 -97 -39 0 5 5
1 19985 238 -85 2 8 0 0 0 0 0 -41 -1 -9 -8 N N N N -346 -139 0 15 15
1 20015 249 -42 1 -5 0 0 0 0 2 -23 -1 -76 -48 41 87 96 529 -488 -176 12 17 17
1 19985 248 -10 0 2 0 0 0 0 1 -5 1 -138 -87 N N N N -570 -173 32 14 14
1 20015 260 97 1 -3 0 0 0 0 -4 49 0 224 1 41 86 83 529 -964 -359 17 37 37
1 24634 320 176 5 -122 0 -1342 0 -2 9 54 7 1187 342 N N N N -3114 -1442 -110 183 183
1 20014 268 125 -4 -4 0 0 0 0 26 58 6 859 346 40 77 78 529 -3092 -1772 -313 261 261
1 20456 258 147 1 8 0 0 0 0 46 65 -1 1302 453 N N N N -1221 -1194 -419 218 218
1 20016 251 185 6 -6 0 0 0 0 75 60 -10 1316 389 41 78 73 529 -3362 -1879 -329 288 288
1 20454 226 318 11 6 0 0 0 0 159 46 -40 2023 568 N N N N -3171 -1950 -429 323 323
1 20015 205 317 -4 1 0 0 0 0 158 -44 -51 980 321 42 75 65 529 -1162 -1177 -446 234 234
1 23925 217 366 -11 116 -7 1378 1 2 114 -141 -82 1945 650 N N N N -2771 -1738 -415 305 304
1 20017 185 118 1 -2 0 0 0 0 13 -61 -1 319 160 39 68 56 529 2491 509 -279 -13 -12
1 19983 183 -50 2 2 0 0 0 0 -4 26 1 51 -2 N N N N 2124 586 -139 -49 -49
1 20017 179 -85 0 0 0 0 0 0 -12 43 3 819 287 40 66 50 529 1919 591 -87 -60 -61
1 19984 182 -13 3 1 0 0 0 0 -2 7 1 250 118 N N N N -544 -483 -168 95 95
1 20015 182 61 0 -2 0 0 0 0 9 -31 -2 227 105 39 69 49 529 -2342 -1057 -103 158 159
1 19986 185 29 -1 -1 0 0 0 0 4 -15 0 21 15 N N N N -1722 -748 -60 111 111
1 20014 189 -15 0 5 0 0 0 0 -2 8 -1 3 5 41 69 47 529 -553 -250 -24 38 38
1 19985 174 -22 2 -2 0 0 0 0 -3 11 2 1 0 N N N N 9 -7 -7 2 2
1 20017 185 -17 0 2 0 0 0 0 -2 9 1 2 -5 39 67 46 529 710 257 -7 -33 -33
1 19982 193 -3 1 -1 0 0 0 0 -1 1 -1 -1 -2 N N N N 1282 482 -3 -63 -64
1 20016 198 3 -2 -1 0 0 0 0 1 -1 1 6 0 39 70 46 529 1198 446 -4 -58 -58
1 19986 174 -44 3 -4 0 0 0 0 -8 22 2 12 1 N N N N 906 343 0 -45 -44
1 20014 200 -40 -2 6 0 0 0 0 -9 19 1 19 3 38 70 48 529 656 237 -7 -30 -30
1 19984 207 -47 1 -3 0 0 0 0 -11 22 3 17 5 N N N N 564 202 -7 -25 -26
1 20016 204 -33 -2 1 0 0 0 0 -10 14 3 89 23 37 70 44 529 370 127 -8 -15 -14
1 24280 246 -163 -4 119 -10 1394 0 -2 -58 63 -36 498 128 N N N N -524 -296 -60 51 50
1 21872 213 -239 23 -127 43 -1417 0 2 -114 57 86 -19 -58 37 69 43 529 -828 -473 -98 81 82
1 20773 178 -75 7 8 0 0 0 0 -40 8 7 -99 -65 N N N N 1731 663 6 -88 -88
1 20016 168 -29 1 -2 0 0 0 0 -16 2 2 -179 -115 39 67 49 530 251 146 31 -25 -25
1 19986 184 -5 1 3 0 0 0 0 -2 0 2 78 18 N N N N -297 -68 27 3 3
1 20016 178 -5 -1 0 0 0 0 0 -3 0 -1 416 144 39 67 45 530 -308 -188 -44 33 33
1 19983 170 23 1 -6 0 0 0 0 12 -1 -1 393 132 N N N N 37 -152 -101 40 40
1 20016 180 -125 3 1 0 0 0 0 -67 0 16 616 203 38 69 45 530 -797 -446 -89 76 76
1 19984 171 -314 -3 1 0 0 0 0 -152 -60 35 2645 747 N N N N -3222 -1663 -280 276 276
1 20015 153 -157 4 -4 0 0 0 0 -60 -58 13 207 165 38 73 43 530 -8043 -3710 -452 604 604
1 19985 154 -81 0 7 0 0 0 0 -23 -33 4 256 116 N N N N -6637 -2677 -144 418 418
1 20016 149 -64 -2 -1 0 0 0 0 -14 -30 5 215 87 40 70 43 530 -4200 -1708 -104 277 277
1 19984 140 75 0 1 0 0 0 0 17 35 -5 1476 414 N N N N -1975 -927 -137 169 169
1 20016 122 206 3 2 0 0 0 0 70 80 -19 1530 518 40 71 45 530 -3363 -1722 -337 338 338
1 19984 131 172 3 1 0 0 0 0 77 46 -19 1146 364 N N N N -7087 -3103 -371 580 580
1 20015 120 149 -2 -3 0 0 0 0 77 20 -16 1204 364 38 71 45 530 -6232 -2647 -287 508 508
1 19985 122 89 16 -6 0 0 0 0 45 2 -6 840 257 N N N N -6047 -2607 -329 529 529
1 24253 148 190 -14 -114 0 -1341 0 -2 103 -35 34 357 177 40 72 44 530 -5865 -2357 -203 477 477
1 22492 137 233 -13 133 -7 1368 0 2 106 -47 -87 411 155 N N N N -3612 -1443 -124 299 299
1 20799 125 70 17 -16 0 0 0 0 25 -27 7 606 188 38 69 46 530 -3043 -1225 -117 263 263
1 19985 120 -8 6 0 0 0 0 0 -3 3 4 433 152 N N N N -2606 -1079 -129 240 240
1 20014 115 -51 -5 -4 0 0 0 0 -19 19 2 380 130 39 74 45 531 -2977 -1178 -105 260 260
1 19985 125 -118 -1 -4 0 0 0 0 -49 39 10 527 132 N N N N -2046 -846 -107 196 196
1 20015 120 -85 1 4 0 0 0 0 -41 21 8 552 203 41 70 46 530 -1914 -840 -144 205 205
1 19985 120 -17 5 0 0 0 0 0 -9 3 2 678 209 N N N N -2504 -1048 -150 254 254
1 20016 98 90 14 8 0 0 0 0 42 -20 -8 2237 574 39 74 47 531 -3587 -1492 -214 368 368
1 19984 121 139 -23 -3 0 0 0 0 61 -46 -15 1842 659 N N N N -4707 -2195 -523 602 602
1 20017 93 127 3 1 0 0 0 0 42 -52 -9 1234 421 38 69 45 531 -5541 -2271 -350 602 602
1 19983 86 72 4 -1 0 0 0 0 18 -34 -1 380 176 N N N N -4035 -1615 -233 438 438
1 20016 102 73 -4 3 0 0 0 0 14 -36 -2 98 85 40 69 47 531 -2390 -952 -140 264 264
1 19984 76 139 2 0 0 0 0 0 12 -72 -1 1276 368 N N N N -2337 -867 -73 232 232
1 20017 88 -3362 -1 -2 0 0 0 0 -21 -123 7 2088 602 41 70 44 531 -1835 -922 -319 304 304
1 19983 76 194 -1 4 0 0 0 0 -56 -86 12 1617 589 N N N N -4439 -1899 -442 590 590
1 20015 98 208 5 -2 0 0 0 0 -89 -67 20 1368 451 37 71 43 532 -6665 -2533 -351 762 762
1 25106 98 230 -10 120 -10 1394 1 -2 -116 -10 82 1534 493 N N N N -6616 -2590 -482 840 840
1 20016 94 61 3 -1 0 0 0 0 -33 0 6 1676 415 40 75 43 532 -3347 -1319 -277 449 449
1 20453 100 -125 5 -5 0 0 0 0 66 2 -15 2180 854 N N N N -2080 -905 -292 335 335
1 20017 87 -120 -1 1 0 0 0 0 62 15 -17 1144 352 40 71 46 532 -1137 -812 -586 375 375
1 20865 112 -220 7 3 0 0 0 0 97 60 -30 609 259 N N N N -1192 -600 -291 248 248
1 20016 103 -207 1 1 0 0 0 0 63 85 -30 1045 220 40 74 43 532 -778 -420 -231 181 181
1 20865 115 -226 -5 -1 0 0 0 0 28 111 -33 297 126 N N N N -1401 -540 -130 198 198
1 20016 106 3373 4 1 0 0 0 0 -24 115 -19 1277 324 39 68 40 532 -1451 -574 -158 216 216
1 20456 104 -149 -3 -2 0 0 0 0 -39 68 -10 557 264 N N N N -2218 -822 -174 303 303
1 20017 87 -109 -1 1 0 0 0 0 -41 42 -3 207 232 38 71 41 533 -2821 -1026 -201 379 379
1 20455 90 -83 4 1 0 0 0 0 -36 28 3 1778 469 N N N N -3068 -1129 -255 432 432
1 23487 96 -72 -9 -125 0 -1401 0 2 -33 14 57 2142 442 40 69 43 533 -4085 -1419 -230 536 536
1 19983 91 -144 6 -1 0 0 0 0 -74 23 16 1142 402 N N N N -3223 -1087 -144 413 413
1 20017 76 -153 2 1 0 0 0 0 -82 6 16 446 234 41 70 44 533 -4549 -1540 -232 605 605
1 19983 87 -231 3 0 0 0 0 0 -119 -32 22 1398 346 N N N N 489 33 -202 29 29
1 20015 79 -120 -2 1 0 0 0 0 -54 -33 10 808 306 38 69 44 534 3296 844 -274 -251 -251
1 19985 90 94 -1 3 0 0 0 0 42 27 -10 362 189 N N N N 1997 527 -131 -162 -162
1 20016 71 198 2 -1 0 0 0 0 99 35 -18 645 189 39 69 44 534 902 208 -104 -53 -53
1 19984 71 160 1 2 0 0 0 0 86 3 -16 184 156 N N N N -207 -177 -186 101 101
1 20016 63 61 0 -2 0 0 0 0 32 -6 -6 1019 212 37 68 44 535 -1249 -448 -116 184 184
1 19984 56 19 2 0 0 0 0 0 10 -2 -1 327 114 N N N N -1176 -376 -38 143 143
1 20015 69 -8 -3 -1 0 0 0 0 -4 1 1 1353 319 39 66 41 535 -1002 -336 -60 134 134
1 19985 61 -37 4 -1 0 0 0 0 -20 4 3 286 190 N N N N -1119 -447 -188 201 201
1 20016 49 -69 -1 1 0 0 0 0 -37 3 6 99 71 39 71 41 535 -1883 -593 -54 229 229
1 19984 59 -88 -4 -2 0 0 0 0 -47 -1 10 164 80 N N N N -449 -188 -95 89 89
1 20015 60 -131 4 1 0 0 0 0 -69 -15 12 532 111 39 70 42 536 30 -59 -118 46 46
1 19985 56 -115 -1 -3 0 0 0 0 -56 -25 11 430 146 N N N N 135 -29 -121 35 35
1 24134 65 -118 -8 -115 0 -1359 1 -2 -49 -63 56 301 95 36 67 40 536 -484 -202 -105 96 96
1 20866 70 -51 -1 3 0 0 0 0 -19 -19 -1 412 100 N N N N -140 -81 -70 44 44
1 20017 44 10 4 -2 0 0 0 0 3 4 1 804 218 37 68 40 536 -898 -308 -75 131 131
1 20865 73 93 3 0 0 0 0 0 37 32 -3 687 214 N N N N 229 -20 -156 38 38
1 20016 60 106 -2 -2 0 0 0 0 48 30 -3 147 105 38 68 41 537 2211 553 -166 -174 -174
1 20866 85 134 0 4 0 0 0 0 68 26 -8 321 92 N N N N 1556 390 -111 -122 -122
1 20016 69 169 2 1 0 0 0 0 90 10 -16 197 60 41 68 40 537 187 11 -74 11 11
1 21573 72 171 -3 -1 0 0 0 0 90 -15 -20 271 59 N N N N 286 44 -67 -3 -3
1 20016 78 136 1 1 0 0 0 0 65 -30 -19 182 56 39 67 39 538 276 49 -52 -7 -7
1 25217 121 22 -64 114 -89 1367 0 2 13 7 -70 208 70 N N N N 358 105 2 -39 -39
1 20015 100 -60 3 2 0 0 0 0 -26 18 7 185 61 40 70 40 538 257 75 0 -27 -27
1 19985 108 -45 -3 0 0 0 0 0 -21 11 6 -15 18 N N N N 43 16 7 -8 -8
1 20015 119 -74 1 -2 0 0 0 0 -36 15 10 -12 -2 38 69 42 539 -290 -74 16 24 24
1 19984 107 -43 1 2 0 0 0 0 -22 6 6 214 48 N N N N -859 -254 -7 95 95
1 20017 130 -27 -1 -1 0 0 0 0 -14 3 4 67 22 37 69 42 539 -990 -316 -50 127 127
1 19984 125 -45 3 2 0 0 0 0 -23 5 7 -137 -47 N N N N -598 -189 -27 75 75
1 20015 138 -43 -5 -1 0 0 0 0 -22 2 6 -69 -47 40 71 40 539 -2068 -552 83 190 190
1 19984 142 -27 1 1 0 0 0 0 -14 0 4 -47 -21 N N N N -5181 -1511 -13 580 580
1 20017 128 -21 3 0 0 0 0 0 -11 0 4 -3 -8 40 69 43 540 -4017 -1156 19 451 451
1 19985 133 -14 -1 2 0 0 0 0 -7 -1 2 131 31 N N N N -3869 -1137 -28 464 464
1 20014 152 -22 0 -3 0 0 0 0 -12 0 4 256 70 37 70 40 540 -3045 -876 15 358 358
1 79985 573 -217 1 -2 0 0 0 0 -109 -31 32 991 289 N N N N -2891 -935 -221 433 433
1 85356 517 290 49 -115 65 -1367 -1 -2 141 11 18 347 122 N N N N 2134 509 -239 -170 -170
1 83528 454 554 -2 120 -7 1366 0 2 249 -117 -109 92 24 N N N N 413 96 -49 -32 -32
1 79999 404 -10 4 -2 0 0 0 0 -3 4 2 630 150 N N N N -315 -89 3 37 37
1 80000 388 -295 -2 -1 0 0 0 0 -118 102 22 219 94 N N N N 2805 743 -133 -284 -284
1 80016 367 -279 1 2 0 0 0 0 -145 32 29 439 132 39 69 40 545 818 185 -102 -57 -57
1 79985 387 -88 3 0 0 0 0 0 -47 -4 9 228 68 N N N N 2380 664 -30 -264 -264
1 86115 435 550 -9 1 -6 -6 -1 0 272 -84 -56 100 33 N N N N 430 67 -115 -5 -5
1 80000 400 -58 4 -1 0 0 0 0 -23 21 7 311 72 N N N N 743 219 17 -91 -91
1 80000 446 -40 0 -1 0 0 0 0 -17 13 1 271 82 N N N N 850 204 -75 -68 -68
1 80000 426 -227 -4 1 0 0 0 0 -111 47 24 35 16 N N N N 193 39 -32 -10 -10
1 80000 450 -226 6 1 0 0 0 0 -121 4 25 141 31 N N N N -89 -36 -22 19 19
1 85716 478 473 -3 -87 -2 -1154 -2 -3 241 -66 -14 347 93 N N N N 660 136 -101 -35 -35
1 79537 456 79 -4 85 -7 1159 -1 3 32 -19 -42 353 102 38 72 40 549 1091 289 -39 -107 -107
1 79984 428 -181 0 1 0 0 0 0 -79 56 14 -291 -101 N N N N -442 -116 19 42 42
1 80000 429 -20 2 2 0 0 0 0 -9 5 3 589 171 N N N N -219 -95 -65 50 50
1 80000 438 16 1 -2 0 0 0 0 7 -4 -1 256 91 N N N N 3060 820 -83 -306 -306
1 80000 438 -277 -1 0 0 0 -2 0 -144 32 29 4 -18 N N N N -475 -131 5 50 50
1 80000 463 -139 0 0 0 0 0 0 -73 -10 16 -1 -9 N N N N -3400 -966 -17 384 384
1 80000 498 123 -1 0 0 0 0 0 65 10 -14 43 6 N N N N -3646 -1032 -10 418 418
1 80000 499 71 1 2 0 0 0 0 38 -1 -8 106 24 N N N N -4405 -1247 -15 517 517
1 85425 562 407 -4 -1 -8 -5 -3 0 195 -88 -41 122 35 38 69 43 552 880 232 -34 -91 -91
1 79984 517 -211 0 0 0 0 0 0 -93 63 19 227 68 N N N N 1058 281 -36 -110 -110
1 80001 508 -259 0 1 0 0 0 0 -135 26 29 197 57 N N N N -347 -115 -38 55 55
1 80001 497 -225 2 -2 0 0 0 0 -117 -26 26 59 17 N N N N -1119 -322 -17 137 137
1 80000 514 -180 1 1 0 0 0 0 -81 -50 18 37 10 N N N N -60 -20 -8 10 10
1 83588 545 601 -6 -119 0 -1362 -4 -2 302 45 -10 246 67 N N N N -2363 -690 -62 301 301
1 82531 498 437 20 116 21 1357 0 2 176 -127 -84 155 45 N N N N -2160 -614 -21 265 265
1 80000 453 -66 -2 3 0 0 0 0 -19 30 2 10 3 N N N N -653 -184 -3 80 80
1 80013 450 -146 0 0 0 0 0 0 -53 57 9 91 24 37 70 40 553 -129 -41 -11 20 20
1 79986 430 -249 1 1 0 0 0 0 -119 61 21 79 22 N N N N -1100 -316 -21 140 140
1 80002 430 -215 0 -1 0 0 0 0 -115 9 23 57 15 N N N N -752 -215 -11 95 95
1 88077 474 482 -8 4 -4 18 -3 0 241 -77 -50 179 55 N N N N -477 -153 -49 76 76
1 80802 436 36 4 -2 0 0 0 0 14 -13 1 118 27 N N N N -363 -101 1 44 44
1 80001 429 -124 -1 1 0 0 0 0 -51 42 8 177 52 N N N N 46 -1 -34 6 6
1 79998 414 -129 1 0 0 0 0 0 -63 30 12 215 62 N N N N -1757 -505 -38 229 229
1 80002 430 -43 2 0 0 0 0 0 -22 8 4 101 31 N N N N -1951 -558 -36 255 255
1 80015 421 -101 -2 -2 0 0 -3 0 -53 10 11 50 15 37 72 44 554 450 122 -11 -52 -52
1 79984 414 -167 -3 1 0 0 0 0 -89 -4 18 311 85 N N N N 2242 607 -43 -263 -263
1 80000 418 -220 1 -1 0 0 0 0 -110 -41 22 180 61 N N N N 3075 839 -43 -359 -359
1 80000 407 -168 3 1 0 0 0 0 -68 -56 15 340 100 N N N N 4567 1246 -53 -522 -522
1 83591 468 491 -1 -119 0 -1375 -2 -2 233 81 12 323 103 N N N N 9269 2535 -78 -1024 -1024
1 81410 433 561 -6 118 -9 1363 0 2 257 -111 -111 159 50 N N N N 1782 476 -33 -183 -183
1 80000 436 51 1 0 0 0 0 0 15 -23 -2 337 95 N N N N -1499 -440 -51 184 184
1 79999 443 -29 1 -4 0 0 0 0 -7 14 2 83 28 N N N N -1321 -378 -25 155 155
1 80000 458 6 -1 4 0 0 0 0 1 -3 -1 314 88 N N N N -756 -232 -48 103 103
1 80001 459 -258 1 -3 0 0 0 0 -97 97 18 243 78 N N N N -1329 -394 -56 170 170
1 79999 471 -267 0 1 1 -1 -2 0 -135 46 26 29 8 N N N N -400 -119 -17 51 51
1 80000 479 -220 0 0 0 0 0 0 -117 -10 26 45 7 N N N N -1736 -484 -11 200 200
1 80002 475 -198 1 3 0 0 0 0 -95 -44 19 340 97 N N N N -8921 -2477 -48 1055 1055
1 79998 489 -187 0 0 0 0 0 0 -71 -67 16 327 97 N N N N 6182 1677 -55 -705 -705
1 83590 522 557 -3 -117 0 -1365 -2 -2 259 101 5 42 17 N N N N -474 -146 -35 68 68
1 81589 487 570 -5 113 -8 1364 0 2 255 -122 -111 68 17 N N N N -628 -176 -6 74 74
1 80000 496 -125 1 3 0 0 0 0 -41 52 8 159 38 N N N N -6254 -1722 -13 741 741
1 80000 475 -17 2 0 0 0 0 0 -6 7 1 266 78 N N N N 3281 879 -52 -371 -371
1 79999 464 -69 1 3 0 0 0 0 -29 23 6 166 48 N N N N -2476 -694 -36 306 306
1 80000 478 -198 -2 -2 0 0 0 0 -94 49 18 138 39 N N N N -9617 -2644 -30 1189 1189
1 80001 481 -227 -1 -1 -1 0 -2 0 -121 12 26 158 40 N N N N -7732 -2122 -17 1006 1006
1 80000 461 -324 2 -3 0 0 0 0 -160 -62 34 322 92 N N N N -3611 -1003 -56 500 500
1 80000 450 -235 0 3 0 0 0 0 -83 -89 19 281 87 N N N N -175 -63 -60 40 40
1 80000 466 -161 1 1 0 0 0 0 -32 -77 8 133 41 N N N N -1297 -363 -36 186 186
1 83531 478 608 -4 -117 0 -1356 -1 -2 217 192 8 100 31 N N N N -1811 -501 -29 256 256
1 83762 448 697 -2 113 -7 1357 0 2 334 -85 -126 151 42 N N N N -613 -174 -29 93 93
1 80000 447 -37 0 0 0 0 0 0 -12 16 2 186 47 N N N N -365 -103 -15 54 54
1 80001 422 -307 0 4 0 0 0 0 -136 89 27 96 30 N N N N -3126 -857 -31 446 446
1 80001 418 -266 -2 0 0 0 0 0 -140 14 31 279 76 N N N N -1812 -500 -35 266 266
1 79999 409 -71 2 -2 0 0 0 0 -38 -7 8 158 51 N N N N -2005 -554 -45 298 298
1 87089 481 638 -7 3 -8 4 -2 0 312 -94 -70 222 66 N N N N -3818 -1043 -44 568 568
1 80791 435 47 4 -1 0 0 0 0 16 -19 -1 390 107 N N N N -1670 -461 -53 260 260
1 80000 450 -246 -3 -2 0 0 0 0 -99 85 20 403 114 N N N N -596 -172 -66 103 103
1 80000 470 31 4 2 0 0 0 0 14 -8 -3 550 170 N N N N -1868 -520 -115 303 303
1 80001 463 39 -2 0 0 0 0 0 18 -12 -3 244 71 N N N N -748 -208 -49 123 123
1 79999 498 -109 1 -1 0 0 -2 0 -51 30 10 522 148 N N N N -67 -27 -67 22 22
1 80000 510 -132 -2 1 0 0 0 0 -67 21 15 319 104 N N N N 211 45 -83 -16 -16
1 80000 512 -99 3 -1 0 0 0 0 -53 7 12 230 67 N N N N 933 245 -42 -132 -132
1 80001 517 -221 0 -1 0 0 0 0 -116 -18 27 479 137 N N N N 651 164 -70 -83 -83
1 85295 579 361 -4 -116 0 -1361 -1 -2 191 -12 14 453 139 N N N N 326 72 -107 -27 -27
1 81590 547 372 -1 115 -7 1365 0 2 162 -91 -94 198 56 N N N N 455 117 -30 -61 -61
1 79998 537 -127 -1 4 0 0 0 0 -47 48 11 240 69 N N N N 857 221 -46 -117 -117
1 80000 550 -120 0 -1 0 0 0 0 -53 37 10 695 199 N N N N 1370 348 -103 -177 -177
1 80000 540 -174 0 0 0 0 0 0 -88 30 20 334 108 N N N N 17 -9 -80 14 14
1 80000 547 -310 -3 0 0 0 0 0 -163 -11 39 400 117 N N N N -2924 -786 -75 439 439
1 83648 591 370 1 -118 0 -1363 -2 -2 195 -14 11 375 109 N N N N -1004 -275 -74 162 162
1 83706 592 456 -1 118 -8 1365 0 2 183 -133 -98 432 125 N N N N 2357 611 -75 -329 -329
1 79999 589 -276 -2 -3 0 0 0 0 -97 109 21 86 28 N N N N 920 239 -20 -128 -128
1 80001 579 -266 -2 3 0 0 0 0 -131 51 30 84 19 N N N N -2408 -637 -19 352 352
1 79999 596 -223 3 -3 0 0 0 0 -118 -5 29 205 50 N N N N -1237 -329 -22 185 185
1 80000 625 -203 0 2 0 0 0 0 -99 -41 24 170 51 N N N N -3105 -822 -43 467 467
1 83649 683 573 -1 -121 0 -1375 0 -2 293 10 -15 424 113 N N N N -721 -198 -69 119 119
1 77114 555 418 21 118 25 1365 -1 2 157 -135 -80 280 77 N N N N 403 101 -45 -52 -52
1 80000 571 -31 2 1 0 0 0 0 -8 15 1 361 105 N N N N 3531 918 -61 -509 -509
1 80000 560 -169 -3 0 0 0 0 0 -54 71 10 101 36 N N N N 1488 383 -42 -207 -207
1 80000 581 -32 3 1 0 0 0 0 -13 12 3 136 35 N N N N -2384 -626 -19 349 349
1 80000 551 62 1 0 0 0 0 0 24 -23 -4 197 53 N N N N -655 -175 -32 101 101
1 80000 565 8 -2 -1 0 1 -1 0 3 -3 -1 417 112 N N N N 538 133 -62 -67 -67
1 80000 553 -226 -2 1 0 0 0 0 -96 72 18 135 42 N N N N 291 71 -35 -36 -36
1 80000 538 -203 -1 1 0 0 0 0 -105 28 21 306 85 N N N N 239 55 -51 -25 -25
1 80001 540 -207 1 -2 0 0 0 0 -111 -7 23 251 74 N N N N 1273 324 -50 -174 -174
1 83647 592 440 -1 -118 0 -1356 0 -2 230 -44 5 444 125 N N N N 949 237 -72 -121 -121
1 82294 570 186 -2 120 -5 1356 0 2 79 -45 -69 273 76 N N N N 763 190 -48 -99 -99
1 80002 555 -110 1 0 0 0 0 0 -44 39 9 271 77 N N N N 1006 254 -46 -132 -132
1 79998 532 27 1 0 0 0 0 0 11 -9 -2 424 113 N N N N 1825 462 -60 -242 -242
1 80000 516 33 -2 0 0 0 0 0 14 -11 -3 246 71 N N N N 2670 680 -52 -354 -354
1 80002 504 -68 4 -5 0 0 -1 0 -29 23 5 414 125 N N N N 4723 1202 -77 -612 -612
1 79998 490 -132 -5 3 0 0 0 0 -62 33 13 132 40 N N N N 5895 1510 -32 -753 -753
1 80000 494 -186 1 2 0 0 0 0 -97 23 20 188 53 N N N N 1396 351 -31 -168 -168
1 80001 469 -257 -1 2 0 0 0 0 -135 -20 29 198 53 N N N N 2287 578 -37 -276 -276
1 84176 508 487 1 -119 0 -1358 -1 -2 254 -27 -1 162 43 N N N N 426 98 -40 -41 -41
1 81765 467 182 -2 118 -8 1364 0 2 79 -42 -69 106 33 N N N N -1626 -422 -18 207 207
1 80000 428 -223 -4 -2 0 0 0 0 -99 66 19 229 56 N N N N 1295 326 -22 -155 -155
1 80000 438 -150 4 0 0 0 0 0 -78 21 17 197 58 N N N N 5184 1318 -36 -620 -620
1 80000 431 -130 -4 3 0 0 0 0 -69 2 15 415 112 N N N N 2682 666 -65 -298 -298
1 84708 472 321 -2 -120 0 -1369 -1 -2 168 -47 17 180 55 N N N N 2039 504 -50 -223 -223
1 81587 426 124 -1 117 -7 1360 0 2 55 -22 -65 81 23 N N N N 1316 331 -14 -148 -148
1 79999 427 52 1 1 0 0 0 0 21 -18 -5 138 36 N N N N 613 149 -21 -64 -64
1 80000 439 87 1 -2 0 0 0 0 31 -34 -6 86 22 N N N N 657 162 -16 -70 -70
1 80000 443 -46 -1 3 0 0 0 0 -16 18 3 300 79 N N N N 1106 268 -39 -113 -113
1 80001 454 -75 0 0 0 0 -1 0 -29 28 6 269 78 N N N N 2573 633 -57 -271 -271
1 80001 465 -107 0 -1 0 0 0 0 -46 34 9 96 28 N N N N 978 241 -20 -103 -103
1 79998 472 -209 -2 -1 0 0 0 0 -105 37 24 267 69 N N N N 2343 581 -37 -246 -246
1 80000 481 -247 2 3 0 0 0 0 -131 -5 29 38 12 N N N N 473 111 -23 -44 -44
1 85236 531 431 -3 -120 1 -1352 -1 -2 225 -40 3 126 30 N N N N -4519 -1156 -22 507 507
1 82351 504 -4 -2 119 -9 1358 0 2 -2 16 -54 265 71 N N N N 1664 408 -37 -173 -173
1 80002 516 -277 -1 0 0 0 0 0 -143 34 33 205 53 N N N N 480 109 -33 -42 -42
1 80000 505 -173 2 -3 0 0 0 0 -92 -13 22 177 49 N N N N 1047 252 -32 -104 -104
1 80001 523 -150 0 3 0 0 0 0 -72 -32 17 241 60 N N N N 1475 362 -28 -152 -152
1 83706 565 546 -2 -119 0 -1362 -1 -2 280 6 -11 120 36 N N N N 2932 723 -44 -301 -301
1 79999 485 295 19 115 24 1359 0 2 125 -77 -73 178 48 N N N N 658 155 -26 -61 -61
1 80000 469 -136 2 2 0 0 0 0 -52 51 9 103 28 N N N N 2784 694 -20 -287 -287
1 80000 472 -125 0 -1 0 0 0 0 -57 36 10 86 23 N N N N 882 214 -17 -86 -86
1 80001 450 -216 -1 1 0 0 0 0 -113 28 23 79 18 N N N N 132 27 -15 -8 -8
1 79999 468 -137 0 1 0 0 0 0 -73 -3 15 48 10 N N N N -222 -59 -7 25 25
1 85052 502 520 -8 1 -5 8 -1 0 261 -75 -56 233 64 N N N N -7 -20 -40 15 15
1 80829 466 112 4 0 0 0 0 0 40 -44 -6 141 32 N N N N -2517 -643 -21 272 272
1 80002 481 -219 -3 0 0 0 0 0 -87 77 17 39 11 N N N N -991 -254 -10 108 108
1 80000 461 -182 2 0 0 0 0 0 -90 37 18 34 4 N N N N -88 -26 -8 12 12
1 80000 448 -206 0 1 0 0 0 0 -110 7 23 195 48 N N N N -1501 -387 -23 168 168
1 83704 500 417 0 -118 1 -1362 -1 -2 214 -64 5 123 31 N N N N -3445 -879 -32 383 383
1 85236 457 231 -2 118 -8 1352 0 2 86 -75 -66 79 19 N N N N -2232 -566 -12 248 248
1 80000 453 23 -1 -4 0 0 0 0 6 -11 -1 102 25 N N N N -1049 -268 -14 120 120
1 79999 427 -77 -3 2 0 0 0 0 -23 34 4 165 43 N N N N -1162 -303 -30 139 139
1 80000 410 -201 1 1 0 0 0 0 -80 71 15 67 17 N N N N -649 -167 -12 76 76
1 80000 404 -124 1 0 0 1 -1 0 -60 29 13 133 33 N N N N 400 91 -24 -37 -37
1 80000 380 -117 1 0 0 0 0 0 -61 15 13 87 24 N N N N 2345 582 -13 -255 -255
1 80001 383 -65 -1 1 0 0 0 0 -35 3 7 57 14 N N N N 765 187 -13 -80 -80
1 79999 377 -58 -1 -2 0 0 0 0 -31 0 7 192 42 N N N N -1034 -266 -19 120 120
1 86521 404 476 -8 -1 -7 1 0 0 235 -83 -52 156 51 N N N N -1448 -379 -43 174 174
1 80830 403 80 6 3 0 0 0 0 29 -31 -4 172 39 N N N N 466 110 -18 -46 -46
1 80000 372 -202 -1 1 0 0 0 0 -81 70 16 240 65 N N N N -1332 -346 -37 159 159
1 80001 399 -230 -1 -2 0 0 0 0 -116 41 25 165 44 N N N N 315 66 -34 -24 -24
1 79999 371 -358 1 0 0 0 0 0 -186 -30 43 237 64 N N N N 402 86 -38 -32 -32
1 84237 440 437 -1 -117 0 -1364 -1 -2 228 4 6 22 6 N N N N -631 -163 -15 75 75
1 82236 408 418 -2 114 -8 1370 0 2 176 -113 -97 26 4 N N N N -168 -43 -3 19 19
1 80000 423 -48 -1 3 0 0 0 0 -15 21 3 16 2 N N N N 113 27 -3 -11 -11
1 80000 424 -165 0 0 0 0 0 0 -63 61 14 83 17 N N N N 106 24 -7 -10 -10
1 80000 436 -298 0 1 0 0 0 0 -147 58 32 83 21 N N N N 2 -6 -18 6 6
1 80000 422 -238 -1 -1 0 0 0 0 -126 -10 30 120 31 N N N N 226 49 -20 -19 -19
1 84648 489 430 -1 -117 0 -1360 -1 -2 225 -33 2 148 34 N N N N 102 16 -24 -3 -3
1 80470 388 127 28 114 33 1352 0 2 55 -22 -57 135 35 N N N N -411 -110 -23 52 52
1 79999 372 -47 -1 3 0 0 0 0 -20 15 4 198 51 N N N N -190 -59 -30 31 31
1 80000 378 21 0 -1 0 0 0 0 9 -6 -2 77 23 N N N N 727 174 -18 -74 -74
1 80000 375 0 0 -3 0 0 0 0 0 0 0 45 9 N N N N 1282 315 -9 -138 -138
1 80000 386 -78 1 0 -1 0 0 0 -36 22 7 75 18 N N N N 1106 271 -10 -117 -117
1 80000 393 -78 -2 3 0 0 0 0 -38 17 6 135 33 N N N N 931 221 -23 -93 -93
1 80000 390 -31 2 -3 0 0 0 0 -16 6 4 54 14 N N N N -797 -202 -12 90 90
1 80000 397 43 -1 3 0 0 0 0 22 -8 -4 113 26 N N N N -372 -98 -15 45 45
1 80000 387 -107 -1 -3 0 0 -1 0 -56 15 10 57 16 N N N N -595 -152 -12 69 69
1 80000 416 -135 1 3 0 0 0 0 -72 5 14 122 28 N N N N -240 -66 -19 32 32
1 78711 185 81 276 -66 143 -425 -290 -4 10 -4 15 50 13 N N N N 87 17 -11 -6 -6
1 105220 -164 48 168 28 337 0 -415 0 -1 -2 6 -23 1 N N N N 45 10 -3 -4 -4
1 54811 -372 -25 -24 2 -2 1 -239 0 -11 1 -4 -43 -10 N N N N -65 -12 12 3 3
1 77848 -740 124 -116 144 1 1385 -214 2 74 3 -43 -186 -46 N N N N -49 -2 24 -2 -2
1 76294 -809 293 -3 -126 6 -1395 -2 2 126 -107 101 -136 -31 N N N N 576 151 25 -71 -71
1 80000 -852 -69 -2 -1 0 0 0 0 -24 26 -8 -212 -54 N N N N 976 257 36 -118 -118
1 79999 -834 -137 1 0 0 0 0 0 -59 42 -17 -104 -21 N N N N -1493 -364 17 157 157
1 79999 -875 -70 0 -1 0 0 0 0 -33 16 -10 -322 -80 N N N N -1634 -390 43 165 165
1 80000 -875 81 -4 2 0 0 0 0 39 -18 11 -216 -57 N N N N 276 84 43 -44 -44
1 80000 -761 158 -25 1 -39 0 -4 0 72 -51 11 -146 -35 N N N N -439 -100 25 41 41
1 80000 -745 113 0 -1 0 0 0 0 37 -47 9 -93 -20 N N N N -61 -7 20 0 0
1 80000 -765 -85 -1 1 0 0 0 0 -27 36 -7 -21 -2 N N N N -65 -15 4 6 6
1 80000 -756 -155 -1 -1 0 0 0 0 -63 53 -15 -24 0 N N N N -104 -24 5 10 10
1 80001 -768 18 0 -1 0 1 -2 0 9 -5 2 -249 -58 N N N N 383 106 27 -51 -51
1 79999 -754 139 2 1 0 0 0 0 54 -49 14 -203 -55 N N N N -26 8 41 -10 -10
1 80000 -766 9 -2 -2 0 0 0 0 4 -4 1 -364 -92 N N N N 214 75 59 -43 -43
1 80000 -773 106 1 1 0 0 0 0 32 -46 7 -324 -86 N N N N -415 -86 47 31 31
1 84354 -799 -566 -2 -3 1 6 -1 0 -245 153 -61 -135 -35 N N N N 2231 572 35 -258 -258
1 80000 -749 -187 3 -2 0 0 0 0 -99 -8 -26 -201 -49 N N N N -2080 -512 26 221 221
1 80000 -763 -152 -2 3 0 0 0 0 -75 -30 -21 -164 -42 N N N N -667 -156 31 65 65
1 80000 -738 -62 2 2 0 0 0 0 -28 -17 -7 -154 -40 N N N N 909 240 32 -112 -112
1 80001 -740 -67 -4 -3 0 0 0 0 -27 -22 -8 -155 -35 N N N N 1772 454 24 -204 -204
1 83352 -812 776 10 122 0 1371 0 -2 381 46 48 -252 -63 N N N N 4233 1082 44 -477 -477
1 83174 -738 397 -6 -119 0 -1395 -1 2 121 -190 82 -120 -28 N N N N 2712 690 19 -297 -297
1 80000 -704 -93 -2 -1 0 0 0 0 -17 46 -4 -198 -50 N N N N 1394 364 31 -159 -159
1 80000 -683 -25 0 -3 0 0 0 0 -5 11 -1 -147 -39 N N N N 2422 625 32 -266 -266
1 80000 -661 33 5 2 0 0 0 0 6 -15 2 -133 -28 N N N N 564 150 18 -65 -65
1 84414 -702 -557 -3 0 0 9 0 0 -224 175 -56 -153 -39 N N N N 873 232 26 -100 -100
1 80000 -649 -125 -1 2 0 0 0 0 -67 4 -18 -213 -59 N N N N -2415 -591 41 238 238
1 80000 -638 -174 -3 -4 0 0 0 0 -90 -16 -23 -313 -81 N N N N -2330 -570 42 231 231
1 79999 -639 -113 1 4 0 0 0 0 -54 -25 -16 -270 -72 N N N N -3276 -815 35 341 341
1 80001 -657 -60 -2 -2 0 0 0 0 -27 -17 -6 -261 -76 N N N N -2411 -584 65 242 242
1 84324 -735 802 10 96 -1 1191 0 -3 393 -2 65 -279 -74 N N N N -1903 -463 49 195 195
1 79027 -635 261 -7 -92 1 -1192 0 3 77 -135 54 -190 -50 N N N N -1499 -369 31 158 158
1 80000 -626 9 -2 -2 0 0 0 0 2 -5 0 -288 -77 N N N N 2328 610 49 -277 -277
1 80003 -649 -70 0 0 0 0 0 0 -15 34 -3 -206 -56 N N N N 1048 281 34 -128 -128
1 79999 -638 -209 2 0 0 0 0 0 -67 88 -16 -268 -72 N N N N -2103 -518 47 219 219
1 79998 -629 -246 -1 1 0 0 -1 0 -113 65 -28 -196 -55 N N N N -2029 -502 40 216 216
1 80000 -618 96 1 -1 0 0 0 0 47 -20 11 -153 -38 N N N N -990 -244 24 105 105
1 80002 -623 277 1 0 0 0 0 0 111 -95 28 -115 -28 N N N N -949 -236 17 103 103
1 80000 -611 116 -2 -4 0 0 0 0 30 -55 7 -510 -144 N N N N -2130 -514 88 219 219
1 83117 -599 -641 0 4 0 -4 0 0 -268 184 -66 -211 -58 N N N N -2312 -579 41 259 259
1 80001 -572 -15 1 0 0 0 0 0 -8 0 -2 -202 -55 N N N N -2327 -586 33 268 268
1 79999 -561 -7 -3 -2 0 0 0 0 -3 1 -1 -110 -28 N N N N 179 53 21 -28 -28
1 80001 -559 131 1 1 0 0 0 0 69 -9 18 -228 -61 N N N N -936 -229 37 101 101
1 80001 -542 46 -3 0 0 0 0 0 24 -7 6 -247 -71 N N N N -2574 -648 43 301 301
1 79999 -548 -33 -1 0 0 0 -49 0 -16 6 -5 -139 -37 N N N N -1973 -501 24 237 237
1 79999 -536 -156 1 -2 0 0 0 0 -83 9 -21 -486 -139 N N N N -8251 -2104 80 1030 1030
1 80002 -515 -224 -3 1 0 0 0 0 -116 -24 -30 -624 -177 N N N N -5013 -1273 101 643 643
1 79999 -525 88 4 -1 0 0 0 0 44 15 12 -399 -116 N N N N -3463 -883 71 458 458
1 78784 -562 636 39 14 0 -5 -104 -4 306 -90 72 -417 -116 N N N N -1531 -385 70 199 199
1 81215 -560 -3175 -53 -7 0 0 -104 4 79 -212 13 -336 -103 N N N N -1694 -428 75 223 223
1 80000 -590 302 0 -1 0 0 0 0 -50 -151 -14 -431 -127 N N N N -1836 -467 78 248 248
1 80000 -583 157 3 -3 0 0 0 0 -57 -63 -14 -373 -100 N N N N -522 -130 46 67 67
1 80001 -601 140 -4 3 0 0 0 0 -62 -41 -15 -166 -53 N N N N -240 -55 58 24 24
1 79999 -634 215 2 0 0 0 0 0 -111 -32 -27 -230 -61 N N N N -343 -85 32 44 44
1 82588 -650 -823 -9 -127 0 -1408 -2 -2 283 260 59 -221 -57 N N N N 1494 395 38 -224 -224
1 84883 -679 2639 6 127 0 1419 0 2 -338 337 -63 -533 -156 N N N N -2461 -631 98 341 341
1 79999 -649 38 -1 0 0 0 0 0 20 1 5 -389 -112 N N N N -1445 -371 65 203 203
1 80001 -657 242 -2 0 0 0 0 0 128 -23 28 -364 -105 N N N N -1032 -264 68 142 142
1 80000 -663 360 2 2 0 0 0 0 145 -121 31 -100 -26 N N N N 5927 1563 30 -880 -880
1 80002 -669 234 2 -1 0 0 0 0 41 -116 9 -441 -120 N N N N 2660 709 50 -393 -393
1 82063 -675 -723 -3 -1 0 -5 0 0 -253 256 -55 -338 -100 N N N N -3577 -932 79 501 501
1 79994 -658 317 -2 0 0 0 0 0 153 -71 33 -507 -146 N N N N 2125 575 86 -326 -326
1 80001 -674 226 4 0 0 0 0 0 73 -94 16 -380 -115 N N N N 1996 541 75 -303 -303
1 79999 -670 206 -3 0 0 0 0 0 30 -105 4 -690 -198 N N N N -364 -80 104 30 30
1 80000 -679 -3453 2 0 0 0 0 0 -5 -78 -2 -329 -103 N N N N -487 -116 82 53 53
1 81764 -700 2764 10 -3 0 -1 0 0 -221 341 -43 -337 -91 N N N N -2947 -777 54 421 421
1 80000 -668 143 -12 2 0 0 0 0 73 -29 15 -452 -139 N N N N 1288 357 87 -207 -207
1 80000 -664 147 0 -1 0 0 0 0 63 -47 13 -250 -72 N N N N -574 -146 50 74 74
1 79999 -666 171 2 2 0 0 0 0 55 -72 11 -329 -93 N N N N -2760 -731 61 401 401
1 80002 -644 95 -1 1 0 0 0 0 20 -46 4 -649 -194 N N N N -524 -127 106 60 60
1 84295 -680 -733 -3 0 0 -1 0 0 -303 206 -66 -243 -72 N N N N -336 -82 63 40 40
1 79999 -627 -115 2 -2 0 0 0 0 -62 -8 -13 -333 -98 N N N N 251 75 58 -49 -49
1 80001 -653 103 1 0 0 0 0 0 55 7 12 -665 -193 N N N N 854 246 120 -153 -153
1 79999 -640 208 0 1 0 0 0 0 110 -14 25 -389 -116 N N N N 1205 335 67 -196 -196
1 80000 -665 23 -3 -1 0 0 0 0 13 -4 2 -242 -71 N N N N 3704 1012 58 -567 -567
1 79999 -653 114 -1 1 0 1 0 0 55 -26 12 -357 -99 N N N N 3472 951 54 -521 -521
1 80001 -627 336 0 0 0 0 0 0 120 -130 24 -301 -91 N N N N 2432 674 68 -366 -366
1 80001 -612 205 0 -3 0 0 0 0 28 -105 4 -217 -62 N N N N 2215 610 36 -324 -324
1 79999 -604 -3426 -1 3 0 0 0 0 -10 -91 -2 -199 -59 N N N N 2393 663 46 -347 -347
1 85644 -630 2706 7 1 0 5 0 0 -228 362 -44 -185 -48 N N N N 1401 388 28 -201 -201
1 80825 -574 -77 -5 -2 0 0 0 0 -40 7 -9 -354 -102 N N N N 1842 515 49 -266 -266
1 80000 -546 382 -4 -1 0 0 0 0 185 -83 39 -265 -77 N N N N 1144 326 52 -170 -170
1 79999 -544 228 3 0 0 0 0 0 69 -99 12 -198 -60 N N N N 7302 2013 56 -986 -986
1 80001 -541 98 -2 0 0 0 0 0 17 -49 3 -250 -69 N N N N 11841 3261 50 -1498 -1498
1 78760 -568 -619 26 -15 62 0 -72 -4 -227 220 -35 -288 -80 N N N N 6039 1675 47 -732 -732
1 83182 -793 -256 6 12 -1 0 -74 4 -137 7 -41 -332 -103 N N N N 3073 869 58 -376 -376
1 80001 -794 -92 4 2 0 0 0 0 -47 -13 -14 -566 -167 N N N N -13905 -3783 102 1627 1627
1 80000 -792 -14 -1 -1 0 0 0 0 -7 -2 -3 -14 -3 N N N N 8262 2285 24 -1014 -1014
1 79999 -772 30 1 1 0 0 0 0 15 5 5 -302 -85 N N N N 8410 2342 52 -994 -994
1 85763 -874 793 4 3 4 -15 -2 0 362 -139 98 -314 -88 N N N N 1844 533 51 -227 -227
1 80001 -790 27 -1 3 0 0 0 0 7 -12 2 -362 -108 N N N N 1594 477 74 -206 -206
1 80015 -780 108 0 -2 0 0 0 0 20 -54 5 -465 -138 37 70 42 559 982 312 81 -140 -140
1 79985 -792 146 -1 4 0 0 0 0 10 -75 2 -653 -194 N N N N -1216 -290 94 99 99
1 79999 -818 -3159 2 -3 0 0 0 0 -87 -212 -26 -314 -104 N N N N -11479 -3154 89 1295 1295
1 82179 -691 2722 -41 -123 -45 -1388 -1 -2 10 387 33 -272 -77 N N N N -1730 -456 61 187 187
1 81706 -661 -393 6 123 0 1400 1 2 -190 119 -81 -165 -51 N N N N -43 4 40 -8 -8
1 80001 -660 262 -3 0 0 0 0 0 134 -43 29 -317 -92 N N N N -1260 -332 50 136 136
1 79999 -696 344 5 -1 0 0 0 0 118 -137 26 -175 -52 N N N N 1822 527 45 -238 -238
1 79999 -678 102 -3 1 0 0 0 0 18 -51 2 -45 -11 N N N N 755 215 8 -94 -94
1 87722 -753 -782 -1 -2 0 -4 -1 0 -309 233 -66 -379 -107 36 71 40 559 2136 625 64 -280 -280
1 79984 -667 110 2 3 0 0 0 0 59 -3 13 -104 -31 N N N N 1418 411 31 -179 -179
1 80000 -692 220 0 -2 0 0 0 0 111 -41 23 -75 -17 N N N N 1807 514 16 -219 -219
1 80000 -689 342 -2 2 0 0 0 0 121 -133 25 -304 -86 N N N N 1198 354 39 -155 -155
1 80000 -678 -3239 0 1 0 0 0 0 18 -187 3 -226 -73 N N N N -2790 -756 63 305 305
1 84268 -717 2702 10 -1 0 0 1 0 -239 357 -47 -173 -47 N N N N -2521 -696 29 291 291
1 80791 -640 -208 -14 -1 0 0 0 0 -109 3 -26 -282 -82 N N N N -927 -242 48 95 95
1 80001 -629 -34 4 -1 0 0 0 0 -18 -3 -4 -154 -44 N N N N 1500 438 35 -194 -194
1 80015 -629 259 1 0 0 0 0 0 138 -2 31 -311 -88 38 73 41 558 1449 434 58 -195 -195
1 79984 -638 178 -2 3 0 0 0 0 88 -36 18 -219 -61 N N N N 2364 684 35 -293 -293
1 80000 -648 173 -1 -4 0 -1 -1 0 73 -58 15 -397 -114 N N N N -602 -137 75 43 43
1 80000 -656 265 1 -1 0 0 0 0 66 -123 13 -201 -48 N N N N -2101 -562 76 223 223
1 80000 -652 -3443 -2 3 0 0 0 0 10 -82 1 -336 -76 N N N N 5162 1481 36 -624 -624
1 80000 -623 51 2 0 0 0 0 0 -3 -27 0 -396 -130 N N N N -2588 -698 79 274 274
1 87646 -677 2660 -3 3 1 10 1 0 -295 335 -64 -329 -98 N N N N -3083 -848 69 344 344
1 80002 -602 115 4 -3 0 0 0 0 61 -8 15 -193 -47 N N N N -799 -212 37 84 84
1 80013 -601 456 -5 0 0 0 0 0 195 -139 40 -84 0 37 73 40 557 3556 1027 28 -439 -439
1 79985 -625 -3118 -2 2 0 0 0 0 26 -246 4 -524 -128 N N N N -95 -5 50 -7 -7
1 80000 -636 -20 4 -5 0 0 0 0 3 9 1 -861 -248 N N N N -2049 -504 185 179 179
1 24707 -192 -127 -10 -125 -1 -1397 0 -2 14 37 -10 -106 -47 N N N N -1461 -404 36 165 165
1 20016 -167 3318 5 6 0 0 0 0 -29 143 30 -610 -166 38 74 40 557 -974 -246 81 91 91
1 20455 -171 -286 -4 2 0 0 0 0 -97 118 4 -144 -56 N N N N -1423 -382 65 153 153
1 21133 -178 -247 13 125 0 1390 0 2 -125 82 -74 -255 -78 40 69 41 557 -1238 -342 38 142 142
1 19984 -157 -30 -10 -3 0 0 0 0 -15 2 0 -134 -43 N N N N -951 -257 43 105 105
1 20017 -163 39 3 -3 0 0 0 0 21 -4 4 1 -4 37 70 40 557 41 19 18 -11 -11
1 19984 -157 56 2 2 0 0 0 0 29 -8 6 123 55 N N N N 367 107 1 -47 -47
1 20016 -167 73 -2 -2 0 0 0 0 37 -14 8 37 31 37 67 39 557 5932 1704 -21 -730 -730
1 19983 -162 87 3 -1 0 0 0 0 41 -22 9 49 26 N N N N 5631 1621 -8 -671 -671
1 20016 -163 85 -4 2 0 0 0 0 36 -28 7 -247 -55 37 71 42 557 4981 1440 6 -578 -578
1 19985 -150 132 4 -1 0 0 0 0 47 -52 10 -329 -73 N N N N 3369 997 45 -398 -398
1 20016 -158 149 -2 -1 0 0 0 0 37 -71 5 -227 -64 37 68 43 556 3665 1094 64 -431 -431
1 19984 -155 80 -2 3 0 0 0 0 12 -40 2 -184 -52 N N N N 2039 620 51 -242 -242
1 20015 -164 27 -1 0 0 0 0 0 3 -14 0 -403 -110 37 71 41 556 1543 468 36 -181 -181
1 19984 -153 1 0 2 0 0 0 0 0 0 0 -628 -201 N N N N -830 -177 111 43 43
1 20016 -153 20 1 -2 0 0 0 0 1 -11 1 -391 -123 37 70 40 556 -3996 -1106 100 396 396
1 19984 -151 50 1 2 0 0 0 0 2 -26 0 -183 -44 N N N N -3329 -939 59 349 349
1 20017 -161 -3553 -2 -5 0 0 0 0 -1 -26 0 -919 -255 39 68 40 556 -397 -42 140 -11 -11
1 19983 -150 61 3 -3 0 0 0 0 -5 -33 -1 -809 -219 N N N N -350 -47 106 -2 -2
1 23194 -167 3496 -12 -122 0 -1394 -1 -2 8 26 -7 -974 -299 38 68 41 556 1868 665 218 -300 -300
1 20512 -157 -293 5 4 0 0 0 0 -43 146 28 -807 -250 N N N N -533 -66 171 -9 -9
1 20015 -166 -275 5 0 0 0 0 0 -105 104 3 -542 -151 40 77 42 556 -1083 -266 103 84 84
1 23750 -191 -302 -3 127 0 1401 0 2 -155 76 -86 -1652 -479 N N N N 2385 887 330 -407 -407
1 20015 -151 -164 -9 -2 0 0 0 0 -87 -11 -14 -561 -179 40 74 45 556 2844 931 143 -379 -379
1 19984 -143 -78 -6 1 0 0 0 0 -40 -13 -6 -1248 -345 N N N N 2380 781 116 -314 -314
1 20016 -147 118 -1 -11 0 0 0 0 62 17 15 -2168 -629 40 70 43 556 2486 1006 431 -454 -454
1 19984 -150 68 2 10 0 0 0 0 36 5 3 -3407 -954 N N N N 1670 767 425 -362 -362
1 20016 -108 -92 -18 -7 0 0 0 0 -47 -8 -3 -3004 -916 39 71 45 556 1597 906 668 -458 -458
1 19984 -151 -138 17 5 0 0 0 0 -72 -24 -19 -338 -243 N N N N 2633 1095 431 -471 -471
1 20016 -127 -87 7 0 0 0 0 0 -41 -23 -9 -981 -325 39 71 44 556 3021 1103 231 -423 -423
1 19984 -135 -10 -17 -7 0 0 0 0 -3 -4 7 -659 -226 N N N N 1587 642 209 -259 -259
1 20016 -121 108 -16 3 0 0 0 0 52 29 12 -5370 -1486 40 71 43 556 466 714 830 -411 -411
1 19984 -137 86 3 -5 0 0 0 0 43 16 8 -1259 -482 N N N N 1322 721 426 -326 -326
1 20015 -122 79 0 7 0 0 0 0 42 12 3 -1938 -583 39 72 44 556 880 612 464 -296 -296
1 19985 -148 52 -5 -6 0 0 0 0 29 1 6 -982 -337 N N N N 1857 820 293 -323 -323
1 20015 -132 152 14 1 0 0 0 0 81 -4 11 -1997 -597 39 75 45 556 3413 1441 422 -540 -540
1 19984 -114 197 2 -2 0 0 0 0 100 -37 17 -1294 -500 N N N N 4573 1811 368 -625 -625
1 20017 -118 129 3 5 0 0 0 0 56 -40 8 -508 -298 38 73 45 556 4537 1734 257 -562 -562
1 18676 -116 146 55 -7 72 1 -35 -4 37 -62 31 -304 -208 N N N N 3585 1322 133 -403 -403
1 20105 -153 87 -17 -27 0 -416 -97 4 26 -48 1 -1560 -547 38 72 45 556 4079 1592 243 -492 -492
1 26559 -182 -295 11 -86 1 -985 -1 -2 -99 99 23 -2400 -721 N N N N 4202 1791 403 -566 -566
1 19444 -135 -373 13 129 -1 1397 -22 -2 -189 95 -96 -2620 -790 40 70 46 556 4104 1956 593 -633 -633
1 20548 -129 -264 -13 0 1 0 -76 4 -134 -33 -32 -279 -179 N N N N 7346 2977 432 -828 -828
1 20610 -143 -133 -9 -1 0 0 0 0 -59 -37 -12 -173 -97 37 73 47 556 5911 2178 103 -535 -535
1 19983 -122 -147 3 1 0 0 0 0 -54 -55 -14 -499 -169 N N N N 3616 1372 98 -334 -334
1 20016 -135 -188 2 0 0 0 0 0 -46 -86 -11 -609 -214 42 72 47 556 3211 1311 168 -329 -329
1 19983 -132 -169 0 0 0 0 0 0 -14 -86 -3 -466 -150 N N N N 3076 1252 151 -305 -305
1 20017 -121 -103 -2 -2 0 0 0 0 3 -53 2 -294 -106 39 75 48 555 2607 1004 72 -230 -230
1 19984 -141 -30 3 1 0 0 0 0 3 -15 0 -128 -55 N N N N 2358 911 66 -205 -205
1 20016 -148 -18 3 4 0 0 0 0 3 -9 0 -198 -67 39 73 49 555 1700 663 52 -149 -149
1 19984 -143 -75 -3 -7 0 0 0 0 12 -37 2 -953 -280 N N N N 1429 654 127 -161 -161
1 20016 -144 -136 1 4 0 0 0 0 33 -62 8 -839 -271 39 74 46 555 3029 1305 192 -305 -305
1 19985 -148 -126 2 0 0 0 0 0 45 -48 12 -1233 -374 N N N N 4464 1896 248 -425 -425
1 20016 -152 -188 -6 0 0 0 0 0 84 -54 18 -1639 -488 40 71 44 555 5198 2363 398 -532 -532
1 19984 -149 -221 -8 -2 0 0 0 0 116 -26 27 -1419 -490 N N N N 7763 3355 417 -694 -694
1 20015 -143 -257 11 4 0 0 0 0 134 28 34 -1579 -483 38 70 43 555 6822 2976 358 -586 -586
1 19985 -148 -211 -15 -1 0 0 0 0 97 64 17 -1090 -380 N N N N 6701 3022 398 -577 -577
1 20016 -150 -166 -5 -7 0 0 0 0 55 69 8 -677 -248 40 74 44 555 6924 2934 253 -511 -511
1 22135 -162 -28 3 -139 0 -1401 -19 -2 6 -16 -33 -802 -308 N N N N 6745 2882 246 -481 -481
1 20808 -157 -147 -16 22 0 0 0 0 29 77 20 -515 -246 39 74 46 555 5310 2313 211 -375 -375
1 20452 -148 3354 10 4 0 0 0 0 -8 126 31 -416 -171 N N N N 2635 1244 163 -207 -207
1 20017 -140 -258 9 -12 0 0 0 0 -66 116 18 -50 -36 41 71 48 555 2510 1050 66 -158 -158
1 23589 -170 -345 -1 32 0 215 2 -1 -158 105 -25 -76 -23 N N N N 2288 919 34 -132 -132
1 20057 -122 -183 7 99 0 1181 -30 3 -99 30 -69 -36 -9 37 74 49 555 1617 630 13 -87 -87
1 19984 -145 -109 -4 0 0 0 0 0 -57 -9 -13 -33 -10 N N N N 918 365 10 -51 -51
1 20017 -129 -59 4 -6 0 0 0 0 -30 -10 -7 -22 -9 38 78 49 554 980 373 2 -50 -51
1 19983 -139 -26 -3 3 0 0 0 0 -13 -5 -2 -8 -2 N N N N 505 176 -9 -21 -20
1 20016 -140 -28 3 0 0 0 0 0 -14 -6 -4 -13 -4 39 71 48 554 348 140 5 -20 -20
1 19985 -133 -48 -3 0 0 0 0 0 -22 -12 -5 -29 -10 N N N N 238 114 15 -18 -18
1 20015 -133 -33 -2 3 0 0 0 0 -15 -9 -3 -127 -51 38 68 50 554 174 83 11 -13 -13
1 19984 -133 -27 1 -2 0 0 0 0 -12 -8 -2 -178 -33 N N N N 69 137 68 -31 -31
1 20016 -146 58 -4 2 0 0 0 0 26 17 5 56 32 41 73 52 554 940 364 5 -49 -49
1 19984 -143 75 4 -3 0 0 0 0 36 17 9 -172 -64 N N N N 805 323 11 -44 -44
1 20016 -137 180 -2 0 0 0 0 0 93 24 19 -661 -206 39 73 50 554 -573 21 146 -31 -31
1 19984 -144 108 0 3 0 0 0 0 58 1 12 22 50 N N N N -1482 -452 67 46 46
1 20016 -124 -37 1 -3 0 0 0 0 -20 1 -3 -618 -105 38 72 57 553 -3271 -1172 46 145 145
1 19984 -138 17 -1 3 0 0 0 0 9 -1 1 -566 -203 N N N N -5979 -2027 159 242 242
1 20016 -123 -79 -2 0 0 0 0 0 -42 -1 -9 -336 -127 39 75 60 553 -4364 -1476 125 180 180
1 19984 -135 -73 1 -1 0 0 0 0 -39 -5 -8 -180 -69 N N N N -4070 -1425 88 183 183
1 18709 -117 -152 1 0 1 2 -34 -4 -77 -26 -16 -584 -175 40 76 63 553 -2453 -780 107 91 91
1 37881 -274 138 7 120 -1 1385 -85 2 68 31 -48 -1198 -380 N N N N -1964 -336 285 -8 -8
1 20016 -145 211 -2 -5 0 0 0 0 113 11 27 -393 -143 41 77 60 553 -1121 -139 201 -19 -19
1 20867 -145 160 -12 8 0 0 0 0 85 -18 15 -803 -264 N N N N -225 160 169 -56 -56
1 23211 -173 186 -1 -32 1 -196 -1 -2 86 -51 40 -2489 -744 39 76 65 552 2097 1520 475 -309 -310
1 32495 -220 302 -9 -83 -1 -1181 -54 4 89 -148 49 -1132 -399 N N N N 10048 4884 607 -778 -777
1 20015 -119 -90 -7 -2 0 0 0 0 -17 43 -5 -563 -181 40 82 70 552 4816 2189 175 -315 -315
1 19986 -130 -126 4 -2 0 0 0 0 -37 56 -7 -248 -92 N N N N 3784 1697 118 -235 -235
1 20014 -127 -88 -2 -3 0 0 0 0 -33 33 -5 -632 -202 43 81 76 551 2284 1120 128 -161 -161
1 19984 -123 81 -2 -1 0 0 0 0 31 -31 6 -235 -97 N N N N 1815 996 164 -151 -151
1 20017 -118 139 4 1 0 0 0 0 40 -62 8 -69 -37 42 81 80 551 1581 781 89 -110 -110
1 19983 -129 106 -2 5 0 0 0 0 20 -51 3 -170 -53 N N N N 1004 452 29 -58 -58
1 20016 -125 12 -3 -3 0 0 0 0 2 -7 -1 -197 -58 43 87 83 550 935 486 66 -70 -70
1 19984 -113 -8 4 -2 0 0 0 0 -1 4 2 -100 -34 N N N N 1072 493 37 -64 -64
1 20017 -125 11 -4 3 0 0 0 0 2 -5 -2 -19 -10 42 85 81 550 1049 507 49 -68 -68
1 19985 -135 -50 -10 -1 0 0 0 0 -5 25 -6 -187 -51 N N N N 615 280 20 -36 -36
1 20014 -134 -7 10 2 0 0 0 0 -4 4 4 -21 -14 40 86 81 550 818 382 30 -49 -49
1 19986 -117 33 -2 -5 0 0 0 0 6 -18 0 -241 -68 N N N N 639 305 28 -40 -40
1 20015 -125 76 0 1 0 0 0 0 8 -39 2 -45 -21 46 100 85 549 1013 528 70 -73 -73
1 19983 -124 -3503 3 0 0 0 0 0 3 -51 2 -5 -4 N N N N 985 434 20 -52 -52
1 18733 -125 93 -1 0 1 1 -38 -4 -6 -49 -2 -4 -2 44 92 93 549 503 213 6 -25 -25
1 20030 -124 124 -2 0 0 -1 -101 0 -21 -62 -4 -10 -4 N N N N 296 138 11 -18 -18
1 25429 -180 -104 -10 -117 -1 -1422 -15 2 21 27 -18 2 4 42 94 88 548 270 118 5 -14 -14
1 20456 -132 3363 1 8 0 0 0 0 4 124 26 31 16 N N N N 143 66 5 -8 -8
1 20015 -148 -257 -18 1 0 0 0 0 -53 124 7 0 2 45 91 90 547 123 46 -2 -5 -5
1 10809 -82 -155 -7 -13 0 0 0 0 -59 55 6 3 3 N N N N -45 -19 -1 2 2
1 13212 -105 -190 -19 27 -1 200 -1 -2 -89 54 -13 2 1 43 100 92 547 276 112 0 -12 -12
1 8833 -65 -109 88 79 90 1215 -19 0 -72 29 -41 7 2 N N N N -76 -29 2 3 3
1 9334 -81 -16 -6 15 1 2 -23 0 -8 3 -9 14 9 44 96 91 547 160 58 -4 -6 -6
1 13274 -124 40 -2 -10 -1 -1 -12 4 21 -5 11 25 15 N N N N 447 175 -4 -19 -19
1 10834 -86 46 -6 4 0 0 0 0 26 -4 1 11 8 45 98 90 546 12 -5 -6 2 2
1 9983 -99 42 8 -9 0 0 0 0 21 -7 9 11 6 N N N N 193 71 -3 -8 -8
1 10017 -82 40 3 15 0 0 0 0 19 -5 -2 13 10 46 97 87 546 337 119 -10 -11 -11
1 9983 -110 42 12 -3 0 0 0 0 18 -10 10 2 0 N N N N 269 103 -3 -11 -11
1 10015 -86 33 3 3 0 0 0 0 16 -7 -1 -6 0 44 97 90 546 120 35 -8 -2 -2
1 9985 -86 40 0 3 0 0 0 0 17 -11 6 18 9 N N N N -22 -7 1 0 0
1 10015 -97 44 5 -3 0 0 0 0 18 -14 8 1 2 46 97 84 546 219 84 -3 -9 -9
1 9984 -100 39 0 7 0 0 0 0 16 -12 1 4 4 N N N N 236 97 1 -11 -11
1 10016 -93 47 -4 -7 0 0 0 0 19 -19 5 -25 -15 46 97 88 545 74 29 0 -3 -3
1 9984 -100 48 6 0 0 0 0 0 16 -19 6 23 16 N N N N -109 -43 0 5 5
1 10016 -92 62 -1 2 0 0 0 0 19 -26 4 6 0 47 98 88 545 83 29 -2 -3 -3
1 9985 -95 40 -4 -3 0 0 0 0 10 -20 6 -5 -2 N N N N 201 76 -3 -8 -8
1 10015 -96 39 5 0 0 0 0 0 9 -18 1 5 3 42 98 84 545 119 50 1 -5 -5
1 9985 -97 31 -3 -3 0 0 0 0 8 -16 -1 0 1 N N N N -23 -1 5 -1 -1
1 10016 -96 36 1 5 0 0 0 0 7 -16 1 -4 1 45 97 83 545 49 17 -2 -2 -2
1 9984 -90 32 -5 0 0 0 0 0 2 -17 4 2 0 N N N N 65 25 0 -2 -2
1 10016 -98 40 6 -1 0 0 0 0 3 -21 2 -1 1 44 97 84 544 66 34 4 -5 -5
1 9984 -101 40 -2 0 0 0 0 0 5 -21 0 -1 0 N N N N 69 19 -5 -1 -1
1 10016 -83 -3545 0 0 0 0 0 0 1 -29 -2 -4 -2 46 95 84 544 71 33 2 -4 -4
1 9984 -85 56 0 -1 0 0 0 0 -3 -30 2 0 0 N N N N -77 -23 5 1 1
1 10016 -98 30 -1 1 0 0 0 0 -1 -16 -2 -3 0 45 98 82 544 65 27 0 -3 -3
1 9984 -81 47 1 -3 0 0 0 0 -5 -25 -2 -6 -4 N N N N 71 34 3 -4 -4
1 10015 -87 67 -2 3 0 0 0 0 -11 -33 -2 -2 0 44 97 80 544 20 12 3 -2 -2
1 9984 -80 73 1 3 0 0 0 0 -18 -34 -2 5 4 N N N N -56 -22 0 3 3
1 10017 -96 78 3 0 0 0 0 0 -23 -35 -5 2 -2 45 95 84 543 -27 -12 -1 1 1
1 9983 -89 62 1 1 0 0 0 0 -21 -25 -6 0 1 N N N N 118 45 -1 -4 -4
1 10016 -103 42 -3 -4 0 0 0 0 -15 -17 -6 -7 0 46 95 83 543 -129 -49 1 5 5
1 9985 -83 49 -3 4 0 0 0 0 -20 -16 -3 3 1 N N N N 97 39 1 -5 -5
1 10016 -95 72 5 -8 0 0 0 0 -32 -24 -12 3 -2 45 97 84 543 11 8 1 -1 -1
1 9984 -94 47 -8 4 0 0 0 0 -22 -11 -2 -37 -7 N N N N 69 33 3 -4 -4
1 12323 -145 21 -1 -118 2 -1416 -2 -2 -10 -22 -61 5 4 44 95 78 543 107 51 5 -6 -6
1 10794 -88 -91 -1 -10 0 0 0 0 43 20 9 -16 -5 N N N N -50 -22 -1 2 2
1 10016 -102 -121 -6 0 0 0 0 0 51 38 20 5 1 43 95 73 542 -19 9 9 -2 -2
1 10455 -90 -179 3 6 0 0 0 0 57 73 29 -24 -9 N N N N 161 75 6 -10 -10
1 10016 -82 -166 9 -15 0 0 0 0 26 76 25 3 3 44 94 70 542 72 48 11 -7 -7
1 10455 -107 3487 5 3 0 0 0 0 3 58 17 -1 1 N N N N 30 6 -4 0 0
1 10015 -102 -112 -10 14 0 0 0 0 -4 63 5 4 1 44 94 69 542 -95 -33 3 3 3
1 10454 -118 -154 -11 -3 0 0 0 0 -30 74 9 14 5 N N N N -26 -14 -1 2 2
1 10018 -97 -174 13 -9 0 0 0 0 -59 71 6 5 0 46 94 66 542 227 90 -1 -10 -10
1 10806 -105 -161 -6 -2 0 0 0 0 -72 48 -2 -4 -1 N N N N 46 27 4 -4 -4
1 12480 -129 -178 15 124 1 1414 0 2 -92 61 -78 1 2 44 92 62 541 92 40 2 -4 -4
1 10814 -119 -55 -6 22 0 0 0 0 -28 7 -21 -9 -1 N N N N -104 -40 1 4 4
1 10016 -111 1 -2 -6 0 0 0 0 1 -1 3 2 3 52 93 60 541 -76 -34 -2 4 4
1 9985 -106 2 -6 -6 0 0 0 0 6 2 -10 -8 -4 N N N N 9 13 5 -2 -2
1 10016 -116 52 6 7 0 0 0 0 16 -11 38 4 3 39 94 58 541 143 53 -3 -6 -6
