version: 66.14
glider: 195
mission: 21
dive: 91
start: 4 26 105 1 25 53
columns: rec,elaps_tms,depth,heading,pitch,roll,AD_pitch,AD_roll,AD_vbd,GC_phase,mag.x,mag.y,mag.z,sbect.TempFreq,sbect.CondFreq,wlbb2fl.sig470nm,wlbb2fl.sig700nm,wlbb2fl.sig695nm,wlbb2fl.temp,aa4330.O2,aa4330.AirSat,aa4330.Temp,aa4330.CalPhase,aa4330.TCPhase,
data:
0 12433 28 898 -666 79 154 2193 1377 6 33 -348 26 179375 137429 42 87 62 535 258579 98124 23849 29519 30925
1 4928 11 -95 101 44 0 0 0 0 16 1 -15 -275 4 N N N N 765 113 -96 5 5
1 5217 8 36 -99 -87 0 0 0 0 0 -3 -34 312 -2 42 86 61 535 -362 -130 4 14 14
1 5055 -4 61 99 -55 0 0 0 0 -26 -5 5 -263 2 N N N N -655 -117 71 0 0
1 4893 -7 8 -39 102 0 0 0 0 1 8 54 103 0 -6 117 71 535 0 -19 -10 4 4
1 5078 -6 115 81 -191 0 0 0 0 -29 -9 -36 -152 -5 N N N N 433 131 -18 -12 -12
1 4951 4 -181 -115 213 0 0 0 0 42 7 12 276 -1 -13 114 68 535 276 78 -15 -6 -6
1 4949 3 22 27 -60 0 0 0 0 -2 -3 -16 66 0 N N N N -900 -201 77 9 9
1 5064 4 -206 -116 187 0 0 0 0 25 4 -20 -172 2 77 73 59 535 -20 133 76 -30 -30
1 4951 -16 258 89 -203 0 0 0 0 -35 -3 34 -79 5 N N N N -3706 -641 423 -6 -6
1 5006 8 -112 62 -42 0 0 0 0 18 2 -73 106 -2 54 98 60 535 3316 632 -348 -7 -7
1 5082 2 -68 -84 156 0 0 0 0 18 1 42 -53 -7 N N N N -143 -89 -18 14 14
1 7260 10 73 42 -82 0 1 8 -4 -10 -1 0 105 0 -43 -118 76 535 551 177 -18 -17 -17
1 6597 -12 149 114 -62 1 0 162 0 -45 -3 45 -205 4 N N N N 4151 1585 4 -177 -177
1 7629 19 -199 -105 145 0 -1 191 0 44 3 -32 104 -3 137 153 78 535 -4573 -1078 359 53 53
1 6617 40 -91 -75 4 -2 0 161 0 17 5 -48 -8 -5 N N N N -4625 -804 534 -10 -10
1 5935 28 107 -51 -47 0 1 150 0 -15 -5 25 -124 0 17 10 55 534 -849 -253 43 21 21
1 7045 17 -188 104 41 -1 -1 188 0 38 16 -59 -16 1 N N N N -615 -146 51 7 7
1 7386 1 -67 -96 -56 -1 0 189 0 -3 23 -68 -19 0 42 81 80 535 -256 -44 30 -1 -1
1 6567 21 -61 -73 85 1 1 163 0 -12 -4 1 162 -3 N N N N -193 -24 28 -2 -2
1 5915 19 84 58 -186 1 -3 153 0 5 23 -38 -47 -1 50 82 57 534 -86 -12 12 -1 -1
1 6581 64 -317 -31 338 -1 3 183 0 14 3 4 -140 -8 N N N N -168 -43 13 2 2
1 13556 301 309 75 -424 88 0 212 -1 -1 24 -33 -69 -11 42 85 62 534 -250 -72 14 6 6
1 6909 240 -57 141 83 1807 -1 -1 0 49 -8 43 -1 -1 N N N N 33 20 4 -3 -3
1 6099 208 -10 214 20 536 203 172 5 47 -1 72 -8 -3 43 87 64 534 39 22 3 -3 -3
1 10731 277 -43 71 103 -7 1206 0 -2 24 8 53 22 3 N N N N -230 -89 0 10 10
1 5178 119 65 -9 -9 0 0 0 0 -23 -20 13 57 22 41 91 68 534 121 45 0 -5 -5
1 5093 119 39 1 7 0 0 0 0 -16 -12 11 11 -3 N N N N -3 -8 -4 2 2
1 4931 115 -32 -4 10 0 0 0 0 12 9 -5 -6 2 42 86 70 534 -103 -55 -9 7 7
1 4943 107 -52 18 10 0 0 0 0 21 17 -3 46 17 N N N N -52 -22 -1 3 3
1 5088 118 -50 -3 -18 0 0 0 0 16 18 -20 -16 -7 42 87 68 534 138 40 -8 -3 -3
1 4941 99 1 -3 24 0 0 0 0 0 -1 9 103 36 N N N N -72 -26 2 3 3
1 5041 115 17 21 -19 0 0 0 0 -5 -5 2 -29 -15 42 87 70 534 -13 -22 -10 4 4
1 4941 112 18 -34 14 0 0 0 0 -8 -8 0 177 61 N N N N -43 -43 -14 7 7
1 5047 94 0 20 -33 0 0 0 0 2 2 -5 -27 -7 42 91 70 534 -49 -45 -15 8 8
1 4948 129 -5 -14 28 0 0 0 0 -1 -1 1 118 38 N N N N 46 -16 -19 5 5
1 5042 98 -15 8 10 0 0 0 0 7 7 6 18 7 45 87 77 534 -56 -34 -6 6 6
1 5089 112 -22 5 0 0 0 0 0 8 8 -3 4 1 N N N N 122 6 -23 3 3
1 4986 109 -30 -2 12 0 0 0 0 8 9 -8 17 7 41 94 76 533 -89 -45 -6 6 6
1 4947 122 2 0 -14 0 0 0 0 1 2 1 15 7 N N N N -171 -76 -6 10 10
1 4985 109 -28 -2 8 0 0 0 0 7 9 -8 10 4 43 88 78 534 2 -11 -6 2 2
1 4952 105 -35 1 4 0 0 0 0 8 14 -7 11 2 N N N N -54 -29 -5 5 5
1 5021 111 -25 5 -3 0 0 0 0 8 12 -2 12 2 44 93 82 534 -52 -28 -4 4 4
1 5089 113 -40 0 5 0 0 0 0 7 16 -11 6 3 N N N N -46 -26 -5 3 3
1 6113 141 -26 -5 -5 0 0 0 0 6 13 -4 12 3 43 87 82 533 -127 -52 -1 7 7
1 5078 118 -32 2 1 0 0 0 0 5 14 -8 15 4 N N N N 75 20 -6 -2 -2
1 5204 120 -27 3 0 0 0 0 0 4 13 -4 6 3 44 92 84 533 -144 -64 -4 8 8
1 5403 124 -27 -4 0 0 0 0 0 4 13 -5 17 4 N N N N -21 -14 -4 3 3
1 5166 125 -28 1 -1 0 0 0 0 2 14 -6 13 3 43 89 86 533 -64 -30 -2 4 4
1 5052 114 -21 -6 1 0 0 0 0 1 10 -4 13 3 N N N N 20 0 -5 0 0
1 5882 145 -21 5 -2 0 0 0 0 1 11 -4 35 10 42 90 86 533 -120 -56 -5 8 8
1 4656 107 -22 -4 1 0 0 0 0 1 11 -2 23 4 N N N N 27 -1 -7 1 1
1 5793 143 3570 -1 0 0 0 0 0 0 15 -5 24 4 42 93 91 533 -136 -65 -6 9 9
1 5083 132 -35 4 2 0 0 0 0 0 18 -3 53 10 N N N N 10 -5 -5 1 1
1 5186 113 -43 1 7 0 0 0 0 0 22 -3 64 15 41 91 93 533 -46 -39 -12 7 7
1 4959 135 -55 5 3 0 0 0 0 -5 28 -4 104 24 N N N N -94 -51 -9 7 7
1 5690 139 -77 8 5 0 0 0 0 -10 39 -1 126 34 44 89 102 533 -163 -106 -23 17 17
1 5048 118 -80 4 4 0 0 0 0 -17 39 -2 138 35 N N N N -227 -138 -29 21 21
1 10837 253 -190 5 -5 0 0 0 0 -60 83 9 462 129 45 89 101 533 -910 -508 -88 75 75
1 10456 218 -141 -5 -9 0 0 0 0 -59 48 15 240 76 N N N N -1175 -644 -108 94 94
1 10368 223 -79 -8 -6 0 0 0 0 -36 20 14 27 -1 43 87 102 533 -1088 -489 -39 65 65
1 10169 191 -66 0 -18 1 -209 5 -1 -32 14 20 -7 -2 N N N N -968 -408 -21 52 52
1 9788 208 -15 35 -107 59 -1224 -1 3 -8 5 62 -12 -4 44 103 105 533 -624 -261 -12 33 33
1 10791 206 -17 5 -6 0 0 0 0 -8 1 9 14 5 N N N N -448 -178 -3 21 21
1 10014 178 -15 2 -1 0 0 0 0 -8 2 3 94 36 43 87 101 533 -284 -130 -12 18 18
1 9984 176 63 -1 -7 0 0 0 0 31 -7 -10 539 172 N N N N -603 -268 -21 36 36
1 10016 174 212 6 -8 0 0 0 0 99 -46 -31 1632 545 43 88 109 533 -1174 -737 -165 119 119
1 9986 171 234 7 -3 0 0 0 0 82 -89 -29 1155 406 N N N N -4617 -2410 -380 368 368
1 10015 154 234 5 7 0 0 0 0 40 -117 -15 1710 502 45 89 110 533 -6931 -3103 -283 449 449
1 9983 177 53 -8 8 0 0 0 0 1 -29 -5 607 222 N N N N -6565 -2998 -324 462 461
1 10016 156 -3405 7 -6 0 0 0 0 -15 -101 9 2463 715 42 77 99 533 -5738 -2670 -330 435 436
1 9984 155 197 5 4 0 0 0 0 -47 -92 20 1442 421 N N N N -8619 -3974 -508 680 680
1 10017 115 111 1 1 0 0 0 0 -41 -42 15 1402 428 42 82 92 533 -6050 -2742 -349 491 491
1 9985 104 66 1 3 0 0 0 0 -27 -22 11 1326 387 N N N N -6122 -2736 -348 508 508
1 10014 104 32 2 3 0 0 0 0 -14 -9 6 956 344 40 76 88 533 -5457 -2503 -377 494 494
1 9986 105 -9 -1 -2 0 0 0 0 3 3 -3 1124 330 N N N N -5950 -2564 -311 509 509
1 10014 83 -13 -1 0 0 0 0 0 7 3 -1 633 228 37 79 90 533 -5514 -2335 -274 478 478
1 9984 86 10 4 3 0 0 0 0 -5 -3 3 424 175 N N N N -3921 -1610 -165 334 334
1 10017 90 37 -4 -2 0 0 0 0 -17 -9 4 367 150 43 81 93 532 -3553 -1468 -164 314 314
1 9983 93 61 1 -4 0 0 0 0 -28 -14 9 426 158 N N N N -2757 -1095 -95 233 233
1 10017 107 119 3 0 0 0 0 0 -60 -18 20 580 177 43 81 87 533 -1975 -810 -92 180 180
1 9984 104 121 1 0 0 0 0 0 -63 -6 21 688 219 N N N N -2147 -957 -167 228 228
1 10015 100 88 0 -2 0 0 0 0 -46 5 13 843 253 41 80 89 533 -2101 -923 -157 221 221
1 9984 79 -23 4 3 0 0 0 0 12 -2 -1 882 268 N N N N -2824 -1203 -184 290 290
1 10017 88 -48 -1 3 0 0 0 0 25 -2 -7 261 114 40 81 95 532 -2542 -1155 -236 295 295
1 9985 82 -47 0 -2 0 0 0 0 25 0 -8 101 51 N N N N -3109 -1194 -99 279 279
1 10014 74 -54 1 3 0 0 0 0 27 2 -10 72 34 40 83 97 533 -2499 -932 -57 218 218
1 9986 70 -45 2 -1 0 0 0 0 24 4 -6 307 69 N N N N -1553 -594 -50 143 143
1 10014 65 42 -5 0 0 0 0 0 -22 -4 5 1771 458 39 80 89 533 -1143 -480 -77 125 125
1 9984 76 79 2 -5 0 0 0 0 -41 -3 12 479 202 N N N N -1421 -714 -213 208 208
1 10016 75 54 14 0 0 0 0 0 -30 2 8 2705 650 38 79 70 533 -2197 -982 -216 274 274
1 9984 60 -30 -6 6 0 0 0 0 17 -1 0 2730 821 N N N N -3545 -1845 -625 573 573
1 10837 48 -56 -3 107 -7 1444 3 0 30 14 45 1218 375 39 80 67 533 -8314 -3241 -441 899 899
1 15458 71 -103 -9 18 -1 -1 -1 -2 54 7 -11 896 307 N N N N -8506 -3184 -362 915 915
1 10017 69 -46 1 -3 0 0 0 0 23 4 -10 434 163 39 82 64 533 -3319 -1270 -187 387 387
1 10983 46 -41 -5 -2 0 0 0 0 21 5 -9 488 140 N N N N -3253 -1217 -160 376 376
1 10018 56 -44 2 3 0 0 0 0 20 8 -9 334 122 40 78 67 533 -3413 -1211 -97 368 368
1 11102 44 -42 2 -3 0 0 0 0 20 9 -8 239 123 N N N N -3498 -1247 -111 389 389
1 10016 59 -20 -2 1 0 0 0 0 9 4 -5 433 108 42 80 65 533 -2339 -857 -110 280 280
1 11336 62 -21 -1 3 0 0 0 0 9 5 -4 631 156 N N N N -2266 -797 -67 257 257
1 10017 38 -19 2 -1 0 0 0 0 5 9 -4 652 165 41 79 61 533 -1371 -520 -92 180 180
1 10866 80 -7 -2 1 0 0 0 0 6 -2 -2 733 174 N N N N -1248 -477 -91 168 168
1 20604 104 -4 1 -2 0 0 0 0 2 1 -1 1298 355 39 79 59 533 -3083 -1192 -255 431 431
1 20454 115 -29 2 2 0 0 0 0 12 9 -4 1380 436 N N N N -3826 -1416 -245 511 511
1 20018 131 -95 6 2 0 0 0 0 35 33 -16 788 340 41 74 54 533 -2103 -892 -314 362 362
1 20453 131 -103 -1 -2 0 0 0 0 32 41 -20 358 189 N N N N -3170 -1221 -309 478 478
1 20016 130 -79 3 3 0 0 0 0 18 35 -14 205 118 38 73 56 534 -2097 -766 -150 296 296
1 20807 139 -59 -2 -3 0 0 0 0 11 27 -12 348 125 N N N N -1673 -601 -108 233 233
1 20016 121 -41 0 1 0 0 0 0 5 21 -5 240 89 39 79 51 534 -1728 -568 -30 207 207
1 20808 142 9 -2 2 0 0 0 0 -1 -5 0 164 54 N N N N -1350 -481 -84 190 190
1 20017 141 29 0 -1 0 0 0 0 -4 -14 5 400 122 40 73 50 534 -418 -168 -61 73 73
1 20866 150 -25 3 2 0 0 0 0 3 12 -3 240 82 N N N N -453 -191 -79 85 85
1 21036 146 -28 3 -127 0 -1416 1 2 4 23 -17 35 24 40 73 51 534 -495 -183 -46 76 76
1 20787 139 49 3 -4 0 0 0 0 -6 -25 4 675 174 N N N N -546 -214 -70 92 92
1 20016 116 72 0 -1 0 0 0 0 -12 -36 5 498 164 37 71 49 534 -397 -196 -122 97 97
1 19985 114 6 -1 3 0 0 0 0 -2 -3 0 325 110 N N N N -679 -272 -102 120 120
1 20016 108 -5 4 1 0 0 0 0 2 2 0 347 65 40 75 48 535 -686 -250 -60 105 105
1 19983 92 11 -3 -2 0 0 0 0 -3 -5 1 435 159 N N N N -472 -192 -78 87 87
1 20016 101 19 -2 1 0 0 0 0 -5 -9 0 94 53 38 73 45 535 -434 -165 -50 71 71
1 19985 99 13 -2 1 0 0 0 0 -3 -6 1 54 27 N N N N -311 -123 -47 56 56
1 20016 112 21 3 -3 0 0 0 0 -5 -10 2 192 62 38 75 49 535 -517 -174 -23 70 70
1 19983 124 12 1 3 0 0 0 0 -3 -6 2 251 75 N N N N -403 -157 -54 69 69
1 20017 130 42 0 -4 0 0 0 0 -12 -18 5 213 70 38 76 44 536 -703 -244 -46 102 102
1 19983 133 28 0 2 0 0 0 0 -9 -12 3 144 51 N N N N -700 -252 -62 108 108
1 20016 151 -6 3 2 0 0 0 0 2 2 -1 88 31 41 73 46 536 -645 -222 -39 92 92
1 19984 151 -3 -2 -1 0 0 0 0 1 2 0 38 16 N N N N -481 -168 -33 71 71
1 20016 147 9 1 -2 0 0 0 0 -3 -4 1 48 18 38 73 42 536 -356 -119 -16 49 49
1 19985 156 21 -2 4 0 0 0 0 -7 -9 2 49 15 N N N N -308 -106 -19 44 44
1 23427 144 -47 -9 124 -11 1419 2 -2 15 18 29 364 90 38 70 45 537 -341 -122 -31 53 53
1 20454 156 -46 -1 -1 0 0 0 0 13 18 -10 227 78 N N N N -510 -192 -63 87 87
1 20018 153 -9 0 0 0 0 0 0 3 4 -1 169 55 37 73 44 537 -362 -134 -42 60 60
1 20454 142 -18 0 2 0 0 0 0 4 8 -3 36 22 N N N N -53 -41 -48 26 26
1 20016 166 -25 1 -3 0 0 0 0 6 11 -5 18 11 39 74 42 538 -442 -145 -16 59 59
1 20452 152 -35 -1 4 0 0 0 0 8 16 -6 28 9 N N N N -461 -144 -1 57 57
1 20016 153 -25 -1 -1 0 0 0 0 4 12 -4 110 27 39 75 44 538 -498 -162 -15 66 66
1 19880 151 10 0 2 0 0 0 0 -2 -5 1 366 106 N N N N -259 -103 -45 49 49
1 20826 184 -19 1 -3 0 0 0 0 3 9 -3 127 44 42 72 42 538 52 -10 -52 14 14
1 21515 189 -59 4 0 0 0 0 0 9 29 -8 270 77 N N N N -454 -159 -38 71 71
1 20015 178 -73 -1 2 0 0 0 0 5 37 -10 156 58 39 71 43 538 -603 -219 -64 98 98
1 20868 173 3489 2 1 0 0 0 0 0 57 -13 227 65 N N N N -530 -190 -54 86 86
1 20016 165 -111 0 2 0 0 0 0 -12 57 -9 166 58 40 72 41 539 -579 -206 -56 93 93
1 20805 166 -115 0 -5 0 0 0 0 -25 56 -7 129 41 N N N N -654 -219 -38 95 95
1 20019 164 -92 -1 2 0 0 0 0 -27 41 -1 32 18 41 72 39 539 -390 -130 -19 56 56
1 21396 173 -83 3 -126 0 -1416 0 2 -30 43 51 68 22 N N N N -150 -61 -32 31 31
1 20015 153 -61 1 -1 0 0 0 0 -25 21 8 55 18 39 75 41 539 262 83 5 -34 -34
1 19984 141 -52 5 -3 0 0 0 0 -23 15 8 195 55 N N N N 548 163 -10 -64 -64
1 20016 144 -14 -2 2 0 0 0 0 -6 4 2 184 58 39 72 42 540 257 56 -47 -13 -13
1 19983 159 -4 -2 1 0 0 0 0 -2 0 0 237 71 N N N N 1289 376 -37 -143 -143
1 20016 146 15 2 -2 0 0 0 0 7 -3 -2 75 30 40 75 43 540 676 187 -41 -66 -66
1 19985 176 61 -3 0 0 0 0 0 27 -18 -7 105 37 N N N N -73 -36 -26 19 19
1 20015 151 67 2 1 0 0 0 0 27 -23 -9 428 109 40 74 43 540 -779 -249 -22 103 103
1 19984 155 6 2 1 0 0 0 0 2 -2 0 332 117 N N N N -1423 -480 -92 210 210
1 20017 170 14 -1 0 0 0 0 0 6 -5 -1 105 46 40 78 44 540 -2309 -738 -72 312 312
1 19984 155 19 1 0 0 0 0 0 6 -8 -2 51 24 N N N N -2170 -670 -19 279 279
1 20016 159 23 1 -1 0 0 0 0 8 -9 -2 81 26 38 74 44 541 -1957 -606 -24 257 257
1 19984 157 34 -3 1 0 0 0 0 12 -14 -4 73 25 N N N N -1704 -526 -17 225 225
1 20015 160 34 1 -1 0 0 0 0 9 -15 -3 165 50 38 74 40 541 -877 -277 -25 122 122
1 19984 160 47 0 -1 0 0 0 0 14 -21 -3 634 181 N N N N -800 -264 -51 123 123
1 20017 172 35 1 0 0 0 0 0 8 -17 -2 137 59 40 74 45 541 -2803 -887 -88 400 400
1 24629 219 -1 -11 127 -11 1407 -1 -2 -1 -12 -32 216 73 N N N N -2425 -758 -61 346 346
1 20430 181 -74 2 4 0 0 0 0 -19 35 -1 72 28 41 74 41 542 -1195 -377 -41 176 176
1 21043 182 -86 3 -4 0 0 0 0 -27 38 1 42 17 N N N N -908 -284 -25 132 132
1 20368 189 -81 -2 0 0 0 0 0 -31 31 2 11 5 39 76 44 542 -488 -151 -11 71 71
1 21043 175 -92 0 1 0 0 0 0 -39 30 5 87 26 N N N N -352 -111 -11 52 52
1 20369 177 -83 -1 1 0 0 0 0 -38 23 8 13 6 41 79 42 542 -95 -33 -14 18 18
1 23365 207 -103 5 -27 0 -226 1 -1 -52 21 25 59 18 N N N N 182 50 -13 -21 -21
1 17576 162 -13 1 -101 0 -1183 0 3 -6 3 53 37 12 39 75 44 543 -10 -5 -5 3 3
1 19984 168 35 -4 -1 0 0 0 0 18 -5 -4 140 42 N N N N 230 63 -18 -25 -25
1 20016 178 11 3 0 0 0 0 0 5 -1 -3 47 15 40 72 41 543 184 49 -17 -19 -19
1 19984 169 3 2 3 0 0 0 0 2 -1 0 99 32 N N N N 236 62 -22 -25 -25
1 20016 174 49 -3 -4 0 0 0 0 24 -8 -7 103 30 43 72 43 543 -34 -15 -15 10 10
1 19984 178 67 1 2 0 0 0 0 33 -14 -10 111 35 N N N N -144 -53 -24 28 28
1 20016 175 73 0 0 0 0 0 0 32 -21 -10 125 35 39 77 42 543 -398 -127 -20 61 61
1 19984 150 95 -1 1 0 0 0 0 38 -33 -13 177 57 N N N N -818 -258 -34 124 124
1 20016 160 57 -2 -1 0 0 0 0 20 -22 -7 63 26 39 74 43 544 -887 -277 -28 131 131
1 19985 166 73 2 -1 0 0 0 0 23 -31 -5 218 61 N N N N -651 -205 -28 100 100
1 20016 170 82 -2 2 0 0 0 0 20 -39 -6 153 52 40 84 44 544 -720 -228 -34 111 111
1 19983 164 72 4 1 0 0 0 0 13 -36 -3 127 40 N N N N -555 -177 -30 87 87
1 20016 173 68 -2 -1 0 0 0 0 8 -35 -3 172 51 42 74 43 544 6 -11 -37 12 12
1 19984 161 34 0 -1 0 0 0 0 2 -18 0 142 43 N N N N 2353 696 -26 -318 -318
1 20016 177 -11 1 1 0 0 0 0 0 6 1 164 46 39 75 41 544 3799 1126 -31 -503 -503
1 25868 220 -46 12 126 23 1410 0 -2 -3 14 -5 209 69 N N N N 3292 966 -46 -419 -419
1 20249 188 -63 -1 2 0 0 0 0 -9 32 -5 78 29 42 76 40 544 701 197 -30 -80 -80
1 21161 181 -71 3 1 0 0 0 0 -14 35 -5 66 21 N N N N -66 -28 -21 16 16
1 20016 165 -70 0 0 0 0 0 0 -17 33 -2 20 9 39 75 41 545 -334 -106 -16 49 49
1 20453 190 -49 -1 -2 0 0 0 0 -15 22 0 159 43 N N N N -304 -94 -7 42 42
1 20019 169 -20 -2 0 0 0 0 0 -7 8 -1 443 139 42 76 42 545 -1100 -352 -59 165 165
1 20454 178 -34 0 0 0 0 0 0 -12 14 1 213 68 N N N N -2469 -757 -57 346 346
1 20015 153 -33 0 -1 0 0 0 0 -13 13 0 95 35 40 75 42 545 -2658 -806 -40 371 371
1 20807 178 -38 1 1 0 0 0 0 -15 14 1 115 43 N N N N -1883 -571 -31 267 267
1 20017 178 -41 0 2 0 0 0 0 -17 14 2 49 19 40 78 40 545 -1471 -444 -21 210 210
1 20809 169 -43 1 2 0 0 0 0 -19 13 1 57 21 N N N N -945 -286 -16 136 136
1 20016 179 -41 -2 -1 0 0 0 0 -19 12 3 22 11 41 73 42 545 -220 -70 -13 35 35
1 20806 192 -29 -2 -2 0 0 0 0 -13 8 3 66 17 N N N N -29 -10 -6 6 6
1 20015 174 -21 2 -1 0 0 0 0 -11 4 2 72 15 38 72 43 546 397 113 -12 -51 -51
1 20807 197 -19 0 -1 0 0 0 0 -9 5 2 97 36 N N N N 1006 295 -12 -136 -136
1 21431 204 31 7 -127 0 -1415 -1 2 15 -3 59 124 50 38 78 41 546 1631 473 -29 -214 -214
1 19983 176 107 -3 -1 0 0 0 0 50 -27 -13 183 33 N N N N 2077 608 -21 -275 -275
1 20016 191 58 1 2 0 0 0 0 25 -18 -7 140 27 40 73 40 546 3190 929 -42 -410 -410
1 19984 191 17 2 0 0 0 0 0 7 -6 -2 54 39 N N N N 1205 347 -25 -149 -149
1 20016 182 19 0 1 0 0 0 0 7 -7 -2 38 10 42 74 40 546 808 234 -13 -100 -100
1 19984 193 18 -1 -1 0 0 0 0 7 -7 -2 28 6 N N N N 558 161 -9 -69 -69
1 20015 184 24 2 0 0 0 0 0 9 -9 -2 -6 6 40 76 43 546 830 243 -6 -104 -104
1 19984 179 18 -2 0 0 0 0 0 6 -7 -2 -1 -4 N N N N 984 291 -1 -126 -126
1 20016 182 11 1 0 0 0 0 0 4 -5 0 6 6 40 76 42 547 762 224 -1 -96 -96
1 19984 187 2 0 1 0 0 0 0 0 -1 -1 8 -3 N N N N 497 146 -3 -62 -62
1 20017 187 8 0 -1 0 0 0 0 3 -3 0 17 7 37 76 43 547 147 43 -3 -18 -18
1 19983 176 5 -1 1 0 0 0 0 2 -2 -1 14 4 N N N N 161 46 -3 -19 -19
1 20016 181 15 -1 -1 0 0 0 0 5 -6 -2 42 3 38 75 44 547 31 7 -3 -3 -3
1 19985 193 14 3 -5 0 0 0 0 5 -5 -1 28 15 N N N N -105 -34 -9 17 17
1 20016 179 20 0 5 0 0 0 0 5 -10 -1 16 5 40 74 44 547 -138 -44 -7 20 20
1 19984 183 15 -3 0 0 0 0 0 4 -7 -1 1 -3 N N N N -65 -21 -3 9 9
1 23428 213 -32 -8 128 -11 1423 0 -2 -9 4 -38 3 -2 38 76 40 547 28 8 0 -3 -3
1 20452 195 -73 3 1 0 0 0 0 -25 31 0 7 3 N N N N 90 27 -1 -12 -12
1 20017 191 -84 -1 1 0 0 0 0 -32 32 2 1 -3 41 79 43 548 -17 -7 -5 4 4
1 20455 209 -88 2 -2 0 0 0 0 -38 29 4 15 4 N N N N -41 -13 -1 6 6
1 20017 181 -101 -2 2 0 0 0 0 -48 26 9 33 7 39 79 43 548 -83 -27 -5 12 12
1 22337 217 -95 -3 -128 -1 -1418 0 2 -48 19 74 41 17 N N N N -193 -61 -10 28 28
1 20015 186 -44 6 0 0 0 0 0 -23 3 8 11 -3 39 74 41 548 -266 -80 -3 35 35
1 19982 188 -18 -1 1 0 0 0 0 -9 1 3 9 10 N N N N -182 -55 -3 24 24
1 20018 188 -24 -2 -1 0 0 0 0 -13 1 3 6 -3 38 82 42 548 -136 -41 -2 18 18
1 19984 197 -12 4 0 0 0 0 0 -7 1 1 -6 0 N N N N 21 6 -1 -2 -2
1 20016 183 -11 -2 1 0 0 0 0 -5 0 2 18 2 39 77 42 548 259 76 -1 -33 -33
1 19984 209 -14 -1 -3 0 0 0 0 -8 0 3 18 6 N N N N 113 32 -3 -13 -13
1 30016 278 -28 2 -1 0 0 0 0 -15 0 4 17 1 38 77 39 548 119 33 -6 -13 -13
1 29983 303 -34 -1 -1 0 0 0 0 -18 -2 5 32 5 N N N N 130 37 -4 -15 -15
1 30015 298 -43 -3 3 0 0 0 0 -22 -3 7 58 15 39 74 40 549 -80 -28 -8 13 13
1 29986 308 -70 3 -1 0 0 0 0 -36 -10 10 131 39 N N N N -432 -136 -20 62 62
1 30016 296 -86 -1 3 0 0 0 0 -42 -16 12 152 49 40 77 42 549 -998 -306 -30 138 138
1 29982 313 -75 2 0 0 0 0 0 -34 -20 10 110 32 N N N N -1131 -343 -22 153 153
1 34313 349 44 -8 -126 0 -1372 -1 -2 21 -13 50 378 117 39 79 43 549 -1595 -491 -54 224 224
1 31042 310 159 0 1 0 0 0 0 78 35 -16 230 71 N N N N -2203 -667 -51 306 306
1 30016 312 120 1 -1 0 0 0 0 62 12 -18 65 29 41 78 43 549 -1108 -342 -42 160 160
1 31043 316 146 -2 1 0 0 0 0 77 -2 -23 -7 1 N N N N 295 85 -6 -37 -37
1 33075 360 136 0 120 -8 1377 -1 2 67 -13 -81 49 9 39 77 44 549 479 138 -5 -61 -61
1 29983 314 -7 -1 3 0 0 0 0 -3 2 1 179 53 N N N N 29 -1 -26 5 5
1 30015 313 1 3 1 0 0 0 0 1 0 0 30 11 38 75 41 550 -995 -299 -18 137 137
1 29985 289 1 0 -3 0 0 0 0 0 0 0 67 21 N N N N -901 -269 -13 124 124
1 30016 310 11 0 3 0 0 0 0 5 -4 -2 33 11 39 77 43 550 -1020 -302 -11 140 140
1 29984 300 29 0 0 0 0 0 0 14 -6 -4 -49 -19 N N N N -254 -74 2 33 33
1 30015 314 21 0 -2 0 0 0 0 9 -6 -2 36 5 41 79 39 550 1611 473 2 -216 -216
1 29985 302 17 -1 0 0 0 0 0 8 -5 -3 546 155 N N N N 193 37 -53 -7 -7
1 30016 296 45 0 0 0 0 0 0 20 -13 -5 224 81 39 75 43 550 -1793 -552 -76 264 264
1 29984 302 18 4 3 0 0 0 0 7 -7 -2 350 111 N N N N -1781 -540 -56 258 258
1 30016 297 -61 -3 -1 0 0 0 0 -26 20 7 529 155 40 76 42 550 -1732 -536 -92 265 265
1 29985 290 -123 3 -1 0 0 -1 0 -58 30 17 515 176 N N N N -1484 -471 -118 241 241
1 30016 284 -54 -2 1 0 0 0 0 -27 9 7 56 30 40 78 41 550 -768 -235 -40 119 119
1 29983 290 -20 -1 0 0 0 0 0 -10 3 4 37 15 N N N N -248 -77 -16 39 39
1 30016 260 -35 0 -1 0 0 0 0 -18 4 5 27 12 40 74 43 551 61 15 -8 -6 -6
1 29984 273 -88 3 6 0 0 0 0 -46 5 12 172 44 N N N N 253 69 -14 -31 -31
1 30015 257 -152 -2 -1 0 0 0 0 -80 -8 23 438 135 38 75 41 551 858 226 -70 -95 -95
1 29986 233 -73 0 -9 0 0 0 0 -38 -12 12 159 62 N N N N 1796 502 -53 -227 -227
1 30016 232 -16 0 4 0 0 0 0 -7 -2 3 138 47 40 76 41 551 1723 486 -33 -221 -221
1 29985 231 80 1 0 0 0 0 0 40 12 -12 171 52 N N N N 1903 540 -29 -242 -242
1 30015 208 85 0 -1 0 0 0 0 44 8 -13 361 114 40 75 44 551 2540 712 -55 -313 -313
1 34749 264 212 -4 -122 0 -1377 -2 -2 112 -20 28 663 191 N N N N 4080 1140 -89 -488 -488
1 30015 192 163 25 118 22 1377 1 2 78 -23 -77 398 139 38 76 42 551 2581 701 -99 -286 -286
1 29986 168 10 -2 5 0 0 0 0 5 -3 -2 314 105 N N N N 3075 846 -83 -344 -344
1 30015 155 11 -4 0 0 0 0 0 5 -3 -2 143 62 38 73 42 551 2107 581 -47 -235 -235
1 29984 180 108 2 -1 0 0 0 0 45 -36 -10 492 139 N N N N 256 45 -63 -7 -7
1 30016 159 108 2 -1 0 0 0 0 37 -44 -9 430 125 38 75 42 551 -3512 -1037 -77 449 449
1 29984 165 23 0 1 0 0 0 0 7 -10 -2 357 109 N N N N -6433 -1871 -93 826 826
1 30018 152 -43 -1 -1 0 0 0 0 -13 19 3 316 93 38 69 43 552 -8176 -2345 -54 1073 1073
1 29983 150 -42 1 1 0 0 0 0 -14 17 4 509 153 N N N N -5955 -1716 -80 829 829
1 30015 149 -27 0 -1 0 0 0 0 -10 11 2 561 180 40 71 44 552 -9 -38 -120 37 37
1 29985 160 -50 -2 2 0 0 0 0 -19 18 6 267 91 N N N N 12 -15 -62 17 17
1 30014 148 3 0 0 0 0 0 0 1 -1 -1 623 176 39 71 43 552 -562 -178 -66 97 97
1 34691 184 16 -5 125 -8 1400 -1 -2 6 -13 -52 701 209 N N N N 543 116 -125 -37 -37
1 30369 184 -67 -3 -1 0 0 0 0 -28 23 2 677 234 38 69 44 552 977 230 -150 -87 -87
1 30747 170 -40 -1 2 0 0 0 0 -17 13 2 172 74 N N N N 972 247 -83 -106 -106
1 30370 192 24 -2 -1 0 0 0 0 11 -7 -2 679 180 38 73 43 552 -874 -267 -72 139 139
1 30453 186 -54 10 4 0 0 0 0 -25 16 4 858 268 N N N N -4868 -1408 -183 716 716
1 33812 216 -180 -4 -125 1 -1408 -2 2 -89 39 79 166 74 37 71 44 552 -3279 -932 -84 479 479
1 30779 179 -57 1 -3 0 0 0 0 -30 5 10 35 20 N N N N -1529 -429 -22 222 222
1 30014 181 -20 0 1 0 0 0 0 -11 1 1 33 12 41 74 41 552 -716 -201 -10 104 104
1 29984 177 -54 2 0 0 0 0 0 -29 0 9 119 35 N N N N -388 -111 -16 60 60
1 30016 175 -53 -2 0 0 0 0 0 -28 -2 8 313 89 38 72 43 552 -762 -220 -39 119 119
1 29985 180 -29 2 0 0 0 0 0 -15 -2 4 337 96 N N N N -1112 -319 -53 173 173
1 30016 198 -68 -3 1 0 0 0 0 -35 -8 9 166 61 37 70 44 553 -1022 -294 -54 161 161
1 29983 203 -18 2 0 0 0 0 0 -10 -2 1 138 40 N N N N -46 -19 -30 14 14
1 30016 228 11 1 -3 0 0 0 0 5 2 0 290 84 38 69 43 553 592 156 -33 -77 -77
1 29984 245 135 2 -1 0 0 0 0 71 11 -18 284 89 N N N N 540 134 -67 -61 -61
1 30016 225 141 -2 0 0 0 0 0 75 -4 -20 141 44 40 73 42 553 457 119 -32 -57 -57
1 29985 225 151 2 0 -1 0 -1 0 77 -24 -20 137 41 N N N N 423 110 -30 -53 -53
1 30014 215 122 -3 3 0 0 0 0 56 -34 -15 140 45 38 69 42 553 497 129 -33 -62 -62
1 29986 228 0 2 -1 0 0 0 0 0 0 1 184 47 N N N N 581 155 -20 -77 -77
1 30015 220 -21 -1 0 0 0 0 0 -9 7 1 118 44 38 70 44 553 268 64 -39 -28 -28
1 29984 240 -26 0 1 0 0 0 0 -12 7 3 192 54 N N N N 138 33 -24 -13 -13
1 30016 222 64 0 -2 0 0 0 0 28 -20 -6 195 60 41 71 41 553 390 98 -35 -46 -46
1 29984 231 80 1 0 0 0 0 0 31 -29 -8 216 61 N N N N 747 194 -43 -93 -93
1 30017 220 52 -1 2 0 0 0 0 18 -21 -6 97 38 36 72 44 554 509 132 -33 -61 -61
1 29983 225 40 -1 -7 0 0 0 0 12 -17 -2 108 29 N N N N 340 88 -21 -42 -42
1 30017 229 11 0 7 0 0 0 0 4 -5 -1 45 14 39 71 44 554 283 74 -11 -36 -36
1 34043 257 -59 -8 124 -10 1414 -1 -2 -20 15 -39 173 47 N N N N 93 20 -23 -7 -7
1 30367 247 -146 2 2 0 0 0 0 -55 57 3 239 69 42 69 42 554 -12 -12 -36 12 12
1 30751 246 -179 -3 -2 0 0 0 0 -84 49 12 169 54 N N N N -313 -96 -41 54 54
1 31249 247 -71 5 -123 0 -1414 0 2 -36 13 73 148 45 40 70 42 554 1007 267 -30 -130 -130
1 29984 247 43 2 2 0 0 0 0 23 -5 -5 341 97 N N N N 1585 420 -45 -203 -203
1 30015 253 45 -4 -6 0 0 0 0 22 -8 -7 82 28 39 70 42 554 1503 400 -30 -194 -194
1 29984 234 4 -1 3 0 0 0 0 2 -1 -1 297 85 N N N N 787 203 -42 -93 -93
1 30017 239 33 0 -2 0 0 0 0 16 -7 -4 218 65 39 70 43 555 1067 276 -44 -128 -128
1 29984 233 -29 1 3 0 0 0 0 -13 7 4 80 30 N N N N 678 176 -30 -80 -80
1 30016 250 -24 0 -1 0 0 0 0 -13 4 3 190 58 39 69 43 554 544 139 -28 -63 -63
1 29983 254 -31 3 -2 0 0 0 0 -16 5 4 309 86 N N N N 1303 339 -45 -156 -156
1 30016 254 0 -2 2 0 0 0 0 0 0 0 337 99 39 71 41 555 1675 436 -56 -199 -199
1 29985 261 25 3 -2 0 0 0 0 13 -3 -3 340 105 N N N N 1588 407 -66 -181 -181
1 30015 263 -21 -1 0 0 0 0 0 -11 2 3 125 44 39 70 43 555 1832 480 -43 -217 -217
1 29984 269 -18 -2 1 0 0 -2 0 -9 3 2 260 70 N N N N 1347 354 -26 -159 -159
1 30016 268 -33 0 0 0 0 0 0 -17 4 5 445 135 39 69 41 555 1695 429 -77 -183 -183
1 29984 294 15 0 1 0 0 0 0 8 -1 -2 44 26 N N N N 2644 695 -41 -307 -307
1 30017 262 31 0 -1 0 0 0 0 16 -5 -4 72 21 36 69 41 555 1589 420 -17 -184 -184
1 29984 287 28 2 1 0 0 0 0 14 -4 -4 47 13 N N N N 967 256 -10 -112 -112
1 30015 275 48 -1 -3 0 0 0 0 24 -9 -6 64 19 36 70 44 555 724 190 -11 -81 -81
1 29985 288 59 0 2 0 0 0 0 28 -15 -8 265 72 N N N N 682 170 -34 -69 -69
1 30015 286 70 2 -3 0 0 0 0 31 -20 -8 459 131 41 69 43 555 517 106 -79 -33 -33
1 29983 304 27 -2 3 0 0 0 0 11 -9 -4 13 10 N N N N -977 -270 -23 122 122
1 30018 289 48 -3 -1 0 0 0 0 20 -17 -5 33 6 36 69 40 555 -887 -241 -10 107 107
1 34338 348 -70 -7 129 -10 1408 -2 -2 -29 16 -46 323 93 N N N N -1084 -306 -41 142 142
1 30369 306 -118 1 0 0 0 0 0 -53 36 7 1 3 38 69 44 556 91 17 -19 -4 -4
1 31436 334 -108 2 -121 0 -1406 0 2 -54 25 72 1 0 N N N N -137 -38 -5 18 18
1 30797 297 -32 1 -8 0 0 0 0 -17 3 8 16 4 38 68 44 556 -21 -6 -1 3 3
1 29984 283 63 0 1 0 0 0 0 33 -8 -9 233 62 N N N N 0 -10 -26 8 8
1 30017 296 20 -1 -1 0 0 0 0 10 -3 -3 10 6 40 70 41 556 110 24 -15 -8 -8
1 29984 285 -6 3 0 0 0 0 0 -3 1 1 62 14 N N N N 56 12 -8 -3 -3
1 30017 289 -56 -1 1 0 0 0 0 -29 8 8 122 36 37 69 43 556 282 66 -22 -26 -26
1 29982 277 -46 2 0 0 0 0 0 -24 5 6 42 14 N N N N 478 123 -13 -52 -52
1 30018 275 -41 -5 1 0 0 0 0 -21 3 6 49 11 37 69 42 556 169 42 -7 -18 -18
1 29983 267 -48 3 1 0 0 0 0 -26 1 7 81 21 N N N N 525 135 -13 -57 -57
1 30015 269 -23 -2 -2 0 0 0 0 -12 0 4 86 26 38 70 43 556 975 253 -16 -108 -108
1 29985 263 45 1 -2 0 0 0 0 23 -1 -7 50 12 N N N N 904 237 -9 -101 -101
1 30015 267 27 0 1 0 -1 -1 0 15 0 -4 223 63 39 69 43 557 350 81 -30 -30 -30
1 29986 241 64 -2 -1 0 0 0 0 34 -5 -9 75 23 N N N N 185 40 -21 -14 -14
1 30016 243 34 0 1 0 0 0 0 17 -5 -5 59 18 37 69 43 557 -165 -51 -18 25 25
1 29982 249 -2 1 3 0 0 0 0 0 1 0 51 15 N N N N -81 -25 -9 12 12
1 30018 238 -8 3 -1 0 0 0 0 -5 1 1 81 21 38 70 43 557 140 33 -9 -13 -13
1 29984 239 -19 0 -3 0 0 0 0 -10 3 3 173 45 N N N N 197 45 -19 -16 -16
1 30015 240 -35 -1 5 0 0 0 0 -18 2 5 294 85 37 68 41 557 585 135 -49 -50 -50
1 29983 232 -8 0 -1 0 0 0 0 -4 1 2 184 55 N N N N 1040 261 -35 -106 -106
1 30018 241 40 0 0 0 0 0 0 21 -4 -6 205 64 40 66 46 557 1555 392 -46 -160 -160
1 29984 227 50 0 0 0 0 0 0 26 -6 -7 229 65 N N N N 729 177 -36 -68 -68
1 30014 230 49 3 -3 0 0 -1 0 24 -8 -7 101 32 39 70 41 557 50 3 -24 3 3
1 29984 236 -6 -3 0 0 0 0 0 -3 0 0 83 28 N N N N 293 68 -21 -26 -26
1 30016 228 43 1 1 0 0 0 0 21 -9 -5 223 60 40 72 43 557 400 91 -33 -32 -32
1 29986 230 66 -4 1 0 0 0 0 32 -16 -9 40 16 N N N N 547 137 -18 -55 -55
1 30014 222 -10 4 1 0 0 0 0 -5 3 1 125 33 40 68 45 557 381 92 -17 -35 -35
1 29984 230 -57 -2 0 0 0 0 0 -27 14 7 349 96 N N N N 603 142 -39 -53 -53
1 30016 247 -62 2 0 0 0 0 0 -31 11 9 74 29 39 70 41 557 1056 260 -38 -102 -102
1 29985 235 -51 0 -1 0 0 0 0 -26 9 7 84 25 N N N N 542 135 -18 -53 -53
1 30016 230 26 -2 1 0 0 0 0 14 -3 -3 71 20 38 69 41 557 364 89 -13 -34 -34
1 29984 239 83 0 -4 0 0 0 0 41 -16 -12 133 39 N N N N 233 52 -20 -18 -18
1 30015 244 22 2 4 0 0 -1 0 11 -5 -3 188 51 39 69 41 558 323 72 -29 -24 -24
1 29985 250 -1 -1 -1 0 0 0 0 -1 0 0 131 42 N N N N 661 160 -29 -61 -61
1 30016 232 3 2 0 0 0 0 0 1 -1 0 55 15 38 69 41 558 723 183 -13 -73 -73
1 29983 250 -15 -3 -2 0 0 0 0 -7 4 2 133 34 N N N N 355 86 -16 -32 -32
1 30016 255 15 3 -1 0 0 0 0 7 -4 -1 115 36 37 69 42 558 596 144 -25 -55 -55
1 29985 242 17 -1 1 0 0 0 0 8 -4 -3 322 92 N N N N 1116 273 -40 -103 -103
1 30015 236 -41 0 4 0 0 0 0 -19 9 5 563 144 36 67 41 558 1750 428 -59 -162 -162
1 29985 238 -60 2 -3 0 0 0 0 -30 12 9 186 69 N N N N 1333 312 -73 -111 -111
1 30017 246 -47 -1 0 0 0 0 0 -24 7 7 128 48 37 70 43 558 1048 253 -38 -94 -94
1 29983 262 -44 0 -2 0 0 0 0 -23 6 6 315 82 N N N N 801 191 -35 -68 -68
1 30015 232 -73 -4 4 0 0 -2 0 -38 3 10 276 81 38 69 40 558 1817 446 -51 -166 -166
1 29985 259 -62 3 0 0 0 0 0 -33 0 9 277 81 N N N N 1727 421 -52 -154 -154
1 30017 254 -61 0 2 0 0 0 0 -32 -4 9 252 73 37 66 43 558 1460 354 -44 -128 -128
1 29982 263 -51 -1 -3 0 0 0 0 -27 -6 8 203 64 N N N N 939 218 -46 -75 -75
1 30018 276 82 0 0 0 0 0 0 43 8 -12 141 42 38 69 42 558 143 22 -28 -3 -3
1 29985 259 86 2 0 0 0 0 0 45 2 -13 28 12 N N N N 113 20 -16 -5 -5
1 30013 281 96 -1 -1 0 0 0 0 51 -6 -13 34 20 37 70 42 558 87 16 -12 -3 -3
1 29985 259 58 1 -1 0 0 0 0 30 -7 -9 93 14 N N N N 130 28 -11 -9 -9
1 30015 264 43 0 0 0 0 0 0 21 -8 -6 54 15 38 70 44 558 257 59 -13 -20 -20
1 29984 270 30 0 0 0 0 0 0 15 -6 -4 73 17 N N N N 299 71 -10 -26 -26
1 30016 267 37 1 0 0 0 -1 0 18 -8 -5 67 18 38 69 43 559 213 48 -13 -15 -15
1 29985 271 40 -2 0 0 0 0 0 19 -11 -4 136 38 N N N N 144 28 -16 -8 -8
1 30015 282 44 1 0 0 0 0 0 19 -13 -6 114 30 38 70 42 558 -25 -21 -26 13 13
1 29984 277 48 0 3 0 0 0 0 20 -16 -6 41 13 N N N N -198 -57 -11 24 24
1 30016 270 43 0 -1 0 0 0 0 18 -15 -4 1 2 37 69 42 559 -164 -46 -7 18 18
1 29985 284 71 0 -1 0 0 0 0 24 -29 -6 54 11 N N N N -76 -22 -3 9 9
1 30016 265 80 1 2 0 0 0 0 23 -36 -7 413 102 39 70 42 559 -62 -34 -33 20 20
1 29984 283 41 2 -1 0 0 0 0 10 -19 -2 376 109 N N N N 1269 286 -71 -96 -96
1 30015 275 80 -1 1 0 0 0 0 16 -40 -3 240 75 38 68 42 559 836 181 -61 -57 -57
1 29984 279 -4 -1 -1 0 0 0 0 -1 2 -1 48 18 N N N N 236 48 -21 -14 -14
1 34490 318 -66 -9 127 -10 1421 -1 -2 -13 22 -27 13 5 39 67 40 559 148 34 -8 -11 -11
1 30512 294 -120 0 0 0 0 0 0 -33 55 -4 19 3 N N N N 44 8 -5 -2 -2
1 30368 289 -114 -2 0 0 0 0 0 -40 47 1 4 1 38 68 43 559 91 21 -4 -8 -8
1 30456 280 -116 1 1 0 0 0 0 -49 39 7 3 -2 N N N N 86 22 -1 -7 -7
1 30370 299 -121 1 0 0 0 0 0 -59 30 10 -3 -3 36 69 41 559 41 9 -1 -4 -4
1 37690 331 -90 4 -126 -1 -1416 -2 2 -46 15 76 4 2 N N N N 19 5 -1 -1 -1
1 30015 286 0 0 -3 0 0 0 0 0 0 1 3 -2 39 69 43 559 1 -1 -2 0 0
1 29984 257 12 -1 0 0 0 0 0 6 -1 -2 6 -3 N N N N -27 -6 1 3 3
1 30015 271 9 -1 1 0 0 0 0 5 -1 -1 2 -2 37 70 43 559 -3 -1 0 0 0
1 29985 261 6 3 -1 0 0 0 0 3 -1 -1 -2 0 N N N N -23 -7 -1 3 3
1 30016 261 -5 -1 3 0 0 0 0 -2 1 1 7 -2 39 70 41 559 -8 -2 0 0 0
1 29985 262 34 0 -2 0 0 0 0 17 -5 -5 46 10 N N N N 33 6 -4 -1 -1
1 30015 257 53 -3 0 0 0 0 0 27 -8 -8 28 6 37 71 43 559 73 15 -7 -5 -5
1 29984 252 81 1 1 0 0 0 0 39 -18 -11 37 10 N N N N 50 10 -5 -2 -2
1 30015 245 75 -3 0 0 0 0 0 34 -21 -10 112 24 40 70 41 560 -189 -54 -9 22 22
1 29986 266 46 5 1 0 0 0 0 19 -15 -6 19 8 N N N N -116 -38 -15 17 17
1 33956 283 -41 -13 125 -10 1396 -1 -2 -18 4 -50 85 21 39 68 43 560 -134 -40 -11 17 17
1 31043 284 -180 5 2 0 0 0 0 -84 49 16 534 124 N N N N -263 -92 -41 42 42
1 32309 254 -123 20 -125 30 -1398 0 2 -64 19 82 323 110 39 67 43 560 589 103 -83 -23 -23
1 29988 224 -29 -1 -4 0 0 0 0 -16 1 3 22 14 N N N N 714 168 -26 -58 -58
1 30011 234 13 3 0 0 0 0 0 7 0 0 17 7 37 71 43 560 389 94 -8 -34 -34
1 29986 225 10 -1 4 0 0 0 0 6 -1 -2 -5 -1 N N N N 139 33 -4 -12 -12
1 30017 219 -6 1 -2 0 0 0 0 -4 0 1 -4 -2 39 71 42 560 125 32 0 -11 -11
1 29984 234 -45 0 2 0 0 0 0 -24 2 4 12 1 N N N N 20 5 -1 -2 -2
1 30015 205 -19 -1 -2 0 0 0 0 -10 0 4 -4 -2 37 70 41 560 122 30 -1 -11 -11
1 29985 231 -6 -1 0 0 0 0 0 -3 0 2 15 1 N N N N -3 -1 -1 0 0
1 30016 247 2 3 -4 0 0 0 0 0 0 -1 4 0 35 69 41 560 144 36 -2 -12 -12
1 29983 209 -6 -2 6 0 0 0 0 -2 0 0 -2 -2 N N N N 133 33 -1 -13 -13
1 30014 229 -32 -2 -1 0 0 0 0 -17 -1 5 -8 -3 39 72 42 560 33 9 1 -3 -3
1 37045 306 83 -5 -121 0 -1371 0 -2 45 -15 51 5 -1 N N N N 73 19 0 -7 -7
1 30368 247 151 -1 -3 0 0 0 0 79 -9 -24 -3 -3 39 67 42 560 82 20 -1 -7 -7
1 31985 268 100 4 121 -6 1369 -1 2 49 -11 -71 -1 -3 N N N N 79 20 -1 -8 -8
1 30016 246 9 -4 -3 0 0 0 0 4 -2 -2 -4 0 38 67 42 560 -86 -22 0 8 8
1 29985 247 -2 5 -1 0 0 0 0 -1 1 2 5 -3 N N N N -28 -7 1 3 3
1 30014 236 12 -4 4 0 0 0 0 6 -4 -3 -5 -2 37 67 42 560 5 1 0 0 0
1 29984 247 11 1 1 0 0 0 0 5 -2 -3 3 -2 N N N N -22 -5 0 1 1
1 30018 240 30 -1 -4 0 0 0 0 13 -9 -3 -4 -4 37 69 42 560 18 4 0 -1 -1
1 29982 258 18 -1 4 0 0 0 0 8 -6 -3 1 -1 N N N N -16 -4 0 1 1
1 30016 237 -3 1 -3 0 0 0 0 -1 2 1 3 -2 37 67 42 560 -4 -1 0 1 1
1 29985 240 10 1 -1 0 0 0 0 4 -4 1 0 -1 N N N N 89 22 -1 -8 -8
1 30016 243 14 3 2 0 0 0 0 6 -4 -3 -2 -2 38 66 42 560 -30 -7 0 2 2
1 29983 243 4 -3 2 0 0 0 0 2 -2 0 1 -1 N N N N 7 1 0 0 0
1 30016 261 -2 4 -3 0 0 0 0 -1 1 1 10 -1 37 71 43 560 49 13 0 -5 -5
1 29984 254 12 -1 5 0 0 0 0 5 -4 -3 -1 -2 N N N N 324 82 -1 -30 -30
1 30016 248 -20 -2 -6 0 0 0 0 -8 7 5 -3 -1 39 69 42 560 155 39 0 -15 -15
1 29984 242 -26 1 8 0 0 0 0 -12 7 -1 5 -1 N N N N 141 36 -1 -13 -13
1 30017 244 -56 1 -7 0 0 0 0 -25 17 10 7 0 37 69 43 561 346 87 -2 -31 -31
1 29985 266 -8 0 2 0 0 0 0 -4 2 0 16 1 N N N N 97 26 2 -11 -11
1 30015 244 -32 -2 -1 0 0 0 0 -15 7 4 16 4 36 70 43 561 526 131 -4 -47 -47
1 29984 253 -14 1 2 0 0 0 0 -7 3 2 14 2 N N N N 610 154 -4 -56 -56
1 30014 258 -12 1 1 0 0 0 0 -6 3 1 18 4 40 67 40 561 514 130 -1 -48 -48
1 29985 263 -16 -1 -1 0 0 0 0 -8 3 2 18 4 N N N N 440 110 -4 -39 -39
1 30016 242 -31 0 -1 0 0 -1 0 -16 5 4 89 19 38 68 41 560 564 142 -4 -51 -51
1 29984 256 4 -2 2 0 0 0 0 3 0 0 130 36 N N N N 1594 392 -22 -139 -139
1 30017 247 -11 0 0 0 0 0 0 -6 1 1 121 32 38 75 39 561 1509 374 -17 -131 -131
1 29984 247 -19 3 -2 0 0 0 0 -10 4 3 35 11 N N N N 996 243 -17 -84 -84
1 30014 241 12 -1 1 0 0 0 0 6 -3 -2 82 21 38 66 44 561 185 39 -12 -12 -12
1 29985 254 67 -2 -4 0 0 0 0 34 -12 -7 129 35 N N N N -268 -79 -17 32 32
1 30016 241 69 1 2 0 0 0 0 33 -16 -10 61 18 37 67 43 560 -314 -91 -17 35 35
1 29984 247 67 1 1 0 0 0 0 30 -20 -8 134 32 N N N N -317 -91 -16 36 36
1 30017 245 33 1 1 0 0 0 0 14 -10 -4 129 37 36 68 41 561 -414 -121 -26 49 49
1 29983 236 -10 -1 0 0 0 0 0 -4 3 1 85 22 N N N N -474 -130 -15 50 50
1 30017 250 25 0 -1 0 0 -1 0 10 -9 -2 48 15 38 67 42 561 -103 -34 -13 14 14
1 29983 247 15 -1 2 0 0 0 0 6 -5 -2 26 7 N N N N 83 17 -7 -4 -4
1 30016 246 29 1 -2 0 0 0 0 11 -11 -3 16 3 38 66 42 561 16 1 -4 0 0
1 29984 228 23 1 0 0 0 0 0 9 -8 -2 50 12 N N N N 58 11 -5 -3 -3
1 30016 249 9 -1 1 0 0 0 0 3 -4 -1 129 33 40 69 43 561 34 -1 -17 4 4
1 29985 240 -10 2 -1 0 0 0 0 -4 4 1 178 43 N N N N -74 -34 -23 16 16
1 30015 238 34 -2 0 0 0 0 0 12 -14 -3 98 28 37 68 42 561 -749 -204 -23 78 78
1 29985 236 55 0 -1 0 0 0 0 17 -24 -4 29 11 N N N N -655 -173 -12 65 65
1 30014 249 48 -2 1 0 0 0 0 13 -22 -2 85 22 40 70 43 561 -148 -46 -13 19 19
1 29986 215 16 3 0 0 0 0 0 5 -7 -2 30 8 N N N N 10 -2 -8 3 3
1 34426 290 -88 -8 127 -10 1405 -1 -2 -25 30 -34 118 27 36 68 41 561 -294 -82 -13 32 32
1 30457 235 -129 2 -1 0 0 0 0 -47 52 0 96 27 N N N N -567 -154 -17 59 59
1 30369 252 -131 -3 1 0 0 0 0 -57 43 6 169 40 37 67 43 561 -379 -107 -17 43 43
1 32955 266 -137 3 -26 1 -207 -1 -1 -68 32 26 200 57 N N N N -295 -97 -37 42 42
1 27572 223 -42 0 -100 -1 -1190 0 3 -21 5 57 85 26 38 68 43 561 9 -12 -23 9 9
1 29984 246 -57 0 3 0 0 0 0 -30 5 8 182 46 N N N N 280 58 -21 -17 -17
1 30017 240 -50 2 -1 0 0 0 0 -27 1 7 60 20 39 66 41 561 571 131 -22 -44 -44
1 29983 241 -42 -2 -1 0 0 0 0 -22 -1 6 49 16 N N N N 287 65 -12 -21 -21
1 30016 236 -39 1 -1 0 0 0 0 -21 -1 6 83 17 37 67 40 561 243 55 -10 -19 -19
1 29984 229 -28 -1 -2 0 0 0 0 -15 -3 5 65 21 N N N N 239 50 -16 -15 -15
1 30015 249 12 -1 2 0 0 0 0 7 2 -2 32 9 38 67 43 561 188 42 -9 -14 -14
1 29985 224 15 0 -1 0 0 0 0 8 0 -2 4 2 N N N N 21 3 -4 0 0
1 30015 228 9 4 2 0 0 0 0 4 1 -2 20 3 38 67 42 561 -107 -29 -3 11 11
1 29985 239 2 -4 2 0 0 0 0 2 0 0 20 3 N N N N -242 -63 -3 24 24
1 34369 276 89 -5 -126 0 -1387 -1 -2 48 -14 50 33 6 37 68 40 561 -331 -85 -3 31 31
1 31045 255 151 -2 4 0 0 0 0 79 -8 -25 62 14 N N N N -318 -86 -10 34 34
1 32074 267 118 5 118 -8 1390 0 2 57 -14 -76 41 9 38 67 41 561 -421 -111 -7 42 42
1 29984 250 15 -6 -1 0 0 0 0 7 -4 -2 57 13 N N N N -536 -140 -9 52 52
1 30017 239 -9 3 4 0 0 0 0 -4 3 0 14 6 38 66 40 561 -556 -143 -6 55 55
1 29983 255 -10 2 -3 0 0 0 0 -5 2 2 34 6 N N N N -544 -141 -6 52 52
1 30016 263 -42 -1 3 0 0 0 0 -20 10 5 47 11 38 66 43 561 -334 -86 -4 33 33
1 29983 254 -61 1 0 0 0 0 0 -30 12 9 55 13 N N N N -259 -71 -10 28 28
1 30016 248 -28 1 -3 0 0 0 0 -15 4 4 25 4 36 68 42 561 -1133 -289 -7 109 109
1 29984 263 6 -3 0 0 0 0 0 4 0 -1 21 5 N N N N -1709 -433 -5 162 162
1 30016 243 7 3 0 0 0 0 0 3 -2 -1 7 0 38 67 45 561 -892 -225 -3 86 86
1 29987 244 -3 -5 4 0 0 0 0 -1 0 1 13 3 N N N N -323 -83 -1 31 31
1 30013 234 -42 3 -4 0 0 0 0 -22 7 6 47 9 36 67 42 562 -200 -52 -5 21 21
1 29985 247 -66 1 0 0 0 -1 0 -35 5 10 159 36 N N N N -351 -95 -10 38 38
1 30015 247 -5 -2 1 0 0 0 0 -2 -1 2 358 88 40 66 42 562 -358 -115 -45 52 52
1 29985 229 84 1 0 0 0 0 0 44 -6 -13 82 34 N N N N -105 -48 -38 25 25
1 30016 259 58 2 0 0 0 0 0 30 -8 -9 21 9 38 68 43 561 -43 -17 -11 8 8
1 29984 237 63 -1 0 0 0 0 0 30 -14 -9 34 8 N N N N 17 2 -6 1 1
1 30015 266 95 2 0 0 0 0 0 44 -25 -12 200 46 38 69 45 562 63 9 -11 -1 -1
1 29985 238 56 -2 -2 0 0 0 0 24 -18 -6 43 17 N N N N 39 -5 -27 6 6
1 30015 232 25 0 3 0 0 0 0 10 -9 -3 50 14 39 67 41 562 -43 -17 -10 9 9
1 29985 227 -4 -1 -3 0 0 0 0 -1 2 0 35 7 N N N N -168 -46 -8 19 19
1 30015 232 -25 1 -1 0 0 0 0 -11 8 3 218 46 37 67 43 562 -109 -33 -10 14 14
1 34926 292 -44 -9 128 -9 1408 0 -2 -19 6 -50 56 25 N N N N 12 -15 -33 12 12
1 30016 250 -103 -2 1 0 0 0 0 -46 31 7 44 13 37 67 42 562 -94 -29 -9 12 12
1 33690 277 -109 6 -123 0 -1416 -1 2 -55 25 74 18 5 N N N N -44 -16 -8 8 8
1 30017 236 -41 -1 -1 0 0 0 0 -21 5 7 25 5 37 66 41 562 -26 -8 -4 4 4
1 29984 235 -29 2 -1 0 0 0 0 -15 3 5 27 7 N N N N 9 0 -4 1 1
1 30015 242 9 0 1 0 0 0 0 5 -1 -1 25 5 39 65 41 562 75 15 -6 -5 -5
1 29984 251 44 -2 -4 0 0 0 0 22 -5 -7 27 5 N N N N 6 0 -3 0 0
1 30015 239 79 0 4 0 0 0 0 41 -12 -11 101 23 38 68 43 562 -3 -5 -8 4 4
1 29985 234 92 -1 -2 0 0 0 0 44 -21 -13 120 32 N N N N 112 17 -18 -4 -4
1 30016 224 68 1 1 0 0 0 0 30 -20 -9 21 6 35 67 43 562 128 25 -13 -7 -7
1 28693 139 78 268 -68 192 -504 -65 -4 28 -27 58 7 5 N N N N 97 21 -6 -6 -6
1 30031 87 86 -66 17 0 1 -139 0 33 -33 -11 22 5 41 70 41 562 61 14 -2 -6 -6
1 29986 57 75 -5 1 -1 0 -133 0 24 -33 -9 -32 1 N N N N -1 -2 -3 2 2
1 29995 13 41 1 -5 1 1 -134 0 11 -19 -7 42 0 39 65 41 562 41 10 -1 -4 -4
1 42985 -133 -32 332 1 393 -1 -149 0 -59 4 145 0 0 N N N N 18 2 -3 0 0
1 17916 -116 -37 -32 4 -1 -1 -79 0 -3 19 -13 -23 -1 37 66 44 562 -36 -8 1 3 3
1 29112 -236 -79 -32 6 1 0 -130 0 -22 37 -13 -23 -6 N N N N 39 14 7 -7 -7
1 29974 -319 -73 16 0 1 0 -130 0 -26 28 -12 -72 -15 38 67 44 562 -46 -9 5 3 3
1 30039 -384 -85 -27 5 5 -1 -131 0 -34 30 -15 -160 -42 N N N N -209 -37 27 9 9
1 31270 -418 -53 -78 14 -6 0 -87 4 -22 15 -10 -43 -10 38 67 41 562 -158 -33 11 10 10
1 29984 -429 16 -3 -1 0 0 0 0 7 -6 3 -55 -13 N N N N -102 -20 10 6 6
1 30016 -446 30 4 1 0 0 0 0 13 -8 4 -39 -8 36 66 41 562 -104 -23 6 8 8
1 29984 -438 -26 -2 -5 0 0 0 0 -10 8 -2 -220 -54 N N N N -21 0 9 -2 -2
1 30017 -463 6 2 4 0 0 0 0 2 -1 0 -115 -30 37 68 42 562 20 28 42 -18 -18
1 29983 -455 -22 -4 1 0 0 0 0 -10 6 -4 -53 -12 N N N N 97 32 13 -15 -15
1 30016 -460 -73 2 -2 0 0 0 0 -35 16 -11 -249 -65 36 66 43 562 137 51 30 -25 -25
1 29984 -442 -61 -3 1 0 0 0 0 -30 11 -10 -45 -11 N N N N -2 10 18 -7 -7
1 30016 -444 -76 4 -2 0 0 0 0 -39 9 -13 -301 -80 38 66 45 562 -111 -12 29 0 0
1 29984 -458 73 1 6 0 0 0 0 37 -8 11 -327 -88 N N N N -110 9 64 -15 -15
1 30015 -459 56 -2 -2 -1 0 -6 0 28 -10 10 -33 -9 37 66 42 562 459 125 19 -52 -52
1 29984 -460 10 -1 -1 0 0 0 0 5 -2 3 -30 -7 N N N N 139 39 6 -15 -15
1 30016 -465 16 3 -1 0 0 0 0 8 -3 2 -53 -9 36 67 41 562 910 233 7 -90 -90
1 29984 -447 77 0 3 0 0 0 0 35 -19 11 -79 -17 N N N N 2242 569 11 -216 -216
1 30016 -468 24 -2 -3 0 0 0 0 11 -8 4 -52 -12 40 66 44 562 969 251 12 -96 -96
1 29984 -452 9 0 1 0 0 0 0 4 -2 1 -83 -20 N N N N 1049 272 13 -103 -103
1 30018 -450 31 -3 0 0 0 0 0 13 -10 5 -95 -22 38 67 44 562 965 252 16 -96 -96
1 29982 -472 39 4 1 0 0 0 0 16 -13 5 -31 -5 N N N N 925 238 9 -89 -89
1 30016 -458 45 -3 -1 0 0 0 0 17 -17 5 -26 -3 37 67 42 562 774 198 4 -73 -73
1 29983 -459 47 4 0 0 0 0 0 16 -19 5 -116 -28 N N N N 387 102 8 -39 -39
1 33723 -531 -123 -3 -128 3 -1377 -1 -2 -46 14 34 -117 -29 38 70 42 562 -47 2 22 -5 -5
1 30923 -469 -192 4 -6 0 0 0 0 -87 54 -15 -231 -61 N N N N -297 -54 34 13 13
1 31487 -481 -74 -2 137 0 1401 0 2 -38 39 -76 -278 -75 37 67 42 562 -881 -198 40 65 65
1 29985 -445 36 2 1 0 0 0 0 18 -4 6 -219 -60 N N N N -527 -104 47 30 30
1 30015 -473 -5 -1 0 0 0 0 0 -2 1 -1 -158 -43 37 66 42 562 95 42 30 -21 -21
1 29984 -468 -21 1 -1 0 0 0 0 -11 3 -3 -113 -30 N N N N 840 225 21 -87 -87
1 30017 -460 -44 -1 2 0 0 0 0 -23 4 -8 -118 -29 40 70 40 562 115 40 18 -18 -18
1 29984 -451 30 -3 -4 0 0 0 0 17 -3 5 -328 -86 N N N N 921 263 47 -105 -105
1 30016 -456 34 3 2 0 0 0 0 16 -4 6 -50 -17 37 71 43 562 822 224 25 -86 -86
1 29984 -428 9 -1 1 0 0 0 0 5 -2 1 -99 -25 N N N N 43 19 13 -9 -9
1 30015 -439 19 2 0 0 0 0 0 9 -2 4 -187 -47 36 72 40 562 58 31 26 -16 -16
1 29984 -455 -51 -3 -2 0 0 0 0 -25 7 -9 -222 -59 N N N N 443 134 35 -55 -55
1 30015 -436 -65 1 0 0 0 0 0 -34 5 -11 -237 -65 37 67 43 562 830 239 44 -94 -94
1 29986 -428 56 1 2 0 1 -2 0 29 -4 9 -260 -71 N N N N 779 218 31 -85 -85
1 30016 -433 107 0 -1 0 0 0 0 54 -17 18 -136 -42 39 67 44 562 -2382 -581 41 202 202
1 29983 -417 30 1 -3 0 0 0 0 14 -7 6 -1 -1 N N N N -2277 -574 11 206 206
1 30016 -418 36 -2 4 0 0 0 0 16 -9 5 -20 -4 39 70 44 562 -1015 -255 5 93 93
1 29986 -416 74 2 0 0 0 0 0 33 -21 10 -29 -5 N N N N -899 -226 5 82 82
1 30015 -406 -16 -4 -1 0 0 0 0 -6 5 -2 11 3 36 71 42 562 -400 -103 0 38 38
1 29984 -407 38 7 2 0 0 0 0 15 -12 5 -18 0 N N N N -263 -66 2 24 24
1 30015 -392 28 -5 -2 0 0 0 0 12 -10 4 1 3 38 68 43 562 -408 -103 1 38 38
1 29984 -371 -2 3 -2 0 0 0 0 -1 1 1 -3 2 N N N N -230 -58 1 22 22
1 30016 -381 10 -4 1 0 0 0 0 4 -4 1 5 5 39 68 43 562 18 4 0 -2 -2
1 35926 -447 -148 -1 -135 0 -1405 1 -2 -63 14 36 4 5 N N N N 73 19 -1 -7 -7
1 31016 -380 -175 6 129 0 1393 -1 2 -88 60 -83 3 4 37 68 41 562 40 10 0 -3 -3
1 29984 -356 -23 0 6 0 0 0 0 -12 3 -6 2 3 N N N N 60 15 -1 -6 -6
1 30016 -375 41 -4 1 0 0 0 0 22 -4 5 2 4 37 66 43 562 18 4 0 -1 -1
1 29985 -377 -1 0 -4 0 0 0 0 0 0 1 2 3 N N N N -55 -14 0 5 5
1 30016 -372 -13 0 -3 0 0 0 0 -7 2 0 2 5 37 69 41 562 13 3 0 -1 -1
1 29983 -367 23 1 6 0 0 0 0 11 -3 2 -7 0 N N N N -34 -8 1 3 3
1 30019 -370 8 1 -3 0 0 0 0 5 -1 2 -6 0 39 69 41 562 -234 -58 3 21 21
1 29981 -366 35 2 14 0 0 0 0 17 -3 -1 -6 2 N N N N -131 -32 1 12 12
1 30017 -356 20 -4 -8 0 0 0 0 10 -5 8 -53 -13 39 67 42 562 2 2 3 -2 -2
1 29983 -360 61 2 0 0 0 0 0 30 -12 10 -290 -74 N N N N -431 -98 21 33 33
1 30016 -364 38 -3 -4 0 0 0 0 18 -9 8 -578 -165 37 70 42 562 -1549 -333 109 104 104
1 29984 -360 -52 -4 -2 0 1 0 0 -24 11 -8 -123 -35 N N N N -66 1 31 -6 -6
1 30016 -365 -71 3 1 0 0 0 0 -35 14 -13 -100 -29 38 68 42 562 196 64 23 -28 -28
1 29984 -370 -44 1 1 0 0 0 0 -23 6 -7 -81 -22 N N N N 184 57 18 -26 -26
1 30016 -353 -8 -1 0 0 0 0 0 -4 0 -2 -2 1 39 67 42 562 -1 3 4 -1 -1
1 29987 -358 -15 2 0 0 0 0 0 -8 2 -2 2 2 N N N N -5 -1 1 0 0
1 30013 -387 -1 0 -2 0 0 0 0 0 1 0 1 4 36 69 41 562 50 13 0 -5 -5
1 29984 -368 5 -2 0 0 0 0 0 3 -2 1 -19 -3 N N N N -6 -1 1 0 0
1 30017 -360 40 0 3 0 0 0 0 20 -3 6 -43 -9 37 67 42 562 -3 3 7 -2 -2
1 29986 -366 10 1 1 0 0 0 0 5 -2 2 -11 -1 N N N N -21 -3 4 0 0
1 30013 -367 49 -1 2 0 0 0 0 24 -8 7 -195 -56 36 68 42 562 -100 -20 9 6 6
1 29984 -360 4 2 -2 0 0 0 0 2 -1 1 -779 -207 N N N N -402 -42 108 -5 -5
1 30016 -361 -40 1 -3 0 0 0 0 -20 6 -5 -113 -41 41 68 42 562 -1374 -319 60 110 110
1 29985 -366 -13 -3 2 0 0 0 0 -6 3 -3 -88 -25 N N N N -363 -83 19 28 28
1 30015 -355 -15 0 0 0 0 0 0 -8 2 -2 -232 -63 38 68 41 562 -6 15 30 -12 -12
1 29984 -373 -44 2 -1 0 0 0 0 -22 5 -8 -114 -34 N N N N 67 34 30 -18 -18
1 30017 -364 -50 -3 -1 0 0 0 0 -26 4 -9 -99 -27 39 67 41 562 22 16 18 -10 -10
1 29983 -384 -54 3 2 0 0 0 0 -29 -1 -10 -125 -33 N N N N -304 -66 21 22 22
1 30016 -370 -83 -2 -2 0 0 0 0 -43 -3 -14 -258 -69 37 67 42 562 -204 -35 33 6 6
1 29984 -378 33 0 4 0 0 0 0 17 4 4 -320 -91 N N N N 37 39 52 -24 -24
1 30016 -371 89 2 -1 0 0 0 0 47 1 16 -584 -167 39 69 43 562 -895 -184 85 54 54
1 29985 -387 65 -1 -2 0 -1 -2 0 34 -5 13 -349 -106 N N N N -2258 -543 81 194 194
1 30015 -396 90 0 4 0 0 0 0 45 -12 15 -416 -114 34 68 41 562 -2349 -581 56 215 215
1 29985 -390 79 1 -5 0 0 0 0 39 -16 13 -594 -181 N N N N -1663 -377 109 128 128
1 30016 -382 -9 -4 0 0 0 0 0 -4 2 -1 -307 -94 40 71 44 562 -2578 -639 70 240 240
1 29983 -386 8 4 3 0 0 0 0 3 -2 1 -215 -63 N N N N -2283 -575 45 223 223
1 30015 -372 3 -1 0 0 0 0 0 2 0 0 -162 -48 37 71 43 561 -1041 -258 31 100 100
1 29986 -368 -29 0 -2 0 0 0 0 -14 6 -4 -205 -60 N N N N -823 -197 38 73 73
1 30015 -367 -19 1 1 0 0 0 0 -9 4 -3 -120 -35 39 66 42 561 -447 -106 24 39 39
1 29984 -362 14 0 -2 0 0 0 0 7 -3 2 -80 -24 N N N N -386 -93 20 35 35
1 30016 -376 95 1 1 0 0 0 0 44 -24 14 -374 -103 39 68 43 561 -700 -166 37 62 62
1 29984 -362 83 -4 -2 0 1 0 0 36 -26 12 -128 -41 N N N N -1194 -292 48 112 112
1 30015 -383 2 -1 2 0 0 0 0 0 -1 0 -57 -17 38 70 41 561 -765 -194 16 78 78
1 29986 -361 -46 3 -1 0 0 0 0 -19 15 -6 -288 -80 N N N N -563 -134 34 49 49
1 30016 -371 -8 -3 3 0 0 0 0 -3 4 -1 -90 -29 38 70 42 561 -901 -224 31 89 89
1 29983 -372 -52 1 -4 0 0 0 0 -23 14 -8 -300 -82 N N N N -377 -79 45 25 25
1 30016 -355 -18 0 3 0 0 0 0 -9 5 -2 -353 -103 39 77 41 561 -163 -21 50 0 0
1 29984 -383 45 1 0 0 0 0 0 21 -12 6 -452 -131 N N N N -1756 -433 73 171 171
1 30016 -369 41 1 1 0 0 0 0 17 -13 5 -141 -46 38 68 41 560 -1620 -408 50 166 166
1 29985 -378 4 -2 1 0 0 0 0 2 -1 1 -181 -55 N N N N -675 -167 31 66 66
1 30016 -372 -47 -4 -3 0 0 0 0 -20 14 -6 -218 -61 37 69 43 561 332 104 38 -51 -51
1 29984 -393 -21 5 -1 0 -1 0 0 -9 7 -3 -52 -18 N N N N 795 222 25 -99 -99
1 30015 -390 29 0 3 0 0 0 0 12 -9 4 -44 -9 38 69 42 561 -43 -8 9 1 1
1 29984 -390 86 0 0 0 0 0 0 36 -28 11 -196 -57 N N N N -1711 -443 28 186 186
1 30015 -385 51 0 -2 0 0 0 0 19 -20 6 -231 -67 38 68 41 561 -1980 -516 29 220 220
1 29985 -416 18 1 1 0 0 0 0 7 -6 2 -115 -33 N N N N -1264 -321 41 134 134
1 30016 -396 1 -1 -1 0 0 0 0 0 -1 0 -43 -12 37 69 44 561 -311 -80 7 34 34
1 29985 -406 -10 0 -1 0 0 0 0 -3 4 -1 -136 -36 N N N N 89 30 16 -16 -16
1 30015 -432 -42 -1 1 0 0 0 0 -16 16 -4 -251 -70 38 66 41 561 -75 -3 44 -6 -6
1 29985 -399 -4 0 3 0 0 0 0 -2 2 -1 -32 -11 N N N N 960 264 19 -119 -119
1 30016 -448 -66 -2 -4 0 0 0 0 -26 22 -8 -361 -97 38 70 42 560 1861 517 50 -234 -234
1 29985 -426 11 4 2 0 0 0 0 5 -3 0 -128 -40 N N N N 1624 446 27 -198 -198
1 30014 -426 0 -1 -2 0 0 0 0 0 0 1 -168 -47 38 71 44 560 -677 -167 36 66 66
1 29984 -431 31 -1 2 0 0 0 0 13 -10 4 -306 -93 N N N N -1183 -300 44 122 122
1 30016 -436 7 0 -1 0 0 0 0 2 -3 1 -695 -200 38 69 43 560 -3251 -830 107 347 347
1 29984 -443 33 -1 0 0 0 0 0 13 -12 4 -327 -102 N N N N -3274 -855 69 371 371
1 30017 -430 9 0 -1 0 0 0 0 3 -4 1 -558 -165 39 71 43 560 -3140 -818 82 361 361
1 29983 -440 38 2 5 0 0 0 0 13 -14 3 -426 -133 N N N N -2721 -704 92 312 312
1 30016 -430 50 -1 -2 0 0 0 0 16 -22 5 -137 -44 42 71 41 560 -2520 -668 47 309 309
1 29984 -448 30 1 1 0 0 0 0 9 -13 3 -170 -53 N N N N -964 -249 39 113 113
1 30016 -428 -4 -1 -1 0 0 0 0 -1 2 0 -616 -176 38 67 45 560 -1225 -309 78 136 136
1 33749 -491 -190 -4 -136 0 -1399 0 -2 -65 42 29 -242 -76 N N N N -1643 -427 68 198 198
1 30370 -424 -230 3 3 0 0 0 0 -108 62 -21 -79 -25 40 67 42 560 -1700 -455 30 218 218
1 34161 -481 -79 -1 130 0 1394 -1 2 -41 35 -76 -364 -109 N N N N -1102 -284 57 133 133
1 30014 -425 -44 -1 2 0 0 0 0 -23 3 -9 -252 -75 38 70 41 560 -643 -163 51 74 74
1 29985 -411 -15 0 -2 0 0 0 0 -8 -1 -2 -115 -35 N N N N -1052 -279 30 135 135
1 30016 -417 -46 2 0 0 0 0 0 -24 0 -8 -287 -81 38 71 44 560 -528 -137 30 65 65
1 29983 -418 -60 -1 0 0 0 0 0 -32 -2 -10 -274 -81 N N N N -803 -204 64 94 94
1 30017 -427 68 1 0 0 0 0 0 36 3 11 -291 -88 41 70 45 560 -941 -244 59 116 116
1 29983 -405 -73 -2 0 0 0 0 0 -38 -4 -12 -321 -92 N N N N -422 -105 44 47 47
1 30015 -423 -118 -3 -1 0 0 0 0 -60 -16 -18 -220 -68 38 69 44 559 -933 -244 54 118 118
1 29985 -403 -70 -2 0 0 0 0 0 -33 -15 -13 -255 -75 N N N N -841 -222 41 109 109
1 30015 -403 16 6 0 0 0 0 0 7 4 3 -323 -96 37 69 45 559 -730 -186 64 88 88
1 29985 -399 87 0 4 0 0 0 0 42 17 12 -402 -120 N N N N -1640 -441 56 224 224
1 33310 -490 225 5 127 0 1401 1 -2 116 19 -29 -616 -187 41 73 41 559 460 153 126 -98 -98
1 32864 -497 270 -3 -119 0 -1392 -1 2 134 -50 109 -92 -35 N N N N 1517 430 44 -231 -231
1 30016 -398 161 -2 -4 0 0 0 0 66 -55 21 -368 -105 37 74 42 559 635 185 41 -101 -101
1 29986 -404 -116 0 -4 0 0 0 0 -45 41 -12 -1320 -386 N N N N 2665 788 207 -435 -435
1 30014 -396 -117 -3 -2 0 0 0 0 -53 31 -17 -549 -184 37 70 44 559 5759 1638 118 -837 -837
1 29984 -392 -103 0 2 0 0 0 0 -51 19 -17 -1491 -451 N N N N 1545 489 198 -270 -270
1 30018 -386 -7 0 1 0 0 0 0 -4 0 -2 -370 -139 38 70 43 559 -1241 -298 179 118 118
1 29982 -381 88 0 2 0 0 0 0 44 -14 14 -926 -283 N N N N 317 132 151 -88 -88
1 30018 -388 122 1 0 0 0 0 0 56 -31 19 -589 -185 40 73 42 559 -1123 -277 144 115 115
1 29984 -357 -18 -3 -3 0 0 0 0 -7 5 -2 -720 -212 N N N N 9157 2646 139 -1290 -1290
1 30015 -356 -81 2 -4 0 0 0 0 -37 20 -12 -630 -197 42 72 43 559 11158 3228 122 -1468 -1468
1 29984 -352 -10 1 5 0 0 0 0 -6 3 -2 -570 -190 N N N N 4155 1232 101 -543 -543
1 30015 -364 -94 -1 -3 0 -1 1 0 -46 15 -15 -1084 -330 37 74 43 559 -784 -156 157 37 37
1 29984 -341 -86 -2 2 0 0 0 0 -45 8 -15 -430 -159 N N N N -6471 -1792 173 743 743
1 30017 -355 24 1 0 0 0 0 0 13 -1 4 -160 -58 38 74 42 558 -4611 -1308 58 575 575
1 29983 -332 107 1 3 0 0 0 0 54 -13 17 -190 -64 N N N N -2435 -694 27 314 314
1 30016 -336 193 -3 0 0 0 0 0 90 -48 28 -555 -178 41 75 45 558 -2124 -580 104 252 252
1 29984 -308 82 5 -5 0 0 0 0 32 -30 11 -44 -22 N N N N -1454 -409 39 186 186
1 30018 -336 61 -2 2 0 0 0 0 21 -24 6 -63 -21 41 74 42 558 -628 -176 17 81 81
1 29984 -310 74 0 3 0 0 0 0 22 -32 7 -50 -15 N N N N -422 -119 13 54 54
1 30014 -324 84 0 -2 0 0 0 0 19 -41 6 -449 -137 41 82 41 558 -187 -37 54 9 9
1 29986 -320 42 -3 -3 0 0 0 0 7 -22 2 -643 -198 N N N N 923 303 108 -162 -162
1 33134 -369 -142 -1 -132 0 -1406 0 -2 -30 34 22 -633 -203 39 76 43 558 2143 669 134 -337 -337
1 31043 -339 -214 0 -1 0 0 0 0 -76 86 -2 -270 -94 N N N N 2237 684 86 -332 -332
1 30110 -341 -227 -1 18 0 200 0 0 -108 62 -29 -100 -38 40 78 41 558 1667 502 37 -236 -236
1 29891 -338 -45 3 114 0 1190 0 2 -24 26 -63 -62 -18 N N N N 1436 426 15 -195 -195
1 30015 -344 47 -1 -1 0 0 0 0 25 -5 7 -127 -37 38 78 42 558 -372 -100 24 41 41
1 29983 -363 54 1 1 0 0 0 0 27 -8 9 -114 -35 N N N N 1029 312 26 -145 -145
1 30017 -360 8 -2 -1 0 0 0 0 4 -2 1 9 3 41 75 42 558 668 199 9 -91 -91
1 29983 -363 0 1 0 0 0 0 0 0 0 1 2 2 N N N N -248 -72 1 32 32
1 30015 -364 46 2 2 0 0 0 0 22 -9 6 -218 -61 38 76 41 558 -887 -253 22 110 110
1 29987 -373 63 0 -1 0 0 0 0 30 -16 9 -225 -73 N N N N -141 -28 35 6 6
1 30016 -375 81 1 -3 0 0 0 0 35 -25 11 -352 -110 41 76 41 558 1915 592 74 -278 -278
1 29984 -356 16 -5 2 0 0 0 0 7 -5 2 -106 -36 N N N N 2400 723 42 -326 -326
1 30016 -388 -3 4 -1 0 0 0 0 -2 0 0 -61 -20 43 77 43 557 1302 390 15 -173 -173
1 33751 -420 -149 -1 -132 0 -1391 0 -2 -65 15 38 -65 -19 N N N N 802 243 16 -108 -108
1 31307 -410 -139 -2 132 0 1398 0 2 -70 52 -80 -18 -7 41 77 42 557 401 123 10 -55 -55
1 29984 -369 0 3 1 0 0 0 0 0 1 0 -29 -5 N N N N 254 77 6 -34 -34
1 30016 -391 27 -2 0 0 0 0 0 14 -3 4 -25 -6 39 75 42 557 208 64 6 -29 -29
1 29984 -384 19 1 0 0 0 0 0 10 -3 3 -2 4 N N N N 76 24 4 -11 -11
1 30016 -393 34 1 0 0 0 0 0 17 -6 5 -17 -3 40 72 40 557 -318 -93 1 40 40
1 29985 -394 40 -3 -2 0 0 0 0 20 -8 7 -54 -16 N N N N 208 64 8 -29 -29
1 30015 -370 41 1 2 0 0 0 0 19 -9 6 -63 -15 39 72 45 556 670 204 13 -90 -90
1 19984 -258 7 0 1 0 0 0 0 3 -2 1 -9 -2 N N N N 405 122 6 -53 -53
1 20016 -257 -7 0 -1 0 0 0 0 -3 2 -1 -8 -3 39 74 43 556 -219 -64 2 27 27
1 19985 -238 0 1 1 0 0 0 0 0 0 -1 -7 2 N N N N -133 -38 3 16 16
1 20015 -261 3 0 -1 0 0 0 0 1 -1 1 -19 -5 40 76 44 556 -231 -67 3 28 28
1 19984 -245 21 -1 1 0 0 0 0 10 -5 4 -35 -11 N N N N -43 -10 5 3 3
1 20016 -249 19 0 -2 0 0 0 0 9 -6 2 -11 -3 39 77 44 556 308 93 5 -40 -40
1 19984 -258 -15 1 1 0 1 0 0 -8 4 -1 -17 -3 N N N N 125 38 4 -17 -17
1 20016 -232 -22 -2 -1 0 0 0 0 -9 6 -4 2 3 40 77 43 556 -373 -109 2 46 46
1 19985 -250 -17 1 0 0 0 0 0 -8 4 -3 -36 -9 N N N N -807 -238 1 102 102
1 20015 -230 -29 -4 2 0 0 0 0 -14 7 -4 -146 -45 41 76 42 556 -620 -178 12 74 74
1 19984 -242 -110 4 -1 0 0 0 0 -55 19 -17 -339 -96 N N N N -1140 -317 48 129 129
1 20016 -231 -102 -1 -2 0 0 0 0 -53 8 -17 -144 -49 38 72 42 556 -2652 -768 43 330 330
1 19984 -234 -87 1 1 0 0 0 0 -46 -1 -15 -56 -20 N N N N -3254 -954 28 422 422
1 20016 -236 -71 0 0 0 0 0 0 -37 -6 -11 -65 -20 40 74 42 556 -2596 -764 15 346 346
1 19984 -233 -70 -1 6 0 0 0 0 -36 -11 -12 -96 -30 N N N N -1311 -384 13 176 176
1 20016 -225 -77 1 -6 0 0 0 0 -36 -16 -12 -82 -25 42 72 41 555 -444 -124 23 54 54
1 19984 -228 -88 1 -2 0 0 0 0 -39 -24 -13 -211 -70 N N N N -292 -79 21 34 34
1 20016 -234 -93 -2 1 0 0 0 0 -37 -31 -13 -261 -88 39 77 44 555 470 153 41 -79 -79
1 19984 -227 -80 1 2 0 0 0 0 -28 -31 -10 -413 -117 N N N N 1546 482 66 -235 -235
1 20016 -218 -28 -1 0 0 0 0 0 -8 -12 -3 -140 -51 39 74 41 555 2998 919 70 -431 -431
1 19984 -246 11 2 2 0 0 0 0 3 4 1 -27 -13 N N N N 2455 739 19 -334 -334
1 23311 -289 133 0 124 0 1395 -1 -2 47 43 -36 -155 -45 40 74 41 555 1604 487 23 -220 -220
1 20452 -262 195 5 4 0 0 0 0 85 58 17 -251 -76 N N N N 1535 471 30 -211 -211
1 20016 -260 139 1 -1 0 0 0 0 70 24 18 -338 -99 39 75 41 555 -9 20 55 -18 -18
1 20458 -257 101 0 1 0 0 0 0 52 8 18 -261 -82 N N N N -4123 -1206 69 519 519
1 20016 -248 105 -2 -1 0 0 0 0 55 -3 19 -177 -57 40 79 41 555 -3402 -1004 40 447 447
1 20513 -268 73 3 -1 0 0 0 0 37 -7 14 -538 -172 N N N N -1663 -471 79 204 204
1 23252 -290 60 -9 -122 0 -1411 1 2 31 -24 71 -146 -48 40 75 41 554 236 98 78 -59 -59
1 19983 -244 2 -1 -2 0 0 0 0 1 0 1 -84 -32 N N N N 857 266 25 -127 -127
1 20016 -237 -22 -1 -3 0 0 0 0 -10 4 -2 -65 -23 38 70 42 554 602 189 19 -90 -90
1 19984 -228 9 1 0 0 0 0 0 4 -2 1 -73 -24 N N N N -1011 -300 14 135 135
1 20015 -239 38 0 3 0 0 0 0 18 -8 5 -104 -31 41 75 43 554 636 201 26 -96 -96
1 19986 -225 12 2 -6 0 0 0 0 6 -4 3 -100 -30 N N N N 336 109 22 -54 -54
1 20014 -231 23 -2 2 0 0 0 0 10 -6 3 -63 -21 40 74 43 554 -110 -29 12 11 11
1 19985 -215 28 1 3 0 0 0 0 12 -8 4 -79 -26 N N N N -493 -141 21 61 61
1 20016 -230 21 -3 -3 0 0 0 0 10 -7 2 -226 -70 38 75 41 554 -33 -2 22 -3 -3
1 19984 -225 18 1 2 0 0 0 0 7 -5 3 -317 -96 N N N N 401 139 51 -72 -72
1 20016 -203 11 1 -1 0 0 0 0 5 -4 0 -494 -148 38 74 40 554 1126 365 67 -179 -179
1 19983 -234 -36 0 1 0 0 0 0 -15 12 -4 -169 -65 N N N N 3017 943 78 -438 -438
1 20016 -218 -40 -2 -2 0 0 0 0 -18 11 -5 -232 -72 39 72 43 554 2115 660 48 -301 -301
1 19984 -243 12 1 1 0 0 0 0 5 -3 2 -448 -150 N N N N 3873 1195 45 -525 -525
1 20017 -216 -43 -3 -1 0 0 0 0 -19 11 -6 -410 -125 39 72 42 553 2963 952 116 -424 -424
1 19983 -226 -44 3 2 0 0 0 0 -21 11 -7 -307 -98 N N N N 3285 1028 60 -437 -437
1 20016 -232 -71 1 0 0 -2 0 0 -35 13 -11 -69 -29 41 74 42 554 2005 640 58 -271 -271
1 19985 -239 -45 0 -2 0 0 0 0 -23 6 -6 -214 -68 N N N N -1346 -394 37 153 153
1 20017 -230 31 0 1 0 0 0 0 16 -4 4 -87 -28 39 72 42 553 -363 -94 36 31 31
1 19983 -241 50 0 1 0 0 0 0 25 -7 8 -110 -36 N N N N 351 119 22 -52 -52
1 20017 -240 65 0 1 0 0 0 0 31 -15 9 -91 -29 38 73 43 553 226 79 22 -37 -37
1 19983 -251 42 -6 -1 0 0 0 0 20 -11 6 -107 -34 N N N N -366 -103 20 38 38
1 20015 -252 22 2 0 0 0 0 0 10 -6 3 -182 -55 39 70 40 553 -645 -181 34 68 68
1 19984 -255 2 3 1 0 0 0 0 0 -1 0 -314 -95 N N N N 180 79 50 -42 -42
1 20016 -251 -17 -1 -2 0 0 0 0 -7 5 -2 -297 -93 42 71 42 553 887 298 54 -131 -131
1 19985 -249 17 -1 2 0 0 0 0 8 -4 2 -194 -62 N N N N 450 168 63 -81 -81
1 20016 -246 -6 0 -3 0 0 0 0 -3 1 0 -214 -69 38 75 43 553 558 189 35 -83 -83
1 19984 -231 -70 3 -2 0 0 0 0 -32 18 -9 -159 -49 N N N N 141 69 53 -38 -38
1 20015 -251 -59 -3 0 0 0 0 0 -29 12 -9 -35 -14 39 72 43 553 207 74 20 -34 -34
1 19985 -250 -39 0 2 0 0 0 0 -19 7 -7 -29 -11 N N N N 305 99 11 -42 -42
1 20015 -238 -31 0 -1 0 0 0 0 -16 4 -5 -19 -6 38 71 42 553 571 181 9 -73 -73
1 19986 -245 11 1 2 0 0 0 0 5 -1 2 -160 -45 N N N N 711 228 17 -95 -95
1 20015 -250 49 -1 -2 0 0 0 0 26 -7 7 -132 -41 38 74 41 553 273 98 29 -44 -44
1 19985 -243 58 1 4 0 0 0 0 28 -12 8 -271 -81 N N N N -174 -36 36 7 7
1 20014 -233 -15 0 -5 0 0 0 0 -7 3 0 -379 -115 39 70 45 553 70 62 79 -40 -40
1 19985 -240 6 -1 1 0 0 0 0 3 -1 0 -74 -29 N N N N 572 198 41 -86 -86
1 20015 -241 92 1 4 0 0 0 0 42 -23 12 -342 -101 39 75 45 553 189 78 40 -39 -39
1 19985 -249 72 2 -2 0 0 0 0 31 -23 9 -237 -80 N N N N 394 156 67 -74 -74
1 20016 -231 4 -3 1 0 0 0 0 1 -2 1 -275 -84 41 74 45 553 605 218 59 -98 -98
1 19983 -228 -143 -1 -2 0 0 0 0 -63 42 -18 -803 -243 N N N N 559 220 89 -103 -103
1 20018 -241 -85 -4 1 0 0 0 0 -41 17 -12 -1029 -304 43 73 49 553 709 336 219 -173 -173
1 19983 -222 70 6 -2 0 0 0 0 35 -13 9 -645 -197 N N N N 1106 407 115 -181 -181
1 20016 -232 95 -2 0 0 0 0 0 43 -26 13 -174 -73 39 75 51 552 703 285 122 -133 -133
1 19983 -230 136 1 2 0 0 0 0 54 -47 15 -525 -156 N N N N 463 193 86 -91 -91
1 20017 -225 81 -2 0 0 0 0 0 27 -34 8 -158 -55 37 77 55 552 393 171 87 -82 -82
1 19983 -212 80 -1 -1 0 0 0 0 21 -37 5 -514 -151 N N N N -172 -13 77 -11 -11
1 23665 -252 16 -1 -130 0 -1379 -1 -2 5 -41 23 -442 -135 40 80 52 552 152 106 106 -61 -61
1 20516 -245 -83 2 -2 0 0 0 0 -21 39 4 -912 -273 N N N N 267 155 131 -85 -85
1 20012 -209 -172 -8 0 0 0 0 0 -60 70 -2 -1952 -529 39 77 56 552 133 185 261 -122 -122
1 20549 -213 -316 0 26 -2 207 2 -1 -151 82 -37 -1458 -410 N N N N 1363 647 381 -320 -320
1 19922 -196 -142 -5 104 2 1197 -1 3 -75 21 -74 -1352 -380 41 79 63 552 2173 880 313 -388 -388
1 19984 -172 -55 -1 -1 0 0 0 0 -28 -4 -9 -766 -245 N N N N 2122 815 215 -340 -340
1 20016 -183 -7 2 1 0 0 0 0 -4 -1 -2 -631 -190 40 80 63 552 3339 1220 214 -478 -478
1 19985 -187 1 3 1 0 0 0 0 0 0 1 -377 -128 N N N N 3446 1216 137 -450 -450
1 20015 -194 1 -1 -3 0 0 0 0 1 1 0 -850 -238 39 80 65 552 2198 796 114 -295 -295
1 19985 -182 27 0 -3 0 0 0 0 14 2 5 -1439 -429 N N N N 2749 1068 243 -407 -407
1 20015 -179 59 -1 6 0 0 0 0 31 3 7 -1336 -410 41 80 68 552 3970 1501 268 -545 -545
1 19984 -154 -78 -5 -1 0 0 0 0 -41 -4 -11 -2703 -748 N N N N 3854 1520 325 -549 -549
1 20015 -159 -145 0 0 0 0 0 0 -73 -24 -19 -1138 -435 39 85 77 552 6686 2710 607 -951 -951
1 9985 -80 -46 0 1 0 0 0 0 -22 -10 -8 -141 -77 N N N N 3585 1337 150 -421 -421
1 10017 -87 -34 -1 -3 0 0 0 0 -15 -9 -4 -197 -81 41 81 82 552 3403 1233 91 -370 -370
1 9983 -84 -34 -4 4 0 0 0 0 -15 -10 -5 -517 -166 N N N N 2884 1046 73 -307 -307
1 10016 -65 -64 -1 -1 0 0 0 0 -27 -21 -6 -1358 -387 41 84 92 552 2507 970 132 -293 -293
1 9984 -69 -30 3 -3 0 0 0 0 -11 -11 -4 -411 -114 N N N N 1969 859 211 -276 -276
1 10016 -47 -11 1 1 0 0 0 0 -4 -4 -1 -57 -38 40 82 92 552 3499 1337 148 -383 -383
1 9985 -57 4 0 3 0 0 0 0 1 1 1 -65 -32 N N N N 3027 1120 83 -305 -305
1 10016 -52 12 -1 -3 0 0 0 0 5 5 1 -88 -35 46 83 90 552 2160 787 42 -208 -208
1 9984 -53 37 3 -1 0 0 0 0 14 13 5 -225 -59 N N N N 1735 636 38 -166 -166
1 10015 -53 64 -2 0 0 0 0 0 27 20 8 -459 -132 41 82 89 551 1275 474 34 -125 -125
1 9984 -50 73 -1 2 0 0 0 0 33 20 8 -904 -245 N N N N 1053 471 109 -138 -138
1 10015 -47 94 2 -2 0 0 0 0 46 19 15 -654 -221 43 80 89 551 1288 597 154 -179 -179
1 13475 -82 156 33 4 70 2 -6 -4 79 15 19 -453 -165 N N N N 2847 1200 209 -331 -331
1 8224 -70 70 11 4 0 0 -36 0 35 0 10 -52 -40 41 85 90 551 1280 556 108 -153 -153
1 7004 -63 59 -8 0 0 -2 -33 0 31 -4 12 -304 -99 N N N N 1734 671 62 -169 -169
1 10051 -85 22 -1 -2 -1 1 -49 0 12 -2 4 -713 -202 42 84 87 551 1711 660 57 -164 -164
1 9965 -84 -34 -2 0 1 -1 -46 0 -18 2 -6 -567 -165 N N N N 1710 742 136 -197 -197
1 9995 -87 -48 -1 -1 0 0 -48 0 -24 4 -9 -408 -125 41 81 86 551 1623 682 104 -175 -175
1 10017 -82 -47 0 3 0 1 -49 0 -25 1 -9 -514 -158 N N N N 1549 681 126 -178 -178
1 10051 -104 -53 -3 -5 0 -2 -50 0 -26 -2 -10 -913 -263 42 84 89 551 1261 561 107 -145 -145
1 9964 -82 -43 -7 5 1 2 -47 0 -23 -3 -6 -855 -262 N N N N 1460 717 183 -195 -195
1 10005 -109 -38 -2 1 -1 -1 -53 1 -20 -4 -5 -1078 -321 39 84 94 551 2173 1003 208 -258 -258
1 16528 -152 55 13 116 0 1382 -15 1 28 6 -55 -1902 -562 N N N N 4109 1904 384 -477 -477
1 10017 -109 62 -2 1 0 0 0 0 32 6 9 -1192 -363 40 87 103 551 4069 1879 355 -453 -453
1 10454 -96 78 5 3 0 0 0 0 40 2 14 -1797 -511 N N N N 6250 2661 326 -584 -584
1 11898 -119 151 -7 0 0 0 0 0 78 -12 28 -602 -274 41 93 114 551 6290 2902 483 -637 -637
1 10322 -104 82 -5 -97 -29 -1397 -1 0 41 -26 61 -702 -258 N N N N 5505 2353 251 -469 -469
1 8954 -56 25 -36 -22 -1 -1 0 2 18 -10 5 -282 -125 42 93 115 551 3728 1615 177 -313 -313
1 10767 -94 -18 8 1 0 0 0 0 -10 5 -1 -495 -181 N N N N 4065 1674 122 -305 -305
1 10016 -87 -124 6 0 0 0 0 0 -62 26 -15 -969 -301 44 93 112 551 3171 1422 175 -267 -267
1 9984 -80 -106 -2 -3 0 0 0 0 -55 10 -14 -427 -146 N N N N 3547 1657 237 -312 -312
1 10016 -69 -51 -13 0 0 0 0 0 -26 2 -8 -265 -124 45 97 113 551 3160 1388 141 -244 -244
1 9984 -78 -63 8 0 0 0 0 0 -34 -1 -10 -212 -79 N N N N 3261 1341 79 -220 -220
1 10016 -75 -69 -3 3 0 0 0 0 -37 -5 -9 -577 -203 41 90 113 551 2847 1203 89 -198 -198
1 9984 -60 -129 -3 0 0 0 0 0 -65 -22 -17 -954 -320 N N N N 3235 1408 125 -231 -231
1 10016 -64 -122 6 -1 0 0 0 0 -56 -32 -16 -637 -245 42 95 113 551 4358 2070 276 -350 -350
1 9984 -68 -70 -2 -1 0 0 0 0 -28 -24 -7 -312 -135 N N N N 4773 2046 148 -312 -313
1 10016 -78 -45 -5 -2 0 0 0 0 -17 -16 -4 -131 -71 43 88 110 551 3497 1526 121 -229 -229
1 9984 -53 -20 4 0 0 0 0 0 -7 -8 -2 -23 -32 N N N N 3131 1300 65 -185 -184
1 10016 -58 -15 -1 2 0 0 0 0 -5 -6 -3 -68 -38 43 92 111 551 3177 1289 44 -176 -176
1 9984 -67 -20 0 2 0 0 0 0 -6 -9 -1 -66 -29 N N N N 2654 1107 55 -151 -151
1 10015 -60 -50 2 0 0 0 0 0 -15 -21 -5 -66 -24 45 92 114 550 2095 858 33 -115 -115
1 9985 -70 -57 0 -1 0 0 0 0 -15 -26 -4 -71 -24 N N N N 1627 660 22 -86 -86
1 10016 -72 -62 0 1 0 0 0 0 -13 -30 -3 -148 -45 42 93 113 550 1201 515 31 -70 -70
1 9984 -57 -55 -1 -3 0 0 0 0 -8 -27 -2 -118 -35 N N N N 947 427 38 -59 -59
1 10016 -66 -47 -1 2 0 0 0 0 -6 -24 -3 -77 -24 44 91 114 550 837 369 28 -51 -51
1 9984 -70 -39 3 1 0 0 0 0 -2 -20 -1 -49 -16 N N N N 733 316 20 -42 -42
1 10015 -83 -39 2 -2 0 0 0 0 -2 -20 -1 -6 0 42 93 114 550 854 360 18 -47 -47
1 9985 -66 -33 -1 -1 0 0 0 0 0 -17 0 -6 -3 N N N N 646 298 29 -41 -41
1 10016 -79 -34 1 0 0 0 0 0 1 -18 -1 -22 -4 45 94 115 550 538 232 14 -31 -31
1 9984 -94 -24 2 2 0 0 0 0 2 -12 -1 -4 0 N N N N 413 175 10 -23 -23
1 10016 -85 -32 -5 0 0 0 0 0 2 -17 2 -35 -9 44 92 114 550 515 228 17 -30 -30
1 9984 -88 -28 -1 2 0 0 0 0 3 -14 1 -5 -1 N N N N 532 214 5 -27 -27
1 10015 -91 -18 4 -3 0 0 0 0 2 -9 -2 -3 -3 42 93 115 550 223 102 10 -14 -14
1 9985 -78 -18 2 4 0 0 0 0 3 -9 1 -17 -4 N N N N 394 153 0 -18 -18
1 10016 -95 -23 -1 -5 0 0 0 0 4 -11 2 -43 -13 45 90 115 550 268 126 13 -17 -17
1 9984 -89 -18 -2 3 0 0 0 0 3 -9 1 -22 -5 N N N N 306 145 16 -20 -20
1 9796 -101 -26 3 0 -3 0 -4 -4 5 -13 0 -78 -23 45 94 111 550 341 151 11 -20 -20
1 9706 -90 -26 -4 1 3 -1 -51 0 6 -12 2 -62 -16 N N N N 238 113 12 -16 -16
1 9231 -90 -12 5 -3 -1 1 -48 1 3 -5 2 -26 -6 42 91 112 550 286 149 22 -21 -21
1 15677 -164 53 2 129 1 1407 -11 1 -11 20 20 -44 -12 N N N N 526 228 14 -30 -30
1 10548 -124 83 4 -4 0 0 0 0 -14 39 -15 -34 -6 44 91 113 550 22 27 11 -5 -5
1 5023 -49 52 -3 11 0 0 0 0 -5 25 -5 -1 -4 N N N N 290 136 14 -18 -18
1 5186 -61 25 -1 -23 0 0 0 0 -2 14 -5 -74 -12 43 94 107 549 112 49 3 -7 -7
1 5028 -58 31 2 12 0 0 0 0 -1 15 -3 18 0 N N N N 140 82 16 -12 -12
1 5796 -75 52 -3 11 0 0 0 0 0 26 -4 -9 -3 44 89 109 549 85 37 2 -5 -5
1 4677 -55 54 -3 -7 0 0 0 0 2 28 -4 12 2 N N N N 153 66 4 -8 -8
1 5937 -65 76 3 3 0 0 0 0 8 38 -7 -19 -2 41 90 108 549 64 27 1 -4 -4
1 5023 -51 48 -11 -7 0 0 0 0 8 25 2 -4 -1 N N N N 189 84 7 -11 -11
1 5798 -76 72 6 11 0 0 0 0 15 33 -8 -37 -5 44 87 108 549 80 27 -2 -2 -2
1 4685 -49 74 -2 1 0 0 0 0 21 33 -3 -83 -20 N N N N 32 28 8 -5 -5
1 5194 -64 91 7 2 0 0 0 0 30 37 0 12 0 45 91 105 549 73 65 21 -12 -12
1 5016 -50 74 -15 -10 0 0 0 0 28 30 8 -1 0 N N N N 70 42 8 -6 -6
1 6193 -56 73 7 5 0 0 0 0 32 22 1 -27 -3 43 90 102 549 176 75 4 -10 -10
1 5160 -52 64 -9 1 0 0 0 0 30 18 5 -11 -4 N N N N 36 20 4 -2 -2
1 5014 -59 46 34 -6 0 0 0 0 21 10 0 1 0 43 88 102 549 31 17 3 -3 -3
1 5086 -59 -2 -16 -28 0 0 0 0 0 2 15 30 4 N N N N 154 71 6 -9 -9
1 5830 -80 35 -22 28 0 0 0 0 18 6 -7 -19 -3 44 94 102 549 -55 -34 -7 5 5
1 4675 -40 67 10 -3 0 0 0 0 34 10 10 -28 -5 N N N N 129 42 -4 -4 -4
1 5199 -63 67 -2 2 0 0 0 0 36 7 4 0 0 44 90 104 549 -34 -2 6 -1 -1
1 5054 -47 63 -5 12 0 0 0 0 33 3 6 -31 -6 N N N N 52 40 11 -7 -7
1 5174 -61 38 8 -8 0 0 0 0 21 0 6 5 3 43 88 100 549 14 6 1 -1 -1
1 5089 -53 38 3 -7 0 0 0 0 19 -1 11 6 0 N N N N 35 19 3 -2 -2
1 5009 -54 34 -11 3 0 0 0 0 20 -3 1 -35 -8 42 89 99 549 -36 -3 6 -1 -1
1 5016 -48 76 12 -5 0 0 0 0 37 -8 17 -7 -2 N N N N 95 25 -7 -2 -2
1 7097 -71 100 -5 -16 0 -206 0 0 50 -20 24 2 1 43 88 97 548 -97 -9 16 -2 -2
1 8972 -89 42 6 -103 0 -1190 -1 2 18 -25 54 11 1 N N N N -15 -2 3 0 0
1 5162 -44 -20 -24 16 0 0 0 0 -5 9 -16 -12 -1 43 91 99 548 210 79 -2 -9 -9
1 5100 -39 3 22 -18 0 0 0 0 -1 -3 13 -1 -1 N N N N -75 -50 -12 8 8
1 5565 -43 46 -7 -1 0 0 0 0 20 -15 7 -2 -1 42 88 95 548 29 10 0 -1 -1
1 4670 -47 29 6 0 0 0 0 0 12 -9 2 -6 1 N N N N -86 -28 3 3 3
1 5180 -42 17 -4 -3 0 0 0 0 6 -7 5 1 0 41 92 99 548 49 34 8 -6 -6
1 5096 -53 -18 -4 6 0 0 0 0 -5 8 -9 7 0 N N N N 130 51 0 -6 -6
1 4932 -39 -13 8 -3 0 0 0 0 -8 3 4 -3 1 42 89 96 548 -130 -58 -4 8 8
1 4955 -51 2 6 2 0 0 0 0 0 0 1 3 -1 N N N N 77 19 -6 -1 -1
1 5005 -50 -9 -14 -16 0 0 0 0 -1 0 1 0 4 43 90 95 548 3 27 15 -6 -6
1 5085 -45 -8 1 8 0 0 0 0 -3 4 -5 -1 -2 N N N N 138 42 -7 -4 -4
1 4940 -37 -2 4 2 0 0 0 0 -3 1 5 1 2 42 89 96 548 29 13 1 -1 -1
1 5083 -62 1 2 11 0 0 0 0 2 2 -9 -9 -4 N N N N 47 14 -2 -1 -1
1 4904 -44 23 -6 -1 0 0 0 0 9 -8 4 7 1 42 88 98 548 -130 -36 8 2 2
1 5084 -43 34 -1 12 0 0 0 0 15 -9 -3 -2 2 N N N N 116 39 -3 -4 -4
1 4940 -58 12 7 -26 0 0 0 0 4 -9 13 12 2 44 89 98 548 17 15 4 -2 -2
1 4948 -55 2 -9 9 0 0 0 0 1 0 -4 0 0 N N N N 7 -1 -1 0 0
1 5048 -38 4 0 2 0 0 0 0 2 -1 -3 -10 -2 51 119 95 547 86 18 -9 0 0
1 4948 -47 -3 2 0 0 0 0 0 -2 1 2 -2 -1 N N N N 55 13 -5 -1 -1
1 5059 -59 7 12 -4 0 0 0 0 1 -3 6 -1 3 44 91 94 547 -104 -19 12 0 0
1 4952 -47 13 -14 4 0 0 0 0 8 -4 -6 2 -1 N N N N 38 22 4 -3 -3
1 5054 -65 -3 9 0 0 0 0 0 -3 1 4 1 0 45 88 98 547 71 23 -2 -3 -3
1 4951 -27 2 -1 -3 0 0 0 0 0 -2 2 -2 1 N N N N 54 19 -1 -2 -2
1 4998 -40 -3 9 1 0 0 0 0 -1 2 -1 5 0 44 94 96 547 -48 -16 1 2 2
1 5096 -53 5 -1 0 0 0 0 0 1 -2 1 1 -1 N N N N 29 27 9 -5 -5
1 4975 -59 9 -11 -9 0 0 0 0 6 -5 0 -6 0 44 90 96 547 112 38 -3 -3 -3
1 6733 -67 32 -1 10 0 0 0 0 10 -11 2 4 1 N N N N -90 -51 -9 7 7
1 5278 -48 21 -11 -4 0 0 0 0 11 -9 -5 -8 0 43 86 105 547 85 41 4 -5 -5
1 5136 -48 28 13 2 0 0 0 0 5 -12 9 13 4 N N N N 23 0 -5 0 0
1 5192 -42 31 -4 4 0 0 0 0 11 -13 -2 -15 -5 44 87 94 547 20 16 5 -2 -2
1 4962 -52 1 11 -14 0 0 0 0 -4 -4 13 11 4 N N N N -100 -41 -1 5 5
1 5028 -44 -9 -8 15 0 0 0 0 2 8 -15 7 2 47 89 94 547 120 66 11 -10 -10
1 5242 -47 -2 2 -17 0 0 0 0 -3 -3 11 -11 -2 N N N N 26 -9 -11 3 3
1 5026 -53 29 0 0 0 0 0 0 9 -13 -1 3 0 43 87 95 547 -9 10 8 -3 -3
1 4949 -52 23 2 28 0 0 0 0 5 -5 -5 -4 -1 N N N N 36 15 0 -1 -1
1 5578 -58 0 4 -5 0 0 0 0 0 -1 1 2 -1 44 89 95 546 52 17 -2 -2 -2
1 4676 -57 23 -7 -10 0 0 0 0 6 -13 3 23 4 N N N N 37 26 7 -4 -4
1 5199 -55 12 -11 9 0 0 0 0 4 -4 -5 -17 -1 44 90 97 546 49 8 -6 0 0
1 4965 -56 37 -2 5 0 0 0 0 10 -17 -4 -1 0 N N N N 4 -10 -7 2 2
1 5011 -52 26 8 0 0 0 0 0 1 -13 9 -5 0 44 87 96 546 -17 -8 0 1 1
1 5094 -46 31 3 -5 0 0 0 0 4 -17 3 -2 0 N N N N -37 1 8 -1 -1
1 4989 -49 -24 -2 -5 0 0 0 0 -2 11 -3 0 -1 43 89 95 546 8 5 1 -1 -1
1 4965 -48 -7 -2 -19 0 0 0 0 -2 -1 4 0 1 N N N N -80 -26 3 2 2
1 4949 -52 -22 7 16 0 0 0 0 -4 15 -4 -5 0 45 90 96 546 91 35 0 -4 -4
1 5099 -66 10 -3 4 0 0 0 0 1 -4 3 1 1 N N N N 73 26 -1 -2 -2
1 5027 -44 -3 -4 2 0 0 0 0 2 2 -6 0 -1 45 90 95 546 -59 -16 4 1 1
1 4961 -64 1 10 -1 0 0 0 0 -4 -1 11 4 0 N N N N 149 52 -3 -6 -6
1 4923 -63 52 -2 1 0 0 0 0 10 -26 -5 -1 2 43 89 95 546 -79 -24 3 3 3
1 5101 -58 32 -12 -2 0 0 0 0 7 -17 -7 2 1 N N N N 56 18 -2 -2 -2
1 4877 -44 11 0 -5 0 0 0 0 0 -7 1 3 -1 42 89 96 545 -45 -15 1 1 1
1 5087 -62 20 10 -2 0 0 0 0 -3 -11 12 1 2 N N N N -16 -7 0 1 1
1 4917 -57 26 -10 9 0 0 0 0 5 -12 -8 0 -1 43 92 96 545 183 67 -3 -7 -7
1 5100 -37 11 10 -5 0 0 0 0 -2 -7 6 1 1 N N N N -66 -24 1 3 3
1 5003 -69 -3567 -3 5 0 0 0 0 3 -16 -5 -1 -1 44 89 95 545 -3 0 1 -1 -1
1 4951 -44 7 -3 4 0 0 0 0 1 -3 -3 2 0 N N N N 45 12 -3 0 0
1 4986 -37 -5 -5 -12 0 0 0 0 -5 0 8 -2 2 41 87 95 545 18 17 6 -3 -3
1 4947 -54 -2 4 5 0 0 0 0 3 2 -6 0 2 N N N N -14 -17 -7 3 3
1 5022 -64 13 20 3 0 0 0 0 -6 -6 13 -1 0 43 88 95 545 -64 -14 7 0 0
1 5078 -49 10 -15 -12 0 0 0 0 4 -8 -10 1 -1 N N N N 48 24 2 -3 -3
1 4955 -44 -4 -9 -1 0 0 0 0 4 2 -7 0 0 47 92 92 545 62 17 -4 -1 -1
1 10512 -112 3558 1 -37 -1 -237 0 -3 2 15 -3 22 7 N N N N -60 -20 2 2 2
1 9127 -89 -72 -21 -60 1 -1172 0 1 -2 26 1 -3 0 44 90 107 545 61 -7 -17 4 4
1 5603 -52 -30 12 -13 0 0 0 0 -8 10 15 7 1 N N N N 317 147 14 -20 -20
1 5795 -69 -74 -3 -10 0 0 0 0 -10 36 3 -1 1 43 92 98 545 -178 -70 -1 8 8
1 4670 -29 9 18 15 0 0 0 0 1 -1 -1 19 6 N N N N 19 3 -2 1 1
1 5197 -46 -49 20 -14 0 0 0 0 -16 18 15 2 -2 42 90 95 544 -23 -11 -2 1 1
1 5084 -57 -50 -29 -20 0 0 0 0 0 26 -17 -17 -4 N N N N 10 7 2 -1 -1
1 4935 -58 -85 -26 8 0 0 0 0 -19 45 -16 -4 -1 45 94 100 544 -28 -16 -3 2 2
