version: 66.14
glider: 195
mission: 21
dive: 617
start: 9 15 105 18 0 22
columns: rec,elaps_tms,depth,heading,pitch,roll,AD_pitch,AD_roll,AD_vbd,GC_phase,mag.x,mag.y,mag.z,sbect.TempFreq,sbect.CondFreq,wlbb2fl.sig470nm,wlbb2fl.sig700nm,wlbb2fl.sig695nm,wlbb2fl.temp,aa4330.O2,aa4330.AirSat,aa4330.Temp,aa4330.CalPhase,aa4330.TCPhase,
data:
0 17260 20 557 -548 -125 144 1813 919 6 184 -278 -155 172362 135230 N N N N 244438 97829 26743 29020 30426
1 10000 8 -92 2 169 0 0 0 0 25 3 41 174 -10 N N N N -98 -139 -58 26 26
1 9999 -3 18 -22 -206 0 0 0 0 -2 37 -70 43 13 N N N N 275 -36 -82 19 19
1 10000 2 -199 -34 245 0 0 0 0 24 21 7 46 -8 N N N N -61 -55 -17 9 9
1 10000 -2 241 50 -160 0 0 0 0 -18 -51 56 251 -18 N N N N 101 229 106 -45 -45
1 10002 -6 -64 13 45 0 0 0 0 2 7 -17 -239 -12 N N N N 1635 43 -344 57 57
1 8689 10 -132 62 27 0 0 24 -4 25 42 -23 671 -29 N N N N 503 348 84 -53 -53
1 9994 3 243 -27 102 -4 1 255 0 -55 -87 121 -1276 26 N N N N -4856 -685 714 -53 -53
1 9968 24 170 -112 -154 1 -1 247 0 -58 -30 -40 972 -25 N N N N 166 247 103 -45 -45
1 9975 35 -221 -30 136 0 0 241 0 50 37 -33 -727 15 N N N N -88 98 77 -25 -25
1 10043 24 245 -30 -412 0 1 258 0 -34 18 -80 265 -8 N N N N 297 167 27 -23 -23
1 10070 38 -337 -36 481 -1 0 272 0 29 -10 48 -396 -5 N N N N 120 115 37 -20 -20
1 9995 68 4 -5 -111 -2 0 268 0 2 26 -40 313 -18 N N N N 580 228 -4 -24 -24
1 16215 278 1 -4 16 1016 0 160 -1 9 -3 9 -1017 -50 N N N N -264 -88 11 8 8
1 8418 173 44 393 -85 1372 0 116 1 47 -2 132 20 -2 N N N N -281 -117 -2 13 13
1 9746 145 19 85 -5 -3 0 417 0 -12 -11 27 -102 0 N N N N 25 7 -2 -1 -1
1 12421 191 -16 -12 139 -6 1379 229 2 7 14 44 1 -9 N N N N -172 -69 1 8 8
1 10818 178 -45 12 -7 0 0 0 0 15 13 -12 88 -1 N N N N -13 -13 -5 2 2
1 10001 162 -133 1 -5 0 0 0 0 43 52 -23 -78 4 N N N N -180 -80 -4 10 10
1 10000 154 -113 11 -3 0 0 0 0 24 49 -24 12 -4 N N N N 177 65 -3 -7 -7
1 9999 163 -122 -4 14 0 0 0 0 16 63 -7 6 6 N N N N -216 -98 -6 12 12
1 10000 170 3460 -9 -4 0 0 0 0 0 72 -17 -1 3 N N N N 12 0 -3 1 1
1 10000 163 -161 14 2 0 0 0 0 -22 83 3 1 2 N N N N 5 2 0 -1 -1
1 10000 150 -135 -14 -4 0 0 0 0 -35 61 1 0 4 N N N N -65 -30 -2 4 4
1 9373 147 -93 -1 -8 0 0 0 0 -32 37 9 -14 -3 N N N N -30 -13 -1 2 2
1 10627 169 -112 -25 10 0 0 0 0 -43 36 -1 0 -20 N N N N -87 -35 1 3 3
1 10000 176 -67 31 -3 0 0 0 0 -32 19 22 12 14 N N N N 74 30 -1 -3 -3
1 10525 174 -103 -1 -31 -1 -193 2 -1 -49 20 28 0 5 N N N N -140 -61 -2 7 7
1 8915 147 -35 47 -87 55 -1208 0 3 -24 -9 60 -6 -6 N N N N -79 -35 -2 4 4
1 10798 146 -107 -18 -1 0 0 0 0 -51 5 16 400 4 N N N N -91 -39 -1 5 5
1 10000 138 -75 18 1 0 0 0 0 -40 -5 17 -180 2 N N N N 155 63 0 -7 -7
1 10000 141 -20 -4 1 0 0 0 0 -10 0 1 -167 -1 N N N N -55 -23 0 3 3
1 10000 135 19 -2 -7 0 0 0 0 10 0 0 -39 -4 N N N N -165 -67 -1 7 7
1 10000 137 63 -4 -4 0 0 0 0 33 1 -7 -12 -1 N N N N -76 -33 -1 4 4
1 10000 144 62 3 5 0 0 0 0 31 2 -13 -2 0 N N N N 69 28 0 -3 -3
1 10000 130 91 1 -3 0 0 0 0 45 -7 -16 -2 -1 N N N N 9 2 0 0 0
1 10000 138 104 8 -2 0 0 0 0 48 -16 -18 0 1 N N N N 75 34 1 -4 -4
1 9999 135 128 -3 -2 0 0 0 0 58 -32 -20 1 -5 N N N N -272 -116 -3 13 13
1 10001 134 58 -17 5 0 0 0 0 24 -19 -15 4 -2 N N N N -47 -18 0 2 2
1 9999 142 62 3 -2 0 0 0 0 21 -23 -9 0 0 N N N N -114 -47 0 5 5
1 10001 128 61 13 3 0 0 0 0 20 -25 -2 6 3 N N N N 59 24 0 -2 -2
1 9999 140 80 2 -6 0 0 0 0 21 -36 -6 -9 -5 N N N N -49 -20 0 2 2
1 10001 140 72 -8 0 0 0 0 0 14 -35 -11 -2 0 N N N N -89 -34 1 3 3
1 9999 127 56 3 2 0 0 0 0 8 -28 -4 -1 4 N N N N 172 68 -1 -7 -7
1 20000 274 -3453 10 1 0 0 0 0 6 -77 -2 12 -2 N N N N -137 -56 0 6 6
1 23646 297 3568 -21 126 -8 1398 1 -2 1 18 -11 -2 1 N N N N -98 -43 -2 5 5
1 20000 269 -249 2 -1 0 0 0 0 -30 127 -11 10 -3 N N N N -223 -92 -1 11 11
1 20000 272 -224 8 3 0 0 0 0 -72 95 15 -5 1 N N N N -189 -79 -1 9 9
1 20595 269 -279 -15 -25 0 -200 0 -1 -125 67 43 7 -2 N N N N -92 -41 -2 5 5
1 19878 276 -242 -3 -97 0 -1190 0 3 -119 -16 94 -13 5 N N N N -100 -42 -1 5 5
1 19999 275 -168 10 -3 0 0 0 0 -81 -31 27 4 -5 N N N N -96 -41 -1 4 4
1 20002 254 -131 4 1 0 0 0 0 -54 -38 16 3 -2 N N N N -53 -20 0 2 2
1 19999 264 -152 -3 2 0 0 0 0 -49 -57 15 18 5 N N N N -41 -25 -5 4 4
1 20001 271 -80 7 -9 0 0 0 0 -22 -38 4 61 9 N N N N -255 -124 -12 16 16
1 19999 240 -75 -3 2 0 0 0 0 -12 -34 5 4034 248 N N N N -213 -559 -272 112 112
1 20001 194 -245 -20 8 0 0 0 0 -7 -117 7 12831 1637 N N N N -441 -3920 -2174 856 856
1 19998 145 -12 10 -3 0 0 0 0 -5 -7 -6 9107 2701 N N N N -5750 -7076 -2917 1463 1463
1 20000 150 115 8 -8 0 0 0 0 -2 54 1 3094 1189 N N N N -12739 -7400 -1757 1405 1405
1 25058 198 188 -22 -119 0 -1379 1 -2 31 43 21 4116 1697 N N N N -16178 -7612 -1316 1484 1484
1 20001 150 32 7 7 0 0 0 0 3 18 -2 2516 680 N N N N -11242 -4727 -633 960 960
1 20000 144 67 7 -3 0 0 0 0 15 28 1 944 819 N N N N -11755 -4593 -470 963 963
1 20000 164 128 -9 -2 0 0 0 0 42 51 1 1618 966 N N N N -9818 -3727 -351 823 823
1 20000 110 263 1 -5 0 0 0 0 109 75 -21 4045 1192 N N N N -8588 -3613 -654 914 914
1 19999 125 -64 -1 8 0 0 0 0 -29 -11 5 1461 915 N N N N -11262 -4192 -454 1054 1054
1 20000 145 226 4 -5 0 0 0 0 107 36 -31 268 798 N N N N -14675 -5095 -315 1325 1325
1 20001 129 117 -5 8 0 0 0 0 59 5 -26 2041 303 N N N N -8494 -2964 -234 837 837
1 21942 139 85 1 -4 0 0 0 0 41 -6 -16 1744 389 N N N N -11521 -4124 -498 1276 1276
1 18678 119 186 10 133 51 1391 2 0 82 -15 -92 691 568 N N N N -7501 -2610 -283 848 848
1 21321 121 152 48 -20 1 -1 -1 2 53 -56 3 1335 481 N N N N -7263 -2518 -300 862 862
1 20002 110 134 -2 1 0 0 0 0 37 -59 -14 537 371 N N N N -6651 -2231 -201 783 783
1 19999 92 50 1 4 0 0 0 0 11 -24 -4 -59 269 N N N N -12345 -3937 -104 1413 1413
1 20001 110 65 -2 0 0 0 0 0 9 -33 -5 61 210 N N N N -11859 -3773 -114 1471 1471
1 19999 103 19 3 -1 0 0 0 0 2 -10 0 198 199 N N N N -7939 -2509 -61 1043 1043
1 20000 127 16 -1 0 0 0 0 0 1 -8 -2 268 187 N N N N -4086 -1289 -31 560 560
1 20001 102 40 2 -1 0 0 0 0 3 -21 -1 94 135 N N N N -3040 -952 -10 421 421
1 20000 102 -106 -7 7 0 0 0 0 -10 55 3 800 155 N N N N -1604 -522 -59 244 244
1 19998 100 -28 9 -3 0 0 0 0 -5 14 5 1380 118 N N N N -3744 -1271 -296 633 633
1 24004 131 28 -13 121 -8 1381 2 -2 5 -9 -24 346 208 N N N N -3752 -1208 -144 592 592
1 20347 127 -88 5 3 0 0 0 0 -16 44 -1 314 140 N N N N -2625 -830 -66 411 411
1 20295 100 -140 -1 0 0 0 0 0 -40 63 2 245 165 N N N N -2280 -720 -59 362 362
1 20357 122 -144 2 1 0 0 0 0 -55 53 8 311 174 N N N N -1432 -454 -49 234 234
1 20348 103 -72 -1 -3 0 0 0 0 -32 21 5 532 130 N N N N -1385 -446 -73 235 235
1 20918 119 -77 -2 -36 0 -198 1 -1 -36 15 26 412 108 N N N N -1380 -453 -113 248 248
1 19437 101 20 -7 -86 0 -1205 -1 3 11 -15 37 739 119 N N N N -1429 -455 -71 244 244
1 19999 120 -21 6 1 0 0 0 0 -11 4 5 211 153 N N N N -1483 -479 -107 265 265
1 20001 137 -20 0 -3 0 0 0 0 -10 2 3 152 135 N N N N -2802 -869 -66 467 467
1 20000 125 -151 -1 -2 0 0 0 0 -77 14 22 693 160 N N N N -1562 -490 -66 272 272
1 19999 122 -183 1 3 0 0 0 0 -92 -11 28 816 153 N N N N -1149 -378 -142 225 225
1 20001 133 -113 6 2 0 0 0 0 -55 -20 14 576 137 N N N N -356 -139 -153 97 97
1 20000 126 -67 -1 -2 0 0 0 0 -30 -17 7 58 112 N N N N -71 -35 -69 28 28
1 20000 139 -32 1 1 0 0 0 0 -14 -9 2 210 130 N N N N 56 -1 -90 14 14
1 20001 147 -17 4 2 0 0 0 0 -7 -5 2 71 119 N N N N -108 -41 -40 27 27
1 24702 148 112 -21 -125 0 -1367 1 -2 54 -11 41 129 97 N N N N -1344 -414 -54 234 234
1 20003 130 191 3 1 0 0 0 0 91 35 -21 123 73 N N N N -2493 -754 -27 422 422
1 19997 113 204 3 -2 0 0 0 0 103 4 -32 207 80 N N N N -1646 -498 -28 285 285
1 21093 122 124 -3 37 0 206 2 -1 61 -8 -38 234 78 N N N N -1526 -462 -30 267 267
1 18909 95 89 5 88 -9 1178 -2 3 39 -6 -51 184 39 N N N N -2040 -615 -26 360 360
1 20001 91 19 4 2 0 0 0 0 8 -5 -2 156 0 N N N N -2425 -731 -36 434 434
1 20000 116 81 -2 -2 0 0 0 0 32 -27 -12 373 56 N N N N -1428 -437 -86 271 271
1 19997 86 31 0 0 0 0 0 0 12 -11 -3 164 26 N N N N -559 -174 -61 112 112
1 20002 99 132 0 0 0 0 0 0 40 -56 -14 320 96 N N N N -431 -135 -66 89 89
1 19998 97 80 3 -2 0 0 0 0 18 -38 -6 641 74 N N N N 431 120 -71 -65 -65
1 20002 90 101 1 2 0 0 0 0 14 -51 -6 280 105 N N N N 849 244 -75 -138 -138
1 20000 101 -3495 0 -1 0 0 0 0 3 -55 -5 22 122 N N N N 1088 318 -43 -184 -184
1 19998 103 78 -2 1 0 0 0 0 -4 -41 -1 83 51 N N N N 932 273 -25 -158 -158
1 23650 112 63 -13 122 -11 1391 1 -2 -7 -27 11 462 124 N N N N 828 239 -50 -134 -134
1 20000 101 -51 8 0 0 0 0 0 6 26 -3 249 71 N N N N 730 209 -51 -116 -116
1 20000 109 3488 -1 -1 0 0 0 0 6 58 -11 92 8 N N N N 416 116 -47 -62 -62
1 19999 106 -125 -1 2 0 0 0 0 -9 65 -9 90 95 N N N N 96 25 -27 -11 -11
1 20002 118 -129 3 -1 0 0 0 0 -24 64 -1 198 73 N N N N -122 -42 -36 29 29
1 19999 108 -151 -2 3 0 0 0 0 -46 66 2 43 53 N N N N -224 -70 -31 44 44
1 20000 123 -150 1 -1 0 0 0 0 -61 51 10 170 63 N N N N -425 -129 -26 78 78
1 20380 115 -146 -7 -33 -1 -207 1 -1 -68 31 30 23 43 N N N N -179 -55 -16 34 34
1 20325 127 -119 -2 -90 1 -1188 -1 3 -59 -2 64 -27 47 N N N N 236 69 -8 -39 -39
1 20001 118 -102 6 4 0 0 0 0 -53 0 16 130 32 N N N N 528 154 -10 -88 -88
1 19999 137 -23 3 -4 0 0 0 0 -13 -2 3 4 26 N N N N 320 93 -9 -53 -53
1 20000 147 -44 3 5 0 0 0 0 -22 -3 6 60 19 N N N N 228 64 -15 -35 -35
1 20001 159 -4 1 -6 0 0 0 0 -3 -2 2 11 25 N N N N 72 22 4 -13 -13
1 19999 147 43 0 -1 0 0 0 0 22 4 -6 -59 23 N N N N 499 143 -25 -79 -79
1 20000 138 39 -1 5 0 0 0 0 20 3 -7 260 13 N N N N 639 185 -21 -103 -103
1 20001 159 97 0 -3 0 0 0 0 50 1 -14 74 20 N N N N 653 189 -20 -105 -105
1 19999 145 110 3 0 0 0 0 0 55 -10 -16 70 35 N N N N 752 216 -27 -119 -119
1 20001 156 65 -4 -2 0 0 1 0 32 -11 -11 225 4 N N N N 624 178 -31 -97 -97
1 20000 152 86 2 0 0 0 0 0 39 -20 -13 99 37 N N N N 720 206 -29 -111 -111
1 19999 150 37 -1 6 0 0 0 0 17 -11 -5 111 19 N N N N 837 242 -21 -132 -132
1 20000 134 86 0 -3 0 0 0 0 34 -28 -11 111 37 N N N N 563 161 -23 -86 -86
1 20001 145 71 0 0 0 0 0 0 26 -27 -8 59 31 N N N N 584 169 -15 -91 -91
1 20000 141 69 5 -2 0 0 0 0 20 -29 -8 -142 47 N N N N 497 139 -31 -72 -72
1 20000 148 68 0 2 0 0 0 0 17 -31 -6 209 50 N N N N 697 197 -36 -103 -103
1 20000 134 30 -2 1 0 0 0 0 6 -15 -2 297 42 N N N N 671 190 -31 -99 -99
1 20000 138 62 2 -3 0 0 0 0 10 -31 -4 150 55 N N N N 931 262 -48 -134 -134
1 21763 148 -41 -15 121 -9 1390 0 -2 -5 25 -23 526 56 N N N N 917 262 -29 -137 -137
1 20355 132 -145 3 1 0 0 0 0 -35 69 -1 237 47 N N N N 877 245 -49 -123 -123
1 20408 135 -163 2 -4 0 0 0 0 -57 65 9 208 62 N N N N 866 242 -46 -122 -122
1 20354 122 -144 -4 3 0 0 0 0 -63 42 12 140 62 N N N N 693 194 -34 -97 -97
1 16539 109 -98 14 -116 39 -1377 0 2 -50 4 72 219 36 N N N N 411 112 -32 -54 -54
1 20817 119 -132 14 1 0 0 0 0 -70 9 20 146 66 N N N N 569 158 -32 -78 -78
1 19999 108 -24 7 -3 0 0 0 0 -14 0 5 -577 54 N N N N 747 210 -31 -104 -104
1 20000 121 44 -1 2 0 0 0 0 23 -1 -6 -8783 42 N N N N 687 192 -29 -95 -95
1 20001 130 82 2 -2 0 0 0 0 42 -5 -10 4994 54 N N N N 719 204 -18 -102 -102
1 20001 128 88 0 -2 0 0 0 0 44 -12 -12 -145 50 N N N N 502 139 -25 -68 -68
1 19999 116 79 2 4 0 0 0 0 38 -16 -10 1558 37 N N N N 641 180 -20 -89 -89
1 19999 145 109 -1 -3 0 0 0 0 48 -31 -13 -8038 40 N N N N -3 -4 -12 4 4
1 20001 113 98 -2 3 0 0 0 0 37 -36 -11 -181 2 N N N N -653 -191 -10 99 99
1 20000 124 40 4 -1 0 0 0 0 13 -16 -3 4764 27 N N N N -837 -248 -26 131 131
1 24528 154 14 -13 117 -7 1367 0 -2 6 2 -42 6549 44 N N N N -451 -140 -36 77 77
1 20413 126 -109 0 -3 0 0 0 0 -38 44 5 34 24 N N N N -25 -14 -31 12 12
1 20350 133 -132 4 3 0 0 0 0 -56 44 9 698 29 N N N N 291 79 -19 -38 -38
1 21439 125 -150 2 -32 0 -192 -1 -1 -73 30 28 209 29 N N N N 396 111 -12 -56 -56
1 19035 124 -147 -68 -83 -97 -1194 1 3 -61 -3 57 57 44 N N N N -148 -42 0 22 22
1 19998 152 -144 1 -5 0 0 0 0 -72 -10 28 74 28 N N N N -445 -130 -6 68 68
1 40001 286 -102 6 2 0 0 0 0 -49 -16 16 22 39 N N N N -1033 -300 -11 157 157
1 39999 296 -8 0 -3 0 0 0 0 -4 -3 2 10 16 N N N N -2857 -824 -1 431 431
1 40000 283 -26 -1 5 0 0 0 0 -10 -5 4 70 13 N N N N -2068 -600 -15 322 322
1 40002 308 -5 3 -3 0 0 0 0 -4 -2 0 55 15 N N N N -598 -176 -16 96 96
1 42999 303 204 30 -125 79 -1395 0 -2 90 -4 25 132 12 N N N N -4 -8 -35 10 10
1 42139 293 380 6 31 1 199 1 -1 187 -16 -76 94 21 N N N N 155 41 -23 -19 -19
1 37861 259 235 4 94 -8 1192 -1 3 90 -65 -67 91 32 N N N N 224 62 -11 -32 -32
1 40000 268 236 3 -3 0 0 0 0 48 -113 -18 50 26 N N N N 390 108 -21 -55 -55
1 40000 280 -3420 2 1 0 0 0 0 1 -95 -5 -657 34 N N N N 134 36 -12 -18 -18
1 39999 276 15 2 1 0 0 0 0 -1 -8 1 -3312 21 N N N N -462 -137 -20 76 76
1 40001 279 68 1 -1 0 0 0 0 -9 -35 1 2556 42 N N N N -1488 -435 -38 240 240
1 44822 320 3410 -10 127 -11 1413 0 -2 14 105 -8 1870 42 N N N N -1341 -391 -35 218 218
1 40001 285 -212 1 2 0 0 0 0 -28 108 -9 244 28 N N N N -1104 -322 -31 181 181
1 40000 300 -252 0 -1 0 0 0 0 -81 106 7 244 40 N N N N -1028 -300 -31 171 171
1 44536 314 -272 -5 -134 1 -1421 0 2 -126 46 92 146 68 N N N N 1986 562 -40 -305 -305
1 40817 278 -173 8 8 0 0 0 0 -90 5 23 64 60 N N N N 1419 400 -29 -215 -215
1 40000 293 -53 2 -3 0 0 0 0 -28 -5 7 -310 51 N N N N 878 246 -26 -130 -130
1 40001 281 -15 -1 2 0 0 0 0 -7 -1 3 -750 42 N N N N 713 199 -23 -103 -103
1 39999 284 -3 1 0 0 0 0 0 -2 -1 0 -258 31 N N N N 797 225 -14 -119 -119
1 40001 288 -26 -2 2 0 0 0 0 -12 -3 3 -187 26 N N N N -407 -120 -21 67 67
1 44235 344 273 -17 -128 0 -1376 0 -2 142 -23 16 1963 18 N N N N -478 -140 -17 78 78
1 42293 307 314 12 126 -8 1389 0 2 141 -43 -102 -556 32 N N N N -740 -216 -22 118 118
1 39998 298 166 1 1 0 0 0 0 54 -67 -19 -1472 32 N N N N -944 -272 -17 150 150
1 40000 296 102 0 1 0 0 0 0 22 -49 -7 227 41 N N N N -749 -220 -35 124 124
1 40000 282 168 -2 -1 0 0 0 0 15 -87 -11 919 43 N N N N 129 31 -30 -13 -13
1 40002 310 -3492 4 -4 0 0 0 0 -5 -57 0 -629 45 N N N N -1197 -344 -22 192 192
1 41175 307 3429 -13 127 -11 1401 0 -2 3 94 -12 1908 24 N N N N -67 -23 -19 14 14
1 40356 296 -262 5 1 0 0 0 0 -50 129 -3 578 29 N N N N 1674 471 -28 -253 -253
1 40349 307 -282 2 -4 0 0 0 0 -112 99 18 111 33 N N N N 1417 400 -16 -214 -214
1 42591 283 -234 20 -118 32 -1408 0 2 -120 15 95 20 34 N N N N -838 -241 -14 131 131
1 40001 295 -13 3 -5 0 0 0 0 -8 1 2 -1228 30 N N N N -3759 -1070 -15 589 589
1 39999 260 35 -1 4 0 0 0 0 19 -1 -5 -151 27 N N N N -1667 -476 -21 268 268
1 40000 265 56 -2 0 0 0 0 0 29 -4 -8 -2078 25 N N N N 751 210 -17 -115 -115
1 40000 256 -11 2 -3 0 0 0 0 -6 2 2 3328 28 N N N N 2190 618 -20 -340 -340
1 44941 297 148 -16 -121 1 -1377 -1 -2 77 -46 29 623 28 N N N N -1306 -376 -35 212 212
1 44531 278 336 7 124 -7 1394 0 2 130 -87 -94 106 37 N N N N -775 -222 -13 125 125
1 39998 253 198 4 0 0 0 0 0 38 -97 -12 -234 28 N N N N -508 -146 -14 83 83
1 39998 270 -3404 0 0 0 0 0 0 0 -103 -6 -931 21 N N N N 1054 296 -17 -162 -162
1 40000 265 146 3 -1 0 0 0 0 -24 -74 3 -1298 31 N N N N 1326 372 -20 -204 -204
1 40002 278 -10 -1 0 0 0 0 0 2 5 0 2249 27 N N N N 1978 555 -20 -301 -301
1 41295 289 3367 -13 123 -10 1396 -1 -2 27 126 -8 514 20 N N N N 1455 409 -13 -219 -219
1 40352 294 -266 2 3 0 0 0 0 -34 135 -12 219 23 N N N N 20 3 -14 1 1
1 40354 275 -286 3 -1 0 0 0 0 -103 112 11 178 22 N N N N -1707 -486 -22 265 265
1 44705 319 -291 -9 -121 0 -1402 0 2 -141 32 94 71 40 N N N N -2712 -769 -20 425 425
1 40000 282 -173 10 0 0 0 0 0 -90 -10 25 -615 31 N N N N -1663 -472 -17 265 265
1 40001 289 -63 0 0 0 0 0 0 -31 -9 8 353 25 N N N N -1091 -310 -13 175 175
1 40001 298 49 4 -3 0 0 0 0 23 7 -5 -1736 27 N N N N -490 -143 -33 85 85
1 39998 286 73 -2 0 0 0 0 0 37 8 -10 -527 45 N N N N -741 -213 -32 125 125
1 44058 338 296 -17 -124 0 -1390 0 -2 154 -41 10 3044 29 N N N N -1282 -363 -18 210 210
1 41117 288 352 10 122 -9 1398 -1 2 139 -86 -100 67 37 N N N N -794 -226 -17 132 132
1 39999 282 150 3 2 0 0 0 0 33 -71 -10 -2753 36 N N N N -3423 -965 -20 567 567
1 40002 298 51 -1 -2 0 0 0 0 7 -26 -4 -1079 34 N N N N -1366 -386 -26 233 233
1 39998 302 48 1 3 0 0 0 0 4 -25 -3 2324 51 N N N N -3512 -989 -32 602 602
1 40002 299 -3534 1 -2 0 0 0 0 2 -35 -2 774 39 N N N N 2444 684 -24 -414 -414
1 43943 313 3372 -16 126 -10 1389 0 -2 -23 122 -20 1365 49 N N N N 1852 516 -34 -305 -305
1 40411 320 -328 4 -2 0 0 0 0 -111 133 15 377 50 N N N N -1942 -547 -32 331 331
1 42530 326 -263 -1 -119 0 -1398 0 2 -128 32 90 -1492 60 N N N N -3148 -885 -40 543 543
1 40000 311 -109 8 -1 0 0 0 0 -57 0 18 1255 60 N N N N -2287 -642 -40 403 403
1 40000 311 15 0 -4 0 0 0 0 7 0 -1 -1800 67 N N N N -1275 -358 -40 229 229
1 40000 304 -104 -4 4 0 0 0 0 -51 -8 14 2634 57 N N N N -588 -166 -32 107 107
1 40000 296 -55 2 0 0 0 0 0 -28 -8 7 98 31 N N N N 1865 520 -15 -326 -326
1 44706 359 232 -22 -125 0 -1378 -1 -2 122 -15 24 210 21 N N N N 2002 558 -19 -345 -345
1 42175 332 364 3 122 -10 1378 0 2 170 -36 -116 111 36 N N N N 1162 322 -22 -196 -196
1 39999 300 230 11 -1 0 0 0 0 72 -94 -23 -41 26 N N N N 276 77 -11 -45 -45
1 40003 307 190 3 0 0 0 0 0 27 -96 -12 -1004 26 N N N N 1194 331 -18 -200 -200
1 40000 309 -3530 2 -2 0 0 0 0 1 -37 -1 897 27 N N N N 831 231 -11 -138 -138
1 39999 310 13 1 4 0 0 0 0 -1 -7 0 -1657 17 N N N N 152 41 -16 -23 -23
1 40000 323 101 -2 -4 0 0 0 0 -8 -53 -1 -2553 33 N N N N -1411 -395 -24 241 241
1 45999 338 3414 -16 128 -10 1402 -1 -2 8 101 -12 4836 51 N N N N -1470 -412 -48 255 255
1 40001 308 -318 5 -1 0 0 0 0 -63 155 -3 395 55 N N N N -1024 -287 -31 179 179
1 43187 310 -349 0 -34 0 -195 -1 -1 -150 103 46 253 61 N N N N -566 -159 -40 103 103
1 36812 286 -170 1 -88 0 -1209 0 3 -86 -3 73 -23 59 N N N N -504 -142 -41 91 91
1 40001 307 61 2 -5 0 0 0 0 30 -2 -9 -1434 44 N N N N -546 -153 -23 97 97
1 39999 313 165 2 1 0 0 0 0 83 -17 -26 -1733 62 N N N N -87 -27 -60 22 22
1 40002 298 8 1 3 0 0 0 0 4 -1 -2 3206 85 N N N N -171 -50 -57 37 37
1 39998 314 2 -2 3 0 0 0 0 1 -1 0 502 87 N N N N 971 266 -40 -162 -162
1 40000 296 8 2 -4 0 0 0 0 4 -1 -1 524 55 N N N N 945 259 -31 -157 -157
1 40001 320 -11 2 -2 0 0 0 0 -6 2 2 148 57 N N N N 1291 353 -37 -213 -213
1 40000 301 -65 -3 5 0 0 0 0 -31 10 9 391 60 N N N N 724 197 -39 -115 -115
1 40000 304 -110 0 1 0 0 0 0 -56 9 17 -75 60 N N N N -325 -92 -39 59 59
1 39999 310 -32 1 -2 0 0 0 0 -17 0 6 215 48 N N N N -264 -74 -20 47 47
1 44978 351 291 -20 -97 -2 -1193 0 -3 146 -53 -11 341 33 N N N N -470 -131 -29 83 83
1 39434 299 225 33 95 23 1197 -2 3 84 -61 -59 -694 46 N N N N 629 170 -38 -100 -100
1 40000 305 50 0 0 0 0 0 0 15 -22 -5 591 61 N N N N 1632 445 -37 -264 -264
1 40001 297 -80 1 4 0 0 0 0 -25 34 8 751 63 N N N N 795 214 -42 -124 -124
1 39999 302 46 0 -5 0 0 0 0 15 -19 -4 -344 63 N N N N 788 213 -28 -124 -124
1 39998 317 -54 1 -3 0 0 0 0 -18 22 6 453 49 N N N N 380 102 -30 -57 -57
1 43180 317 -227 -12 130 -8 1404 0 -2 -92 83 -31 398 56 N N N N -426 -121 -39 75 75
1 41822 306 -269 -1 -123 0 -1414 -1 2 -134 16 99 -219 51 N N N N -124 -35 -20 24 24
1 39998 299 -80 4 0 0 0 0 0 -42 -3 12 228 45 N N N N 276 73 -21 -42 -42
1 40004 317 19 6 -2 0 0 0 0 8 1 -3 113 34 N N N N 598 159 -42 -89 -89
1 39997 318 78 -3 -1 0 0 0 0 41 2 -10 -2947 61 N N N N 291 74 -44 -40 -40
1 40001 305 56 0 0 0 0 0 0 29 -2 -8 3046 55 N N N N 208 56 -23 -29 -29
1 46423 354 295 -19 6 -9 9 0 0 143 -51 -55 822 51 N N N N 39 6 -43 1 1
1 40812 310 239 12 -5 0 0 0 0 82 -93 -21 -960 58 N N N N -181 -52 -31 34 34
1 40000 304 108 2 -3 0 0 0 0 23 -52 -9 538 81 N N N N -429 -122 -50 76 76
1 40002 295 -4 -2 1 0 0 0 0 -1 2 0 471 77 N N N N -1092 -300 -45 181 181
1 39998 293 -30 3 1 0 0 0 0 -6 15 3 428 77 N N N N -1492 -409 -57 249 249
1 40000 293 -57 -3 -2 0 0 0 0 -12 27 3 -364 51 N N N N -582 -159 -19 97 97
1 43587 334 -269 -11 128 -10 1401 -2 -2 -91 113 -22 1144 60 N N N N -641 -178 -60 113 113
1 39278 297 -221 18 -130 31 -1408 0 2 -107 34 92 472 71 N N N N -791 -216 -36 133 133
1 40781 293 -123 3 5 0 0 0 0 -64 7 17 -471 74 N N N N 750 200 -39 -116 -116
1 40000 274 -68 7 1 0 0 0 0 -36 -2 10 350 55 N N N N -198 -56 -25 35 35
1 40000 275 -44 1 -1 0 0 0 0 -23 -4 6 -484 44 N N N N 152 40 -21 -22 -22
1 40000 282 -40 -5 3 0 0 0 0 -19 -4 4 453 29 N N N N 231 61 -17 -35 -35
1 40000 274 -32 6 0 0 0 0 0 -17 -5 4 -8013 28 N N N N 1212 324 -37 -189 -189
1 44061 332 352 -21 -129 0 -1399 0 -2 183 -25 6 8944 45 N N N N 1356 361 -38 -211 -211
1 39998 276 355 2 124 -7 1407 0 2 149 -74 -106 264 68 N N N N 773 205 -32 -117 -117
1 39999 278 249 10 -3 0 0 0 0 52 -119 -17 -189 55 N N N N -658 -180 -33 109 109
1 40001 288 -3494 1 3 0 0 0 0 4 -56 -3 -1972 50 N N N N -1127 -304 -26 183 183
1 40001 259 17 0 1 0 0 0 0 0 -9 0 -248 50 N N N N 670 177 -25 -103 -103
1 39998 276 3549 -1 0 0 0 0 0 0 27 0 2844 48 N N N N 110 27 -31 -13 -13
1 44121 306 -161 -9 126 -11 1392 -1 -2 -16 88 -18 356 49 N N N N 700 184 -41 -103 -103
1 39999 265 -267 1 -2 0 0 0 0 -78 118 5 101 51 N N N N 987 262 -23 -151 -151
1 40670 267 -273 0 -33 0 -197 1 -1 -125 70 40 63 33 N N N N 686 182 -11 -105 -105
1 39330 271 -241 1 -87 0 -1205 -1 3 -122 -9 83 -82 37 N N N N 40 9 -18 -3 -3
1 40000 276 -40 5 -5 0 0 0 0 -22 -4 6 -43 37 N N N N -397 -110 -25 66 66
1 39999 272 28 0 0 0 0 0 0 14 2 -4 -81 29 N N N N -820 -219 -13 129 129
1 40000 278 6 -1 4 0 0 0 0 4 1 -1 168 37 N N N N -629 -171 -29 103 103
1 40000 263 -59 -4 -4 0 0 0 0 -29 -7 9 84 47 N N N N 599 157 -35 -88 -88
1 45001 312 170 -15 -122 0 -1370 0 -2 90 -21 32 993 50 N N N N 116 25 -59 -9 -9
1 42589 294 352 2 120 -9 1379 -1 2 168 -22 -114 257 55 N N N N -105 -32 -40 23 23
1 39999 279 234 8 1 0 0 0 0 80 -90 -27 -2498 65 N N N N 52 12 -18 -5 -5
1 40000 267 133 3 1 0 0 0 0 27 -64 -11 2296 46 N N N N 257 67 -20 -37 -37
1 40002 288 92 -2 0 0 0 0 0 9 -48 -5 -15 42 N N N N 246 64 -16 -35 -35
1 39998 261 15 2 0 0 0 0 0 1 -8 0 547 47 N N N N 172 41 -47 -19 -19
1 40002 294 -22 -1 2 0 0 0 0 -1 12 0 53 49 N N N N 784 205 -27 -116 -116
1 45764 311 -264 -17 126 -10 1394 0 -2 -48 133 -21 368 33 N N N N 280 72 -22 -39 -39
1 40468 277 -364 9 -3 0 0 0 0 -149 120 32 227 40 N N N N -456 -124 -30 74 74
1 45120 298 -243 28 -121 37 -1391 -1 2 -129 -1 98 63 58 N N N N 8 -2 -38 5 5
1 40001 273 14 1 -2 0 0 0 0 7 0 -1 -1956 48 N N N N 43 7 -49 2 2
1 39998 271 142 0 -1 0 0 0 0 73 -3 -20 457 63 N N N N 73 15 -39 -5 -5
1 40002 272 75 -1 1 0 0 0 0 39 -8 -11 1506 62 N N N N 82 18 -33 -7 -7
1 39999 272 -44 -1 2 0 0 0 0 -22 6 6 595 57 N N N N 204 52 -16 -28 -28
1 40000 276 -64 5 -3 0 0 0 0 -34 5 10 17 38 N N N N 252 64 -26 -34 -34
1 39998 262 -21 -4 3 0 0 0 0 -10 1 2 -572 38 N N N N 159 38 -30 -19 -19
1 40001 264 -59 -3 0 0 0 0 0 -30 1 7 970 35 N N N N 125 30 -27 -14 -14
1 39998 268 -81 3 4 0 0 0 0 -42 -5 11 16 37 N N N N -126 -34 -13 21 21
1 40003 263 19 3 -3 0 0 0 0 9 1 -1 -3756 29 N N N N -1224 -325 -30 190 190
1 45294 308 357 -23 -127 0 -1391 0 -2 183 -53 -3 4509 42 N N N N -974 -260 -36 153 153
1 43586 286 330 13 124 -7 1388 -1 2 120 -96 -87 -24 56 N N N N -170 -47 -24 30 30
1 39999 261 127 2 -1 0 0 0 0 25 -62 -9 -1496 45 N N N N 23 5 -19 -1 -1
1 40001 268 65 2 0 0 0 0 0 6 -34 -3 -3742 40 N N N N 50 11 -17 -5 -5
1 39999 257 -2 -1 -1 0 0 0 0 0 1 0 3851 30 N N N N -9 -5 -27 6 6
1 40001 276 -20 0 1 0 0 0 0 -2 11 0 973 47 N N N N 176 43 -34 -22 -22
1 40941 263 -228 -15 125 -10 1398 -1 -2 -44 116 -23 1212 39 N N N N 450 115 -30 -63 -63
1 39999 283 -238 5 0 0 0 0 0 -90 90 13 241 43 N N N N 629 162 -26 -90 -90
1 42239 273 -308 -8 -121 0 -1406 0 2 -150 30 99 175 64 N N N N 700 180 -30 -100 -100
1 39998 266 -155 10 -2 0 0 0 0 -81 -10 23 -185 45 N N N N 550 140 -29 -77 -77
1 40001 277 -136 2 2 0 0 0 0 -65 -25 17 -320 37 N N N N 559 144 -20 -80 -80
1 40001 297 -34 -5 -1 0 0 0 0 -14 -8 5 303 30 N N N N 504 128 -30 -69 -69
1 39999 283 -45 3 -2 0 0 0 0 -20 -14 4 -249 34 N N N N 333 84 -22 -45 -45
1 45236 349 229 -17 -123 0 -1376 -1 -2 111 10 29 963 31 N N N N 9 0 -23 2 2
1 39999 310 366 4 0 0 0 0 0 182 0 -60 423 44 N N N N 136 30 -40 -13 -13
1 43823 337 271 5 124 -10 1377 0 2 111 -58 -90 141 58 N N N N -400 -108 -37 65 65
1 40000 325 177 2 -3 0 0 0 0 46 -80 -16 88 39 N N N N -468 -125 -32 75 75
1 39999 312 74 1 0 0 0 0 0 12 -37 -5 -2244 66 N N N N -170 -49 -42 32 32
1 40002 336 4 2 1 0 0 0 0 1 -2 0 1679 72 N N N N 86 19 -26 -8 -8
1 39998 339 -65 0 2 0 0 0 0 -10 33 4 -445 43 N N N N 140 35 -18 -18 -18
1 44120 356 -239 -14 120 -10 1395 -1 -2 -65 112 -24 1559 38 N N N N 177 43 -23 -22 -22
1 42105 349 -318 10 -120 39 -1395 0 2 -143 72 94 300 27 N N N N 199 49 -18 -26 -26
1 40777 320 -136 23 -1 0 0 0 0 -74 7 22 -270 36 N N N N 82 18 -28 -7 -7
1 39999 332 -67 1 2 0 0 0 0 -35 -2 9 -1083 37 N N N N -403 -106 -21 62 62
1 40002 331 8 1 -1 0 0 0 0 4 0 0 -1078 33 N N N N -135 -38 -21 24 24
1 40000 346 -16 -1 -2 0 0 0 0 -8 -1 2 1825 35 N N N N 199 49 -23 -25 -25
1 39997 335 -38 -2 3 0 0 0 0 -19 -3 4 600 34 N N N N 539 136 -23 -75 -75
1 44059 369 130 -14 -125 0 -1378 -1 -2 70 -26 39 707 22 N N N N -747 -194 -16 112 111
1 42532 361 386 -3 123 -7 1387 1 2 184 -36 -114 101 28 N N N N -522 -136 -13 78 79
1 40000 335 250 9 -3 0 0 0 0 77 -104 -23 62 23 N N N N -364 -95 -12 55 55
1 40000 328 150 5 1 0 0 0 0 22 -76 -7 -2054 28 N N N N -476 -125 -16 72 72
1 39999 352 -17 -1 3 0 0 0 0 -1 9 1 -418 21 N N N N -2055 -531 -10 305 305
1 40001 343 12 1 -2 0 0 0 0 1 -6 -1 602 9 N N N N -935 -241 -7 140 140
1 40000 346 -12 2 -3 0 0 0 0 -2 6 1 549 11 N N N N -149 -39 -10 24 24
1 44588 373 -209 -13 125 -9 1402 -1 -2 -37 109 -23 1553 12 N N N N 75 17 -22 -8 -8
1 40000 329 -235 2 3 0 0 0 0 -86 92 9 271 29 N N N N -56 -16 -23 12 12
1 42236 342 -262 -8 -122 -1 -1411 -1 2 -125 36 89 103 41 N N N N 109 26 -20 -13 -13
1 40000 315 -109 10 0 0 0 0 0 -58 1 17 -246 29 N N N N 156 39 -15 -21 -21
1 40001 330 2 2 -3 0 0 0 0 1 0 1 -438 23 N N N N -20 -6 -13 5 5
1 39998 322 -46 -1 -1 0 0 0 0 -24 -2 6 706 23 N N N N 279 70 -21 -39 -39
1 40002 312 -30 -1 3 0 0 0 0 -15 -2 4 111 28 N N N N 171 43 -12 -23 -23
1 39998 314 -50 1 1 0 0 0 0 -25 -6 6 -745 23 N N N N 75 18 -14 -9 -9
1 44119 346 278 -21 -129 1 -1384 -1 -2 146 -25 17 980 11 N N N N 528 133 -16 -76 -76
1 42587 327 346 3 125 -10 1400 0 2 153 -56 -110 208 26 N N N N 672 171 -17 -96 -96
1 39999 296 235 12 -2 0 0 0 0 61 -106 -18 -35 23 N N N N 380 97 -5 -55 -55
1 40001 297 19 -1 5 0 0 0 0 3 -9 -2 -957 22 N N N N 309 78 -15 -43 -43
1 40003 285 34 1 -3 0 0 0 0 4 -18 -1 115 29 N N N N -22 -8 -23 7 7
1 39996 288 3 0 5 0 0 0 0 1 -1 -1 1053 27 N N N N 91 22 -17 -10 -10
1 41471 270 -168 -14 120 -10 1396 -1 -2 -31 87 -25 180 23 N N N N 568 143 -15 -81 -81
1 40412 271 -338 2 2 0 0 0 0 -128 124 21 297 29 N N N N 331 82 -26 -43 -43
1 41177 267 -288 1 -123 0 -1417 0 2 -144 15 101 -103 36 N N N N 480 121 -22 -66 -66
1 40000 255 -98 6 -1 0 0 0 0 -51 -8 16 141 27 N N N N -11 -4 -8 3 3
1 40000 266 29 -2 -3 0 0 0 0 15 2 -4 -3095 15 N N N N 140 35 -10 -18 -18
1 40000 273 98 0 0 0 0 0 0 50 6 -14 2722 17 N N N N 12 1 -15 0 0
1 40000 266 87 1 1 0 0 0 0 44 -3 -14 -50 20 N N N N 76 18 -15 -8 -8
1 45940 292 285 -23 0 -10 11 0 0 138 -54 -50 892 26 N N N N 1299 328 -25 -181 -181
1 40001 253 251 13 0 0 0 0 0 82 -99 -26 64 28 N N N N 590 149 -17 -81 -81
1 40000 253 135 4 1 0 0 0 0 25 -66 -11 -558 31 N N N N -143 -39 -16 23 23
1 40000 256 -14 -2 -2 0 0 0 0 -2 7 1 611 26 N N N N -142 -38 -15 23 23
1 39999 257 -30 2 0 0 0 0 0 -5 15 3 84 30 N N N N 51 11 -21 -4 -4
1 40000 244 0 1 -2 0 0 0 0 0 0 0 278 35 N N N N 500 124 -29 -65 -65
1 44118 274 -259 -17 125 -11 1390 0 -2 -68 121 -23 326 58 N N N N 1950 490 -41 -266 -266
1 41375 258 -331 -4 -121 1 -1389 -1 2 -146 73 97 84 41 N N N N 2674 677 -16 -366 -366
1 40802 245 -271 11 3 0 0 0 0 -139 -4 44 -262 32 N N N N 1402 356 -6 -190 -190
1 40001 257 -67 4 -2 0 0 0 0 -33 -11 10 -868 15 N N N N 962 243 -10 -128 -128
1 39999 266 95 -2 0 0 0 0 0 47 13 -13 226 15 N N N N 690 173 -14 -90 -90
1 40001 266 43 0 0 0 0 0 0 21 5 -7 -121 20 N N N N 745 186 -18 -96 -96
1 40000 275 -105 -1 1 0 0 0 0 -51 -13 16 1165 31 N N N N 1017 254 -21 -131 -131
1 43645 310 231 -19 -125 -1 -1384 0 -2 119 -16 19 297 19 N N N N 690 172 -13 -88 -88
1 41705 291 370 0 120 -10 1384 -1 2 170 -40 -121 179 27 N N N N -65 -20 -22 13 13
1 39999 291 217 11 0 0 0 0 0 66 -90 -23 -30 28 N N N N -281 -74 -13 40 40
1 40001 279 46 3 2 0 0 0 0 10 -22 -3 -179 27 N N N N 29 4 -18 1 1
1 39999 298 -48 -1 2 0 0 0 0 -10 23 5 -141 27 N N N N 385 95 -14 -48 -48
1 40000 308 21 0 1 0 0 0 0 4 -10 -3 -661 23 N N N N 475 116 -19 -58 -58
1 40000 304 55 2 -2 0 0 0 0 11 -27 -4 651 33 N N N N 202 47 -21 -22 -22
1 44592 334 -206 -14 124 -10 1403 0 -2 -51 98 -25 796 21 N N N N 13 1 -10 1 1
1 40000 299 -294 0 3 0 0 0 0 -121 95 28 229 25 N N N N 74 15 -20 -6 -6
1 45175 334 -278 25 -127 37 -1415 0 2 -144 2 109 -909 28 N N N N 441 109 -13 -54 -54
1 40000 294 -102 7 2 0 0 0 0 -52 -11 15 -3271 19 N N N N 171 42 -8 -20 -20
1 40000 305 3 0 -1 0 0 0 0 1 1 -1 2088 13 N N N N -109 -30 -9 16 16
1 40000 309 72 -3 1 0 0 0 0 37 8 -10 1642 14 N N N N 309 75 -14 -37 -37
1 40000 305 94 3 -2 0 0 0 0 47 4 -13 -1825 24 N N N N 513 126 -19 -62 -62
1 45328 351 303 -18 -96 0 -1179 0 -3 152 -52 -12 2738 19 N N N N 463 112 -23 -55 -55
1 39437 325 277 10 94 -7 1190 0 3 101 -83 -74 96 26 N N N N 759 188 -16 -94 -94
1 40001 310 120 2 3 0 0 0 0 27 -57 -10 -234 27 N N N N 1333 333 -15 -167 -167
1 40000 341 109 0 -3 0 0 0 0 13 -56 -7 310 25 N N N N 866 214 -17 -106 -106
1 39999 334 48 -1 1 0 0 0 0 3 -25 -2 -262 29 N N N N 570 140 -16 -68 -68
1 40000 300 -19 3 2 0 0 0 0 -1 10 1 332 21 N N N N -601 -154 -11 79 79
1 44529 375 -249 -14 123 -11 1396 0 -2 -39 128 -20 287 25 N N N N -256 -69 -20 37 37
1 40413 321 -305 1 -1 0 0 0 0 -113 114 20 181 25 N N N N 5 -2 -18 4 4
1 43705 359 -308 -3 -121 0 -1399 -1 2 -152 23 104 -134 31 N N N N 563 137 -16 -67 -67
1 39999 314 -113 8 0 0 0 0 0 -57 -11 20 187 25 N N N N 463 113 -16 -54 -54
1 40000 342 62 1 -4 0 0 0 0 30 7 -8 -208 21 N N N N 58 11 -16 -4 -4
1 40000 343 89 1 3 0 0 0 0 45 3 -16 137 21 N N N N -724 -185 -12 94 94
1 40002 347 82 -1 -3 0 0 0 0 42 -3 -12 216 22 N N N N -169 -45 -13 25 25
1 44037 369 264 -2 -2 19 12 0 0 125 -51 -41 303 17 N N N N -238 -64 -19 35 35
1 40609 319 246 11 2 0 0 0 0 84 -94 -29 130 24 N N N N 232 53 -21 -25 -25
1 40000 337 178 1 2 0 0 0 0 31 -88 -12 -2578 32 N N N N 1286 318 -19 -156 -156
1 40000 321 59 1 -1 0 0 0 0 4 -31 -2 -1 25 N N N N 909 226 -10 -111 -111
1 40000 316 -53 2 -1 0 0 0 0 -3 28 2 2437 18 N N N N 221 54 -4 -27 -27
1 40000 339 -94 0 0 0 0 0 0 -13 48 6 277 11 N N N N -246 -62 -4 32 32
1 40913 333 -252 -17 126 -8 1388 -1 -2 -69 117 -25 121 8 N N N N -276 -72 -11 37 37
1 41372 340 -310 -3 -126 0 -1397 0 2 -139 67 94 97 14 N N N N -311 -81 -11 42 42
1 40831 319 -202 9 3 0 0 0 0 -104 4 33 -302 16 N N N N -34 -10 -10 6 6
1 40000 334 -139 4 -5 0 0 0 0 -70 -18 20 369 18 N N N N 144 31 -17 -13 -13
1 39999 321 -67 1 7 0 0 0 0 -30 -13 8 10 21 N N N N 237 56 -16 -26 -26
1 40002 344 -23 2 -4 0 0 0 0 -12 -6 3 89 22 N N N N -161 -44 -14 24 24
1 39998 322 24 -4 3 0 0 0 0 12 7 -3 -523 16 N N N N -90 -25 -15 15 15
1 41826 354 304 -22 -132 0 -1392 0 -2 154 0 14 810 15 N N N N 90 19 -11 -9 -9
1 41471 342 412 7 127 -10 1392 0 2 189 -47 -126 157 25 N N N N -101 -29 -18 17 17
1 39998 321 221 8 5 0 0 0 0 64 -95 -22 12 22 N N N N -210 -55 -8 29 29
1 40002 323 111 2 -4 0 0 0 0 17 -56 -8 -486 16 N N N N -42 -14 -15 8 8
1 40001 319 -25 -2 2 0 0 0 0 -2 13 1 -76 25 N N N N 489 120 -12 -57 -57
1 39999 340 -82 3 0 0 0 0 0 -14 41 7 530 18 N N N N 324 79 -5 -39 -39
1 39999 324 -71 -1 -1 0 0 0 0 -16 34 7 -812 20 N N N N 83 16 -22 -5 -5
1 44590 347 -233 -15 127 -11 1405 -1 -2 -80 97 -27 1331 30 N N N N 434 101 -26 -47 -47
1 43294 348 -288 15 -124 23 -1407 -1 2 -138 45 102 147 35 N N N N 1208 295 -27 -141 -141
1 39999 303 -161 5 1 0 0 0 0 -83 -2 26 54 30 N N N N -221 -60 -18 32 32
1 39998 320 -124 4 -1 0 0 0 0 -62 -17 17 15 26 N N N N -709 -179 -10 89 89
1 40002 303 -10 2 -1 0 0 0 0 -5 -2 2 -817 23 N N N N 28 4 -14 0 0
1 39999 312 9 -1 2 0 0 0 0 5 2 -1 -343 19 N N N N -264 -68 -10 35 35
1 40002 308 104 0 -2 0 0 0 0 50 15 -14 864 16 N N N N 18 2 -11 1 1
1 44294 347 297 -21 -127 0 -1388 0 -2 154 -36 6 729 12 N N N N 521 125 -15 -60 -60
1 38768 204 174 305 167 230 1837 -99 -2 39 2 -45 -1093 11 N N N N 744 179 -22 -85 -85
1 39932 177 -31 -25 5 -1 -1 -174 0 -12 9 -4 871 -11 N N N N 248 61 -3 -30 -30
1 39989 129 -80 15 13 -1 1 -170 0 -44 22 -2 -207 6 N N N N 113 27 -4 -12 -12
1 41548 69 -115 -131 -15 360 1 -141 0 -39 9 8 365 -22 N N N N -12 -3 -3 2 2
1 38481 -133 107 436 19 135 -2 -146 0 -43 -7 34 102 44 N N N N -190 -49 -4 24 24
1 39988 -229 -37 -42 3 -9 0 -167 0 -11 5 -8 113 47 N N N N -73 -18 0 9 9
1 39957 -310 -125 15 3 3 -1 -165 0 -66 11 -30 -1 21 N N N N 32 9 4 -5 -5
1 43513 -381 -190 -126 105 0 1408 -121 2 -64 2 -93 -166 -4 N N N N 197 53 15 -28 -28
1 40001 -392 252 -17 3 0 0 0 0 128 11 50 -93 -25 N N N N -181 -40 21 17 17
1 38755 -359 251 66 -98 -74 -1411 -71 -2 112 -63 92 -41 -14 N N N N -716 -175 12 84 84
1 38420 -334 -120 -146 -23 0 0 -97 4 -30 19 -12 -84 -17 N N N N -502 -122 11 59 59
1 40000 -376 -28 -3 -5 0 0 0 0 -12 5 -4 -74 -17 N N N N -128 -28 13 12 12
1 40000 -364 4 -4 -4 0 0 0 0 3 -1 2 -59 -18 N N N N -293 -71 11 33 33
1 40000 -370 3 5 1 0 0 0 0 0 -1 1 -101 -14 N N N N 97 28 15 -16 -16
1 40002 -367 -39 3 1 0 0 0 0 -20 8 -5 -165 -29 N N N N 741 190 20 -96 -96
1 39999 -380 -46 -5 -1 0 0 0 0 -21 8 -7 -138 -35 N N N N 144 42 25 -24 -24
1 40000 -381 -9 -1 -1 0 0 -67 0 -4 1 -2 -132 -29 N N N N -368 -86 24 39 39
1 40000 -373 -47 0 3 0 0 0 0 -25 5 -6 -35 -28 N N N N -338 -81 13 39 39
1 40000 -403 -7 -6 1 0 0 0 0 -2 2 -2 -72 -19 N N N N -153 -36 11 16 16
1 40000 -373 -47 1 1 0 0 0 0 -24 4 -7 -79 -21 N N N N -273 -64 14 30 30
1 39999 -387 -85 3 -7 0 0 0 0 -45 -1 -8 -99 -18 N N N N -545 -133 14 64 64
1 37765 -411 26 73 138 89 1423 -36 -2 -2 15 -73 -94 -33 N N N N -298 -70 17 32 32
1 43295 -471 371 -35 -131 -41 -1406 0 2 186 -72 130 -133 -28 N N N N 69 22 22 -14 -14
1 39999 -408 105 -10 4 0 0 0 0 43 -36 10 -64 -21 N N N N -8 1 14 -2 -2
1 40001 -410 -168 0 -4 0 0 0 0 -67 54 -21 -123 -25 N N N N 266 71 17 -38 -38
1 40000 -406 -91 -1 0 0 0 0 0 -43 20 -13 -117 -23 N N N N -58 -10 18 3 3
1 39999 -410 -67 3 -1 0 0 0 0 -33 11 -11 -78 -30 N N N N -217 -50 18 23 23
1 40000 -404 -83 -1 0 0 0 0 0 -42 8 -12 -41 -17 N N N N -268 -65 9 31 31
1 44235 -461 167 10 131 1 1404 0 -2 81 2 -39 -84 -19 N N N N -63 -13 12 5 5
1 44235 -430 39 0 -128 7 -1415 0 2 18 -32 71 -97 -18 N N N N 782 199 15 -102 -102
1 39999 -398 -101 -6 -4 0 0 0 0 -47 19 -15 -208 -39 N N N N -49 -5 29 -1 -1
1 40000 -407 -75 0 -4 0 0 0 0 -37 8 -11 -139 -38 N N N N -800 -195 26 94 94
1 40000 -391 -23 0 5 0 0 0 0 -13 2 -4 -96 -28 N N N N -713 -174 19 84 84
1 40000 -399 -25 -1 -2 0 0 0 0 -12 1 -4 -82 -26 N N N N -65 -13 17 4 4
1 44355 -439 175 13 132 0 1410 0 -2 84 4 -37 -208 -35 N N N N 736 190 21 -97 -97
1 40528 -409 44 -3 -127 10 -1420 -13 2 21 -33 71 -97 -37 N N N N -440 -104 27 48 48
1 40002 -382 -124 -4 -2 0 0 0 0 -58 22 -19 -124 -33 N N N N -523 -127 20 61 61
1 40000 -371 -55 0 -4 0 0 0 0 -28 5 -8 -81 -28 N N N N -314 -75 17 36 36
1 39998 -383 -45 -4 -1 0 0 0 0 -22 2 -7 -104 -26 N N N N 744 191 18 -99 -99
1 40000 -386 -63 4 1 0 0 0 0 -33 0 -11 -138 -33 N N N N 277 75 21 -40 -40
1 40354 -395 55 10 132 0 1419 -46 -2 25 17 -60 -131 -35 N N N N -825 -203 24 99 99
1 39398 -382 411 -8 -124 10 -1409 -35 2 193 -98 130 -183 -32 N N N N -965 -237 27 116 115
1 40601 -394 -104 2 -1 0 0 0 0 -43 33 -15 -126 -45 N N N N -1535 -382 25 191 192
1 40001 -377 -151 -7 -6 0 0 0 0 -67 34 -22 -84 -31 N N N N -860 -213 18 106 106
1 39999 -394 -129 2 4 0 0 0 0 -66 14 -22 -97 -23 N N N N -223 -54 14 26 26
1 40001 -366 -129 -1 -3 0 0 0 0 -66 -1 -19 -101 -29 N N N N -301 -72 19 35 35
1 40000 -374 -80 -2 2 0 0 0 0 -40 -7 -13 -131 -24 N N N N -199 -46 19 21 21
1 40646 -387 -21 22 129 -1 1409 -48 -2 -14 4 -72 -136 -40 N N N N 79 25 26 -16 -16
1 40354 -402 285 -14 -1 0 0 0 0 147 19 46 -175 -36 N N N N -276 -65 25 30 30
1 38149 -380 238 -5 -116 11 -1414 -44 0 112 -65 101 -116 -40 N N N N -929 -230 26 116 116
1 42380 -396 -173 1 -10 -1 0 -3 2 -78 39 -24 -168 -45 N N N N -104 -21 30 7 7
1 39997 -379 -88 -5 -4 0 0 0 0 -43 9 -13 -161 -37 N N N N 174 49 26 -29 -29
1 40001 -384 -46 -1 0 0 0 0 0 -24 2 -7 -139 -41 N N N N -504 -123 25 61 61
1 40002 -392 -40 -2 2 0 0 0 0 -20 2 -7 -74 -35 N N N N -667 -166 17 85 85
1 39997 -379 -47 7 0 0 0 0 0 -26 -1 -7 -110 -23 N N N N -430 -106 16 54 54
1 36062 -345 36 14 129 0 1414 -36 -2 15 15 -64 -236 -44 N N N N -2156 -543 30 283 283
1 39109 -410 388 40 -107 10 -1409 -15 -2 179 -69 125 -183 -65 N N N N -2232 -561 40 295 295
1 41303 -378 -185 -52 -17 0 0 -18 4 -73 39 -25 -99 -30 N N N N -2069 -524 19 282 282
1 40000 -408 -83 -7 -2 0 0 0 0 -40 10 -13 -118 -30 N N N N -1333 -337 20 183 183
1 39999 -391 -13 1 -7 0 0 0 0 -6 1 1 -169 -41 N N N N -361 -89 28 46 46
1 40000 -384 -40 -2 4 0 0 0 0 -21 3 -7 -140 -40 N N N N -149 -34 24 16 16
1 40001 -396 -75 5 0 0 0 0 0 -39 2 -14 -104 -36 N N N N -1177 -298 22 163 163
1 41764 -420 106 11 135 0 1416 -15 -2 52 15 -55 -70 -21 N N N N -485 -122 13 67 67
1 40999 -407 268 -25 -127 -20 -1426 -17 2 133 -70 108 -130 -25 N N N N -61 -14 21 5 5
1 39999 -391 -108 -4 -4 0 0 0 0 -48 27 -13 -192 -36 N N N N 117 34 29 -22 -22
1 40001 -374 -91 -1 -6 0 0 0 0 -43 16 -12 -155 -39 N N N N -604 -152 25 82 82
1 39999 -382 -36 0 4 0 0 0 0 -19 5 -5 -103 -36 N N N N -1555 -395 22 221 221
1 40000 -364 -17 -3 -1 0 0 0 0 -8 2 -3 -142 -39 N N N N -466 -118 25 63 63
1 40000 -396 44 0 -4 0 0 0 0 23 -6 6 -82 -29 N N N N -287 -71 18 39 39
1 40001 -387 58 -4 2 -1 0 -49 0 30 -8 8 -83 -24 N N N N -406 -102 15 57 57
1 39999 -384 27 1 -3 0 0 0 0 13 -7 5 -97 -27 N N N N -101 -25 16 12 12
1 40000 -384 -14 4 8 0 0 0 0 -8 5 -4 -127 -32 N N N N -96 -22 22 11 11
1 40001 -381 6 0 -4 0 0 0 0 3 -2 2 -49 -15 N N N N 1164 300 10 -172 -172
1 39999 -402 59 -4 -2 0 0 0 0 28 -15 9 -151 -29 N N N N 796 207 23 -119 -119
1 40001 -401 28 -1 3 0 0 -29 0 13 -6 2 -254 -54 N N N N -1509 -384 38 214 214
1 39999 -402 7 4 3 0 0 0 0 3 -1 0 -270 -61 N N N N -1266 -322 46 179 179
1 40000 -384 -68 -1 -6 0 0 0 0 -31 16 -7 -88 -54 N N N N -837 -213 26 121 121
1 40000 -420 18 -6 3 0 0 0 0 9 -4 1 -60 -24 N N N N -824 -211 12 121 121
1 40001 -415 23 -2 -5 0 0 0 0 12 -7 3 -118 -31 N N N N 706 184 20 -108 -108
1 40000 -418 40 5 4 0 0 -1 0 16 -10 7 -109 -30 N N N N 1256 325 19 -190 -190
1 39999 -437 90 -2 1 0 0 0 0 38 -29 8 -100 -25 N N N N 20 7 17 -6 -6
1 40000 -417 80 -2 0 0 0 0 0 29 -30 9 -187 -35 N N N N -582 -148 29 82 82
1 40001 -432 65 2 -1 0 0 0 0 20 -28 7 -125 -32 N N N N 836 218 21 -127 -127
1 39999 -440 64 -3 -1 0 0 0 0 17 -30 5 -213 -45 N N N N 1015 265 36 -156 -156
1 41648 -490 -165 55 -123 85 -1374 0 -2 -67 29 40 -243 -77 N N N N 1216 320 42 -186 -186
1 39998 -491 -256 3 5 0 0 0 0 -108 82 -25 -158 -43 N N N N 720 190 25 -110 -110
1 42004 -488 -128 -29 120 -49 1394 0 2 -55 53 -80 -196 -51 N N N N -179 -42 38 20 20
1 39997 -489 -14 -6 1 0 0 0 0 -6 1 -3 -152 -43 N N N N 215 59 31 -37 -37
1 40000 -463 -25 1 -2 0 0 0 0 -14 0 -1 -337 -72 N N N N 67 23 50 -18 -18
1 39999 -450 -2 -2 2 0 0 0 0 0 2 -2 -159 -57 N N N N 229 64 39 -40 -40
1 40002 -466 -25 1 0 0 0 0 0 -13 0 -4 -290 -61 N N N N 738 198 45 -116 -116
1 40532 -474 169 7 129 0 1402 -1 -2 84 6 -40 -175 -66 N N N N -109 -25 28 11 11
1 40821 -479 321 7 -120 8 -1409 1 2 131 -114 112 -182 -59 N N N N -107 -24 40 8 8
1 39999 -452 -129 -5 -7 0 0 0 0 -44 46 -17 -257 -61 N N N N -340 -83 40 43 43
1 40000 -455 -62 2 2 0 0 0 0 -28 18 -9 -192 -57 N N N N -876 -225 38 123 123
1 40000 -450 -61 -5 -2 0 0 0 0 -26 15 -9 -177 -50 N N N N -698 -179 32 98 98
1 40000 -454 -31 2 -4 0 0 0 0 -15 6 -4 -307 -75 N N N N -1112 -285 52 158 158
1 40000 -452 -19 -1 3 1 -1 0 0 -9 4 -3 -147 -52 N N N N -824 -213 32 120 120
1 40000 -460 -10 2 1 0 0 0 0 -5 3 -2 -195 -50 N N N N -367 -93 30 51 51
1 40000 -454 1 -3 -3 0 0 0 0 2 -1 -1 -173 -40 N N N N 132 37 33 -26 -26
1 40000 -463 -21 -1 2 0 0 0 0 -11 3 -2 -260 -78 N N N N 446 122 48 -75 -75
1 40001 -466 -56 1 1 0 0 0 0 -28 8 -10 -127 -41 N N N N 1629 431 26 -250 -250
1 40000 -444 12 0 -2 -1 0 -1 0 6 -2 3 -335 -74 N N N N 256 73 51 -47 -47
1 39999 -450 -62 -1 3 0 0 0 0 -32 6 -11 -169 -56 N N N N -254 -63 32 33 33
1 40001 -448 11 -5 -1 0 0 0 0 7 -1 2 -180 -56 N N N N -106 -25 35 10 10
1 39999 -469 51 5 -3 0 0 0 0 25 -5 9 -299 -71 N N N N -298 -73 51 36 36
1 40000 -436 4 4 0 0 0 0 0 1 0 2 -302 -80 N N N N -248 -60 53 29 29
1 40001 -456 23 -5 -1 1 0 1 0 14 -3 2 -203 -74 N N N N 207 60 45 -39 -39
1 40000 -439 -48 1 2 0 0 0 0 -26 5 -6 -150 -49 N N N N 592 159 26 -94 -94
1 40000 -454 -56 3 1 0 0 0 0 -29 4 -11 -328 -68 N N N N -355 -88 48 46 46
1 39999 -433 -58 2 1 0 0 0 0 -30 2 -10 -314 -79 N N N N -621 -160 54 86 86
1 40000 -447 -48 -2 -4 0 0 0 0 -24 -1 -7 -149 -72 N N N N -398 -102 38 55 55
1 41062 -466 188 6 134 -1 1408 0 -2 94 13 -38 -265 -61 N N N N -4 1 31 -4 -4
1 41644 -468 342 1 -122 10 -1405 0 2 148 -108 119 -253 -79 N N N N -41 -3 61 -4 -4
1 40000 -438 -106 -3 -5 0 0 0 0 -39 36 -14 -226 -76 N N N N 805 219 44 -131 -131
1 40000 -463 21 0 -5 0 0 0 0 9 -8 4 -281 -72 N N N N 15 9 47 -10 -10
1 40000 -446 13 3 2 0 0 0 0 4 -4 2 -152 -61 N N N N -466 -121 34 66 66
1 39999 -462 6 -4 1 0 0 0 0 3 -2 0 -332 -65 N N N N -925 -243 50 136 136
1 44182 -491 -254 12 -98 11 -1181 0 -3 -117 36 10 -81 -71 N N N N -1483 -394 30 228 228
1 39759 -443 -136 1 97 0 1180 0 3 -67 38 -73 -164 -39 N N N N -954 -253 24 147 147
1 40002 -451 -75 -7 -4 0 0 0 0 -37 -2 -11 -222 -58 N N N N 582 159 40 -98 -98
1 39999 -478 -32 0 2 0 0 0 0 -17 -1 -5 -93 -39 N N N N 230 63 22 -40 -40
1 40001 -448 -3 1 -5 0 0 0 0 -1 -2 1 -327 -54 N N N N -732 -193 43 110 110
1 40001 -472 -31 9 3 0 0 0 0 -17 -2 -7 -428 -98 N N N N -185 -43 79 18 18
1 43824 -523 222 1 134 0 1393 0 -2 111 21 -31 -508 -141 N N N N 167 52 86 -39 -39
1 42941 -487 338 -21 -122 -30 -1407 0 2 158 -96 116 -385 -107 N N N N 992 275 83 -171 -171
1 40000 -440 -149 -9 -9 0 0 0 0 -59 44 -19 -129 -88 N N N N -716 -191 33 109 109
1 40000 -427 -51 4 -2 0 0 0 0 -25 11 -6 -280 -75 N N N N -1316 -352 45 206 206
1 39999 -437 -55 -1 -1 0 0 0 0 -26 10 -9 -376 -90 N N N N 58 20 61 -18 -18
1 40001 -452 -8 -5 -3 0 0 0 0 -2 2 -1 -376 -123 N N N N 1106 306 79 -191 -191
1 40001 -458 -14 2 6 0 0 0 0 -8 3 -4 -193 -77 N N N N 1320 363 42 -219 -219
1 39998 -452 -20 0 -2 0 0 0 0 -10 2 -2 -282 -84 N N N N 762 212 52 -130 -130
1 40002 -453 -16 2 0 0 0 0 0 -8 2 -3 -258 -84 N N N N 197 59 50 -40 -40
1 39999 -466 -99 -1 -1 0 0 0 0 -51 6 -13 -150 -60 N N N N -342 -91 28 51 51
1 40000 -474 -12 0 1 0 0 0 0 -6 1 -4 -314 -83 N N N N -298 -76 58 39 39
1 41178 -497 131 5 133 0 1420 0 -2 65 11 -48 -331 -84 N N N N -85 -19 48 6 6
1 41822 -508 214 6 -122 8 -1406 0 2 97 -66 99 -214 -75 N N N N 492 140 57 -89 -89
1 40000 -464 -129 -7 -7 0 0 0 0 -55 32 -18 -369 -94 N N N N -92 -19 61 5 5
1 40000 -499 -18 4 -3 0 0 0 0 -9 3 -2 -207 -83 N N N N -1247 -338 48 196 196
1 40000 -471 38 -1 0 0 0 0 0 18 -9 5 -192 -60 N N N N -2064 -564 38 335 335
1 39999 -475 9 -2 3 0 0 0 0 4 -1 1 -353 -84 N N N N -547 -147 55 83 83
1 40001 -482 -20 1 -3 0 0 0 0 -9 4 -2 -183 -82 N N N N 289 83 49 -55 -55
1 39999 -468 -14 2 3 0 0 0 0 -7 4 -2 -169 -58 N N N N -307 -82 31 47 47
1 40001 -456 13 -3 -3 0 0 0 0 7 -4 2 -276 -67 N N N N -838 -228 50 135 135
1 39999 -442 -22 4 -2 0 0 0 0 -11 5 -3 -309 -80 N N N N -1181 -323 52 194 194
1 40002 -438 -15 -1 0 0 0 0 0 -7 3 -3 -338 -101 N N N N -518 -140 65 80 80
1 39999 -427 -2 -2 2 0 0 0 0 -1 0 0 -232 -80 N N N N -493 -134 48 80 80
1 39999 -428 -24 -2 -4 0 0 0 0 -11 3 -3 -259 -88 N N N N -75 -20 49 7 7
1 40001 -407 -22 3 5 0 0 0 0 -12 5 -4 -365 -81 N N N N 212 63 62 -44 -44
1 39999 -397 5 -3 1 0 0 0 0 3 -2 0 -267 -104 N N N N 1763 494 62 -312 -312
1 40001 -404 -23 0 -3 0 0 0 0 -11 4 -3 -65 -56 N N N N 1667 466 21 -287 -287
1 40000 -385 -30 1 -2 0 0 0 0 -15 2 -4 -189 -54 N N N N 969 273 35 -169 -169
1 39999 -383 -24 0 2 0 0 0 0 -13 3 -4 -95 -43 N N N N 876 246 21 -151 -151
1 40001 -381 13 3 -1 0 0 0 0 6 -2 3 -75 -21 N N N N -63 -17 15 9 9
1 40001 -383 38 0 0 0 0 0 0 20 -3 5 -108 -20 N N N N -2102 -585 19 352 352
1 39999 -385 29 -3 -2 0 0 0 0 15 -4 5 -165 -41 N N N N -3152 -878 31 540 540
1 40000 -389 15 2 6 0 0 -38 0 6 -2 1 -304 -63 N N N N -1658 -461 49 286 286
1 40001 -390 16 -2 0 0 0 0 0 9 -3 1 -203 -78 N N N N -321 -88 47 52 52
1 39999 -364 10 -4 -1 0 0 0 0 5 -2 3 -58 -36 N N N N 1117 313 16 -200 -200
1 40000 -407 29 0 -5 0 0 0 0 15 -6 5 -190 -43 N N N N 2494 701 30 -440 -440
1 39999 -398 30 3 7 0 0 0 0 13 -5 3 -256 -68 N N N N -833 -231 49 139 139
1 40001 -401 22 -4 -2 0 0 -25 0 11 -6 3 -247 -58 N N N N -1593 -446 40 276 276
1 39999 -389 19 1 1 0 0 0 0 9 -4 2 -218 -72 N N N N 2610 737 47 -465 -465
1 40000 -396 3 3 -4 0 0 0 0 1 -2 1 -153 -60 N N N N 5158 1453 35 -886 -886
1 40001 -405 -20 -1 -1 0 0 0 0 -10 4 0 -116 -51 N N N N 1184 336 23 -202 -202
1 40000 -399 26 -5 2 0 0 0 0 13 -6 2 -243 -54 N N N N 2285 648 43 -385 -385
1 40000 -409 3 1 2 0 0 -1 0 1 0 1 -107 -50 N N N N 1243 354 28 -208 -208
1 39999 -407 51 -1 -5 0 0 0 0 23 -16 6 -181 -41 N N N N 721 208 29 -122 -122
1 40000 -413 66 4 2 0 0 0 0 24 -22 10 -150 -47 N N N N 2298 653 32 -376 -376
1 40001 -417 40 -3 1 0 0 0 0 15 -15 4 -82 -36 N N N N 2137 607 20 -342 -342
1 40000 -433 59 -1 2 0 0 0 0 20 -23 6 -97 -25 N N N N 2309 656 20 -364 -364
1 43705 -461 -147 15 -124 10 -1399 0 -2 -57 15 32 -243 -49 N N N N 1385 398 35 -221 -221
1 41824 -456 -292 0 128 0 1395 0 2 -136 101 -93 -237 -83 N N N N 146 49 42 -33 -33
1 40001 -453 -149 -12 -4 0 0 0 0 -73 3 -23 -133 -45 N N N N 1640 472 37 -258 -258
1 39998 -458 -44 1 1 0 0 0 0 -23 -3 -6 -139 -44 N N N N 1477 425 27 -230 -230
1 40000 -457 -20 5 -1 0 0 0 0 -11 -2 -4 -198 -48 N N N N 24 14 38 -13 -13
1 39999 -454 -5 -1 -3 0 0 0 0 -2 -1 0 -139 -39 N N N N -2513 -707 30 374 374
1 40001 -464 15 -2 2 0 0 0 0 8 2 2 -81 -37 N N N N -4217 -1196 19 652 652
1 40530 -477 170 14 135 1 1410 0 -2 83 21 -45 -324 -64 N N N N 1187 345 43 -197 -197
1 42236 -499 463 -9 -126 9 -1405 0 2 205 -130 136 -194 -71 N N N N 79 32 53 -24 -24
1 39998 -463 -71 3 -4 0 0 0 0 -25 27 -6 -214 -54 N N N N 1667 482 38 -269 -269
1 40001 -453 -62 -1 -3 0 0 0 0 -23 21 -8 -145 -55 N N N N -60 -11 33 2 2
1 40000 -477 -18 -3 -1 0 0 0 0 -7 5 -2 -58 -39 N N N N -607 -170 21 90 90
1 39999 -467 -17 1 1 0 0 0 0 -7 6 -3 -204 -48 N N N N 2207 637 33 -351 -351
1 43977 -518 -188 7 -90 11 -1193 -1 -3 -89 18 16 -177 -56 N N N N 1511 439 34 -239 -239
1 39378 -438 -63 -15 92 -34 1198 1 3 -27 33 -56 -82 -28 N N N N -1221 -346 20 182 182
1 39999 -445 23 -4 -4 0 0 0 0 13 -3 4 -303 -45 N N N N -109 -23 42 7 7
1 40000 -469 17 -5 2 0 0 0 0 9 -2 3 -170 -72 N N N N -2971 -842 44 453 453
1 40001 -445 45 2 1 0 0 0 0 22 -7 6 -207 -56 N N N N -652 -180 41 94 94
1 40000 -469 -44 0 -5 0 0 0 0 -21 6 -6 -193 -51 N N N N 889 262 39 -150 -150
1 40000 -449 -37 3 2 1 -1 0 0 -20 5 -5 -252 -69 N N N N 492 150 50 -89 -89
1 40000 -457 32 -5 2 0 0 0 0 17 -4 3 -136 -49 N N N N 550 164 29 -93 -93
1 40000 -442 -16 3 -4 0 0 0 0 -8 2 -1 -240 -56 N N N N 226 72 42 -45 -45
1 40000 -441 47 2 2 0 0 0 0 23 -6 6 -89 -45 N N N N -309 -83 29 41 41
1 20000 -234 -7 -3 0 0 0 0 0 -3 1 -1 -39 -15 N N N N 609 176 11 -98 -98
1 20000 -217 -3 -1 -2 -1 1 0 0 -1 0 1 -119 -28 N N N N 1695 492 10 -267 -267
1 20000 -225 -12 -5 4 0 0 0 0 -5 3 -4 -143 -13 N N N N 1523 446 32 -243 -243
1 20000 -227 -9 9 -2 0 0 0 0 -7 0 1 9 -21 N N N N 1712 497 13 -264 -264
1 20001 -216 -13 0 -2 0 0 0 0 -6 1 -2 -68 -2 N N N N 1807 523 4 -273 -273
1 19999 -219 -24 2 1 0 0 0 0 -13 3 -3 -140 -28 N N N N 1429 417 23 -219 -219
1 20000 -227 8 -8 -1 0 0 0 0 6 -1 0 -135 -27 N N N N 720 214 21 -113 -113
1 20000 -230 20 2 4 0 0 0 0 10 -1 1 -284 -47 N N N N -149 -32 48 9 9
1 20000 -228 -23 0 -4 0 0 0 0 -12 1 -1 -239 -51 N N N N -644 -177 35 86 86
1 20000 -229 1 -6 5 0 0 0 0 1 1 -1 -343 -78 N N N N -717 -193 61 91 91
1 21238 -252 43 25 127 0 1396 0 -2 16 15 -59 -356 -101 N N N N -1952 -550 73 275 275
1 20625 -249 141 -11 -28 0 -208 1 -1 71 -26 40 -521 -87 N N N N -1694 -478 64 243 243
1 19784 -209 -26 7 -95 8 -1203 -1 3 -14 -14 42 -222 -96 N N N N -423 -106 80 46 46
1 19998 -221 -83 2 -4 0 0 0 0 -40 16 -11 -329 -106 N N N N -752 -205 68 100 100
1 20000 -202 -46 -7 -5 0 0 0 0 -21 5 -6 -363 -101 N N N N -1138 -320 60 164 164
1 20001 -215 -3 -4 4 0 0 0 0 -1 1 -2 -271 -108 N N N N -1107 -311 66 160 160
1 20000 -217 -5 -1 -4 0 0 0 0 -2 -1 0 -72 -87 N N N N -1058 -303 39 160 160
1 19999 -217 23 0 -2 0 0 0 0 12 -2 4 -39 -62 N N N N -996 -288 22 156 156
1 20000 -209 34 0 6 0 0 0 0 16 -4 4 -24 -27 N N N N -840 -243 17 133 133
1 20002 -209 22 1 -2 0 0 0 0 11 -4 4 -119 -26 N N N N -975 -283 17 156 156
1 19999 -217 -14 3 -3 0 0 0 0 -7 2 -1 -253 -39 N N N N -1453 -421 33 234 234
1 19999 -204 -16 -1 2 1 -1 0 0 -8 2 -4 -140 -45 N N N N -1066 -308 33 171 171
1 20002 -232 -18 -2 0 0 0 0 0 -9 3 -2 -129 -52 N N N N -635 -182 32 101 101
1 19998 -219 -3 -2 -3 0 0 0 0 0 0 0 -113 -30 N N N N -470 -134 28 74 74
1 20001 -222 8 -2 2 0 0 0 0 3 -1 2 -180 -35 N N N N -963 -279 30 158 158
1 19999 -220 13 4 1 0 0 0 0 6 -2 1 -226 -40 N N N N -809 -234 37 133 133
1 20000 -232 -10 -6 2 0 0 0 0 -4 2 -2 -313 -65 N N N N -901 -259 49 146 146
1 20000 -235 0 2 0 0 0 0 0 0 0 0 -267 -89 N N N N -979 -282 61 161 161
1 20001 -226 29 0 1 0 0 0 0 14 -4 4 -187 -71 N N N N -768 -223 39 128 128
1 20000 -229 -21 3 -1 0 0 0 0 -11 3 -2 -780 -108 N N N N -349 -92 97 45 45
1 20000 -252 24 0 0 -1 1 0 0 13 -3 1 -477 -129 N N N N -1128 -321 132 179 179
1 20000 -224 7 2 1 0 0 0 0 2 -2 2 -454 -148 N N N N -2167 -635 99 379 379
1 19999 -175 27 -2 1 0 0 0 0 13 -5 4 -214 -114 N N N N -1729 -511 66 312 312
1 20000 -268 -52 -2 -9 0 0 0 0 -24 8 -4 -212 -81 N N N N -1037 -306 45 189 189
1 20000 -208 11 -3 6 0 0 0 0 6 -1 -2 -106 -62 N N N N 158 51 41 -36 -36
1 20000 -193 -2 3 3 0 0 0 0 -2 1 -1 -254 -44 N N N N 1108 334 42 -215 -215
1 20001 -172 -33 5 -2 0 0 0 0 -17 5 -4 -143 -50 N N N N 2551 767 42 -481 -481
1 19999 -166 7 -5 3 0 0 0 0 4 -1 0 -264 -48 N N N N 3446 1036 34 -633 -633
1 20000 -150 44 5 0 0 0 0 0 21 -7 6 -812 -96 N N N N 1485 460 115 -287 -287
1 18658 -148 -30 -10 -6 1 4 -42 -4 -13 4 -1 -778 -186 N N N N -183 -38 139 6 6
1 19162 -147 17 -7 11 -1 -3 -93 4 11 0 -5 -583 -153 N N N N -1126 -320 157 173 173
1 22181 -164 -94 4 -5 1 -1 -3 0 -49 11 -10 -791 -157 N N N N 1024 322 102 -205 -205
1 20000 -153 27 -6 9 0 0 0 0 16 -1 -2 -589 -180 N N N N 1034 337 170 -220 -220
1 20000 -178 43 10 -5 0 0 0 0 19 -6 10 -1456 -267 N N N N 612 221 257 -162 -162
1 20000 -184 -6 -5 1 0 0 0 0 -2 1 -1 -1426 -220 N N N N 893 310 255 -213 -213
1 19999 -190 -69 12 -3 0 0 0 0 -37 7 -10 -910 -193 N N N N 4197 1326 196 -790 -790
1 20000 -198 -30 -5 1 0 0 0 0 -15 2 -4 -1174 -210 N N N N 3901 1239 166 -715 -715
1 20001 -226 -17 -5 -4 0 0 0 0 -7 1 -2 -2225 -307 N N N N 11262 3633 501 -1989 -1989
1 19999 -225 -18 -2 -3 0 0 0 0 -9 0 0 -3125 -412 N N N N 10710 3502 403 -1761 -1761
1 20003 -228 55 -17 6 0 0 0 0 32 -2 5 -1327 -676 N N N N 11858 3982 530 -1863 -1863
1 21412 -257 -21 31 119 0 1406 0 -2 -18 17 -66 -2750 -682 N N N N 11406 3922 528 -1694 -1694
1 20217 -226 337 7 -13 0 -205 0 -1 156 -59 71 -2279 -531 N N N N 16942 5818 527 -2236 -2236
1 19782 -197 -74 4 -109 10 -1201 0 3 -32 -3 36 -873 -466 N N N N 15403 5301 349 -1802 -1802
1 20001 -196 -90 0 1 0 0 0 0 -41 22 -14 -1236 -638 N N N N 14561 5100 354 -1576 -1576
1 20000 -206 91 -13 2 0 0 0 0 45 -22 10 -2572 -498 N N N N 10635 3882 381 -1131 -1131
1 20000 -179 27 1 -1 0 0 0 0 12 -7 5 -1599 -392 N N N N 11283 4339 562 -1210 -1210
1 20000 -160 82 10 7 0 0 0 0 29 -26 11 -1504 -636 N N N N 6789 2673 356 -706 -706
1 20000 -145 -23 -7 -6 0 0 0 0 -7 6 -3 -4228 -836 N N N N 8475 3807 826 -1027 -1027
1 19999 -130 18 0 5 0 0 0 0 7 -5 1 -4071 -552 N N N N 14895 6150 806 -1430 -1430
1 20001 -132 -77 -4 -5 0 0 0 0 -29 25 -10 -5794 -817 N N N N 6226 3737 1219 -962 -962
1 20000 -142 -22 0 4 0 0 0 0 -10 7 -5 -4619 -908 N N N N 5155 3395 1172 -847 -847
1 18718 -121 38 2 1 0 2 -44 -4 16 -11 5 -8979 -926 N N N N 3496 3887 1937 -1043 -1043
1 20043 -136 -8 -10 -2 0 0 -94 0 0 2 -2 -2449 -1541 N N N N 6356 4311 1343 -937 -937
1 19936 -168 127 -18 3 -1 -2 -56 0 53 -45 10 -449 -1750 N N N N 7013 3806 724 -694 -695
1 20083 -173 22 -3 -1 0 0 -40 0 8 -9 2 -168 -1482 N N N N 7986 3668 323 -567 -567
1 19912 -179 -7 -9 -13 1 2 -47 1 2 0 -1 -143 -1010 N N N N 6239 2816 203 -408 -407
1 24955 -180 -69 7 -108 4 -1383 -4 1 -29 -8 35 -44 -908 N N N N 4681 2055 109 -281 -281
1 22058 -168 -126 1 2 0 0 0 0 -52 43 -7 -21 -447 N N N N 3440 1548 100 -210 -210
1 20001 -163 -117 3 -2 0 0 0 0 -56 28 -8 -9 -327 N N N N 1347 608 40 -81 -81
1 18802 -155 -90 83 122 90 1385 -25 -2 -65 45 -66 -1 -221 N N N N 2168 894 12 -110 -110
1 19891 -188 -100 -28 0 0 -2 -82 0 -44 4 -19 0 -180 N N N N 1541 606 -11 -70 -70
1 19029 -212 -63 -13 -3 1 0 -83 2 -29 -1 -10 -4 -72 N N N N 1162 476 5 -58 -58
1 22278 -243 -32 0 3 -1 1 -5 2 -17 -3 -5 -3 -48 N N N N 1243 543 24 -68 -68
1 19998 -220 -57 0 -5 0 0 0 0 -28 -5 -9 -2 -34 N N N N 829 320 -9 -36 -36
1 10002 -114 -18 -1 1 0 0 0 0 -9 -3 -1 -2 -4 N N N N 411 182 9 -22 -22
1 10000 -95 -16 -1 -2 0 0 0 0 -7 -2 -3 -1 -15 N N N N 354 149 4 -18 -18
1 9999 -115 -12 -2 3 0 0 0 0 -6 -2 -1 -2 0 N N N N 54 30 5 -5 -5
1 10001 -102 -15 5 0 0 0 0 0 -8 -3 -3 -3 -5 N N N N 154 61 -1 -7 -7
1 9999 -100 -15 0 0 0 0 0 0 -7 -3 -3 -2 -3 N N N N 448 186 3 -22 -22
1 10001 -100 -4 -1 0 0 0 0 0 -2 -1 2 0 -7 N N N N 443 204 15 -26 -26
1 10000 -94 -13 1 -1 0 0 0 0 -6 -3 -2 -1 0 N N N N 418 173 2 -20 -20
1 9999 -90 -10 2 3 0 0 0 0 -5 -1 -4 0 -3 N N N N 277 98 -8 -10 -10
1 10001 -102 -29 -2 0 0 0 0 0 -13 -7 -4 1 0 N N N N 80 65 19 -11 -11
1 9999 -106 -3 3 0 0 0 0 0 -2 -1 0 -1 1 N N N N 244 103 3 -13 -13
1 10000 -88 -20 1 -3 0 0 0 0 -9 -4 -3 -4 -2 N N N N 375 140 -7 -14 -14
1 10001 -109 -12 -3 0 0 0 0 0 -5 -4 2 -6 0 N N N N 156 67 2 -8 -8
1 10000 -96 -14 1 0 0 0 0 0 -6 -4 -3 -1 -3 N N N N 283 107 -4 -12 -12
1 10000 -100 -25 0 0 0 0 0 0 -11 -6 -3 2 1 N N N N 399 173 7 -21 -21
1 14260 -163 -14 -10 138 -37 1407 -3 -2 -5 -1 -56 5 -1 N N N N 339 150 8 -18 -18
1 10798 -100 21 1 -14 0 0 0 0 8 7 7 -2 0 N N N N 53 42 12 -7 -7
1 10002 -119 61 -5 7 0 0 0 0 28 17 0 0 1 N N N N 118 56 5 -8 -8
1 9998 -107 85 -4 -1 0 0 0 0 41 19 7 -1 -3 N N N N 88 50 7 -7 -7
1 10000 -108 123 6 -1 0 0 0 0 60 19 14 -2 -1 N N N N 327 136 3 -16 -16
1 10000 -124 162 6 2 0 0 0 0 81 6 26 1 1 N N N N 41 23 4 -3 -3
1 10002 -119 112 -9 -4 0 0 0 0 60 -10 19 -5 -1 N N N N -50 -16 2 2 2
1 9998 -123 56 15 9 0 0 0 0 23 -8 7 -40 -4 N N N N 160 62 -2 -7 -7
1 13635 -159 118 -36 -138 7 -1408 -1 2 60 -58 83 -19 -3 N N N N 484 191 -3 -21 -21
1 10779 -88 123 20 14 0 0 0 0 40 -40 15 31 -4 N N N N 20 8 0 -1 -1
1 9999 -95 6 1 -15 0 0 0 0 3 -6 6 -11 -3 N N N N 298 119 0 -13 -13
1 9999 -99 -51 -2 -1 0 0 0 0 -18 19 -7 -134 -9 N N N N 19 19 6 -4 -4
1 10001 -91 26 7 12 0 0 0 0 7 -6 1 -49 -17 N N N N 127 99 28 -16 -16
1 10000 -112 -31 6 -13 0 0 0 0 -12 8 2 6 -21 N N N N 284 146 18 -19 -19
1 10001 -118 -20 -19 7 0 0 0 0 -2 9 -11 -13 1 N N N N -24 -29 -11 5 5
1 9999 -114 -51 2 0 0 0 0 0 -21 17 -5 -2 -4 N N N N 201 105 13 -14 -14
1 10000 -109 12 -32 -1 0 0 0 0 17 -4 -12 0 -4 N N N N 0 -4 -2 0 0
1 10000 -99 18 24 -2 0 0 0 0 0 -6 11 -14 0 N N N N 104 71 17 -10 -10
1 10000 -123 60 22 5 0 0 0 0 12 -21 16 -3 1 N N N N 226 86 -3 -10 -10
1 10000 -105 -3 -9 0 0 0 0 0 3 1 -5 -16 -4 N N N N 262 110 2 -12 -12
1 10000 -125 19 -6 1 0 0 0 0 11 -6 -3 -5 -8 N N N N 35 7 -4 0 0
1 9999 -111 56 12 10 0 0 0 0 14 -20 9 -2 -1 N N N N 90 50 8 -7 -7
1 10003 -110 24 -6 -10 0 0 0 0 7 -14 5 -11 5 N N N N 152 79 9 -11 -11
1 9998 -89 -17 -19 -4 0 0 0 0 1 6 -6 7 -6 N N N N 80 37 3 -5 -5
1 10000 -106 -98 25 -4 0 0 0 0 -44 37 3 19 10 N N N N 157 75 6 -9 -9
1 10000 -114 82 -14 13 0 0 0 0 32 -28 1 -20 -4 N N N N 43 18 1 -2 -2
1 10000 -96 13 7 -17 0 0 0 0 12 -8 -5 -30 -2 N N N N 198 85 3 -10 -10
1 15457 -189 100 19 -138 10 -1390 -1 -2 12 -96 50 20 -13 N N N N 153 81 10 -11 -11
1 10779 -108 -141 -11 44 0 0 0 0 -29 83 -20 7 4 N N N N 89 36 1 -4 -4
1 10000 -98 -131 -9 -1 0 0 0 0 -42 53 -18 128 -11 N N N N 185 79 2 -9 -9
