version: 66.14
glider: 195
mission: 21
dive: 20
start: 4 9 105 21 28 20
columns: rec,elaps_tms,depth,heading,pitch,roll,AD_pitch,AD_roll,AD_vbd,GC_phase,mag.x,mag.y,mag.z,sbect.TempFreq,sbect.CondFreq,wlbb2fl.sig470nm,wlbb2fl.sig700nm,wlbb2fl.sig695nm,wlbb2fl.temp,aa4330.O2,aa4330.AirSat,aa4330.Temp,aa4330.CalPhase,aa4330.TCPhase,
data:
0 12192 71 867 -633 62 201 2078 1403 6 26 -352 0 178907 136815 44 101 59 532 259853 100032 24617 29165 30571
1 4665 -4 -19 18 111 0 0 0 0 -2 8 46 -116 -10 0 -11 0 0 -2986 -788 197 50 50
1 5290 -10 193 -18 -184 0 0 0 0 -34 -3 -1 17 3 8 3 0 0 2618 686 -176 -43 -43
1 5023 -16 -70 20 51 0 0 0 0 13 -1 -5 -29 2 -12 6 0 0 154 -6 -35 7 7
1 5146 19 -72 36 17 0 0 0 0 14 -3 -24 -12 1 8 -2 2 0 466 359 97 -57 -57
1 5082 10 -219 -100 181 0 0 0 0 34 0 -25 127 9 0 -8 -1 0 -896 -249 51 18 18
1 6096 -1 259 1 -251 0 0 0 0 -32 -3 4 -67 -4 24 -63 -3 0 -2371 -600 172 34 34
1 5154 -7 -136 68 80 0 0 0 0 12 1 -26 -48 3 -26 64 -3 0 2150 429 -218 -7 -7
1 5092 -13 32 155 48 0 0 0 0 3 6 58 -43 -2 -4 6 1 0 2562 940 -25 -98 -98
1 5037 7 44 -204 -105 0 0 0 0 -5 -7 -48 163 2 1 38 3 0 -1193 -359 54 29 29
1 5326 3 -7 105 -51 0 0 0 0 2 0 -20 -50 -1 5 -37 -1 0 -1338 -443 39 41 41
1 4960 10 -153 -113 226 0 0 0 0 24 6 29 62 -3 -4 1 1 0 1930 835 49 -99 -99
1 8300 -23 -27 109 -5 1 1 7 -4 15 4 -4 -84 2 -1 -2 2 0 -2081 -489 170 21 21
1 6630 11 76 -90 -73 0 0 168 0 -10 -4 -4 -40 -1 -1 18 -6 0 -149 -249 -104 46 46
1 7698 33 154 -66 -89 -1 -1 191 0 -31 -4 22 51 4 0 -20 4 0 -3751 -990 253 63 63
1 6582 24 -65 65 90 7 1 161 0 2 3 17 -66 -12 12 -1 4 0 -4841 -1823 33 197 197
1 6605 -3 106 -10 -180 -6 -1 170 0 -16 -6 -41 24 -3 -11 5 -7 -1 -3401 -1328 -3 151 151
1 6604 20 -80 -56 116 -1 2 168 0 11 2 15 110 13 7 -4 4 0 -2077 -816 -5 95 95
1 8073 38 322 -91 -352 1 -1 203 0 -13 -3 -24 -78 -2 -11 7 -2 1 -906 -368 -9 45 45
1 6625 22 -290 109 282 -2 0 169 0 6 2 4 -35 -6 5 -7 4 0 -477 -154 18 14 14
1 6580 43 47 15 -61 2 0 186 0 -2 -1 -5 -36 13 1 0 -4 -1 -345 -114 12 11 11
1 13138 215 10 -94 -34 93 0 188 -1 8 2 -19 67 25 -2 2 7 1 -825 -326 -3 39 39
1 8201 197 -223 270 160 2150 4 2 1 43 8 4 185 43 0 1 4 -1 268 86 -10 -8 -8
1 6581 136 52 227 -36 153 -5 256 0 -16 -3 34 19 13 0 -1 1 0 -194 -147 -42 25 25
1 10881 179 -39 27 116 -7 1407 128 2 18 12 51 46 14 0 -1 1 0 -225 -142 -31 23 23
1 5243 107 -18 -6 12 0 0 0 0 9 3 1 8 6 2 3 3 0 -416362 -161720 -2 -269990 -269990
1 5265 104 -13 11 -4 0 0 0 0 7 2 -1 34 16 -3 8 4 0 416239 161663 -4 269997 269997
1 5310 105 -17 7 7 0 0 0 0 8 3 0 15 6 3 -7 0 0 -124 -71 -13 11 11
1 4963 96 -23 -13 11 0 0 0 0 9 1 -8 -4 -3 0 0 0 0 -136 -63 -6 9 9
1 4961 102 -16 8 -17 0 0 0 0 9 2 -6 7 4 0 -4 2 0 -81 -43 -6 6 6
1 5659 129 -12 -14 9 0 0 0 0 4 2 -4 50 21 -2 5 5 0 -150 -73 -9 10 10
1 5154 99 3 7 -15 0 0 0 0 0 0 -2 64 22 3 -3 2 0 36 -4 -10 3 3
1 5103 111 -30 -8 11 0 0 0 0 13 3 -7 65 22 -2 1 5 0 -132 -82 -18 13 13
1 5018 103 -18 9 -4 0 0 0 0 8 4 -4 12 7 2 5 2 0 -248 -117 -12 16 16
1 5213 107 -26 -5 7 0 0 0 0 12 7 -3 0 -1 -1 -3 1 0 -260 -113 -7 14 14
1 5168 116 -27 7 -1 0 0 0 0 11 5 -7 -1 -2 -1 -3 1 0 -138 -64 -6 9 9
1 5028 114 -22 5 -2 0 0 0 0 10 6 -4 -9 -3 0 -1 0 0 -48 -26 -4 4 4
1 5159 117 -35 -9 6 0 0 0 0 13 8 -10 3 2 2 -1 5 0 -24 -12 -2 2 2
1 5214 103 -27 4 -4 0 0 0 0 11 9 -6 -7 -5 0 -1 -2 0 -152 -60 -1 7 7
1 5309 111 -29 -3 5 0 0 0 0 10 9 -6 15 6 -2 3 11 0 -28 -15 -2 2 2
1 9743 210 -53 4 -21 4 -206 0 0 20 19 -16 38 12 1 1 4 0 -228 -101 -8 14 14
1 8957 195 -6 2 -107 -4 -1217 2 2 1 7 -41 13 5 -2 -2 -1 0 -53 -35 -8 5 5
1 5400 120 -4 -7 -5 0 0 0 0 1 2 -4 3 2 3 4 4 0 -140 -64 -5 9 9
1 5172 120 -7 2 -2 0 0 0 0 2 3 -2 5 0 -1 -2 0 0 105 36 -3 -4 -4
1 5033 98 3 1 -2 0 0 0 0 -1 -1 0 27 9 0 -5 11 0 -67 -30 -3 4 4
1 5170 122 10 3 -6 0 0 0 0 -3 -3 1 20 7 3 9 2 0 -42 -27 -6 5 5
1 5215 105 12 -2 -5 0 0 0 0 -4 -5 -1 -13 -4 -2 -3 2 0 -106 -50 -5 7 7
1 5668 134 16 -1 2 0 0 0 0 -5 -6 4 55 22 -2 -1 4 0 -138 -51 1 6 6
1 5176 101 30 1 2 0 0 0 0 -12 -11 5 1 4 3 -1 1 0 22 -10 -11 3 3
1 4970 116 15 3 4 0 0 0 0 -5 -6 4 -3 0 -2 3 4 0 -116 -55 -5 7 7
1 5585 108 11 -8 4 0 0 0 0 -4 -4 3 20 6 1 -3 0 0 -143 -62 -4 8 8
1 6027 138 28 8 -5 0 0 0 0 -10 -10 4 29 9 0 11 7 0 -111 -45 -1 6 6
1 4687 91 35 -8 -8 0 0 0 0 -15 -9 2 3 4 -3 -12 -6 0 -105 -53 -8 8 8
1 5308 120 48 1 -9 0 0 0 0 -20 -15 4 46 14 4 3 -2 -1 -193 -78 -1 10 10
1 5209 101 21 -2 11 0 0 0 0 -10 -6 7 12 8 -6 3 2 1 -138 -69 -9 10 10
1 5168 114 23 1 -1 0 0 0 0 -9 -5 7 -3 1 3 -1 0 0 -201 -87 -6 11 11
1 5057 108 -3 -5 1 0 0 0 0 0 1 -3 14 1 -1 -2 1 -1 -86 -36 -2 5 5
1 5169 124 8 11 0 0 0 0 0 -3 -2 5 10 6 0 -2 1 1 -246 -103 -4 13 13
1 5202 105 7 -2 4 0 0 0 0 -3 -2 3 16 5 4 11 0 0 -46 -29 -7 5 5
1 5314 119 19 5 1 0 0 0 0 -9 -4 4 61 30 -3 -10 -3 -1 -131 -54 -2 7 7
1 10462 222 25 -4 3 0 0 0 0 -11 -5 8 83 30 1 31 -2 1 -459 -215 -21 30 30
1 10000 198 70 3 -9 0 0 0 0 -34 -11 9 64 26 -3 -31 -1 0 -431 -204 -23 29 29
1 10000 203 36 -1 7 0 0 0 0 -18 -4 11 78 30 4 0 -5 0 -275 -140 -19 20 20
1 9999 217 34 -3 -5 0 0 0 0 -16 -3 6 99 39 -4 -2 2 0 -399 -199 -27 30 30
1 9999 199 23 2 -7 0 0 0 0 -11 -1 3 26 14 3 1 -5 0 -457 -204 -16 28 28
1 10000 214 16 -2 5 0 0 0 0 -9 -1 3 3 0 0 0 2 0 -291 -130 -10 17 17
1 10000 206 19 2 6 0 0 0 0 -10 0 7 29 12 -1 1 -1 0 -226 -103 -10 15 15
1 10000 222 13 0 9 0 0 0 0 -6 1 8 34 15 0 5 -6 0 -152 -67 -5 9 9
1 10000 216 17 1 -7 0 0 0 0 -9 -1 0 -20 -8 -1 -5 0 0 -172 -80 -8 11 11
1 10001 216 13 -2 -2 0 0 0 0 -6 0 2 85 30 3 1 1 0 -149 -68 -6 10 10
1 10000 211 16 3 3 0 0 0 0 -9 1 5 88 40 -2 2 -4 0 -96 -74 -22 13 13
1 9999 209 15 3 2 0 0 0 0 -7 2 5 241 84 1 -3 -4 0 -174 -133 -39 24 24
1 10000 192 21 1 -2 0 0 0 0 -11 1 3 330 128 -1 1 -4 0 -516 -294 -57 47 47
1 10000 181 31 -2 -1 0 0 0 0 -15 2 6 420 152 0 -1 -1 0 -662 -392 -82 65 65
1 10000 190 45 2 -2 0 0 0 0 -22 6 8 350 129 -1 3 -4 0 -972 -546 -104 88 88
1 10000 187 30 0 -6 0 0 0 0 -14 4 4 527 194 0 -6 -3 0 -1244 -672 -117 107 107
1 10000 185 20 3 5 0 0 0 0 -10 4 6 970 325 1 -3 -5 0 -1541 -865 -167 143 143
1 10000 162 7 3 0 0 0 0 0 -4 1 0 659 235 -1 -2 -1 0 -2136 -1148 -205 189 189
1 10000 159 3 5 -3 0 0 0 0 -2 1 -1 558 204 0 1 -4 0 -2381 -1187 -175 190 190
1 10001 158 36 -3 3 0 0 0 0 -16 8 9 835 302 -1 -1 0 0 -2210 -1086 -156 176 176
1 9999 166 68 3 -4 0 0 0 0 -31 16 10 847 283 1 -2 -7 0 -2415 -1238 -207 210 210
1 14213 208 156 -15 115 -11 1420 1 -2 -56 83 67 1716 566 0 -4 -4 0 -3771 -1971 -357 346 346
1 10787 176 44 -9 19 0 0 0 0 -12 25 11 686 282 -3 1 -3 0 -3201 -1644 -295 295 295
1 10885 195 -93 23 6 0 0 0 0 26 -38 -9 1374 433 5 -3 -4 0 -2976 -1542 -291 286 286
1 10468 186 -104 -2 0 0 0 0 0 42 -36 -9 173 73 -2 1 -6 0 -5163 -2227 -218 381 381
1 10471 160 -45 -5 -3 0 0 0 0 21 -14 -5 225 82 -4 1 -3 0 -5620 -2216 -103 368 368
1 10824 177 5 -3 -3 0 0 0 0 -2 1 -1 430 147 0 -2 -1 0 -4083 -1650 -108 288 288
1 20528 326 -209 11 11 0 0 0 0 98 -41 -29 1349 389 2 3 -6 0 -7132 -2959 -257 547 547
1 20472 362 -74 -18 0 0 0 0 0 38 -7 -16 1310 443 -1 67 -1 0 -7031 -3030 -362 606 606
1 20764 380 -284 43 2 0 0 0 0 139 23 -54 3410 1032 -1 -70 1 0 -7444 -3472 -630 774 774
1 20473 266 -160 -22 -17 0 0 0 0 66 40 -48 2217 719 0 -2 -4 0 -10218 -4405 -648 1006 1006
1 23587 276 84 8 -129 0 -1411 0 2 -34 -26 -36 1581 534 0 1 -2 0 -5916 -2652 -505 663 663
1 19998 218 158 -1 3 0 0 0 0 -72 -38 28 776 246 2 -3 1 0 -2317 -1111 -276 300 300
1 20000 227 127 0 -2 0 0 0 0 -63 -16 25 831 231 0 1 -4 0 -193 -310 -222 116 116
1 20000 215 -16 -2 5 0 0 0 0 8 2 -1 1502 360 -1 -1 -1 1 1466 153 -323 37 37
1 20002 242 5 2 0 0 0 0 0 -2 -1 1 216 80 2 1 -2 0 1379 294 -163 -28 -28
1 20000 254 61 -5 -3 0 0 0 0 -31 -3 11 1095 235 -2 0 1 0 1040 223 -120 -22 -22
1 20000 283 183 9 0 0 0 0 0 -94 12 33 2166 733 -2 -6 -4 0 992 -140 -428 124 124
1 19999 250 141 1 2 0 0 0 0 -66 29 27 40 -61 -1 6 0 0 -22 -258 -225 106 106
1 20000 234 54 -2 2 0 0 0 0 -23 16 11 -66 -84 3 -5 0 0 59 -95 -102 43 43
1 20001 201 59 -3 -1 0 0 0 0 -22 19 9 -65 -107 0 4 -1 0 -176 -39 19 4 4
1 19998 214 253 4 -2 0 0 0 0 -76 106 26 2662 908 -1 -2 1 0 989 -30 -325 79 79
1 20000 242 294 0 -5 0 0 0 0 -23 149 9 1558 598 0 -3 2 0 300 -353 -403 166 166
1 20000 235 260 5 6 0 0 0 0 44 129 -18 1492 550 -2 2 -3 0 -396 -516 -344 191 191
1 20002 182 204 -9 -9 0 0 0 0 73 76 -21 1104 416 2 1 1 0 -598 -559 -326 197 197
1 20000 200 155 18 7 0 0 0 0 66 42 -32 721 264 -3 -2 -5 0 -1235 -613 -190 180 180
1 19999 176 25 -2 0 0 0 0 0 12 5 -3 1662 528 5 2 7 1 -1093 -651 -269 208 208
1 24237 222 82 -29 -121 0 -1363 2 -2 45 -9 47 944 371 0 -3 -5 0 -2014 -940 -266 276 276
1 20526 209 24 34 -4 0 0 0 0 8 3 -4 1234 378 -1 -2 3 0 -1671 -731 -181 212 212
1 20826 193 116 -12 -31 0 0 0 0 61 2 -5 1508 517 -1 2 6 0 -2103 -1051 -357 329 329
1 20528 206 15 -10 22 0 0 0 0 9 5 -14 414 183 -1 -2 -11 0 -3739 -1413 -218 392 392
1 20472 216 15 10 9 0 0 0 0 6 1 -8 822 240 1 4 7 1 -2722 -1031 -167 293 293
1 20824 199 -61 -6 8 0 0 0 0 -31 1 8 929 300 1 -2 0 0 -3715 -1429 -262 420 420
1 20469 196 -25 -2 -6 0 0 0 0 -12 -3 8 172 94 -1 2 -1 0 -4813 -1563 -54 419 419
1 20822 223 64 -14 10 0 0 0 0 33 5 -19 266 86 0 0 -4 0 -2957 -1022 -101 294 294
1 20884 210 -27 11 -21 0 0 0 0 -14 -5 17 224 77 -1 0 1 0 -3205 -1098 -106 322 322
1 20470 225 -60 8 14 0 0 0 0 -31 -1 5 241 72 3 2 4 0 -3147 -1018 -40 290 290
1 20472 226 57 -13 -9 0 0 0 0 30 2 -7 92 33 -1 -4 -2 1 -1938 -621 -19 179 179
1 20824 279 58 5 4 0 0 0 0 29 2 -14 33 12 -2 3 3 0 -1617 -528 -27 156 156
1 20529 239 85 11 4 0 0 0 0 42 -4 -19 61 19 2 -4 -2 0 -1433 -464 -21 137 137
1 20470 254 88 -6 0 0 0 0 0 43 -11 -20 72 18 -1 2 -3 0 -1254 -410 -23 124 124
1 20825 261 72 -2 -1 0 0 0 0 33 -14 -15 40 11 -2 0 2 0 -1316 -416 -8 123 123
1 22648 279 10 27 125 20 1382 1 2 5 0 -49 74 10 2 2 -3 1 -1522 -489 -18 147 147
1 19998 222 -144 1 3 0 0 0 0 -68 31 22 320 59 2 -2 -1 0 -2027 -661 -37 205 205
1 20000 219 -33 -1 -3 0 0 0 0 -17 5 6 504 121 0 -1 1 0 -4009 -1320 -95 420 420
1 19999 197 -11 0 0 0 0 0 0 -5 1 3 567 149 -3 1 2 0 -5045 -1658 -124 542 542
1 20001 199 11 0 -1 0 0 0 0 5 -1 -2 346 106 2 -2 -4 0 -3182 -1047 -86 353 353
1 20000 206 41 -1 1 0 0 0 0 21 -6 -7 402 128 2 3 2 1 -1446 -505 -85 183 183
1 20000 228 96 0 -3 0 0 0 0 46 -19 -15 401 125 -3 0 1 0 -180 -109 -74 51 51
1 19999 235 102 4 -2 0 0 0 0 45 -29 -14 472 142 -1 -3 -4 0 344 36 -99 9 9
1 20000 235 64 0 4 0 0 0 0 26 -22 -9 109 38 -1 6 3 0 -232 -123 -74 56 56
1 20001 239 -20 0 2 0 0 0 0 -8 7 2 63 25 3 -5 -1 1 -888 -296 -34 104 104
1 20000 220 -40 -3 0 0 0 0 0 -16 14 4 147 44 0 0 -1 0 -599 -201 -25 72 72
1 19999 224 -79 1 1 0 0 0 0 -34 23 12 381 102 -1 2 1 0 -518 -188 -42 71 71
1 20000 218 -74 2 0 0 0 0 0 -35 17 11 651 198 0 1 0 0 -323 -171 -105 79 79
1 20000 215 13 1 -2 0 0 0 0 6 -3 -1 456 149 0 -3 -2 1 2674 723 -132 -211 -211
1 20000 202 79 -1 -1 0 0 0 0 37 -19 -10 499 141 2 2 1 0 3426 980 -86 -299 -299
1 20000 209 65 1 1 0 0 0 0 28 -20 -10 995 276 0 0 2 0 2917 767 -159 -210 -210
1 24234 264 13 -8 -122 1 -1378 0 -2 5 -5 44 327 109 -2 -1 -2 0 2966 778 -156 -211 -211
1 20488 215 95 7 -1 0 0 0 0 36 -32 -16 66 23 2 2 2 0 -400 -143 -29 51 51
1 20511 226 156 1 -4 0 0 0 0 44 -64 -28 32 15 -2 -1 -1 1 -986 -331 -45 113 113
1 20826 212 155 -2 4 0 0 0 0 24 -75 -26 -1 1 1 0 -1 0 -102 -45 -18 18 18
1 20470 228 -3447 1 -3 0 0 0 0 2 -79 -17 18 3 -3 3 -1 0 432 123 -10 -36 -36
1 20471 200 145 2 1 0 0 0 0 -19 -74 -11 1 -1 2 -2 3 0 692 205 -4 -64 -64
1 20824 213 153 0 1 0 0 0 0 -40 -72 -2 2 -4 2 -1 0 0 794 234 -6 -71 -71
1 20469 208 127 -2 1 0 0 0 0 -46 -51 3 -3 -5 -3 3 0 1 1053 318 1 -99 -99
1 23707 239 99 -2 123 -5 1370 -1 2 -41 -41 62 -29 -12 2 -3 -2 0 873 267 6 -83 -83
1 19998 217 11 2 0 0 0 0 0 -5 -3 3 13 -1 1 0 -1 0 916 278 2 -86 -86
1 20003 208 -2 1 0 0 0 0 0 1 1 0 43 13 -2 2 1 0 476 134 -11 -39 -39
1 19998 215 -13 0 0 0 0 0 0 6 3 -2 66 17 0 -1 0 0 -532 -167 -9 54 54
1 20001 229 -15 1 1 0 0 0 0 6 5 -2 41 12 -2 2 -2 1 -1030 -318 -11 99 99
1 19998 231 -38 -2 -1 0 0 0 0 17 11 -5 68 20 3 -3 2 0 -1503 -463 -13 146 146
1 20002 238 -60 2 0 0 0 0 0 25 20 -8 222 62 2 3 1 0 -2325 -719 -28 231 231
1 20000 232 -69 1 1 0 0 0 0 25 26 -8 198 62 -2 1 -1 0 -3880 -1198 -43 390 390
1 20000 248 -52 -1 0 0 0 0 0 17 22 -5 123 39 0 -2 0 0 -3941 -1206 -33 400 400
1 19998 229 -63 1 1 0 0 0 0 18 28 -6 150 48 1 0 1 1 -3668 -1122 -33 381 381
1 20000 242 -37 -1 -2 0 0 0 0 9 18 -3 77 24 -2 2 -1 0 -2546 -781 -27 272 272
1 20002 243 -34 3 0 0 0 0 0 6 17 -2 70 20 3 -2 0 0 -1350 -416 -17 146 146
1 20000 250 -47 -1 0 0 0 0 0 10 23 -3 95 27 -4 2 1 0 -836 -262 -18 94 94
1 20000 233 -60 -2 1 0 0 0 0 7 31 -2 123 36 -1 -2 -2 0 -988 -310 -23 113 113
1 20000 232 -40 1 -1 0 0 0 0 4 21 -2 115 35 4 0 2 1 -1090 -342 -25 125 125
1 20000 234 -42 0 2 0 0 0 0 2 22 0 104 34 -2 1 2 0 -758 -242 -24 90 90
1 24589 296 3 -8 -123 0 -1372 0 -2 -1 11 -7 240 66 1 0 -3 0 -862 -278 -33 106 106
1 21290 261 75 5 -4 0 0 0 0 -5 -39 -5 305 92 1 0 1 0 -309 -129 -59 58 58
1 21001 257 120 1 0 0 0 0 0 -19 -61 -7 117 41 1 0 0 0 -1147 -368 -43 140 140
1 20886 270 133 -2 2 0 0 0 0 -35 -62 -2 123 40 -3 -3 -4 1 -1650 -510 -31 191 191
1 21347 265 151 3 23 -1 213 -1 0 -55 -63 15 42 12 3 3 5 0 -1830 -559 -24 208 208
1 19945 233 102 -2 100 -8 1158 0 2 -44 -37 54 95 31 -2 -2 0 0 -485 -152 -14 59 59
1 20001 230 2 0 0 0 0 0 0 0 -1 2 22 6 0 2 -2 0 -773 -239 -15 91 91
1 20000 237 -51 -2 1 0 0 0 0 23 14 -7 41 11 0 0 1 0 -133 -43 -6 17 17
1 20000 232 -71 1 2 0 0 0 0 29 23 -10 117 33 -2 1 0 0 -177 -60 -13 25 25
1 20000 237 -60 1 -3 0 0 0 0 23 22 -8 133 42 0 -4 0 1 -975 -304 -26 119 118
1 29999 337 -78 0 0 0 0 0 0 27 32 -8 215 65 2 6 0 0 -2288 -700 -35 269 270
1 30001 358 -117 -1 2 0 0 0 0 30 54 -10 319 99 0 -2 -2 0 -3766 -1154 -69 456 456
1 30000 351 -69 4 -2 0 0 0 0 13 34 -4 146 72 2 1 0 0 -4255 -1281 -41 511 511
1 30000 335 -37 -2 2 0 0 0 0 5 19 -2 73 2 -3 0 4 0 -3280 -985 -29 403 403
1 29999 346 12 1 -2 0 0 0 0 -1 -6 1 4 -4 0 0 -1 1 -1616 -482 -10 199 199
1 30000 348 11 0 0 0 0 0 0 -1 -6 0 8 -6 1 -3 -2 0 -594 -177 -2 73 73
1 30001 325 -60 -2 2 0 0 0 0 6 31 -3 165 50 -1 5 2 0 -634 -193 -13 83 83
1 34647 472 140 1 -129 0 -1369 -2 -2 -21 -58 -19 3350 1012 0 -10 1 0 -4448 -1491 -410 703 703
1 30883 401 185 0 2 0 0 0 0 -53 -84 0 479 197 3 5 -3 0 -8508 -2598 -288 1193 1193
1 32001 378 183 -1 125 -8 1375 0 2 -75 -72 67 354 123 -1 -1 0 1 -2378 -733 -117 355 355
1 29999 360 130 0 1 0 0 0 0 -63 -27 21 179 64 -1 3 0 0 -491 -163 -59 85 85
1 30000 338 119 0 -1 0 0 0 0 -61 -12 19 123 42 0 -2 3 0 -56 -27 -31 18 18
1 30001 333 86 0 0 0 0 0 0 -45 0 16 46 17 1 3 0 0 -130 -46 -23 24 24
1 30000 332 56 1 0 0 0 0 0 -30 3 9 72 21 1 -2 -1 0 -47 -18 -14 11 11
1 30000 340 52 -2 1 0 0 0 0 -26 6 9 197 58 -2 3 -1 0 -127 -46 -27 26 26
1 29999 325 131 -1 -1 0 0 0 0 -64 24 20 469 145 3 -2 -1 1 -104 -57 -79 40 40
1 29999 332 64 2 1 0 0 0 0 -29 17 10 158 55 -3 1 4 0 -424 -140 -50 73 73
1 30000 338 27 -2 1 0 0 0 0 -12 8 4 474 140 -1 -2 -5 0 -550 -183 -72 97 97
1 30001 329 34 3 1 0 0 0 0 -14 12 4 296 98 1 1 2 0 202 35 -68 -5 -5
1 30000 341 51 0 -1 0 0 0 0 -19 18 7 130 42 0 -2 1 0 58 2 -43 6 6
1 34644 404 -60 -9 127 -10 1396 -2 -2 25 8 44 329 98 -1 3 0 0 190 40 -44 -11 -11
1 30883 382 -148 4 5 0 0 0 0 64 -44 -14 237 72 0 1 0 0 -902 -275 -47 136 136
1 31060 369 -127 -8 -6 0 0 0 0 65 -25 -17 771 226 1 1 -3 1 -1454 -444 -85 222 222
1 30471 367 -72 0 0 0 0 0 0 37 -8 -11 227 90 1 -5 1 0 -3453 -1021 -112 505 505
1 31002 369 -141 3 -1 0 0 0 0 74 -2 -24 394 120 1 1 1 0 -2324 -682 -69 342 342
1 32584 373 -158 3 3 0 0 0 0 78 19 -30 264 88 -2 2 1 0 -782 -242 -68 129 129
1 30883 379 -200 4 0 0 0 0 0 86 53 -40 263 82 -2 -3 1 0 -2228 -649 -61 332 332
1 32589 362 48 21 -128 38 -1398 -1 2 -18 -17 -33 544 159 1 -2 -1 0 -3808 -1100 -78 568 568
1 30001 311 49 3 2 0 0 0 0 -21 -16 7 284 93 0 1 -2 0 -1219 -362 -72 197 197
1 29999 316 -10 0 1 0 0 0 0 4 3 -2 440 133 -2 0 0 1 -1242 -367 -72 200 200
1 30000 295 130 0 -3 0 0 0 0 -60 -34 17 471 146 1 0 4 0 -534 -171 -92 103 103
1 30001 288 109 -1 1 0 0 0 0 -55 -18 16 129 51 3 -2 0 0 1791 492 -53 -249 -249
1 30000 290 61 2 -1 0 0 0 0 -32 -6 9 23 10 -3 2 -3 0 1376 383 -19 -194 -194
1 29999 302 40 -2 4 0 0 0 0 -22 -2 6 5 1 3 -2 1 0 797 223 -4 -113 -113
1 30000 298 45 -3 -1 0 0 0 0 -24 0 6 13 4 -3 -2 -2 0 296 82 -5 -41 -41
1 30000 292 50 3 -2 0 0 0 0 -26 2 9 18 4 2 2 4 0 68 18 -5 -8 -8
1 30000 315 46 -1 0 0 0 0 0 -24 5 6 10 3 0 5 -3 0 -120 -35 -2 17 17
1 30000 288 42 2 0 0 0 0 0 -22 4 6 8 -1 0 -7 -1 0 -36 -11 -4 7 7
1 34233 362 -81 -6 127 -6 1403 -2 -2 44 12 52 9 0 0 5 3 1 42 11 -2 -6 -6
1 31000 316 -158 1 0 0 0 0 0 83 -5 -24 7 -2 1 2 1 0 -188 -53 -3 28 28
1 30473 326 -141 1 0 0 0 0 0 72 14 -26 35 8 -1 -4 -1 0 -121 -35 -4 18 18
1 31178 327 -130 -4 0 0 0 0 0 61 29 -24 186 51 -1 1 -1 0 -522 -152 -23 81 81
1 33081 353 -131 2 -118 0 -1406 -1 2 51 41 -66 213 63 -2 -2 1 0 -1414 -407 -39 214 214
1 30802 324 -15 1 -9 0 0 0 0 6 6 -5 765 213 1 1 -1 0 -1383 -408 -89 224 224
1 30000 311 -43 -1 4 0 0 0 0 14 18 -3 380 127 1 -1 -2 0 -2778 -799 -107 435 435
1 29999 318 -38 -1 0 0 0 0 0 11 17 -4 581 171 0 0 1 0 -2012 -580 -88 320 320
1 30001 301 -63 1 -1 0 0 0 0 17 29 -5 428 138 -1 1 0 0 -708 -214 -95 128 128
1 29999 319 -54 1 -1 0 0 0 0 12 26 -3 198 70 2 0 0 1 177 38 -60 -12 -12
1 30000 305 -31 -1 -1 0 0 0 0 5 16 -1 204 63 -1 -1 0 0 788 210 -43 -108 -108
1 30001 294 -39 2 1 0 0 0 0 5 20 -2 236 70 -1 1 2 0 1306 354 -42 -183 -183
1 29998 312 -52 1 0 0 0 0 0 6 27 -2 315 86 2 -1 -1 0 967 260 -41 -132 -132
1 30001 301 3489 -3 2 0 0 0 0 3 59 -1 880 261 -1 0 2 0 -1063 -321 -133 188 188
1 30001 309 -79 4 -4 0 0 0 0 -6 42 1 701 219 -1 1 -2 0 -1032 -311 -135 183 183
1 34118 360 80 -8 -126 0 -1390 -2 -2 5 -32 0 213 81 2 -4 1 0 673 168 -82 -79 -79
1 31349 341 -3423 1 1 0 0 0 0 -10 -92 -16 76 30 -1 4 -3 0 1776 481 -36 -248 -248
1 30473 330 181 0 -1 0 0 0 0 -40 -88 -8 20 8 1 -2 3 0 1372 373 -13 -193 -193
1 31683 334 175 1 25 -3 212 0 0 -62 -74 13 227 62 0 -1 -2 0 53 10 -22 -2 -2
1 29964 315 26 -1 98 -4 1179 -1 2 -10 -15 45 232 68 1 0 0 1 1604 429 -46 -216 -216
1 29998 311 -3 1 3 0 0 0 0 1 1 0 358 105 -4 3 2 0 1959 522 -60 -258 -258
1 30001 304 24 0 0 0 0 0 0 -10 -8 3 368 113 4 1 1 0 1637 430 -66 -207 -207
1 30000 307 12 1 -3 0 0 0 0 -5 -3 2 63 25 -3 -3 -1 0 1183 315 -32 -152 -152
1 30001 319 6 0 2 0 0 0 0 -3 -2 0 36 16 3 -1 -1 0 864 232 -14 -114 -114
1 30000 313 -11 -2 1 0 0 0 0 5 3 -1 41 10 -3 -2 -2 0 359 94 -12 -45 -45
1 30000 302 -1 1 0 0 0 0 0 0 1 0 54 15 0 5 3 0 317 84 -10 -39 -39
1 29999 296 -14 1 -2 0 0 0 0 6 5 -1 44 11 0 2 -2 0 705 189 -11 -92 -92
1 30001 309 -37 1 4 0 0 0 0 16 11 -5 82 22 1 -3 2 0 298 78 -11 -36 -36
1 29999 294 -40 1 -2 0 0 0 0 16 14 -5 31 9 0 -2 0 0 190 49 -11 -22 -22
1 30001 305 -14 -3 -3 0 0 -2 0 6 5 -2 72 19 -1 -1 -1 0 166 42 -9 -20 -20
1 30000 289 192 1 0 0 0 0 0 -84 -58 24 1221 340 1 -2 -1 1 1304 319 -125 -136 -136
1 30000 304 122 2 0 0 0 0 0 -61 -22 19 122 63 1 2 2 0 2303 592 -108 -268 -268
1 29999 275 59 -2 1 0 0 0 0 -31 -6 9 9 9 -1 1 -1 0 1019 270 -19 -125 -125
1 30001 284 39 0 1 0 0 0 0 -21 -2 6 3 2 1 2 0 0 376 100 -6 -47 -47
1 30000 285 51 1 0 0 0 0 0 -27 0 8 15 4 -1 -2 0 0 111 29 -3 -13 -13
1 30000 299 35 -2 1 0 0 0 0 -19 0 5 14 2 -2 0 -1 0 37 9 -4 -4 -4
1 30000 293 46 2 0 0 0 0 0 -24 4 8 25 6 3 -1 2 0 -15 -5 -4 4 4
1 30000 280 50 -1 0 0 0 0 0 -26 5 7 17 3 -2 5 1 0 -93 -27 -6 13 13
1 30000 297 44 0 0 0 0 0 0 -22 7 7 51 13 0 -3 -3 0 -93 -27 -4 13 13
1 34589 345 -83 -8 128 -11 1396 -2 -2 44 10 52 101 25 0 -1 1 0 -763 -211 -15 103 103
1 31059 320 -163 1 0 0 0 0 0 86 -10 -25 313 87 1 0 0 0 -861 -243 -37 121 121
1 30469 316 -132 1 -1 0 0 0 0 68 10 -24 113 37 -1 -2 0 0 -353 -106 -35 56 56
1 31000 322 -111 -1 -2 0 0 0 0 54 20 -22 128 38 1 2 0 0 -43 -20 -27 14 14
1 30471 314 -93 2 2 0 0 0 0 40 25 -18 206 62 1 -1 0 0 739 188 -37 -84 -84
1 35118 384 -71 -2 -123 0 -1402 -1 2 27 23 -59 306 86 1 6 -1 1 1397 362 -46 -165 -165
1 29999 304 42 1 -4 0 0 0 0 -16 -15 5 72 28 -3 -6 -2 0 1192 310 -31 -141 -141
1 30000 319 26 1 1 0 0 0 0 -10 -10 3 62 17 -2 0 3 0 618 162 -13 -74 -74
1 30000 317 14 -1 0 0 0 0 0 -6 -4 2 69 19 2 3 2 0 327 84 -13 -37 -37
1 30000 320 -13 1 0 0 0 0 0 6 4 -1 139 38 0 -4 -4 0 353 89 -18 -38 -38
1 30000 316 -24 1 -1 0 0 0 0 9 9 -3 117 36 3 1 1 0 517 130 -26 -57 -57
1 30001 331 -44 0 1 0 0 0 0 17 16 -5 392 110 -3 0 0 0 511 120 -51 -47 -47
1 29999 311 15 0 -1 0 0 0 0 -5 -6 1 28 14 -1 1 -2 0 1020 264 -30 -117 -117
1 30000 314 14 -1 0 0 0 0 0 -6 -5 2 72 21 1 -2 3 0 630 164 -11 -73 -73
1 30000 334 -20 0 1 0 0 0 0 8 7 -2 123 35 0 -1 -1 0 422 105 -25 -44 -44
1 30001 328 -14 -2 -1 0 0 0 0 5 6 -2 24 8 -1 5 4 0 278 71 -8 -31 -31
1 29999 315 -14 3 2 0 0 -2 0 5 5 -1 50 12 3 -4 -1 0 244 62 -9 -27 -27
1 30001 320 -7 -1 -3 0 0 0 0 3 3 -1 59 15 -2 -1 -3 1 211 53 -10 -23 -23
1 30000 323 -75 1 5 0 0 0 0 24 31 -8 479 129 2 2 1 0 501 119 -43 -47 -47
1 29999 307 -37 0 -5 0 0 0 0 11 17 -3 163 54 -2 2 -2 0 1563 397 -55 -169 -169
1 30001 317 -17 0 3 0 0 0 0 4 8 -1 105 35 0 -2 2 0 1138 293 -30 -126 -126
1 30000 317 -35 0 2 0 0 0 0 9 16 -3 138 43 0 -1 -1 0 886 226 -26 -97 -97
1 30000 321 8 2 -1 0 0 0 0 -2 -4 1 21 5 -1 -1 0 0 583 151 -12 -64 -64
1 29999 317 -7 -2 -3 0 0 0 0 2 4 -1 73 20 1 3 -1 0 412 105 -12 -45 -45
1 30000 322 -15 0 1 0 0 0 0 3 7 -1 104 30 0 -2 0 0 408 102 -16 -42 -42
1 30000 319 -18 0 0 0 0 0 0 4 9 -1 136 37 0 1 4 0 522 130 -22 -54 -54
1 36116 397 128 -6 -127 0 -1378 -2 -2 -34 -48 -30 132 37 2 -2 -4 0 566 141 -23 -58 -58
1 31498 349 159 0 28 0 210 2 0 -57 -68 13 204 56 -2 1 0 0 604 150 -28 -60 -60
1 29915 303 -29 19 98 15 1172 -2 2 13 4 45 324 92 1 -2 2 0 780 186 -51 -72 -72
1 30001 285 -34 0 -2 0 0 0 0 13 13 -5 167 53 -2 4 2 0 1323 335 -41 -138 -138
1 30003 324 -5 -4 0 0 0 0 0 2 2 0 77 25 2 -3 -1 0 1152 295 -24 -122 -122
1 29999 285 -20 4 2 0 0 0 0 8 7 -2 93 29 1 5 -3 0 745 189 -20 -77 -77
1 29999 313 11 -2 -1 0 0 0 0 -4 -4 1 184 49 -2 -4 3 0 704 176 -23 -71 -71
1 29999 282 3 1 1 0 0 0 0 -2 -1 1 210 63 -1 1 -2 0 1141 285 -38 -114 -114
1 29999 306 -59 2 -2 0 0 0 0 21 24 -6 449 122 0 0 1 0 1330 329 -53 -128 -128
1 30001 299 -75 0 2 0 0 0 0 22 33 -6 364 111 2 -2 -2 0 2123 529 -68 -208 -208
1 30001 278 111 -2 -2 0 0 0 0 -34 -48 9 478 139 -2 -1 2 0 1751 422 -82 -159 -159
1 29999 296 98 0 -1 0 0 0 0 -38 -36 10 254 80 2 3 -2 0 256 37 -65 -4 -4
1 30001 282 -19 -2 3 0 0 -1 0 8 6 -1 182 54 0 0 1 1 490 112 -35 -39 -39
1 30001 284 -65 3 2 0 0 0 0 25 24 -7 291 86 0 0 0 0 2217 559 -45 -219 -219
1 29999 279 43 1 -3 0 0 0 0 -17 -16 4 1006 274 -1 0 0 0 3488 854 -118 -319 -319
1 29999 284 40 0 -2 0 0 0 0 -15 -14 5 326 115 1 1 3 0 554 89 -109 -15 -15
1 30001 285 72 -1 -1 0 0 0 0 -31 -23 8 112 40 -1 1 -2 0 79 1 -38 7 7
1 29999 261 87 0 4 0 0 0 0 -42 -22 12 30 14 0 -5 -2 0 -30 -17 -17 10 10
1 30001 267 60 1 0 0 0 0 0 -30 -11 9 34 7 0 1 1 0 28 3 -8 0 0
1 30000 278 46 -1 -2 0 0 0 0 -24 -6 6 5 2 0 2 1 0 58 12 -6 -4 -4
1 29998 267 56 0 -1 0 0 0 0 -29 -6 8 6 0 1 -1 -1 0 -82 -23 -3 9 9
1 30001 256 41 -1 2 0 0 0 0 -22 -2 6 41 7 -2 2 0 0 -139 -39 -5 17 17
1 34587 305 -35 -6 126 -6 1399 -2 -2 20 16 59 125 33 -1 0 1 0 16 -2 -14 3 3
1 30999 268 -93 2 -1 0 0 0 0 48 7 -16 66 19 4 -5 -1 0 81 13 -14 -2 -2
1 30473 268 -118 1 5 0 0 0 0 58 20 -20 193 49 -3 4 1 0 89 14 -18 -3 -3
1 31001 270 -169 0 -2 0 0 0 0 73 48 -31 132 39 1 -1 0 0 248 48 -31 -13 -13
1 36294 329 -174 -1 -124 0 -1400 -1 2 54 72 -64 461 124 0 0 -3 0 400 72 -61 -17 -17
1 30000 248 26 1 -4 0 0 0 0 -6 -12 2 295 92 -1 0 5 0 1194 277 -62 -97 -97
1 30000 260 55 1 2 0 0 0 0 -16 -25 5 98 34 -1 -2 -2 0 1632 404 -35 -151 -151
1 30000 263 48 0 -2 0 0 0 0 -16 -20 4 57 19 2 1 -3 0 1086 273 -15 -102 -102
1 30000 271 22 -2 0 0 0 0 0 -8 -8 3 28 6 -1 -1 2 0 858 217 -7 -82 -82
1 30000 259 1 1 2 0 0 0 0 0 -1 0 8 3 2 4 0 1 510 129 -5 -49 -49
1 30000 261 3 -2 -1 0 0 0 0 -1 -1 1 2 -2 1 -4 1 -1 356 92 -1 -34 -34
1 29999 269 5 0 2 0 0 0 0 -2 -2 1 -2 -2 0 1 1 0 178 45 -2 -17 -17
1 30001 274 10 4 1 0 0 0 0 -4 -4 0 2 0 -1 2 -2 1 155 40 0 -16 -16
1 29999 275 0 -2 -2 0 0 0 0 0 0 0 4 -1 0 -1 -1 0 152 38 -2 -14 -14
1 30001 254 2 1 -1 0 0 0 0 0 -1 1 5 -1 -1 4 2 0 323 83 0 -31 -31
1 30000 284 -8 -1 4 -1 0 -1 0 2 3 -2 16 2 1 -1 -2 0 283 72 -3 -27 -27
1 30000 270 -12 0 -3 0 0 0 0 5 5 -1 245 66 -1 -4 1 0 602 138 -30 -46 -46
1 30000 284 71 -1 0 0 0 0 0 -28 -26 8 66 18 2 0 0 0 466 110 -18 -39 -39
1 30000 263 37 2 3 0 0 0 0 -16 -12 5 91 24 -2 1 1 0 33 -1 -16 4 4
1 30000 302 -32 0 0 0 0 0 0 14 10 -4 22 8 1 1 1 0 -630 -167 -10 65 65
1 30000 260 -27 1 1 0 0 0 0 11 9 -3 5 -1 -3 0 -2 0 -475 -125 -3 47 47
1 30001 275 -19 0 -1 0 0 0 0 7 8 -2 3 -2 4 12 2 0 -206 -54 -2 21 21
1 29998 281 -34 -2 -2 0 0 0 0 13 13 -4 26 7 -1 -14 -2 0 -50 -14 -2 6 6
1 30002 278 -23 0 1 0 0 0 0 8 9 -2 9 -1 -1 2 -1 0 19 3 -3 -1 -1
1 29999 275 -44 1 0 0 0 0 0 15 18 -5 7 2 1 -1 4 0 65 15 -4 -4 -4
1 29999 285 -20 -1 -3 1 0 -1 0 6 9 -2 14 1 -1 -1 -3 0 46 11 -1 -4 -4
1 30001 288 -33 -1 2 0 0 0 0 9 15 -2 17 3 -2 0 -1 0 54 13 -2 -5 -5
1 30000 268 -39 0 1 0 0 0 0 11 18 -3 12 0 3 0 3 0 1 -2 -4 2 2
1 30000 290 -39 3 0 0 0 0 0 8 19 -2 6 0 0 1 -4 0 -50 -15 -3 6 6
1 30000 278 -40 -3 0 0 0 0 0 8 20 -3 32 7 1 -1 2 0 -41 -12 -2 5 5
1 30000 261 -47 1 0 0 0 0 0 7 24 -2 60 13 -2 4 1 0 -157 -44 -7 18 18
1 30000 296 -65 -1 0 0 0 0 0 7 34 -2 139 37 -1 -5 0 0 -184 -60 -23 27 27
1 30000 267 28 4 -2 0 0 0 0 -3 -15 0 85 22 2 0 -2 0 -147 -45 -13 19 19
1 30000 284 40 -1 2 0 0 0 0 -3 -21 2 161 42 0 3 -1 0 -93 -36 -21 18 18
1 30000 284 -84 -1 1 0 0 0 0 7 44 -2 392 104 0 -2 4 0 145 10 -49 5 5
1 34586 338 87 -6 -130 0 -1383 -1 -2 -9 -34 -17 276 78 -4 1 -2 0 729 161 -46 -52 -52
1 31414 305 102 1 1 0 0 0 0 -19 -51 -6 787 217 2 -1 0 0 976 192 -103 -54 -54
1 30469 309 158 1 1 0 0 0 0 -46 -72 -1 81 39 0 0 -1 1 1186 267 -63 -89 -89
1 32648 324 157 1 123 -9 1385 -1 2 -62 -65 60 52 19 2 -2 1 0 563 131 -22 -45 -45
1 29999 269 97 -1 -1 0 0 0 0 -45 -25 14 104 27 -1 1 1 0 225 50 -13 -16 -16
1 30001 288 37 -1 -1 0 0 0 0 -18 -8 5 44 13 1 3 -1 0 222 48 -16 -15 -15
1 29999 280 39 0 -1 0 0 0 0 -20 -6 6 34 9 -1 -1 3 0 304 73 -7 -26 -26
1 30000 283 82 1 1 0 0 0 0 -43 -10 12 66 16 -1 -1 -3 0 313 75 -8 -26 -26
1 30000 283 86 -1 1 0 0 0 0 -46 -3 13 55 16 1 -1 0 0 334 79 -10 -28 -28
1 30000 287 22 2 2 0 0 0 0 -12 0 4 64 15 -1 1 2 0 208 45 -15 -14 -14
1 30001 276 4 -2 0 0 0 0 0 -2 1 1 17 4 2 0 -3 0 -34 -13 -6 6 6
1 30000 285 12 2 0 0 0 0 0 -6 0 2 25 7 -1 -2 -1 0 -22 -7 -4 4 4
1 29999 276 49 -2 -1 0 0 0 0 -26 3 6 244 54 -1 3 3 0 384 90 -14 -31 -31
1 30000 269 23 -1 -1 0 0 0 0 -12 1 4 316 91 2 -3 -1 0 635 126 -59 -35 -35
1 34942 334 -142 -5 131 -9 1410 -1 -2 76 12 44 102 31 2 3 3 0 -408 -122 -30 50 50
1 30470 297 -171 0 -2 0 0 0 0 89 11 -31 64 19 -2 0 -4 0 -604 -165 -20 65 65
1 30999 319 -151 -2 2 0 0 0 0 71 32 -29 11 2 -1 1 0 0 -557 -145 -6 55 55
1 28240 279 -121 5 -96 26 -1409 -1 0 48 38 -55 81 17 3 0 1 0 -318 -83 -3 32 32
1 32232 291 99 20 -32 4 -1 0 2 -39 -35 6 514 130 -2 -3 -1 0 -268 -99 -53 47 47
1 30001 256 107 -2 3 0 0 0 0 -48 -31 13 81 36 0 4 3 0 -194 -76 -48 37 37
1 30000 244 66 1 -2 0 0 0 0 -33 -13 9 18 8 -2 -5 -1 0 -40 -18 -12 9 9
1 30000 255 39 -2 -1 0 0 0 0 -20 -7 5 16 3 4 4 -1 0 46 9 -5 -2 -2
1 30000 260 44 1 2 0 0 0 0 -23 -6 7 19 5 1 1 1 0 84 19 -4 -7 -7
1 30000 246 56 2 1 0 0 0 0 -30 -5 8 62 16 -6 -2 -1 0 105 24 -5 -8 -8
1 29999 253 63 -1 -2 0 0 0 0 -34 -1 8 161 38 2 2 1 0 307 66 -19 -21 -21
1 30001 257 45 0 -1 0 0 0 0 -24 1 6 99 27 3 -3 0 1 461 103 -23 -34 -34
1 30000 260 45 1 -1 0 0 0 0 -24 2 6 76 25 -3 0 -2 -1 466 109 -16 -37 -37
1 29999 264 50 -1 2 0 0 0 0 -26 6 8 96 25 1 2 0 1 534 126 -15 -45 -45
1 34527 315 -64 -6 125 -7 1403 -1 -2 35 13 54 29 7 -1 0 0 -1 376 89 -10 -31 -31
1 31001 277 -111 1 0 0 0 0 0 59 -6 -15 40 10 2 -3 2 0 217 51 -6 -17 -17
1 30473 277 -92 0 0 0 0 0 0 49 4 -15 186 48 -1 1 0 1 145 22 -25 -4 -4
1 31000 277 -96 1 1 0 0 0 0 49 12 -16 154 39 0 -1 0 -1 242 47 -22 -13 -13
1 30469 286 -127 1 -1 0 0 0 0 60 28 -23 45 14 -3 1 -3 1 77 9 -19 0 0
1 34548 326 -144 -5 -120 0 -1403 -1 2 57 46 -68 41 11 0 2 4 0 68 12 -9 -3 -3
1 30806 282 -19 2 -6 0 0 0 0 7 8 -3 53 15 1 0 0 0 6 -5 -10 4 4
1 29999 262 11 -1 2 0 0 0 0 -4 -5 1 49 10 3 0 -1 0 117 25 -8 -7 -7
1 30001 265 24 2 0 0 0 0 0 -9 -9 3 54 15 -2 -2 -1 0 46 6 -9 -1 -1
1 30000 277 53 2 -3 0 0 0 0 -20 -20 5 22 6 2 -1 1 0 -21 -10 -7 5 5
1 29999 265 64 -2 1 0 0 0 0 -26 -22 7 25 4 -2 0 -2 0 -64 -18 -3 7 7
1 30001 253 29 1 0 0 0 0 0 -13 -9 4 26 4 1 1 2 0 -63 -18 -5 8 8
1 30000 276 0 2 2 0 0 0 0 0 0 0 51 12 0 2 1 0 -91 -27 -6 10 10
1 30000 258 -7 -3 1 0 0 0 0 3 2 -1 179 43 0 0 0 0 -207 -65 -22 29 29
1 30000 263 13 1 -2 0 0 0 0 -6 -3 2 53 17 -2 -2 -1 0 -224 -68 -18 28 28
1 30000 268 19 0 0 0 0 0 0 -9 -5 2 10 2 -1 -1 2 0 -102 -28 -6 12 12
1 29999 274 28 1 0 0 0 -1 0 -13 -8 4 26 6 1 -1 -3 0 -119 -33 -4 13 13
1 30000 271 9 1 -1 0 0 0 0 -4 -2 1 34 8 2 1 2 0 68 14 -6 -4 -4
1 30000 272 6 -1 1 0 0 0 0 -3 -2 1 66 14 1 3 -2 -1 217 51 -6 -18 -18
1 30001 282 31 1 -3 0 0 0 0 -15 -6 4 0 3 -1 -5 -1 1 539 131 -6 -47 -47
1 29999 271 -4 -1 4 0 0 0 0 2 0 0 41 6 1 5 1 0 172 41 -4 -15 -15
1 30001 257 -15 -2 1 0 0 0 0 7 4 -2 143 36 -2 -2 2 0 300 66 -17 -21 -21
1 30000 273 2 1 -1 0 0 0 0 -1 -1 0 25 7 -1 1 0 0 54 6 -12 0 0
1 30000 274 -8 1 0 0 0 0 0 4 2 -1 18 4 0 3 0 0 -157 -43 -5 17 17
1 29999 264 -5 0 1 0 0 0 0 2 1 -1 20 4 1 -2 -1 0 -191 -50 -4 19 19
1 30000 274 -5 1 -3 0 0 0 0 3 1 0 14 1 1 20 0 0 -170 -45 -3 17 17
1 30000 276 -11 -6 3 0 0 -1 0 5 3 -2 36 8 -3 -21 -2 0 -213 -55 -4 22 22
1 30001 263 -17 5 -2 0 0 0 0 8 5 -2 48 11 4 5 2 0 -83 -26 -8 11 11
1 29999 265 -6 0 1 0 0 0 0 3 1 -1 30 7 -3 -4 -1 0 156 36 -6 -13 -13
1 30001 271 0 -1 -3 0 0 0 0 0 0 0 17 3 -1 6 2 0 153 35 -4 -12 -12
1 30000 291 -2 2 4 0 0 0 0 0 1 0 24 5 0 -8 -2 0 140 32 -6 -11 -11
1 29999 274 8 1 -3 0 0 0 0 -3 -2 1 7 -1 0 0 0 0 -26 -7 -1 3 3
1 30001 275 -15 -3 1 0 0 0 0 7 4 -2 22 6 3 -2 -2 0 -156 -41 -3 16 16
1 29999 287 28 1 0 0 0 0 0 -13 -8 4 32 5 -2 4 1 0 -14 -6 -5 3 3
1 29999 271 -19 -1 0 0 0 0 0 9 5 -2 116 27 1 -2 1 1 67 9 -11 -1 -1
1 30002 280 -33 1 -1 0 0 0 0 15 9 -5 79 22 0 0 -1 -1 40 0 -18 3 3
1 29999 276 -22 1 1 0 0 -1 0 10 7 -2 43 11 0 2 1 1 -103 -32 -9 14 14
1 29999 259 -28 0 -1 0 0 0 0 12 9 -3 185 45 1 -2 -1 0 -72 -30 -22 15 15
1 30002 292 -43 1 -3 0 0 0 0 18 15 -5 123 36 -2 16 1 0 349 72 -25 -22 -22
1 29999 262 -19 -1 2 0 0 0 0 7 7 -2 44 12 3 -15 1 0 747 180 -11 -64 -64
1 30001 290 -1 0 2 0 0 0 0 0 0 -1 46 12 -3 -1 -1 -1 678 164 -9 -59 -59
1 29998 267 34 0 -2 0 0 0 0 -13 -12 4 21 3 0 -1 0 1 31 4 -7 0 0
1 28752 188 29 251 -34 178 -294 -68 -4 -19 -15 35 2 2 0 1 0 0 -130 -34 -3 13 13
1 30026 108 51 -38 6 0 1 -141 0 -22 -15 -4 -2 -1 -1 -2 -1 -1 -167 -42 0 16 16
1 29925 96 46 -19 -4 -1 0 -134 0 -23 -12 1 -2 -1 1 1 0 1 -89 -22 1 7 7
1 30077 71 37 39 1 1 -3 -133 0 -20 -10 -1 2 0 1 -1 3 0 -41 -10 0 4 4
1 29996 27 29 -40 1 -2 2 -137 0 -14 -5 1 -1 -1 0 3 -1 0 -37 -9 0 3 3
1 29905 -28 1 -32 4 2 1 -138 0 2 0 -2 4 0 2 -1 -2 0 4 -1 -2 1 1
1 30057 -149 -39 285 -2 375 -1 -79 0 -9 6 52 -1 1 -2 -2 2 0 17 3 -2 -1 -1
1 29971 -186 14 -14 -2 -1 1 -135 0 -9 -3 1 -3 5 2 3 1 0 24 8 3 -3 -3
1 30003 -241 -34 3 19 0 -1 -131 0 20 10 10 -14 -3 -3 -2 -3 0 106 28 1 -11 -11
1 30026 -304 -16 0 -12 0 0 -132 0 5 2 1 -47 -9 1 2 2 0 369 96 6 -36 -36
1 30005 -348 50 15 13 1 1 -131 0 -22 -10 -7 -62 -16 3 -2 -2 0 131 38 9 -15 -15
1 30002 -380 64 -22 -3 -2 0 -134 0 -32 -12 -11 -229 -60 -4 2 4 0 -888 -210 22 72 72
1 28903 -377 5 -78 -119 11 -1374 -76 2 2 -7 -62 -122 -33 0 0 -2 0 -683 -153 29 51 51
1 30473 -445 -207 1 -5 0 0 0 0 97 43 40 -165 -44 0 -1 -2 0 -99 -10 24 -1 -1
1 26704 -403 -162 9 125 0 1398 0 2 58 78 77 -51 -11 1 1 1 0 -30 3 17 -4 -4
1 30000 -441 25 -5 7 0 0 0 0 -7 -9 -1 -28 -6 -3 -3 1 0 -110 -23 9 7 7
1 29999 -459 48 0 -1 0 0 0 0 -17 -20 -6 -33 -5 2 2 0 0 146 40 5 -16 -16
1 30001 -455 51 1 0 0 0 0 0 -19 -19 -6 -70 -17 2 1 -2 0 -129 -27 9 9 9
1 29999 -457 62 -1 2 0 0 0 0 -25 -21 -8 -51 -9 -1 0 1 0 -188 -41 10 13 13
1 30002 -472 59 2 -2 0 0 0 0 -27 -17 -10 -32 -7 1 0 0 0 93 27 6 -11 -11
1 30000 -453 66 1 1 0 0 0 0 -31 -17 -10 -37 -7 -2 -1 2 0 229 61 7 -24 -24
1 29998 -471 76 -2 0 0 0 0 0 -38 -12 -13 -184 -46 4 2 1 0 323 96 24 -40 -40
1 30001 -447 54 -3 -2 0 0 0 0 -28 -7 -10 -33 -8 -3 3 -4 0 -102 -20 9 6 6
1 30000 -460 40 4 1 0 0 0 0 -21 -4 -7 -66 -15 1 -4 2 0 -440 -104 11 36 36
1 30000 -463 23 -2 0 0 0 0 0 -12 0 -5 -48 -11 -3 0 0 0 -576 -139 10 49 49
1 34176 -518 -136 0 -130 0 -1395 -2 -2 70 5 -43 -227 -55 1 0 -1 0 -57 -3 19 -2 -2
1 31001 -466 -233 -3 0 0 0 0 0 108 51 48 -77 -20 0 -2 0 0 254 82 29 -36 -36
1 31823 -470 -162 5 129 0 1413 0 2 56 83 75 -41 -11 0 2 1 0 288 78 10 -30 -30
1 30002 -455 -10 -4 0 0 0 0 0 2 5 1 -104 -24 2 -2 -1 0 212 61 12 -25 -25
1 29997 -456 47 3 1 0 0 0 0 -14 -21 -4 -101 -25 -1 1 2 0 -72 -6 21 -2 -2
1 30002 -450 44 -1 3 0 0 0 0 -14 -18 -5 -20 -2 2 0 0 0 -14 0 6 -1 -1
1 29998 -445 23 0 -4 0 0 0 0 -8 -10 -4 -184 -47 -1 1 1 0 -19 6 18 -5 -5
1 30000 -422 -20 1 -1 0 0 0 0 7 8 2 -221 -59 1 11 -3 0 -152 -17 35 -1 -1
1 30000 -432 -18 -2 3 0 0 0 0 6 8 3 -56 -17 0 -14 1 0 -161 -28 22 6 6
1 30000 -440 -8 4 -1 0 0 0 0 3 3 1 -95 -25 -1 2 1 0 -241 -50 18 15 15
1 30000 -448 0 -2 0 0 0 0 0 0 0 0 -240 -61 -2 0 -2 0 -685 -159 23 55 55
1 30001 -421 -61 1 -3 0 0 0 0 18 26 6 -128 -37 0 7 -1 0 -855 -196 35 66 66
1 30001 -428 -29 -3 3 0 0 0 0 8 14 3 -43 -12 1 -5 0 0 -569 -136 14 48 48
1 29999 -434 -39 3 -1 0 0 -1 0 10 18 4 -49 -7 -1 -4 1 0 -356 -86 7 31 31
1 30000 -425 -109 -2 0 0 0 0 0 21 54 7 -608 -163 0 4 1 0 -250 -23 69 -4 -4
1 30001 -424 40 1 1 0 0 0 0 -7 -20 -2 -43 -17 1 -2 -2 0 214 77 40 -36 -36
1 29999 -419 76 -3 1 0 0 0 0 -16 -37 -5 -43 -12 -1 -1 1 0 282 76 7 -30 -30
1 29999 -444 115 6 1 0 0 0 0 -32 -52 -11 -122 -30 0 2 0 0 597 163 19 -64 -64
1 30000 -428 10 -2 -1 0 0 0 0 -3 -4 -2 -526 -138 1 -2 0 0 959 280 62 -116 -116
1 30000 -436 -23 -1 -2 0 0 0 0 7 9 2 -47 -18 1 1 0 0 -31 16 39 -13 -13
1 29999 -425 34 2 2 0 0 0 0 -11 -14 -3 -28 -8 1 0 1 0 -254 -59 9 20 20
1 30001 -432 38 -2 -1 0 0 0 0 -13 -15 -5 -72 -17 -1 -1 -1 0 63 20 8 -9 -9
1 30000 -432 -32 -2 -2 0 0 0 0 12 12 3 -77 -20 1 2 -1 0 -155 -30 15 8 8
1 30001 -414 -14 -1 3 0 0 0 0 5 6 2 -54 -13 -3 2 1 0 -357 -84 12 29 29
1 29999 -432 35 3 -1 0 0 0 0 -13 -14 -4 -37 -7 2 -3 0 0 -441 -108 8 39 39
1 29999 -435 40 -1 0 0 0 0 0 -15 -15 -4 -108 -27 -3 1 1 0 -265 -62 10 21 21
1 30001 -425 -12 -1 0 0 0 0 0 5 4 1 -58 -14 1 -1 -1 0 -144 -26 19 6 6
1 30000 -413 35 -1 1 0 0 0 0 -14 -12 -5 -185 -52 2 -1 4 0 12 14 17 -8 -8
1 30001 -419 69 2 1 0 0 0 0 -29 -22 -10 -1037 -287 -1 3 -6 0 -1384 -263 158 69 69
1 29999 -417 113 1 1 0 0 0 0 -53 -29 -16 -405 -118 -2 4 3 0 -1590 -367 72 124 124
1 29999 -432 27 -1 -2 0 0 0 0 -13 -5 -6 -197 -61 3 -6 -4 0 -764 -166 53 54 54
1 30000 -421 133 1 3 0 0 0 0 -69 -16 -20 -189 -52 0 -1 4 0 -6 19 36 -14 -14
1 30000 -433 105 1 -3 0 0 0 0 -56 -2 -20 -29 -9 -2 4 0 0 294 84 16 -35 -35
1 34297 -504 -120 -7 -129 0 -1407 0 -2 64 -2 -49 -10 1 1 -4 0 0 127 37 7 -15 -15
1 30998 -454 -219 2 -4 0 0 0 0 109 28 43 -27 -5 -2 5 1 0 -25 -5 3 1 1
1 30770 -448 -203 3 103 0 1382 -1 2 82 78 80 -22 -2 3 -5 -1 0 -88 -20 5 6 6
1 30817 -465 17 -4 28 0 0 0 0 -5 -1 7 -17 -3 -1 3 -2 0 -90 -21 3 8 8
1 30002 -460 79 4 -2 0 0 0 0 -31 -30 -10 -25 -4 1 1 2 0 8 4 5 -3 -3
1 29997 -465 79 -2 2 0 0 0 0 -33 -25 -11 -102 -24 -3 -5 -1 0 699 189 15 -74 -74
1 30000 -465 -19 -1 -2 0 0 0 0 8 6 2 -62 -15 3 3 -2 0 656 176 12 -69 -69
1 30001 -472 25 2 -1 0 0 0 0 -11 -8 -4 -263 -71 -2 0 2 0 -206 -30 39 5 5
1 30003 -446 39 2 2 0 0 0 0 -17 -11 -6 -6 -1 3 0 -2 -1 -848 -213 11 78 78
1 29996 -478 38 -4 1 0 0 0 0 -18 -8 -6 1 3 -1 -1 2 1 -242 -62 2 23 23
1 30002 -479 28 3 -2 0 0 0 0 -15 -5 -5 4 4 -1 2 0 0 -35 -9 0 3 3
1 29998 -482 24 0 -1 0 0 0 0 -12 -6 -3 0 5 0 -2 0 0 -57 -14 1 6 6
1 30001 -460 26 -1 3 0 0 0 0 -12 -4 -5 -65 -15 2 0 0 -1 -133 -32 4 11 11
1 34237 -563 -196 -5 -132 0 -1416 0 -2 93 30 -28 -136 -36 -4 2 0 0 -1055 -262 19 96 96
1 31941 -504 -183 4 129 0 1415 1 2 68 85 82 -507 -139 2 1 0 0 -1870 -451 59 162 162
1 30000 -452 115 0 -1 0 0 0 0 -41 -46 -13 -455 -132 1 -3 -2 0 -2092 -491 96 172 172
1 30001 -470 -60 -1 1 0 0 0 0 22 24 6 -229 -68 1 0 5 1 -1050 -251 40 91 91
1 29999 -478 -52 0 1 0 0 0 0 18 21 7 -99 -29 -3 0 -2 -1 -528 -119 35 40 40
1 30000 -467 -16 1 -1 0 0 0 0 5 7 1 -27 -6 3 1 1 0 -16 1 9 -2 -2
1 30000 -475 -20 0 -1 0 0 0 0 5 9 2 -4 2 -1 0 -1 0 302 81 4 -32 -32
1 30000 -451 -43 -3 1 0 0 0 0 11 20 4 -122 -33 0 1 -1 0 91 29 12 -14 -14
1 30000 -452 19 4 -1 0 0 0 0 -5 -9 -2 -510 -140 0 -1 4 0 98 51 48 -28 -28
1 30000 -452 30 -1 0 0 0 0 0 -8 -14 -2 -988 -286 -1 1 -4 0 226 150 174 -91 -91
1 30000 -460 91 -1 5 0 0 0 0 -28 -38 -9 -426 -132 8 28 -1 0 -3557 -880 99 329 329
1 30000 -449 -100 -3 -3 0 0 0 0 31 43 10 -751 -213 -8 -8 1 0 -2348 -562 110 205 205
1 30000 -458 121 6 4 0 0 -1 0 -40 -50 -12 -733 -219 -1 -21 0 0 -1344 -303 104 104 104
1 30000 -438 77 -5 -3 0 0 0 0 -30 -28 -11 -352 -113 1 0 1 0 -3359 -835 110 324 324
1 30000 -453 69 5 1 0 0 0 0 -30 -22 -10 -169 -54 1 3 0 0 -2284 -584 46 234 234
1 30000 -453 56 -2 -2 0 0 0 0 -26 -14 -10 -233 -69 0 -4 0 0 -1386 -351 35 142 142
1 30000 -430 115 -2 3 0 0 0 0 -57 -21 -18 -298 -87 -3 1 1 0 -1748 -440 54 178 178
1 30000 -449 70 3 -1 0 0 0 0 -37 -7 -12 -249 -73 2 0 -1 0 -1268 -317 48 127 127
1 30000 -438 42 -1 0 0 0 0 0 -22 -2 -8 -137 -41 2 3 -1 0 -1172 -296 36 122 122
1 30000 -439 57 1 0 0 0 0 0 -30 0 -9 -154 -45 -2 -4 1 0 -783 -195 32 79 79
1 30000 -448 76 -1 2 0 0 0 0 -40 4 -13 -98 -27 0 0 -1 0 -706 -180 21 75 75
1 30000 -438 52 0 -2 0 0 0 0 -27 6 -9 -56 -14 0 -1 2 0 -402 -102 12 42 42
1 34176 -515 -147 -3 -127 0 -1384 0 -2 77 -12 -44 -101 -26 0 3 -1 0 -379 -96 13 40 40
1 31061 -445 -232 -1 -3 0 0 0 0 120 15 43 -237 -67 0 -1 -1 0 -808 -200 39 82 82
1 30468 -459 -185 0 2 0 0 0 0 84 44 39 -495 -144 0 1 1 -1 -1242 -307 64 125 125
1 31412 -461 -99 3 126 1 1383 -1 2 35 56 66 -163 -49 0 0 -1 0 -1796 -458 56 195 195
1 30001 -440 60 3 1 0 0 0 0 -21 -24 -6 -58 -21 2 3 0 0 -1266 -331 20 146 146
1 30000 -462 72 0 4 0 0 0 0 -28 -25 -9 -130 -35 -3 -4 0 0 -545 -139 21 59 59
1 29999 -449 18 -3 -3 0 0 0 0 -8 -6 -4 -43 -13 3 0 1 0 -471 -120 16 52 52
1 30000 -460 44 1 1 0 0 0 0 -19 -13 -6 -386 -106 -2 1 1 0 -584 -144 35 60 60
1 30001 -461 59 1 0 0 0 0 0 -28 -15 -9 -97 -33 1 1 -2 0 -1015 -257 44 111 111
1 29999 -442 59 -2 1 0 0 0 0 -28 -12 -10 -157 -45 1 10 1 0 -605 -153 27 66 66
1 30001 -452 22 1 -2 0 0 0 0 -12 -4 -4 -132 -37 -1 -11 -2 0 -688 -175 29 77 77
1 29999 -470 -2 0 -2 0 0 0 0 1 0 0 -316 -91 0 -1 1 0 -523 -131 28 56 56
1 30000 -456 -61 0 2 0 0 0 0 31 12 10 -272 -82 -1 1 2 0 -2132 -550 73 245 245
1 30001 -456 -15 -5 -2 0 0 0 0 7 3 2 -85 -26 2 -3 -2 0 -1367 -361 23 167 167
1 30000 -439 5 4 3 -1 0 1 0 -2 -1 0 -92 -28 -2 3 2 0 -765 -200 21 92 92
1 30000 -445 52 0 0 0 0 0 0 -26 -11 -7 -434 -120 1 1 -1 0 -254 -53 51 18 18
1 29999 -441 23 2 -1 0 0 0 0 -12 -3 -6 -103 -36 -1 0 -2 0 1069 302 44 -151 -151
1 30000 -459 -1 -2 -3 0 0 0 0 1 -1 0 -19 -4 0 -3 2 0 924 253 11 -121 -121
1 30000 -443 -11 0 2 0 0 0 0 5 2 3 -7 0 2 4 -2 0 286 79 5 -38 -38
1 30001 -453 2 -2 2 0 0 0 0 0 0 -1 -8 0 -1 0 2 0 104 29 2 -14 -14
1 30000 -426 5 1 -2 0 0 0 0 -3 -1 -1 -24 -2 -1 1 -2 -1 50 14 3 -7 -7
1 29999 -438 -10 1 2 0 0 0 0 5 2 2 -41 -10 0 -2 0 0 84 25 5 -13 -13
1 30000 -452 -121 0 -6 0 0 0 0 57 27 19 -1362 -403 0 -1 2 0 -1786 -422 200 169 169
1 30000 -439 89 -1 7 0 0 0 0 -41 -21 -13 -66 -29 2 0 0 0 -2478 -658 53 307 307
1 34236 -479 -108 -3 -130 0 -1383 0 -2 50 13 -43 -103 -31 -1 2 -1 0 -725 -190 26 88 88
1 32648 -481 -176 2 123 1 1389 0 2 70 75 81 -82 -25 2 1 0 0 -648 -172 15 82 82
1 29999 -423 31 2 7 0 0 0 0 -10 -11 -2 -416 -120 -3 2 0 0 -828 -216 35 100 100
1 30001 -446 42 -4 -1 0 0 0 0 -16 -16 -5 -300 -92 0 0 -1 0 -1942 -506 88 237 237
1 30000 -428 31 1 0 0 0 0 0 -12 -11 -5 -317 -95 2 -2 1 0 -1410 -373 46 180 180
1 29999 -445 58 3 -1 0 0 0 0 -25 -19 -8 -218 -66 -2 -1 3 0 -2228 -596 55 293 293
1 30001 -447 44 0 -1 0 0 0 0 -20 -13 -7 -124 -40 1 -2 -2 0 -1331 -358 30 179 179
1 29999 -436 42 -2 0 0 0 0 0 -19 -10 -7 -256 -75 0 4 -2 0 -2061 -557 34 283 283
1 30000 -449 70 1 1 0 0 0 0 -35 -14 -10 -1109 -330 -1 0 1 0 -2697 -710 145 354 354
1 30001 -439 171 0 3 0 0 0 0 -89 -16 -28 -741 -228 5 -4 0 0 6 37 181 -44 -44
1 29999 -450 149 0 -3 0 0 0 0 -79 8 -25 -450 -141 -3 4 1 0 320 106 86 -67 -67
1 30001 -435 125 -1 1 0 0 0 0 -62 22 -20 -505 -154 -1 -1 1 0 -1473 -389 97 194 194
1 34763 -494 -82 -3 -129 0 -1389 -1 -2 41 -10 -53 -1511 -448 2 3 -1 0 -881 -210 189 88 88
1 30881 -439 -222 0 -5 0 0 0 0 115 -22 32 -613 -201 -3 -3 -1 0 2680 788 200 -448 -448
1 31000 -446 -238 0 2 0 0 0 0 121 26 46 -27 -21 0 0 0 0 3016 858 55 -458 -458
1 30663 -438 -241 4 104 -1 1391 1 2 97 90 86 -22 -7 0 3 1 -1 1390 393 15 -206 -206
1 30810 -426 -47 -5 26 0 0 0 0 15 26 13 -37 -12 0 -3 0 0 527 150 8 -78 -78
1 30000 -416 3 4 2 0 0 0 0 -2 -1 0 -20 -3 1 2 2 0 388 110 7 -58 -58
1 30001 -419 -7 -1 -4 0 0 0 0 3 2 1 -39 -10 2 1 -3 0 36 12 8 -7 -7
1 30000 -413 -36 2 1 0 0 0 0 9 17 3 -73 -18 -3 1 1 0 -126 -32 13 15 15
1 29999 -414 -82 -1 0 0 0 0 0 19 39 6 -175 -52 6 1 -1 0 -833 -228 26 113 113
1 29999 -428 -140 0 -2 0 0 0 0 17 72 7 -504 -150 -6 -6 0 0 -2295 -629 72 317 317
1 30001 -401 156 1 5 0 0 0 0 -21 -79 -6 -560 -170 2 1 0 0 -1094 -286 105 136 136
1 30000 -402 9 -3 -6 0 0 0 0 -1 -6 -3 -745 -227 -1 -1 0 0 777 242 106 -142 -142
1 30000 -398 82 3 5 0 0 0 0 -21 -37 -6 -341 -113 0 3 1 0 3124 910 109 -489 -489
1 30000 -410 60 -2 0 0 0 0 0 -17 -27 -6 -381 -119 1 6 1 0 2928 848 70 -442 -442
1 30000 -422 -48 1 -3 1 0 0 0 14 21 4 -379 -120 1 -6 -2 0 1574 472 91 -251 -251
1 30000 -416 -80 -1 1 0 0 0 0 21 37 8 -817 -254 0 6 1 0 3504 1038 138 -533 -533
1 30001 -418 41 1 2 0 0 0 0 -10 -19 -3 -326 -107 -3 -3 -1 -1 2586 761 73 -379 -379
1 29999 -435 41 1 -1 0 0 0 0 -11 -19 -5 -250 -79 1 2 -1 0 2479 731 67 -358 -358
1 30000 -417 -57 -8 -1 0 0 0 0 16 26 5 -216 -66 2 -5 2 0 733 223 39 -112 -112
1 30001 -410 -85 4 0 0 0 0 0 17 42 6 -453 -136 0 3 -1 0 -563 -140 67 55 55
1 29999 -416 -70 -3 2 0 0 0 0 10 36 3 -433 -143 0 1 1 0 306 123 106 -75 -75
1 30000 -414 -68 0 -1 0 0 0 0 5 36 2 -346 -107 -1 -2 -3 0 490 164 67 -88 -88
1 30000 -401 3552 2 -1 0 0 0 0 1 25 1 -132 -48 3 1 2 0 311 106 50 -58 -58
1 30001 -412 -67 0 3 0 0 0 0 -2 36 0 -255 -76 -2 0 0 0 114 47 40 -29 -29
1 34882 -495 -3435 11 131 0 1388 0 -2 -5 -53 11 -146 -48 -1 -1 3 0 83 37 41 -24 -24
1 31295 -459 255 2 1 0 0 0 0 -51 -125 11 -168 -52 0 2 -2 0 -117 -24 30 6 6
1 31769 -481 205 -9 -96 0 -1391 0 2 -76 -103 -49 -690 -206 1 1 0 0 -847 -207 114 79 79
1 30816 -423 74 -2 -32 0 0 0 0 -34 -26 -25 -65 -29 0 1 -1 0 -861 -236 44 104 104
1 30000 -411 55 -3 1 0 0 0 0 -26 -12 -8 -279 -97 -1 -2 0 -1 -146 -36 20 13 13
1 30000 -396 -145 -1 -1 0 0 0 0 68 37 19 -1769 -524 -2 -2 1 0 2093 687 232 -361 -361
1 30000 -388 6 -1 -1 0 0 0 0 -3 -2 0 -1257 -408 -1 2 -1 0 5368 1680 296 -820 -820
1 30000 -373 137 3 0 0 0 0 0 -64 -35 -20 -247 -105 3 2 0 0 6258 1901 143 -863 -863
1 30000 -395 85 0 1 0 0 0 0 -43 -14 -14 -63 -21 -1 -4 -3 0 3572 1072 38 -464 -464
1 30001 -417 44 2 2 0 0 0 0 -23 -4 -7 -17 -10 0 0 2 0 1513 452 12 -192 -192
1 30000 -410 60 -1 -2 0 0 0 0 -32 -3 -10 -124 -34 0 0 2 0 993 299 12 -127 -127
1 30000 -409 66 -1 0 0 0 0 0 -35 0 -11 -190 -59 2 0 0 0 2490 756 42 -318 -318
1 29999 -408 92 -1 -1 0 0 0 0 -49 7 -14 -323 -102 -1 1 -2 -1 3608 1095 53 -451 -451
1 25531 -338 -72 -3 -133 0 -1403 0 -2 38 -5 -59 -129 -42 1 -1 0 1 3760 1136 42 -455 -455
1 20942 -296 -151 -1 -1 0 0 0 0 80 -3 24 -126 -42 -1 2 0 0 1832 556 25 -220 -220
1 20999 -279 -160 0 0 0 0 0 0 81 18 30 -72 -14 -1 0 2 -1 1828 556 23 -216 -216
1 21353 -292 -152 1 0 0 0 0 0 69 38 29 -27 -14 0 0 0 0 1075 326 13 -126 -126
1 21413 -297 -110 1 127 0 1391 0 2 41 58 68 -64 -27 1 -2 -1 0 833 253 10 -98 -98
1 20001 -277 -33 0 3 0 0 0 0 10 15 5 -36 -15 0 2 -1 0 602 185 12 -71 -71
1 19998 -287 -1 4 1 0 0 0 0 1 0 0 -71 -25 1 -1 0 0 347 111 12 -44 -44
1 20000 -269 -4 -5 -1 0 0 0 0 1 2 -1 -148 -7 1 -1 0 0 425 139 22 -56 -56
1 20001 -269 -9 1 0 0 0 0 0 3 4 1 -166 -59 -1 3 -1 0 1281 397 28 -153 -153
1 20001 -277 62 2 2 0 0 0 0 -20 -26 -5 -367 -106 -3 -2 1 0 1607 515 62 -201 -201
1 20000 -277 82 2 1 0 0 0 0 -31 -31 -9 -82 -31 3 -1 2 0 731 239 36 -94 -94
1 19999 -278 108 -3 -2 0 0 0 0 -47 -34 -14 -203 -56 -3 -1 -3 0 420 147 37 -61 -61
1 19999 -283 104 1 0 0 0 0 0 -50 -24 -16 -172 -58 2 2 -1 0 1110 355 38 -136 -136
1 20001 -276 67 -1 2 0 0 0 0 -33 -11 -12 -110 -31 0 -1 1 0 1507 467 26 -172 -172
1 19999 -261 17 0 -3 0 0 0 0 -9 -2 -4 -85 -26 1 0 0 0 1341 416 25 -153 -153
1 20001 -278 28 -1 1 0 0 0 0 -15 -3 -3 -82 -27 0 -1 0 0 728 228 16 -83 -83
1 19999 -274 53 -1 0 0 0 0 0 -28 -3 -9 -112 -33 -2 0 -1 0 1362 421 21 -152 -152
1 20001 -271 33 -1 0 0 0 0 0 -17 -1 -6 -145 -43 2 1 4 -1 2098 645 27 -229 -229
1 20000 -262 19 -1 0 0 0 0 0 -10 0 -3 -248 -76 -1 0 -2 0 3066 948 44 -332 -332
1 19999 -261 22 1 0 0 0 0 0 -12 1 -3 -110 -35 1 4 1 0 4037 1234 33 -418 -418
1 24705 -340 -74 -3 -129 -1 -1393 0 -2 39 -2 -57 -65 -22 -2 -6 -1 0 3936 1196 20 -393 -393
1 20474 -271 -156 2 -2 0 0 0 0 81 10 27 -67 -16 3 2 0 0 2348 717 17 -233 -233
1 20823 -273 -160 -4 0 0 0 0 0 76 33 31 -34 -13 -2 -3 1 0 2331 711 13 -227 -227
1 20962 -296 -157 6 106 1 1406 0 2 60 68 70 17 12 -3 2 -2 0 1225 369 2 -115 -115
1 20800 -276 -49 1 22 0 0 0 0 16 25 13 -2 4 3 6 1 0 205 61 0 -19 -19
1 19999 -269 -36 1 0 0 0 0 0 10 16 5 -3 2 1 -3 0 0 -997 -298 1 92 92
1 20002 -283 -20 1 1 0 0 0 0 5 10 1 -3 3 -3 -5 1 0 -1177 -353 2 110 110
1 19999 -274 -20 2 -1 0 0 0 0 5 9 2 -9 1 1 1 -1 0 -1344 -402 2 127 127
1 19999 -287 -34 -3 1 0 0 0 0 7 17 3 -59 -13 0 2 0 0 -1140 -340 4 107 107
1 20000 -257 -39 -2 0 0 0 0 0 8 19 1 -104 -20 -2 -1 1 -1 -1735 -506 21 157 157
1 20001 -264 59 1 5 0 0 0 0 -11 -28 -4 -107 -20 4 -3 -2 0 1289 393 8 -128 -128
1 20000 -254 69 0 -4 0 0 0 0 -18 -33 -6 -1070 -288 -1 2 2 0 2549 822 72 -275 -275
1 19999 -248 168 0 1 0 0 0 0 -58 -68 -17 -923 -269 0 -1 -3 0 -1161 -173 236 4 4
1 20001 -252 34 -2 -2 0 0 0 0 -13 -12 -6 -341 -123 -1 5 2 0 -3990 -1111 134 326 326
1 19999 -246 -49 0 -1 0 0 0 0 20 17 5 -264 -93 2 -8 1 0 -3105 -894 69 277 277
1 20001 -227 3 -4 -1 0 0 0 0 -2 -1 0 -443 -127 -1 5 -2 0 -1522 -405 84 116 116
1 20000 -232 46 -4 4 0 0 0 0 -17 -16 -6 -195 -74 0 1 1 0 -1049 -278 61 79 79
1 20001 -209 35 4 1 0 0 0 0 -16 -10 -4 -152 -44 -3 -4 1 0 -645 -164 49 45 45
1 20000 -242 31 0 -1 0 0 0 0 -14 -9 -4 -286 -80 4 0 -2 0 -3 29 43 -19 -19
1 19999 -251 -56 7 -7 0 0 0 0 24 15 7 -998 -295 -2 -1 2 0 493 236 125 -105 -105
1 20001 -259 101 -6 8 0 0 0 0 -45 -27 -13 -460 -141 -1 1 0 0 -1036 -221 143 44 44
1 19999 -236 142 -11 1 0 0 0 0 -70 -26 -22 -1264 -310 3 2 1 0 101 137 155 -79 -79
1 19999 -197 14 6 -5 0 0 0 0 -8 -2 -4 -202 -74 0 -3 0 -1 3794 1296 177 -465 -465
1 20001 -202 -11 -3 0 0 0 0 0 6 2 1 -69 -26 -2 1 2 1 3956 1263 51 -417 -417
1 20000 -219 21 4 18 0 0 0 0 -11 -1 7 -54 -18 -1 -3 -2 0 2893 920 31 -297 -297
1 20000 -207 -38 -1 -14 0 0 0 0 20 3 -2 -70 -14 2 4 1 -1 2635 832 18 -261 -261
1 20000 -213 16 7 -5 0 0 0 0 -10 -2 -3 -93 -28 -1 1 -2 0 2752 880 33 -276 -276
1 19999 -236 -5 7 -1 0 0 0 0 2 0 0 -111 -28 0 0 -2 0 2151 682 16 -208 -208
1 20000 -251 -71 -12 11 0 0 0 0 38 12 16 -78 -20 -1 -3 3 0 1510 484 18 -147 -147
1 20001 -211 4 -7 -11 0 0 0 0 -1 -2 -8 -411 -112 0 0 -5 0 1323 442 37 -138 -138
1 20001 -222 6 1 8 0 0 0 0 -3 0 4 -254 -77 1 0 5 0 2926 975 76 -300 -300
1 19999 -224 3 2 0 0 0 0 0 -2 -1 0 -429 -123 -1 1 -1 0 2648 876 59 -263 -263
1 20000 -207 46 0 -2 0 0 0 0 -23 -7 -10 -631 -192 0 0 0 0 2051 739 112 -232 -232
1 20000 -221 -23 -1 -2 0 0 0 0 12 3 2 -712 -216 1 2 -3 0 2920 1043 144 -320 -320
1 24119 -254 -92 -2 -124 0 -1405 0 -2 46 7 -47 -913 -275 0 -1 3 0 3824 1360 174 -407 -407
1 20528 -222 -138 -1 -3 0 0 0 0 62 35 25 -832 -265 0 0 0 0 3742 1338 167 -390 -390
1 21377 -217 -91 -1 119 0 1405 0 2 35 48 62 -1093 -345 -1 0 -2 0 3366 1289 230 -384 -384
1 20801 -218 76 -2 11 0 0 0 0 -28 -27 -6 -1046 -373 3 2 3 0 2682 1023 171 -296 -296
1 20000 -215 114 1 -5 0 0 0 0 -50 -36 -15 -1151 -405 -2 -2 0 0 2575 1071 246 -321 -321
1 20000 -193 104 -2 2 0 0 0 0 -51 -22 -14 -796 -296 0 1 -2 0 2241 955 230 -284 -284
1 20000 -203 92 -2 6 0 0 0 0 -47 -12 -11 -1388 -478 1 0 1 0 1696 794 238 -243 -243
1 19999 -187 55 0 -4 0 0 0 0 -30 -4 -10 -1217 -446 0 2 -2 0 1512 756 252 -236 -236
1 20001 -174 26 3 1 0 0 0 0 -14 -1 -3 -1294 -520 -2 -3 2 0 1203 728 316 -240 -240
1 20000 -181 -6 -1 1 0 0 0 0 4 0 0 -1514 -559 -1 -1 0 0 1071 693 319 -231 -231
1 20001 -167 -67 -1 -2 0 0 0 0 35 4 10 -1763 -609 3 2 2 0 331 632 486 -253 -253
1 19998 -195 -154 7 -1 0 0 0 0 78 24 23 12 82 -1 0 0 -1 668 417 179 -133 -133
1 20001 -218 -126 1 -1 0 0 0 0 58 34 16 -525 -114 -1 1 4 0 72 115 84 -45 -45
1 19999 -199 -51 -3 1 0 0 0 0 22 17 6 -631 -176 1 -2 -1 0 -55 105 114 -49 -49
1 20001 -185 82 -6 2 0 0 0 0 -34 -26 -11 -2296 -693 1 2 -1 0 -529 209 357 -125 -125
1 19999 -206 -17 11 1 0 0 0 0 6 5 5 -1230 -256 -1 2 4 0 -109 340 349 -153 -153
1 20002 -263 -223 -2 -2 0 0 0 0 81 86 23 -1126 -280 -1 1 1 0 -1363 -107 332 -49 -49
1 19998 -262 -241 -2 2 0 0 0 0 44 120 12 -886 -265 1 -3 2 0 -2161 -421 303 28 28
1 24823 -292 3319 12 114 -1 1396 0 -2 -20 171 -22 -1724 -523 1 4 0 0 -2025 -380 305 19 19
1 21352 -257 -170 -9 8 0 0 0 0 -43 74 -35 -1302 -425 3 2 1 0 -903 22 322 -75 -75
1 21062 -241 -210 10 0 0 0 0 0 -86 66 -37 -3538 -1085 -3 -3 7 0 737 782 499 -284 -284
1 21705 -259 121 -19 7 0 0 0 0 55 -35 14 -1344 -497 1 0 -3 0 8040 3641 722 -942 -942
1 21295 -243 154 1 -3 0 0 0 0 53 -58 29 -590 -220 1 3 5 0 7107 2916 318 -664 -664
1 21059 -216 139 -3 -3 0 0 0 0 31 -64 23 -426 -149 -3 1 -1 0 4360 1763 160 -380 -380
1 21057 -222 95 0 -1 0 0 0 0 12 -47 13 -577 -166 2 -2 4 0 3954 1604 142 -336 -336
1 23354 -208 -3448 -5 -1 0 0 0 0 1 -79 16 -554 -177 2 0 3 -1 5827 2351 188 -475 -475
1 21352 -185 88 7 1 0 0 0 0 -11 -45 8 -482 -147 -1 4 0 0 3479 1414 114 -277 -277
1 21000 -196 50 0 2 0 0 0 0 -10 -24 6 -893 -284 1 -2 10 0 2784 1187 131 -236 -236
1 11236 -120 71 -3 0 0 0 0 0 -14 -35 1 -324 -117 -1 2 2 0 3652 1521 139 -290 -290
1 10472 -107 95 0 -1 0 0 0 0 -29 -43 1 -507 -178 0 0 1 0 3645 1487 110 -272 -272
1 10999 -106 101 -1 2 0 0 0 0 -37 -40 -2 -753 -230 -2 6 -1 0 2694 1222 167 -236 -236
1 10797 -87 38 -2 -104 0 -1407 -2 -2 -16 -36 -41 -309 -114 4 -6 -1 0 2600 1156 141 -215 -215
1 10672 -103 1 -10 -20 1 -3 -11 4 1 -4 -11 -152 -62 -4 0 -1 0 1391 623 77 -115 -115
1 10825 -87 -58 -2 2 0 0 0 0 25 20 5 -553 -186 2 6 3 0 1532 675 76 -121 -121
1 9999 -81 -69 1 -5 0 0 0 0 25 26 5 -369 -122 0 2 2 -1 852 511 136 -108 -108
1 10000 -69 -6 -2 3 0 0 0 0 3 3 0 -139 -65 0 -4 -2 0 1447 665 89 -121 -121
1 10001 -83 -53 -1 -1 0 0 0 0 16 23 5 -529 -168 2 1 4 0 1551 665 60 -114 -114
1 9999 -64 -89 -1 2 0 0 0 0 23 42 6 -339 -124 -2 2 0 1 1272 631 107 -118 -117
1 10000 -81 -118 6 -3 0 0 0 0 21 58 6 -613 -208 2 4 2 -1 1234 697 160 -137 -137
1 10001 -70 -71 -4 -4 0 0 0 0 7 37 -2 -16 -31 0 -5 15 0 1676 816 126 -146 -146
1 9999 -58 3515 3 5 0 0 0 0 0 46 4 -448 -149 -1 -1 -14 0 1238 528 43 -86 -86
1 10001 -78 -81 -5 2 0 0 0 0 -5 43 -4 -231 -94 -1 5 3 0 959 520 106 -96 -97
1 10000 -61 -77 3 -2 0 0 0 0 -11 39 -2 -256 -108 3 -2 1 0 1214 572 76 -98 -98
1 9999 -59 -67 0 -2 0 0 0 0 -14 32 -3 -240 -92 0 4 -1 0 1109 531 74 -91 -91
1 10003 -65 -52 -6 -1 0 0 0 0 -13 24 -4 -222 -59 -1 -2 0 0 1368 598 54 -95 -95
1 9997 -60 -28 2 0 0 0 0 0 -8 12 -2 -111 -55 -1 -4 3 0 917 434 56 -73 -73
1 10000 -67 -15 3 0 0 0 0 0 -5 7 0 -138 -58 1 5 -3 -1 900 392 33 -61 -61
1 10003 -56 -32 -4 3 0 0 0 0 -10 14 -6 -150 -51 -1 -3 3 0 702 370 67 -65 -65
1 9998 -69 -42 1 -3 0 0 0 0 -15 16 -1 -182 -68 1 0 2 0 789 333 23 -50 -50
1 9999 -52 -13 -3 3 0 0 0 0 -4 6 -5 -36 -30 1 5 -4 0 828 388 47 -63 -63
1 10001 -58 -37 5 -3 0 0 0 0 -16 12 1 -247 -85 1 -4 2 0 883 361 16 -53 -53
1 10000 -73 -35 -5 2 0 0 0 0 -14 13 -4 -101 -71 -4 0 1 0 676 354 62 -60 -60
1 10000 -50 -19 9 -6 0 0 0 0 -9 5 1 -297 -80 4 -3 1 0 723 335 38 -53 -53
1 9999 -75 -19 -10 3 0 0 0 0 -7 6 -6 -176 -80 -2 7 2 0 535 371 106 -71 -72
1 10003 -46 -7 6 -3 0 0 0 0 -3 2 0 -360 -108 0 -1 6 0 854 354 18 -51 -50
1 9997 -50 -16 -3 5 0 0 0 0 -8 5 -2 -140 -61 1 -5 -5 0 739 406 78 -69 -69
1 10001 -64 -6 -3 -1 0 0 0 0 -2 2 -1 -67 -44 -3 1 5 0 855 441 71 -73 -73
1 10000 -62 1 2 -2 0 0 0 0 0 -1 1 -211 -74 0 4 -2 0 925 409 35 -60 -61
1 9999 -57 14 -3 -1 0 0 0 0 7 -4 2 -201 -78 1 -1 2 -1 873 432 60 -69 -68
1 10000 -61 25 2 0 0 0 0 0 12 -7 1 -190 -68 4 9 5 0 775 381 52 -59 -60
1 10000 -56 28 0 4 0 0 0 0 11 -9 3 -80 -41 -4 -7 -2 0 760 373 50 -58 -58
1 10000 -68 14 2 1 0 0 0 0 6 -4 1 -54 -27 2 -3 0 0 833 399 49 -61 -61
1 10828 -69 9 -3 -1 -2 1 -3 -4 4 -3 1 -63 -28 0 -3 1 0 775 330 20 -46 -46
1 9932 -60 -7 -2 -1 2 0 -43 0 -2 2 -3 -62 -30 -1 3 0 0 568 263 27 -39 -38
1 9309 -61 4 -4 2 0 -1 -47 0 1 -2 1 -34 -14 0 -1 3 0 549 258 28 -38 -38
1 9927 -65 4 -5 2 -2 1 -52 0 2 -1 -2 -27 -17 -1 4 2 0 479 211 16 -30 -30
1 10123 -65 -10 5 -1 2 1 -54 0 -3 4 -2 -56 -21 2 -2 -3 0 272 142 23 -23 -23
1 10117 -71 1 -11 3 0 -1 -52 0 1 0 -2 -25 -12 -2 2 2 0 448 214 25 -31 -31
1 9272 -74 2 3 -3 -1 0 -49 0 1 -1 1 -31 -16 0 -2 -1 0 522 217 10 -29 -29
1 10112 -74 2 -1 2 1 1 -53 0 1 0 -1 -35 -14 1 0 1 0 274 124 11 -18 -18
1 9154 -69 3 -4 -1 -1 -2 -50 0 2 -1 -1 -18 -8 2 -1 4 -1 253 117 11 -17 -17
1 10502 -80 -7 -1 2 1 2 -57 1 -3 2 -2 -67 -27 -2 9 -3 0 221 116 19 -18 -18
1 15901 -130 79 4 123 0 1408 -15 1 30 -14 -37 -35 -14 -1 -8 0 0 361 178 23 -27 -27
1 11060 -97 123 1 4 0 0 0 0 39 -49 19 -9 -5 0 0 2 0 331 154 16 -22 -22
1 12526 -125 134 2 -2 0 0 0 0 29 -62 21 -80 -32 1 1 4 0 333 151 14 -21 -21
1 11060 -93 105 -2 -5 0 0 0 0 10 -54 15 -68 -28 1 -3 0 0 179 98 17 -16 -16
1 10532 -91 -3487 -1 2 0 0 0 0 0 -58 13 -11 -14 0 5 4 0 350 166 18 -24 -24
1 11000 -108 122 3 3 0 0 0 0 -14 -62 10 -20 -2 -1 -1 0 0 206 94 9 -13 -13
1 10529 -101 148 1 8 0 0 0 0 -36 -68 13 29 10 3 2 -3 0 224 102 9 -14 -14
1 10997 -110 152 3 -16 0 0 0 0 -55 -65 0 5 4 -3 -4 3 0 296 127 8 -17 -17
1 10761 -113 135 22 -68 55 -1403 -2 -2 -61 -58 -39 -40 -17 2 6 -2 -1 41 11 -3 -1 -1
1 10015 -94 25 4 -43 0 0 -44 2 -16 -12 -13 -118 -46 1 -3 6 0 183 58 -8 -6 -6
1 10660 -122 45 12 -2 -1 -1 -8 2 -24 -10 -4 49 20 -2 -1 -3 0 109 77 21 -13 -13
1 10799 -143 7 -6 1 0 0 0 0 -3 0 -1 -18 -12 -1 -1 2 0 241 80 -8 -8 -8
1 10001 -118 17 0 0 0 0 0 0 -8 -4 -4 -27 -12 1 0 1 0 28 55 27 -12 -12
1 10000 -123 1 0 -2 0 0 0 0 -1 0 0 -114 -43 1 7 5 0 261 100 -2 -12 -12
1 10000 -140 25 2 0 0 0 0 0 -13 -4 -3 -23 -11 0 -7 -3 -1 283 157 29 -25 -25
1 10000 -118 24 1 4 0 0 0 0 -12 -3 -3 -3 -1 0 2 4 0 481 198 7 -25 -25
1 6003 -82 17 2 0 0 0 0 0 -10 -1 0 2 -1 -2 -2 1 0 293 119 3 -16 -16
1 5172 -74 14 -3 -3 0 0 0 0 -7 -2 -5 -1 1 2 8 5 0 81 31 0 -3 -3
1 4982 -64 18 -1 3 0 0 0 0 -9 -2 -2 -2 -1 -1 -6 -3 0 76 34 3 -5 -5
1 5028 -77 14 1 -1 0 0 0 0 -8 -1 0 0 1 0 -1 -3 0 33 12 -1 -1 -1
1 5115 -51 8 -1 -3 0 0 0 0 -4 -1 -3 -10 -6 0 2 6 0 104 45 3 -6 -6
1 5178 -58 3 1 2 0 0 0 0 -2 0 0 -31 -9 -1 4 -6 0 -7 5 4 -2 -2
1 5024 -73 6 0 1 0 0 0 0 -3 0 0 -1 -1 1 1 1 0 120 52 4 -7 -7
1 5171 -66 10 2 1 0 0 0 0 -5 -1 -2 -2 -1 -1 -4 1 0 132 57 3 -7 -7
1 7247 -96 15 0 0 0 0 0 0 -8 0 -2 -11 -4 2 -1 3 0 -58 -20 2 2 2
1 5255 -64 9 -2 -1 0 0 0 0 -5 -1 -2 -8 -2 -1 6 -3 -1 -412770 -159769 5 -270003 -270003
1 4976 -71 11 -4 -2 0 0 0 0 -6 1 -1 -19 -7 -2 -5 -4 0 413063 159898 4 269986 269986
1 5029 -49 5 8 3 0 0 0 0 -3 -1 0 -17 -7 5 2 13 0 177 73 2 -10 -10
1 5116 -66 10 -2 0 0 0 0 0 -5 0 -2 -7 -4 -3 -7 -10 0 172 77 7 -10 -10
1 5167 -69 11 -2 2 0 0 0 0 -6 1 0 -4 -7 -1 2 0 0 82 41 5 -6 -6
1 5064 -80 19 2 -5 0 0 0 0 -10 0 -6 -39 -10 3 1 1 0 241 100 4 -13 -13
1 5172 -60 17 -2 2 0 0 0 0 -9 1 -1 -10 -3 -1 0 0 0 154 70 6 -10 -10
1 5125 -53 14 3 -4 0 0 0 0 -8 1 -3 4 -3 0 0 -4 0 170 71 3 -9 -9
1 5316 -75 14 0 2 0 0 0 0 -7 0 -3 -7 -2 -2 3 4 0 140 58 2 -7 -7
1 4970 -69 13 -3 4 0 0 0 0 -7 1 1 -8 -3 2 -3 2 0 107 47 4 -6 -6
1 4977 -60 13 4 0 0 0 0 0 -7 1 -2 4 0 1 3 -1 0 137 58 2 -8 -8
1 5449 -77 16 -6 -4 0 0 0 0 -8 2 -4 8 5 0 7 7 0 112 48 3 -6 -6
1 5193 -73 13 4 3 0 0 0 0 -7 1 0 -7 -1 0 9 -9 0 68 25 -1 -3 -3
1 4987 -66 17 0 -2 0 0 0 0 -9 3 -4 -13 -8 -2 -14 3 -1 105 43 2 -5 -5
1 5040 -62 15 -1 2 0 0 0 0 -8 2 0 -5 0 2 2 -2 0 41 20 2 -3 -3
1 5231 -63 19 2 -1 0 0 0 0 -9 3 -5 -4 -3 -2 -6 2 0 82 36 2 -5 -5
1 5172 -69 19 -4 -2 0 0 0 0 -10 3 -1 -9 -3 2 0 2 1 133 60 5 -8 -8
1 5042 -77 17 3 3 0 0 0 0 -8 3 -3 -8 -2 -1 1 -1 -1 107 43 2 -6 -6
1 5355 -61 25 -2 0 0 0 0 0 -12 5 -4 -9 -4 -1 0 0 0 8 9 3 -1 -1
1 5135 -71 18 2 -1 0 0 0 0 -9 5 0 -1 2 0 -1 -3 0 -48 -15 2 1 1
1 5331 -64 18 -1 -3 0 0 0 0 -9 3 -5 0 0 0 7 -1 0 279 109 1 -13 -13
1 4979 -65 17 -2 0 0 0 0 0 -7 5 -2 3 2 1 -6 1 0 18 13 3 -2 -2
1 4985 -63 11 2 -4 0 0 0 0 -6 3 -2 0 0 0 0 1 0 135 50 -1 -6 -6
1 5506 -67 20 -6 3 0 0 0 0 -8 6 -1 0 1 -1 -1 0 0 72 24 -3 -2 -2
1 5192 -66 18 0 -3 0 0 0 0 -8 5 -4 -5 -1 2 2 1 -1 -17 0 4 -1 -1
1 4988 -62 22 4 6 0 0 0 0 -10 6 0 3 1 -1 -3 -1 0 160 63 0 -8 -8
1 5041 -62 19 0 -2 0 0 0 0 -8 6 -3 -5 -1 -1 4 -2 0 -26 -9 2 1 1
1 5252 -63 19 -2 -2 0 0 0 0 -7 7 -4 -15 -5 3 3 1 0 72 28 -1 -3 -3
1 5173 -61 17 0 5 0 0 0 0 -7 6 2 -6 -4 -3 -3 -1 0 -13 3 5 -1 -1
1 5043 -61 13 1 -2 0 0 0 0 -5 4 -3 -5 -2 -2 -6 2 0 102 40 0 -5 -5
1 5181 -58 13 -2 -1 0 0 0 0 -5 5 -1 -2 0 3 3 1 0 -12 2 4 -1 -1
1 5141 -63 18 4 2 0 0 0 0 -7 6 -2 -9 -3 1 4 -2 0 149 57 0 -7 -7
1 5334 -67 6 1 1 0 0 0 0 -1 3 -3 -12 -5 -3 -7 -4 0 67 30 2 -4 -4
1 4985 -68 14 -3 -1 0 0 0 0 -6 5 2 -15 -5 2 6 -2 0 116 52 4 -7 -7
1 4978 -53 5 1 -1 0 0 0 0 -1 2 -4 2 3 -1 -3 2 0 -43 -10 4 1 1
1 6563 -81 4 -3 -1 0 0 0 0 -2 2 3 1 1 1 0 -4 0 216 86 2 -11 -11
1 6734 -82 10 0 3 0 0 0 0 -3 3 -3 -12 -2 -2 -1 -3 -1 -89 -36 -1 5 5
1 5083 -56 9 5 -1 0 0 0 0 -3 5 2 -23 -6 1 7 -3 0 266 108 2 -14 -14
1 5179 -66 19 -2 -1 0 0 0 0 -6 7 -7 -18 -9 1 -8 2 0 -46 -10 5 1 1
1 8361 -107 58 -9 -9 2 -221 2 0 -17 26 -1 -125 -40 -1 0 -9 0 -135 -40 7 3 3
1 8851 -99 -1 -3 -110 1 -1164 0 -2 0 6 -29 -9 -3 0 2 -1 0 49 64 26 -12 -12
1 5180 -46 -6 4 -12 0 0 0 0 3 0 -9 -21 -12 1 -3 2 0 273 111 3 -14 -14
1 4966 -57 15 12 -13 0 0 0 0 -5 8 1 -306 -101 -3 2 -9 0 245 119 14 -17 -17
1 5240 -85 -3 6 0 0 0 0 0 2 0 -11 10 17 0 -5 3 0 -179 -17 30 -3 -3
1 5310 -50 -9 -18 4 0 0 0 0 1 -7 14 -23 -10 1 5 -4 0 -112 15 34 -9 -9
1 4969 -74 -32 -7 12 0 0 0 0 9 -16 4 37 3 1 1 -1 0 205 88 5 -11 -11
1 4974 -54 -84 10 5 0 0 0 0 28 -34 -4 -4 2 2 8 2 -1 24 14 3 -2 -2
1 5463 -77 -35 -15 -3 0 0 0 0 12 -15 9 -10 -10 -4 -8 -2 0 129 64 7 -9 -9
1 5181 -54 -36 8 -33 0 0 0 0 15 -8 -19 11 2 0 -3 2 0 62 26 2 -3 -3
1 4978 -59 -38 -16 -2 0 0 0 0 16 -14 5 -81 -18 5 5 -1 0 -24 2 6 -2 -2
1 5030 -48 -33 17 9 0 0 0 0 13 -11 5 54 13 -5 -4 1 0 104 58 11 -9 -9
1 5332 -70 -74 0 7 0 0 0 0 34 -21 5 -80 -20 1 -2 1 0 36 16 1 -2 -2
1 5165 -65 -50 -3 1 0 0 0 0 26 -11 0 -31 -11 4 0 -4 0 -89 -15 11 0 0
1 5026 -64 -34 -7 20 0 0 0 0 18 -8 11 59 16 -2 3 1 0 137 70 10 -10 -10
1 5169 -52 -35 21 -6 0 0 0 0 16 -5 2 -81 -29 1 2 2 0 29 -2 -8 2 2
1 5219 -83 -82 -3 11 0 0 0 0 42 -11 21 9 12 -2 -5 -3 0 151 89 17 -14 -14
1 5067 -55 -71 -1 -31 0 0 0 0 39 -2 -12 39 1 0 1 3 0 42 17 1 -2 -2
1 6026 -88 -27 1 6 0 0 0 0 17 0 -2 -29 2 2 2 -2 0 49 10 -6 0 0
1 4662 -70 -34 -20 3 0 0 0 0 17 0 17 38 4 -3 -5 0 0 58 29 4 -4 -4
1 5548 -63 -76 9 5 0 0 0 0 39 5 15 -50 -14 0 3 1 -1 4 -2 -2 0 0
1 5337 -65 -44 10 59 0 0 0 0 22 7 38 -29 -10 15 -2 -4 0 -7 17 11 -4 -4
1 6701 -72 -89 3 -33 0 0 0 0 43 16 -2 -8 -1 -15 0 1 0 -47 -14 3 1 1
1 5246 -72 0 -4 2 0 0 0 0 1 0 -1 15 3 1 4 3 0 291 123 6 -15 -15
1 5195 -55 -59 -22 22 0 0 0 0 23 18 37 5 2 2 -6 -4 0 -1 -2 -1 0 0
