version: 66.14
glider: 195
mission: 21
dive: 315
start: 6 27 105 10 57 52
columns: rec,elaps_tms,depth,heading,pitch,roll,AD_pitch,AD_roll,AD_vbd,GC_phase,mag.x,mag.y,mag.z,sbect.TempFreq,sbect.CondFreq,wlbb2fl.sig470nm,wlbb2fl.sig700nm,wlbb2fl.sig695nm,wlbb2fl.temp,aa4330.O2,aa4330.AirSat,aa4330.Temp,aa4330.CalPhase,aa4330.TCPhase,
data:
0 17554 -21 495 -399 -39 151 2087 495 6 190 -279 -119 173552 135998 43 106 99 536 247352 97359 25823 29239 30645
1 9983 14 58 -45 144 0 0 0 0 -12 -23 79 -137 25 N N N N 1222 -13 -276 52 52
1 10016 -22 140 115 -103 0 0 0 0 -55 -31 21 -137 -22 48 98 103 535 -181 1348 795 -295 -295
1 9985 36 -409 -131 130 0 0 0 0 102 106 -125 282 -6 N N N N 1571 -812 -800 236 236
1 10015 -7 152 -75 34 0 0 0 0 -40 -60 47 48 19 46 236 100 535 -1266 -299 110 13 13
1 9984 -9 161 0 -170 0 0 0 0 -27 -19 1 -178 -13 N N N N -548 -165 29 13 13
1 8771 -1 -126 140 59 -3 0 8 -4 34 23 2 264 0 42 94 103 535 1667 299 -199 3 3
1 9953 14 181 -55 -30 -1 0 280 0 -36 -33 65 -456 15 N N N N 4814 1926 24 -217 -217
1 10006 7 108 -148 -67 0 1 272 0 -49 -21 -39 367 -6 45 98 102 535 -10865 -2788 835 157 157
1 9988 15 -318 82 129 -1 0 252 0 81 59 -52 -225 -16 N N N N 3017 490 -399 18 18
1 10060 19 110 -162 -87 -1 0 248 0 -49 -17 -34 -62 6 45 90 105 534 -1735 -94 335 -50 -50
1 9988 37 -83 -35 -107 4 1 243 0 -6 59 -83 -52 -1 N N N N 405 900 418 -176 -176
1 9935 44 19 -1 58 -3 -2 268 0 3 -25 29 34 1 44 139 104 534 511 278 41 -38 -38
1 10021 25 124 -60 -62 -4 2 263 0 -22 -21 10 -13 -2 N N N N 81 91 33 -16 -16
1 9940 85 137 78 -2 -3 -2 264 0 -5 -40 73 70 -10 45 95 101 534 101 68 16 -11 -11
1 15746 341 5 33 120 659 0 207 -1 -7 -17 63 -242 -20 N N N N 188 92 9 -11 -11
1 9622 289 27 315 -1 1802 1 120 1 -11 -2 75 -11 -6 43 92 99 534 -161 -51 8 4 4
1 9287 174 -27 122 -10 1 -1 451 1 -1 0 6 6 -1 N N N N -75 -18 7 1 1
1 15644 289 -190 -32 120 -9 1431 34 1 90 48 8 6 0 43 108 100 533 199 90 5 -11 -11
1 10453 222 -141 12 38 0 0 0 0 55 46 -12 6 1 N N N N -220 -90 -1 10 10
1 10017 210 -156 -7 -16 0 0 0 0 44 57 -45 4 3 43 92 99 533 53 24 2 -3 -3
1 10864 236 -222 24 -1 0 0 0 0 33 107 -28 -5 -2 N N N N -163 -65 0 7 7
1 10018 160 3511 -8 2 0 0 0 0 0 45 -13 -10 -8 43 108 98 533 111 48 2 -6 -6
1 10454 156 -38 -12 -30 0 0 0 0 -3 20 -10 -17 -11 N N N N -40 -11 3 1 1
1 10249 184 -168 13 24 0 0 0 0 -23 84 -1 -2 -1 42 121 99 533 -93 -31 3 3 3
1 10456 174 -108 -8 -14 0 0 0 0 -29 50 -5 -2 -10 N N N N 11 7 2 -1 -1
1 9395 158 -158 -2 17 0 0 0 0 -55 60 7 -7 -7 43 90 97 533 33 17 2 -2 -2
1 10723 177 -213 1 -8 0 0 0 0 -94 58 31 5 -5 N N N N -15 -3 2 0 0
1 10494 174 -200 6 -16 0 -206 4 0 -100 20 46 -1 -18 41 97 100 533 -43 -17 0 1 1
1 10060 167 -175 25 -97 55 -1231 -1 2 -89 -29 86 -8 -33 N N N N 3 1 0 0 0
1 10818 152 -16 12 -15 0 0 0 0 -11 -5 8 -8 -8 43 88 97 533 -318 -124 1 14 14
1 9983 134 56 -1 0 0 0 0 0 29 8 -7 0 5 N N N N -64 -24 1 2 2
1 10018 154 21 -7 2 0 0 0 0 12 3 -4 -4 -5 43 88 98 533 15 7 1 -1 -1
1 9984 151 -10 -1 4 0 0 0 0 -5 -1 -1 0 -7 N N N N -21 -7 1 1 1
1 10014 148 -90 8 -1 0 0 0 0 -44 -16 16 -10 -44 41 88 97 532 -121 -47 1 5 5
1 9985 160 -73 2 -13 0 0 0 0 -34 -20 16 -7 -54 N N N N -115 -42 2 4 4
1 10015 152 -190 -5 8 0 0 0 0 -71 -62 21 -3 -16 44 95 96 532 -224 -85 3 9 9
1 9986 156 -214 12 -1 0 0 0 0 -55 -96 16 -29 -94 N N N N -180 -66 3 7 7
1 10014 135 -174 -6 0 0 0 0 0 -13 -87 8 -53 -107 42 121 97 532 -361 -127 10 12 12
1 9985 132 -107 2 -2 0 0 0 0 4 -55 -3 -9 -18 N N N N -429 -155 10 15 15
1 10015 137 -73 4 0 0 0 0 0 6 -36 -5 0 -9 43 90 95 532 -397 -154 3 17 17
1 9986 145 -77 -1 -1 0 0 0 0 15 -37 -5 -5 -11 N N N N -209 -81 2 9 9
1 20014 289 -129 5 4 0 0 0 0 31 -55 -12 32 3 40 91 92 532 -632 -252 0 28 28
1 19985 289 -124 0 -5 0 0 0 0 45 -46 -15 79 15 N N N N -747 -324 -14 38 38
1 20015 279 -48 1 6 0 0 0 0 19 -13 -5 68 12 41 89 92 532 -850 -376 -20 46 46
1 19985 315 32 3 -4 0 0 0 0 -14 8 2 108 36 N N N N -807 -367 -25 46 46
1 20016 277 95 4 -2 0 0 0 0 -36 33 10 320 71 41 82 90 531 -568 -352 -72 53 53
1 19983 297 60 -2 5 0 0 0 0 -19 25 8 205 47 N N N N -887 -439 -49 59 59
1 20017 281 -96 -1 -4 0 0 0 0 32 -38 -12 345 70 40 85 85 531 -1755 -846 -83 112 112
1 19985 266 -42 3 3 0 0 0 0 15 -14 -5 301 71 N N N N -4244 -1853 -95 235 235
1 20014 263 -67 -6 -1 0 0 0 0 28 -21 -8 428 115 41 82 82 531 -4848 -2115 -111 275 275
1 26807 339 349 10 -116 0 -1346 2 -2 -112 103 8 802 202 N N N N -6923 -3088 -210 425 425
1 20015 256 365 -8 2 0 0 0 0 -10 178 43 478 149 41 82 79 531 -6494 -2823 -162 398 398
1 20515 254 331 3 -7 0 0 0 0 86 144 4 451 139 N N N N -3650 -1629 -123 243 242
1 20015 250 245 1 1 0 0 0 0 107 70 -22 2173 650 40 77 76 531 -2843 -1687 -379 305 305
1 20868 261 330 2 -3 0 0 0 0 167 17 -49 1630 504 N N N N -3812 -2185 -472 402 403
1 24072 290 309 -3 125 -7 1399 0 2 138 -57 -103 452 208 41 74 72 531 -1797 -1175 -330 236 236
1 19985 248 131 2 0 0 0 0 0 42 -54 -12 657 217 N N N N 319 -128 -172 52 52
1 20015 236 -38 7 -3 0 0 0 0 -11 17 6 1270 402 38 71 64 531 375 -245 -269 90 90
1 19985 220 -110 4 3 0 0 0 0 -38 43 12 959 330 N N N N -3239 -1650 -287 305 305
1 20015 234 -116 -2 -1 0 0 0 0 -48 37 14 614 224 39 74 63 530 -4133 -1872 -215 331 331
1 19985 218 -140 13 -1 0 0 0 0 -67 30 24 2245 780 N N N N -4259 -1963 -255 364 364
1 20015 230 -310 -15 -9 0 0 0 0 -158 4 47 4660 1431 39 76 57 531 -2693 -2304 -959 575 575
1 19984 200 -175 7 6 0 0 0 0 -85 -33 21 2039 680 N N N N -4652 -2787 -816 647 647
1 20016 188 30 8 -1 0 0 0 0 12 7 -4 1326 511 37 75 58 531 -4513 -2361 -562 541 541
1 19985 192 328 -8 9 0 0 0 0 166 36 -52 1805 576 N N N N -3982 -2027 -478 477 477
1 20015 179 355 0 -6 0 0 0 0 169 -71 -45 1273 456 42 71 55 531 -4060 -1905 -376 446 446
1 19984 167 279 -2 3 0 0 0 0 84 -118 -26 564 240 N N N N -3094 -1381 -239 323 323
1 20016 145 -3328 18 3 0 0 0 0 17 -140 6 1233 431 38 72 52 530 -2415 -1168 -271 293 293
1 19984 153 199 5 -2 0 0 0 0 -32 -99 12 1871 614 N N N N -4346 -1909 -338 468 468
1 20017 142 223 -9 -2 0 0 0 0 -73 -91 12 958 348 37 72 50 530 -4189 -1852 -354 471 471
1 19984 132 92 6 -2 0 0 0 0 -40 -28 13 2081 628 N N N N -3729 -1667 -350 443 443
1 24132 172 -291 -9 118 -11 1377 1 -2 107 115 -2 1738 605 38 73 50 531 -5797 -2506 -497 679 679
1 20456 141 -79 -14 3 0 0 0 0 19 34 -19 1865 573 N N N N -4760 -2037 -417 575 575
1 20016 147 27 2 -4 0 0 0 0 -5 -12 6 825 275 38 68 50 531 -5684 -2203 -298 608 608
1 20453 151 -108 1 2 0 0 0 0 18 51 -16 1334 337 N N N N -5621 -2037 -167 557 557
1 20016 144 4 -2 -4 0 0 0 0 0 -2 -1 1275 437 39 71 50 531 -4499 -1763 -293 531 531
1 20456 143 -4 3 2 0 0 0 0 0 2 1 719 234 N N N N -4250 -1647 -276 510 510
1 20017 133 -57 4 0 0 0 0 0 6 29 -6 2868 768 39 71 50 531 -3584 -1450 -322 478 478
1 21276 148 3471 12 -2 0 0 0 0 1 67 -8 3273 1053 N N N N -4110 -1886 -673 694 694
1 20016 142 -237 -4 3 0 0 0 0 -38 117 -14 1139 409 39 68 47 531 -4900 -2051 -612 749 749
1 20871 169 -264 0 -2 0 0 0 0 -96 102 4 524 239 N N N N -4408 -1613 -281 562 562
1 20014 141 -237 -3 2 0 0 0 0 -115 49 21 394 161 37 67 47 531 -3089 -1100 -171 389 389
1 24571 194 -212 -5 -122 0 -1407 1 2 -108 -13 95 795 219 N N N N -2392 -802 -67 275 275
1 20016 135 -71 8 -3 0 0 0 0 -38 -10 8 1088 300 39 67 45 532 -1764 -658 -148 248 248
1 19983 141 -8 6 2 0 0 0 0 -5 -1 1 363 152 N N N N -2379 -860 -169 324 324
1 20016 145 -7 -2 -2 0 0 0 0 -3 -2 2 515 164 37 70 46 532 -2148 -746 -113 278 278
1 19984 155 -33 2 3 0 0 0 0 -16 -6 3 278 119 N N N N -2262 -780 -115 293 293
1 20018 150 -50 9 -1 0 0 0 0 -26 -11 4 981 248 39 81 43 532 -2187 -751 -112 287 287
1 19982 154 -12 -4 1 0 0 0 0 -4 -3 2 696 249 N N N N -1303 -522 -193 225 225
1 20016 169 137 -5 1 0 0 0 0 66 28 -19 1014 267 38 68 46 532 -853 -364 -166 165 165
1 19984 145 203 0 3 0 0 0 0 106 12 -27 549 170 N N N N -1180 -489 -210 219 219
1 20016 142 187 -3 0 0 0 0 0 95 -23 -25 543 171 38 69 43 533 -1544 -550 -131 228 228
1 19984 146 154 7 -2 0 0 0 0 69 -40 -17 1236 301 N N N N -1207 -454 -147 196 196
1 20016 158 88 3 -1 0 0 0 0 35 -31 -7 388 194 38 66 45 533 -1839 -651 -160 275 275
1 19984 136 85 -4 2 0 0 0 0 28 -35 -8 296 121 N N N N -2621 -854 -104 344 344
1 20016 130 82 2 0 0 0 0 0 22 -37 -5 1330 305 37 65 46 533 -2153 -732 -151 311 311
1 19984 137 124 1 -4 0 0 0 0 22 -61 -5 371 147 N N N N -5698 -1798 -152 740 740
1 20016 148 -3458 -2 2 0 0 0 0 7 -74 -3 278 114 39 72 44 534 -5636 -1760 -137 748 748
1 26634 179 63 -15 121 -11 1407 1 -2 -2 -30 1 325 161 N N N N -3040 -958 -104 424 424
1 20014 155 3381 5 -5 0 0 0 0 -7 112 -19 49 58 40 68 43 534 -155 -75 -68 44 44
1 20455 150 -240 -2 3 0 0 0 0 -57 112 -8 130 54 N N N N -1956 -610 -59 274 274
1 20016 158 -204 -6 1 0 0 0 0 -80 72 7 57 64 36 66 42 535 -2473 -757 -46 339 339
1 20452 156 -213 4 -5 0 0 0 0 -106 42 22 227 60 N N N N -1736 -535 -44 245 245
1 23489 185 -247 -4 -116 0 -1403 0 2 -126 -19 98 438 56 40 70 44 535 -858 -265 -23 122 122
1 19984 145 -127 10 1 0 0 0 0 -63 -24 14 201 56 N N N N -119 -41 -13 21 21
1 20016 150 -19 5 0 0 0 0 0 -10 -5 2 248 89 39 67 42 535 156 34 -34 -9 -9
1 19984 142 -1 2 0 0 0 0 0 -1 0 -1 80 2 N N N N 447 126 -19 -53 -53
1 20016 150 -59 2 -3 0 0 0 0 -27 -17 6 1144 266 39 67 41 536 501 115 -90 -36 -36
1 19984 147 -122 -2 4 0 0 0 0 -46 -41 13 289 112 N N N N -469 -198 -152 115 115
1 20015 130 -174 -1 -3 0 0 0 0 -50 -74 12 175 69 39 69 43 536 -1482 -473 -89 228 228
1 19985 124 -198 0 0 0 0 0 0 -28 -97 6 238 73 N N N N -1542 -480 -70 230 230
1 20016 134 -190 -4 0 0 0 0 0 8 -96 -2 115 41 38 69 46 537 -1399 -425 -38 202 202
1 19984 138 -191 0 0 0 0 0 0 38 -89 -11 307 90 N N N N -1185 -370 -61 181 181
1 20016 133 -160 5 -1 0 0 0 0 52 -62 -17 300 77 38 70 42 537 -803 -253 -47 126 126
1 19983 137 -178 1 4 0 0 0 0 77 -48 -19 221 69 N N N N -613 -195 -46 99 99
1 20016 129 -158 -3 -5 0 0 0 0 80 -23 -22 173 53 38 68 40 538 -450 -152 -60 82 82
1 19984 136 -139 0 4 0 0 0 0 73 -2 -17 332 67 N N N N -234 -80 -32 42 42
1 20016 129 -76 2 -1 0 0 0 0 39 7 -11 802 215 36 68 41 538 68 -15 -108 26 26
1 19985 136 -82 3 1 0 0 0 0 41 13 -9 378 129 N N N N 815 208 -89 -84 -84
1 24779 179 -106 -21 118 -10 1401 1 -2 53 39 33 338 139 38 68 42 538 1511 405 -105 -171 -171
1 21045 145 -176 7 4 0 0 0 0 70 55 -28 117 66 N N N N 1903 525 -81 -228 -228
1 20369 144 -205 -4 -2 0 0 0 0 54 88 -33 157 54 37 66 41 539 1517 423 -48 -184 -184
1 20984 138 3385 -1 2 0 0 0 0 18 107 -29 203 59 N N N N 1202 331 -45 -142 -142
1 20427 144 -208 1 3 0 0 0 0 -24 105 -15 297 83 38 69 42 539 1160 319 -46 -135 -135
1 62268 423 -631 1 -37 0 -220 1 -1 -260 186 52 530 181 N N N N 4392 1208 -154 -504 -504
1 79537 543 -450 13 -85 0 -1177 -1 3 -218 -85 102 231 41 N N N N -62 -22 -10 11 11
1 80000 565 -241 -1 -2 0 0 0 0 -74 -99 20 661 170 N N N N -437 -164 -94 88 88
1 80016 557 353 3 2 0 0 0 0 121 132 -31 799 274 39 68 41 542 9996 2780 -204 -1133 -1133
1 79986 598 285 0 -1 0 0 0 0 142 41 -35 762 221 N N N N 8635 2391 -155 -921 -921
1 86647 769 471 -47 2 -63 10 -1 0 228 -84 -76 536 162 N N N N 1236 307 -85 -103 -103
1 80001 766 319 1 1 0 0 0 0 79 -144 -27 694 194 N N N N -1916 -619 -137 266 266
1 79999 761 -3454 0 -1 0 0 0 0 6 -76 -2 578 167 N N N N -1162 -399 -135 182 182
1 80000 785 3368 1 -1 0 0 0 0 -19 119 8 74 25 N N N N 2238 614 -34 -233 -233
1 80000 755 -3292 5 -1 0 0 0 0 15 -159 -5 166 47 N N N N -1097 -332 -42 137 137
1 86001 849 3111 -19 121 -8 1375 0 -2 -63 238 -25 464 127 N N N N 2844 746 -106 -268 -268
1 84311 804 -644 4 -118 0 -1374 -1 2 -298 98 144 96 31 38 71 42 547 578 158 -9 -58 -58
1 79985 756 11 5 1 0 0 0 0 5 2 -2 258 65 N N N N -2199 -642 -42 255 255
1 80000 745 229 3 0 0 0 0 0 116 4 -39 103 26 N N N N -2483 -713 -28 283 283
1 79999 766 3 -5 0 0 0 0 0 2 0 -1 397 111 N N N N -2343 -693 -67 287 287
1 80000 798 466 2 0 0 0 0 0 195 -129 -67 66 23 N N N N 155 27 -33 -5 -5
1 85823 868 -450 -12 121 -10 1376 -2 -2 -186 135 2 164 37 N N N N -1255 -372 -40 157 157
1 84292 872 -439 10 -126 0 -1390 0 2 -216 -49 138 512 138 N N N N -2078 -614 -66 260 260
1 79999 796 89 -1 3 0 0 0 0 40 22 -15 171 59 N N N N -1962 -572 -49 243 243
1 80015 813 361 1 3 0 0 0 0 181 18 -63 258 72 37 76 41 550 1458 385 -48 -149 -149
1 79985 818 -175 2 -5 0 0 0 0 -90 5 32 435 122 N N N N -4738 -1357 -77 575 575
1 86059 888 535 15 4 20 2 -1 0 247 -98 -77 370 116 N N N N -962 -304 -81 143 143
1 80002 806 225 5 -3 0 0 0 0 58 -101 -18 192 52 N N N N -1999 -576 -47 253 253
1 80001 836 -27 3 3 0 0 0 0 -5 13 3 285 74 N N N N -3829 -1082 -45 476 476
1 79998 808 -3250 -6 -3 0 0 0 0 9 -181 -6 242 77 N N N N -651 -203 -57 99 99
1 80002 828 496 2 3 0 0 0 0 -162 -194 50 190 48 N N N N -2922 -822 -31 369 369
1 84234 849 2950 -18 117 -8 1392 -2 -2 172 272 -62 277 79 N N N N -1138 -338 -63 163 163
1 80241 785 -870 5 -30 0 -205 0 -1 -291 302 51 208 62 N N N N -3300 -927 -39 428 428
1 79936 753 -352 11 -87 0 -1190 -1 3 -172 -62 101 148 40 N N N N -3400 -948 -29 446 446
1 80000 717 187 -4 0 0 0 0 0 88 40 -28 154 45 N N N N -411 -123 -28 62 62
1 79999 684 68 1 -5 0 0 0 0 34 7 -7 427 112 N N N N -2328 -662 -65 325 325
1 80001 672 240 -1 7 0 0 0 0 123 -6 -42 321 101 N N N N -4943 -1379 -64 679 679
1 79999 651 277 2 -2 0 -1 -1 0 125 -69 -36 320 93 N N N N -3968 -1106 -62 563 563
1 80000 628 456 -3 0 0 0 0 0 93 -213 -32 455 136 N N N N -1910 -542 -72 286 286
1 80000 631 -3129 -3 0 0 0 0 0 -96 -221 27 540 162 N N N N -2693 -762 -110 409 409
1 79999 621 404 5 0 0 0 0 0 -192 -80 61 327 102 N N N N 4264 1150 -66 -582 -582
1 84472 703 -705 -17 119 -10 1398 -2 -2 275 213 -74 294 85 N N N N -4191 -1159 -73 606 606
1 80000 656 2726 0 -2 0 0 0 0 -189 372 -10 425 127 N N N N -6363 -1748 -76 939 939
1 81470 657 -302 14 -117 0 -1389 -2 2 -155 1 109 526 136 N N N N -5485 -1501 -65 838 838
1 80001 663 -17 -2 0 0 0 0 0 -8 -2 3 364 119 N N N N 1500 395 -82 -212 -212
1 80000 685 414 -1 0 0 0 0 0 208 -24 -67 325 101 N N N N 1638 434 -70 -231 -231
1 80000 686 46 3 -1 0 0 0 0 20 -12 -6 446 120 N N N N -3655 -1000 -77 566 566
1 85000 778 -421 -8 0 -10 -10 -2 0 -207 40 68 406 120 N N N N -2929 -799 -70 463 463
1 80000 726 224 -2 0 0 0 0 0 114 -2 -39 639 190 N N N N -963 -272 -117 169 169
1 80000 764 455 0 -2 0 0 0 0 187 -133 -63 266 84 N N N N -1372 -374 -56 223 223
1 80000 776 -3281 1 -2 0 0 0 0 44 -159 -15 419 115 N N N N -795 -220 -66 135 135
1 80000 793 652 -3 2 0 0 0 0 -182 -270 56 563 176 N N N N -511 -146 -114 98 98
1 82766 823 -447 10 126 20 1396 -1 -2 160 167 -23 382 112 N N N N 514 129 -85 -67 -67
1 80879 810 2724 -2 -7 0 0 0 0 -159 385 -26 298 84 N N N N -730 -199 -56 122 122
1 81355 828 -377 13 -116 0 -1390 -1 2 -193 7 116 329 90 N N N N -148 -44 -49 31 31
1 80000 814 -59 -3 -6 0 0 0 0 -29 -10 11 507 140 N N N N -112 -37 -87 30 30
1 80000 813 44 -2 1 0 0 0 0 22 7 -7 476 136 N N N N 358 88 -71 -45 -45
1 79999 811 659 2 7 0 0 0 0 311 -91 -96 603 180 N N N N 217 47 -125 -14 -14
1 84354 876 -542 -21 -3 -10 2 -1 0 -248 103 76 411 120 N N N N 3058 799 -80 -454 -454
1 80001 820 -124 17 1 0 0 0 0 -65 -12 21 272 75 N N N N 2974 778 -45 -436 -436
1 80000 814 374 -4 0 0 0 0 0 190 -5 -62 328 98 N N N N -1224 -330 -66 193 193
1 80001 805 355 -1 -2 0 0 0 0 143 -112 -45 172 44 N N N N 2229 583 -27 -323 -323
1 79998 800 329 2 -2 0 0 0 0 50 -163 -17 537 148 N N N N -3258 -867 -89 496 496
1 80765 825 -529 -11 126 -10 1395 -1 -2 -122 238 -13 303 88 N N N N -291 -84 -68 55 55
1 81410 816 -501 7 -127 0 -1395 -2 2 -246 45 134 365 90 N N N N 71 14 -45 -3 -3
1 80000 773 -50 0 0 0 0 0 0 -25 -7 8 523 159 N N N N 2804 720 -102 -394 -394
1 80001 767 424 -3 3 0 0 0 0 214 -7 -71 328 96 N N N N 2886 744 -57 -404 -404
1 79998 756 496 0 2 0 0 0 0 167 -186 -57 344 97 N N N N -604 -167 -66 99 99
1 80001 725 -3370 7 0 0 0 0 0 10 -120 0 483 136 N N N N 4999 1285 -81 -684 -684
1 80768 769 2929 -18 119 -10 1392 -1 -2 -151 297 -11 234 80 N N N N 2148 545 -64 -280 -280
1 79999 692 -465 39 -119 37 -1403 0 2 -238 18 133 388 89 N N N N 1325 334 -47 -169 -169
1 80000 643 -135 -1 -2 0 0 0 0 -65 -27 17 344 100 N N N N 892 218 -64 -104 -104
1 80000 639 107 0 2 0 0 0 0 51 24 -14 384 104 N N N N 226 43 -71 -13 -13
1 80000 619 302 1 -4 0 0 0 0 155 14 -42 410 100 N N N N -3953 -1026 -42 541 541
1 80000 598 -106 -4 0 0 0 0 0 -55 3 16 402 130 N N N N -298 -96 -102 63 63
1 87823 728 469 -8 4 -6 8 -1 0 222 -88 -69 248 73 N N N N 1195 299 -48 -152 -152
1 79999 634 262 4 0 0 0 0 0 70 -117 -19 590 143 N N N N 595 140 -64 -65 -65
1 80001 651 144 1 -1 0 0 0 0 13 -75 -4 78 41 N N N N 1156 286 -52 -142 -142
1 79999 639 -3356 0 4 0 0 0 0 -22 -126 7 128 30 N N N N 303 73 -22 -35 -35
1 80001 645 302 5 -3 0 0 0 0 -98 -125 28 427 113 N N N N 687 162 -65 -76 -76
1 80764 707 2986 -21 119 -10 1397 -1 -2 117 285 -52 342 100 N N N N 1443 354 -67 -173 -173
1 83531 746 -842 -5 -118 0 -1399 -1 2 -315 246 112 495 137 N N N N 2259 557 -82 -272 -272
1 80000 732 -84 14 -1 0 0 0 0 -46 -6 14 177 50 N N N N 1436 356 -37 -174 -174
1 80000 738 442 -6 2 0 0 0 0 222 -35 -70 371 98 N N N N 1135 276 -51 -130 -130
1 79999 731 403 3 0 0 0 0 0 128 -162 -40 240 66 N N N N 1504 369 -50 -175 -175
1 80000 757 -3144 5 -2 0 0 0 0 -23 -233 8 437 119 N N N N 3259 806 -73 -382 -382
1 81233 803 3079 -21 117 -10 1400 0 -2 11 262 -37 244 67 N N N N 2302 566 -54 -264 -264
1 85591 846 -759 10 -121 0 -1399 -1 2 -326 169 137 315 85 N N N N 1688 413 -46 -188 -188
1 79999 788 210 1 3 0 0 0 0 108 1 -35 297 79 N N N N 2193 538 -49 -245 -245
1 80000 803 401 -7 0 0 0 0 0 176 -102 -60 126 35 N N N N 1142 277 -33 -124 -124
1 80001 799 -3129 0 0 0 0 0 0 64 -231 -24 203 46 N N N N 392 91 -24 -38 -38
1 79999 814 527 3 -9 0 0 0 0 -154 -220 48 183 52 N N N N -314 -92 -40 48 48
1 82118 845 -550 -8 129 -10 1400 -1 -2 157 230 -43 126 41 N N N N 1083 261 -34 -115 -115
1 80000 832 2797 -5 2 0 0 0 0 -218 326 7 230 41 N N N N 442 101 -28 -42 -42
1 76471 707 -266 38 -125 37 -1408 0 2 -142 -5 108 263 66 N N N N 1283 311 -32 -137 -137
1 79998 704 358 -6 0 0 0 0 0 184 -18 -54 137 43 N N N N -560 -153 -37 75 75
1 80001 709 440 4 -1 0 0 0 0 157 -161 -45 113 26 N N N N -726 -187 -18 89 89
1 80002 731 -3117 -4 5 0 0 0 0 -14 -247 1 406 99 N N N N 526 113 -53 -44 -44
1 84703 749 2982 -8 118 -8 1412 -1 -2 -20 309 -33 120 34 N N N N 693 160 -39 -67 -67
1 84238 750 -741 5 -125 0 -1399 -1 2 -344 106 145 149 38 N N N N 438 102 -22 -43 -43
1 79999 695 -40 3 4 0 0 0 0 -20 -7 3 135 30 N N N N 255 58 -18 -24 -24
1 79999 703 257 -2 -4 0 0 0 0 130 25 -38 146 38 N N N N 640 149 -29 -63 -63
1 80000 682 248 -4 5 0 0 0 0 125 -32 -39 134 32 N N N N 418 98 -20 -41 -41
1 80000 697 483 -2 -1 0 0 0 0 155 -190 -49 154 39 N N N N 495 114 -26 -47 -47
1 86179 757 -516 -6 124 -10 1395 -1 -2 -169 204 -6 140 32 N N N N 464 104 -31 -42 -42
1 81585 695 -290 1 -124 0 -1403 0 2 -147 16 106 191 48 N N N N 628 148 -25 -62 -62
1 80001 697 339 -6 2 0 0 0 0 170 -33 -56 161 41 N N N N 688 160 -27 -68 -68
1 79999 678 311 6 0 0 0 0 0 115 -111 -36 94 23 N N N N 622 148 -19 -63 -63
1 79999 676 233 -3 -1 0 0 0 0 38 -116 -14 173 41 N N N N 1439 348 -24 -149 -149
1 83531 759 -702 -8 126 -10 1401 -1 -2 -229 264 10 118 27 N N N N 2376 579 -28 -249 -249
1 81708 718 -376 1 -126 0 -1400 0 2 -189 -29 127 162 41 N N N N 1501 364 -21 -154 -154
1 79998 734 137 -1 0 0 0 0 0 67 22 -23 236 58 N N N N 751 174 -30 -70 -70
1 78735 304 522 341 -59 270 -500 -301 -4 225 -67 -6 160 41 N N N N 1096 253 -44 -101 -101
1 107672 41 440 234 -8 402 -2 -422 0 48 -225 101 11 3 N N N N 462 111 -9 -46 -46
1 52384 -296 -155 -51 18 0 0 -227 0 -15 89 -4 -9 7 N N N N 98 26 3 -12 -12
1 82268 -714 -627 -100 -100 10 -1347 -228 2 -238 170 -26 -331 -80 N N N N -795 -179 44 69 69
1 83650 -837 -394 -11 125 0 1363 0 2 -190 -9 -134 -173 -44 N N N N -816 -188 36 75 75
1 79999 -793 -163 4 2 0 0 0 0 -64 -53 -26 -133 -34 N N N N -1128 -269 26 111 111
1 79999 -797 -322 2 -3 0 0 0 0 -70 -145 -35 -161 -36 N N N N -1355 -327 22 139 139
1 80002 -792 -236 -9 0 0 0 0 0 3 -120 -1 -102 -26 N N N N -2712 -665 22 288 288
1 87940 -841 661 0 127 -38 1380 -1 -2 105 302 3 -153 -35 N N N N -868 -208 20 89 89
1 80529 -735 719 -6 -120 7 -1396 -19 2 345 9 175 -199 -49 N N N N -709 -166 30 69 69
1 80001 -732 -24 -14 -5 0 0 0 0 -5 7 -5 -146 -37 N N N N -750 -175 32 73 73
1 79998 -702 -332 -2 1 0 0 0 0 -165 44 -53 -134 -33 N N N N -443 -102 23 42 42
1 80000 -705 -136 -1 1 0 0 0 0 -69 -10 -24 -109 -23 N N N N -252 -56 17 22 22
1 80000 -709 -114 3 -4 0 0 0 0 -55 -22 -18 -159 -38 N N N N -505 -118 23 50 50
1 80353 -752 304 17 132 0 1390 -101 -2 148 48 -17 -151 -37 N N N N -607 -143 24 60 60
1 80118 -783 487 -26 -129 10 -1395 -95 2 225 -133 131 -166 -43 N N N N -622 -144 33 60 60
1 80001 -770 -86 1 7 0 0 0 0 -31 36 -10 -121 -29 N N N N -405 -93 23 39 39
1 79998 -746 -85 -5 -4 0 0 0 0 -34 26 -9 -433 -113 N N N N -566 -119 67 44 44
1 80001 -760 -210 1 -4 0 0 0 0 -99 46 -28 -108 -28 N N N N -443 -103 22 43 43
1 80000 -764 -300 -3 2 0 0 0 0 -155 -2 -47 -240 -57 N N N N 531 146 37 -71 -71
1 79756 -826 488 37 7 -4 7 -83 -2 239 -34 73 -260 -69 N N N N 82 35 43 -23 -23
1 81304 -794 242 -45 -6 4 -1 -10 2 99 -92 19 -135 -35 N N N N -1147 -279 27 123 123
1 80000 -775 -170 2 0 0 0 0 0 -61 66 -12 -213 -52 N N N N -294 -64 30 25 25
1 79999 -786 -325 3 1 0 0 0 0 -155 69 -44 -224 -59 N N N N -1383 -334 42 147 147
1 80001 -788 -257 -2 1 0 0 0 0 -132 -12 -40 -109 -28 N N N N 698 183 23 -87 -87
1 78527 -806 602 11 7 0 -8 -37 0 292 -61 85 -328 -82 N N N N -698 -160 47 67 67
1 80000 -808 36 -10 -5 0 0 0 0 16 -15 3 -214 -56 N N N N -1590 -388 41 174 174
1 79999 -793 -504 0 1 0 0 0 0 -240 89 -68 -278 -73 N N N N -1771 -433 45 196 196
1 80002 -819 -427 -5 -5 0 0 0 0 -195 -93 -57 -560 -151 N N N N -2295 -556 83 252 252
1 79998 -808 -407 2 4 0 0 0 0 -82 -187 -31 -314 -87 N N N N -3560 -885 59 419 419
1 83295 -899 864 27 125 0 1393 0 -2 288 296 25 -319 -92 N N N N -2290 -564 70 267 267
1 81118 -832 591 -29 -122 0 -1397 0 2 269 -152 138 -216 -53 N N N N -809 -199 25 95 95
1 80001 -788 -289 2 -6 0 0 0 0 -111 101 -25 -544 -146 N N N N -1957 -476 91 226 226
1 80000 -794 -467 -3 1 0 0 0 0 -237 21 -68 -244 -73 N N N N -2056 -512 55 251 251
1 79999 -764 -581 7 1 0 0 0 0 -199 -206 -68 -443 -119 N N N N -1404 -342 75 166 166
1 85294 -891 740 23 124 0 1398 0 -2 275 236 23 -140 -41 N N N N -812 -201 33 99 99
1 80118 -782 597 -32 -122 0 -1390 -18 2 274 -152 137 -29 -3 N N N N -324 -81 6 41 41
1 79998 -769 -171 3 -3 0 0 0 0 -61 66 -13 -676 -185 N N N N -972 -228 109 104 104
1 80002 -749 -377 0 4 0 0 0 0 -182 72 -50 -172 -46 N N N N -1167 -294 31 150 150
1 80000 -752 -395 -3 -6 0 0 0 0 -193 -59 -55 -641 -159 N N N N -946 -231 62 114 114
1 79998 -754 -520 8 -4 0 0 0 0 -123 -227 -46 -255 -87 N N N N -391 -85 89 34 34
1 80414 -806 435 23 131 0 1390 -50 -2 87 200 -22 -302 -82 N N N N 5103 1327 56 -699 -699
1 80000 -816 989 -34 -126 0 -1390 -43 2 461 -36 183 -339 -97 N N N N -708 -169 64 79 79
1 79999 -754 -252 -2 7 0 0 0 0 -101 87 -25 -406 -114 N N N N -1167 -287 72 139 139
1 80001 -749 -473 4 -1 0 0 0 0 -242 19 -67 -225 -61 N N N N -1289 -326 39 165 165
1 79999 -773 -609 3 -4 0 0 0 0 -200 -224 -62 -577 -155 N N N N 908 252 86 -142 -142
1 80000 -747 -547 -10 -3 0 0 0 0 78 -260 15 -237 -77 N N N N -5147 -1328 57 696 696
1 77177 -765 584 35 132 0 1400 -48 -2 -74 276 -43 -294 -76 N N N N -2239 -576 42 308 308
1 78999 -840 1212 -18 -121 0 -1405 -37 0 507 139 175 -322 -93 N N N N -890 -222 65 114 114
1 81412 -768 -6 -20 -6 0 0 -3 2 2 0 -4 -546 -151 N N N N -3563 -919 88 501 501
1 79999 -758 -631 -2 7 0 0 0 0 -310 70 -81 -326 -95 N N N N -1014 -258 62 139 139
1 80000 -765 -655 -7 0 0 0 0 0 -206 -247 -53 -477 -133 N N N N -834 -209 83 111 111
1 80000 -770 -586 0 1 0 0 0 0 114 -266 20 -209 -65 N N N N 3012 797 51 -456 -456
1 77295 -794 569 39 117 0 1404 -41 -2 -115 256 -47 -330 -92 N N N N -2046 -531 56 293 293
1 78767 -831 1210 51 -124 1 -1403 -15 -2 468 222 155 -339 -97 N N N N 986 267 67 -159 -159
1 81233 -773 137 -97 2 -1 -1 -15 4 70 -50 4 -548 -150 N N N N -2425 -630 78 351 351
1 80000 -755 -627 1 6 0 0 0 0 -305 92 -72 -809 -237 N N N N -3088 -803 151 450 450
1 80001 -760 -641 -11 -4 0 0 0 0 -225 -223 -49 -307 -93 N N N N 206 61 63 -42 -42
1 79999 -756 -711 3 1 0 0 0 0 135 -317 19 -373 -107 N N N N -504 -128 72 68 68
1 81356 -788 237 -9 -9 0 0 -95 0 -89 85 -13 -436 -124 N N N N 105 33 67 -26 -26
1 79999 -769 -579 -3 -4 0 0 0 0 265 -132 46 -101 -35 N N N N 174 50 41 -33 -33
1 80001 -786 671 3 -2 0 0 0 0 -290 172 -52 -472 -127 N N N N 329 94 66 -62 -62
1 80000 -764 486 -1 6 0 0 0 0 -4 242 8 -659 -194 N N N N -344 -82 121 36 36
1 79999 -764 728 7 -7 0 0 0 0 311 178 75 -434 -131 N N N N 326 95 85 -64 -64
1 80001 -912 479 54 13 80 1 -31 0 203 -116 57 -701 -202 N N N N 1269 350 101 -216 -216
1 79999 -935 -302 0 1 0 0 0 0 -124 96 -37 -507 -154 N N N N 1586 439 110 -267 -267
1 80000 -914 -205 1 -4 0 0 0 0 -103 23 -31 -612 -182 N N N N 2966 815 117 -480 -480
1 79999 -916 -173 -5 9 0 0 0 0 -89 -8 -31 -176 -52 N N N N 4220 1147 39 -646 -646
1 88588 -990 776 -9 -1 -21 9 -1 0 348 -152 98 -606 -174 N N N N -233 -45 112 11 11
1 80000 -838 -25 -1 1 0 0 0 0 -6 12 -2 -368 -113 N N N N 3767 1036 78 -576 -576
1 79999 -815 -350 -9 0 0 0 0 0 -133 122 -37 -414 -118 N N N N 3136 868 72 -472 -472
1 80000 -812 -321 5 -8 0 0 0 0 -166 25 -41 -349 -98 N N N N 4946 1363 66 -719 -719
1 80000 -803 -299 4 8 0 0 0 0 -144 -57 -46 -681 -207 N N N N -1947 -506 118 245 245
1 85823 -940 899 2 0 1 -4 0 0 421 -59 120 -594 -178 N N N N 1595 465 122 -257 -257
1 80000 -780 184 -4 1 0 0 0 0 46 -85 10 -399 -120 N N N N 1784 508 76 -271 -271
1 80000 -799 45 1 -2 0 0 0 0 6 -23 3 -372 -107 N N N N 2994 841 65 -432 -432
1 80000 -794 -135 -1 -3 0 0 0 0 -24 65 -7 -239 -73 N N N N 3460 970 60 -487 -487
1 80001 -823 40 -1 7 0 0 0 0 9 -17 2 -372 -101 N N N N 2195 620 49 -308 -308
1 87060 -920 -840 4 -1 -1 9 -1 0 -369 164 -103 -434 -130 N N N N 4362 1236 95 -601 -601
1 80000 -843 -237 -4 -3 0 0 0 0 -107 -59 -28 -206 -59 N N N N 6119 1711 46 -792 -792
1 80015 -846 -122 2 -2 0 0 0 0 -43 -46 -12 -361 -103 38 69 40 560 2929 836 63 -383 -383
1 79986 -866 14 1 -3 0 0 0 0 4 6 0 -275 -75 N N N N 4914 1387 53 -612 -612
1 79999 -885 -408 5 5 0 0 0 0 -65 -194 -26 -488 -144 N N N N 3395 984 91 -434 -434
1 85824 -1033 1067 27 125 1 1373 1 -2 367 318 51 -526 -156 N N N N -471 -88 97 20 20
1 84293 -972 631 -34 -127 -1 -1386 0 2 230 -243 122 -479 -139 N N N N -1288 -320 92 118 118
1 80000 -897 -468 4 4 0 0 0 0 -144 193 -37 -269 -83 N N N N 5116 1464 70 -623 -623
1 79999 -923 -382 2 0 0 0 0 0 -194 36 -56 -186 -47 N N N N 2922 833 29 -345 -345
1 80000 -910 -290 -2 -3 0 0 0 0 -138 -57 -38 -348 -101 N N N N 293 116 70 -60 -60
1 84780 -1051 883 0 -2 0 -3 0 0 416 -52 119 -119 -28 36 73 41 559 2731 780 25 -316 -316
1 79984 -914 63 -5 5 0 0 0 0 21 -25 3 -155 -37 N N N N 1325 389 31 -159 -159
1 80001 -917 -396 5 0 0 0 0 0 -164 124 -44 -329 -90 N N N N 2817 824 60 -333 -333
1 80000 -883 -283 -4 0 0 0 0 0 -146 9 -42 -293 -83 N N N N 130 69 60 -38 -38
1 80000 -908 -350 -4 0 0 0 0 0 -159 -83 -45 -176 -45 N N N N -877 -226 39 80 80
1 84705 -1008 871 9 2 0 3 0 0 413 13 117 -568 -151 N N N N -3905 -1059 87 399 399
1 79999 -893 336 -9 -3 0 0 0 0 94 -149 22 -737 -210 N N N N -2710 -696 147 251 251
1 80001 -852 -387 0 0 0 0 0 0 -113 165 -29 -551 -149 N N N N 3931 1173 110 -489 -489
1 80015 -853 -302 -1 -2 0 0 0 0 -146 56 -40 -921 -274 39 72 41 558 457 220 172 -119 -119
1 79985 -875 -267 8 -2 0 0 0 0 -139 -16 -39 -1243 -382 N N N N -13175 -3673 215 1461 1461
1 84414 -1011 815 -1 1 0 4 0 0 369 -137 104 -1006 -280 N N N N -5321 -1455 187 597 597
1 79999 -943 127 -4 2 0 0 0 0 27 -61 4 -1691 -492 N N N N -5610 -1498 338 614 614
1 20016 -241 -165 4 -2 0 0 0 0 -37 78 -7 -660 -187 39 69 42 558 -2165 -591 111 254 254
1 19985 -242 -179 -5 -2 0 0 0 0 -62 69 -16 -546 -163 N N N N -1951 -535 102 233 233
1 20016 -239 -130 6 4 0 0 0 0 -59 38 -17 -501 -148 38 69 42 558 -1167 -301 124 121 121
1 19985 -235 -86 3 -5 0 0 0 0 -42 16 -9 -379 -114 N N N N 68 49 89 -38 -38
1 20016 -247 -98 -6 -3 0 0 0 0 -49 12 -13 -932 -231 38 69 43 558 911 303 109 -161 -161
1 19983 -258 -151 -2 6 0 0 0 0 -79 0 -26 -645 -205 N N N N 2309 741 177 -376 -376
1 20017 -252 -139 2 1 0 0 0 0 -71 -17 -19 -373 -133 40 69 44 558 1341 432 100 -216 -216
1 19985 -235 -108 -9 3 0 0 0 0 -50 -23 -15 -429 -134 N N N N -531 -122 101 39 39
1 20015 -234 -117 3 -2 0 0 0 0 -49 -37 -13 -99 -37 35 71 42 558 -183 -33 61 5 5
1 19984 -223 -112 -1 8 0 0 0 0 -38 -43 -12 -70 -12 N N N N 1496 455 29 -215 -215
1 23428 -263 78 11 106 0 1381 0 -2 25 32 -37 -368 -87 37 74 43 558 4899 1483 62 -677 -677
1 21217 -241 303 24 4 0 0 0 0 130 86 17 -676 -183 N N N N 4615 1409 82 -627 -627
1 20016 -218 295 3 -1 0 0 0 0 151 17 48 -791 -233 38 69 43 558 -1142 -276 154 90 90
1 23692 -253 297 -25 -119 0 -1382 0 2 142 -91 100 -1027 -283 N N N N 2845 936 193 -435 -435
1 20016 -179 108 -8 -1 0 0 0 0 41 -42 8 -579 -181 39 69 43 557 3131 1000 125 -442 -442
1 19985 -190 81 -3 0 0 0 0 0 23 -36 5 -1100 -307 N N N N 2471 824 164 -369 -369
1 20014 -193 32 -2 1 0 0 0 0 8 -15 0 -778 -251 38 71 46 557 3693 1225 213 -532 -532
1 19985 -210 37 -4 -2 0 0 0 0 10 -18 0 -530 -172 N N N N 1928 656 134 -285 -285
1 20015 -192 -50 -6 3 0 0 0 0 -9 25 -4 -1546 -432 38 71 42 557 1770 616 145 -268 -268
1 19984 -205 -149 9 0 0 0 0 0 -47 65 -8 -966 -321 N N N N 742 401 326 -219 -219
1 20018 -198 -17 -4 0 0 0 0 0 -5 6 -3 -607 -214 38 69 46 557 1077 442 202 -209 -209
1 19982 -217 106 6 -4 0 0 0 0 33 -45 12 -784 -243 N N N N 1980 688 135 -287 -287
1 20016 -203 226 5 -3 0 0 0 0 41 -111 11 -1548 -451 39 69 45 557 3133 1150 305 -488 -488
1 19984 -211 -3406 1 -1 0 0 0 0 -2 -102 -3 -599 -209 N N N N 4118 1414 208 -553 -553
1 20017 -202 142 -1 2 0 0 0 0 -21 -71 -9 -1314 -367 38 71 47 557 2843 981 140 -375 -375
1 19983 -185 78 -11 1 0 0 0 0 -18 -35 -10 -3583 -1058 N N N N 2434 1170 626 -535 -535
1 20017 -183 46 1 2 0 0 0 0 -15 -19 -3 -3197 -983 39 72 50 557 4309 1891 760 -794 -794
1 19983 -186 -122 -1 2 0 0 0 0 35 55 9 -1409 -475 N N N N 4646 1804 416 -673 -673
1 20017 -174 -233 5 1 0 0 0 0 27 119 13 -1380 -452 37 76 52 557 4146 1643 385 -597 -597
1 18726 -147 3315 12 -4 1 1 -38 -4 -38 143 -1 -1616 -446 N N N N 4012 1520 254 -517 -517
1 21565 -182 -165 -32 -121 -1 -1367 -43 2 -43 34 16 -2859 -888 41 74 55 557 5902 2444 598 -844 -844
1 21046 -172 -132 13 5 0 0 0 0 -58 46 -1 -1251 -477 N N N N 7752 3001 455 -933 -933
1 20310 -176 -146 8 -8 0 0 0 0 -72 32 -6 -1379 -437 40 75 51 557 6825 2643 357 -774 -774
1 21042 -177 -40 -8 8 0 0 0 0 -19 9 -8 -3110 -968 N N N N 5085 2275 564 -696 -696
1 19200 -172 -228 23 118 1 1377 -11 -2 -123 35 -91 -987 -394 40 75 55 557 5864 2540 513 -725 -725
1 19924 -161 -231 -32 -1 -1 0 -99 0 -109 -42 -23 -145 -136 N N N N 6039 2311 194 -576 -576
1 21245 -195 -176 -8 -1 0 1 -29 4 -70 -58 -15 -517 -160 40 74 55 557 4183 1604 129 -386 -386
1 19984 -200 -128 -6 -14 0 0 0 0 -37 -55 -3 -2878 -817 N N N N 2658 1306 340 -357 -357
1 20016 -175 -35 -7 6 0 0 0 0 -9 -15 -2 -1954 -676 40 76 55 557 4628 2257 551 -595 -595
1 19984 -171 -133 -6 17 0 0 0 0 -21 -64 -3 -3742 -1251 N N N N 2330 1672 731 -497 -497
1 20018 -175 -216 15 -5 0 0 0 0 -3 -110 -11 -1524 -602 40 75 60 556 5272 2726 686 -680 -680
1 19982 -169 -125 3 1 0 0 0 0 18 -61 1 -354 -207 N N N N 4020 1900 347 -432 -432
1 20016 -168 -106 1 0 0 0 0 0 26 -48 6 -234 -125 41 79 58 556 2377 1092 172 -237 -237
1 19985 -178 -109 7 -7 0 0 0 0 35 -44 1 -2001 -530 N N N N 1926 927 169 -203 -203
1 20015 -172 -39 -17 2 0 0 0 0 16 -15 9 -370 -244 39 77 62 556 1237 955 392 -251 -251
1 19984 -178 -28 3 -3 0 0 0 0 11 -9 3 -190 -108 N N N N 2613 1164 143 -233 -233
1 20017 -168 -63 -2 -1 0 0 0 0 27 -19 5 -587 -199 41 92 62 556 2207 1012 140 -203 -203
1 19983 -168 16 -5 2 0 0 0 0 -6 4 -2 -618 -221 N N N N 2254 1067 165 -214 -214
1 20017 -198 101 8 -3 0 0 0 0 -42 34 -10 -805 -259 39 77 65 556 3406 1573 212 -304 -304
1 19983 -161 77 -1 1 0 0 0 0 -26 30 -3 -309 -135 N N N N 2846 1292 154 -240 -240
1 20016 -185 139 2 -2 0 0 0 0 -38 61 -8 -475 -168 41 80 69 556 3458 1469 108 -256 -255
1 19794 -190 162 68 1 81 0 -31 -4 -23 81 -38 -310 -121 N N N N 2540 1184 153 -213 -214
1 37617 -396 495 13 126 2 1371 -65 2 71 232 -17 -1072 -346 41 77 75 556 2175 1200 258 -235 -234
1 20515 -217 397 -3 3 0 0 0 0 174 108 42 -1454 -420 N N N N -936 -16 244 -45 -46
1 20016 -209 197 5 2 0 0 0 0 100 6 34 -1700 -535 40 80 79 556 -269 634 522 -198 -198
1 26395 -244 172 -45 -118 -30 -1394 0 2 94 -45 86 -579 -246 N N N N 5338 2522 300 -427 -427
1 20014 -155 97 -1 -1 0 0 0 0 44 -27 12 -439 -153 41 79 83 556 2526 1168 120 -190 -190
1 19987 -167 140 0 -1 0 0 0 0 53 -51 15 -294 -93 N N N N 2524 1239 164 -204 -204
1 20015 -152 178 -1 1 0 0 0 0 46 -81 11 -685 -161 41 81 83 555 1726 787 70 -122 -122
1 19985 -160 160 -5 2 0 0 0 0 21 -81 1 -776 -211 N N N N 3905 1963 273 -317 -317
1 20015 -152 -3429 2 -5 0 0 0 0 -9 -91 -2 -63 -37 42 85 83 555 7400 3151 134 -434 -434
1 19984 -156 131 4 7 0 0 0 0 -25 -63 -5 -21 -9 N N N N 4112 1713 46 -224 -224
1 20016 -140 79 -4 -6 0 0 0 0 -20 -37 -10 -17 -9 40 81 82 555 2259 902 2 -111 -111
1 19986 -157 78 1 -1 0 0 0 0 -27 -32 -6 -42 -11 N N N N 1355 563 13 -72 -72
1 20014 -154 97 -5 1 0 0 0 0 -36 -35 -13 -126 -7 41 85 82 555 1643 694 24 -88 -88
1 19985 -165 71 -3 -4 0 0 0 0 -32 -21 -9 -153 -24 N N N N 1698 739 37 -95 -95
1 20015 -152 -91 6 8 0 0 0 0 39 29 14 -309 -67 41 83 82 555 1988 909 69 -121 -121
1 19987 -156 -142 3 -2 0 0 0 0 51 54 16 -88 -6 N N N N 1928 908 81 -121 -121
1 20013 -146 -210 -3 -3 0 0 0 0 49 98 11 -40 37 42 90 79 554 1183 511 22 -63 -63
1 19984 -152 3356 20 -18 0 0 0 0 -1 122 15 -25 57 N N N N 799 351 18 -44 -44
1 20017 -167 -281 -22 15 0 0 0 0 -55 138 -23 6 19 43 94 77 554 1346 557 11 -65 -65
1 18782 -115 -271 58 -10 1 1 -21 -4 -127 82 -17 23 109 N N N N 769 312 2 -36 -36
1 19924 -181 80 -45 25 0 1 -78 0 48 -13 -9 -20 -80 44 86 75 554 1100 341 -58 -28 -28
1 20072 -193 -216 -1 -28 2 0 -84 0 -106 34 -14 24 86 N N N N 110 115 41 -21 -21
1 21221 -188 -87 -8 22 -3 -2 -23 4 -44 8 -24 2 14 41 88 74 554 696 266 -7 -29 -29
1 9985 -107 19 -8 -22 0 0 0 0 12 -4 13 3 7 N N N N 174 46 -13 -2 -2
1 10016 -99 177 13 37 0 0 0 0 88 -12 6 14 42 44 93 73 553 -2 14 8 -3 -3
1 9983 -102 84 -12 -33 0 0 0 0 44 -25 25 9 20 N N N N 283 146 19 -20 -20
1 10016 -103 66 -11 0 0 0 0 0 32 -19 4 -10 -2 42 89 74 553 270 110 1 -13 -13
1 9985 -102 43 -15 21 0 0 0 0 21 -9 -7 5 2 N N N N 219 97 5 -11 -11
1 10016 -107 24 7 -9 0 0 0 0 7 -11 8 -7 -1 43 89 74 553 185 58 -9 -5 -5
1 9983 -103 18 -4 -8 0 0 0 0 9 -8 3 6 2 N N N N 72 34 3 -5 -5
1 10016 -93 8 1 0 0 0 0 0 3 -3 0 -4 0 43 94 74 553 -17 -7 0 1 1
1 9985 -103 -14 17 0 0 0 0 0 -10 5 4 9 6 N N N N 54 12 -6 0 0
1 10016 -106 -39 -11 5 0 0 0 0 -14 14 -7 3 4 44 92 71 553 60 55 18 -9 -9
1 9984 -103 -33 -11 0 0 0 0 0 -10 11 -8 6 5 N N N N 76 37 4 -5 -5
1 10015 -110 -47 4 -10 0 0 0 0 -21 12 0 3 2 41 92 73 552 224 88 -1 -10 -10
1 9983 -106 -50 -12 10 0 0 0 0 -22 15 -9 3 4 N N N N 2 4 2 -1 -1
1 10017 -84 -62 6 -8 0 0 0 0 -30 13 -5 -2 1 41 92 72 552 60 21 -2 -2 -2
1 9982 -106 -21 1 16 0 0 0 0 -12 6 -7 6 3 N N N N 196 87 5 -10 -10
1 10018 -97 -32 2 -7 0 0 0 0 -17 3 2 2 2 46 88 74 552 155 56 -4 -6 -6
1 9984 -101 -38 21 2 0 0 0 0 -24 5 -4 9 6 N N N N -131 -64 -6 8 8
1 10015 -93 -64 -15 -4 0 0 0 0 -30 5 -10 -13 -6 44 90 75 552 181 91 10 -12 -12
1 9984 -121 -95 -3 16 0 0 0 0 -51 3 -17 35 14 N N N N 3 2 1 0 0
1 10017 -91 -95 -3 -2 0 0 0 0 -49 -9 -9 -13 -4 44 91 73 552 15 -8 -8 2 2
1 9985 -73 -68 -2 9 0 0 0 0 -34 -9 -12 9 6 N N N N 104 50 5 -6 -6
1 10016 -80 -23 22 -17 0 0 0 0 -14 -7 2 13 5 43 91 75 551 94 30 -5 -3 -3
1 9984 -82 -30 -3 2 0 0 0 0 -14 -6 -5 -4 1 N N N N -4 -10 -4 2 2
1 10015 -81 -33 18 -12 0 0 0 0 -17 -8 -6 8 4 46 91 73 551 126 31 -11 -1 -1
1 9984 -105 -32 -38 14 0 0 0 0 -11 -8 4 -31 -14 N N N N -21 21 16 -6 -6
1 10017 -81 -8 15 4 0 0 0 0 -5 -2 -7 14 6 44 92 72 551 30 -18 -17 6 6
1 9984 -90 -69 -13 -18 0 0 0 0 -28 -22 3 12 7 N N N N 66 44 10 -7 -7
1 10016 -68 -72 29 14 0 0 0 0 -30 -24 -21 -10 -5 44 90 75 551 52 14 -4 -1 -1
1 11331 -108 -49 43 -22 91 -1 -9 -4 -18 -19 -18 13 7 N N N N -104 -49 -4 6 6
1 9432 -117 -78 7 17 0 1 -54 0 -23 -32 -16 -23 -9 46 92 75 550 111 57 7 -7 -7
1 9407 -119 -12 0 15 0 99 -58 1 -3 -5 -6 8 2 N N N N -5 -16 -8 3 3
1 17710 -243 136 -5 110 1 1295 -5 1 41 54 -25 -4 -1 43 93 73 550 308 142 11 -18 -18
1 10456 -165 188 -9 4 0 0 0 0 76 63 17 -5 -2 N N N N -126 -47 2 5 5
1 10485 -140 219 27 13 0 0 0 0 101 40 21 25 13 41 89 74 550 126 43 -5 -4 -4
1 10869 -137 198 -11 -23 0 0 0 0 105 3 44 5 3 N N N N 139 57 1 -6 -6
1 12507 -136 231 28 -56 -61 -1385 2 0 99 -51 81 9 2 45 91 73 550 242 88 -5 -9 -9
1 9630 -94 124 -60 -54 0 1 -1 2 66 -57 22 -1 0 N N N N -246 -100 -1 11 11
1 10818 -74 36 -24 4 0 0 0 0 20 -13 -9 4 2 42 91 74 549 82 38 3 -5 -5
1 9985 -80 18 22 -14 0 0 0 0 0 -12 14 6 3 N N N N 3 -6 -4 2 2
1 10017 -119 52 2 7 0 0 0 0 13 -21 5 -17 -5 43 90 74 549 66 33 4 -5 -5
1 9985 -99 98 37 -10 0 0 0 0 14 -49 20 -6 -1 N N N N 163 64 -1 -6 -6
1 10015 -154 118 -56 -6 0 0 0 0 23 -63 -6 -4 -3 46 91 75 549 -67 -20 4 1 1
1 9984 -136 -3491 -15 8 0 0 0 0 10 -54 -12 -11 -2 N N N N 5 10 5 -2 -2
1 10016 -125 43 3 6 0 0 0 0 0 -21 -4 2 -2 45 93 72 548 86 37 1 -4 -4
1 9984 -106 34 67 -10 0 0 0 0 -33 -21 37 22 9 N N N N -94 -57 -11 8 8
1 10015 -126 -63 -79 -5 0 0 0 0 35 32 -35 38 14 43 532 78 548 21 11 1 -2 -2
