version: 66.14
glider: 195
mission: 21
dive: 584
start: 9 6 105 16 10 52
columns: rec,elaps_tms,depth,heading,pitch,roll,AD_pitch,AD_roll,AD_vbd,GC_phase,mag.x,mag.y,mag.z,sbect.TempFreq,sbect.CondFreq,wlbb2fl.sig470nm,wlbb2fl.sig700nm,wlbb2fl.sig695nm,wlbb2fl.temp,aa4330.O2,aa4330.AirSat,aa4330.Temp,aa4330.CalPhase,aa4330.TCPhase,
data:
0 17251 36 326 -623 62 145 1810 933 6 202 -235 -194 173614 135399 N N N N 248482 97186 25477 29322 30728
1 9999 -18 146 43 -240 0 0 0 0 -3 7 -10 963 -19 N N N N -1813 -312 225 -6 -6
1 10001 1 -136 18 210 0 0 0 0 26 1 34 -509 51 N N N N 1493 234 -198 10 10
1 10001 4 53 -23 -72 0 0 0 0 -7 -2 -9 -620 -8 N N N N -107 -62 -11 9 9
1 9999 -4 -27 -124 55 0 0 0 0 -12 4 -19 207 -25 N N N N 434 58 -63 5 5
1 10000 4 44 120 -197 0 0 0 0 7 29 -19 1132 21 N N N N -648 4 145 -27 -27
1 8693 -5 17 -89 151 0 1 8 -4 -18 -44 23 -36 -15 N N N N -629 -150 54 7 7
1 10017 14 83 93 -106 -2 -1 245 0 -2 -12 13 -3 -18 N N N N 467 129 -31 -9 -9
1 9965 18 -57 -28 205 -1 1 245 0 11 -19 53 -531 -3 N N N N -3849 528 1161 -270 -270
1 10016 17 -131 40 -20 1 0 241 0 17 47 -49 -663 7 N N N N -1776 -218 282 -27 -27
1 10047 39 106 -55 -192 -1 -3 248 0 -17 14 -33 720 -18 N N N N -232 86 103 -28 -28
1 9915 42 -100 -128 194 0 -1 261 0 -31 -17 -17 -886 -16 N N N N -10 58 35 -12 -12
1 10096 57 -252 -51 301 -2 4 265 0 -13 -9 -4 -367 -42 N N N N 253 146 25 -21 -21
1 16190 225 423 221 -367 1038 0 152 -1 29 -41 84 -1259 -83 N N N N -142 -18 23 -2 -2
1 8452 150 4 287 -7 1346 -1 115 1 28 -4 108 34 -13 N N N N 79 49 9 -7 -7
1 9767 134 48 41 -18 0 0 396 0 -18 -15 23 -90 0 N N N N -89 -27 6 2 2
1 8152 140 32 7 80 -3 826 299 4 -14 -5 40 130 0 N N N N -9 4 4 -1 -1
1 15339 225 -214 9 53 -5 561 -2 -2 78 73 -24 -138 -20 N N N N -67 -15 7 0 0
1 10000 152 -141 -1 6 0 0 0 0 36 60 -26 -8 -3 N N N N 89 40 3 -5 -5
1 10000 150 -131 15 -2 0 0 0 0 20 65 -11 15 2 N N N N -21 -4 2 0 0
1 10001 149 3465 -2 -6 0 0 0 0 4 70 -14 -5 6 N N N N -14 -2 2 0 0
1 9999 137 -154 -26 15 0 0 0 0 -18 76 -25 -4 -3 N N N N -38 -13 1 1 1
1 10001 162 -127 4 -11 0 0 0 0 -27 62 16 -4 2 N N N N -69 -24 3 2 2
1 9999 163 -127 7 9 0 0 0 0 -41 53 9 6 -6 N N N N -61 -25 -1 3 3
1 9368 151 -158 18 -8 0 0 0 0 -65 52 28 -8 -20 N N N N 70 28 0 -3 -3
1 10632 173 -129 -7 -3 0 0 0 0 -60 27 16 0 -4 N N N N -132 -53 0 6 6
1 9924 146 -89 16 -121 53 -1413 2 0 -47 -5 78 -16 -4 N N N N -33 -11 2 1 1
1 9439 126 -143 10 6 1 -1 0 2 -71 -4 29 -21 1 N N N N -65 -22 2 2 2
1 10637 129 -97 2 -12 0 0 0 0 -49 -13 18 0 15 N N N N -62 -22 2 2 2
1 10001 124 -102 -5 9 0 0 0 0 -45 -19 13 1 -5 N N N N -52 -18 2 2 2
1 9999 132 -67 6 -4 0 0 0 0 -29 -20 12 -3 -3 N N N N -144 -57 0 6 6
1 10002 121 -47 4 -3 0 0 0 0 -21 -15 4 4 0 N N N N 111 45 0 -5 -5
1 9999 110 -80 -7 9 0 0 0 0 -26 -25 9 -7 -4 N N N N -59 -22 1 2 2
1 9999 127 -50 -8 0 0 0 0 0 -13 -19 7 0 0 N N N N -95 -39 0 5 5
1 10000 134 -84 16 -7 0 0 0 0 -30 -37 1 0 6 N N N N -92 -35 1 3 3
1 10000 121 -64 -1 -1 0 0 0 0 -15 -29 5 -1 -4 N N N N 30 13 1 -1 -1
1 10000 139 -58 1 11 0 0 0 0 -10 -23 1 5 -4 N N N N -49 -20 0 2 2
1 10001 113 -110 -6 0 0 0 0 0 -9 -54 5 -3 -4 N N N N -161 -64 0 7 7
1 9999 132 -94 -8 -9 0 0 0 0 0 -50 2 -4 1 N N N N -16 -5 1 0 0
1 10000 137 -64 9 1 0 0 0 0 -1 -31 -7 -1 2 N N N N -10 -1 2 0 0
1 10000 132 -64 4 3 0 0 0 0 5 -30 -4 0 -4 N N N N -15 -6 0 1 1
1 10000 126 -84 12 -1 0 0 0 0 9 -39 -11 -4 0 N N N N 8 3 0 0 0
1 10000 114 -148 -19 6 0 0 0 0 42 -62 -8 1 -5 N N N N -97 -39 0 4 4
1 10000 120 -87 3 -12 0 0 0 0 28 -35 -16 3 7 N N N N -203 -83 -1 9 9
1 10000 121 -104 2 8 0 0 0 0 39 -30 -14 1 -2 N N N N 88 36 1 -4 -4
1 12884 144 39 17 -145 -1 -1362 1 -2 -20 -19 -60 -3 -4 N N N N 46 18 -1 -2 -2
1 10820 118 120 -35 12 0 0 0 0 -32 35 38 2 7 N N N N -173 -72 -1 8 8
1 10001 112 220 -1 3 0 0 0 0 -53 86 45 10 -3 N N N N -6 -1 1 0 0
1 10884 135 198 -1 2 0 0 0 0 -14 92 34 6 0 N N N N 59 25 0 -2 -2
1 19999 251 294 13 -2 0 0 0 0 33 139 19 -7 -16 N N N N 12 1 -2 0 0
1 20001 247 355 -6 -3 0 0 0 0 128 127 -10 1 -5 N N N N -55 -19 2 2 2
1 19999 277 307 -16 6 0 0 0 0 151 45 -51 -4 -3 N N N N 36 16 1 -2 -2
1 24405 332 415 29 129 23 1397 0 2 181 -55 -127 -22 1 N N N N -111 -43 1 4 4
1 20831 256 148 22 -10 0 0 0 0 44 -62 -7 21 7 N N N N -31 -14 -1 2 2
1 19999 238 55 3 0 0 0 0 0 13 -26 -3 4 5 N N N N 46 15 -2 -1 -1
1 20000 229 -104 -16 8 0 0 0 0 -25 48 2 128 -5 N N N N -256 -141 -21 19 19
1 20001 232 -15 9 1 0 0 0 0 -5 7 3 -25 6 N N N N -160 -75 -7 10 10
1 19999 207 145 -7 -12 0 0 0 0 35 -67 -14 12236 1873 N N N N 263 -3326 -1983 745 745
1 20000 149 -139 2 5 0 0 0 0 -33 64 14 8462 2302 N N N N -13748 -9015 -2261 1573 1573
1 20000 155 -237 -1 8 0 0 0 0 -89 83 30 4196 1316 N N N N -11559 -6776 -1614 1287 1288
1 20001 144 74 7 -4 0 0 0 0 31 -22 -7 2431 1123 N N N N -11204 -5637 -1102 1111 1110
1 20000 158 50 -1 -5 0 0 0 0 20 -17 -5 1761 753 N N N N -10459 -4546 -619 899 899
1 24000 196 -62 -12 123 -7 1369 2 -2 -24 28 -47 1542 1152 N N N N -9220 -3764 -416 768 768
1 20000 169 -18 2 -7 0 0 0 0 -7 6 7 3341 577 N N N N -4098 -2003 -462 478 478
1 19999 162 -145 7 5 0 0 0 0 -67 38 15 2876 771 N N N N -3614 -2185 -766 594 594
1 20001 161 -15 -4 -2 0 0 0 0 -7 3 2 2319 835 N N N N -7651 -3440 -724 864 864
1 19999 148 53 3 2 0 0 0 0 25 -11 -6 1588 674 N N N N -8787 -3323 -355 798 798
1 20001 161 -11 0 -1 0 0 0 0 -5 3 1 1012 659 N N N N -8822 -3360 -421 864 864
1 20000 164 -53 4 5 0 0 0 0 -26 10 7 488 452 N N N N -10216 -3600 -256 933 933
1 23880 173 -83 -15 -118 0 -1393 0 2 -38 -2 68 2198 588 N N N N -8614 -3118 -336 881 881
1 20000 149 -57 16 -6 0 0 0 0 -32 2 14 2103 562 N N N N -9843 -3472 -336 1028 1028
1 20000 127 4 -2 -1 0 0 0 0 3 -1 1 1010 385 N N N N -9916 -3471 -362 1096 1096
1 20000 157 -45 4 0 0 0 0 0 -24 0 7 796 403 N N N N -11364 -3835 -299 1270 1270
1 20000 145 -81 1 0 0 0 0 0 -42 -3 12 848 390 N N N N -8850 -2934 -204 1031 1031
1 20000 164 62 2 -1 0 0 0 0 32 3 -8 155 266 N N N N -6491 -2131 -138 783 783
1 20001 147 -21 -2 3 0 0 0 0 -11 0 1 686 290 N N N N -5220 -1745 -185 681 681
1 19999 145 -88 2 0 0 0 0 0 -44 -7 14 1069 233 N N N N -5040 -1655 -145 662 662
1 20000 123 76 -8 -2 0 0 0 0 39 6 -12 1474 358 N N N N -3279 -1120 -192 479 479
1 20000 129 0 6 3 0 0 0 0 -1 1 0 440 258 N N N N -3387 -1161 -227 512 512
1 24472 158 159 -20 -126 0 -1377 1 -2 85 -33 31 628 234 N N N N -4490 -1474 -190 647 647
1 20732 129 173 8 126 -10 1390 0 2 81 3 -90 1134 267 N N N N -2809 -937 -169 430 430
1 20796 115 21 5 3 0 0 0 0 9 -6 -1 378 189 N N N N -2060 -676 -106 313 313
1 20001 103 84 -2 -5 0 0 0 0 36 -24 -12 298 180 N N N N -2760 -883 -96 406 406
1 19999 100 52 -3 2 0 0 0 0 20 -18 -9 475 178 N N N N -2472 -796 -108 377 377
1 20000 93 120 0 -1 0 0 0 0 40 -47 -15 527 206 N N N N -2026 -662 -124 324 324
1 20000 90 136 5 -2 0 0 0 0 31 -63 -13 416 175 N N N N -1789 -574 -87 281 281
1 20000 112 53 0 6 0 0 0 0 8 -27 -2 444 71 N N N N -2138 -679 -89 333 333
1 20000 86 82 -3 -3 0 0 0 0 7 -42 -7 416 130 N N N N -2769 -882 -139 445 445
1 20000 109 -3493 6 -3 0 0 0 0 -1 -57 0 410 161 N N N N -2609 -823 -119 420 420
1 20000 97 29 -2 1 0 0 0 0 -2 -15 1 467 134 N N N N -1758 -552 -83 287 287
1 23944 106 51 -14 122 -10 1386 1 -2 -5 -23 7 728 234 N N N N -2233 -691 -72 358 358
1 20353 97 -108 4 1 0 0 0 0 9 55 -10 67 130 N N N N -1496 -461 -45 242 242
1 20999 113 3433 1 1 0 0 0 0 -8 87 -12 -270 152 N N N N -1178 -370 -68 200 200
1 20410 107 -147 1 -3 0 0 0 0 -29 72 -2 588 87 N N N N -737 -234 -56 130 130
1 20356 107 -165 -3 2 0 0 0 0 -53 69 7 189 100 N N N N -883 -281 -71 156 156
1 20351 110 -156 -3 0 0 0 0 0 -65 50 14 431 100 N N N N -809 -250 -38 137 137
1 23955 135 -243 13 -115 25 -1400 1 2 -120 21 97 310 108 N N N N -975 -308 -74 173 173
1 20810 116 -143 12 -4 0 0 0 0 -75 -7 24 134 61 N N N N -888 -269 -23 146 146
1 20000 122 3 2 -3 0 0 0 0 1 0 1 72 53 N N N N -1236 -374 -27 204 204
1 20000 127 60 -1 -2 0 0 0 0 30 4 -9 -12 30 N N N N -1607 -484 -30 266 266
1 20000 125 32 2 3 0 0 0 0 16 2 -5 17 38 N N N N -1164 -348 -12 192 192
1 20000 138 141 0 -3 0 0 0 0 72 -6 -21 150 74 N N N N -1283 -385 -18 214 214
1 20001 125 101 -1 3 0 0 0 0 50 -15 -16 314 65 N N N N -989 -306 -70 179 179
1 19999 130 43 4 -2 0 0 0 0 20 -8 -6 356 19 N N N N -422 -135 -62 84 84
1 20000 127 -28 -1 1 0 0 0 0 -13 6 4 310 87 N N N N -487 -152 -44 91 91
1 20000 121 -63 2 1 0 0 0 0 -31 11 9 233 63 N N N N -441 -137 -40 83 83
1 20000 126 -54 -1 0 0 -2 1 0 -27 6 9 200 59 N N N N -236 -77 -45 49 49
1 20000 128 -26 4 -1 0 0 0 0 -14 3 4 213 75 N N N N 34 4 -37 2 2
1 20001 125 -79 -2 1 0 0 0 0 -40 3 12 40 40 N N N N 139 37 -25 -17 -17
1 20001 123 -7 -2 -1 0 0 0 0 -3 0 2 234 61 N N N N 289 72 -76 -31 -31
1 19998 120 -7 1 1 0 0 0 0 -4 0 0 168 57 N N N N 272 78 -11 -43 -43
1 20001 116 13 0 -1 0 0 0 0 7 1 -1 87 54 N N N N 309 87 -25 -45 -45
1 19999 126 -16 0 -3 0 0 0 0 -9 -1 2 17 42 N N N N 231 65 -19 -34 -34
1 20002 124 -27 -1 5 0 0 0 0 -13 0 3 123 30 N N N N 207 57 -18 -30 -30
1 19998 124 -32 3 -2 0 0 0 0 -17 -2 6 103 25 N N N N 272 74 -38 -35 -35
1 24060 157 33 -20 -122 0 -1379 1 -2 22 -32 52 247 33 N N N N 240 61 -49 -28 -28
1 20000 121 184 5 -2 0 0 0 0 92 -3 -30 428 41 N N N N 769 215 -63 -110 -110
1 22058 140 174 -3 122 -7 1388 0 2 81 -8 -85 163 66 N N N N 879 247 -48 -130 -130
1 20001 106 63 10 -2 0 0 0 0 25 -19 -7 76 64 N N N N 1000 288 -29 -153 -153
1 20000 113 114 2 4 0 0 0 0 42 -42 -14 154 72 N N N N 1016 291 -29 -154 -154
1 19999 118 119 -3 0 0 0 0 0 34 -52 -13 -13 52 N N N N 466 135 -5 -72 -72
1 20000 115 101 1 1 0 0 0 0 19 -49 -9 124 13 N N N N -683 -203 -15 112 112
1 20000 114 137 2 -2 0 0 0 0 10 -71 -6 -27 44 N N N N -488 -144 -11 79 79
1 20000 111 -3489 3 -2 0 0 0 0 -5 -59 -1 15 26 N N N N -46 -15 -8 10 10
1 20001 121 61 -2 1 0 0 0 0 -7 -31 1 -41 26 N N N N 265 74 -14 -39 -39
1 19999 111 29 1 3 0 0 0 0 -5 -15 1 252 21 N N N N 322 88 -32 -43 -43
1 20000 129 21 -1 -2 0 0 0 0 -4 -10 0 283 42 N N N N 552 155 -31 -79 -79
1 24410 144 -114 -17 127 -10 1397 0 -2 17 62 0 395 48 N N N N 684 192 -31 -99 -99
1 19999 113 3411 1 -1 0 0 0 0 1 98 -15 121 72 N N N N 833 227 -75 -110 -110
1 20001 127 -169 5 -1 0 0 0 0 -29 85 -3 311 69 N N N N 753 206 -56 -101 -101
1 19999 125 -173 2 0 0 0 0 0 -53 75 7 417 64 N N N N 842 234 -48 -116 -116
1 20001 131 -168 0 1 0 0 0 0 -71 53 12 133 77 N N N N 1500 422 -57 -212 -212
1 21079 139 -173 4 -36 1 -211 2 -1 -85 31 38 55 65 N N N N 1792 509 -38 -257 -257
1 18921 122 -117 -9 -85 -1 -1196 -2 3 -57 -11 64 167 65 N N N N 1258 361 -13 -182 -182
1 19999 129 -95 9 -3 0 0 0 0 -50 -6 15 73 54 N N N N 883 253 -8 -127 -127
1 20001 138 -61 0 0 0 0 0 0 -31 -7 9 -9 41 N N N N 1099 314 -16 -155 -155
1 19999 129 -17 1 0 0 0 0 0 -8 -3 2 21 18 N N N N 354 101 -5 -50 -50
1 20000 129 9 2 0 0 0 0 0 4 1 -1 89 23 N N N N 244 65 -18 -30 -30
1 20001 134 26 -1 0 0 0 0 0 13 4 -3 -51 14 N N N N 319 90 -10 -43 -43
1 20000 117 27 1 -3 0 0 0 0 13 3 -3 68 18 N N N N -202 -63 -16 34 34
1 20000 142 35 -1 3 0 0 0 0 18 4 -6 104 29 N N N N -162 -51 -17 28 28
1 19999 112 33 2 -2 0 0 0 0 16 2 -5 30 23 N N N N -77 -28 -18 16 16
1 24179 150 111 -23 -124 0 -1376 0 -2 62 -29 39 242 12 N N N N -99 -36 -30 23 23
1 20930 124 196 5 34 0 215 2 -1 95 -10 -50 170 23 N N N N 276 70 -36 -29 -29
1 19423 112 124 19 87 21 1168 -1 3 52 -16 -54 142 33 N N N N 541 148 -24 -70 -70
1 20001 109 149 11 3 0 0 0 0 55 -54 -15 52 28 N N N N 918 259 -20 -125 -125
1 20000 107 139 1 -2 0 0 0 0 36 -63 -13 92 30 N N N N 831 234 -18 -112 -112
1 20000 116 90 -3 4 0 0 0 0 15 -45 -5 25 36 N N N N 544 152 -15 -72 -72
1 20000 112 125 6 -7 0 0 0 0 8 -65 -5 -1085 27 N N N N 343 96 -11 -45 -45
1 20000 107 -3530 0 5 0 0 0 0 -2 -37 -1 996 27 N N N N 240 69 1 -34 -34
1 20000 110 43 1 3 0 0 0 0 -5 -22 0 -624 17 N N N N -456 -133 -6 65 65
1 20000 114 68 0 -4 0 0 0 0 -9 -35 2 -5951 16 N N N N -309 -92 -11 47 47
1 20000 123 52 -2 4 0 0 0 0 -10 -26 0 -119 28 N N N N 151 36 -27 -13 -13
1 23587 138 -46 -15 120 -7 1407 0 -2 10 30 10 3441 15 N N N N 363 100 -15 -46 -46
1 20000 128 -126 7 1 0 0 0 0 14 64 -11 3479 15 N N N N 108 28 -9 -13 -13
1 20001 112 3506 1 0 0 0 0 0 1 49 -7 189 3 N N N N -19 -10 -16 8 8
1 19998 125 -95 -3 1 0 0 0 0 -7 49 -7 202 18 N N N N 109 27 -13 -12 -12
1 40177 265 -280 1 3 0 0 0 0 -69 130 -1 263 51 N N N N 918 246 -57 -110 -110
1 39999 250 -300 1 -1 0 0 0 0 -132 86 24 109 54 N N N N 957 267 -25 -124 -124
1 43592 292 -290 -2 -122 -1 -1402 -1 2 -147 -10 103 205 46 N N N N 273 70 -27 -29 -29
1 39999 284 -190 3 1 0 0 0 0 -91 -36 23 57 48 N N N N 580 160 -18 -74 -74
1 40001 285 -100 5 -2 0 0 0 0 -43 -30 8 -89 27 N N N N -90 -29 -11 16 16
1 39999 293 -94 1 1 0 0 0 0 -34 -33 8 28 13 N N N N -2831 -810 -2 391 391
1 39999 302 -33 -6 2 0 0 0 0 -10 -12 2 -240 11 N N N N -2542 -732 -19 362 362
1 43706 346 227 -15 -126 0 -1388 0 -2 91 34 32 670 29 N N N N -192 -68 -48 41 41
1 40000 322 422 5 -2 0 0 0 0 207 49 -51 203 50 N N N N 2249 630 -39 -304 -304
1 42471 339 252 10 125 -9 1395 1 2 117 -20 -93 -55 50 N N N N 2570 728 -17 -350 -350
1 39999 318 34 2 -3 0 0 0 0 14 -10 -4 -2271 26 N N N N 1108 313 -9 -148 -148
1 39998 337 -48 -4 2 0 0 0 0 -20 14 6 2212 5 N N N N -2398 -681 8 326 326
1 40000 320 -42 -1 3 0 0 0 0 -18 12 5 100 -2 N N N N -5499 -1571 -12 776 776
1 40003 331 -72 3 -2 0 0 0 0 -34 17 11 171 14 N N N N -3890 -1113 -18 569 569
1 39999 324 -40 0 -1 0 0 -1 0 -19 7 6 51 22 N N N N -1694 -487 -21 256 256
1 40001 331 -91 1 3 0 0 0 0 -46 11 14 162 20 N N N N -2009 -577 -23 307 307
1 39998 325 -61 4 -2 0 0 0 0 -32 3 9 -1545 18 N N N N -3016 -862 -14 462 462
1 40001 330 -56 -1 0 0 0 0 0 -29 1 7 860 32 N N N N -904 -260 -22 145 145
1 40001 319 -107 -3 -1 0 0 0 0 -54 -7 16 608 22 N N N N -1122 -321 -10 176 176
1 43530 357 207 -13 -124 0 -1399 0 -2 109 -26 27 417 20 N N N N -2421 -691 -19 385 385
1 42177 353 352 5 124 -8 1393 0 2 160 -47 -108 -527 30 N N N N -2721 -775 -11 438 438
1 39998 338 122 7 -1 0 0 0 0 41 -48 -13 -5927 23 N N N N -1757 -500 -13 289 289
1 40001 324 0 0 0 0 0 0 0 0 0 0 3333 31 N N N N -519 -150 -19 88 88
1 40000 326 -26 0 2 0 0 0 0 -8 11 3 2385 25 N N N N -379 -111 -29 68 68
1 39999 329 -3 1 -2 0 0 0 0 -1 1 2 -16 36 N N N N -385 -113 -27 68 68
1 43528 357 -292 -18 125 -11 1398 0 -2 -116 105 -25 1218 40 N N N N 508 141 -25 -78 -78
1 40000 329 -282 31 -123 40 -1403 -1 2 -148 11 103 -1523 45 N N N N 878 245 -29 -139 -139
1 40001 298 -136 7 -2 0 0 0 0 -71 -15 17 -35 39 N N N N 844 237 -15 -134 -134
1 39999 308 -119 -2 3 0 0 0 0 -55 -24 12 1834 17 N N N N 1297 365 -14 -206 -206
1 40000 321 -169 1 1 0 0 0 0 -69 -52 15 -3559 25 N N N N 1445 405 -21 -226 -226
1 40000 303 -125 3 1 0 0 0 0 -41 -49 5 3043 33 N N N N 1395 391 -22 -215 -215
1 44178 358 242 -19 -126 0 -1383 0 -2 91 46 34 998 27 N N N N 1393 390 -22 -212 -212
1 40000 346 431 4 -1 0 0 0 0 211 61 -42 234 35 N N N N 1194 333 -23 -180 -180
1 40000 321 364 -49 122 -85 1390 -1 2 172 -48 -126 138 44 N N N N -103 -33 -24 22 22
1 40000 348 231 6 2 0 0 0 0 64 -100 -25 70 39 N N N N -702 -202 -23 113 113
1 40002 341 185 0 -2 0 0 0 0 20 -95 -13 -18 25 N N N N -1506 -427 -10 236 236
1 40001 352 -3475 5 -2 0 0 0 0 -6 -66 0 -339 30 N N N N -773 -220 -15 124 124
1 39998 346 115 -2 6 0 0 0 0 -18 -58 3 -369 29 N N N N 487 134 -22 -71 -71
1 39999 343 87 -1 -3 0 0 0 0 -21 -41 5 -6 35 N N N N -2538 -719 -24 405 405
1 45469 361 -268 13 126 30 1396 0 -2 44 137 4 1079 30 N N N N -2545 -720 -24 412 412
1 40000 318 3280 3 -2 0 0 0 0 -36 163 -15 234 31 N N N N -2129 -601 -21 351 351
1 40002 323 -294 1 0 0 0 0 0 -106 113 16 100 29 N N N N -1411 -398 -17 235 235
1 42294 329 -288 -6 -121 0 -1407 0 2 -140 29 99 132 30 N N N N -1134 -321 -17 192 192
1 40000 291 -189 8 -2 0 0 0 0 -97 -15 30 -15 29 N N N N -33 -12 -19 8 8
1 40001 309 -121 0 2 0 0 0 0 -56 -24 15 104 28 N N N N 858 239 -21 -139 -139
1 40000 302 -24 1 -5 0 0 0 0 -12 -7 4 -22 30 N N N N 1097 306 -26 -176 -176
1 40000 307 -69 3 4 0 0 0 0 -29 -19 6 -833 35 N N N N 811 224 -24 -129 -129
1 39997 300 -53 -2 -1 0 0 0 0 -21 -17 5 -207 30 N N N N 35 8 -15 -3 -3
1 44238 351 286 -18 -128 0 -1379 -1 -2 131 32 23 1580 33 N N N N -342 -99 -27 61 61
1 42862 341 464 -2 134 -9 1387 0 2 228 10 -137 162 35 N N N N 142 38 -19 -20 -20
1 40785 322 303 14 -7 0 0 0 0 106 -113 -31 -75 34 N N N N -33 -11 -15 8 8
1 39999 304 17 -1 0 0 0 0 0 4 -8 -2 -132 21 N N N N -317 -90 -12 54 54
1 40000 326 -107 2 1 0 0 0 0 -29 48 11 272 18 N N N N -707 -199 -12 118 118
1 39999 314 -59 1 0 0 0 0 0 -20 23 8 110 22 N N N N -1200 -338 -16 200 200
1 40000 320 -11 0 -1 0 0 0 0 -4 4 1 -47 29 N N N N -773 -218 -19 131 131
1 43532 351 -244 -13 120 -10 1393 0 -2 -104 80 -25 366 38 N N N N -2010 -565 -46 344 344
1 37117 283 -274 21 -120 30 -1409 -1 2 -141 3 107 78 54 N N N N -1629 -458 -36 281 281
1 39999 295 -140 6 0 0 0 0 0 -72 -17 17 128 43 N N N N -505 -142 -28 90 90
1 40001 311 -60 3 2 0 0 0 0 -28 -12 8 -1195 49 N N N N 1403 389 -22 -235 -235
1 40000 305 17 -3 -3 0 0 0 0 8 3 -1 848 40 N N N N 268 72 -29 -41 -41
1 40000 291 -16 -1 2 0 0 0 0 -7 -3 1 -498 38 N N N N -394 -111 -24 70 70
1 44294 336 278 -14 -128 0 -1377 0 -2 141 -1 20 1631 32 N N N N -910 -256 -34 159 159
1 42825 330 371 7 123 -7 1391 0 2 176 -30 -114 -1659 77 N N N N -1065 -299 -48 187 187
1 40000 282 -86 -1 2 0 0 0 0 -37 26 11 -1786 67 N N N N -816 -230 -58 147 147
1 39999 300 -112 6 2 0 0 0 0 -54 22 18 3147 77 N N N N -1007 -281 -34 178 178
1 40002 297 -106 1 4 0 0 0 0 -53 12 16 -837 57 N N N N -327 -92 -25 59 59
1 39998 280 -29 -6 -5 0 0 0 0 -14 1 5 -4168 58 N N N N -320 -90 -31 59 59
1 46115 339 318 -18 -4 -9 7 -1 0 153 -57 -53 6528 49 N N N N -206 -58 -31 39 39
1 40000 274 203 19 4 0 0 0 0 70 -76 -22 -2906 59 N N N N -55 -17 -35 14 14
1 40000 291 -46 -5 5 0 0 0 0 -13 20 4 2634 51 N N N N -312 -88 -36 58 58
1 40000 285 -90 5 -1 0 0 0 0 -32 35 12 339 56 N N N N -192 -55 -37 37 37
1 40000 284 -75 2 0 0 0 0 0 -30 25 11 490 41 N N N N -376 -104 -17 67 67
1 40000 282 13 -1 -3 0 0 0 0 6 -4 -2 283 56 N N N N -728 -202 -42 131 131
1 45050 295 -291 -16 90 -11 1190 -4 -2 -136 70 -5 264 65 N N N N -1171 -324 -42 209 209
1 39010 268 -265 1 -88 1 -1201 2 2 -132 -27 90 -488 43 N N N N -464 -128 -25 84 84
1 40001 261 -89 7 2 0 0 0 0 -44 -16 11 512 41 N N N N -63 -18 -24 13 13
1 39997 280 23 -1 -5 0 0 0 0 10 4 -2 -1148 61 N N N N 159 43 -31 -25 -25
1 40003 256 -72 -2 4 0 0 0 0 -31 -17 9 1668 74 N N N N -543 -150 -54 100 100
1 39999 260 -115 2 0 0 0 0 0 -47 -35 13 -16 42 N N N N -255 -71 -19 47 47
1 43530 302 208 -16 -130 0 -1384 0 -2 93 15 30 358 33 N N N N 570 156 -18 -99 -99
1 40001 269 398 2 3 0 0 0 0 197 27 -64 213 39 N N N N 358 97 -34 -59 -59
1 42528 268 318 32 124 29 1389 -1 2 133 -62 -92 -3009 64 N N N N 187 50 -51 -27 -27
1 40000 244 221 -1 -1 0 0 0 0 56 -101 -20 -2775 72 N N N N 134 36 -29 -21 -21
1 40002 247 73 6 3 0 0 0 0 9 -37 -3 -1021 63 N N N N -42 -12 -44 12 12
1 39999 255 30 -1 1 0 0 0 0 2 -16 -1 999 55 N N N N -133 -38 -27 25 25
1 39998 228 17 1 -4 0 0 0 0 1 -9 -1 -1045 47 N N N N -44 -13 -37 12 12
1 43590 287 -241 -12 125 -8 1392 0 -2 -37 126 -20 7979 70 N N N N -112 -31 -48 23 23
1 40001 236 -331 2 -1 0 0 0 0 -126 121 18 307 79 N N N N -163 -45 -36 32 32
1 41469 262 -310 -8 -121 0 -1401 -1 2 -155 14 101 -204 42 N N N N -255 -70 -15 46 46
1 39999 220 -169 8 -2 0 0 0 0 -85 -21 25 639 61 N N N N -64 -19 -75 18 18
1 40002 251 -18 2 3 0 0 0 0 -9 -3 1 -1225 78 N N N N 74 19 -38 -10 -10
1 39998 236 113 0 0 0 0 0 0 55 18 -15 -2103 80 N N N N 399 107 -52 -63 -63
1 40000 245 92 1 -2 0 0 0 0 46 7 -13 -3287 74 N N N N 287 76 -41 -46 -46
1 44608 278 319 -18 -93 -1 -1165 1 -2 162 -50 -11 7701 60 N N N N -712 -193 -52 127 127
1 39453 249 224 11 92 -8 1173 -1 2 88 -57 -68 209 110 N N N N -1 -2 -63 6 6
1 39998 257 132 1 1 0 0 0 0 36 -59 -12 -1403 61 N N N N 295 79 -24 -48 -48
1 40000 271 126 2 -5 0 0 0 0 21 -63 -8 -297 53 N N N N 197 53 -20 -32 -32
1 40000 253 8 0 4 0 0 0 0 1 -4 -1 1701 51 N N N N -148 -41 -30 29 29
1 40001 278 2 1 -1 0 0 0 0 0 -1 0 -21 32 N N N N 17 4 -19 -2 -2
1 44531 297 -215 -14 124 -10 1395 -1 -2 -41 109 -24 670 40 N N N N 579 155 -31 -95 -95
1 39999 273 -323 -3 0 0 0 0 0 -126 114 22 285 50 N N N N 30 7 -29 -2 -2
1 41412 314 -315 1 -122 0 -1402 -1 2 -158 9 108 11 48 N N N N -42 -12 -27 10 10
1 40000 268 -206 5 2 0 0 0 0 -100 -33 29 173 27 N N N N 114 30 -16 -18 -18
1 40000 294 -163 4 -1 0 0 0 0 -69 -47 18 -314 42 N N N N 489 131 -25 -79 -79
1 39999 316 -36 -3 1 0 0 0 0 -13 -12 3 -791 22 N N N N 732 196 -13 -121 -121
1 40000 303 82 3 0 0 0 0 0 31 27 -7 -3961 22 N N N N 790 211 -18 -129 -129
1 44529 368 367 -21 -129 0 -1385 0 -2 176 33 9 5529 32 N N N N 713 189 -34 -114 -114
1 40843 334 398 21 123 20 1399 0 2 189 -22 -117 436 73 N N N N 450 118 -60 -67 -67
1 40804 324 182 12 2 0 0 0 0 65 -68 -19 -3046 60 N N N N 863 229 -26 -138 -138
1 40002 314 85 5 1 0 0 0 0 22 -38 -7 -4736 44 N N N N 528 140 -19 -83 -83
1 39998 324 61 -3 -1 0 0 0 0 12 -30 -5 -1987 53 N N N N 417 110 -34 -63 -63
1 40001 313 -57 1 3 0 0 0 0 -11 28 4 9145 57 N N N N 418 109 -32 -63 -63
1 39999 330 -49 0 -2 0 0 0 0 -12 23 4 -432 38 N N N N 315 82 -32 -46 -46
1 44707 362 -252 -16 122 -8 1379 -1 -2 -89 104 -27 2017 55 N N N N 504 132 -37 -76 -76
1 41881 336 -338 -9 -119 0 -1399 0 2 -163 38 103 256 64 N N N N 809 212 -44 -122 -122
1 39998 322 -220 18 -1 0 0 0 0 -114 -23 32 5 56 N N N N 1235 327 -24 -191 -191
1 40000 332 -81 1 -1 0 0 0 0 -38 -18 10 26 48 N N N N 627 164 -24 -94 -94
1 40002 324 -80 1 -1 0 0 0 0 -34 -22 9 -215 44 N N N N 972 256 -29 -146 -146
1 39999 317 -105 -5 1 0 0 0 0 -38 -36 10 9 32 N N N N 588 154 -18 -88 -88
1 40002 327 -204 0 2 0 0 0 0 -56 -85 12 693 41 N N N N -62 -19 -28 14 14
1 44116 349 94 -15 -126 1 -1370 -1 -2 27 -4 28 225 31 N N N N 663 173 -29 -97 -97
1 40001 350 412 3 1 0 0 0 0 161 133 -17 134 31 N N N N 666 174 -20 -99 -99
1 41277 332 441 -2 33 -3 199 1 -1 220 11 -84 121 38 N N N N 227 58 -23 -31 -31
1 38958 306 299 10 89 -7 1186 -1 3 115 -83 -79 -1264 50 N N N N 80 17 -32 -6 -6
1 40000 333 187 0 2 0 0 0 0 40 -89 -16 -1055 52 N N N N -133 -38 -34 26 26
1 39999 303 71 2 -1 0 0 0 0 7 -37 -2 -2200 51 N N N N 1 -4 -35 5 5
1 40001 317 41 1 0 0 0 0 0 2 -22 -1 4754 51 N N N N -16 -7 -26 7 7
1 40000 330 -62 0 1 0 0 0 0 -4 33 1 89 25 N N N N -649 -172 -10 100 100
1 45237 341 -281 -14 125 -10 1400 -1 -2 -57 139 -20 516 24 N N N N -1102 -293 -24 172 172
1 40000 317 -352 1 0 0 0 0 0 -150 107 30 232 45 N N N N -151 -43 -30 28 28
1 44706 319 -333 28 -123 37 -1406 0 2 -175 -18 112 198 54 N N N N 845 219 -34 -124 -124
1 39997 297 -93 4 -3 0 0 0 0 -46 -18 11 -575 45 N N N N 939 245 -26 -138 -138
1 40000 303 3 -1 2 0 0 0 0 2 1 -1 -1071 39 N N N N 730 189 -21 -106 -106
1 40002 284 -29 0 0 0 0 0 0 -13 -7 4 1196 38 N N N N 308 79 -22 -42 -42
1 39998 297 -158 -1 1 0 0 0 0 -65 -47 14 549 30 N N N N 57 13 -21 -5 -5
1 44591 332 253 -18 -123 0 -1373 0 -2 115 29 30 459 36 N N N N 270 67 -31 -35 -35
1 40000 307 408 5 -1 0 0 0 0 204 12 -59 281 36 N N N N -260 -71 -27 43 43
1 43825 299 383 8 121 -6 1384 0 2 150 -100 -101 -5033 55 N N N N -226 -63 -32 40 40
1 39998 292 213 2 -1 0 0 0 0 36 -106 -13 3824 39 N N N N 282 71 -25 -38 -38
1 40000 292 -3449 1 1 0 0 0 0 -1 -80 -4 -3771 43 N N N N 523 134 -22 -74 -74
1 40000 279 68 -2 0 0 0 0 0 -8 -35 0 2954 30 N N N N 171 43 -14 -23 -23
1 40000 282 -48 0 1 0 0 0 0 6 25 0 1024 27 N N N N 224 57 -18 -30 -30
1 44000 310 3349 -11 121 -10 1381 -1 -2 -5 136 -15 1551 22 N N N N 346 88 -18 -48 -48
1 40001 279 -312 -5 -2 0 0 0 0 -86 140 3 246 25 N N N N 290 74 -18 -39 -39
1 40000 290 -266 4 5 0 0 0 0 -122 70 24 187 39 N N N N 108 24 -32 -10 -10
1 45645 316 -299 1 -122 -1 -1387 -1 2 -152 -17 105 -201 47 N N N N 482 122 -29 -65 -65
1 39999 285 -176 4 1 0 0 0 0 -84 -35 20 533 48 N N N N 470 118 -34 -62 -62
1 40001 282 -129 1 -2 0 0 0 0 -52 -41 13 93 50 N N N N -212 -59 -27 36 36
1 39999 285 -74 -1 1 0 0 0 0 -26 -27 6 165 45 N N N N -417 -112 -31 66 66
1 40000 300 -13 1 1 0 0 0 0 -4 -5 0 -549 42 N N N N -346 -92 -19 53 53
1 43590 333 295 -18 -127 1 -1380 -1 -2 123 51 28 840 30 N N N N -138 -39 -22 24 24
1 40000 289 405 3 -2 0 0 0 0 201 30 -58 279 37 N N N N 317 77 -41 -38 -38
1 41824 324 391 3 123 -10 1380 0 2 162 -86 -110 71 52 N N N N -238 -64 -21 38 38
1 39999 288 225 5 4 0 0 0 0 46 -108 -17 -51 38 N N N N -433 -115 -19 66 66
1 40000 295 -3415 2 -4 0 0 0 0 2 -98 -6 159 42 N N N N -402 -108 -28 64 64
1 40001 295 229 -2 2 0 0 0 0 -43 -114 6 -351 41 N N N N 270 67 -26 -35 -35
1 39999 317 150 5 -1 0 0 0 0 -51 -62 13 -3958 33 N N N N -216 -57 -16 34 34
1 41706 326 -146 -16 126 -10 1401 -1 -2 51 69 16 4819 35 N N N N -81 -25 -32 18 18
1 40002 315 -307 1 1 0 0 0 0 47 150 -38 193 40 N N N N 146 35 -22 -18 -18
1 39999 318 3289 3 0 0 0 0 0 -44 157 -12 200 36 N N N N 140 33 -24 -16 -16
1 40527 325 -258 -4 1 0 0 0 0 -95 98 12 194 45 N N N N 735 186 -34 -100 -100
1 42120 342 -327 -6 -124 0 -1402 0 2 -159 32 105 86 50 N N N N 629 159 -27 -86 -86
1 39997 326 -205 9 1 0 0 0 0 -104 -21 31 -10 32 N N N N 398 102 -9 -55 -55
1 40000 323 -118 5 -2 0 0 0 0 -55 -28 15 -95 18 N N N N 409 104 -9 -57 -57
1 40003 339 -8 0 0 0 0 0 0 -3 -2 1 -45 19 N N N N 724 185 -15 -100 -100
1 39997 326 -16 1 -1 0 0 0 0 -7 -5 2 350 28 N N N N 497 125 -23 -66 -66
1 40000 345 -44 -5 0 0 0 0 0 -17 -13 5 152 35 N N N N 145 33 -27 -16 -16
1 44532 381 216 -14 -127 0 -1383 -1 -2 100 13 30 259 38 N N N N 303 75 -26 -37 -37
1 40001 362 401 3 1 0 0 0 0 199 12 -66 193 35 N N N N 390 96 -26 -50 -50
1 44351 369 279 6 126 -9 1391 0 2 116 -57 -94 -1221 40 N N N N 500 126 -17 -67 -67
1 40000 345 107 2 -3 0 0 0 0 32 -46 -11 189 32 N N N N -490 -129 -23 73 73
1 40000 358 -8 2 5 0 0 0 0 -2 4 1 450 41 N N N N 362 89 -28 -45 -45
1 39998 330 -49 -3 -1 0 0 0 0 -13 22 5 -35 27 N N N N -79 -23 -15 14 14
1 40001 365 -65 1 0 0 0 0 0 -22 26 7 742 25 N N N N -201 -54 -20 32 32
1 44591 378 -297 -17 124 -10 1385 -1 -2 -125 95 -19 613 37 N N N N 119 26 -30 -11 -11
1 39999 314 -300 26 -124 29 -1395 0 2 -157 -7 110 131 45 N N N N -916 -239 -27 134 134
1 40001 330 -158 5 -2 0 0 0 0 -78 -27 21 8 24 N N N N 428 108 -10 -58 -58
1 40000 335 -81 2 4 0 0 0 0 -35 -21 8 -84 21 N N N N 13 2 -13 0 0
1 40000 334 -79 -1 -3 0 0 0 0 -32 -25 8 322 37 N N N N -799 -209 -31 118 118
1 39999 334 -54 0 0 0 0 0 0 -19 -20 5 14 37 N N N N 1129 285 -26 -153 -153
1 44764 372 223 -15 -129 1 -1380 0 -2 94 27 31 191 33 N N N N 418 105 -8 -56 -56
1 40000 347 384 -1 3 0 0 0 0 192 38 -51 91 10 N N N N -2294 -587 -6 322 322
1 41471 346 289 8 127 -7 1391 0 2 132 -34 -101 -4711 20 N N N N -1314 -338 -14 188 188
1 40001 321 146 3 -4 0 0 0 0 51 -56 -16 762 17 N N N N -873 -224 -10 126 126
1 39999 339 62 -1 3 0 0 0 0 17 -28 -7 3724 30 N N N N -926 -240 -28 137 137
1 40001 341 -62 -1 -1 0 0 0 0 -17 28 5 595 33 N N N N -108 -30 -21 19 19
1 39999 336 -56 1 0 0 0 0 0 -18 23 7 50 30 N N N N 127 31 -18 -15 -15
1 44648 383 -292 -11 125 -10 1384 -2 -2 -122 98 -21 125 20 N N N N 323 80 -15 -44 -44
1 41471 344 -315 3 -124 0 -1396 0 2 -160 -2 110 128 25 N N N N 515 130 -15 -71 -71
1 39999 351 -179 0 1 0 0 0 0 -85 -31 25 79 20 N N N N 1023 259 -13 -142 -142
1 40002 346 -85 1 1 0 0 0 0 -36 -24 10 121 22 N N N N 961 243 -16 -133 -133
1 39998 354 -69 -1 1 0 0 0 0 -27 -22 7 104 27 N N N N 1287 324 -23 -175 -175
1 40000 340 -66 0 -3 0 0 0 0 -24 -24 6 63 35 N N N N 1088 274 -17 -147 -147
1 44589 401 221 -13 -124 0 -1378 0 -2 92 28 30 102 15 N N N N -1075 -275 -12 151 151
1 40001 361 397 -1 0 0 0 0 0 195 46 -55 72 15 N N N N -1028 -263 -11 145 145
1 40000 345 304 29 125 20 1390 0 2 136 -38 -98 -660 15 N N N N 4 1 -5 0 0
1 39999 333 158 3 -2 0 0 0 0 54 -62 -17 -2377 17 N N N N 478 119 -15 -64 -64
1 39999 330 116 0 -1 0 0 0 0 27 -55 -9 -812 32 N N N N 127 29 -25 -12 -12
1 40000 325 112 -3 -3 0 0 0 0 15 -57 -9 1864 20 N N N N 373 93 -13 -50 -50
1 40001 336 -3424 1 2 0 0 0 0 -2 -93 -3 1001 22 N N N N 574 143 -16 -76 -76
1 44706 356 3420 -12 124 -8 1384 -1 -2 2 99 -11 1411 28 N N N N -523 -136 -23 77 77
1 40000 313 -319 3 3 0 0 0 0 -72 152 -3 214 29 N N N N 789 198 -15 -107 -107
1 39999 314 -318 -1 0 0 0 0 0 -139 92 26 115 21 N N N N 625 157 -11 -83 -83
1 46648 357 -368 -1 -123 0 -1394 0 2 -186 -25 115 118 26 N N N N 519 129 -16 -68 -68
1 40000 302 -216 2 1 0 0 0 0 -94 -57 25 58 30 N N N N 706 175 -24 -91 -91
1 40000 310 -201 1 1 0 0 0 0 -65 -78 13 74 22 N N N N 333 83 -10 -43 -43
1 40000 305 -132 2 -2 0 0 0 0 -26 -62 5 108 18 N N N N 45 9 -15 -3 -3
1 40000 299 41 1 1 0 0 0 0 6 20 -1 63 33 N N N N -387 -102 -26 57 57
1 44588 340 352 -18 -129 0 -1383 0 -2 113 95 26 197 31 N N N N -240 -65 -26 38 38
1 40000 318 426 5 2 0 0 0 0 204 70 -49 121 25 N N N N -34 -11 -14 7 7
1 41411 296 390 0 123 -8 1387 0 2 178 -52 -119 -53 31 N N N N 76 17 -16 -7 -7
1 40001 286 262 4 3 0 0 0 0 71 -116 -24 108 18 N N N N 60 14 -6 -7 -7
1 40000 271 -3414 3 -1 0 0 0 0 13 -97 -9 -509 13 N N N N -15 -5 -6 3 3
1 40000 285 207 0 0 0 0 0 0 -24 -107 3 195 15 N N N N 13 2 -12 1 1
1 39999 278 193 1 3 0 0 0 0 -57 -86 12 139 13 N N N N -1 -2 -11 3 3
1 44529 300 -152 -14 121 -10 1389 -1 -2 48 73 11 370 22 N N N N -46 -15 -18 9 9
1 40001 268 3249 1 -1 0 0 0 0 31 177 -38 260 25 N N N N 168 40 -19 -18 -18
1 40000 277 -298 4 0 0 0 0 0 -65 144 -2 108 32 N N N N 335 80 -23 -41 -41
1 40412 276 -321 0 4 0 0 0 0 -137 97 27 89 29 N N N N 791 197 -15 -103 -103
1 41823 285 -290 1 -127 0 -1391 0 2 -147 -8 107 59 31 N N N N 965 240 -15 -126 -126
1 40000 284 -164 0 2 0 0 0 0 -78 -28 23 89 18 N N N N 295 73 -10 -37 -37
1 40000 268 -92 1 0 0 0 0 0 -41 -24 10 80 19 N N N N 97 23 -11 -11 -11
1 40000 277 -62 4 0 0 0 0 0 -25 -20 7 83 27 N N N N 432 105 -19 -53 -53
1 40001 268 -70 -2 0 0 0 0 0 -24 -25 7 108 22 N N N N 105 24 -11 -11 -11
1 44941 319 238 -21 -124 0 -1377 0 -2 102 31 28 138 24 N N N N -258 -70 -32 41 41
1 40000 286 421 3 -5 0 0 0 0 206 37 -63 146 28 N N N N 165 38 -16 -19 -19
1 42647 292 271 33 127 28 1375 0 2 117 -41 -88 -1520 32 N N N N 14 1 -19 2 2
1 39998 253 137 2 -1 0 0 0 0 47 -54 -15 -896 24 N N N N 666 164 -15 -84 -84
1 40001 273 142 2 -2 0 0 0 0 33 -67 -11 392 17 N N N N 1353 338 -9 -175 -175
1 39999 262 32 -2 4 0 0 0 0 4 -16 -3 2242 26 N N N N 663 163 -16 -83 -83
1 40000 274 -118 0 -4 0 0 0 0 -22 58 8 163 24 N N N N 179 42 -14 -20 -20
1 44943 288 -332 -14 128 -8 1407 -1 -2 -119 133 -22 145 25 N N N N 889 219 -20 -110 -110
1 43294 284 -335 -1 -124 0 -1407 0 2 -167 23 108 81 25 N N N N 1576 390 -17 -198 -198
1 40000 269 -211 8 -1 0 0 0 0 -106 -29 30 77 26 N N N N 288 71 -11 -34 -34
1 40000 260 -109 0 1 0 0 0 0 -48 -29 11 64 20 N N N N 803 198 -10 -100 -100
1 39999 272 -74 0 2 0 0 0 0 -29 -23 7 90 19 N N N N 37 6 -14 -1 -1
1 40000 290 21 5 -2 0 0 0 0 7 6 -2 -1657 18 N N N N 342 83 -13 -40 -40
1 44822 308 405 -22 -126 0 -1378 0 -2 195 41 9 1763 15 N N N N 207 49 -12 -23 -23
1 42297 312 390 7 122 -9 1386 0 2 186 -25 -119 56 16 N N N N -86 -24 -11 13 13
1 40000 270 138 6 1 0 0 0 0 51 -50 -16 -2520 21 N N N N -44 -14 -14 9 9
1 39999 284 146 1 0 0 0 0 0 40 -65 -14 1857 26 N N N N 457 110 -20 -52 -52
1 40000 277 161 1 3 0 0 0 0 21 -82 -10 -1703 25 N N N N 1215 298 -22 -147 -147
1 40000 282 56 2 -1 0 0 0 0 2 -30 -2 2448 36 N N N N 3591 889 -25 -436 -436
1 40000 285 -62 -4 1 0 0 0 0 -2 33 0 555 48 N N N N 3101 769 -18 -371 -371
1 44177 313 -333 -9 123 -10 1385 -1 -2 -71 163 -17 20 19 N N N N -1465 -369 -12 180 180
1 40915 281 -389 1 -33 0 -195 1 -1 -175 101 53 114 20 N N N N -1387 -349 -14 172 172
1 39435 277 -301 -3 -90 0 -1199 -1 3 -149 -31 96 107 17 N N N N -99 -28 -15 16 16
1 40003 283 -208 4 1 0 0 0 0 -92 -54 23 83 28 N N N N 115 25 -14 -10 -11
1 39997 299 -102 0 -1 0 0 0 0 -37 -36 10 62 24 N N N N 339 81 -11 -39 -38
1 40003 281 -120 1 3 0 0 0 0 -33 -50 8 42 18 N N N N 1592 394 -11 -189 -189
1 39999 293 -97 3 -7 0 0 0 0 -21 -47 3 -64 11 N N N N -1719 -429 -5 209 209
1 43589 323 196 -24 -124 -1 -1385 -1 -2 54 41 29 188 7 N N N N -2102 -526 -13 259 259
1 40589 321 425 6 2 0 0 0 0 177 123 -30 93 13 N N N N -1160 -292 -15 147 147
1 42604 317 449 23 122 35 1379 0 2 217 -4 -124 73 23 N N N N -295 -76 -12 40 40
1 40809 283 267 14 2 0 0 0 0 94 -100 -27 63 16 N N N N 77 16 -10 -7 -7
1 39999 272 227 1 1 0 0 0 0 36 -114 -14 58 14 N N N N 382 92 -13 -44 -44
1 38706 195 -3519 246 45 199 465 -110 -4 -15 -39 69 -439 10 N N N N 532 131 -6 -64 -64
1 39984 164 3537 -34 1 1 0 -174 0 3 35 -12 -753 -14 N N N N 108 23 -13 -10 -10
1 40055 114 -70 -5 4 -2 0 -170 0 -3 39 -11 951 5 N N N N 1100 271 -8 -133 -133
1 55506 -36 -95 292 8 484 0 -186 0 -108 58 138 -1931 -11 N N N N 3068 760 -8 -368 -368
1 24514 -82 -25 24 5 2 0 -104 0 -10 15 -1 2140 28 N N N N 825 205 1 -99 -99
1 39921 -253 -60 -40 -3 0 0 -167 0 -7 26 -13 183 44 N N N N 788 195 1 -94 -94
1 40022 -309 -152 -6 2 0 1 -167 0 -45 64 -29 -108 9 N N N N -748 -181 16 84 84
1 40526 -349 -254 -97 -137 9 -1402 -106 2 -96 22 16 -64 -10 N N N N -1786 -440 10 212 212
1 38752 -342 -260 53 144 -68 1391 -92 -2 -145 45 -110 -102 -21 N N N N -1701 -418 18 201 201
1 40049 -361 -143 -32 9 -2 1 -168 0 -64 -23 -14 -57 -20 N N N N -1068 -263 11 128 128
1 41200 -379 -198 -92 -27 1 -1 -12 4 -68 -43 -15 -96 -18 N N N N -1013 -248 15 121 121
1 40000 -389 -83 2 1 0 0 0 0 -31 -29 -7 -88 -24 N N N N -555 -134 16 64 64
1 39999 -375 -39 0 -3 0 0 0 0 -13 -15 -3 -50 -11 N N N N 287 73 9 -38 -38
1 40000 -393 -43 1 -1 0 0 0 0 -13 -18 -3 -85 -21 N N N N 1744 438 14 -218 -218
1 40000 -388 -38 -3 1 0 0 0 0 -11 -16 1 -119 -19 N N N N 310 80 15 -41 -41
1 41059 -401 119 10 132 0 1407 -31 -2 35 52 -43 -134 -35 N N N N 194 54 22 -30 -30
1 40351 -412 597 6 -5 0 0 0 0 279 111 50 -72 -24 N N N N -674 -163 20 78 78
1 36472 -372 557 -7 -124 8 -1413 -1 2 223 -188 134 -96 -12 N N N N 2285 571 6 -281 -281
1 40000 -381 43 1 -2 0 0 0 0 8 -22 3 -187 -37 N N N N 1603 407 29 -201 -201
1 40000 -399 -69 -8 -2 0 0 0 0 -11 33 -7 -157 -46 N N N N -2003 -491 30 234 234
1 40001 -397 -84 0 4 0 0 0 0 -23 39 -8 -135 -38 N N N N -2151 -530 26 257 257
1 39999 -397 -107 5 -1 0 0 0 0 -37 43 -11 -73 -29 N N N N -1444 -358 15 175 175
1 36647 -358 -156 -3 -119 0 -1384 -23 -2 -66 12 32 -71 -25 N N N N -746 -183 13 90 90
1 40001 -385 -303 4 117 0 1399 0 2 -154 70 -91 -99 -22 N N N N -360 -87 14 41 41
1 39999 -389 -108 -6 0 0 0 0 0 -54 -7 -16 -73 -25 N N N N -763 -187 17 92 92
1 40002 -389 -53 0 -1 0 0 0 0 -27 -8 -6 -95 -19 N N N N 162 44 14 -24 -24
1 39999 -408 -33 -3 1 0 0 0 0 -16 -5 -3 -88 -22 N N N N 598 153 16 -79 -79
1 40000 -376 -91 3 4 0 0 0 0 -43 -20 -13 -151 -32 N N N N -494 -118 21 57 57
1 40000 -398 -91 -1 -2 0 0 0 0 -39 -26 -7 -103 -27 N N N N -1617 -401 19 200 200
1 37176 -368 66 10 128 1 1387 -23 -2 26 25 -54 -105 -33 N N N N -975 -241 19 120 120
1 40001 -391 572 2 -2 0 0 0 0 285 39 73 -104 -18 N N N N -1068 -264 17 133 133
1 40293 -388 557 -10 -124 0 -1398 -14 2 174 -245 114 -144 -35 N N N N -1959 -487 22 249 249
1 40001 -380 7 -1 2 0 0 0 0 1 -3 -1 -91 -24 N N N N -767 -190 17 96 96
1 39999 -384 -84 0 -4 0 0 0 0 -10 42 -3 -184 -41 N N N N -514 -124 28 62 62
1 40002 -373 -71 -2 -3 0 0 0 0 -12 34 -5 -81 -31 N N N N 85 25 18 -15 -15
1 39998 -371 -38 -4 6 0 0 0 0 -9 19 -4 -147 -35 N N N N -167 -38 24 17 17
1 41176 -430 -283 67 -126 106 -1378 -53 -2 -117 69 33 -65 -31 N N N N -489 -120 16 61 61
1 39562 -426 -435 -21 122 -47 1388 -35 2 -208 82 -127 -133 -32 N N N N -91 -19 19 8 8
1 40791 -413 -186 -14 6 0 0 0 0 -88 -32 -26 -143 -32 N N N N -309 -74 22 36 36
1 40000 -419 -167 -1 -8 0 0 0 0 -69 -51 -15 -127 -36 N N N N -704 -173 24 88 88
1 40000 -398 -77 -3 0 0 0 0 0 -26 -29 -5 -105 -29 N N N N -885 -220 21 115 115
1 40000 -417 -84 3 3 0 0 0 0 -24 -35 -8 -121 -31 N N N N -471 -115 22 58 58
1 40000 -399 -132 2 1 0 0 0 0 -27 -61 -5 -37 -19 N N N N -339 -84 10 44 44
1 44177 -463 320 10 126 0 1394 0 -2 86 136 -34 -175 -29 N N N N -149 -34 19 16 16
1 40000 -435 651 5 7 0 0 0 0 311 79 81 -49 -22 N N N N -148 -35 17 17 17
1 44176 -436 580 -19 -126 8 -1399 0 2 183 -248 128 -183 -38 N N N N -276 -66 25 32 32
1 40000 -405 -85 11 -4 0 0 0 0 -13 42 0 -186 -48 N N N N 366 98 33 -56 -56
1 39999 -404 -179 0 0 0 0 0 0 -41 84 -18 -73 -26 N N N N 339 88 16 -49 -49
1 40000 -402 -121 -6 -5 0 0 0 0 -39 45 -16 -184 -43 N N N N 33 13 28 -10 -10
1 40000 -397 -94 0 5 0 0 0 0 -40 30 -14 -114 -35 N N N N -229 -54 23 26 26
1 46176 -471 -314 27 -4 10 10 0 0 -159 44 -50 -162 -43 N N N N 31 11 24 -9 -9
1 39999 -398 -214 -19 4 0 0 0 0 -104 -18 -35 -78 -20 N N N N -659 -164 17 87 87
1 39999 -392 -188 1 -1 0 0 0 0 -83 -48 -24 -127 -29 N N N N -610 -152 20 79 79
1 40000 -421 -116 -1 0 0 0 0 0 -43 -41 -10 -206 -47 N N N N -747 -185 32 96 96
1 40002 -406 -78 2 -2 0 0 0 0 -23 -32 -7 -83 -33 N N N N -904 -226 21 121 121
1 39998 -418 -6 -3 2 0 0 0 0 -2 -2 -1 -111 -30 N N N N -1098 -277 20 150 150
1 44180 -486 147 7 128 0 1397 0 -2 45 59 -36 -148 -31 N N N N 788 203 20 -114 -114
1 40354 -442 564 5 0 0 0 0 0 267 95 63 -143 -31 N N N N 497 130 25 -74 -74
1 40998 -420 514 -3 -126 10 -1415 0 2 203 -174 143 -135 -42 N N N N -757 -189 25 101 101
1 40000 -429 -77 0 -6 0 0 0 0 -19 33 -7 -112 -35 N N N N -863 -217 22 117 117
1 40000 -435 -88 -4 -1 0 0 0 0 -28 36 -10 -107 -29 N N N N -1108 -280 20 153 153
1 40001 -424 -75 -1 4 0 0 0 0 -29 27 -12 -155 -37 N N N N -568 -142 23 76 76
1 39999 -449 -19 8 -3 0 0 0 0 -8 6 -2 -114 -33 N N N N -1628 -412 25 229 229
1 44113 -476 -312 6 -89 9 -1180 2 -3 -150 37 -5 -247 -60 N N N N -247 -60 34 30 30
1 39828 -405 -270 -28 91 -39 1188 -3 3 -131 3 -88 -44 -23 N N N N -362 -91 17 49 49
1 40002 -419 -123 -6 -1 0 0 0 0 -55 -29 -14 -133 -28 N N N N 233 62 21 -37 -37
1 39998 -427 -69 8 2 0 0 0 0 -29 -21 -10 15 -3 N N N N 2322 595 2 -334 -334
1 40001 -412 -86 -5 0 0 0 0 0 -32 -30 -6 -148 -27 N N N N 1844 474 20 -264 -265
1 39999 -417 -106 3 1 0 0 0 0 -33 -42 -10 -113 -26 N N N N 1369 353 23 -197 -196
1 42178 -461 144 4 127 0 1399 0 -2 45 59 -39 -147 -38 N N N N 927 241 21 -133 -133
1 40000 -432 589 6 -2 0 0 0 0 279 93 66 -265 -43 N N N N -174 -40 31 18 18
1 40999 -445 583 -6 -121 9 -1400 1 2 212 -216 139 -149 -53 N N N N -268 -63 36 30 30
1 40000 -425 -47 -1 -4 0 0 0 0 -8 22 -3 -183 -51 N N N N 49 17 29 -12 -12
1 40000 -412 -35 2 -2 0 0 0 0 -8 16 -2 -189 -52 N N N N -664 -165 38 85 85
1 40000 -435 -36 -2 0 0 0 0 0 -8 17 -3 -129 -45 N N N N 225 61 27 -36 -36
1 40001 -426 -40 -3 -1 0 0 0 0 -9 18 -5 -148 -37 N N N N -73 -15 24 5 5
1 43703 -446 -250 21 -117 9 -1382 0 -2 -99 53 21 -357 -77 N N N N -200 -44 50 19 19
1 42001 -433 -370 -6 116 0 1385 -1 2 -180 78 -113 -107 -51 N N N N -49 -8 33 0 0
1 39999 -417 -116 -8 1 0 0 0 0 -57 -12 -18 -90 -31 N N N N -353 -89 18 47 47
1 40000 -419 -64 4 1 0 0 0 0 -31 -12 -10 -205 -44 N N N N -880 -223 32 119 119
1 40000 -440 -8 -1 0 0 0 0 0 -4 -1 -1 -264 -60 N N N N -681 -170 42 90 90
1 40000 -417 -55 -5 -3 0 0 0 0 -24 -13 -5 -145 -52 N N N N -802 -203 32 109 109
1 43706 -472 191 7 132 0 1390 0 -2 89 44 -40 -283 -71 N N N N -649 -163 43 87 87
1 41941 -449 592 14 -126 10 -1405 0 2 272 -103 162 -243 -62 N N N N -516 -129 44 67 67
1 40000 -421 142 -9 2 0 0 0 0 44 -60 15 -165 -58 N N N N -454 -113 35 61 61
1 40001 -414 -135 -2 -5 0 0 0 0 -37 57 -16 -212 -55 N N N N 988 261 37 -151 -151
1 39998 -419 -116 1 -1 0 0 0 0 -44 41 -15 -114 -40 N N N N 1328 347 22 -197 -197
1 40002 -409 -66 3 -2 0 0 0 0 -28 19 -10 -173 -45 N N N N 67 22 29 -15 -15
1 40001 -423 -104 -6 1 0 0 0 0 -48 23 -17 -192 -49 N N N N -276 -68 31 34 34
1 39997 -420 -78 -1 1 0 0 1 0 -38 11 -13 -152 -41 N N N N -166 -39 29 19 19
1 40001 -401 -75 3 1 0 0 0 0 -39 6 -13 -279 -68 N N N N 522 141 46 -84 -84
1 40000 -426 -128 4 -2 0 0 0 0 -66 -2 -22 -234 -65 N N N N -423 -104 41 54 54
1 39999 -400 -94 -5 -1 0 0 0 0 -46 -10 -15 -83 -45 N N N N -315 -80 25 41 41
1 40002 -423 -19 4 3 0 0 0 0 -10 -3 -4 -95 -30 N N N N 29 10 17 -7 -7
1 44236 -476 143 3 130 0 1411 -1 -2 70 28 -46 -135 -38 N N N N -268 -67 22 35 35
1 43060 -433 424 -27 -120 -35 -1394 1 2 212 -71 131 -81 -25 N N N N -239 -60 18 32 32
1 39997 -376 -139 0 -7 0 0 0 0 -61 36 -18 -153 -30 N N N N -182 -46 19 23 23
1 40003 -387 -97 -3 0 0 0 0 0 -48 15 -14 -107 -35 N N N N -786 -203 24 112 112
1 39998 -384 0 -2 -3 0 0 0 0 1 0 0 -193 -39 N N N N -388 -98 27 53 53
1 40000 -372 -20 0 2 0 0 0 0 -11 2 -2 -234 -53 N N N N -54 -10 39 2 2
1 40002 -373 10 4 -2 0 0 0 0 5 -1 1 -108 -47 N N N N 60 19 27 -14 -14
1 39997 -380 -39 -4 3 0 0 -48 0 -19 4 -7 -239 -55 N N N N 7 6 35 -7 -7
1 40002 -379 -18 -3 -2 0 0 0 0 -9 1 -1 -202 -57 N N N N 24 10 39 -10 -10
1 39999 -381 37 2 0 0 0 0 0 19 -3 4 -222 -67 N N N N -554 -141 40 76 76
1 40000 -377 -10 -7 4 0 0 0 0 -4 2 -2 -204 -62 N N N N -1175 -305 39 170 170
1 39999 -375 -4 5 -3 0 0 0 0 -3 1 1 -107 -40 N N N N -896 -234 24 133 133
1 40000 -391 47 2 1 0 0 -48 0 24 -5 6 -153 -42 N N N N 701 187 26 -111 -111
1 40000 -388 32 -3 1 0 0 0 0 16 -6 4 -148 -40 N N N N 374 102 24 -61 -61
1 40000 -402 50 -7 -2 0 0 0 0 27 -8 8 -386 -70 N N N N 269 77 54 -50 -50
1 40000 -385 36 2 -3 0 0 0 0 17 -8 5 -164 -72 N N N N 112 34 43 -24 -24
1 40003 -396 28 3 6 0 0 0 0 12 -6 2 -161 -55 N N N N 251 70 33 -44 -44
1 41587 -406 -66 3 -124 8 -1400 -18 -2 -32 -20 48 -205 -57 N N N N -286 -73 32 39 39
1 40530 -398 -238 8 124 0 1400 -17 2 -123 56 -92 -194 -63 N N N N -694 -179 40 99 99
1 40001 -397 -93 -8 -5 0 0 0 0 -46 -5 -12 -205 -49 N N N N 244 68 33 -43 -43
1 39999 -422 -24 -3 -1 0 0 0 0 -12 -3 -2 -180 -56 N N N N -411 -105 37 57 57
1 40000 -401 -50 -5 1 0 0 0 0 -24 -8 -5 -309 -72 N N N N -1284 -337 47 191 191
1 40000 -415 18 3 7 0 0 0 0 8 4 -1 -200 -71 N N N N -1496 -395 44 227 227
1 39999 -421 21 3 -7 0 0 0 0 10 2 5 -137 -50 N N N N -939 -248 27 144 144
1 44296 -468 318 7 123 0 1392 -1 -2 162 16 -18 -334 -82 N N N N -671 -175 52 99 99
1 44292 -472 298 4 -113 10 -1404 0 2 128 -100 103 -98 -53 N N N N -789 -208 34 122 122
1 39998 -411 -90 0 -8 0 0 0 0 -33 30 -10 -158 -38 N N N N -246 -65 20 37 37
1 40001 -425 -12 -5 -1 0 0 0 0 -4 4 -1 -379 -84 N N N N -612 -160 59 90 90
1 40001 -431 6 -3 -3 0 0 0 0 3 -3 0 -184 -74 N N N N -633 -166 47 97 97
1 39999 -417 -12 5 2 0 0 0 0 -6 4 -1 -122 -45 N N N N -752 -200 29 119 119
1 44237 -467 -176 9 -118 10 -1378 0 -2 -84 10 33 -209 -47 N N N N -999 -267 26 162 162
1 41295 -432 -231 -3 120 0 1384 0 2 -117 48 -94 -169 -48 N N N N -789 -210 34 126 126
1 39999 -424 -128 1 1 0 0 0 0 -65 -12 -19 -165 -46 N N N N -536 -143 29 87 87
1 40001 -426 -17 0 0 0 0 0 0 -8 -3 -3 -185 -51 N N N N -316 -84 36 49 49
1 39999 -414 -15 -3 -4 0 0 0 0 -7 -3 0 -157 -45 N N N N -695 -186 31 113 113
1 40000 -430 19 1 3 0 0 0 0 9 4 2 -179 -56 N N N N -291 -77 37 46 46
1 44294 -458 240 10 125 0 1402 0 -2 120 29 -32 -240 -52 N N N N -207 -55 28 32 32
1 41413 -443 345 -1 -119 8 -1398 0 2 163 -82 118 -351 -103 N N N N -672 -180 73 108 108
1 40000 -426 -183 -7 -2 0 0 0 0 -79 48 -27 -304 -79 N N N N 98 28 52 -22 -22
1 40000 -394 -87 -1 -2 0 0 0 0 -44 12 -12 -430 -118 N N N N 381 105 78 -73 -73
1 39999 -412 -79 4 -1 0 0 0 0 -40 7 -14 -495 -118 N N N N -178 -46 72 24 24
1 40001 -409 -3 -4 -1 0 0 0 0 -1 0 1 -300 -121 N N N N -200 -53 70 28 28
1 44582 -466 182 9 -10 10 0 0 0 89 -25 35 -513 -145 N N N N -2 2 93 -9 -9
1 40829 -410 -99 1 12 0 0 0 0 -49 18 -22 -258 -98 N N N N 60 18 61 -16 -16
1 40000 -397 -65 -1 -3 0 0 0 0 -32 6 -11 -197 -81 N N N N 185 51 42 -36 -36
1 40001 -392 -51 -2 -1 0 0 0 0 -26 2 -7 -297 -91 N N N N -97 -25 56 11 11
1 40000 -391 -35 2 4 0 0 0 0 -19 0 -7 -248 -81 N N N N 274 76 48 -52 -52
1 39999 -399 -57 -1 -3 0 0 0 0 -29 -3 -8 -273 -78 N N N N 297 83 47 -56 -56
1 41178 -419 72 11 132 0 1387 -11 -2 34 16 -59 -388 -95 N N N N -90 -23 59 10 10
1 43293 -428 310 -29 -123 -28 -1395 0 2 161 -52 113 -213 -97 N N N N -77 -19 59 7 7
1 39997 -356 -123 -5 -8 0 0 0 0 -58 23 -14 -130 -44 N N N N -631 -173 28 108 108
1 40001 -366 18 8 1 0 0 0 0 7 -2 3 -268 -73 N N N N -221 -60 43 35 35
1 40002 -371 63 -5 0 0 0 0 0 32 -12 9 -51 -38 N N N N 408 113 23 -74 -74
1 39999 -374 33 3 -5 0 0 0 0 15 -10 5 -229 -46 N N N N 1009 279 32 -180 -180
1 39999 -362 -8 0 2 0 0 0 0 -4 2 -2 -309 -83 N N N N 1144 318 55 -205 -205
1 40355 -383 60 -4 -113 8 -1380 -81 -2 26 -51 55 -262 -78 N N N N 389 109 50 -74 -74
1 41001 -402 -211 3 23 0 202 1 -1 -100 56 -30 -185 -61 N N N N 336 94 34 -62 -62
1 38999 -379 -122 -1 97 0 1194 -63 3 -62 33 -67 -230 -73 N N N N -50 -11 47 3 3
1 40000 -419 -25 -2 -4 0 0 0 0 -12 1 -3 -172 -59 N N N N 155 44 40 -31 -31
1 39999 -406 -66 0 3 0 0 0 0 -35 -4 -10 -443 -96 N N N N 842 237 64 -154 -154
1 40000 -426 -110 -3 0 0 0 0 0 -55 -12 -14 -146 -85 N N N N 1336 374 47 -236 -236
1 40002 -424 4 -1 -1 0 0 0 0 2 1 1 -258 -66 N N N N 989 278 44 -175 -175
1 40527 -446 158 5 127 0 1392 0 -2 79 27 -46 -226 -64 N N N N 1171 329 41 -205 -205
1 42297 -487 441 5 -115 7 -1408 0 2 211 -85 126 -94 -54 N N N N -667 -183 34 109 109
1 39996 -418 -137 -5 -15 0 0 0 0 -57 37 -14 -322 -80 N N N N -731 -201 48 118 118
1 40000 -450 -18 -1 4 0 0 0 0 -9 5 -2 -204 -67 N N N N 1119 315 37 -197 -197
1 40000 -457 24 0 -1 0 0 0 0 12 -6 2 -159 -58 N N N N 1277 360 38 -222 -222
1 40000 -453 -2 -1 0 0 0 0 0 -1 0 -1 -84 -34 N N N N 1958 550 26 -333 -333
1 44352 -494 -205 19 8 9 14 0 0 -106 35 -31 -82 -29 N N N N 1535 431 16 -258 -258
1 40827 -454 -154 -9 -7 0 0 0 0 -77 -2 -21 -118 -30 N N N N 778 220 19 -131 -131
1 39999 -435 0 -5 -1 0 0 0 0 1 0 0 -129 -30 N N N N 408 117 27 -72 -72
1 40001 -459 -38 -3 1 0 0 0 0 -19 -3 -5 -179 -31 N N N N 277 81 26 -50 -50
1 40000 -442 19 0 -6 0 0 0 0 10 3 4 -180 -65 N N N N 85 28 38 -21 -21
1 39999 -443 46 7 2 0 0 0 0 22 2 7 -196 -50 N N N N -1575 -438 37 254 254
1 44942 -509 162 6 133 0 1388 0 -2 82 13 -45 -181 -64 N N N N -882 -244 39 140 140
1 41587 -450 156 9 -127 10 -1405 0 2 74 -43 93 -183 -51 N N N N 1127 320 31 -193 -193
1 39998 -426 -105 -13 -1 0 0 0 0 -47 19 -18 -206 -59 N N N N 1829 520 41 -309 -309
1 40000 -442 -1 0 -1 0 0 0 0 -1 0 1 -88 -41 N N N N 2467 698 25 -407 -407
1 40002 -438 4 -6 1 0 0 0 0 4 0 -1 -151 -35 N N N N 1767 502 25 -288 -288
1 39999 -426 -6 12 -3 0 0 0 0 -6 0 1 -230 -59 N N N N 2917 829 41 -469 -469
1 39999 -437 -73 -2 2 0 0 0 0 -36 10 -12 -134 -41 N N N N 734 212 27 -121 -121
1 40002 -428 -40 -4 0 0 0 0 0 -20 1 -7 -194 -63 N N N N -301 -78 39 38 38
1 40000 -439 -12 -3 -2 0 0 0 0 -6 1 0 -138 -44 N N N N -2316 -651 30 359 359
1 39998 -426 28 1 -1 0 0 0 0 15 -2 4 -221 -62 N N N N -1964 -550 41 307 307
1 40001 -433 39 0 3 0 0 0 0 19 -3 6 -132 -45 N N N N -2256 -635 28 362 362
1 39999 -434 -45 10 -1 -1 0 0 0 -24 5 -8 -296 -72 N N N N -1562 -438 43 250 250
1 40001 -440 -118 -1 0 0 0 0 0 -61 -2 -18 -136 -54 N N N N 292 87 36 -55 -55
1 40000 -423 -164 1 -2 0 0 0 0 -82 -20 -24 -180 -48 N N N N 1118 322 34 -191 -191
1 39999 -424 -76 -3 -2 0 0 0 0 -35 -17 -8 -122 -51 N N N N 2806 802 31 -465 -465
1 40000 -422 -12 -3 0 0 0 0 0 -5 -3 -1 -43 -9 N N N N 3916 1115 14 -629 -629
1 41002 -458 188 3 134 1 1403 0 -2 89 44 -44 -221 -46 N N N N 6682 1907 26 -1034 -1034
1 41999 -469 409 6 -124 9 -1391 0 2 203 -37 130 -64 -24 N N N N 5532 1582 29 -823 -823
1 40000 -420 -139 -3 -4 0 0 0 0 -65 26 -22 -115 -25 N N N N 4012 1148 22 -579 -579
1 40000 -434 -25 -4 -4 0 0 0 0 -11 2 -2 -204 -47 N N N N 1508 438 29 -220 -220
1 40000 -430 -13 0 2 0 0 0 0 -7 2 -3 -297 -85 N N N N -592 -152 56 66 66
1 40000 -431 -55 3 -1 0 0 0 0 -29 4 -8 -9 -20 N N N N -1027 -289 15 140 140
1 40000 -429 -20 -3 -3 0 0 0 0 -9 0 -3 -168 -39 N N N N 1836 532 27 -266 -266
1 43767 -488 132 13 138 0 1406 -1 -2 63 10 -48 -333 -89 N N N N 284 98 59 -57 -57
1 37293 -374 -22 -25 -131 -30 -1412 0 2 -4 -17 61 -147 -39 N N N N -308 -77 38 32 32
1 39999 -401 -62 -7 1 0 0 0 0 -31 5 -8 -377 -74 N N N N 669 207 50 -109 -109
1 40000 -407 -26 0 -6 0 0 0 0 -13 2 -2 -96 -65 N N N N -1365 -378 49 178 178
1 40001 -412 1 4 -3 0 0 0 0 0 -1 0 -117 -14 N N N N 672 197 14 -99 -99
1 40000 -407 26 -4 6 0 0 0 0 14 -1 3 -290 -74 N N N N -32 6 52 -11 -11
1 20000 -206 3 2 0 0 0 0 0 1 1 0 -127 -36 N N N N -872 -244 26 115 115
1 20000 -206 16 -1 -2 0 0 0 0 9 -2 3 -134 -44 N N N N -825 -229 30 109 109
1 19999 -221 -14 3 1 0 0 0 0 -9 0 0 -11 -17 N N N N -842 -239 11 117 117
1 20000 -200 -2 1 3 0 0 0 0 -1 2 -3 -256 -41 N N N N -512 -139 32 64 64
1 20000 -208 5 -2 -2 0 0 0 0 3 -2 2 39 -27 N N N N -487 -135 19 65 65
1 20000 -235 11 -1 0 0 0 0 0 6 -1 1 -148 -15 N N N N 107 34 14 -19 -19
1 20001 -207 11 -6 -1 0 0 0 0 7 0 3 -94 -31 N N N N 11 9 23 -8 -8
1 19999 -212 26 4 1 0 0 0 0 12 -4 2 -104 -26 N N N N 103 36 20 -21 -21
1 20001 -221 -11 0 1 0 0 0 0 -5 3 -2 -130 -37 N N N N -61 -12 22 3 3
1 20000 -214 9 1 1 0 -1 0 0 4 -2 1 -256 -55 N N N N -435 -115 39 52 52
1 19999 -221 -17 -3 -5 0 0 0 0 -7 2 -1 -254 -68 N N N N -875 -242 46 114 114
1 20001 -200 -15 0 3 0 0 0 0 -8 2 -4 -226 -69 N N N N -1291 -361 50 177 177
1 20000 -214 -25 0 -2 0 0 0 0 -13 1 -2 -355 -73 N N N N -1330 -373 50 184 184
1 19999 -217 -8 11 1 0 0 0 0 -6 2 -2 -512 -117 N N N N -1456 -403 85 196 196
1 20001 -206 -40 -9 5 0 0 0 0 -20 1 -6 -164 -108 N N N N -1601 -454 55 230 230
1 19999 -210 -16 2 -9 0 0 0 0 -8 0 0 -112 -72 N N N N -2442 -701 47 367 367
1 20000 -215 7 -9 4 0 0 0 0 5 0 1 -20 -36 N N N N -1992 -576 21 309 309
1 20001 -218 22 9 -1 0 0 0 0 10 -1 2 -9 12 N N N N -353 -104 -3 57 57
1 21235 -238 46 20 128 0 1397 1 -2 19 14 -61 -418 -85 N N N N 598 185 52 -107 -107
1 20002 -225 69 -8 -1 0 0 0 0 37 -5 13 -389 -88 N N N N -827 -232 55 119 119
1 21941 -236 -27 10 -127 8 -1404 0 2 -16 -16 62 -274 -98 N N N N -1344 -380 72 199 199
1 20001 -219 -113 -20 4 0 0 0 0 -54 9 -19 -188 -86 N N N N -2079 -599 54 328 328
1 19999 -215 -44 1 -5 0 0 0 0 -23 -1 -4 -151 -51 N N N N -987 -285 33 157 157
1 20000 -223 26 -1 -4 0 0 0 0 14 -1 5 -172 -62 N N N N -1005 -288 43 158 158
1 20000 -205 33 5 4 0 0 0 0 16 0 3 -187 -48 N N N N -359 -101 32 54 54
1 20001 -229 -3 -3 -3 0 0 0 0 -1 0 1 -368 -73 N N N N -145 -35 51 14 14
1 19999 -209 -10 -4 3 0 0 0 0 -4 1 -2 -276 -93 N N N N -419 -113 71 56 56
1 19999 -201 -39 -1 -4 0 0 0 0 -20 0 -5 -254 -68 N N N N -414 -115 45 62 62
1 20001 -220 -63 3 7 0 0 0 0 -34 -2 -11 -362 -89 N N N N -175 -42 69 15 15
1 20001 -214 -26 -2 -1 0 0 0 0 -13 -3 -2 -340 -84 N N N N 157 55 61 -39 -39
1 24647 -266 80 33 133 0 1407 0 -2 35 17 -63 -226 -98 N N N N -180 -43 73 16 16
1 19999 -221 74 -10 2 0 0 0 0 40 3 11 -149 -50 N N N N 20 10 32 -10 -10
1 20000 -237 -14 -7 -11 0 0 0 0 -6 -1 4 -351 -76 N N N N 259 83 44 -53 -53
1 20000 -221 175 -15 5 0 0 0 0 93 -12 26 -670 -104 N N N N 851 268 102 -167 -167
1 24115 -257 218 8 -128 10 -1391 -1 2 94 -80 97 -331 -127 N N N N 2309 706 114 -418 -418
1 20000 -205 27 -1 3 0 0 0 0 10 -10 1 -300 -106 N N N N 1434 438 63 -255 -255
1 20000 -208 -77 3 -1 0 0 0 0 -31 27 -8 -412 -94 N N N N 1329 411 76 -239 -239
1 20000 -178 -66 -2 0 0 0 0 0 -28 19 -9 -543 -100 N N N N 993 312 76 -183 -183
1 20002 -201 36 -7 -2 0 0 0 0 17 -11 5 -665 -169 N N N N 824 271 122 -165 -165
1 19999 -205 -11 -2 -2 0 0 0 0 -3 3 -3 -777 -197 N N N N 988 330 164 -203 -203
1 19999 -190 9 4 -6 0 0 0 0 4 -3 4 -521 -157 N N N N 2480 776 127 -436 -436
1 20002 -213 37 -4 4 0 0 0 0 16 -11 3 -666 -165 N N N N 3511 1096 137 -598 -598
1 19999 -214 38 9 -3 0 0 0 0 12 -14 9 -827 -208 N N N N 2840 906 170 -493 -493
1 19999 -215 -1 -2 9 0 0 0 0 0 3 -4 -728 -177 N N N N 2422 776 138 -413 -413
1 23710 -250 -101 10 -121 10 -1389 0 -2 -45 -5 39 -1382 -341 N N N N 2926 963 228 -513 -513
1 20408 -209 -193 16 -3 0 0 0 0 -96 42 -19 -1955 -342 N N N N 2623 891 270 -477 -477
1 23883 -247 -382 14 114 1 1388 1 2 -192 8 -122 -1535 -420 N N N N 3657 1249 346 -650 -650
1 20001 -195 -238 -22 5 0 0 0 0 -95 -71 -22 -1480 -459 N N N N 3039 1067 331 -551 -551
1 20000 -198 -135 -12 3 0 0 0 0 -39 -55 -4 -1540 -427 N N N N 4299 1475 320 -720 -720
1 19999 -182 27 2 3 0 0 0 0 7 12 -1 -1651 -436 N N N N 4616 1617 374 -772 -772
1 20001 -194 77 3 2 0 0 0 0 22 32 2 -1587 -485 N N N N 9133 3111 414 -1363 -1363
1 20000 -159 18 12 -1 0 0 0 0 6 6 -4 -1602 -427 N N N N 11104 3767 352 -1512 -1512
1 20000 -162 -44 -8 0 0 0 0 0 -14 -17 1 -1717 -392 N N N N 9156 3138 278 -1174 -1174
1 20000 -156 -154 -11 -1 0 0 0 0 -37 -67 -2 -2721 -554 N N N N 7693 2798 427 -1026 -1026
1 19998 -150 -42 16 1 0 0 0 0 -9 -20 -8 -2466 -797 N N N N 9862 3701 610 -1292 -1292
1 20002 -176 -116 -11 -7 0 0 0 0 -11 -57 5 -1080 -670 N N N N 11998 4346 420 -1353 -1353
1 18786 -177 -47 0 1 -2 1 -46 -4 -2 -23 0 -1429 -486 N N N N 11496 4187 356 -1198 -1198
1 19949 -180 28 -6 3 1 -1 -97 0 1 14 5 -1452 -564 N N N N 9406 3639 464 -1008 -1008
1 21384 -189 48 10 137 0 1388 -38 2 2 26 -19 -1893 -507 N N N N 7577 2925 324 -758 -758
1 20000 -202 69 -13 -5 0 0 0 0 9 34 -2 -4051 -1026 N N N N 4429 2251 676 -652 -652
1 19999 -196 -33 7 -23 0 0 0 0 -5 -16 5 -4796 -1123 N N N N 6458 3216 859 -875 -875
1 20000 -147 208 -4 35 0 0 0 0 42 94 -22 -12801 -2469 N N N N 1969 3615 2542 -1269 -1269
1 22060 -146 327 7 -13 0 0 0 0 122 113 8 -6905 -2003 N N N N 15141 8793 2489 -2104 -2104
1 20530 -115 129 -5 -2 0 0 0 0 64 26 12 -98 -969 N N N N 13535 6636 987 -1253 -1253
1 20001 -101 78 5 0 0 0 0 0 39 10 9 -14 -889 N N N N 10389 4679 381 -756 -756
1 20000 -108 114 -5 1 0 0 0 0 59 4 19 -16 -652 N N N N 6780 3007 197 -452 -452
1 19999 -107 146 -1 0 0 0 0 0 75 -11 24 1 -441 N N N N 5469 2332 88 -325 -325
1 18791 -116 154 0 -124 0 -1389 -35 -2 71 -57 86 -5 -301 N N N N 3590 1576 85 -219 -219
1 20043 -124 103 -15 1 1 3 -77 0 45 -35 10 -1 -206 N N N N 4271 1771 32 -229 -229
1 19888 -137 11 -7 -1 -1 -3 -47 0 6 -5 -1 -2 -155 N N N N 2585 1065 14 -134 -134
1 20027 -174 -21 -8 3 0 5 -49 0 -5 9 -6 -3 -93 N N N N 2100 883 23 -111 -111
1 19966 -169 5 -9 -1 0 -6 -80 0 5 -2 -3 -1 -78 N N N N 1728 705 5 -86 -86
1 20111 -189 32 -7 0 0 0 -87 0 13 -13 3 -1 -30 N N N N 1098 459 10 -57 -57
1 20291 -173 12 -4 1 0 0 -37 4 5 -5 -1 1 -22 N N N N 1180 494 11 -61 -61
1 19999 -187 -10 -2 -2 0 0 0 0 -3 4 0 3 -8 N N N N 597 244 2 -29 -29
1 20001 -186 3 -2 -3 0 0 0 0 2 -2 -1 -5 0 N N N N 647 298 22 -39 -39
1 19999 -176 -27 1 -1 0 0 0 0 -10 10 -1 3 -5 N N N N 907 395 17 -49 -49
1 10001 -92 6 1 0 0 0 0 0 2 -2 1 -4 -5 N N N N 286 106 -5 -12 -12
1 9999 -86 9 5 1 0 0 0 0 1 -4 3 0 -1 N N N N 204 89 4 -11 -11
1 10001 -102 14 -9 1 0 0 0 0 8 -5 -3 0 -4 N N N N 292 125 4 -15 -15
1 9999 -87 14 5 -3 0 0 0 0 4 -6 4 0 -1 N N N N 519 203 -4 -23 -23
1 10000 -102 17 -4 1 0 0 0 0 6 -7 0 -2 -1 N N N N 190 71 -4 -7 -7
1 10001 -102 18 -3 1 0 0 0 0 7 -7 -1 -1 -4 N N N N 102 45 3 -6 -6
1 9999 -85 12 6 3 0 0 0 0 1 -5 4 -1 5 N N N N 163 51 -9 -4 -4
1 10001 -95 15 -2 -3 0 0 0 0 5 -7 1 0 1 N N N N 68 46 11 -8 -8
1 9999 -95 15 -2 1 0 0 0 0 5 -7 -1 -3 -6 N N N N 359 138 -4 -15 -15
1 10000 -99 21 -1 -3 0 0 0 0 6 -10 3 1 2 N N N N 152 76 9 -10 -10
1 10000 -100 21 -2 4 0 0 0 0 5 -9 -1 -1 -3 N N N N 205 92 5 -12 -12
1 10640 -109 2 41 0 107 0 -11 -4 -13 0 18 -3 1 N N N N 240 103 3 -12 -12
1 17244 -193 -120 49 -121 10 -1394 -16 2 -50 12 40 4 -1 N N N N 218 112 15 -16 -16
1 10000 -102 -109 5 -4 0 0 0 0 -39 42 -6 -1 -3 N N N N 299 120 -1 -13 -13
1 10469 -116 -107 -5 -4 0 0 0 0 -43 33 -11 -1 7 N N N N 114 51 3 -7 -7
1 10001 -123 -108 0 4 0 0 0 0 -51 26 -13 1 3 N N N N 265 111 3 -13 -13
1 10255 -120 -88 -6 31 -4 202 0 -1 -43 21 -26 -5 -2 N N N N -46 -16 1 2 2
1 9597 -97 -45 -34 89 -50 1190 0 3 -15 25 -53 -9 2 N N N N 229 95 1 -11 -11
1 10619 -113 -80 3 -10 0 0 0 0 -41 1 -9 -72 -13 N N N N 249 112 7 -14 -14
1 10000 -104 -19 -17 2 0 0 0 0 -7 -1 -3 -5 -2 N N N N 181 81 5 -10 -10
1 10000 -79 92 13 10 0 0 0 0 46 2 6 -1 -4 N N N N 229 116 14 -16 -16
1 10000 -99 124 -3 0 0 0 0 0 63 -12 21 27 1 N N N N 4 6 2 -1 -1
1 10000 -86 82 11 0 0 0 0 0 36 -16 14 -10 2 N N N N 187 68 -4 -7 -7
1 10001 -98 56 -8 8 0 0 0 0 29 -11 1 -4 -3 N N N N 59 12 -7 0 0
1 9999 -100 -20 -6 -11 0 0 0 0 -7 3 1 -3 3 N N N N 125 27 -14 -1 -1
1 9999 -83 17 1 -2 0 0 0 0 9 -4 1 11 1 N N N N 95 55 9 -8 -8
1 10001 -99 76 31 3 0 0 0 0 23 -22 18 -24 -6 N N N N 82 42 6 -6 -6
1 10000 -110 56 -14 7 0 0 0 0 24 -18 4 9 3 N N N N 48 20 0 -2 -2
1 10000 -104 -70 -6 -15 0 0 0 0 -23 21 -9 6 3 N N N N -11 -2 2 0 0
1 10002 -95 -14 1 8 0 0 0 0 -7 6 -4 -5 -2 N N N N 127 66 8 -9 -9
1 9997 -94 -118 1 1 0 0 0 0 -53 30 -20 -44 -4 N N N N 191 83 4 -10 -10
1 10001 -86 12 7 10 0 0 0 0 1 -2 4 -10 -5 N N N N 62 45 11 -7 -7
1 10000 -97 12 -17 -8 0 0 0 0 11 -4 2 -16 -4 N N N N 79 34 2 -4 -4
1 10000 -96 24 12 4 0 0 0 0 8 -4 4 -13 -5 N N N N 127 48 -3 -5 -5
1 9999 -107 -66 0 -11 0 0 0 0 -32 11 -4 -29 -4 N N N N 149 75 9 -10 -10
1 11197 -91 -46 -18 8 -1 1 0 -4 -17 10 -15 -13 -4 N N N N 245 122 13 -16 -16
1 8656 -85 -23 13 -1 0 -1 -31 4 -15 3 0 -16 -8 N N N N -36 -8 4 0 0
1 10795 -95 -72 25 -6 0 0 0 0 -44 4 -4 2 -1 N N N N -29 0 7 -2 -2
1 9998 -127 -1 -12 8 0 0 0 0 4 3 -9 -4 -2 N N N N 187 66 -5 -6 -6
1 10000 -105 -3 -3 -6 0 0 0 0 3 2 -6 -2 1 N N N N -31 9 12 -3 -3
1 10000 -108 -28 -30 8 0 0 0 0 -11 1 -3 -1 -2 N N N N 127 58 4 -7 -7
1 10000 -110 92 16 -26 0 0 0 0 44 -12 28 -17 -4 N N N N 240 106 5 -13 -13
1 10000 -99 151 11 23 0 0 0 0 69 -24 15 3 0 N N N N 10 4 0 -1 -1
1 10002 -100 36 9 3 0 0 0 0 14 -8 5 -16 -2 N N N N 143 58 0 -6 -6
1 9998 -114 147 16 -8 0 0 0 0 58 -49 22 11 -4 N N N N 6 16 8 -3 -3
1 10001 -117 96 -34 6 0 0 0 0 42 -39 -3 -1 -2 N N N N 152 67 3 -8 -8
1 9999 -111 121 -13 15 0 0 0 0 17 -54 23 -7 2 N N N N 233 100 3 -12 -12
