version: 66.14
glider: 195
mission: 21
dive: 618
start: 9 16 105 0 36 16
columns: rec,elaps_tms,depth,heading,pitch,roll,AD_pitch,AD_roll,AD_vbd,GC_phase,mag.x,mag.y,mag.z,sbect.TempFreq,sbect.CondFreq,wlbb2fl.sig470nm,wlbb2fl.sig700nm,wlbb2fl.sig695nm,wlbb2fl.temp,aa4330.O2,aa4330.AirSat,aa4330.Temp,aa4330.CalPhase,aa4330.TCPhase,
data:
0 17209 36 536 -563 2 155 1820 876 6 189 -292 -113 174214 135156 N N N N 244445 97177 26371 29160 30566
1 9999 -24 -263 32 23 0 0 0 0 58 95 -59 -1262 -3 N N N N -276 -276 -95 48 48
1 10000 -8 44 9 -24 0 0 0 0 -3 -14 9 -308 -17 N N N N 891 393 23 -48 -48
1 10000 17 -22 86 71 0 0 0 0 10 -7 32 -552 10 N N N N 2019 611 -108 -49 -49
1 10002 -6 3 -167 62 0 0 0 0 -20 -13 -21 136 -11 N N N N -2146 -938 -50 114 114
1 10000 -6 241 -28 -185 0 0 0 0 -44 -46 7 272 -17 N N N N -3007 -337 490 -51 -51
1 8875 18 -389 29 264 0 1 4 -4 43 79 -46 412 -3 N N N N 3724 487 -565 48 48
1 9793 -12 168 93 -238 -1 0 244 0 7 -8 20 -973 9 N N N N -166 97 92 -28 -28
1 9996 27 -146 -145 152 -2 0 245 0 -15 24 -40 322 -12 N N N N 1457 1132 312 -182 -182
1 10089 30 222 21 -18 1 0 247 0 -22 -82 67 56 -7 N N N N -4800 -485 817 -93 -93
1 10014 34 289 -161 -280 1 0 247 0 -59 -20 -44 -264 -11 N N N N 574 355 69 -52 -52
1 9914 36 -287 133 287 0 0 267 0 45 11 31 -303 11 N N N N 403 225 36 -31 -31
1 10066 42 299 -117 -283 0 1 267 0 -50 -18 -23 850 -29 N N N N 51 75 30 -13 -13
1 9971 102 -250 9 280 -2 1 275 0 19 3 14 -1263 -29 N N N N -27 10 13 -4 -4
1 15912 336 81 102 -78 650 -1 216 -1 13 -7 28 -227 -42 N N N N 120 61 7 -8 -8
1 8852 184 -20 310 -35 1725 0 91 1 44 13 90 261 -5 N N N N -170 -68 0 8 8
1 9385 119 -37 122 -10 -1 53 428 1 13 10 36 -200 10 N N N N 126 48 -2 -5 -5
1 15485 223 -168 -7 99 -7 1312 -1 1 54 68 -5 -8 3 N N N N 61 36 6 -5 -5
1 10472 163 -141 -6 -1 0 0 0 0 30 66 -22 19 1 N N N N -135 -56 0 6 6
1 10002 152 -158 -13 14 0 0 0 0 12 81 -13 -5 5 N N N N 50 14 -4 -1 -1
1 10410 140 3448 2 -5 0 0 0 0 -11 77 -21 3 1 N N N N -19 -3 3 0 0
1 9999 157 -102 1 -4 0 0 0 0 -17 52 7 3 7 N N N N -55 -35 -7 5 5
1 10474 161 -108 20 5 0 0 0 0 -28 51 10 -8 2 N N N N -110 -50 -3 6 6
1 10000 153 -88 11 6 0 0 0 0 -31 36 10 16 2 N N N N 15 -6 -7 2 2
1 10349 116 -70 -12 -9 0 0 0 0 -26 24 6 9 2 N N N N 43 15 -2 -1 -1
1 9398 124 -115 -8 0 0 0 0 0 -47 33 16 12 -3 N N N N -16 -7 0 0 0
1 10602 151 -88 12 2 0 0 0 0 -44 19 13 19 10 N N N N -51 -31 -6 5 5
1 9932 138 -115 6 -122 45 -1385 3 0 -57 -2 83 -10 0 N N N N 17 6 0 -1 -1
1 9769 123 -97 18 -1 0 0 -1 2 -51 -2 22 -8 -2 N N N N -53 -24 -2 3 3
1 10831 140 -54 10 -5 0 0 0 0 -29 -6 11 22 5 N N N N -39 -20 -2 3 3
1 10000 143 -71 -4 6 0 0 0 0 -33 -8 10 31 0 N N N N -84 -41 -4 5 5
1 10000 115 -26 -10 -13 0 0 0 0 -11 -7 9 156 7 N N N N -11 -13 -5 2 2
1 10000 119 -84 -2 33 0 0 0 0 -36 -9 0 -118 6 N N N N 8 -17 -11 4 4
1 10000 142 44 13 -27 0 0 0 0 16 2 4 8 4 N N N N -161 -72 -4 9 9
1 10000 135 43 13 7 0 0 0 0 17 10 -10 16 3 N N N N 51 12 -5 -1 -1
1 10000 131 48 -8 -4 0 0 0 0 24 7 -7 5 -17 N N N N -88 -43 -4 6 6
1 9999 130 25 3 2 0 0 0 0 12 3 -3 1 1 N N N N -1 -11 -6 2 2
1 10001 127 9 -2 3 0 0 0 0 5 2 -2 1 3 N N N N -82 -33 0 4 4
1 10000 116 19 1 -1 0 0 0 0 9 2 -4 2 1 N N N N -124 -53 -2 6 6
1 10000 133 18 1 0 0 0 0 0 9 2 -2 4 2 N N N N 105 40 -1 -4 -4
1 10000 134 -3 1 1 0 0 0 0 -2 0 0 2 2 N N N N -186 -77 -2 8 8
1 9999 123 1 0 -4 0 0 0 0 0 0 0 1 3 N N N N 23 8 -1 0 0
1 10001 125 -47 -2 7 0 0 0 0 -22 -4 6 -1 -13 N N N N -259 -106 0 11 11
1 10000 131 -42 -2 -1 0 0 0 0 -20 -7 7 1 7 N N N N 14 6 0 0 0
1 10000 122 -39 -1 -3 0 0 0 0 -19 -6 6 2 1 N N N N -56 -24 0 3 3
1 9999 120 -45 -1 -4 0 0 0 0 -20 -11 8 2 -8 N N N N -127 -54 -2 6 6
1 12862 156 -50 -10 -136 0 -1395 1 -2 -18 -60 63 4 0 N N N N 35 13 -1 -2 -2
1 10785 146 70 -8 18 0 0 0 0 33 25 -13 10 13 N N N N -217 -91 -2 11 11
1 20001 273 316 -2 -11 0 0 0 0 153 33 -47 10 13 N N N N -67 -30 -1 3 3
1 18949 261 307 3 121 20 1389 1 0 139 -29 -113 -8 7 N N N N -148 -61 -1 7 7
1 21523 269 197 24 5 2 1 -1 2 65 -76 -19 1 -3 N N N N -254 -106 -1 12 12
1 20000 244 68 12 1 0 0 0 0 16 -31 -3 14 3 N N N N -114 -51 -3 6 6
1 19998 228 -21 -7 1 0 0 0 0 -5 9 1 29 -6 N N N N -286 -124 -5 15 15
1 20001 236 -39 4 -2 0 0 0 0 -9 19 4 59 -5 N N N N -236 -120 -14 16 16
1 20001 213 -181 -3 8 0 0 0 0 -60 72 19 239 32 N N N N -295 -190 -41 28 28
1 19998 203 -87 -2 -2 0 0 0 0 -36 26 12 3709 257 N N N N 47 -2235 -1300 490 490
1 20003 206 -3 7 -5 0 0 0 0 -2 0 6 10196 1358 N N N N -5319 -5331 -1918 1003 1003
1 19997 172 12 -3 -1 0 0 0 0 6 -3 -3 9034 1367 N N N N -4647 -5726 -2417 1228 1228
1 20001 168 -18 -4 6 0 0 0 0 -8 6 -2 4158 1926 N N N N -829 -2116 -1121 523 523
1 24587 200 125 -9 115 -8 1405 1 -2 52 -34 -60 2758 1522 N N N N -11602 -5804 -1093 1087 1087
1 19999 180 -57 6 8 0 0 0 0 -23 21 1 1976 1038 N N N N -11291 -4720 -544 872 872
1 20000 146 -76 1 -10 0 0 0 0 -32 24 12 3300 1094 N N N N -7969 -3451 -508 698 698
1 20000 133 -40 -8 2 0 0 0 0 -17 10 1 1482 939 N N N N -6646 -2879 -457 615 615
1 20002 147 -148 1 11 0 0 0 0 -71 29 15 1201 837 N N N N -8483 -3319 -355 703 703
1 26119 213 19 7 -134 0 -1416 1 2 9 -19 66 1405 761 N N N N -11558 -4448 -478 996 996
1 19999 149 0 -3 5 0 0 0 0 0 1 -4 1491 677 N N N N -9092 -3465 -396 829 829
1 19999 138 69 -4 -3 0 0 0 0 34 -8 -13 2118 683 N N N N -12427 -4463 -355 1099 1099
1 20000 169 173 -4 0 0 0 0 0 77 -45 -27 868 507 N N N N -12242 -4296 -309 1129 1129
1 19999 185 115 8 2 0 0 0 0 42 -40 -15 1955 335 N N N N -6355 -2459 -434 741 741
1 20002 177 87 5 -1 0 0 0 0 26 -36 -9 1245 378 N N N N -12920 -4409 -307 1298 1298
1 19999 175 52 1 3 0 0 0 0 13 -23 -7 497 370 N N N N -9727 -3281 -230 1036 1036
1 20000 155 221 -7 -6 0 0 0 0 28 -112 -17 1854 474 N N N N -7187 -2522 -336 873 873
1 20000 141 -3392 4 1 0 0 0 0 -16 -108 2 1520 508 N N N N -7368 -2547 -340 922 922
1 20000 107 105 -2 1 0 0 0 0 -23 -51 3 414 305 N N N N -10392 -3352 -165 1222 1222
1 21354 124 19 -17 123 -10 1413 2 -2 -4 -2 27 368 282 N N N N -7669 -2454 -112 947 947
1 20469 89 -121 12 0 0 0 0 0 26 56 -13 726 286 N N N N -8319 -2644 -111 1075 1075
1 20354 110 3391 -2 8 0 0 0 0 17 106 -23 689 240 N N N N -5653 -1820 -149 789 789
1 20410 108 -208 0 -2 0 0 0 0 -24 106 -10 631 208 N N N N -8166 -2586 -152 1164 1164
1 20353 94 -160 3 0 0 0 0 0 -45 72 3 750 211 N N N N -6418 -2017 -109 954 954
1 20414 97 28 -1 -7 0 0 0 0 9 -12 1 547 142 N N N N -5367 -1707 -184 857 857
1 20411 96 -84 -2 2 0 0 0 0 -28 34 3 380 251 N N N N -3468 -1088 -92 559 559
1 20353 99 -50 3 0 0 0 0 0 -20 18 5 624 160 N N N N -2626 -832 -112 444 444
1 20294 108 -50 1 1 0 0 0 0 -21 16 5 276 159 N N N N -2054 -656 -125 360 360
1 20412 110 -49 -3 -3 0 0 0 0 -21 14 6 417 174 N N N N -2131 -666 -77 364 364
1 20294 83 -141 -2 4 0 0 0 0 -67 29 16 370 171 N N N N -2376 -735 -59 404 404
1 24177 132 -192 -2 -125 -1 -1406 1 2 -95 -9 95 591 190 N N N N -2190 -687 -119 393 393
1 20000 96 -145 9 0 0 0 0 0 -73 -16 23 167 158 N N N N -1475 -459 -70 265 265
1 20000 121 -38 2 0 0 0 0 0 -18 -7 7 328 125 N N N N -1116 -348 -62 203 203
1 19999 119 -87 1 1 0 0 0 0 -39 -20 11 234 87 N N N N -241 -83 -59 54 54
1 20001 113 -10 1 0 0 0 0 0 -4 -4 1 337 86 N N N N 534 150 -67 -75 -75
1 20000 145 9 2 0 0 0 0 0 3 3 -1 84 85 N N N N 642 180 -72 -91 -91
1 20001 121 59 -3 -4 0 0 0 0 26 14 -7 212 88 N N N N -399 -128 -46 77 77
1 19999 139 45 4 1 0 0 0 0 20 9 -6 233 53 N N N N -833 -260 -57 154 154
1 20000 118 78 1 1 0 0 0 0 37 13 -12 61 89 N N N N -1848 -557 -21 318 318
1 20000 130 29 -3 0 0 0 0 0 15 4 -5 -66 87 N N N N -1617 -486 -8 281 281
1 24001 153 79 -22 -126 1 -1378 0 -2 44 -29 44 293 50 N N N N -2963 -889 -10 522 522
1 19998 144 133 7 5 0 0 0 0 66 3 -24 -15 28 N N N N -1859 -561 -39 339 339
1 21695 141 145 1 112 -10 1389 0 2 69 7 -80 233 64 N N N N -1785 -539 -45 332 332
1 20834 131 130 4 11 0 0 0 0 56 -33 -24 117 39 N N N N -1290 -387 -10 238 238
1 20000 142 64 4 -2 0 0 0 0 25 -21 -8 161 28 N N N N -354 -108 -30 70 70
1 20000 124 75 -2 2 0 0 0 0 25 -29 -12 320 40 N N N N -220 -70 -50 48 48
1 20000 129 117 1 -2 0 0 0 0 32 -52 -11 667 60 N N N N 598 167 -123 -90 -90
1 20000 134 56 2 3 0 0 0 0 12 -26 -5 450 63 N N N N 1101 320 -74 -188 -188
1 20002 152 45 2 -4 0 0 0 0 7 -23 -2 97 101 N N N N 1355 396 -64 -232 -232
1 19998 142 76 2 0 0 0 0 0 7 -39 -4 51 138 N N N N 887 260 -21 -154 -154
1 20000 134 33 -1 3 0 0 0 0 2 -17 -2 146 91 N N N N 260 75 -19 -43 -43
1 19999 151 -3524 -2 0 0 0 0 0 -1 -40 -3 64 76 N N N N -38 -16 -44 15 15
1 23473 181 -25 -16 124 -10 1394 1 -2 2 14 -6 497 54 N N N N 498 141 -48 -79 -79
1 20000 153 3449 7 0 0 0 0 0 -9 79 -8 99 72 N N N N 422 121 -36 -67 -67
1 20000 164 -142 2 -2 0 0 0 0 -27 70 -1 300 60 N N N N 338 93 -49 -49 -49
1 20000 161 -129 -1 1 0 0 0 0 -39 56 5 120 60 N N N N 384 108 -45 -59 -59
1 20000 161 -125 -3 0 0 0 0 0 -48 45 9 106 42 N N N N 830 239 -41 -135 -135
1 20002 175 -99 4 1 0 0 0 0 -44 28 12 7 46 N N N N 495 144 -15 -82 -82
1 22589 176 -140 -1 -35 0 -195 1 -1 -68 23 35 150 55 N N N N -697 -208 -19 124 124
1 17409 144 -81 15 -91 38 -1210 0 3 -43 -11 62 127 32 N N N N -656 -196 -22 117 117
1 20001 147 -82 13 3 0 0 0 0 -44 -1 14 65 40 N N N N -591 -174 -5 103 103
1 20000 149 -37 4 -1 0 0 0 0 -20 -2 5 -28 34 N N N N 384 109 -28 -61 -61
1 19999 155 2 2 -1 0 0 0 0 1 0 1 -138 24 N N N N 1148 337 -4 -197 -197
1 20000 156 25 -1 0 0 0 0 0 13 2 -4 -52 15 N N N N 1642 481 -9 -277 -277
1 20000 153 50 2 -1 0 0 0 0 25 2 -7 0 34 N N N N 1226 358 -17 -203 -203
1 20002 137 -7 -3 3 0 0 0 0 -3 0 0 -4 27 N N N N 1051 305 -27 -170 -170
1 19998 159 -36 1 -1 0 0 0 0 -19 -1 5 331 23 N N N N 956 276 -24 -152 -152
1 20001 155 8 0 1 0 0 0 0 4 0 -1 418 25 N N N N 913 260 -46 -140 -140
1 24527 182 113 -20 -127 1 -1374 0 -2 62 -31 39 220 32 N N N N 1057 299 -62 -157 -157
1 20516 151 196 4 34 -1 203 0 -1 95 -13 -48 281 37 N N N N 1271 363 -46 -194 -194
1 19484 146 60 6 92 -5 1183 0 3 26 3 -49 385 55 N N N N 960 272 -44 -142 -142
1 20001 139 70 2 1 0 0 0 0 30 -20 -10 176 46 N N N N 1018 291 -32 -153 -153
1 19999 148 101 1 0 0 0 0 0 37 -36 -13 198 53 N N N N 639 178 -43 -90 -90
1 20001 142 118 -2 0 0 0 0 0 36 -50 -13 90 70 N N N N -947 -282 -27 155 155
1 19999 132 141 3 -1 0 0 0 0 26 -69 -10 96 64 N N N N -1481 -436 -19 239 239
1 20000 136 79 -1 -2 0 0 0 0 7 -41 -5 439 45 N N N N -748 -227 -56 132 132
1 19999 149 -3488 -1 -1 0 0 0 0 -1 -59 -3 158 54 N N N N 453 121 -56 -59 -59
1 20001 130 96 5 -2 0 0 0 0 -10 -50 1 141 54 N N N N 1878 536 -47 -284 -284
1 20000 155 83 0 6 0 0 0 0 -16 -41 4 82 66 N N N N 1579 452 -33 -238 -238
1 24117 156 9 -18 122 -10 1390 0 -2 -1 3 19 265 89 N N N N 1351 386 -26 -201 -201
1 20354 137 -122 8 -1 0 0 0 0 21 59 -13 162 69 N N N N 1251 354 -35 -181 -181
1 20351 141 -103 -2 2 0 0 0 0 8 53 -12 147 64 N N N N 1296 368 -33 -186 -186
1 20295 143 3471 4 -1 0 0 0 0 -5 67 -8 34 62 N N N N 1137 323 -23 -164 -164
1 20355 121 -123 2 -3 0 0 0 0 -20 62 -3 68 52 N N N N 876 250 -13 -126 -126
1 21001 146 -148 -1 2 0 0 0 0 -40 67 1 197 41 N N N N -422 -125 -14 66 66
1 20410 138 -134 -2 2 0 0 0 0 -50 50 7 11 33 N N N N 24 2 -21 3 3
1 19626 127 -152 0 3 0 0 0 0 -68 42 14 56 30 N N N N -68 -24 -17 15 15
1 21359 139 -142 -5 -129 0 -1396 0 2 -69 2 84 71 33 N N N N -156 -49 -15 27 27
1 20780 126 -113 3 6 0 0 0 0 -58 3 15 -10 28 N N N N -876 -252 3 129 129
1 20001 130 -52 6 -3 0 0 0 0 -28 -4 9 -97 9 N N N N -1442 -416 4 214 214
1 19999 109 31 2 -3 0 0 0 0 15 2 -4 -140 10 N N N N -1793 -517 2 271 271
1 20000 142 57 0 1 0 0 0 0 29 2 -9 32 2 N N N N -1448 -420 -9 224 224
1 40000 244 191 -1 -2 0 0 0 0 96 -15 -29 131 10 N N N N -1505 -438 -19 238 238
1 40000 269 80 0 4 0 0 0 0 39 -14 -13 80 19 N N N N -477 -142 -24 80 80
1 40000 286 66 2 0 0 0 0 0 29 -17 -10 139 24 N N N N 61 12 -28 -3 -3
1 44529 311 -168 -15 126 -10 1396 0 -2 -76 50 -37 333 40 N N N N -166 -55 -37 35 35
1 44354 338 -173 8 -127 0 -1400 0 2 -89 -4 89 173 49 N N N N -732 -219 -39 123 123
1 40000 304 -23 3 0 0 0 0 0 -12 0 4 -6 43 N N N N -994 -290 -25 162 162
1 40000 328 22 -2 1 0 0 0 0 12 1 -4 161 34 N N N N 131 33 -27 -14 -14
1 40000 307 -3 3 -1 0 0 0 0 -3 -1 0 -82 44 N N N N -396 -119 -28 68 68
1 40000 307 -78 -4 4 0 0 0 0 -38 -3 12 280 37 N N N N -1461 -424 -28 238 238
1 44585 355 203 -15 -130 0 -1386 0 -2 106 -30 24 272 33 N N N N -60 -24 -38 18 18
1 42647 318 264 32 129 26 1397 0 2 118 -26 -89 -460 55 N N N N 2847 811 -29 -441 -441
1 39999 305 66 7 -1 0 0 0 0 25 -22 -8 -3588 26 N N N N 2699 770 -15 -412 -412
1 40001 296 131 -3 -4 0 0 0 0 44 -53 -15 -10523 39 N N N N 1103 310 -27 -160 -160
1 40000 301 74 3 3 0 0 0 0 18 -34 -5 1693 37 N N N N -1242 -360 -19 193 193
1 40001 287 49 0 0 0 0 0 0 9 -24 -3 -1166 29 N N N N -2196 -630 -14 340 340
1 44709 310 -208 -14 122 -8 1394 0 -2 -53 101 -28 14539 35 N N N N -1584 -458 -25 253 253
1 39999 283 -245 2 1 0 0 0 0 -102 80 17 324 31 N N N N -485 -141 -17 79 79
1 41412 284 -215 -5 -122 0 -1408 0 2 -106 12 89 -851 37 N N N N -85 -30 -31 21 21
1 39999 273 -102 9 -1 0 0 0 0 -54 -3 16 743 39 N N N N 1850 523 -28 -282 -282
1 39997 276 -20 3 -1 0 0 0 0 -11 -2 3 -3868 35 N N N N 1106 310 -28 -163 -163
1 40002 281 65 0 1 0 0 0 0 33 4 -9 2597 37 N N N N -803 -233 -22 128 128
1 40000 274 37 2 4 0 0 0 0 19 2 -7 -1557 27 N N N N -1150 -334 -31 185 185
1 46649 326 332 -22 -9 -10 16 0 0 165 -50 -51 3823 52 N N N N -1480 -427 -33 239 239
1 40000 267 215 13 3 0 0 0 0 77 -78 -24 -762 34 N N N N -1990 -568 -11 316 316
1 40000 282 121 0 0 0 0 0 0 29 -56 -11 914 39 N N N N 1974 556 -32 -304 -304
1 40000 273 91 1 1 0 0 0 0 13 -46 -5 -307 50 N N N N 4208 1191 -27 -642 -642
1 40000 276 -3480 2 -2 0 0 0 0 6 -63 -5 -686 41 N N N N 1807 509 -18 -268 -268
1 40000 278 -7 -1 2 0 0 0 0 0 4 0 1093 33 N N N N -503 -146 -15 79 79
1 44526 303 3393 -18 126 -10 1387 0 -2 -18 111 -19 372 35 N N N N -1164 -335 -23 181 181
1 40356 296 -291 8 -3 0 0 0 0 -90 125 9 222 38 N N N N -342 -103 -28 59 59
1 40904 280 -287 1 -30 -1 -196 0 -1 -135 63 45 137 48 N N N N -59 -24 -37 17 17
1 39446 281 -215 0 -92 1 -1200 0 3 -109 -18 81 55 51 N N N N -113 -37 -26 24 24
1 40000 290 -95 5 2 0 0 0 0 -47 -14 12 -67 41 N N N N 60 14 -16 -5 -5
1 40000 295 41 -4 -5 0 0 0 0 20 6 -5 -955 27 N N N N -425 -123 -14 67 67
1 40000 299 203 5 6 0 0 0 0 102 15 -30 1264 19 N N N N -969 -278 -19 153 153
1 40001 296 183 -3 -1 0 0 0 0 92 -19 -28 136 21 N N N N -978 -280 -17 153 153
1 39999 275 141 0 -1 0 1 0 0 64 -34 -20 -129 31 N N N N -1842 -526 -31 292 292
1 39999 299 176 2 -2 0 0 0 0 65 -63 -22 -2 42 N N N N -2293 -651 -27 365 365
1 40001 297 65 0 2 0 0 0 0 19 -28 -7 236 43 N N N N -1114 -319 -29 183 183
1 40001 293 8 -1 0 0 0 0 0 2 -4 0 438 38 N N N N -856 -246 -31 143 143
1 39999 299 22 1 1 0 0 0 0 5 -10 -3 15 43 N N N N -700 -201 -28 117 117
1 43886 322 -188 -12 125 -10 1401 -1 -2 -57 86 -30 49 44 N N N N 418 114 -26 -62 -62
1 39999 299 -296 1 -1 0 0 0 0 -132 80 29 411 43 N N N N -584 -167 -21 98 98
1 44115 313 -180 32 -123 40 -1404 0 2 -98 -9 91 -1022 46 N N N N -3055 -864 -33 502 502
1 39999 276 -38 -1 -3 0 0 0 0 -19 -3 7 1043 39 N N N N -2018 -569 -20 336 336
1 40002 275 -145 -3 2 0 0 0 0 -72 -18 17 186 38 N N N N -3373 -950 -30 573 573
1 39999 291 -79 6 2 0 0 0 0 -37 -18 7 -357 32 N N N N -3043 -856 -27 527 527
1 40001 295 12 -1 -3 0 0 0 0 5 2 -1 -368 38 N N N N -1806 -508 -24 319 319
1 43999 318 247 -20 -124 -1 -1387 0 -2 126 2 29 1329 37 N N N N -841 -237 -27 152 152
1 42534 327 346 8 123 -6 1390 0 2 170 -3 -107 -1216 64 N N N N -372 -106 -38 70 70
1 39998 291 42 8 -1 0 0 0 0 18 -11 -2 168 52 N N N N -153 -44 -28 30 30
1 40000 291 -9 -4 1 0 0 0 0 -4 2 0 800 49 N N N N -107 -31 -23 22 22
1 40000 309 -63 4 0 0 0 0 0 -29 17 8 12 36 N N N N -195 -55 -30 38 38
1 40000 281 -115 -4 1 0 0 0 0 -55 20 16 -505 41 N N N N -144 -41 -21 28 28
1 40000 308 -79 0 1 0 0 0 0 -40 8 10 -3323 32 N N N N 708 197 -16 -124 -124
1 39999 340 -77 -65 -3 -107 0 -1 0 -27 3 7 3826 24 N N N N 3132 874 -4 -546 -546
1 40001 327 -110 2 4 0 0 0 0 -54 -6 20 949 12 N N N N 2369 660 -13 -403 -403
1 39999 343 -79 0 -1 0 0 0 0 -38 -10 14 40 23 N N N N 1765 492 -17 -294 -294
1 40000 342 -46 0 2 0 0 0 0 -21 -8 7 -2896 18 N N N N 626 173 -15 -102 -102
1 40002 362 -11 1 -2 0 0 0 0 -5 -3 2 3154 28 N N N N -29 -10 -20 8 8
1 42704 347 255 33 -128 80 -1386 0 -2 116 -6 17 156 16 N N N N -365 -103 -13 63 63
1 42178 325 341 26 125 23 1386 -1 2 160 -20 -104 -1880 28 N N N N -839 -236 -22 143 143
1 40000 289 125 7 1 0 0 0 0 49 -42 -13 -2137 32 N N N N -1337 -374 -24 229 229
1 39999 304 13 2 -3 0 0 0 0 5 -5 -1 3710 32 N N N N -1479 -414 -37 256 256
1 40001 291 -74 -5 1 0 0 0 0 -28 27 7 264 57 N N N N -1104 -309 -35 193 193
1 39999 282 -162 1 1 0 0 0 0 -70 46 21 -261 65 N N N N -648 -183 -47 118 118
1 40000 289 -75 2 2 0 0 0 0 -37 13 11 -942 57 N N N N -129 -37 -29 25 25
1 40001 288 3 2 -4 0 0 -1 0 1 0 0 -12228 38 N N N N -83 -24 -16 17 17
1 39999 300 66 1 0 0 0 0 0 32 -12 -9 3460 33 N N N N 640 174 -49 -104 -104
1 40000 303 60 1 1 0 0 0 0 28 -14 -7 7550 58 N N N N 2006 554 -33 -336 -336
1 40001 283 -2 0 3 0 0 0 0 -1 1 -1 -1359 63 N N N N 993 272 -35 -162 -162
1 40000 284 -5 -2 0 0 0 0 0 -2 1 0 -6811 58 N N N N 4 -1 -29 4 4
1 44908 358 -217 -60 -11 -57 0 -1 -2 -96 34 27 12457 64 N N N N -388 -111 -46 71 71
1 39563 301 -164 19 14 1 -1 0 2 -86 1 24 83 67 N N N N -18 -7 -35 8 8
1 39999 311 -50 6 0 0 0 0 0 -26 -5 7 32 50 N N N N 249 66 -23 -38 -38
1 39999 311 -21 0 -3 0 0 0 0 -11 -2 4 -417 44 N N N N -96 -28 -23 19 19
1 40001 315 -42 0 -1 0 0 0 0 -20 -7 6 -1072 38 N N N N 172 45 -28 -24 -24
1 40000 319 -27 3 2 0 0 0 0 -13 -5 4 1451 48 N N N N 1062 289 -39 -170 -170
1 45116 357 311 -26 -123 0 -1379 -1 -2 160 -10 6 1355 64 N N N N 538 143 -58 -80 -80
1 41413 332 316 14 121 -7 1384 0 2 142 -37 -107 -662 80 N N N N 150 39 -35 -19 -19
1 40002 318 90 3 0 0 0 0 0 32 -33 -12 -251 60 N N N N 341 90 -29 -51 -51
1 39997 311 55 2 -3 0 0 0 0 17 -23 -6 -922 54 N N N N 538 144 -35 -81 -81
1 40000 334 99 2 2 0 0 0 0 25 -45 -10 1703 47 N N N N 484 131 -21 -75 -75
1 40001 317 0 -2 1 0 0 0 0 0 0 0 730 45 N N N N 234 61 -35 -32 -32
1 44882 361 -273 -13 123 -11 1392 -1 -2 -85 118 -21 485 63 N N N N -113 -36 -49 26 26
1 40518 327 -278 -1 -31 1 -196 1 -1 -129 62 49 267 48 N N N N 25 4 -34 1 1
1 39483 332 -148 3 -90 -1 -1209 -1 3 -74 -11 75 -1617 66 N N N N -203 -60 -38 39 39
1 40000 348 -32 5 2 0 0 0 0 -17 -1 4 698 81 N N N N 141 32 -64 -13 -13
1 39998 321 182 -3 -2 0 0 0 0 92 -2 -30 -826 86 N N N N -8 -8 -55 11 11
1 40000 335 141 4 -2 0 0 0 0 68 -20 -24 -891 71 N N N N -297 -82 -24 51 51
1 40000 334 36 1 1 0 0 0 0 16 -8 -6 3064 55 N N N N -432 -120 -26 73 73
1 43929 374 -173 -18 90 -11 1214 -1 -3 -81 42 -21 412 48 N N N N -724 -200 -44 123 123
1 39073 341 -261 6 -87 1 -1208 0 3 -129 -21 94 -96 53 N N N N -631 -174 -23 105 105
1 40000 338 -5 2 -1 0 0 0 0 -3 -1 1 442 66 N N N N -116 -36 -54 27 27
1 39999 351 -12 3 -2 0 0 0 0 -7 -2 2 142 66 N N N N 739 196 -50 -111 -111
1 39998 347 -27 -2 -1 0 0 0 0 -13 -4 5 547 91 N N N N -667 -185 -62 116 116
1 40001 360 -171 -4 3 0 0 0 0 -73 -41 24 528 68 N N N N -29 -11 -35 10 10
1 43532 402 235 -17 -127 -1 -1384 0 -2 110 12 22 -360 70 N N N N -205 -59 -44 39 39
1 41457 382 404 5 31 -1 213 0 -1 195 2 -90 918 58 N N N N -195 -56 -40 37 37
1 38543 316 92 44 92 46 1174 -1 3 35 -10 -42 -4146 76 N N N N -410 -113 -38 71 71
1 39999 329 -43 0 1 0 0 0 0 -18 13 6 -1784 46 N N N N -1 -1 -11 2 2
1 40001 337 -60 1 3 0 0 0 0 -28 14 9 2883 26 N N N N 477 127 -10 -75 -75
1 39998 339 -2 3 -3 0 0 0 0 -1 1 1 -3095 31 N N N N -490 -134 -27 82 82
1 40001 346 -54 1 2 0 0 0 0 -26 11 8 3463 27 N N N N -443 -121 -29 76 76
1 40001 333 38 -2 -1 -1 0 0 0 18 -8 -6 -6265 56 N N N N -284 -81 -57 53 53
1 40000 330 -1 -2 0 0 0 0 0 0 0 0 3893 74 N N N N -267 -73 -34 48 48
1 39999 321 -116 0 -1 0 0 0 0 -57 18 17 5290 48 N N N N -32 -11 -23 8 8
1 40000 321 -87 0 0 0 0 0 0 -44 6 14 -4474 51 N N N N 219 57 -33 -31 -31
1 40000 323 7 3 0 0 0 0 0 3 -1 -1 760 49 N N N N 1755 467 -24 -275 -275
1 45072 363 233 -20 -90 0 -1184 0 -3 118 -47 0 3945 43 N N N N 1948 519 -28 -301 -301
1 39456 299 244 10 90 -7 1186 -1 3 95 -63 -73 -6635 34 N N N N 1009 267 -20 -154 -154
1 40000 299 173 2 0 0 0 0 0 42 -80 -13 -2468 44 N N N N 122 30 -32 -13 -13
1 40000 300 28 2 1 0 0 0 0 5 -14 -2 1642 53 N N N N 238 60 -27 -32 -32
1 40000 317 -75 -2 1 0 0 0 0 -14 37 5 7693 33 N N N N -347 -95 -22 57 57
1 40000 285 -69 3 1 0 0 0 0 -17 32 6 272 45 N N N N -565 -153 -29 91 91
1 44590 345 -289 -15 124 -10 1422 0 -2 -106 112 -22 1692 40 N N N N -251 -71 -40 46 46
1 40410 281 -288 -8 -126 0 -1428 -1 2 -140 25 102 95 63 N N N N -154 -44 -29 28 28
1 40000 306 -115 14 2 0 0 0 0 -60 -7 20 -6466 43 N N N N -28 -8 -13 7 7
1 39999 289 33 0 -1 0 0 0 0 17 2 -4 -4228 32 N N N N 370 94 -45 -50 -50
1 40001 304 56 1 -2 0 0 0 0 27 3 -9 6896 57 N N N N 458 118 -34 -65 -65
1 40000 287 25 1 1 0 0 0 0 13 1 -4 183 57 N N N N 130 30 -35 -14 -14
1 40001 289 -34 -3 -1 0 0 0 0 -17 -1 5 2304 56 N N N N 364 93 -43 -49 -49
1 45177 337 244 -15 -127 0 -1379 0 -2 124 -42 12 2262 61 N N N N 741 192 -34 -107 -107
1 43588 309 205 8 127 -10 1393 0 2 89 -28 -86 -1363 61 N N N N -75 -24 -39 18 18
1 40000 285 41 4 3 0 0 0 0 15 -15 -4 -28 53 N N N N 343 87 -30 -46 -46
1 40000 288 -67 1 -3 0 0 0 0 -26 23 9 1114 56 N N N N 595 155 -20 -87 -87
1 40000 277 -162 -4 1 0 0 0 0 -71 42 24 764 36 N N N N 614 158 -36 -85 -85
1 40000 286 -63 2 4 0 0 0 0 -30 10 11 -1775 52 N N N N 42 7 -33 0 0
1 39998 269 52 21 -4 31 0 -1 0 22 -8 -3 -7544 45 N N N N -618 -166 -26 96 96
1 40002 279 148 1 2 0 0 0 0 67 -36 -21 -5423 46 N N N N -209 -59 -36 38 38
1 40000 269 76 -1 0 0 0 0 0 30 -26 -10 4185 53 N N N N -160 -45 -27 28 28
1 40000 266 59 1 0 0 0 0 0 21 -22 -7 1354 41 N N N N -252 -68 -17 41 41
1 40000 272 53 0 0 0 0 0 0 17 -22 -6 4824 36 N N N N 8 0 -18 2 2
1 43590 295 -255 -14 119 -9 1383 -1 -2 -96 99 -25 5633 39 N N N N 138 33 -29 -16 -16
1 41468 283 -282 -8 -119 1 -1397 0 2 -136 26 97 332 45 N N N N 150 36 -31 -17 -17
1 40001 253 -165 13 -1 0 0 0 0 -86 -10 27 -525 39 N N N N -634 -169 -20 98 98
1 40000 273 -87 -1 3 0 0 0 0 -41 -15 10 -556 34 N N N N -1108 -293 -20 170 170
1 40000 275 -48 2 -1 0 0 0 0 -22 -11 7 -5338 30 N N N N -551 -146 -15 85 85
1 40000 274 -34 4 0 0 0 0 0 -16 -9 3 2341 25 N N N N -625 -165 -12 97 97
1 40000 282 -46 -4 0 0 0 0 0 -19 -12 5 -663 35 N N N N -336 -91 -34 56 56
1 44530 329 205 -16 -123 -1 -1379 0 -2 98 7 31 5203 41 N N N N 780 200 -44 -111 -111
1 40000 286 360 0 -4 0 0 0 0 179 8 -58 592 52 N N N N 744 191 -35 -106 -106
1 44409 316 320 9 125 -8 1390 0 2 131 -69 -100 -4944 56 N N N N 434 111 -26 -61 -61
1 40000 285 134 6 -2 0 0 0 0 35 -60 -11 1472 50 N N N N -135 -37 -21 23 23
1 40000 292 14 -3 1 0 0 0 0 3 -7 -2 -382 41 N N N N 809 208 -23 -116 -116
1 40000 279 -61 -1 1 0 0 0 0 -14 29 5 -767 38 N N N N 830 214 -19 -120 -120
1 40002 304 -85 2 2 0 0 0 0 -24 37 10 227 33 N N N N 495 125 -35 -67 -67
1 44648 335 -273 -12 122 -10 1396 -1 -2 -109 98 -23 5020 45 N N N N 348 87 -29 -45 -45
1 41586 300 -233 -7 -120 -1 -1410 -1 2 -113 15 94 -2968 45 N N N N -50 -17 -32 13 13
1 40001 287 -113 9 -1 0 0 0 0 -58 -6 21 1222 44 N N N N 199 49 -22 -26 -26
1 40000 312 -84 4 -1 0 0 0 0 -43 -10 11 -3712 47 N N N N 231 56 -40 -26 -26
1 39999 296 -35 -1 -4 0 0 0 0 -16 -7 7 -1009 57 N N N N 105 23 -28 -10 -10
1 40000 312 -81 0 3 0 0 0 0 -37 -17 10 672 38 N N N N -302 -81 -24 48 48
1 44591 353 235 -18 -122 1 -1373 -1 -2 117 2 23 6552 36 N N N N -208 -56 -17 33 33
1 40667 310 387 25 123 27 1381 1 2 184 -6 -118 595 38 N N N N -118 -34 -28 22 22
1 40801 295 222 9 -4 0 0 0 0 82 -80 -23 -5657 42 N N N N -190 -52 -30 33 33
1 40002 283 37 6 0 0 0 0 0 10 -16 -3 -1536 41 N N N N -263 -70 -12 40 40
1 39999 289 -89 0 3 0 0 0 0 -27 38 10 4680 24 N N N N -315 -83 -14 49 49
1 40001 296 -61 1 0 0 0 0 0 -22 23 7 -487 21 N N N N -712 -186 -19 107 107
1 39999 279 -43 -3 -2 0 0 0 0 -17 14 6 -1397 23 N N N N -685 -179 -18 103 103
1 44704 328 -245 -13 125 -8 1411 -1 -2 -111 71 -30 4935 28 N N N N -998 -261 -26 152 152
1 44532 317 -304 4 -121 0 -1415 -1 2 -154 -19 107 -812 39 N N N N -1185 -307 -21 179 179
1 39999 282 -125 0 -2 0 0 0 0 -59 -24 17 -3412 38 N N N N -819 -214 -20 125 125
1 40000 302 -47 2 1 0 0 0 0 -21 -11 5 -3654 32 N N N N 282 71 -31 -38 -38
1 40001 275 -12 3 0 0 0 0 0 -6 -3 1 -48 42 N N N N 202 49 -26 -26 -26
1 39999 293 -12 -1 1 0 0 0 0 -5 -3 1 -3430 39 N N N N -258 -67 -14 41 41
1 44588 351 246 -21 -128 0 -1390 0 -2 120 10 27 11798 21 N N N N 673 171 -25 -96 -96
1 41035 298 388 2 134 -8 1393 0 2 191 12 -124 590 39 N N N N 1153 294 -24 -167 -167
1 40787 300 259 10 -10 0 0 0 0 99 -88 -29 -1481 35 N N N N 215 53 -23 -28 -28
1 40002 296 143 6 -1 0 0 0 0 35 -66 -10 -4362 38 N N N N 2268 581 -20 -327 -327
1 39997 294 -12 -3 -1 0 0 0 0 -2 6 0 4177 38 N N N N 1458 372 -14 -207 -207
1 40002 292 -75 1 2 0 0 0 0 -18 35 6 1322 22 N N N N 1144 292 -15 -160 -160
1 39998 303 -25 0 1 0 0 0 0 -6 12 2 -2423 22 N N N N -134 -38 -25 23 23
1 43237 323 -196 -17 125 -10 1396 -1 -2 -67 82 -30 2279 30 N N N N -1606 -413 -16 232 232
1 41386 304 -283 -2 -127 0 -1404 -1 2 -132 46 96 1219 33 N N N N -693 -181 -25 104 104
1 40793 300 -206 10 3 0 0 0 0 -106 -2 33 -6523 40 N N N N -1285 -331 -16 188 188
1 39999 295 -50 4 1 0 0 0 0 -25 -7 7 -602 30 N N N N -551 -143 -13 82 82
1 40001 304 -39 -2 0 0 0 0 0 -18 -6 6 -3077 22 N N N N 150 37 -13 -19 -19
1 39999 310 -54 0 2 0 0 0 0 -25 -10 7 3795 20 N N N N 622 158 -19 -87 -87
1 40000 301 -17 0 -1 0 0 0 0 -8 -4 2 -869 23 N N N N 236 58 -16 -32 -32
1 43645 341 253 -18 -126 -1 -1381 0 -2 127 -1 21 7450 19 N N N N -263 -68 -14 41 41
1 40119 321 363 27 123 29 1400 0 2 171 -15 -111 532 26 N N N N -18 -8 -30 7 7
1 40001 261 178 10 0 0 0 0 0 67 -62 -18 -4762 32 N N N N -148 -40 -20 25 25
1 39999 282 45 3 1 0 0 0 0 13 -19 -5 -2339 35 N N N N 58 13 -13 -6 -6
1 40000 308 -9 -2 -4 0 0 0 0 -2 4 1 355 27 N N N N -80 -21 -7 12 12
1 40001 274 -83 -1 6 0 0 0 0 -27 34 8 -1189 18 N N N N 661 166 -21 -91 -91
1 39999 300 -125 -1 -2 0 0 0 0 -49 42 16 478 25 N N N N 230 57 -18 -30 -30
1 45528 320 -309 -20 -8 -8 -12 -1 0 -146 48 47 7874 31 N N N N -4 -3 -15 3 3
1 40825 290 -242 15 7 0 0 0 0 -125 -17 31 -3318 22 N N N N -102 -28 -15 17 17
1 40001 278 -159 1 2 0 0 0 0 -71 -37 18 324 22 N N N N 342 86 -14 -47 -47
1 39999 311 -105 -3 1 0 0 0 0 -40 -34 10 -2701 22 N N N N 559 141 -13 -77 -77
1 40001 291 -101 5 0 0 0 0 0 -34 -39 7 -1181 22 N N N N 896 225 -19 -124 -124
1 40001 308 -49 -4 -1 0 0 0 0 -12 -21 3 1305 22 N N N N 920 233 -13 -127 -127
1 44526 339 212 -13 -123 0 -1375 0 -2 74 37 30 6160 24 N N N N 984 247 -24 -133 -133
1 40415 312 408 -3 -3 0 0 0 0 190 81 -41 298 31 N N N N 3715 940 -29 -506 -506
1 42467 329 388 -2 121 -8 1374 0 2 184 -31 -119 52 42 N N N N 1892 478 -17 -253 -253
1 40000 303 141 15 3 0 0 0 0 49 -53 -12 -1176 26 N N N N 670 169 -5 -89 -89
1 39999 303 51 0 -3 0 0 0 0 15 -22 -6 -3458 21 N N N N 309 75 -20 -37 -37
1 40001 314 -15 1 5 0 0 0 0 -4 7 1 301 30 N N N N 410 100 -19 -51 -51
1 40000 307 20 0 -6 0 0 0 0 6 -9 -1 -1282 27 N N N N 364 89 -16 -45 -45
1 40000 313 3 1 0 0 0 0 0 1 -1 -1 -1049 25 N N N N 183 44 -14 -21 -21
1 42650 326 -248 -16 131 -11 1404 -2 -2 -87 102 -27 6608 23 N N N N 669 166 -18 -85 -85
1 41470 315 -346 -5 -124 0 -1406 0 2 -166 40 107 684 23 N N N N 625 156 -15 -78 -78
1 39999 313 -133 13 -2 0 0 0 0 -70 -9 22 -4924 26 N N N N -18 -8 -18 6 6
1 39999 308 -59 -1 0 0 0 0 0 -28 -9 9 -1393 22 N N N N 140 33 -9 -16 -16
1 40000 325 19 1 -3 0 0 0 0 8 3 -3 390 15 N N N N 130 32 -7 -16 -16
1 40002 316 30 1 3 0 0 0 0 15 4 -4 955 15 N N N N 119 27 -15 -12 -12
1 40001 310 -34 -2 1 0 0 0 0 -16 -5 4 -3786 22 N N N N 181 42 -19 -19 -19
1 41764 335 185 -17 -128 0 -1382 0 -2 96 -19 30 9077 20 N N N N -17 -8 -20 6 6
1 42706 337 352 21 126 20 1390 0 2 166 -19 -110 146 26 N N N N -61 -17 -10 11 11
1 39999 306 148 12 -1 0 0 0 0 55 -52 -14 -1183 22 N N N N -15 -7 -14 5 5
1 40001 305 61 2 2 0 0 0 0 19 -25 -7 -4925 29 N N N N 12 -1 -22 3 3
1 40000 292 -5 -2 0 0 0 0 0 -1 2 0 922 25 N N N N 246 59 -14 -29 -29
1 40000 309 -41 0 1 0 0 0 0 -13 17 4 837 26 N N N N 497 122 -15 -61 -61
1 40000 305 -101 -5 1 0 0 0 0 -36 38 11 1893 20 N N N N 481 119 -11 -60 -60
1 44763 338 -283 -13 124 -8 1403 0 -2 -127 82 -25 2960 17 N N N N -282 -73 -13 40 40
1 44647 329 -326 8 -128 0 -1417 -1 2 -165 -26 113 -804 23 N N N N 198 47 -12 -23 -23
1 39998 312 -162 2 3 0 0 0 0 -74 -36 19 -2009 16 N N N N -358 -92 -12 49 49
1 40001 311 -14 1 1 0 0 0 0 -6 -4 1 921 19 N N N N 529 129 -18 -64 -64
1 40001 320 97 1 -1 0 0 0 0 42 25 -11 -373 29 N N N N 1253 310 -24 -156 -156
1 39999 313 15 -2 -1 0 0 0 0 7 3 -1 -940 32 N N N N 884 218 -20 -108 -108
1 44592 352 243 -19 -126 0 -1378 0 -2 124 -5 24 3850 23 N N N N 539 131 -22 -63 -63
1 42703 359 411 0 123 -10 1392 0 2 194 -32 -125 -183 32 N N N N 106 24 -13 -11 -11
1 40000 322 189 9 4 0 0 0 0 63 -74 -20 87 24 N N N N 765 188 -18 -92 -92
1 39999 327 96 5 -1 0 0 0 0 21 -46 -7 -2706 34 N N N N -1108 -282 -18 145 145
1 40002 329 -11 1 0 0 0 0 0 -2 6 1 133 24 N N N N 1 -3 -13 3 3
1 39998 322 -13 -1 -2 0 0 0 0 -3 6 1 219 24 N N N N 242 59 -8 -29 -29
1 40001 330 -98 0 3 0 0 0 0 -24 45 9 -318 15 N N N N 234 56 -12 -27 -27
1 44705 348 -289 -11 122 -10 1384 -1 -2 -109 110 -21 3240 21 N N N N 396 94 -23 -44 -44
1 43295 352 -291 17 -121 30 -1388 0 2 -148 20 103 -82 24 N N N N 623 154 -12 -76 -76
1 39999 302 -98 9 0 0 0 0 0 -51 -7 15 -3502 19 N N N N -119 -32 -9 17 17
1 40000 312 -44 0 -1 0 0 0 0 -22 -6 6 508 16 N N N N -579 -148 -14 77 77
1 40003 308 -40 -1 1 0 0 0 0 -19 -6 5 -1091 28 N N N N 538 129 -23 -62 -62
1 39999 322 -41 0 -1 0 0 0 0 -20 -7 5 -3680 21 N N N N 662 163 -11 -80 -80
1 43237 342 208 -19 -127 0 -1388 0 -2 108 -11 32 8175 14 N N N N 546 133 -16 -64 -64
1 41998 342 359 -2 128 -7 1396 0 2 175 -8 -117 558 17 N N N N 230 52 -21 -24 -24
1 40001 303 220 16 -5 0 0 0 0 81 -78 -23 -49 31 N N N N -220 -58 -17 32 32
1 40001 302 140 1 0 0 0 0 0 34 -65 -11 -2544 29 N N N N 131 29 -12 -13 -13
1 39999 289 40 -2 3 0 0 0 0 7 -20 -3 -3848 26 N N N N 202 49 -7 -24 -24
1 39999 310 -48 2 -1 0 0 0 0 -8 24 3 -219 17 N N N N -60 -18 -11 11 11
1 40001 291 -41 3 3 0 0 0 0 -9 20 3 -2269 16 N N N N 180 41 -18 -18 -18
1 40941 313 -160 -17 120 -9 1396 -1 -2 -45 76 -31 9164 23 N N N N 366 85 -25 -39 -39
1 40001 287 -302 6 3 0 0 0 0 -132 90 27 355 34 N N N N 429 102 -21 -48 -48
1 36527 249 -274 -7 -123 0 -1410 0 2 -137 -7 102 -1348 27 N N N N 421 102 -11 -49 -49
1 39998 284 -133 8 -4 0 0 0 0 -67 -20 19 -617 26 N N N N 173 41 -12 -18 -18
1 40000 281 -92 -2 3 0 0 0 0 -41 -21 11 -4593 20 N N N N 229 55 -7 -26 -26
1 40000 281 -53 1 2 0 0 0 0 -22 -15 5 1762 15 N N N N 290 70 -10 -33 -33
1 40002 274 87 2 -4 0 0 0 0 36 23 -9 2735 14 N N N N 259 62 -7 -30 -30
1 41471 301 240 -21 -125 -1 -1386 0 -2 122 0 26 2310 5 N N N N 167 38 -14 -16 -16
1 39766 281 358 1 126 -9 1396 0 2 174 -2 -119 244 14 N N N N -19 -8 -14 5 5
1 40646 278 211 13 -2 0 0 0 0 81 -71 -24 -69 24 N N N N 410 98 -16 -45 -45
1 40000 275 55 3 -1 0 0 0 0 16 -24 -5 -3280 28 N N N N 259 60 -14 -28 -28
1 40000 266 20 -1 2 0 0 0 0 5 -9 -3 520 21 N N N N 437 107 -9 -51 -51
1 40000 265 -64 -2 -1 0 0 0 0 -18 28 7 977 16 N N N N 511 125 -8 -59 -59
1 40000 276 -73 -1 2 0 0 0 0 -24 29 8 -4495 14 N N N N 29 3 -14 0 0
1 43590 301 -293 -13 127 -10 1390 0 -2 -127 90 -20 6594 19 N N N N -669 -170 -17 85 85
1 41470 271 -282 31 -125 38 -1395 -1 2 -149 -10 106 -38 19 N N N N -590 -149 -9 74 74
1 40001 254 -106 2 0 0 0 0 0 -52 -16 14 116 12 N N N N -310 -79 -7 40 40
1 38682 192 56 240 40 204 447 -111 -4 -28 11 -39 -2240 3 N N N N -238 -62 -12 32 32
1 40063 160 2 -1 5 2 -1 -174 0 1 -1 3 -1332 -18 N N N N -136 -35 -6 18 18
1 39935 112 -46 -56 9 0 0 -169 0 -9 -4 3 3469 -12 N N N N -113 -30 -6 15 15
1 55827 -26 -12 360 4 487 1 -186 0 -71 -10 -82 -1701 -8 N N N N -224 -58 -9 30 30
1 24246 -85 -34 -16 -8 0 -1 -104 0 -9 -5 -5 1898 28 N N N N -67 -15 2 7 7
1 39981 -251 -37 2 12 -2 -1 -166 0 -18 -13 -4 258 51 N N N N -22 -6 2 3 3
1 39953 -307 -123 -39 -6 1 2 -164 0 -39 -33 -9 -53 28 N N N N -3 2 8 -2 -2
1 43842 -384 -132 -88 117 0 1399 -111 2 -31 -40 -56 -86 1 N N N N 59 18 14 -11 -11
1 40470 -376 225 -10 -2 0 0 0 0 81 82 17 -48 -10 N N N N 237 61 9 -31 -31
1 40471 -368 321 -1 -1 0 0 0 0 151 59 47 -109 -11 N N N N 175 47 16 -26 -26
1 39446 -374 272 84 -92 -52 -1404 -36 -2 116 -33 105 -100 -24 N N N N 832 211 17 -105 -105
1 38376 -297 -119 -138 -34 0 0 -74 4 -27 9 -11 -47 -16 N N N N 737 186 11 -92 -92
1 40000 -351 -17 -5 4 0 0 0 0 -8 3 -3 -49 -13 N N N N 73 21 8 -11 -11
1 40000 -340 -2 2 -4 0 0 0 0 -1 -1 1 -127 -19 N N N N -259 -61 16 27 27
1 40000 -327 7 -2 -2 0 0 0 0 4 -1 2 -112 -25 N N N N -215 -48 21 20 20
1 40001 -335 -30 2 2 0 0 0 0 -16 4 -5 -97 -28 N N N N -387 -91 18 43 43
1 38737 -322 60 164 47 0 1 -118 -4 -10 4 -7 -45 -31 N N N N -135 -32 9 14 14
1 41262 -353 -133 -175 -46 1 -1 -23 4 -25 0 -5 -58 -14 N N N N -57 -12 9 4 4
1 40000 -324 -2 0 4 0 0 0 0 -1 1 -1 -40 -14 N N N N -161 -37 8 18 18
1 40000 -335 16 -3 -3 0 0 0 0 9 -1 3 -127 -14 N N N N -303 -71 17 32 32
1 40000 -325 15 -3 2 0 0 0 0 8 0 2 -181 -28 N N N N -166 -36 24 14 14
1 40000 -333 44 3 0 0 0 0 0 22 -4 6 -168 -40 N N N N -497 -117 29 54 54
1 38745 -347 35 152 34 -2 2 -117 -4 -18 5 -7 -82 -47 N N N N -458 -108 22 50 50
1 41255 -328 -62 -165 -33 2 -2 -41 4 7 -2 2 -79 -22 N N N N -236 -56 13 26 26
1 40000 -346 49 -6 0 0 0 0 0 27 -5 6 -131 -26 N N N N -280 -66 18 30 30
1 40000 -340 -14 6 1 0 0 0 0 -9 2 -2 -122 -32 N N N N -392 -92 24 42 42
1 40000 -314 -45 -4 -1 0 0 0 0 -22 3 -5 -113 -30 N N N N 211 58 20 -31 -31
1 39999 -339 -73 3 3 0 0 0 0 -39 3 -11 -100 -25 N N N N -116 -26 15 11 11
1 38697 -382 -76 189 32 108 0 -118 -4 -84 -10 -29 -184 -63 N N N N -1340 -328 31 159 159
1 44540 -475 172 -127 92 -1 1409 -32 2 121 24 -25 -85 -27 N N N N -204 -46 19 21 21
1 38132 -417 560 -32 -116 -46 -1397 -64 0 229 -183 138 -94 -16 N N N N 337 87 14 -46 -46
1 41868 -400 27 -13 -5 0 0 -2 2 10 -15 -2 -136 -35 N N N N 16 10 23 -8 -8
1 39999 -395 -65 6 -3 0 0 0 0 -17 30 -3 -110 -28 N N N N -704 -172 21 84 84
1 40001 -386 -38 -3 -1 0 0 0 0 -8 17 -4 -81 -24 N N N N -1054 -261 14 129 129
1 39999 -400 -29 -2 0 0 0 0 0 -7 13 -4 -233 -45 N N N N 315 87 35 -48 -48
1 40002 -400 -8 3 3 0 0 0 0 -4 4 0 -132 -39 N N N N 171 48 25 -28 -28
1 45704 -449 -315 15 -119 8 -1391 -1 -2 -132 66 16 -198 -45 N N N N -334 -78 25 36 36
1 40590 -383 -344 1 114 0 1392 -22 2 -174 47 -107 -212 -53 N N N N -724 -175 35 84 84
1 40000 -419 -97 -11 3 0 0 0 0 -46 -14 -11 -100 -42 N N N N -1706 -425 26 212 212
1 39999 -409 -44 -2 -3 0 0 0 0 -20 -9 -6 -92 -33 N N N N -577 -140 19 71 71
1 40000 -423 -38 -3 0 0 0 0 0 -17 -9 -3 -126 -26 N N N N 348 92 20 -50 -50
1 40002 -414 -56 3 1 0 0 0 0 -25 -15 -7 -163 -34 N N N N -388 -93 25 44 44
1 39998 -427 -78 1 0 0 0 0 0 -31 -25 -8 -134 -44 N N N N -521 -126 27 62 62
1 43177 -464 332 11 127 1 1394 0 -2 148 85 -27 -146 -32 N N N N -255 -60 21 28 28
1 41765 -473 756 10 -117 10 -1403 0 2 318 -176 171 -231 -46 N N N N 43 18 38 -14 -14
1 40000 -442 82 -8 -3 0 0 0 0 16 -42 5 -55 -36 N N N N 6 5 17 -5 -5
1 40001 -440 -98 -8 -6 0 0 0 0 -15 46 -8 -64 -23 N N N N 47 14 12 -9 -9
1 39998 -464 -75 1 2 0 0 0 0 -20 35 -7 -177 -31 N N N N -25 -1 24 -2 -2
1 40000 -455 5 -7 -3 0 0 0 0 5 -3 -2 -140 -36 N N N N -501 -122 28 59 59
1 43350 -518 -210 13 -116 9 -1384 0 -2 -79 42 23 -200 -40 N N N N -484 -117 25 58 58
1 42236 -481 -367 16 110 0 1386 0 2 -180 91 -101 -208 -63 N N N N -484 -116 40 55 55
1 40001 -492 -106 -18 7 0 0 0 0 -51 -5 -18 -213 -47 N N N N 139 42 35 -26 -26
1 39999 -491 -108 1 1 0 0 0 0 -53 -16 -15 -117 -42 N N N N -656 -162 25 82 82
1 40002 -485 -20 -1 -3 0 0 0 0 -9 -5 -2 -108 -29 N N N N -1013 -253 21 130 130
1 39997 -506 -41 -5 2 0 0 0 0 -18 -8 -5 -178 -42 N N N N -2792 -706 29 371 371
1 40001 -504 -25 5 2 0 0 0 0 -12 -6 -5 -158 -36 N N N N -2583 -654 24 351 351
1 41355 -542 241 6 127 1 1409 0 -2 114 51 -33 -116 -44 N N N N -2408 -610 23 332 332
1 42176 -537 687 -12 -119 -23 -1408 0 2 299 -164 160 -182 -44 N N N N -1240 -312 33 170 170
1 39999 -492 85 -7 -4 0 0 0 0 20 -42 5 -93 -26 N N N N -1666 -423 17 235 235
1 40000 -484 -53 -4 -5 0 0 0 0 -9 24 -4 -195 -32 N N N N -511 -128 25 69 69
1 40001 -523 24 1 1 0 0 0 0 5 -11 1 -165 -58 N N N N 243 66 38 -41 -41
1 39999 -501 -4 -1 0 0 0 0 0 -1 2 1 -109 -32 N N N N 132 36 18 -22 -22
1 43354 -545 -190 15 -129 8 -1392 0 -2 -56 41 25 -134 -36 N N N N 586 152 22 -88 -88
1 40000 -503 -351 0 8 0 0 0 0 -154 101 -33 -122 -32 N N N N -727 -184 19 101 101
1 43295 -541 -255 -8 121 0 1406 -1 2 -129 32 -96 -146 -40 N N N N -390 -96 28 52 52
1 40001 -531 -43 2 -4 0 0 0 0 -21 -6 -6 -178 -41 N N N N 932 242 30 -140 -140
1 39998 -496 18 -1 -1 0 0 0 0 8 2 5 -153 -40 N N N N 952 247 27 -142 -142
1 40000 -510 -39 -2 1 0 0 0 0 -19 -5 -6 -107 -35 N N N N 1775 458 22 -257 -257
1 39999 -511 4 -1 3 0 0 0 0 2 1 0 -119 -33 N N N N 588 154 21 -87 -87
1 41413 -539 316 10 122 0 1393 0 -2 160 27 -20 -291 -52 N N N N -578 -144 36 75 75
1 41589 -523 596 -3 -118 10 -1409 0 2 215 -220 137 -213 -65 N N N N -2209 -562 46 309 309
1 40001 -502 -18 1 -3 0 0 0 0 -4 8 0 -107 -42 N N N N -2290 -587 23 330 330
1 39998 -496 -62 -3 0 0 0 0 0 -11 30 -4 -203 -47 N N N N -741 -188 31 104 104
1 39999 -497 -35 -2 -6 0 0 0 0 -6 15 -4 -228 -61 N N N N -886 -225 41 125 125
1 40001 -499 10 2 8 0 0 0 0 2 -2 -1 -215 -57 N N N N -184 -44 38 22 22
1 43353 -516 -211 15 -125 9 -1388 1 -2 -72 46 26 -174 -59 N N N N 1266 330 31 -193 -193
1 40596 -494 -279 -4 27 1 214 0 -1 -126 79 -41 -113 -40 N N N N 715 187 24 -110 -110
1 39404 -460 -128 -3 93 -1 1184 -1 3 -64 32 -67 -76 -26 N N N N 856 223 14 -128 -128
1 39999 -477 -78 -1 3 0 0 0 0 -40 -3 -12 -154 -30 N N N N 646 170 26 -99 -99
1 40001 -478 -93 0 -6 0 0 0 0 -46 -10 -13 -169 -41 N N N N 633 168 31 -98 -98
1 39999 -482 -33 1 4 0 0 0 0 -17 -5 -5 -146 -39 N N N N 153 42 25 -27 -27
1 40000 -457 -19 -4 4 0 0 0 0 -8 -3 -5 -129 -37 N N N N 199 55 25 -33 -33
1 44175 -547 292 13 121 0 1394 1 -2 144 36 -21 -379 -69 N N N N 540 146 50 -87 -87
1 42238 -480 635 -22 -120 -26 -1404 -1 2 248 -213 144 -234 -56 N N N N -201 -46 47 21 21
1 39999 -433 77 6 1 0 0 0 0 6 -39 8 -168 -61 N N N N -17 -1 34 -4 -4
1 40002 -434 -35 -14 -5 0 0 0 0 2 16 -8 -135 -47 N N N N 264 72 29 -44 -44
1 39998 -441 -17 -3 -2 0 0 0 0 -2 8 -1 -244 -59 N N N N -315 -77 39 40 40
1 40000 -427 -55 4 2 0 0 0 0 -10 28 -3 -170 -50 N N N N -1271 -328 31 181 181
1 44354 -460 -155 8 -117 8 -1390 0 -2 -43 31 24 -242 -76 N N N N -1602 -413 41 232 232
1 40000 -417 -242 0 -7 0 0 0 0 -94 83 -14 -226 -53 N N N N -507 -129 32 71 71
1 42235 -437 -236 13 118 0 1394 1 2 -119 69 -86 -260 -75 N N N N -2 4 50 -8 -8
1 39999 -400 -63 -13 6 0 0 0 0 -30 2 -11 -102 -51 N N N N -658 -169 28 95 95
1 40000 -420 11 -3 -4 0 0 0 0 6 -1 4 -67 -34 N N N N -182 -46 19 25 25
1 40000 -416 -44 0 5 0 0 0 0 -23 0 -9 -71 -15 N N N N 555 146 11 -86 -86
1 40002 -416 -19 4 -5 0 0 0 0 -10 -2 -1 -310 -45 N N N N 1049 279 38 -164 -164
1 39999 -404 12 -4 2 0 0 0 0 7 1 1 -259 -74 N N N N 658 178 54 -108 -108
1 41001 -435 233 9 130 0 1402 0 -2 117 10 -32 -111 -52 N N N N 16 7 24 -6 -6
1 43884 -440 508 0 -121 10 -1411 -1 2 186 -193 128 -121 -39 N N N N -72 -16 27 6 6
1 39997 -417 -157 2 -11 0 0 0 0 -39 69 -12 -267 -47 N N N N 57 19 32 -14 -14
1 40001 -414 -47 -4 5 0 0 0 0 -15 20 -7 -178 -60 N N N N 486 132 44 -81 -81
1 40001 -400 41 -2 0 0 0 0 0 13 -17 5 -300 -57 N N N N 742 200 39 -117 -117
1 39998 -420 67 2 -5 0 0 0 0 20 -30 8 -161 -71 N N N N 438 121 43 -74 -74
1 44060 -445 -118 9 -117 9 -1376 0 -2 -40 10 27 -245 -68 N N N N -232 -57 36 29 29
1 40410 -419 -253 1 -3 0 0 0 0 -107 78 -19 -222 -66 N N N N 57 20 38 -15 -15
1 41590 -421 -188 3 124 0 1388 1 2 -95 55 -86 -241 -71 N N N N -383 -96 51 48 48
1 40000 -412 -44 -6 -1 0 0 0 0 -21 0 -8 -248 -58 N N N N -362 -91 41 48 48
1 39999 -404 -43 4 -1 0 0 0 0 -23 -2 -6 -440 -81 N N N N -491 -123 63 64 64
1 40001 -417 -2 -6 0 0 0 0 0 0 0 1 -116 -86 N N N N -804 -209 44 115 115
1 39999 -436 17 -1 1 0 0 0 0 9 1 2 -320 -75 N N N N -892 -232 57 128 128
1 41001 -442 117 9 131 0 1403 0 -2 58 16 -53 -246 -71 N N N N -204 -51 31 26 26
1 43000 -455 272 -27 -122 -32 -1403 -1 2 137 -64 105 -261 -76 N N N N 78 27 58 -21 -21
1 40001 -399 -81 -1 -9 0 0 0 0 -36 19 -7 -169 -60 N N N N 122 35 36 -25 -25
1 39999 -405 58 -1 -2 0 0 0 0 28 -15 6 -180 -57 N N N N 281 79 31 -48 -48
1 39999 -410 63 -2 0 0 0 0 0 27 -19 9 -169 -54 N N N N 265 74 33 -47 -47
1 40000 -412 77 1 1 0 0 0 0 29 -27 9 -245 -53 N N N N -1230 -325 39 185 185
1 43823 -456 -104 18 -122 9 -1392 0 -2 -46 -2 39 -316 -75 N N N N -1697 -451 45 260 260
1 40932 -433 -262 -8 28 0 200 2 -1 -123 65 -39 -364 -111 N N N N -1025 -269 73 153 153
1 39479 -429 -101 -2 94 0 1193 -2 3 -51 28 -63 -255 -83 N N N N -274 -69 50 37 37
1 39999 -428 -12 3 2 0 0 0 0 -7 0 -2 -218 -74 N N N N -139 -35 43 16 16
1 40000 -426 12 -1 -2 0 0 0 0 6 -1 3 -199 -67 N N N N 81 25 40 -19 -19
1 40000 -461 25 -1 -2 0 0 0 0 13 0 5 -342 -77 N N N N 263 75 56 -50 -50
1 40000 -438 95 -6 1 0 0 0 0 51 -5 12 -470 -106 N N N N 340 99 83 -67 -67
1 40000 -453 61 3 0 0 0 1 0 30 -8 9 -388 -115 N N N N 588 164 69 -105 -105
1 40001 -440 62 -2 2 0 0 0 0 30 -11 9 -217 -104 N N N N -61 -12 54 2 2
1 39999 -448 21 3 -2 0 0 0 0 10 -4 3 -305 -85 N N N N 124 38 51 -27 -27
1 40000 -452 56 -6 4 0 0 0 0 26 -14 6 -299 -84 N N N N 1140 315 54 -192 -192
1 40000 -449 -5 4 -4 0 0 0 0 -2 1 0 -449 -111 N N N N 963 268 79 -167 -167
1 43650 -485 -143 9 -118 9 -1389 0 -2 -71 -3 38 -325 -139 N N N N 369 108 71 -70 -70
1 43118 -476 -156 5 121 0 1384 -1 2 -80 45 -81 -220 -75 N N N N 201 59 38 -39 -39
1 39999 -451 17 -7 -1 0 0 0 0 10 0 2 -336 -89 N N N N 31 14 56 -14 -14
1 40001 -458 64 -2 1 0 0 0 0 33 -4 11 -258 -90 N N N N 112 37 60 -28 -28
1 40000 -449 57 2 0 0 0 0 0 28 -6 9 -250 -71 N N N N 137 43 48 -30 -30
1 39999 -436 41 0 -1 0 0 0 0 21 -5 6 -198 -69 N N N N 24 10 38 -10 -10
1 40001 -455 39 -5 0 0 0 0 0 20 -8 5 -64 -47 N N N N -416 -112 25 63 63
1 39999 -452 98 3 -1 0 0 0 0 45 -23 14 -235 -51 N N N N -674 -181 37 103 103
1 40001 -430 45 7 -1 0 0 0 0 17 -14 8 -152 -53 N N N N -320 -85 30 47 47
1 39999 -450 24 -5 3 0 0 0 0 11 -7 1 -168 -54 N N N N 52 17 34 -14 -14
1 40000 -436 35 1 -2 0 0 0 0 14 -12 4 -271 -43 N N N N -707 -190 42 109 109
1 44177 -469 -125 9 -118 8 -1385 0 -2 -55 3 36 -236 -89 N N N N -861 -234 45 135 135
1 42402 -464 -226 2 135 0 1386 0 2 -110 76 -93 -216 -76 N N N N 307 89 44 -57 -57
1 40834 -410 -117 -4 -21 0 0 0 0 -59 -2 -9 -137 -50 N N N N 467 131 29 -82 -82
1 39996 -417 41 -3 2 0 0 0 0 22 2 5 -147 -40 N N N N 52 17 28 -13 -13
1 40001 -425 71 3 -2 0 0 0 0 35 -3 14 -166 -46 N N N N -14 -1 30 -2 -2
1 40000 -404 92 -3 6 0 0 0 0 47 -9 12 -178 -49 N N N N -615 -167 35 96 96
1 40001 -410 72 -1 -3 0 0 0 0 36 -13 11 -272 -68 N N N N -2321 -640 44 383 382
1 40001 -402 78 -4 1 0 0 1 0 36 -19 11 -278 -74 N N N N -1227 -337 54 201 202
1 40000 -416 68 5 0 0 0 0 0 28 -20 9 -210 -72 N N N N -274 -73 40 41 41
1 40000 -391 13 5 -4 0 0 0 0 4 -5 4 -269 -78 N N N N -337 -91 53 51 51
1 40000 -400 23 -3 3 0 0 0 0 10 -7 2 -221 -77 N N N N 193 57 44 -39 -39
1 40001 -394 58 0 2 0 0 0 0 21 -21 6 -116 -55 N N N N 1578 441 29 -274 -274
1 43939 -428 -154 6 -121 10 -1413 -1 -2 -63 14 31 -131 -44 N N N N 1645 460 23 -281 -281
1 38762 -382 -245 16 136 -1 1420 -3 -2 -121 83 -95 -220 -53 N N N N 1219 343 32 -210 -210
1 41239 -388 -111 -21 -13 0 0 -10 4 -52 0 -11 -78 -41 N N N N -204 -54 32 29 29
1 39999 -390 43 1 -5 0 0 0 0 22 0 9 -209 -37 N N N N -1664 -463 29 277 277
1 39999 -397 20 3 -1 0 0 0 0 10 -1 2 -225 -66 N N N N -2863 -797 45 485 485
1 40002 -381 32 0 2 0 0 0 0 16 -1 5 -226 -60 N N N N -1892 -527 43 326 326
1 40000 -387 50 -2 -1 0 0 0 0 26 -4 9 -173 -57 N N N N -749 -209 31 129 129
1 39998 -383 39 1 -1 0 0 -25 0 19 -5 7 -184 -68 N N N N -361 -99 41 60 60
1 40001 -416 90 -6 4 0 0 0 0 46 -14 10 -178 -52 N N N N -186 -51 35 29 29
1 39998 -397 39 1 2 0 0 0 0 17 -9 6 -238 -68 N N N N 2263 637 46 -406 -406
1 40001 -405 31 0 -3 0 0 0 0 14 -9 6 -169 -58 N N N N 6005 1691 35 -1040 -1040
1 39999 -404 71 1 0 0 0 0 0 31 -20 9 -222 -57 N N N N 2811 795 42 -477 -477
1 45884 -467 -140 7 -120 10 -1398 -2 -2 -65 2 36 -206 -69 N N N N 1423 405 32 -240 -240
1 37178 -388 -223 -16 119 -41 1392 1 2 -107 61 -89 -178 -50 N N N N 389 114 36 -70 -70
1 39998 -397 -14 -13 1 0 0 0 0 -5 0 -2 -186 -52 N N N N 692 200 40 -120 -120
1 40002 -404 97 -2 -3 0 0 0 0 51 -5 15 -205 -56 N N N N 2458 699 39 -405 -405
1 40001 -419 103 3 5 0 0 0 0 51 -13 12 -158 -56 N N N N 2321 661 35 -377 -377
1 39999 -418 96 0 -3 0 0 0 0 46 -22 13 -139 -49 N N N N 1604 459 29 -258 -258
1 40000 -423 54 -4 1 0 0 0 0 24 -15 6 -165 -44 N N N N 1702 487 33 -272 -272
1 44765 -473 -181 12 -120 8 -1390 0 -2 -88 8 36 -274 -72 N N N N 1535 443 41 -245 -245
1 41530 -434 -153 0 119 0 1388 0 2 -77 47 -80 -193 -59 N N N N 605 180 46 -104 -104
1 40000 -435 20 -3 -4 0 0 0 0 11 -1 4 -50 -37 N N N N 2502 714 18 -382 -382
1 39999 -427 51 1 4 0 0 0 0 26 -3 7 -174 -34 N N N N 1458 420 29 -225 -225
1 40000 -437 35 0 2 0 0 0 0 17 -3 5 -276 -67 N N N N -2780 -779 49 405 405
1 40001 -414 37 1 -2 0 0 0 0 19 -5 5 -72 -44 N N N N -3348 -948 25 508 508
1 40000 -427 23 0 -3 0 0 0 0 12 -4 4 -175 -38 N N N N -2622 -741 30 405 405
1 39999 -423 42 -6 2 0 0 0 0 22 -7 5 -233 -53 N N N N 1155 335 39 -191 -191
1 40000 -408 48 -1 -2 0 0 0 0 23 -11 7 -83 -53 N N N N 1428 412 27 -230 -230
1 39999 -414 15 1 6 0 0 0 0 6 -3 1 -130 -29 N N N N -402 -110 24 57 57
1 40002 -392 8 5 2 0 0 0 0 2 -1 1 -233 -50 N N N N -1167 -327 36 176 176
1 44177 -451 -147 5 -125 9 -1384 -1 -2 -71 -4 38 -169 -64 N N N N -1477 -416 39 226 226
1 44175 -435 -73 5 121 0 1382 0 2 -38 40 -69 -88 -50 N N N N 1449 419 26 -236 -236
1 40002 -398 2 -8 1 0 0 0 0 2 -1 1 -181 -40 N N N N 3761 1082 31 -595 -595
1 39999 -395 54 -1 -4 0 0 0 0 28 -5 9 -157 -38 N N N N 1944 562 30 -306 -306
1 39999 -391 22 2 1 0 0 0 0 11 -3 2 -179 -46 N N N N -1031 -288 34 150 150
1 40002 -393 51 3 5 0 0 0 0 24 -7 6 -203 -43 N N N N -1880 -532 33 283 283
1 39998 -390 -11 0 -3 1 0 -11 0 -5 1 0 -159 -69 N N N N -2511 -713 44 385 385
1 40000 -396 -4 0 -2 0 0 0 0 -2 1 1 -176 -42 N N N N -23 -1 33 -4 -4
1 40000 -395 18 -2 1 0 0 0 0 9 -4 1 -337 -67 N N N N 538 164 53 -97 -97
1 40000 -401 11 0 3 0 0 0 0 6 -1 0 -159 -72 N N N N 259 82 44 -52 -52
1 40000 -393 19 -4 -5 0 0 0 0 10 -5 3 -266 -62 N N N N -125 -28 44 10 10
1 20002 -205 35 -2 6 -1 0 0 0 16 -7 4 -65 -38 N N N N -245 -67 23 34 34
1 19999 -202 7 3 -3 0 0 0 0 3 -2 3 41 -17 N N N N -116 -33 3 18 18
1 19999 -214 3 3 -1 0 0 0 0 1 -1 0 -60 -2 N N N N 1356 393 5 -217 -217
1 20000 -205 6 -3 0 0 0 0 0 3 -2 1 -128 -22 N N N N 1179 343 19 -190 -190
1 20002 -202 29 1 -2 0 0 0 0 13 -8 5 -131 -27 N N N N 369 111 20 -62 -62
1 19998 -217 39 -4 -1 0 0 0 0 19 -11 3 -19 -30 N N N N -151 -40 20 19 19
1 20001 -215 18 3 3 0 0 0 0 6 -5 3 -25 -3 N N N N 957 277 5 -151 -151
1 20000 -200 37 1 -3 0 0 0 0 15 -13 4 -168 -13 N N N N 1265 370 19 -201 -201
1 19999 -226 27 -2 0 0 0 0 0 10 -10 5 -326 -54 N N N N 1105 331 54 -183 -183
1 23707 -241 -41 9 -118 9 -1378 0 -2 -18 -23 40 -258 -66 N N N N -214 -55 31 25 25
1 20001 -231 -108 -3 4 0 0 0 0 -46 35 -9 -376 -87 N N N N -1359 -381 60 195 195
1 19998 -210 -150 4 -3 0 0 0 0 -73 32 -14 -215 -86 N N N N -2512 -718 57 380 380
1 23354 -243 -117 7 121 0 1393 0 2 -61 41 -76 -183 -94 N N N N -3051 -878 54 478 478
1 20000 -228 -29 -6 3 0 0 0 0 -14 1 -5 -98 -47 N N N N -1572 -453 29 251 251
1 19999 -210 34 -3 0 0 0 0 0 18 0 5 -129 -30 N N N N -426 -119 28 64 64
1 20001 -214 -6 5 -2 0 0 0 0 -4 0 -1 -369 -59 N N N N 1654 490 50 -283 -283
1 19999 -211 -6 -5 2 0 0 0 0 -2 0 -1 -299 -78 N N N N 1248 374 56 -216 -216
1 20001 -219 4 2 -4 0 0 0 0 2 0 2 -141 -76 N N N N 644 195 43 -114 -114
1 20000 -209 28 -6 3 0 0 0 0 15 -1 4 -157 -60 N N N N 104 39 45 -27 -27
1 20000 -205 15 2 -2 0 0 0 0 8 -1 2 -158 -60 N N N N -294 -80 34 40 40
1 20000 -233 25 -3 -1 0 0 0 0 14 -2 2 -150 -53 N N N N -500 -141 32 74 74
1 19999 -200 26 8 1 0 0 0 0 11 -2 6 -204 -49 N N N N -596 -169 34 90 90
1 20002 -217 16 1 0 0 0 0 0 8 -2 2 14 -46 N N N N -635 -183 20 100 100
1 19999 -208 2 -3 1 0 0 0 0 1 0 1 -94 -18 N N N N -1392 -406 10 228 228
1 20000 -219 2 -3 1 0 0 0 0 2 -1 -1 -261 -32 N N N N -1946 -567 34 320 320
1 20001 -215 -12 3 -3 0 0 0 0 -6 2 -1 -251 -64 N N N N -2060 -598 53 341 341
1 20000 -214 -5 -2 2 0 0 0 0 -3 0 0 -46 -43 N N N N -2199 -644 23 378 378
1 19999 -225 10 2 -1 0 0 0 0 5 0 0 -181 -31 N N N N -556 -160 27 93 93
1 20000 -231 9 -2 1 0 0 0 0 5 -2 2 -304 -57 N N N N -275 -76 47 40 40
1 19999 -205 -26 5 -3 0 0 0 0 -14 3 -3 -448 -85 N N N N -447 -124 70 67 67
1 20001 -219 -26 -3 5 0 0 0 0 -13 3 -5 -43 -69 N N N N -856 -248 46 145 145
1 19999 -207 -8 0 -1 0 0 0 0 -4 0 -2 -65 -38 N N N N -365 -106 20 62 62
1 20000 -213 7 -1 -2 0 0 0 0 4 0 2 -556 -68 N N N N 336 105 59 -70 -70
1 20002 -205 29 -1 1 0 0 0 0 14 -3 5 -729 -139 N N N N -3 11 116 -19 -19
1 19998 -217 22 -3 1 0 0 0 0 13 -2 1 -505 -168 N N N N -1463 -422 138 243 243
1 20001 -196 25 -2 1 0 0 0 0 12 -4 5 -309 -142 N N N N -1779 -523 78 317 317
1 20001 -193 -36 8 0 0 0 0 0 -19 6 -6 36 -78 N N N N -1074 -318 34 197 197
1 20000 -183 -48 -1 2 0 0 0 0 -25 4 -8 -172 -31 N N N N -125 -36 27 20 20
1 19998 -190 -11 1 -2 0 0 0 0 -6 0 -1 -167 -28 N N N N 1151 347 35 -222 -222
1 20000 -195 -3 3 3 0 0 0 0 -2 1 -1 -389 -68 N N N N 2725 820 62 -515 -515
1 18663 -186 -31 -4 -10 -1 0 -39 -4 -15 -1 0 -498 -106 N N N N 2251 680 58 -420 -420
1 25929 -268 173 5 110 3 1176 -18 1 87 3 -30 -872 -210 N N N N -238 -48 207 5 5
1 20761 -220 -39 -5 -106 8 -1187 -29 3 -19 -14 48 -461 -114 N N N N -1172 -346 72 203 203
1 20001 -204 39 2 9 0 0 0 0 19 -5 1 -784 -149 N N N N 641 212 172 -148 -148
1 19999 -185 -113 -6 -9 0 0 0 0 -55 14 -13 -1101 -203 N N N N 373 127 127 -92 -92
1 20000 -212 4 -1 6 0 0 0 0 2 1 -2 -629 -219 N N N N 59 40 208 -48 -48
1 20000 -187 63 15 4 0 0 0 0 29 -6 8 -980 -215 N N N N -114 -14 182 -11 -11
1 20000 -173 14 -6 0 0 0 0 0 8 -3 2 -1625 -218 N N N N 2027 656 289 -432 -432
1 20000 -173 -25 3 -1 0 0 0 0 -13 4 -3 -650 -230 N N N N 6037 1890 179 -1132 -1132
1 20000 -166 -27 -2 -3 0 0 0 0 -14 2 -2 -1660 -233 N N N N 6667 2122 278 -1223 -1223
1 20002 -193 61 -15 1 0 0 0 0 35 -7 6 -2072 -516 N N N N 10300 3334 455 -1811 -1811
1 19998 -169 32 4 -1 0 0 0 0 14 -7 6 -3511 -594 N N N N 11222 3736 575 -1892 -1892
1 18678 -175 -9 -6 -5 -1 1 -45 -4 -3 0 1 -2123 -562 N N N N 12523 4213 507 -1940 -1940
1 21322 -183 -79 -2 -6 1 -1 -61 4 -38 12 -10 -1463 -583 N N N N 15029 5033 355 -2061 -2061
1 20000 -171 54 9 8 0 0 0 0 24 -7 7 -2245 -634 N N N N 15357 5390 622 -2035 -2035
1 20000 -154 123 1 10 0 0 0 0 59 -23 12 -3042 -410 N N N N 14720 5288 592 -1804 -1804
1 20001 -149 31 10 7 0 0 0 0 10 -7 4 -1979 -500 N N N N 12601 4566 438 -1411 -1411
1 20001 -146 -34 -3 -7 0 0 0 0 -14 8 -2 -832 -696 N N N N 12804 4604 324 -1287 -1287
1 19998 -151 -51 -1 -6 0 0 0 0 -22 11 -7 -1277 -450 N N N N 7894 2876 208 -756 -756
1 20001 -168 -36 -20 -3 0 0 0 0 -13 6 -5 -2300 -688 N N N N 7295 3058 554 -837 -837
1 19999 -173 116 5 8 0 0 0 0 52 -26 13 -2314 -658 N N N N 9747 4003 587 -1009 -1009
1 20001 -159 -5 20 2 0 0 0 0 -7 3 1 -4975 -374 N N N N 13654 5428 561 -1224 -1224
1 18719 -127 -103 -9 -4 0 2 -44 -4 -45 23 -14 -3350 -550 N N N N 7523 3720 844 -881 -881
1 19981 -148 194 -19 16 0 -1 -83 0 91 -49 16 -9479 -1049 N N N N 7648 4184 1088 -967 -967
1 38416 -245 18 2 -135 10 -1397 -33 2 6 -47 50 -8777 -3720 N N N N 10813 9363 3803 -2247 -2247
1 20000 -126 -86 -2 -1 0 0 0 0 -34 30 -4 -172 -1752 N N N N 6026 3618 847 -677 -678
1 20000 -102 -84 -1 2 0 0 0 0 -39 23 -6 -25 -1046 N N N N 4357 2231 328 -365 -364
1 19852 -114 -129 9 -5 0 0 0 0 -65 25 -10 -11 -767 N N N N 4081 1974 219 -301 -301
1 19528 -113 -95 95 123 109 1396 -25 -2 -69 38 -75 -4 -611 N N N N 4030 1822 128 -257 -257
1 20015 -126 -129 -24 -3 0 1 -78 0 -59 -3 -24 -4 -400 N N N N 3837 1626 49 -212 -212
1 19993 -172 -85 -11 4 0 0 -84 0 -40 -9 -15 0 -260 N N N N 2980 1240 24 -157 -157
1 20018 -171 -82 -16 -2 0 0 -88 0 -36 -17 -7 -10 -150 N N N N 1567 664 19 -84 -84
1 23150 -205 -130 19 1 1 -1 -84 4 -58 -34 -24 -44 -75 N N N N 1258 566 35 -74 -74
1 20801 -215 -101 -3 3 0 0 0 0 -37 -35 -10 4 -61 N N N N 1220 530 23 -67 -67
1 19998 -247 -18 -31 -3 0 0 0 0 -4 -6 12 -9 -38 N N N N 1433 606 16 -75 -75
1 20002 -249 40 6 1 0 0 0 0 13 15 -1 -1 -21 N N N N 1200 488 1 -57 -57
1 19998 -248 -50 -5 -5 0 0 0 0 -16 -19 -1 -27 -10 N N N N 547 226 3 -27 -27
1 10000 -123 -117 60 3 0 0 0 0 -35 -50 -35 35 -3 N N N N 320 137 5 -17 -17
1 10000 -139 -29 -39 6 0 0 0 0 -6 -12 15 -1 7 N N N N 351 134 -4 -15 -15
1 10000 -130 -41 -19 -4 0 0 0 0 -7 -18 9 1 -9 N N N N 291 142 14 -19 -19
1 9999 -122 -49 6 -3 0 0 0 0 -9 -23 -4 -1 -9 N N N N 178 49 -14 -3 -3
1 10001 -131 51 -19 6 0 0 0 0 9 25 8 -6 -5 N N N N 32 35 13 -6 -6
1 10000 -98 -28 10 -7 0 0 0 0 -5 -14 -5 -33 -2 N N N N 568 229 -1 -26 -26
1 10000 -113 -15 -1 3 0 0 0 0 -3 -7 3 -7 -12 N N N N 233 102 5 -13 -13
1 10001 -94 48 -10 3 0 0 0 0 9 23 6 -1 -10 N N N N 221 92 2 -11 -11
1 9999 -99 7 -1 -6 0 0 0 0 1 3 1 2 -6 N N N N 119 57 5 -7 -7
1 10000 -87 -5 27 7 0 0 0 0 -2 -3 -15 0 -6 N N N N 375 159 5 -20 -20
1 10829 -105 -107 -18 7 -37 2 -12 -3 -15 -50 9 1 0 N N N N 343 145 3 -17 -17
1 15582 -112 94 -16 124 -1 1401 -3 1 15 48 -19 3 5 N N N N 395 166 4 -20 -20
1 10000 -92 47 0 0 0 0 0 0 9 22 1 4 9 N N N N -302 -122 0 14 14
1 10002 -76 230 8 -5 0 0 0 0 70 90 -10 -5 6 N N N N 246 103 2 -12 -12
1 9998 -68 186 47 -3 0 0 0 0 73 52 -4 5 -5 N N N N 114 56 6 -7 -7
1 10001 -111 140 -8 -5 0 0 0 0 68 26 23 -7 2 N N N N -58 -9 8 -1 -1
1 9999 -98 156 -9 12 0 0 0 0 82 11 17 0 -4 N N N N 197 76 -2 -8 -8
1 10000 -105 153 -3 -11 0 0 0 0 77 -11 36 2 0 N N N N 182 80 4 -10 -10
1 13471 -148 198 -2 -148 7 -1407 0 -2 86 -80 107 1 4 N N N N 259 105 0 -12 -12
1 11838 -123 156 -6 30 1 0 -28 4 54 -52 8 14 -3 N N N N 55 17 -3 -1 -1
1 10809 -97 3 -21 -7 0 0 0 0 8 -4 -5 2 -2 N N N N 397 116 -26 -8 -8
1 10000 -89 -32 -7 2 0 0 0 0 -8 14 -4 -5 6 N N N N 162 77 7 -11 -11
1 9999 -102 -63 7 3 0 0 0 0 -23 26 -8 1 12 N N N N 77 20 -7 0 0
1 10000 -74 -77 7 -3 0 0 0 0 -30 27 -8 -8 0 N N N N -90 -21 9 0 0
1 10000 -110 -65 6 3 0 0 0 0 -28 21 -10 1 -2 N N N N 108 41 -2 -4 -4
1 10002 -104 -60 -31 -7 0 0 0 0 -21 12 -8 1 -4 N N N N 236 97 2 -11 -11
1 9998 -111 -3 15 12 0 0 0 0 -3 5 -8 1 2 N N N N -70 -35 -4 4 4
1 10000 -94 17 -9 -3 0 0 0 0 11 -5 1 4 -11 N N N N 219 64 -15 -4 -4
1 10001 -90 4 -2 -1 0 0 0 0 0 -2 5 5 9 N N N N 0 20 11 -5 -5
1 9999 -85 -42 3 -11 0 0 0 0 -19 8 -3 3 2 N N N N 142 67 6 -8 -8
1 10002 -70 60 13 23 0 0 0 0 22 -10 4 3 13 N N N N 57 22 0 -3 -3
1 9998 -72 -58 28 -20 0 0 0 0 -33 9 3 3 -1 N N N N 133 43 -7 -3 -3
1 10002 -81 8 -19 4 0 0 0 0 8 -1 -1 0 -9 N N N N 106 51 5 -7 -7
1 9999 -81 -104 -4 -3 0 0 0 0 -48 19 -19 -3 -8 N N N N 24 -2 -7 2 2
1 10001 -90 -78 7 1 0 0 0 0 -41 7 -12 -2 14 N N N N 124 54 3 -7 -7
1 9998 -112 63 -8 9 0 0 0 0 34 -3 4 6 3 N N N N 357 145 0 -16 -16
1 10000 -92 -61 12 -25 0 0 0 0 -34 -1 5 -4 -2 N N N N -202 -67 9 6 6
1 10002 -118 -63 -7 12 0 0 0 0 -31 5 -16 -7 -4 N N N N 102 32 -6 -3 -3
1 9566 -124 26 -1 125 0 1401 1 0 13 14 -62 2 3 N N N N 184 74 0 -8 -8
1 13963 -170 26 7 15 0 3 -1 -2 13 2 -7 2 4 N N N N 133 75 12 -11 -11
1 10000 -125 35 -7 -8 0 0 0 0 21 -1 7 -4 0 N N N N 189 82 3 -10 -10
1 10000 -125 48 -23 3 0 0 0 0 24 -5 19 12 -2 N N N N 105 45 2 -5 -5
1 9581 -109 111 21 -36 2 -219 3 -1 59 -17 19 2 3 N N N N 140 61 2 -7 -7
1 10406 -114 105 -14 -107 9 -1193 -3 3 46 -50 74 0 -1 N N N N 26 12 1 -2 -2
1 10013 -105 104 1 2 0 0 0 0 38 -37 15 -1 3 N N N N 172 69 0 -8 -8
1 10001 -124 36 21 13 0 0 0 0 14 -7 -5 3 -1 N N N N 273 105 -4 -11 -11
