version: 66.14
glider: 195
mission: 21
dive: 251
start: 6 8 105 2 20 13
columns: rec,elaps_tms,depth,heading,pitch,roll,AD_pitch,AD_roll,AD_vbd,GC_phase,mag.x,mag.y,mag.z,sbect.TempFreq,sbect.CondFreq,wlbb2fl.sig470nm,wlbb2fl.sig700nm,wlbb2fl.sig695nm,wlbb2fl.temp,aa4330.O2,aa4330.AirSat,aa4330.Temp,aa4330.CalPhase,aa4330.TCPhase,
data:
0 17444 73 1135 -656 203 144 2213 1319 6 9 -260 192 171215 134919 41 63 65 530 246063 98139 26550 29020 30426
1 9986 -11 85 -14 -136 0 0 0 0 -15 -24 -23 166 0 N N N N 1 42 24 -9 -9
1 10015 -6 -181 91 82 0 0 0 0 24 -20 -29 -104 -4 11 69 63 530 -193 -131 -31 20 20
1 9985 4 -97 -32 -5 0 0 0 0 28 -22 -45 -61 0 N N N N 369 89 -33 -4 -4
1 10014 3 -29 -55 72 0 0 0 0 4 8 12 129 5 60 49 64 530 456 240 33 -32 -32
1 9986 -3 204 122 -241 0 0 0 0 -55 -14 -12 -14 -1 N N N N -852 -346 -3 39 39
1 9033 3 116 -80 -16 -2 1 8 -4 -28 15 30 -70 0 63 182 60 530 1774 811 58 -100 -100
1 9638 6 -55 1 84 2 -1 255 0 30 15 22 22 -2 N N N N -1680 -808 -77 103 103
1 10009 41 -53 -145 22 -1 0 253 0 30 -13 -24 -44 -2 81 131 61 529 -2052 491 743 -188 -188
1 9990 27 -249 22 176 -2 1 269 0 38 -6 -29 -36 -5 N N N N 847 475 75 -65 -65
1 10106 28 139 -5 -314 1 -1 279 0 -11 -29 -88 -17 -1 83 187 60 530 451 258 42 -35 -35
1 9913 45 -233 13 207 1 0 266 0 24 5 -9 0 -1 N N N N 195 101 13 -14 -14
1 15162 232 205 26 -180 767 0 162 -1 -25 -4 14 -39 -12 45 78 65 529 190 111 19 -15 -15
1 10356 197 -37 410 65 1748 -1 142 1 -49 5 54 26 7 N N N N -75 -19 7 1 1
1 8581 98 -14 111 -27 0 1 363 1 -14 -6 -20 63 21 44 85 69 529 50 17 -2 -2 -2
1 17507 237 -89 -25 117 -9 1411 89 1 49 18 40 172 50 N N N N 219 50 -22 -1 -1
1 10016 132 -61 16 31 0 0 0 0 29 10 5 116 40 43 90 78 529 47 -44 -35 11 11
1 11104 172 -60 -7 -10 0 0 0 0 33 5 -12 179 62 N N N N 271 21 -50 6 6
1 10014 129 -102 -1 2 0 0 0 0 48 16 -21 43 12 41 89 74 529 183 14 -34 5 5
1 11101 182 -147 2 6 0 0 0 0 61 35 -33 27 13 N N N N 124 10 -23 3 3
1 10016 143 -125 5 -6 0 0 0 0 43 44 -25 18 7 43 103 74 529 -3 -22 -11 4 4
1 11453 166 -157 6 5 0 0 0 0 39 67 -28 9 5 N N N N 36 1 -8 2 2
1 10015 140 -141 -3 -1 0 0 0 0 17 69 -22 6 2 44 95 74 529 10 -5 -5 1 1
1 10985 161 3452 -5 0 0 0 0 0 -3 75 -21 24 7 N N N N -132 -62 -5 8 8
1 10016 144 -135 3 0 0 0 0 0 -19 68 -8 8 1 43 94 79 529 -10 -15 -6 2 2
1 11042 160 -147 8 1 0 0 0 0 -39 68 0 -1 0 N N N N -93 -42 -2 5 5
1 10017 144 -141 -6 1 0 0 0 0 -53 53 1 5 1 43 87 82 529 20 5 -2 0 0
1 11345 160 -141 -4 -84 50 -1452 4 0 -61 43 53 13 5 N N N N 104 37 -3 -3 -3
1 8943 111 -72 28 -47 0 0 -1 2 -38 11 38 8 4 42 88 81 529 -302 -125 -2 13 13
1 10816 137 -59 2 0 0 0 0 0 -30 7 9 0 -1 N N N N 30 8 -2 0 0
1 10016 124 -47 -7 2 0 0 0 0 -23 4 7 3 1 43 88 90 529 -83 -37 -2 4 4
1 9984 108 -43 5 -3 0 0 0 0 -24 1 6 6 1 N N N N -130 -54 -1 6 6
1 10013 134 -35 3 4 0 0 0 0 -18 0 5 9 3 45 93 85 529 -63 -29 -2 4 4
1 9987 119 -30 -1 -1 0 0 0 0 -15 -1 6 2 -1 N N N N -58 -27 -2 3 3
1 10016 125 -34 -2 0 0 0 0 0 -17 -3 6 1 2 42 89 85 529 -154 -64 -1 7 7
1 9983 112 -33 1 -1 0 0 0 0 -17 -2 5 5 0 N N N N 42 15 -1 -1 -1
1 10014 128 -36 -1 0 0 0 0 0 -18 -4 6 4 2 42 86 83 528 -25 -12 -1 1 1
1 9984 130 -35 0 -3 0 0 0 0 -18 -6 5 1 0 N N N N -153 -64 -1 8 8
1 10016 120 -43 2 5 0 0 0 0 -21 -7 5 5 1 44 90 84 529 -38 -17 -1 2 2
1 9985 112 -51 -1 -3 0 0 0 0 -24 -12 8 14 5 N N N N -4 -4 -1 0 0
1 10018 139 -49 1 -2 0 0 0 0 -22 -13 7 13 6 43 88 86 529 9 -2 -4 1 1
1 9984 129 -45 -2 3 0 0 0 0 -17 -13 8 8 2 N N N N -120 -55 -3 7 7
1 10016 112 -41 3 1 0 0 0 0 -17 -13 5 0 -1 42 89 89 529 -151 -64 -2 7 7
1 9981 136 -24 -3 -3 0 0 0 0 -11 -8 1 -1 1 N N N N -99 -42 -1 5 5
1 10020 126 -43 -3 2 0 0 0 0 -13 -16 6 16 4 42 89 88 529 -50 -21 -1 2 2
1 9982 130 -37 4 1 0 0 0 0 -13 -14 5 16 6 N N N N -34 -19 -3 3 3
1 20017 255 -53 -2 -4 0 0 0 0 -16 -23 6 34 14 44 88 89 529 -5 -18 -9 3 3
1 19983 258 -52 3 5 0 0 0 0 -14 -22 2 43 16 N N N N -205 -105 -13 14 14
1 20014 258 -62 -1 -2 0 0 0 0 -13 -29 5 44 19 42 90 88 529 -170 -86 -9 11 11
1 19984 259 -10 0 -1 0 0 0 0 -3 -5 1 96 44 N N N N -167 -106 -22 16 16
1 20016 256 11 -1 2 0 0 0 0 2 6 -1 100 40 41 85 88 528 -141 -107 -29 17 17
1 19988 269 23 3 -1 0 0 0 0 5 10 -2 170 73 N N N N -45 -85 -38 16 16
1 23603 301 196 5 -122 0 -1332 0 -2 55 49 21 311 134 44 87 83 529 -376 -266 -65 41 41
1 20454 250 305 -1 2 0 0 0 0 134 88 -24 273 120 N N N N -126 -206 -88 39 39
1 20015 245 252 -7 0 0 0 0 0 131 15 -36 442 175 42 83 84 528 -202 -225 -82 39 39
1 20459 244 238 2 -2 0 0 0 0 115 -35 -42 589 236 N N N N 19 -310 -180 67 67
1 18345 214 168 5 90 43 1393 2 0 67 -47 -57 290 105 42 85 78 528 -628 -404 -88 61 61
1 21651 219 -142 26 24 0 -3 -2 2 -57 51 15 -73 -169 N N N N -942 -509 -76 72 72
1 20016 183 -188 4 8 0 0 0 0 -91 42 18 792 196 39 76 78 528 -4318 -1760 -24 206 206
1 19985 179 101 3 2 0 0 0 0 50 -19 -10 928 303 N N N N -1707 -1170 -288 190 190
1 20017 196 109 -1 -3 0 0 0 0 50 -30 -10 202 94 39 75 68 528 -1449 -843 -160 129 129
1 19983 192 44 -1 0 0 0 0 0 18 -15 -4 72 42 N N N N -971 -515 -78 76 76
1 20016 180 53 1 -2 0 0 0 0 20 -19 -5 113 46 41 75 66 528 -253 -161 -37 26 26
1 19983 198 31 3 4 0 0 0 0 11 -12 -2 32 14 N N N N -57 -78 -33 16 16
1 20017 194 14 -2 -2 0 0 0 0 5 -6 -1 25 11 38 74 69 528 -155 -87 -16 13 13
1 19984 187 79 -1 4 0 0 0 0 24 -34 -7 155 51 N N N N -261 -124 -12 18 18
1 20016 178 -3273 8 -1 0 0 0 0 40 -165 -1 2070 522 38 74 66 528 -3171 -1821 -347 288 288
1 19984 161 232 0 -2 0 0 0 0 -33 -117 9 3177 952 N N N N -9349 -4490 -528 677 677
1 20016 140 -15 0 -3 0 0 0 0 4 7 0 283 174 38 76 61 528 -5391 -2900 -528 495 495
1 19985 139 -78 -1 1 0 0 0 0 15 38 -6 44 64 N N N N -4031 -1765 -145 276 276
1 20015 149 -109 2 -2 0 0 0 0 12 56 -2 94 51 39 74 62 528 -2292 -966 -59 150 150
1 19984 128 3488 2 1 0 0 0 0 1 59 -1 168 61 N N N N -1322 -565 -41 90 90
1 23722 162 -87 -6 125 -8 1389 1 -2 -8 46 -17 1037 318 39 74 61 529 -1263 -716 -159 136 136
1 20867 158 -151 7 4 0 0 0 0 -30 74 -7 1003 336 N N N N -1291 -898 -278 188 188
1 20016 152 -188 0 -2 0 0 0 0 -64 77 -4 697 237 40 74 60 529 -1216 -784 -224 162 163
1 21631 140 -307 -10 -131 0 -1420 0 2 -145 66 80 663 204 N N N N -1639 -903 -198 177 177
1 20016 135 -236 10 2 0 0 0 0 -126 -2 26 1593 467 37 73 57 529 -2648 -1328 -236 254 253
1 19985 111 -75 -3 1 0 0 0 0 -38 -11 8 1051 299 N N N N -4567 -2169 -332 412 412
1 20017 123 -35 2 0 0 0 0 0 -17 -7 3 814 282 36 74 56 529 -6271 -2648 -238 486 486
1 19983 120 -104 1 -2 0 0 0 0 -48 -26 13 647 237 N N N N -4475 -1966 -238 386 386
1 20016 119 -123 0 2 0 0 0 0 -50 -40 10 1240 393 40 74 54 529 -3907 -1730 -228 352 352
1 19983 132 85 2 1 0 0 0 0 32 30 -10 1255 407 N N N N -2983 -1481 -309 333 333
1 20016 122 185 6 1 0 0 0 0 86 44 -18 1660 541 39 72 54 529 -3557 -1638 -279 363 363
1 19984 134 143 1 1 0 0 0 0 74 16 -15 635 228 N N N N -4245 -2005 -390 466 466
1 20018 132 157 0 -3 0 0 0 0 83 -3 -18 164 -16 37 71 50 529 -4039 -1650 -169 362 362
1 19982 132 242 -2 5 0 0 0 0 120 -47 -24 549 179 N N N N -2950 -1216 -139 275 275
1 20017 124 298 0 2 0 0 0 0 103 -118 -18 731 231 37 71 51 529 -2746 -1169 -166 277 277
1 19983 105 -3322 4 -3 0 0 0 0 28 -142 -1 1623 481 N N N N -2733 -1245 -246 315 315
1 20017 124 147 10 -2 0 0 0 0 -15 -76 10 985 303 38 70 50 529 -3493 -1560 -298 401 401
1 19984 106 -8 8 -6 0 0 0 0 1 4 3 957 317 N N N N -3244 -1420 -262 371 371
1 20016 116 -107 -12 1 0 0 0 0 13 55 -9 543 248 40 69 47 529 -3006 -1274 -214 335 335
1 26217 132 3247 0 124 -10 1416 1 -2 -38 182 -27 2093 616 N N N N -2516 -1246 -362 368 368
1 21315 106 -259 -10 -35 1 -210 1 0 -94 100 7 1587 521 38 71 47 530 -2996 -1475 -442 447 447
1 19038 85 -111 5 -89 0 -1186 -1 2 -53 23 49 795 272 N N N N -3191 -1281 -190 353 353
1 20016 90 -47 2 0 0 0 0 0 -24 9 5 344 136 38 70 47 530 -2683 -1086 -178 309 309
1 19984 93 -44 5 2 0 0 0 0 -23 6 6 1789 430 N N N N -1728 -739 -160 221 221
1 20017 107 -98 1 -3 0 0 0 0 -52 8 9 1492 444 38 72 46 530 -1282 -691 -276 238 237
1 19983 103 -153 6 4 0 0 0 0 -83 -5 13 1169 348 N N N N -1670 -846 -309 287 288
1 20016 120 -78 1 -4 0 0 0 0 -40 -12 9 988 462 38 70 44 530 -1958 -945 -321 320 320
1 19984 123 -30 -1 0 0 0 0 0 -15 -5 3 1335 433 N N N N -2531 -1140 -337 380 380
1 20015 124 63 -7 6 0 0 0 0 33 11 -8 459 241 37 68 49 530 -2214 -934 -232 306 306
1 19987 113 167 -2 0 0 0 0 0 88 12 -18 436 205 N N N N -1940 -775 -160 251 251
1 20015 117 272 -1 3 0 0 0 0 141 -35 -25 1375 347 38 71 48 531 -1702 -718 -191 244 244
1 19984 112 259 -2 0 0 0 0 0 105 -89 -17 850 243 N N N N -1580 -753 -286 278 278
1 20015 102 184 4 -2 0 0 0 0 43 -86 -6 203 161 39 71 47 531 -1913 -758 -168 257 257
1 19985 100 47 -1 -2 0 0 0 0 7 -24 1 293 88 N N N N -1321 -493 -82 162 162
1 20015 93 -49 2 1 0 0 0 0 -6 25 1 429 149 40 74 48 531 -853 -289 -16 89 89
1 19985 92 -181 1 -3 0 0 0 0 -44 85 7 1451 380 N N N N -306 -187 -111 79 79
1 20015 108 -186 -82 2 -102 -1 2 0 -66 68 -15 977 388 39 67 45 532 -209 -344 -351 179 179
1 19984 101 101 9 -1 0 0 0 0 40 -34 -9 1322 348 N N N N -1677 -662 -161 234 234
1 20017 112 243 -1 2 0 0 0 0 67 -108 -20 1003 326 38 66 43 532 -2341 -961 -283 355 355
1 19983 80 176 1 1 0 0 0 0 16 -91 -3 1645 475 N N N N -4445 -1550 -192 527 527
1 20018 85 -3506 2 -1 0 0 0 0 -3 -49 3 587 237 40 70 43 532 -4456 -1600 -276 575 575
1 19984 99 116 -1 -6 0 0 0 0 -15 -59 4 610 240 N N N N -4335 -1427 -97 495 495
1 20014 101 20 3 3 0 0 0 0 -4 -10 3 1387 361 38 66 43 532 -4857 -1687 -263 633 633
1 19985 92 -111 -2 -1 0 0 0 0 17 56 -5 713 274 N N N N -5746 -1863 -121 687 687
1 20015 122 3443 2 4 0 0 0 0 4 82 -2 1343 375 41 70 41 532 -6277 -2129 -326 855 855
1 19984 107 6 1 -1 0 0 0 0 0 -3 -1 440 164 N N N N -8361 -2674 -191 1080 1080
1 20016 120 -3464 3 -2 0 0 0 0 -3 -71 4 1202 354 37 70 42 533 -4842 -1541 -118 650 650
1 19985 122 217 -1 2 0 0 0 0 -40 -106 13 1060 294 N N N N -5818 -1923 -335 877 877
1 20016 113 179 -1 -2 0 0 0 0 -61 -71 18 330 139 36 67 43 533 -3927 -1271 -196 592 592
1 19983 105 113 0 -1 0 0 0 0 -48 -34 14 23 60 N N N N -3170 -998 -104 467 467
1 20016 126 -11 0 3 0 0 0 0 5 2 -1 182 35 37 68 42 534 -2016 -614 -14 283 283
1 23690 102 -160 48 122 67 1398 0 -2 64 65 41 1385 286 N N N N -886 -301 -95 156 156
1 20016 104 -88 1 1 0 0 0 0 29 34 -14 549 191 37 70 44 534 -1402 -481 -175 254 254
1 20456 91 -101 -6 -1 0 0 0 0 27 43 -18 333 125 N N N N -1730 -575 -170 299 299
1 20015 98 -125 5 1 0 0 0 0 22 60 -16 388 131 39 69 40 534 -900 -301 -99 160 160
1 20455 96 3456 0 -1 0 0 0 0 6 73 -18 644 141 N N N N -961 -318 -99 168 168
1 20014 108 -114 1 0 0 0 0 0 -10 58 -11 635 211 39 67 41 535 -502 -198 -157 121 121
1 20924 110 -136 0 1 0 0 0 0 -27 66 -8 336 136 N N N N 708 180 -99 -70 -70
1 20020 105 -164 0 1 0 0 0 0 -53 69 -6 143 75 37 68 41 535 1381 376 -100 -163 -163
1 23511 119 -192 -5 -128 0 -1398 0 2 -84 55 61 232 81 N N N N 1387 397 -38 -181 -181
1 20016 100 -147 5 1 0 0 0 0 -75 23 17 173 71 38 72 41 536 1126 319 -37 -144 -144
1 19985 107 -126 2 0 0 0 0 0 -67 5 15 55 38 N N N N 1120 314 -49 -137 -137
1 20015 107 -109 -2 3 0 0 0 0 -57 -7 11 24 16 38 71 41 536 990 284 -20 -128 -128
1 19985 105 -107 0 0 0 0 0 0 -54 -17 11 -16 -16 N N N N 507 157 20 -75 -75
1 20015 90 -100 0 0 0 0 0 0 -47 -24 10 478 110 37 70 41 537 -404 -115 12 50 50
1 19985 111 -67 3 -2 0 0 0 0 -29 -21 6 412 112 N N N N -1941 -593 -62 285 285
1 20015 99 -45 2 1 0 0 0 0 -18 -15 3 299 80 38 66 41 537 -1042 -321 -43 157 157
1 19985 102 -17 0 1 0 0 0 0 -6 -6 2 286 66 N N N N -302 -104 -45 56 56
1 20015 100 -45 -2 2 0 0 0 0 -16 -17 3 254 90 41 68 43 538 -1347 -415 -62 207 207
1 19984 91 -67 0 -3 0 0 0 0 -21 -28 5 198 72 N N N N -806 -245 -26 120 120
1 20017 92 -71 -1 1 0 0 0 0 -19 -31 4 95 60 38 69 45 538 -234 -86 -58 51 51
1 19984 83 -55 2 1 0 0 0 0 -12 -26 2 236 67 N N N N 305 73 -49 -27 -27
1 20015 83 -17 -3 0 0 0 0 0 -3 -8 1 196 52 37 68 42 539 1397 394 -45 -179 -179
1 19985 90 35 1 -1 0 0 0 0 6 17 -2 256 71 N N N N 1485 426 -23 -196 -196
1 20016 85 72 3 -2 0 0 0 0 17 32 -4 133 60 38 67 41 539 1130 320 -28 -145 -145
1 24394 112 125 -6 -116 0 -1369 1 -2 40 23 32 101 37 N N N N 1912 523 -96 -225 -225
1 20016 85 166 0 2 0 0 0 0 68 56 -4 134 38 41 70 39 540 1416 374 -102 -153 -153
1 20458 89 161 -1 3 0 0 0 0 78 37 -11 54 18 N N N N 1266 347 -56 -146 -146
1 20014 83 122 1 -2 0 0 0 0 64 13 -10 85 31 40 71 44 540 979 273 -27 -118 -118
1 20453 105 118 -2 2 0 0 0 0 63 0 -14 137 41 N N N N 781 215 -29 -91 -91
1 20015 86 140 3 -2 0 0 0 0 72 -15 -19 207 52 38 71 40 540 736 194 -49 -77 -77
1 20458 104 160 -1 -3 0 0 0 0 74 -38 -23 112 39 N N N N 689 187 -31 -77 -77
1 23017 106 163 -6 119 -8 1377 0 2 60 -49 -61 137 49 37 70 40 541 693 190 -26 -79 -79
1 19984 100 46 11 2 0 0 0 0 13 -20 1 152 31 N N N N 770 227 12 -101 -101
1 20014 96 15 3 -4 0 0 0 0 4 -7 3 152 47 36 70 41 541 647 182 -13 -77 -77
1 19985 117 37 -4 1 0 0 0 0 10 -17 -3 491 109 N N N N 706 189 -36 -76 -76
1 20016 112 31 -2 2 0 0 0 0 7 -15 -3 318 117 38 71 39 542 2005 552 -60 -226 -226
1 19983 114 -27 -1 0 0 0 0 0 -6 13 1 162 69 N N N N 3752 1057 -54 -436 -436
1 80017 461 -196 0 2 0 0 0 0 -60 84 11 556 183 36 69 41 543 8474 2383 -109 -946 -946
1 79983 428 -134 -1 -2 0 0 0 0 -57 43 11 462 140 N N N N 4118 1113 -129 -410 -410
1 80000 420 -56 2 3 0 0 0 0 -26 15 4 207 53 N N N N 1674 456 -42 -167 -167
1 80000 396 179 2 -2 0 0 -1 0 78 -54 -14 436 121 N N N N 2109 536 -119 -180 -180
1 80000 411 -182 -2 -1 0 0 0 0 -80 54 15 257 87 N N N N 601 128 -76 -33 -33
1 80001 416 -277 2 2 0 0 0 0 -144 30 29 106 22 N N N N 2336 642 -39 -232 -232
1 79999 407 -209 0 -2 0 0 0 0 -109 -23 23 285 80 N N N N 552 133 -41 -41 -41
1 85294 462 428 -4 -115 0 -1369 -2 -2 225 -12 9 304 71 N N N N 362 37 -113 9 9
1 82074 433 433 1 116 -7 1362 0 2 170 -130 -87 411 121 38 69 43 548 -4492 -1306 -59 500 500
1 79985 394 -163 0 1 0 0 0 0 -50 70 10 56 31 N N N N -1633 -474 -22 185 185
1 79999 354 -141 -5 -1 0 0 0 0 -58 47 9 269 71 N N N N 238 51 -30 -14 -14
1 80002 345 -164 4 0 0 0 0 0 -80 36 16 189 52 N N N N 1299 346 -39 -124 -124
1 79998 345 -110 1 2 0 0 0 0 -58 11 12 131 40 N N N N -2208 -645 -40 254 254
1 86231 406 458 -2 -86 -1 -1158 -3 -3 212 -117 -15 163 43 N N N N -1675 -507 -64 208 208
1 79064 301 176 25 82 29 1155 -1 3 46 -74 -22 51 14 N N N N 132 39 2 -15 -15
1 79999 318 -244 2 -6 0 0 0 0 -73 106 12 120 26 N N N N -2179 -624 -19 247 247
1 80016 357 -107 10 3 0 0 0 0 -46 36 9 412 122 38 72 42 550 265 31 -86 5 5
1 79985 384 -160 5 0 0 0 0 0 -79 36 12 243 71 N N N N 2286 617 -46 -232 -232
1 84411 462 512 -79 6 -103 15 -2 0 199 -179 -65 213 55 N N N N -963 -287 -32 117 117
1 80002 515 183 -10 -2 0 0 0 0 19 -94 -9 248 92 N N N N 152 21 -42 0 0
1 79999 553 -127 3 2 0 0 0 0 -10 66 3 158 46 N N N N 1280 337 -40 -123 -123
1 79999 552 -288 -1 -2 0 0 0 0 -74 131 18 108 25 N N N N -7893 -2217 -17 882 882
1 80001 548 -237 -2 3 0 0 0 0 -103 68 28 319 95 N N N N 2293 615 -52 -239 -239
1 79999 436 -266 45 0 65 -1 -4 0 -144 21 39 174 57 N N N N 4328 1186 -45 -460 -460
1 80017 405 -245 2 0 0 0 0 0 -124 -36 28 103 26 38 74 42 552 849 226 -20 -84 -84
1 79983 410 -232 1 0 0 0 0 0 -94 -76 20 97 24 N N N N -3323 -939 -24 373 373
1 80001 424 -277 1 -4 0 0 0 0 -63 -129 15 93 26 N N N N -5659 -1584 -13 640 640
1 85293 464 568 -4 -112 0 -1375 -2 -2 186 192 12 232 59 N N N N -7798 -2200 -65 934 934
1 83562 482 779 -7 120 -5 1362 -1 2 372 -76 -135 158 54 N N N N -1922 -550 -36 244 244
1 80790 439 -72 4 -6 0 0 0 0 -25 29 9 136 35 N N N N -894 -253 -10 112 112
1 80001 463 -233 0 2 0 0 0 0 -101 71 19 133 39 N N N N -1895 -537 -27 240 240
1 80001 478 -129 -1 -5 0 0 0 0 -66 20 15 156 41 N N N N -1180 -338 -28 155 155
1 80013 471 -183 1 3 0 0 0 0 -97 3 21 46 15 39 70 43 554 143 35 -11 -13 -13
1 86144 539 594 -10 6 -9 7 -3 0 281 -114 -65 111 34 N N N N 1646 442 -39 -189 -189
1 80784 492 65 6 -4 0 0 0 0 20 -28 0 232 56 N N N N -880 -252 -19 114 114
1 79998 500 -194 1 0 0 0 0 0 -68 77 15 138 44 N N N N 1003 266 -30 -112 -112
1 80003 505 -328 -1 -2 0 0 0 0 -160 66 33 288 83 N N N N 1036 268 -50 -109 -109
1 79999 482 -334 1 2 0 0 0 0 -172 -29 40 383 110 N N N N -4037 -1141 -65 516 516
1 83647 558 625 -2 -118 0 -1370 -2 -2 317 -37 -23 318 96 N N N N -4800 -1353 -78 629 629
1 82412 538 411 -2 119 -8 1378 0 2 119 -165 -74 374 111 N N N N -3037 -856 -61 409 409
1 80015 514 -141 -1 0 0 0 0 0 -26 70 5 146 47 38 69 43 555 -2620 -732 -35 353 353
1 79985 539 -311 0 -1 0 0 0 0 -112 119 23 350 97 N N N N -1801 -509 -45 252 252
1 80000 534 -285 1 1 0 0 0 0 -144 44 32 241 72 N N N N -2880 -805 -54 401 401
1 87352 597 532 -9 -2 -7 -8 -2 0 239 -134 -56 100 41 N N N N -2699 -753 -48 382 382
1 80000 543 -42 2 -1 0 0 0 0 -13 18 6 182 42 N N N N -1235 -344 -20 176 176
1 80001 537 -178 0 1 0 0 0 0 -69 64 15 153 40 N N N N -823 -230 -20 120 120
1 79999 515 -186 1 -1 0 0 0 0 -90 41 20 268 78 N N N N -1169 -332 -52 176 176
1 80002 520 -303 -1 -1 0 0 0 0 -159 1 38 229 66 N N N N -2384 -661 -42 347 347
1 84803 563 645 1 -86 -1 -1160 -3 -3 311 -102 -44 121 40 N N N N -2679 -742 -47 396 396
1 79490 448 137 20 87 26 1157 0 3 39 -55 -26 39 8 N N N N -590 -160 1 85 85
1 80000 453 -95 0 -1 0 0 0 0 -27 42 5 180 43 N N N N -666 -185 -18 101 101
1 80001 449 -139 -4 -2 0 0 0 0 -50 54 8 245 75 N N N N -1945 -538 -46 295 295
1 79999 439 -175 5 5 0 0 0 0 -81 48 16 303 83 N N N N -1521 -423 -49 236 236
1 80001 432 -234 -3 -5 0 0 -1 0 -122 23 25 242 81 N N N N -1270 -355 -60 202 202
1 79998 419 -179 -1 5 0 0 0 0 -93 -15 20 39 9 N N N N -458 -126 -13 71 71
1 80001 424 -88 5 0 0 0 0 0 -44 -18 9 399 109 N N N N -796 -224 -50 130 130
1 80000 422 -299 -2 -2 0 0 0 0 -118 -101 25 409 128 N N N N 207 43 -89 -13 -13
1 85823 477 466 -1 -114 0 -1360 -2 -2 203 105 15 355 106 N N N N -1485 -414 -79 239 239
1 84824 473 800 1 114 -6 1360 0 2 344 -166 -126 167 51 N N N N -987 -270 -30 155 155
1 80000 423 -84 -4 0 0 0 0 0 -18 41 1 410 117 N N N N -718 -203 -67 122 122
1 80000 444 -382 -2 2 0 0 0 0 -151 131 30 285 83 N N N N -126 -39 -41 27 27
1 80001 441 -358 1 0 0 0 0 0 -188 16 39 249 76 N N N N -117 -39 -54 28 28
1 80000 445 -196 0 -1 0 0 0 0 -96 -39 21 355 98 N N N N 375 94 -56 -47 -47
1 84174 508 549 -3 -116 0 -1361 -2 -2 282 7 -6 266 83 N N N N 940 244 -64 -129 -129
1 82119 487 341 -2 115 -7 1360 0 2 140 -95 -83 119 37 N N N N 909 239 -30 -130 -130
1 80000 469 -88 1 0 0 0 0 0 -29 37 5 321 90 N N N N 380 96 -43 -49 -49
1 80000 467 -90 0 0 0 0 0 0 -36 32 8 255 80 N N N N 184 41 -52 -17 -17
1 79999 462 -169 -2 -2 0 0 0 0 -78 44 16 174 48 N N N N 122 30 -22 -13 -13
1 80002 454 -352 -1 5 0 0 0 0 -184 14 40 260 73 N N N N -420 -119 -44 70 70
1 84176 511 551 -1 -117 0 -1359 -1 -2 275 -80 -15 428 123 N N N N -1121 -310 -82 183 183
1 84056 477 -6 -3 116 -8 1368 -1 2 -2 14 -45 398 124 N N N N -485 -140 -81 87 87
1 80001 469 -249 3 -2 0 0 0 0 -117 62 25 345 101 N N N N 1235 320 -59 -172 -172
1 80000 471 -140 0 3 0 0 0 0 -74 11 16 318 90 N N N N -2025 -545 -54 310 310
1 80000 487 -103 -2 -2 0 0 0 0 -54 -3 13 193 55 N N N N -1117 -300 -36 174 174
1 86644 546 605 0 -86 -1 -1167 0 -3 286 -119 -35 317 94 N N N N -1845 -497 -72 290 290
1 79475 508 201 -3 90 -6 1166 -1 3 50 -88 -40 109 32 N N N N -690 -184 -16 108 108
1 80000 516 -153 1 -6 0 0 0 0 -35 73 7 188 52 N N N N 1359 356 -29 -201 -201
1 80000 511 -304 -2 7 0 0 0 0 -120 105 24 323 92 N N N N 4776 1253 -58 -696 -696
1 79998 521 -325 -2 -2 0 0 0 0 -167 31 41 159 41 N N N N -363 -100 -25 58 58
1 86119 586 461 -1 -120 0 -1370 -1 -2 229 -80 -8 457 131 N N N N -1541 -417 -89 242 242
1 81177 438 236 32 115 33 1360 0 2 75 -87 -47 350 98 N N N N -493 -137 -52 82 82
1 80001 413 -136 -1 0 0 0 0 0 -40 60 6 234 74 N N N N 3073 799 -55 -436 -436
1 79999 403 -231 -2 0 0 0 0 0 -97 75 17 170 50 N N N N -3233 -852 -35 476 476
1 80001 397 -244 2 1 0 0 0 0 -126 32 24 314 82 N N N N -1203 -320 -41 184 184
1 88411 456 537 -11 6 -4 5 -1 0 244 -133 -50 102 41 N N N N 89 18 -42 -5 -5
1 80000 397 -89 5 -5 0 0 0 0 -30 37 8 89 20 N N N N 288 74 -13 -41 -41
1 80002 418 -180 -4 3 0 0 0 0 -75 59 13 144 34 N N N N 130 32 -11 -17 -17
1 79998 410 -229 1 -1 0 0 0 0 -117 36 23 123 36 N N N N 229 57 -24 -29 -29
1 79999 410 -269 3 0 0 0 0 0 -142 -16 29 59 18 N N N N 232 58 -22 -30 -30
1 85295 485 493 -1 -119 -1 -1367 -1 -2 256 -34 0 95 26 N N N N 205 51 -20 -26 -26
1 81647 450 344 -3 119 -8 1362 0 2 127 -114 -76 397 94 N N N N 282 68 -39 -34 -34
1 80001 439 -220 -2 -1 0 0 0 0 -72 91 14 191 70 N N N N 841 212 -54 -112 -112
1 79999 462 -154 1 0 0 0 0 0 -69 45 13 357 102 N N N N 1681 429 -61 -229 -229
1 80001 446 -124 -1 0 0 0 0 0 -63 21 12 330 95 N N N N 3890 1001 -58 -536 -536
1 85586 501 463 -1 -1 -7 2 -1 0 195 -141 -38 205 61 N N N N 5007 1289 -46 -673 -673
1 79999 463 -128 -4 1 0 0 0 0 -41 54 7 170 45 N N N N 881 224 -24 -113 -113
1 80001 447 -167 0 0 0 0 0 0 -70 55 13 179 53 N N N N 152 32 -37 -11 -11
1 80000 462 -232 0 0 0 0 0 0 -117 38 25 48 13 N N N N 467 118 -9 -60 -60
1 80000 467 -173 -1 3 0 0 0 0 -91 -1 20 189 47 N N N N 637 160 -25 -78 -78
1 83706 513 508 -2 -119 0 -1368 -2 -2 253 -81 -10 211 60 N N N N 1052 260 -51 -126 -126
1 81058 483 388 -2 116 -7 1372 0 2 102 -162 -65 228 62 N N N N 769 192 -31 -93 -93
1 80002 501 -50 0 -1 0 0 0 0 -5 26 1 24 10 N N N N 2319 595 -11 -298 -298
1 80001 505 -143 2 5 0 0 0 0 -30 70 5 67 15 N N N N 2154 553 -10 -272 -272
1 79999 508 -44 0 -1 0 0 0 0 -13 19 3 367 90 N N N N 632 151 -46 -68 -68
1 79997 497 -152 0 0 0 0 0 0 -54 60 11 168 55 N N N N 298 65 -47 -25 -25
1 80003 521 -289 0 -6 0 0 0 0 -138 66 29 43 12 N N N N -2952 -763 -11 378 378
1 80000 522 -243 0 5 0 0 0 0 -128 -1 29 148 33 N N N N -957 -250 -17 127 127
1 80000 519 -265 1 -3 0 0 0 0 -126 -58 29 411 114 N N N N 787 186 -68 -83 -83
1 84118 557 574 -2 -115 -1 -1365 -2 -2 289 33 -10 220 65 N N N N 7253 1847 -51 -893 -893
1 80296 515 423 22 116 25 1370 1 2 170 -121 -80 93 25 N N N N 2722 693 -13 -327 -327
1 79998 436 -126 -1 1 0 0 0 0 -39 54 6 274 71 N N N N 490 113 -41 -47 -47
1 80000 469 -173 0 -5 0 0 0 0 -73 58 11 147 43 N N N N 942 232 -30 -103 -103
1 80000 444 -171 0 2 0 0 0 0 -85 33 16 320 87 N N N N -842 -230 -47 114 114
1 79999 434 -146 0 2 0 0 0 0 -78 8 14 135 42 N N N N 4906 1242 -33 -568 -568
1 89059 505 570 -9 6 -5 -2 -1 0 263 -132 -51 138 41 N N N N 342 76 -32 -30 -30
1 79999 434 123 4 -8 0 0 0 0 30 -58 -3 370 88 N N N N -263 -82 -42 44 44
1 80001 434 -108 -1 5 0 0 0 0 -26 51 4 179 58 N N N N 2612 650 -44 -286 -286
1 79999 442 -207 0 -2 0 0 0 0 -76 80 13 150 44 N N N N -385 -108 -28 52 52
1 80001 421 -277 0 2 0 0 0 0 -136 56 26 109 29 N N N N 3373 850 -21 -374 -374
1 86469 485 509 -3 -2 -7 -7 -1 0 219 -147 -42 131 37 N N N N 2101 522 -30 -224 -224
1 79999 449 -36 0 -2 0 0 0 0 -10 16 2 184 46 N N N N -1112 -291 -21 130 130
1 80001 450 -184 0 2 0 0 0 0 -67 71 12 83 21 N N N N -56 -21 -18 12 12
1 80000 462 -265 0 -2 0 0 0 0 -129 58 26 171 44 N N N N 673 161 -24 -66 -66
1 80000 459 -96 0 2 0 0 0 0 -51 6 10 214 57 N N N N 3765 939 -35 -401 -401
1 86530 515 567 -6 -1 -7 1 -1 0 254 -145 -50 181 52 N N N N 2507 618 -43 -255 -255
1 80000 473 38 0 0 0 0 0 0 10 -17 -3 130 32 N N N N 41 4 -15 1 1
1 80001 484 -185 0 0 0 0 0 0 -59 78 12 193 52 N N N N 1349 327 -32 -133 -133
1 80000 482 -209 0 2 0 0 0 0 -94 60 18 211 58 N N N N 1417 342 -36 -136 -136
1 80000 485 -135 0 -1 0 0 0 0 -70 19 14 78 22 N N N N 1150 281 -20 -114 -114
1 87765 552 498 -3 2 -8 2 -1 0 215 -143 -44 132 38 N N N N 1713 419 -30 -167 -167
1 79999 502 31 0 -4 0 0 0 0 8 -14 -2 92 16 N N N N 1011 251 -8 -101 -101
1 79999 483 -169 -2 1 0 0 0 0 -53 72 11 124 33 N N N N -698 -185 -18 79 79
1 80000 488 -237 3 3 0 0 0 0 -106 68 21 35 7 N N N N 159 34 -13 -12 -12
1 80001 476 -254 -1 -2 0 0 0 0 -133 21 29 25 2 N N N N -144 -38 -4 16 16
1 85824 542 469 -2 -116 0 -1359 -1 -2 230 -92 -7 135 31 N N N N 222 46 -22 -15 -15
1 84354 505 117 -5 115 -8 1354 0 2 42 -36 -52 148 36 N N N N 320 72 -19 -26 -26
1 79999 476 -51 2 3 0 0 0 0 -17 22 3 50 15 N N N N -335 -92 -15 40 40
1 80000 459 -91 -1 -3 0 0 0 0 -35 33 8 81 19 N N N N -725 -188 -12 79 79
1 80000 463 -25 0 -2 0 0 0 0 -10 9 2 174 40 N N N N -1997 -512 -21 215 215
1 80000 466 -164 3 1 0 0 -1 0 -76 43 17 249 68 N N N N -1510 -399 -45 174 174
1 80000 466 -251 -1 3 0 0 0 0 -131 22 29 189 50 N N N N -2628 -674 -33 289 289
1 80000 474 -186 0 -1 0 0 0 0 -96 -21 23 132 32 N N N N -1319 -341 -22 148 148
1 80001 454 -188 1 1 0 0 0 0 -86 -49 20 100 28 N N N N -4629 -1169 -25 510 510
1 84526 502 441 -3 -120 0 -1354 -1 -2 218 47 9 133 30 N N N N -2216 -563 -21 251 251
1 84355 497 634 -4 120 -7 1366 0 2 263 -161 -120 180 46 N N N N -1582 -407 -31 186 186
1 80002 471 66 1 0 0 0 0 0 12 -33 -1 137 36 N N N N -790 -206 -22 96 96
1 80000 489 2 1 -4 0 0 0 0 0 -1 -1 183 46 N N N N -320 -88 -23 43 43
1 79999 485 -120 0 2 0 0 0 0 -24 59 6 91 25 N N N N 1224 298 -23 -130 -130
1 79999 482 -165 -2 3 0 0 0 0 -52 70 10 153 39 N N N N 1440 350 -25 -152 -152
1 80001 504 -240 0 -3 0 0 0 0 -107 68 24 119 29 N N N N 468 109 -21 -44 -44
1 80000 505 -290 2 1 0 0 0 0 -152 18 35 239 64 N N N N 1147 271 -38 -114 -114
1 79999 496 -246 0 3 0 0 0 0 -122 -41 29 35 9 N N N N 950 232 -13 -100 -100
1 80000 496 -297 -1 -2 0 0 0 0 -108 -110 27 139 34 N N N N 311 71 -16 -28 -28
1 84353 576 509 -3 -121 0 -1369 -1 -2 213 124 8 115 30 N N N N 7433 1838 -29 -781 -781
1 84059 547 676 -2 120 -9 1361 0 2 314 -105 -133 131 32 N N N N 2455 604 -17 -249 -249
1 80000 529 -88 0 1 0 0 0 0 -29 36 7 104 24 N N N N -1881 -478 -21 202 202
1 79999 531 -178 0 -2 0 0 0 0 -74 59 17 117 24 N N N N -4968 -1238 -10 527 527
1 80000 513 -233 -1 1 0 0 0 0 -117 38 27 154 40 N N N N -2580 -653 -29 286 286
1 80001 538 -180 5 0 0 0 0 0 -96 -4 23 148 38 N N N N 127 21 -27 -4 -4
1 85519 568 595 -5 -87 -2 -1142 0 -3 288 -100 -38 107 26 N N N N -417 -113 -23 52 52
1 79008 507 154 -3 87 -6 1151 0 3 47 -61 -43 62 16 N N N N -451 -116 -11 52 52
1 80000 506 -130 -1 1 0 0 0 0 -38 57 10 142 32 N N N N -1117 -282 -15 127 127
1 80002 526 -217 1 0 0 0 0 0 -89 73 20 211 52 N N N N -380 -107 -34 52 52
1 79999 496 -147 2 -2 0 0 0 0 -73 28 18 88 25 N N N N 606 141 -22 -59 -59
1 87060 552 415 11 0 16 -21 -1 0 178 -122 -35 90 21 N N N N 383 88 -18 -35 -35
1 80000 437 -148 -1 0 0 0 0 0 -53 57 11 69 15 N N N N 69 13 -11 -4 -4
1 79999 440 -212 0 0 0 0 0 0 -98 56 21 98 23 N N N N 140 29 -16 -10 -10
1 78794 155 65 302 -56 173 -410 -288 -4 7 -11 34 15 5 N N N N 39 6 -8 -2 -2
1 79928 -79 35 213 12 342 -1 -299 0 -35 -14 61 8 1 N N N N -90 -23 -2 11 11
1 80039 -535 -60 -91 9 0 0 -349 0 -11 17 -25 -42 -3 N N N N 61 17 6 -9 -9
1 81240 -760 -10 -108 14 -1 -1 -220 4 4 -2 -3 -143 -31 N N N N -65 -8 21 1 1
1 80002 -822 -13 1 1 0 0 0 0 -7 3 -1 -95 -22 N N N N -184 -38 19 13 13
1 79998 -832 -57 0 0 0 0 0 0 -28 10 -9 -233 -57 N N N N -673 -155 31 63 63
1 80000 -801 -42 0 0 0 0 0 0 -21 5 -7 -197 -50 N N N N -398 -84 38 31 31
1 84354 -752 564 -54 1 -81 -13 -8 0 235 -181 40 -133 -31 N N N N 1569 397 20 -177 -177
1 79998 -572 -94 0 2 0 0 0 0 -23 45 -4 -153 -36 N N N N 324 89 22 -42 -42
1 80001 -533 -145 1 -1 0 0 0 0 -49 59 -10 -155 -41 N N N N -218 -44 28 14 14
1 80000 -532 -51 -5 -1 0 0 0 0 -21 17 -3 -129 -31 N N N N -117 -19 25 5 5
1 80000 -525 -78 2 1 0 0 0 0 -34 24 -8 -91 -18 N N N N 4325 1080 14 -469 -469
1 80000 -492 45 -4 -3 0 0 -85 0 22 -13 3 -135 -35 N N N N 5100 1279 23 -543 -543
1 79999 -503 -43 -4 -2 0 0 0 0 -19 12 -3 -92 -21 N N N N 875 224 14 -95 -95
1 80001 -500 -22 -10 6 0 0 0 0 -9 6 -6 -191 -51 N N N N -5951 -1468 33 611 611
1 80001 -520 186 -16 -12 0 0 0 0 83 -62 11 -39 -10 N N N N -3039 -752 9 323 323
1 79999 -617 -3100 41 4 68 -2 -141 0 67 -244 22 -278 -71 N N N N -1494 -357 39 149 149
1 80000 -649 91 28 6 0 0 0 0 -19 -45 10 -105 -27 N N N N -1460 -356 23 153 153
1 80000 -687 -71 0 2 0 0 0 0 9 37 3 -199 -51 N N N N -1101 -262 33 110 110
1 80000 -691 -62 1 -3 0 0 0 0 5 31 1 -216 -55 N N N N -2219 -542 34 237 237
1 84706 -659 2771 -24 3 -31 6 -4 0 -244 316 -62 -172 -45 N N N N -115 -17 34 2 2
1 80001 -568 -47 1 0 0 0 0 0 -25 4 -5 -204 -51 N N N N 953 251 33 -118 -118
1 79998 -568 212 1 -1 0 0 0 0 108 -32 25 -164 -40 N N N N 629 166 26 -78 -78
1 80001 -570 119 0 -2 0 0 0 0 54 -34 12 -256 -67 N N N N 5935 1503 38 -664 -664
1 80000 -574 112 -4 4 0 0 0 0 43 -41 8 -212 -52 N N N N 2872 735 35 -321 -321
1 79999 -567 -11 0 -1 0 0 -41 0 -3 5 -2 -257 -70 N N N N 2122 552 46 -240 -241
1 80001 -583 -31 0 2 0 0 0 0 -12 12 -2 -116 -29 N N N N 2923 747 27 -316 -315
1 80000 -560 -8 0 0 0 0 0 0 -3 3 -1 -158 -40 N N N N 1365 355 24 -150 -150
1 80000 -572 183 1 -1 0 0 0 0 58 -78 12 -158 -41 N N N N 726 196 28 -86 -86
1 76875 -555 -503 -6 1 0 -9 -88 0 -205 158 -45 -33 -7 N N N N 50 17 10 -8 -8
1 80830 -568 -7 -3 -4 0 0 0 0 -3 1 0 -145 -33 N N N N 753 199 20 -85 -85
1 80001 -564 5 2 4 0 0 0 0 2 0 -1 -87 -23 N N N N 548 147 18 -63 -63
1 79999 -574 170 1 -1 0 0 0 0 85 -33 19 -133 -33 N N N N -1317 -323 21 128 128
1 80000 -554 67 -4 1 0 0 0 0 31 -19 5 -222 -57 N N N N -1469 -357 29 141 141
1 80001 -587 62 1 2 0 0 -51 0 25 -20 5 -285 -78 N N N N -2245 -543 53 216 216
1 80000 -586 -48 -4 -7 0 0 0 0 -18 15 -4 -219 -59 N N N N -1644 -402 32 163 163
1 79997 -571 -174 -3 6 0 0 0 0 -82 45 -17 -208 -56 N N N N -395 -81 43 27 27
1 80002 -567 -53 -5 -3 0 0 0 0 -26 9 -5 -251 -68 N N N N -4556 -1135 45 477 477
1 77237 -593 600 7 4 0 -1 -66 0 216 -214 41 -192 -53 N N N N -2717 -677 31 289 289
1 79999 -601 -44 -2 -2 0 0 0 0 -5 22 -2 -237 -63 N N N N -483 -106 43 40 40
1 80002 -608 -103 -12 -4 0 0 0 0 -22 48 -5 -184 -48 N N N N 402 113 28 -54 -54
1 79998 -601 -248 -13 6 0 0 0 0 -86 98 -22 -503 -133 N N N N -2052 -492 80 204 204
1 80001 -641 430 -5 -11 0 0 0 0 126 -188 15 -162 -49 N N N N -4025 -1011 43 446 446
1 86410 -873 -655 87 10 76 -4 -3 0 -251 236 -24 -519 -146 N N N N -3578 -886 81 394 394
1 80000 -892 -38 -1 2 0 0 0 0 -19 4 -9 -592 -165 N N N N 319 112 93 -66 -66
1 80000 -935 295 -1 2 0 0 0 0 140 -62 41 -516 -145 N N N N -6601 -1665 89 772 772
1 80002 -931 237 2 -3 0 0 0 0 79 -96 23 -326 -94 N N N N -6148 -1561 73 753 753
1 79998 -938 227 -3 -1 0 0 0 0 32 -115 8 -339 -88 N N N N 3312 866 52 -434 -434
1 86353 -838 -779 -57 -4 -65 1 0 0 -252 274 -72 -78 -22 N N N N -867 -216 29 101 101
1 80000 -667 -233 -25 4 0 0 0 0 -121 -8 -24 -266 -66 N N N N -3289 -838 39 411 411
1 80001 -699 402 -4 -13 0 0 0 0 215 -17 38 -165 -43 N N N N 1166 308 30 -158 -158
1 80000 -694 -2424 7 1 0 0 0 0 53 -511 -7 -269 -74 N N N N -1589 -399 48 193 193
1 79999 -684 1188 3 1 0 0 0 0 -495 198 -71 -174 -49 N N N N -1976 -503 33 250 250
1 85411 -747 1388 26 123 0 1385 0 -2 503 292 47 -254 -72 N N N N -908 -225 46 108 108
1 82884 -876 449 55 -109 77 -1392 -1 2 95 -222 92 -578 -160 N N N N -4363 -1116 78 569 569
1 79999 -905 -3514 0 -1 0 0 0 0 0 -46 0 -722 -204 N N N N -5731 -1471 103 776 776
1 80000 -888 166 3 1 0 0 0 0 -19 -85 -6 -210 -69 N N N N -3005 -771 85 415 415
1 80001 -882 146 -2 1 0 0 0 0 -37 -67 -10 -546 -152 N N N N -791 -195 86 99 99
1 86882 -813 2698 -32 -128 -31 -1408 0 -2 -67 385 21 -283 -79 N N N N -780 -197 60 104 104
1 81824 -609 -450 -29 123 -33 1412 0 2 -226 78 -101 -436 -122 N N N N 1273 341 63 -198 -198
1 80000 -553 -197 -9 -9 0 0 0 0 -97 -36 -14 -440 -130 N N N N -2683 -693 89 381 381
1 79999 -546 -146 -11 2 0 0 0 0 -62 -45 -10 -163 -46 N N N N 3239 856 37 -486 -486
1 80002 -561 472 -3 -3 0 0 0 0 232 85 42 -522 -144 N N N N 615 173 84 -106 -106
1 79999 -559 -2560 2 -2 1 0 -55 0 286 -385 34 -119 -43 N N N N -1248 -324 36 176 176
1 79999 -563 1104 -1 0 0 0 0 0 -491 -147 -83 -257 -64 N N N N -375 -95 32 50 50
1 80001 -570 1156 1 -4 0 0 0 0 48 498 25 -258 -75 N N N N -1988 -519 50 288 288
1 80000 -575 1118 1 -3 0 0 0 0 455 -237 65 -405 -120 N N N N -245 -56 77 24 24
1 80000 -573 -2495 2 4 0 0 0 0 -398 -314 -77 -393 -109 N N N N 233 70 66 -47 -47
1 80295 -635 1329 12 109 -1 1390 -43 -2 -81 545 -45 -449 -134 N N N N 1785 483 77 -282 -282
1 82647 -711 1082 62 -90 86 -1396 -23 2 450 -182 155 -500 -151 N N N N 1025 285 97 -171 -171
1 79996 -912 90 13 1 0 0 0 0 5 -46 7 -602 -178 N N N N 1002 281 99 -169 -169
1 80002 -936 -3283 -1 3 0 0 0 0 -34 -161 -10 -294 -85 N N N N 785 218 60 -128 -128
1 79999 -949 357 3 -1 0 0 0 0 -132 -132 -41 -329 -98 N N N N -231 -52 71 21 21
1 80000 -961 334 0 -2 0 0 0 0 -171 -31 -55 -883 -260 N N N N -2159 -558 156 294 294
1 82649 -830 2568 -49 -127 -49 -1398 -1 -2 349 302 89 -782 -221 N N N N -658 -162 122 79 79
1 82118 -731 -906 -18 120 -32 1404 0 2 -347 288 -80 -305 -98 N N N N 1537 426 83 -251 -251
1 80001 -664 -323 -2 -1 0 0 0 0 -155 -68 -31 -186 -53 N N N N 1219 335 36 -191 -191
1 79999 -688 -253 -15 -2 0 0 0 0 -81 -103 -10 -655 -187 N N N N -553 -136 100 64 64
1 80000 -697 137 -26 -8 0 0 0 0 41 59 21 -255 -79 N N N N 222 70 69 -47 -47
1 80000 -757 1022 19 -3 0 0 0 0 483 7 71 -180 -47 N N N N 896 248 29 -142 -142
1 80000 -745 -2436 -6 5 0 1 0 0 -173 -483 -45 -239 -72 N N N N 1202 335 54 -192 -192
1 80000 -744 1261 1 0 0 0 0 0 -354 409 -41 -325 -87 N N N N 1941 536 49 -301 -301
1 80000 -764 1193 1 -1 0 0 0 0 533 67 85 -223 -68 N N N N 2515 695 52 -382 -382
1 80000 -727 -2423 3 -6 0 0 0 0 -197 -479 -49 -296 -82 N N N N 2976 823 51 -444 -444
1 83824 -923 -612 72 -105 78 -1405 0 -2 227 169 57 -410 -123 N N N N 4126 1145 77 -605 -605
1 84470 -989 2582 9 128 0 1404 0 2 -254 425 -45 -385 -114 N N N N 3042 850 69 -441 -441
1 79998 -980 223 2 0 0 0 0 0 111 -34 34 -545 -158 N N N N 2732 772 89 -398 -398
1 80000 -937 328 -2 0 0 0 0 0 121 -120 36 -503 -149 N N N N 5642 1585 112 -785 -785
1 80002 -949 175 1 0 0 0 0 0 30 -86 10 -434 -127 N N N N 3747 1054 67 -507 -507
1 80015 -943 -3208 1 0 0 0 0 0 -34 -200 -11 -413 -119 34 70 41 560 6056 1705 89 -793 -793
1 81160 -840 2684 -33 -34 -64 6 1 -2 -120 403 -28 -449 -137 N N N N 149 76 94 -50 -50
1 82118 -693 -117 -17 33 -1 0 -1 2 -55 29 -31 -212 -64 N N N N 389 124 42 -62 -62
1 80001 -712 208 0 -2 0 0 0 0 101 -46 23 -240 -65 N N N N 1785 509 36 -232 -232
1 80001 -699 440 2 2 0 0 0 0 123 -190 25 -315 -91 N N N N 451 151 65 -78 -78
1 79999 -696 -3191 -2 1 0 0 0 0 -42 -207 -10 -301 -86 N N N N 1693 489 45 -222 -222
1 81749 -718 2652 10 6 6 -2 0 0 -129 425 -27 -128 -38 N N N N 1931 558 49 -250 -250
1 80779 -676 94 -20 -9 0 0 0 0 47 -27 9 -344 -98 N N N N 6540 1849 58 -791 -791
1 80015 -646 202 4 -5 0 0 0 0 77 -75 17 -138 -41 37 80 41 559 -1502 -404 33 163 163
1 79984 -648 240 -5 5 0 0 0 0 50 -115 7 -82 -16 N N N N 7223 2025 16 -830 -830
1 80000 -679 -3277 14 3 0 0 0 0 -24 -166 2 -146 -37 N N N N 3625 1024 22 -409 -409
1 82770 -729 2687 8 18 0 0 0 0 -177 396 -48 -314 -90 N N N N 874 274 54 -117 -117
1 80820 -693 -297 -39 -20 0 0 0 0 -151 10 -23 -449 -137 N N N N -6241 -1705 88 658 658
1 79999 -734 449 -4 -15 0 0 0 0 233 -53 44 -314 -85 N N N N -1414 -365 65 136 136
1 80000 -750 -2469 5 -7 0 0 0 0 -29 -502 -21 -303 -90 N N N N 3467 1006 65 -417 -417
1 80001 -749 946 -7 5 0 0 0 0 -435 131 -66 -235 -65 N N N N 1186 356 43 -149 -149
1 84604 -819 1379 34 125 0 1376 0 -2 388 424 21 -315 -83 37 70 43 558 2133 633 61 -260 -260
1 83808 -778 -2889 -13 -106 1 -1394 0 2 199 -307 91 -158 -41 N N N N 2352 682 34 -271 -271
1 79998 -702 427 8 -7 0 0 0 0 -96 -202 -20 -670 -190 N N N N -491 -79 112 8 8
1 80000 -698 434 -5 7 0 0 0 0 -213 -83 -43 -596 -163 N N N N -526 -98 95 20 20
1 80000 -719 410 -3 -7 0 0 0 0 -202 72 -43 -198 -67 N N N N -289 -41 76 1 1
1 85238 -963 -1052 46 -117 67 -1382 0 -2 471 71 85 -564 -151 N N N N -284 -32 92 -5 -5
1 76648 -850 2634 -9 122 -33 1404 0 2 -181 440 -18 -1298 -371 N N N N -6143 -1639 227 604 604
1 79999 -765 396 -1 3 0 0 0 0 165 -122 41 -876 -264 N N N N -2467 -624 172 221 221
1 80016 -757 -3081 -1 -1 0 0 0 0 28 -262 9 -1488 -470 36 69 44 557 -17027 -4781 317 2005 2005
1 79985 -752 547 3 0 0 0 0 0 -209 -188 -54 -1561 -448 N N N N -8323 -2326 276 1045 1045
1 20016 -189 77 -2 3 0 0 0 0 -40 -7 -10 -641 -192 38 67 43 557 1542 478 91 -244 -244
1 19984 -191 38 -3 -3 0 0 0 0 -20 -3 -5 -439 -130 N N N N -741 -179 120 67 67
1 25898 -249 -166 -6 -126 6 -1407 -1 -2 88 2 -45 -354 -104 38 70 45 557 -361 -71 113 15 15
1 20454 -190 -312 5 1 0 0 0 0 135 85 54 -335 -90 N N N N 1018 315 51 -159 -159
1 20015 -205 -290 0 -1 0 0 0 0 62 132 46 -246 -79 39 71 40 557 632 205 59 -107 -107
1 20807 -199 3296 -8 2 0 0 0 0 -14 156 27 -1215 -337 N N N N -810 -187 162 63 63
1 20015 -197 -304 6 2 0 0 0 0 -99 127 6 -984 -291 40 69 41 557 -1879 -505 167 216 216
1 24869 -237 -328 -3 125 0 1399 1 2 -161 93 -89 -1392 -380 N N N N -2122 -546 291 220 220
1 20018 -177 -122 -7 -3 0 0 0 0 -64 -2 -13 -188 -104 39 70 43 557 187 96 136 -69 -69
1 19982 -167 43 -1 1 0 0 0 0 23 2 5 -1038 -283 N N N N 564 203 119 -119 -119
1 20018 -175 121 1 -4 0 0 0 0 64 -4 18 -781 -239 37 68 43 557 1259 444 215 -251 -251
1 19984 -177 138 8 -2 0 0 0 0 70 -19 17 -894 -260 N N N N 526 215 185 -135 -135
1 20015 -182 130 -2 1 0 0 0 0 61 -33 14 -744 -223 38 70 43 557 1804 591 138 -307 -307
1 19983 -181 200 4 4 0 0 0 0 73 -74 19 -725 -222 N N N N 3240 1042 167 -521 -521
1 20015 -203 296 7 0 0 0 0 0 50 -145 14 -1549 -438 38 70 42 557 3976 1290 210 -631 -631
1 19985 -210 -3481 -9 2 0 0 0 0 -1 -62 -4 -1187 -358 N N N N 7474 2411 285 -1117 -1117
1 20017 -196 -50 -8 2 0 0 0 0 5 27 -2 -1985 -580 37 70 45 557 7607 2439 194 -1057 -1057
1 19985 -210 3536 2 -4 0 0 0 0 0 32 0 -1192 -410 N N N N 9626 3188 382 -1331 -1331
1 20015 -197 -78 1 0 0 0 0 0 -6 41 -1 -1033 -342 37 74 44 557 8887 2970 323 -1162 -1162
1 19984 -187 53 7 -1 0 0 0 0 3 -28 3 -2002 -608 N N N N 7734 2629 298 -978 -978
1 20016 -176 -3404 3 1 0 0 0 0 -9 -102 -1 -1184 -408 39 70 46 556 5563 2036 397 -761 -761
1 19985 -178 79 -13 0 0 0 0 0 -9 -40 -8 -443 -183 N N N N 3290 1217 230 -441 -441
1 20016 -172 81 1 1 0 0 0 0 -20 -38 -2 -1530 -452 39 70 47 557 2186 886 252 -333 -333
1 21865 -173 -64 -14 -127 0 -1404 0 -2 19 2 -33 -752 -247 N N N N 1826 760 228 -285 -285
1 20249 -172 3271 -4 -4 0 0 0 0 24 165 38 -1656 -540 38 72 48 556 1267 589 234 -232 -232
1 20456 -162 -312 12 4 0 0 0 0 -76 145 24 -1647 -499 N N N N 1160 757 496 -336 -336
1 20946 -162 -203 3 126 0 1409 0 2 -86 99 -59 -2759 -839 40 70 48 556 1746 889 403 -353 -353
1 20760 -154 -148 -6 -3 0 0 0 0 -73 26 -16 -306 -189 N N N N 2998 1308 390 -467 -467
1 20015 -155 -95 3 5 0 0 0 0 -51 9 -13 -1460 -454 38 74 45 556 2281 960 239 -327 -327
1 19985 -158 -116 2 -2 0 0 0 0 -62 -4 -13 -618 -227 N N N N 2886 1164 230 -376 -377
1 20015 -155 -122 0 1 0 0 0 0 -63 -15 -14 -408 -156 37 75 48 556 2135 862 164 -273 -272
1 19985 -150 -153 -6 -2 0 0 0 0 -72 -36 -12 -2343 -722 N N N N 1367 685 255 -242 -242
1 20018 -151 -21 4 -1 0 0 0 0 -9 -7 -4 -2110 -687 37 71 48 556 3282 1600 540 -543 -543
1 19983 -159 103 3 2 0 0 0 0 46 28 9 -808 -309 N N N N 4461 1893 386 -571 -571
1 20014 -164 142 1 -1 0 0 0 0 71 25 16 -348 -147 37 69 50 556 3210 1315 210 -375 -375
1 19985 -168 162 -1 0 0 0 0 0 86 8 20 -283 -114 N N N N 2279 904 113 -246 -246
1 20015 -155 115 -1 1 0 0 0 0 61 -9 12 -455 -153 38 72 50 556 1442 592 90 -162 -162
1 19985 -146 7 -1 -2 0 0 0 0 4 -1 2 -756 -234 N N N N 1265 598 158 -177 -177
1 20016 -143 -51 0 2 0 0 0 0 -27 6 -8 -479 -170 37 71 49 556 1491 651 128 -182 -182
1 19984 -123 -28 -5 0 0 0 0 0 -14 2 -3 -1270 -381 N N N N 1533 673 132 -186 -186
1 20016 -140 -104 -18 -8 0 0 0 0 -53 1 -7 -759 -119 40 78 52 556 3098 1402 299 -386 -386
1 19984 -126 -77 -3 8 0 0 0 0 -41 -4 -9 -3896 -1150 N N N N 4264 2196 642 -626 -626
1 18744 -114 -50 16 -3 0 1 -43 -4 -28 -6 -6 -1235 -482 39 74 53 556 6536 2915 507 -728 -728
1 17129 -103 -31 1 129 0 1379 -57 2 -17 2 -68 -1228 -406 N N N N 4698 2117 358 -506 -506
1 20850 -138 168 4 -9 0 0 0 0 88 19 19 -1635 -497 39 75 56 555 7119 3095 409 -689 -689
1 20925 -146 299 6 2 0 0 0 0 154 -26 39 -1209 -416 N N N N 9095 3992 504 -837 -837
1 23027 -154 229 -2 -34 0 -206 -2 -2 96 -76 46 -742 -276 40 76 59 556 8323 3494 298 -665 -665
1 16208 -100 93 -33 -94 0 -1171 -59 0 35 -60 26 -1140 -360 N N N N 2647 1283 216 -257 -257
1 16986 -108 -19 0 9 0 -2 -65 4 -6 10 -3 -288 -136 40 75 59 555 2135 1083 206 -219 -219
1 20780 -131 -121 -15 4 0 0 0 0 -36 52 -13 -2179 -675 N N N N 2655 1562 405 -331 -331
1 20014 -123 -93 10 -3 0 0 0 0 -40 31 -2 -857 -306 40 77 58 555 4010 2002 338 -378 -378
1 19984 -105 75 4 -4 0 0 0 0 30 -26 8 -1433 -444 N N N N 2099 1395 414 -293 -293
1 20017 -114 84 -7 -2 0 0 0 0 31 -34 2 -875 -261 39 79 64 555 3463 1744 280 -312 -312
1 19984 -115 45 2 -4 0 0 0 0 14 -20 4 -1246 -331 N N N N 3248 1841 392 -340 -340
1 20015 -119 155 -3 3 0 0 0 0 37 -73 1 -218 -141 41 76 65 555 7140 2960 111 -431 -431
1 19985 -134 -3401 -2 0 0 0 0 0 12 -104 1 -116 -88 N N N N 4429 1935 128 -283 -283
1 20016 -136 206 -2 -1 0 0 0 0 -28 -105 -7 -31 -37 39 81 68 554 2758 1177 60 -165 -165
1 19984 -137 216 2 -1 0 0 0 0 -69 -93 -11 -16 -22 N N N N 2459 1031 41 -141 -141
1 20015 -122 232 1 3 0 0 0 0 -108 -63 -14 -22 -18 40 77 69 554 994 410 12 -54 -54
1 19985 -127 247 6 -7 0 0 0 0 -134 -18 -23 -5 -10 N N N N 530 240 19 -34 -34
1 20015 -125 238 -6 7 0 0 0 0 -122 35 -15 -10 -6 38 76 70 554 488 186 -3 -23 -23
1 19984 -113 233 3 1 0 0 0 0 -97 76 -14 -8 -4 N N N N 487 201 5 -26 -26
1 20016 -125 281 2 1 0 0 0 0 -62 130 -7 -62 -20 40 77 69 554 282 126 10 -18 -18
1 19986 -116 274 6 -4 0 0 0 0 8 139 -1 -19 -11 N N N N 191 106 19 -17 -17
1 18815 -127 243 76 -3 94 -1 -50 -4 58 109 -20 -105 -37 39 78 73 554 32 42 18 -9 -9
1 19931 -151 244 -23 4 -3 3 -102 0 102 75 35 -508 -143 N N N N 484 293 63 -48 -48
1 23385 -212 320 20 128 3 1375 -29 2 161 42 -26 -1098 -312 42 82 74 553 1814 1088 226 -177 -177
1 20456 -215 395 -4 3 0 0 0 0 185 -74 69 -370 -90 N N N N 2367 1304 221 -199 -199
1 23897 -230 -3163 -29 -126 -41 -1400 -2 2 92 -234 59 -698 -189 43 82 78 553 2651 1228 104 -166 -166
1 19984 -164 260 -2 1 0 0 0 0 -32 -132 -8 -425 -183 N N N N 1756 1038 200 -159 -159
1 20016 -170 205 -2 2 0 0 0 0 -66 -85 -14 -367 -157 41 86 82 553 1073 670 141 -103 -103
1 19984 -155 147 -3 0 0 0 0 0 -64 -45 -16 -134 -62 N N N N 878 485 78 -70 -70
1 20016 -160 157 1 1 0 0 0 0 -80 -28 -16 -128 -47 43 87 89 553 726 386 55 -54 -54
1 19984 -148 140 -2 -1 0 0 0 0 -75 -7 -16 -50 -22 N N N N 752 367 37 -49 -49
1 20015 -152 124 -2 3 0 0 0 0 -65 10 -14 -161 -58 44 88 93 552 655 312 29 -40 -40
1 19985 -149 98 -1 -8 0 0 0 0 -50 15 -13 -54 -16 N N N N 955 437 31 -55 -55
1 20015 -152 98 -8 3 0 0 0 0 -44 25 -8 -4 -4 41 89 93 552 712 327 23 -41 -41
1 19985 -139 55 3 0 0 0 0 0 -24 17 -5 -11 -3 N N N N 588 220 -10 -23 -23
1 20015 -145 45 4 -1 0 0 0 0 -18 15 -5 -1 2 42 91 98 551 220 103 8 -13 -13
1 19985 -137 46 -4 1 0 0 0 0 -17 17 -1 7 6 N N N N 230 93 1 -11 -11
1 20015 -150 45 1 0 0 0 0 0 -15 18 -3 16 16 43 89 96 551 430 179 3 -20 -20
1 19985 -139 27 -1 0 0 0 0 0 -8 11 -3 -6 7 N N N N 502 201 0 -22 -22
1 20016 -136 34 0 0 0 0 0 0 -10 15 -1 -1 3 45 91 98 551 272 114 2 -13 -13
1 19984 -136 38 -2 4 0 0 0 0 -10 17 0 -1 4 N N N N 324 138 5 -16 -16
1 18706 -146 65 3 -3 1 1 -29 -4 -14 30 -4 1 1 46 89 98 550 144 62 2 -8 -8
1 21752 -161 112 -4 126 0 1401 -27 2 -16 61 9 15 10 N N N N 292 117 -1 -12 -12
1 20794 -190 298 10 -3 0 0 0 0 13 146 -37 28 18 44 92 96 549 301 129 5 -16 -16
1 20453 -173 327 -3 -5 0 0 0 0 102 135 -6 14 8 N N N N 148 62 1 -6 -6
1 20016 -177 308 1 3 0 0 0 0 148 67 19 26 20 45 91 97 549 277 99 -7 -10 -10
1 20458 -175 319 2 -2 0 0 0 0 167 -14 40 26 14 N N N N 247 86 -7 -8 -8
1 23189 -225 354 4 -131 -1 -1399 -1 2 139 -141 94 15 8 41 93 96 548 120 39 -6 -3 -3
1 10810 -95 96 -16 11 0 0 0 0 27 -42 -6 -1 26 N N N N -66 -32 -2 3 3
1 10016 -74 94 -3 0 0 0 0 0 13 -48 3 -9 -28 43 94 98 548 41 15 -2 -1 -1
1 9984 -99 77 0 -1 0 0 0 0 5 -41 1 -4 1 N N N N 27 16 3 -2 -2
1 10017 -75 -3509 -2 1 0 0 0 0 -1 -47 -2 -10 -1 43 88 95 548 -10 -1 2 0 0
1 9983 -82 74 -1 -2 0 0 0 0 -7 -39 -1 18 11 N N N N 326 134 2 -15 -15
1 10016 -87 54 1 2 0 0 0 0 -8 -27 -2 4 2 43 88 95 548 -83 -40 -4 5 5
1 9984 -77 62 4 3 0 0 0 0 -14 -29 -1 0 2 N N N N 105 40 -1 -4 -4
1 10016 -79 67 -6 -3 0 0 0 0 -19 -31 -3 -8 0 44 88 96 547 87 42 4 -6 -6
1 9986 -94 65 6 0 0 0 0 0 -21 -28 -3 -10 -5 N N N N 89 36 0 -4 -4
1 10013 -77 38 -13 19 0 0 0 0 -10 -11 -1 -205 -80 43 93 92 547 -68 -15 7 1 1
1 9984 -80 -27 8 -9 0 0 0 0 7 9 1 -48 -27 N N N N -183 7 45 -9 -9
1 10017 -74 -63 3 -5 0 0 0 0 21 25 4 -22 1 43 92 91 547 -67 -36 -5 5 5
1 9984 -88 -13 6 -5 0 0 0 0 1 5 3 -7 -7 N N N N -125 -9 24 -4 -4
1 10018 -92 55 -24 -18 0 0 0 0 -10 -28 -21 16 4 44 90 88 546 -47 2 11 -2 -2
1 9981 -87 66 22 11 0 0 0 0 -29 -24 7 20 8 N N N N -3 -18 -9 4 4
1 10016 -53 -59 -12 10 0 0 0 0 23 26 4 -49 -23 45 88 89 546 50 20 0 -2 -2
1 9984 -74 7 19 -6 0 0 0 0 -6 -5 4 59 27 N N N N 19 13 3 -2 -2
1 10016 -69 54 -11 2 0 0 0 0 -16 -21 -9 16 9 42 87 90 546 12 0 -3 0 0
1 9984 -64 101 -1 3 0 0 0 0 -43 -33 -5 6 1 N N N N 42 9 -4 0 0
1 10016 -84 46 3 -2 0 0 0 0 -22 -13 -4 18 8 44 87 92 546 208 96 6 -12 -12
1 9985 -80 31 -4 -1 0 0 0 0 -13 -9 -6 -11 -5 N N N N -105 -51 -5 7 7
1 10016 -73 41 -1 10 0 0 0 0 -21 -6 3 -16 -4 44 91 91 545 155 63 1 -7 -7
1 9983 -72 37 -2 -5 0 0 0 0 -18 -9 -7 2 3 N N N N 39 22 3 -3 -3
1 10016 -72 52 0 -6 0 0 0 0 -27 -9 -9 4 1 45 89 89 545 -101 -43 -1 5 5
1 9985 -82 24 4 11 0 0 0 0 -13 -1 4 0 -2 N N N N 16 12 3 -2 -2
1 10016 -76 36 1 -4 0 0 0 0 -20 -3 -4 -12 -3 42 88 90 545 78 30 -1 -3 -3
1 9984 -60 51 -9 -6 0 0 0 0 -26 -4 -8 -6 -5 N N N N 59 27 2 -4 -4
1 10015 -93 81 4 -6 0 0 0 0 -44 -1 -14 -25 -9 46 88 89 544 -98 -30 6 3 3
1 9984 -77 40 -7 13 0 0 0 0 -21 5 7 7 2 N N N N 76 34 2 -4 -4
1 10016 -85 19 3 -5 0 0 0 0 -10 1 -7 14 7 44 93 90 544 -72 -27 1 2 2
1 14473 -111 -62 3 -134 1 -1386 0 -2 32 -14 -65 -10 -5 N N N N 122 50 0 -5 -5
1 10821 -87 -151 0 8 0 0 0 0 81 0 21 2 2 43 87 88 544 -70 -27 1 3 3
1 10453 -76 -91 -3 13 0 0 0 0 48 12 17 -6 -2 N N N N -73 -27 1 2 2
1 10017 -87 -155 0 -7 0 0 0 0 76 33 14 -16 -8 44 88 91 543 42 22 3 -3 -3
1 10748 -90 -144 3 0 0 0 0 0 58 47 21 8 2 N N N N 89 41 3 -5 -5
1 10016 -84 -169 6 -7 0 0 0 0 46 70 28 3 2 41 87 88 543 -78 -33 -1 4 4
1 11809 -111 -172 -8 18 0 0 0 0 26 89 21 -10 -2 N N N N 112 44 0 -4 -4
1 10663 -81 3445 -6 -5 0 0 0 0 0 79 13 -10 -4 45 91 88 543 -89 -30 3 2 2
1 10453 -61 -157 1 -1 0 0 0 0 -28 77 12 -7 -7 N N N N 21 15 3 -2 -2
1 10017 -76 -128 15 1 0 0 0 0 -40 56 10 1 1 43 87 88 543 -96 -36 2 4 4
1 10456 -72 -169 -5 1 0 0 0 0 -65 62 -5 0 1 N N N N 77 30 -1 -4 -4
1 12693 -97 -160 11 105 90 1402 0 -2 -80 62 -55 0 0 43 86 91 542 -8 -3 1 1 1
1 10056 -91 -118 50 17 -1 0 -55 2 -70 15 -21 -4 0 N N N N -69 -30 -2 3 3
1 9734 -117 -36 1 -5 0 0 -11 2 -19 0 -2 2 1 42 88 92 542 19 -7 -8 3 3
1 10811 -118 20 -8 -2 0 0 0 0 10 -2 9 1 0 N N N N 71 34 3 -5 -5
1 10016 -109 34 11 0 0 0 0 0 17 -1 1 19 8 42 87 93 542 13 8 2 -1 -1
1 9984 -124 12 -6 -2 0 0 0 0 9 0 -1 -10 -2 N N N N 16 2 -3 0 0
1 10015 -141 92 4 0 0 0 0 0 48 -10 9 -2 3 44 91 88 542 -127 -49 1 5 5
1 9986 -122 102 -2 -1 0 0 0 0 45 -24 26 2 -1 N N N N 226 84 -4 -8 -8
1 10015 -131 61 10 3 0 0 0 0 30 -13 -1 21 13 41 89 87 541 -45 -17 1 2 2
1 9984 -118 50 -40 -5 0 0 0 0 26 -19 9 2 -7 N N N N -10 -11 -4 2 2
1 10016 -78 -55 50 11 0 0 0 0 -37 19 2 1 3 42 91 90 541 -26 -13 -1 1 1
1 9985 -100 26 -41 -6 0 0 0 0 27 -7 -16 2 4 N N N N -48 -22 -2 3 3
1 10015 -115 71 20 1 0 0 0 0 14 -28 31 -7 -4 41 88 87 541 100 40 0 -4 -4
1 9984 -111 15 -9 -12 0 0 0 0 11 -7 -1 2 4 N N N N 122 47 -1 -5 -5
