version: 66.14
glider: 195
mission: 21
dive: 268
start: 6 13 105 15 26 38
columns: rec,elaps_tms,depth,heading,pitch,roll,AD_pitch,AD_roll,AD_vbd,GC_phase,mag.x,mag.y,mag.z,sbect.TempFreq,sbect.CondFreq,wlbb2fl.sig470nm,wlbb2fl.sig700nm,wlbb2fl.sig695nm,wlbb2fl.temp,aa4330.O2,aa4330.AirSat,aa4330.Temp,aa4330.CalPhase,aa4330.TCPhase,
data:
0 17329 16 1274 -559 -51 157 2064 671 6 -62 -308 134 172524 135443 40 89 92 533 254991 97977 24516 29411 30817
1 9984 10 -84 144 33 0 0 0 0 -4 -8 -13 90 19 N N N N -853 -258 39 21 21
1 10015 -8 232 -197 64 0 0 0 0 -10 97 100 -256 -12 43 89 89 533 643 32 -118 19 19
1 9984 2 -162 -7 72 0 0 0 0 45 -32 -18 580 -2 N N N N 55 37 8 -6 -6
1 10016 4 103 155 -1 0 0 0 0 -63 45 21 -473 4 42 90 92 532 -887 -80 144 -18 -18
1 9986 -4 -56 -220 -154 0 0 0 0 77 -88 -65 332 -9 N N N N 357 53 -46 3 3
1 8651 -2 58 207 23 -2 0 17 -4 -70 33 28 -84 6 43 93 89 532 454 31 -79 11 11
1 10017 11 10 -131 -126 -1 -1 281 0 39 -44 -44 -189 12 N N N N -319 -57 35 0 0
1 10111 2 -281 148 192 1 1 261 0 26 -14 -20 51 -7 47 93 91 532 719 224 -28 -20 -20
1 9989 16 97 -24 21 -2 -2 253 0 -12 36 48 -93 -6 N N N N 1727 822 86 -108 -108
1 10013 39 239 -189 -69 1 3 242 0 7 53 48 30 -4 44 91 91 532 -11766 -1730 1590 -98 -98
1 9962 25 0 -71 206 -2 -1 269 0 15 97 46 -85 -3 N N N N 1201 1504 579 -272 -272
1 10007 23 323 24 -424 1 1 269 0 -10 -57 -21 28 1 45 92 94 532 -162 187 142 -46 -46
1 9913 32 -117 5 129 0 -1 257 0 2 9 4 48 -3 N N N N -34 62 43 -15 -15
1 10082 72 -150 61 81 -1 1 271 0 -23 -30 -17 -172 -5 42 88 91 532 -160 36 56 -14 -14
1 15790 337 -177 -111 204 666 -1 209 -1 54 16 7 -14 -14 N N N N 88 114 44 -20 -20
1 9697 295 199 387 -188 1841 1 116 1 -191 1 -44 -19 -6 44 92 91 531 36 41 15 -7 -7
1 13541 287 2 162 -141 0 -1321 291 2 -59 -37 -92 28 3 N N N N 13 34 17 -7 -7
1 10832 209 70 28 7 0 0 0 0 -21 34 7 -12 -3 41 90 89 531 -72 -26 1 3 3
1 10453 170 139 -11 8 0 0 0 0 -17 67 25 -10 -5 N N N N -66 -16 6 0 0
1 10015 167 165 16 -12 0 0 0 0 -3 80 12 -4 1 43 90 86 531 146 67 5 -8 -8
1 10752 164 129 -21 2 0 0 0 0 22 63 14 4 -1 N N N N -37 -10 3 1 1
1 10015 165 120 13 -18 0 0 0 0 24 51 0 -5 -2 45 91 89 531 -92 -34 1 3 3
1 10867 161 153 4 26 0 0 0 0 53 69 -9 1 0 N N N N 4 7 3 -1 -1
1 10016 143 130 -14 -6 0 0 0 0 57 40 -4 -4 -2 43 88 90 531 18 9 1 -1 -1
1 10454 130 133 13 -14 0 0 0 0 59 27 -14 -1 0 N N N N -15 -3 2 0 0
1 12369 133 186 -10 19 0 0 0 0 97 22 -36 -15 -7 46 92 90 531 97 41 1 -5 -5
1 10454 129 146 -3 0 0 0 0 0 74 -9 -27 0 0 N N N N -196 -73 3 7 7
1 14648 175 187 14 110 36 1359 3 2 85 -28 -76 -3 -4 42 92 89 531 163 66 1 -7 -7
1 10765 114 77 7 0 0 0 0 0 30 -25 -9 1 0 N N N N -131 -49 2 5 5
1 10016 109 37 4 4 0 0 0 0 14 -13 -5 14 7 43 98 91 531 -14 -5 0 1 1
1 9985 110 -3 4 0 0 0 0 0 -1 1 3 -12 -5 N N N N -8 -6 -2 1 1
1 10015 106 -36 -3 8 0 0 0 0 -14 13 -2 -2 -1 43 91 88 531 -71 -26 2 2 2
1 9985 109 -17 -9 -7 0 0 0 0 -6 6 3 10 3 N N N N -1 1 1 0 0
1 10015 116 4 8 2 0 0 0 0 1 -2 1 -7 -4 44 93 89 530 -4 -4 -1 1 1
1 9983 110 24 -3 -4 0 0 0 0 10 -8 -2 5 4 N N N N -46 -16 1 1 1
1 10016 117 -20 5 2 0 0 0 0 -8 7 3 10 5 42 89 88 530 94 35 -2 -3 -3
1 9985 115 -11 -16 -8 0 0 0 0 -4 4 -2 -3 -4 N N N N -147 -63 -2 7 7
1 10017 123 65 20 3 0 0 0 0 24 -24 0 -4 -3 43 91 92 530 10 5 1 -1 -1
1 9983 113 19 -13 4 0 0 0 0 6 -8 -9 -8 -2 N N N N -44 -16 1 2 2
1 10016 105 22 -2 -11 0 0 0 0 8 -8 0 1 -1 48 94 90 530 14 9 2 -2 -2
1 9983 125 42 8 7 0 0 0 0 12 -18 -5 2 -1 N N N N -31 -12 0 2 2
1 10018 125 11 -5 14 0 0 0 0 3 -5 -5 -6 -2 46 94 87 530 123 49 0 -6 -6
1 9984 120 -45 19 7 0 0 0 0 -13 20 9 -5 -2 N N N N -116 -43 2 5 5
1 10015 113 27 -8 -18 0 0 0 0 8 -12 -1 3 1 44 96 88 530 7 2 -1 0 0
1 9983 111 12 -14 -9 0 0 0 0 4 -5 -4 34 4 N N N N 42 17 0 -2 -2
1 10019 106 -11 6 17 0 0 0 0 -3 5 -1 -31 -4 43 88 87 530 -81 -38 -3 4 4
1 9982 126 -19 -13 -9 0 0 0 0 -6 8 -1 -8 -4 N N N N -14 -1 3 0 0
1 20017 252 -31 16 5 0 0 0 0 -10 13 8 10 2 47 93 88 530 275 113 1 -13 -13
1 19984 262 16 -7 10 0 0 0 0 5 -7 -7 13 4 N N N N -114 -48 -1 6 6
1 20015 252 -16 8 -15 0 0 0 0 -5 7 7 -5 -3 46 92 89 530 -107 -54 -6 7 7
1 19985 239 -28 -5 -4 0 0 0 0 -9 11 5 16 10 N N N N 151 55 -4 -5 -5
1 20015 261 -129 -4 23 0 0 0 0 -51 45 4 76 20 41 89 91 530 -121 -52 -1 5 5
1 19983 254 -276 11 -17 0 0 0 0 -133 50 52 381 123 N N N N -275 -263 -86 45 45
1 20018 204 -173 22 0 35 0 0 0 -94 -2 25 175 71 44 90 96 530 -609 -346 -57 48 48
1 19983 202 -185 -3 0 0 0 0 0 -90 -32 25 254 101 N N N N -407 -284 -69 44 44
1 20016 190 -115 0 3 0 0 0 0 -50 -32 12 194 57 43 88 95 530 -381 -246 -53 36 36
1 19984 204 -29 0 -5 0 0 0 0 -13 -10 4 226 49 N N N N -529 -327 -65 49 49
1 20016 199 66 4 2 0 0 0 0 27 21 -9 108 16 42 86 94 530 -805 -424 -59 57 57
1 19985 209 122 1 3 0 0 0 0 55 32 -15 10 -3 N N N N -998 -444 -26 55 55
1 20014 223 108 0 -2 0 0 0 0 54 17 -12 -15 -6 43 90 90 529 -749 -308 -4 36 36
1 19985 209 92 -1 2 0 0 0 0 48 8 -14 -9 -5 N N N N -553 -220 0 25 25
1 20017 221 79 1 -1 0 0 0 0 41 0 -10 4 -4 43 83 89 529 -368 -146 1 16 16
1 19984 194 84 -1 -1 0 0 0 0 44 -6 -12 63 9 N N N N -466 -200 -8 25 25
1 20016 176 52 2 2 0 0 0 0 26 -7 -8 779 197 42 79 76 529 -628 -320 -40 43 43
1 19983 175 211 7 -1 0 0 0 0 98 -51 -22 1597 473 N N N N -3367 -1966 -367 296 296
1 20016 154 299 -2 1 0 0 0 0 93 -125 -22 333 56 41 76 74 529 -6422 -2998 -274 412 412
1 19984 174 -3294 2 -6 0 0 0 0 15 -158 -2 974 230 N N N N -5717 -2661 -252 381 381
1 20017 162 177 2 3 0 0 0 0 -32 -87 7 935 311 40 77 68 529 -3876 -1827 -194 273 273
1 24160 217 41 -7 124 -9 1403 1 -2 -11 -11 32 1542 506 N N N N -3225 -1793 -342 304 304
1 20016 177 -151 4 -5 0 0 0 0 34 69 -20 2041 657 40 76 62 529 -3511 -2136 -505 390 390
1 20453 167 3210 7 -3 0 0 0 0 -10 197 -35 2077 672 N N N N -3770 -2340 -595 449 449
1 20015 158 -235 -12 1 0 0 0 0 -70 101 -9 1944 534 40 76 60 529 -4269 -2140 -351 383 383
1 20459 162 -65 15 2 0 0 0 0 -28 23 7 1340 533 N N N N -7548 -3621 -544 665 665
1 20014 152 -91 -2 7 0 0 0 0 -40 27 0 913 339 39 71 56 529 -7911 -3506 -403 650 650
1 21183 172 -197 7 -35 0 -220 1 -1 -101 34 33 1517 470 N N N N -6211 -2722 -318 529 529
1 19284 144 -292 -4 -96 0 -1169 0 3 -151 -27 85 1706 508 40 71 54 529 -3797 -1829 -335 393 393
1 19987 144 -200 4 3 0 0 0 0 -91 -53 16 1137 473 N N N N -3364 -1777 -436 415 415
1 20014 124 -151 5 5 0 0 0 0 -54 -56 9 2790 871 41 70 53 529 -3013 -1485 -317 344 344
1 19984 128 -118 -1 -2 0 0 0 0 -30 -53 7 812 343 N N N N -3589 -1902 -506 473 473
1 20017 121 -173 -1 -1 0 0 0 0 -22 -86 5 1070 365 38 70 50 529 -3095 -1538 -366 382 382
1 19983 124 -190 4 -1 0 0 0 0 7 -96 -3 1153 382 N N N N -3659 -1643 -299 399 399
1 20016 119 -228 -5 -1 0 0 0 0 49 -106 -10 1034 352 39 70 50 529 -3777 -1721 -345 434 434
1 19985 118 -117 2 1 0 0 0 0 41 -44 -8 319 152 N N N N -3715 -1500 -180 361 361
1 20015 120 -63 0 -2 0 0 0 0 26 -20 -6 933 244 37 74 52 529 -2161 -853 -91 207 207
1 19984 126 -38 3 0 0 0 0 0 15 -12 -6 772 220 N N N N -2127 -967 -212 262 262
1 20016 129 22 6 3 0 0 0 0 -11 7 2 1282 336 38 72 50 530 -2661 -1132 -199 300 300
1 19986 126 68 7 3 0 0 0 0 -30 22 5 589 233 N N N N -2634 -1183 -266 332 332
1 20013 144 119 -3 0 0 0 0 0 -41 45 9 1489 339 40 69 48 530 -2234 -960 -190 268 268
1 19984 117 224 -4 -2 0 0 0 0 -50 102 10 1015 356 N N N N -1740 -911 -318 289 289
1 20017 127 269 6 -4 0 0 0 0 -5 135 -1 2686 662 40 68 50 530 -2154 -1121 -398 361 361
1 26751 152 339 -19 -118 0 -1376 1 -2 90 119 30 600 377 N N N N -4009 -1841 -515 575 575
1 20487 105 236 -1 2 0 0 0 0 105 69 -8 692 225 39 70 49 530 -3376 -1306 -192 379 379
1 21573 112 187 -1 -4 0 0 0 0 97 23 -16 860 273 N N N N -1869 -758 -150 233 233
1 20486 98 132 2 4 0 0 0 0 70 -1 -16 421 233 37 73 48 530 -1145 -578 -221 202 202
1 22230 111 120 -2 117 -7 1386 0 2 61 4 -73 724 227 N N N N -1935 -780 -159 245 245
1 20827 85 75 9 2 0 0 0 0 35 -17 -6 625 147 36 70 46 531 -2026 -756 -102 229 229
1 19984 87 48 6 3 0 0 0 0 21 -13 -4 1202 262 N N N N -1335 -466 -31 136 136
1 20015 103 139 5 -1 0 0 0 0 55 -49 -7 392 272 40 71 50 531 -565 -384 -232 157 157
1 19985 103 183 2 -1 0 0 0 0 52 -81 -9 378 139 N N N N -1324 -586 -183 205 205
1 20016 101 89 -1 2 0 0 0 0 15 -44 -3 1840 432 38 68 47 531 -1427 -632 -200 223 223
1 19983 97 3 -1 -2 0 0 0 0 0 -2 0 2193 637 N N N N -1116 -565 -247 217 217
1 20017 91 33 4 2 0 0 0 0 4 -17 0 714 344 35 68 46 532 -591 -476 -349 214 214
1 19984 99 7 -4 -3 0 0 0 0 0 -4 0 237 175 N N N N -1666 -736 -251 270 270
1 20016 102 8 6 0 0 0 0 0 1 -4 2 378 143 40 69 46 532 -1716 -620 -94 205 205
1 19984 105 57 2 -3 0 0 0 0 3 -30 -2 1137 299 N N N N -1170 -511 -177 192 192
1 20015 115 -3479 -8 4 0 0 0 0 -5 -63 -1 350 155 38 67 46 532 -2283 -885 -211 314 314
1 19984 113 59 4 2 0 0 0 0 -8 -30 4 851 224 N N N N -2382 -830 -104 279 279
1 20017 117 94 -2 0 0 0 0 0 -18 -46 3 970 275 39 67 42 532 -1660 -648 -171 240 240
1 19984 113 159 -1 0 0 0 0 0 -48 -69 7 624 208 N N N N -1881 -741 -209 280 280
1 20016 100 195 -1 -2 0 0 0 0 -82 -64 15 960 213 41 70 44 533 -2652 -947 -167 340 340
1 25575 123 158 -12 119 -10 1369 1 -2 -77 -7 72 924 348 N N N N -3721 -1330 -257 494 494
1 20015 99 -57 7 -1 0 0 0 0 28 6 -8 381 122 40 69 43 533 -4309 -1371 -60 477 477
1 20454 89 -155 1 0 0 0 0 0 75 32 -21 899 163 N N N N -2818 -954 -133 358 358
1 20017 81 -141 1 3 0 0 0 0 57 46 -19 -124 277 35 67 42 533 -4109 -1415 -250 554 554
1 20454 89 -129 -1 -4 0 0 0 0 40 52 -20 2682 567 N N N N -7883 -2554 -257 995 995
1 20015 71 -103 -2 1 0 0 0 0 23 47 -15 454 216 39 66 41 534 -8005 -2538 -207 1030 1030
1 20454 73 -165 4 3 0 0 0 0 15 83 -19 815 242 N N N N -5978 -1887 -169 804 804
1 20017 68 3461 -3 -2 0 0 0 0 -7 71 -15 346 121 41 66 40 534 -5044 -1590 -161 704 704
1 20866 68 -161 0 -4 0 0 0 0 -31 78 -10 -184 147 N N N N -5130 -1572 -79 706 706
1 20017 75 -152 0 3 0 0 0 0 -50 64 -5 855 217 39 67 41 535 -3683 -1144 -109 538 538
1 20805 84 -146 -1 -1 0 0 0 0 -62 48 4 493 131 N N N N -1761 -582 -157 295 295
1 20016 84 -153 5 0 0 0 0 0 -76 33 9 861 193 37 69 41 535 -810 -292 -147 161 161
1 25984 113 -180 -6 -122 0 -1399 0 2 -94 1 80 1020 177 N N N N -145 -86 -130 62 62
1 20016 75 -134 8 -2 0 0 0 0 -72 -11 12 211 119 37 68 45 536 -46 -26 -34 18 18
1 19984 106 -138 2 2 0 0 0 0 -68 -28 13 147 77 N N N N -366 -127 -58 70 70
1 20017 108 -134 1 -1 0 0 0 0 -58 -41 9 174 69 37 125 41 536 -326 -119 -67 67 67
1 19983 99 -113 3 0 0 0 0 0 -41 -43 6 638 155 N N N N 124 16 -64 3 3
1 20015 110 -77 1 4 0 0 0 0 -21 -33 3 -119 37 37 109 41 537 1141 311 -74 -133 -133
1 19984 107 -80 1 -4 0 0 0 0 -19 -38 2 -10 5 N N N N 1026 293 -25 -133 -133
1 20017 102 -98 -2 1 0 0 0 0 -14 -48 3 215 44 37 93 41 537 -110 -35 -9 19 19
1 19984 100 -70 -2 -3 0 0 0 0 -5 -36 2 104 40 N N N N -580 -189 -53 96 96
1 20015 90 -64 3 2 0 0 0 0 0 -32 -2 235 28 38 70 40 538 -1232 -364 -6 171 171
1 19984 87 -53 0 2 0 0 0 0 2 -27 0 473 112 N N N N -2741 -822 -52 398 398
1 20016 94 -91 -1 -3 0 0 0 0 10 -46 -3 285 104 37 69 44 538 -1483 -452 -56 226 226
1 19985 84 -96 1 2 0 0 0 0 19 -45 -3 230 72 N N N N -486 -166 -75 92 92
1 20016 90 -113 -2 -2 0 0 0 0 32 -49 -7 165 62 38 67 43 538 38 -9 -68 16 16
1 19983 96 -125 3 1 0 0 0 0 45 -46 -9 30 29 N N N N 88 13 -43 0 0
1 20017 95 -119 1 -2 0 0 0 0 53 -34 -9 10 17 39 69 44 539 -28 -13 -15 9 9
1 27574 162 -66 -87 -115 -109 -1359 0 -2 49 -32 -51 146 40 N N N N -128 -46 -28 26 26
1 20016 134 182 -6 2 0 0 0 0 -79 41 36 185 59 39 71 41 539 275 72 -26 -30 -30
1 20453 151 208 2 -2 0 0 0 0 -68 74 38 141 66 N N N N 843 229 -55 -102 -102
1 20017 152 198 -2 0 0 0 0 0 -34 90 32 100 34 37 69 41 539 1309 369 -39 -170 -170
1 20456 146 215 3 2 0 0 0 0 1 108 23 163 44 N N N N 1301 372 -18 -173 -173
1 20015 159 198 -1 -4 0 0 0 0 37 94 9 235 73 37 69 42 540 1169 325 -45 -146 -146
1 20453 158 202 1 1 0 0 0 0 69 81 -5 425 111 N N N N 1699 478 -45 -215 -215
1 20016 150 160 -3 0 0 0 0 0 71 46 -14 306 109 38 71 42 540 2424 673 -81 -295 -295
1 20870 140 183 3 -1 0 0 0 0 90 29 -24 77 35 N N N N 2797 801 -20 -359 -359
1 20015 171 193 -1 2 0 0 0 0 99 0 -34 107 34 40 70 41 541 1968 553 -47 -236 -236
1 23393 150 212 74 121 82 1383 0 2 94 -27 -68 244 60 N N N N 1345 381 -18 -165 -165
1 20017 112 125 -8 0 0 0 0 0 51 -43 -13 29 58 37 70 38 541 1123 314 -26 -132 -132
1 19984 113 87 -2 -2 0 0 0 0 29 -36 -7 142 26 N N N N 1229 349 -13 -148 -148
1 20015 113 96 0 1 0 0 0 0 24 -44 -5 168 47 38 67 43 541 1173 339 1 -146 -146
1 19984 118 92 -1 0 0 0 0 0 16 -46 -5 84 40 N N N N 1193 337 -18 -140 -140
1 20015 110 72 1 4 0 0 0 0 7 -37 -1 207 44 39 71 41 542 1031 279 -43 -110 -110
1 19985 136 51 5 -5 0 0 0 0 2 -27 2 175 35 N N N N 1126 316 -17 -130 -130
1 20016 122 -3537 -2 3 0 0 0 0 -2 -33 0 164 48 39 72 43 542 1033 278 -44 -108 -108
1 19984 131 54 7 -5 0 0 0 0 -4 -28 5 190 51 N N N N 910 249 -29 -98 -98
1 20016 134 68 0 0 0 0 0 0 -8 -35 1 339 74 38 71 39 542 799 198 -67 -69 -69
1 79984 578 327 5 5 0 0 0 0 -99 -141 19 499 170 N N N N 3907 1038 -171 -390 -390
1 80016 560 579 1 -1 0 0 0 0 -294 -54 57 714 206 38 103 40 544 3168 819 -171 -294 -294
1 86928 567 -199 -18 -5 -8 -12 0 0 108 -15 -23 552 173 N N N N -126 -79 -83 47 47
1 79998 475 -216 -3 6 0 0 0 0 112 25 -23 232 74 N N N N 2325 637 -47 -240 -240
1 80001 441 -201 4 -2 0 0 0 0 90 57 -19 156 47 N N N N -2295 -675 -44 273 273
1 80000 420 -103 2 2 0 0 0 0 37 41 -5 217 64 N N N N -1830 -551 -63 230 230
1 79999 417 -179 2 -1 0 0 0 0 45 83 -10 338 87 N N N N 2413 653 -61 -247 -247
1 83704 481 3028 -9 123 -10 1397 -2 -2 -55 286 -30 185 51 N N N N -590 -209 -82 98 98
1 83710 470 -539 1 -121 0 -1397 -1 2 -256 101 98 184 58 N N N N 1160 312 -29 -117 -117
1 80013 449 -97 0 2 0 0 0 0 -51 -8 11 197 55 36 71 44 549 1361 377 -13 -145 -145
1 79985 434 -114 1 -2 0 0 0 0 -58 -19 12 285 82 N N N N 936 236 -53 -82 -82
1 80001 443 -55 2 -1 0 0 0 0 -26 -13 6 170 50 N N N N -926 -284 -44 119 119
1 79999 442 -221 -5 1 0 0 0 0 -87 -75 20 176 48 N N N N 1559 419 -38 -155 -155
1 83647 493 539 -3 -117 0 -1364 -2 -2 251 93 4 219 64 N N N N 1511 385 -72 -134 -134
1 81883 488 526 0 116 -8 1369 -1 2 240 -98 -116 55 18 N N N N 731 209 7 -81 -81
1 79999 472 59 1 -1 0 0 0 0 18 -26 -2 280 80 N N N N 472 105 -49 -31 -31
1 80000 512 24 -1 4 0 0 0 0 5 -11 -4 57 15 N N N N -553 -161 -12 64 64
1 80018 514 39 -1 -3 0 0 0 0 10 -18 -2 294 79 37 76 41 551 -601 -193 -44 82 82
1 79982 504 -4 1 3 0 0 0 0 -1 2 0 93 25 N N N N -2929 -835 -28 328 328
1 83834 564 -637 24 -6 34 -7 -3 0 -273 174 66 178 45 N N N N -4390 -1254 -51 504 504
1 80813 451 -246 0 4 0 0 0 0 -129 -23 22 154 50 N N N N -2098 -598 -22 245 245
1 80000 459 -241 2 2 0 0 0 0 -106 -69 19 192 54 N N N N 3476 956 -31 -377 -377
1 80001 467 -212 0 1 0 0 0 0 -62 -91 11 54 15 N N N N -4836 -1362 -25 552 552
1 79999 473 -172 4 -2 0 0 0 0 -24 -86 3 42 8 N N N N -2850 -800 -12 332 332
1 85707 520 631 -8 -115 0 -1367 -2 -2 196 221 20 198 55 N N N N -4534 -1285 -46 549 549
1 84899 571 669 -47 111 -66 1379 0 2 336 -37 -134 205 57 40 74 43 553 -3165 -891 -22 388 388
1 79984 625 42 -3 2 0 0 0 0 16 -16 -5 319 90 N N N N -351 -114 -41 56 56
1 80000 641 -77 1 1 0 0 0 0 -29 29 7 53 20 N N N N -77 -33 -30 20 20
1 80000 644 -265 -1 2 0 0 0 0 -123 63 33 244 72 N N N N 2728 743 -37 -315 -315
1 80000 676 -200 3 -1 0 0 0 0 -105 9 29 265 82 N N N N 6781 1855 -61 -769 -769
1 84880 633 534 20 1 22 -9 -4 0 253 -98 -60 48 12 N N N N 1494 406 -18 -163 -163
1 80001 560 250 1 -2 0 0 0 0 64 -114 -15 148 37 N N N N -1377 -392 -21 164 164
1 79999 575 78 3 0 0 0 0 0 10 -40 -3 82 19 N N N N -4715 -1313 -16 552 552
1 80015 560 -70 -5 0 0 0 0 0 -8 36 2 91 24 38 70 43 554 -4083 -1139 -18 491 491
1 79985 550 -286 3 -1 0 0 0 0 -77 129 18 82 22 N N N N 147 35 -14 -13 -13
1 85530 613 -553 -6 3 -10 10 -3 0 -269 84 65 321 86 N N N N -3944 -1112 -55 499 499
1 80001 576 -251 1 0 0 0 0 0 -122 -50 28 180 56 N N N N -2267 -641 -38 293 293
1 80001 565 -17 -2 0 0 0 0 0 -8 -4 2 339 95 N N N N -2063 -591 -60 278 278
1 79999 570 118 2 1 0 0 0 0 54 30 -14 29 14 N N N N -4897 -1356 -19 632 632
1 80001 575 2 -1 -1 0 0 0 0 1 1 1 154 35 N N N N -1268 -354 -14 169 169
1 85468 603 576 -8 -3 -9 -4 -2 0 293 -20 -74 399 124 N N N N -3648 -1032 -94 511 511
1 80000 569 314 3 1 0 0 0 0 110 -122 -27 370 102 N N N N -2959 -826 -46 412 412
1 80000 566 39 0 2 0 0 0 0 8 -19 -2 85 29 N N N N -1926 -537 -32 272 272
1 80000 522 51 2 1 0 0 0 0 9 -25 -3 295 82 N N N N -775 -224 -47 120 120
1 80000 534 -3340 -2 -1 0 0 0 0 6 -136 -2 150 48 N N N N -454 -134 -37 73 73
1 85297 596 3089 -5 119 -10 1386 -2 -2 -71 251 -24 316 82 N N N N 610 153 -57 -69 -69
1 79999 520 -589 22 -119 32 -1394 -1 2 -287 93 114 174 59 N N N N -5151 -1418 -43 731 731
1 80000 477 -189 0 2 0 0 0 0 -93 -34 20 173 45 N N N N -765 -213 -17 114 114
1 80000 495 -69 -1 -2 0 0 0 0 -31 -19 9 241 72 N N N N -4776 -1314 -55 705 705
1 80000 474 68 0 0 0 0 0 0 30 19 -8 236 65 N N N N -4600 -1260 -35 694 694
1 80000 498 -107 -2 0 0 0 0 0 -46 -32 11 217 63 N N N N -932 -259 -38 149 149
1 83648 552 599 1 -120 0 -1365 -1 -2 300 36 -12 336 97 N N N N -1059 -299 -77 177 177
1 83761 524 322 -2 117 -5 1379 0 2 139 -78 -86 352 108 N N N N -1306 -362 -59 212 212
1 80000 525 221 -2 2 0 0 0 0 54 -103 -14 203 60 N N N N 613 162 -35 -88 -88
1 80000 524 -3245 2 2 0 0 0 0 -9 -184 1 374 113 N N N N 554 141 -66 -72 -72
1 80000 529 203 2 1 0 0 0 0 -56 -92 14 739 200 N N N N -886 -253 -101 154 154
1 84001 577 2937 -7 120 -10 1387 -2 -2 45 329 -42 166 65 N N N N -689 -195 -80 120 120
1 86414 601 -703 5 -124 0 -1393 -1 2 -312 160 104 417 118 N N N N 217 50 -61 -22 -22
1 79999 557 -239 -6 2 0 0 0 0 -118 -39 28 173 57 N N N N 297 75 -38 -38 -38
1 80000 580 -262 -1 0 0 0 0 0 -101 -92 23 222 58 N N N N 984 260 -34 -143 -143
1 80000 579 -311 5 0 0 0 0 0 -52 -151 12 360 103 N N N N 253 61 -56 -27 -27
1 80001 580 -225 -3 1 0 0 0 0 18 -114 -4 115 40 N N N N 1041 273 -43 -148 -148
1 85880 665 539 -5 -125 0 -1386 0 -2 36 231 25 526 133 N N N N 596 150 -66 -76 -76
1 81110 613 806 -3 34 -1 209 0 -1 379 131 -82 318 111 N N N N 805 201 -95 -100 -100
1 80069 609 275 2 90 -7 1173 -1 3 115 -74 -71 322 86 N N N N -201 -58 -26 35 35
1 79999 607 -233 -2 0 0 0 0 0 -95 77 23 334 106 N N N N 1496 386 -81 -202 -202
1 80000 590 -318 -1 0 0 0 0 0 -163 34 41 466 133 N N N N 588 145 -74 -70 -70
1 79999 601 -111 1 0 0 0 0 0 -58 -10 15 454 135 N N N N 1247 316 -86 -160 -160
1 81825 623 457 11 2 23 1 -2 0 233 -31 -57 131 51 N N N N -1579 -427 -52 237 237
1 80823 547 139 10 -3 0 0 0 0 58 -45 -9 280 69 N N N N 547 140 -31 -72 -72
1 79999 515 -188 1 0 0 0 0 0 -82 57 19 105 32 N N N N -1476 -395 -29 218 218
1 80001 497 -171 -4 0 0 0 0 0 -87 26 18 297 79 N N N N -3106 -827 -46 463 463
1 80000 470 -21 5 1 0 0 0 0 -12 0 2 135 40 N N N N -984 -264 -30 150 150
1 79999 447 3 -3 0 0 0 -1 0 2 1 0 306 83 N N N N 1845 480 -47 -262 -262
1 80001 445 -106 2 0 0 0 0 0 -57 2 12 224 64 N N N N 3703 969 -41 -526 -526
1 80000 426 -265 1 -1 0 0 0 0 -134 -41 29 265 82 N N N N -2685 -714 -55 397 397
1 80000 410 -164 -1 -2 0 0 0 0 -69 -52 15 86 26 N N N N 619 159 -18 -86 -86
1 84471 442 533 -6 -118 -1 -1386 -1 -2 260 69 3 187 50 N N N N 1622 421 -34 -226 -226
1 81587 409 519 4 121 -4 1389 0 2 226 -119 -109 461 128 N N N N -3239 -860 -67 479 479
1 80001 399 110 3 -3 0 0 0 0 26 -52 -4 199 63 N N N N 860 218 -54 -114 -114
1 79999 396 117 -2 3 0 0 0 0 15 -60 -5 81 22 N N N N 890 231 -15 -124 -124
1 80001 397 -15 2 -5 0 0 0 0 -1 8 2 466 122 N N N N 543 131 -67 -64 -64
1 85178 450 -606 -14 125 -11 1393 -1 -2 -201 237 -19 218 72 N N N N -436 -122 -54 72 72
1 83529 464 -396 0 -118 0 -1391 -1 2 -206 -8 107 129 37 N N N N 821 212 -16 -113 -113
1 80001 457 -206 1 -1 0 0 0 0 -94 -54 22 206 61 N N N N 2983 771 -40 -410 -410
1 79998 479 -273 1 -1 0 0 0 0 -86 -113 21 216 58 N N N N -221 -63 -32 38 38
1 80000 479 -54 1 3 0 0 0 0 -10 -25 1 228 63 N N N N 22 -2 -42 6 6
1 83706 562 601 -7 -122 1 -1395 0 -2 226 174 8 314 87 N N N N -1440 -385 -65 214 214
1 81941 553 625 0 120 -9 1402 -1 2 301 -66 -133 332 88 N N N N -1106 -293 -37 163 163
1 80001 557 1 -2 -1 0 0 0 0 1 0 0 326 95 N N N N 250 55 -61 -23 -23
1 79999 570 -32 3 0 0 0 0 0 -12 13 3 367 104 N N N N 236 51 -61 -20 -20
1 80001 597 244 1 -1 0 0 0 0 68 -109 -16 245 71 N N N N 1275 322 -46 -168 -168
1 80000 591 87 -3 5 0 0 0 0 13 -44 -4 187 52 N N N N 638 157 -43 -78 -78
1 83587 654 -659 -2 118 -10 1390 -1 -2 -232 242 -6 229 62 N N N N 951 237 -50 -120 -120
1 81588 583 -268 20 -121 32 -1408 0 2 -144 -8 96 163 44 N N N N 1085 275 -20 -142 -142
1 80000 559 -135 1 -1 0 0 0 0 -68 -25 14 188 47 N N N N 1020 257 -35 -130 -130
1 80001 548 -138 2 0 0 0 0 0 -62 -39 13 173 51 N N N N 566 138 -37 -68 -68
1 80000 550 -47 1 0 0 0 0 0 -18 -17 3 372 97 N N N N 1312 327 -50 -163 -163
1 88175 626 651 -7 -121 0 -1378 -1 -2 323 54 -12 228 70 N N N N 2566 645 -61 -322 -322
1 84352 571 339 -2 124 -5 1388 0 2 146 -84 -88 306 76 N N N N 798 199 -23 -98 -98
1 80003 534 -234 -2 -1 0 0 0 0 -94 81 19 81 32 N N N N 1902 480 -34 -236 -236
1 79997 522 48 3 0 0 0 0 0 21 -14 -4 183 46 N N N N 949 235 -29 -113 -113
1 80000 521 234 -1 -2 0 0 0 0 87 -88 -18 562 145 N N N N 1461 359 -59 -169 -169
1 86018 547 -551 -9 -10 -10 -6 -1 0 -245 139 57 415 130 N N N N 5148 1281 -117 -605 -605
1 80807 509 -334 -1 10 0 0 0 0 -170 -39 36 112 36 N N N N 3938 997 -21 -467 -467
1 79998 505 -14 2 1 0 0 0 0 -6 -4 1 71 17 N N N N 1383 349 -7 -161 -161
1 80002 482 130 3 -1 0 0 0 0 62 28 -14 117 28 N N N N 904 224 -18 -101 -101
1 79998 497 -75 -1 1 0 0 0 0 -37 -14 8 137 35 N N N N 1208 299 -24 -134 -134
1 88474 571 626 -4 -1 -8 4 -1 0 317 -27 -75 101 38 N N N N 1242 303 -38 -132 -132
1 80000 499 56 -4 0 0 0 0 0 24 -18 -6 131 23 N N N N 970 244 -7 -109 -109
1 80000 512 0 4 1 0 0 0 0 0 0 1 207 54 N N N N 1785 443 -28 -195 -195
1 80000 496 14 -1 -4 0 0 0 0 5 -5 -1 299 83 N N N N 2857 705 -54 -304 -304
1 79999 484 -84 1 1 0 0 0 0 -35 28 7 94 26 N N N N 389 88 -25 -35 -35
1 80000 505 -94 0 1 1 0 -1 0 -44 24 10 219 57 N N N N 1196 291 -31 -123 -123
1 80000 497 -193 0 4 0 0 0 0 -98 27 24 141 39 N N N N 2367 589 -26 -251 -251
1 80001 505 -149 0 0 0 0 0 0 -79 -2 20 157 40 N N N N 2036 503 -28 -211 -211
1 79999 506 -319 -2 -3 0 0 0 0 -152 -68 37 187 52 N N N N 1323 320 -33 -130 -130
1 84530 589 494 -4 -119 -1 -1390 -1 -2 246 46 0 252 68 N N N N 1275 300 -49 -118 -118
1 79997 481 333 25 119 23 1390 1 2 156 -51 -90 127 32 N N N N 2241 557 -18 -230 -230
1 80000 465 23 -1 1 0 0 0 0 9 -8 -2 144 38 N N N N 2127 523 -28 -211 -211
1 80002 480 -196 -2 -1 0 0 0 0 -86 58 18 251 59 N N N N 598 137 -30 -51 -51
1 80000 507 -160 5 -2 0 0 0 0 -84 23 17 59 25 N N N N -1551 -402 -25 169 169
1 79998 506 -264 -2 -1 1 0 -1 0 -139 -11 30 67 14 N N N N -812 -209 -10 88 88
1 79999 514 -266 -1 1 0 0 0 0 -121 -70 25 83 17 N N N N -674 -174 -11 75 75
1 80001 522 -123 1 4 0 0 0 0 -43 -47 8 204 49 N N N N -1821 -473 -33 203 203
1 79999 552 87 -3 -2 0 0 0 0 29 35 -7 121 31 N N N N -1394 -359 -22 155 155
1 83651 600 605 -4 -119 -1 -1384 -1 -2 297 69 -3 76 17 N N N N -1365 -352 -19 152 152
1 82000 571 311 3 122 -4 1390 0 2 145 -55 -90 70 17 N N N N -319 -83 -11 38 38
1 80000 583 -215 -4 -3 0 0 0 0 -96 62 20 79 18 N N N N -414 -109 -13 49 49
1 79999 575 -159 2 2 0 0 0 0 -83 19 18 85 21 N N N N -218 -59 -11 27 27
1 79999 602 -160 0 1 0 0 0 0 -85 -2 18 139 32 N N N N 254 53 -25 -19 -19
1 87178 658 467 -5 -3 -8 -9 -1 0 237 -56 -51 80 21 N N N N 732 175 -19 -72 -72
1 80001 604 167 -2 0 0 0 0 0 64 -62 -15 213 51 N N N N 895 214 -24 -87 -87
1 79999 599 167 4 0 0 0 0 0 41 -78 -9 63 17 N N N N 764 183 -19 -74 -74
1 80000 588 -55 -2 0 0 0 0 0 -11 27 2 76 15 N N N N 440 105 -12 -42 -42
1 80000 574 -51 0 2 0 0 0 0 -13 24 4 94 21 N N N N 253 57 -14 -22 -22
1 84535 643 -525 -2 91 -11 1195 -1 -3 -227 155 2 126 31 N N N N 774 182 -28 -72 -72
1 79053 561 -174 -2 -93 0 -1194 0 3 -92 -11 69 99 23 N N N N 165 36 -11 -13 -13
1 79999 552 -162 -1 2 0 0 0 0 -81 -26 20 67 18 N N N N -364 -97 -14 43 43
1 80000 535 -109 2 -2 0 0 0 0 -50 -29 11 97 21 N N N N -874 -225 -15 97 97
1 80001 514 64 -2 0 0 0 0 0 29 18 -6 62 15 N N N N 834 202 -14 -83 -83
1 86117 561 639 15 0 17 -4 0 0 322 -6 -72 132 33 N N N N 741 174 -25 -68 -68
1 80001 437 236 -1 -1 0 0 0 0 90 -87 -18 51 8 N N N N -1354 -338 -1 142 142
1 79999 423 57 0 1 0 0 0 0 16 -26 -4 204 51 N N N N -1003 -265 -35 118 118
1 80002 399 9 1 3 0 0 0 0 2 -4 0 54 15 N N N N -921 -235 -14 102 102
1 79998 417 -154 0 -3 0 0 0 0 -47 67 9 43 11 N N N N -358 -92 -8 40 40
1 85059 450 -512 -8 1 -7 4 -1 0 -246 98 52 70 15 N N N N 365 84 -13 -34 -34
1 79999 391 -125 2 0 0 0 0 0 -66 -11 14 135 31 N N N N -1451 -367 -17 160 160
1 80002 402 29 0 -1 0 0 0 0 15 3 -3 163 39 N N N N -2523 -635 -21 278 278
1 79999 411 -218 -2 0 0 0 0 0 -106 -44 24 212 56 N N N N 1456 349 -31 -146 -146
1 79999 425 -235 -1 0 0 0 0 0 -87 -87 20 221 59 N N N N -776 -209 -41 97 97
1 78746 164 114 290 -75 163 -501 -305 -4 -5 16 -29 98 30 N N N N -830 -217 -27 98 98
1 103550 -178 80 170 9 345 0 -405 0 18 47 -84 -1 -2 N N N N -226 -58 -5 26 26
1 56399 -379 -64 -20 14 -1 1 -245 0 -23 -21 -8 -167 -29 N N N N -106 -20 16 6 6
1 82424 -741 168 -116 149 1 1382 -208 2 79 63 -31 -326 -87 N N N N 1665 436 57 -198 -198
1 80706 -823 703 1 -122 9 -1382 -1 2 342 -50 166 -272 -72 N N N N -1093 -254 46 102 102
1 80000 -814 -82 -5 -2 0 0 0 0 -33 26 -9 -125 -29 N N N N 3177 801 26 -349 -349
1 79999 -813 -394 5 -4 0 0 0 0 -196 52 -60 -113 -25 N N N N 130 40 18 -20 -20
1 80001 -788 -409 -1 2 0 0 0 0 -188 -88 -64 -233 -59 N N N N 373 110 39 -53 -53
1 79999 -778 -222 -2 0 0 0 0 0 -63 -94 -26 -89 -18 N N N N 2357 592 12 -253 -253
1 82706 -732 551 -23 126 -47 1395 -1 -2 212 185 16 -125 -31 N N N N -875 -208 24 84 84
1 83941 -683 548 -7 -125 1 -1407 -1 2 274 -78 134 -141 -33 N N N N 908 237 25 -104 -104
1 80000 -605 -353 0 2 0 0 0 0 -170 74 -42 -114 -26 N N N N 878 227 17 -98 -98
1 80000 -622 -313 -1 -1 0 0 0 0 -162 -25 -43 -102 -24 N N N N -149 -29 18 9 9
1 80001 -612 -345 -1 1 0 0 0 0 -134 -116 -40 -138 -36 N N N N -645 -150 26 59 59
1 79998 -606 -275 -1 -2 0 0 0 0 -43 -134 -19 -199 -47 N N N N -438 -100 22 38 38
1 83823 -697 669 10 123 -2 1404 -1 -2 200 268 3 -150 -42 N N N N -1533 -368 37 150 150
1 82591 -666 576 -10 -121 1 -1410 0 2 292 -53 136 -81 -17 N N N N -537 -129 14 52 52
1 79998 -628 -233 1 -1 0 0 0 0 -111 53 -26 -132 -31 N N N N -768 -185 18 76 76
1 80001 -622 -295 -2 0 0 0 0 0 -155 -1 -41 -107 -25 N N N N -459 -108 17 43 43
1 80000 -644 -318 2 1 0 0 0 0 -143 -83 -40 -153 -39 N N N N 287 82 26 -39 -39
1 80000 -635 -381 1 0 0 0 0 0 -81 -175 -30 -82 -20 N N N N -528 -123 19 50 50
1 83646 -705 648 4 123 0 1409 0 -2 197 258 1 -119 -25 N N N N 2148 547 18 -237 -237
1 82355 -680 664 -5 -131 0 -1402 0 2 329 -83 144 -213 -53 N N N N 1970 508 32 -219 -219
1 79999 -600 -298 -5 6 0 0 0 0 -136 81 -32 -69 -17 N N N N 1669 426 16 -182 -182
1 80000 -592 -298 -2 1 0 0 0 0 -157 4 -39 -43 -8 N N N N 965 248 11 -104 -104
1 80000 -585 -307 -4 4 0 0 0 0 -141 -74 -40 -206 -51 N N N N 1304 341 28 -146 -146
1 80000 -591 -417 2 -3 0 0 0 0 -93 -190 -30 -206 -50 N N N N 1208 319 32 -136 -136
1 85883 -664 603 16 123 0 1403 0 -2 172 250 -9 -125 -36 N N N N -2070 -509 28 204 204
1 80644 -609 665 -11 -121 0 -1409 -17 2 334 -50 143 -138 -34 N N N N -1920 -474 21 194 194
1 80000 -548 -215 -10 1 0 0 0 0 -98 56 -23 -246 -66 N N N N -2673 -657 39 269 269
1 80000 -559 -285 0 -2 0 0 0 0 -150 13 -35 -190 -48 N N N N 480 135 33 -62 -62
1 80000 -569 -389 0 -1 0 0 0 0 -179 -93 -48 -281 -77 N N N N -2861 -704 46 292 292
1 80002 -532 -351 1 3 0 0 0 0 -78 -162 -25 -189 -53 N N N N -2799 -693 36 293 293
1 80295 -600 358 16 120 0 1416 -67 -2 80 166 -24 -307 -76 N N N N 393 114 39 -56 -56
1 80247 -616 877 -11 -118 0 -1407 -57 2 424 22 153 -102 -34 N N N N -2129 -527 31 226 226
1 80811 -582 -191 -16 -1 0 0 0 0 -85 51 -22 -321 -90 N N N N -4415 -1098 61 479 479
1 80000 -592 -393 2 -3 0 0 0 0 -207 5 -45 -145 -35 N N N N -1187 -294 22 129 129
1 80001 -594 -502 -3 3 0 0 0 0 -191 -170 -49 -148 -40 N N N N -661 -159 27 68 68
1 80000 -596 -379 -4 0 0 0 0 0 -12 -192 -7 -214 -53 N N N N -1593 -397 25 177 177
1 80352 -647 654 26 120 0 1393 -16 -2 96 309 -25 -124 -38 N N N N -3536 -888 35 408 408
1 81353 -675 806 -17 -124 0 -1398 0 2 400 -2 145 -688 -186 N N N N -4611 -1146 102 529 529
1 80000 -625 -394 -7 4 0 0 0 0 -195 70 -42 -382 -113 N N N N -4085 -1023 80 487 487
1 79999 -643 -390 -2 1 0 0 0 0 -193 -65 -44 -179 -48 N N N N -1257 -315 27 152 152
1 80001 -661 -394 5 -3 0 0 0 0 -111 -168 -31 -286 -75 N N N N -2233 -561 46 275 275
1 80000 -686 -567 -1 1 0 0 0 0 78 -271 4 -498 -143 N N N N -3193 -799 96 394 394
1 83767 -767 758 21 119 0 1411 0 -2 -41 364 -36 -184 -51 N N N N -1696 -429 32 217 217
1 83821 -788 1020 -7 -116 0 -1415 0 2 473 60 152 -359 -98 N N N N -1973 -496 58 252 252
1 80000 -688 -103 -18 0 0 0 0 0 -40 33 -13 -186 -51 N N N N -1267 -321 37 165 165
1 80000 -703 -330 0 -4 0 0 0 0 -169 47 -32 -224 -62 N N N N -644 -158 45 78 78
1 80000 -705 -582 2 -1 0 0 0 0 -261 -140 -61 -228 -59 N N N N -292 -68 39 32 32
1 80001 -689 -637 0 0 0 0 0 0 -3 -312 -14 -343 -95 N N N N -1315 -330 58 170 170
1 83824 -753 752 21 117 0 1408 1 -2 39 362 -28 -316 -86 N N N N -437 -106 48 51 51
1 83940 -740 966 -23 -119 0 -1399 -1 2 463 -17 150 -410 -116 N N N N -306 -67 75 27 27
1 80000 -658 -62 -1 4 0 0 0 0 -22 26 -6 -461 -124 N N N N 1016 275 70 -156 -156
1 80000 -633 -539 3 3 0 0 0 0 -271 76 -54 -238 -77 N N N N 453 129 64 -77 -77
1 80000 -643 -658 0 -5 0 0 0 0 -244 -219 -59 -142 -36 N N N N 767 204 25 -113 -113
1 80003 -620 -602 -1 2 0 0 0 0 83 -286 6 -203 -53 N N N N -730 -185 30 96 96
1 83819 -666 681 24 122 0 1402 0 -2 -71 326 -38 -208 -57 N N N N -2889 -748 36 401 401
1 80371 -650 984 -4 -123 0 -1402 0 2 439 143 140 -463 -134 N N N N -194 -38 84 11 11
1 80806 -568 13 -25 1 0 0 0 0 12 -2 -4 -108 -31 N N N N -363 -93 18 49 49
1 80000 -583 -685 6 -2 0 0 0 0 -348 -17 -74 -342 -92 N N N N -1083 -276 54 145 145
1 80004 -581 -669 1 1 0 0 0 0 -117 -306 -38 -402 -120 N N N N -601 -146 84 72 72
1 79999 -546 -498 -3 0 0 0 0 0 160 -198 26 -136 -40 N N N N 2299 608 25 -338 -338
1 81466 -593 -901 14 -127 0 -1363 -39 -2 415 102 65 -247 -66 N N N N -2378 -620 38 338 338
1 80650 -580 2547 -6 3 0 0 0 0 -216 426 61 -199 -57 N N N N 1891 503 38 -283 -283
1 77587 -552 -670 -14 128 0 1385 -44 2 -313 -94 -130 -467 -133 N N N N -2879 -748 80 406 406
1 80001 -558 -738 -6 -5 0 0 0 0 17 -356 -9 -270 -78 N N N N -841 -215 50 116 116
1 79999 -548 -790 5 0 0 0 0 0 386 -77 72 -246 -72 N N N N 1931 517 49 -295 -295
1 80000 -573 2760 -19 3 0 0 0 0 147 381 35 -238 -64 N N N N 3162 842 41 -470 -470
1 80001 -562 -1028 -4 -3 0 0 0 0 -471 126 -72 -225 -63 N N N N 477 133 40 -77 -77
1 77294 -584 190 37 110 0 1369 -61 -2 87 52 -44 -533 -155 N N N N -271 -58 88 21 21
1 77000 -615 680 8 -107 54 -1397 -40 2 328 -108 128 -293 -93 N N N N -1285 -332 63 174 174
1 80000 -667 -90 4 1 0 0 0 0 -34 35 -7 -460 -132 N N N N 1617 442 77 -251 -251
1 80000 -660 -358 0 0 0 0 0 0 -172 76 -40 -432 -129 N N N N -896 -226 79 114 114
1 80000 -661 -344 1 3 0 0 0 0 -178 -33 -44 -354 -104 N N N N -1355 -351 71 186 186
1 80002 -648 -213 4 -3 0 0 0 0 -88 -68 -25 -445 -132 N N N N -710 -180 77 90 90
1 84703 -768 903 18 7 8 1 -2 0 427 30 112 -442 -128 N N N N -834 -212 84 109 109
1 80000 -685 37 -8 -5 0 0 0 0 17 -14 3 -136 -39 N N N N -385 -100 26 53 53
1 80000 -707 -40 2 3 0 0 0 0 -17 14 -3 -503 -146 N N N N -949 -243 86 128 128
1 80002 -685 -156 2 -4 0 0 0 0 -69 44 -17 -146 -44 N N N N -545 -143 37 77 77
1 79999 -691 -209 -2 1 0 0 0 0 -107 28 -29 -698 -203 N N N N 318 101 119 -71 -71
1 80000 -604 -196 -40 1 -40 0 0 0 -98 -11 -21 -446 -132 N N N N 1007 284 86 -170 -170
1 79999 -611 -527 2 -1 0 0 0 0 -205 -173 -48 -420 -127 N N N N -1024 -267 82 142 142
1 80000 -619 -581 -2 1 0 0 0 0 33 -286 -3 -323 -91 N N N N 533 152 57 -93 -93
1 80000 -650 -682 -2 -3 0 0 0 0 326 -120 60 -321 -98 N N N N 786 223 71 -134 -134
1 83709 -725 2491 16 -120 0 -1363 0 -2 178 429 92 -151 -45 N N N N 150 45 31 -29 -29
1 82000 -698 -839 -14 122 0 1375 0 2 -400 123 -117 -331 -90 N N N N 4487 1231 53 -690 -690
1 80000 -669 -466 -5 -2 0 0 0 0 -149 -184 -34 -283 -82 N N N N 4422 1216 52 -663 -663
1 79998 -690 -595 5 0 0 0 0 0 77 -284 4 -419 -120 N N N N 4200 1164 74 -620 -620
1 80000 -705 -619 -3 3 0 0 0 0 309 -79 60 -223 -69 N N N N 2340 652 51 -341 -341
1 80001 -713 -594 8 -3 0 0 0 0 213 214 54 -339 -96 N N N N 346 109 58 -64 -64
1 84233 -783 2486 19 4 1 -1 0 0 -346 369 -64 -530 -153 N N N N 2843 804 92 -418 -418
1 80001 -713 -692 -17 -3 0 0 0 0 -255 -227 -60 -321 -102 N N N N 5274 1473 77 -735 -735
1 79999 -703 -591 -6 -2 0 0 0 0 83 -280 11 -39 -11 N N N N 1603 446 15 -216 -216
1 80000 -708 -732 -1 0 0 0 0 0 366 -52 71 -360 -98 N N N N 4175 1170 58 -561 -561
1 80001 -701 2882 -9 6 0 0 0 0 160 321 40 -284 -81 N N N N 2857 807 54 -381 -381
1 84880 -733 -1000 7 2 -1 -4 0 0 -420 221 -75 -306 -93 N N N N 5071 1425 64 -651 -651
1 80000 -652 -567 0 -5 0 0 0 0 -190 -214 -42 -155 -39 N N N N 5501 1535 27 -673 -673
1 80016 -648 -668 -2 -3 0 0 0 0 119 -305 12 -162 -46 38 70 40 560 2830 797 31 -343 -343
1 79984 -639 -638 -25 -3 0 0 0 0 332 -25 57 -254 -72 N N N N -641 -156 48 57 57
1 80000 -636 41 16 -6 0 0 0 0 -23 -11 -4 -207 -64 N N N N -6199 -1704 43 725 725
1 85356 -683 2888 14 -115 0 -1366 0 -2 183 271 57 -184 -53 N N N N -2067 -562 29 244 244
1 83763 -668 -1110 -4 133 0 1366 0 2 -447 272 -85 -123 -38 N N N N -483 -122 32 49 49
1 80001 -626 -631 -21 -10 0 0 0 0 -170 -263 -30 -405 -108 N N N N 1680 490 59 -228 -228
1 79998 -667 -230 -2 -8 0 0 0 0 23 -116 0 -74 -20 N N N N 8844 2477 31 -1068 -1068
1 80003 -669 912 8 -1 0 0 0 0 174 388 46 -94 -28 N N N N 6404 1796 23 -740 -740
1 80016 -675 883 1 2 0 0 0 0 401 -161 61 -210 -50 37 75 41 559 402 126 27 -55 -55
1 84158 -900 -704 97 5 86 5 0 0 -321 182 -54 -353 -109 N N N N 2415 710 71 -296 -296
1 80000 -920 -496 -11 7 0 0 0 0 -218 -117 -76 -257 -73 N N N N 2673 769 42 -309 -309
1 80000 -923 -32 3 -1 0 0 0 0 -10 -13 -5 -247 -70 N N N N 1742 520 59 -213 -213
1 80000 -938 -269 -1 -6 0 0 0 0 -48 -128 -21 -328 -88 N N N N 832 264 56 -112 -112
1 80000 -903 -166 -3 4 0 0 0 0 2 -85 -1 -337 -95 N N N N -2383 -635 64 232 232
1 81590 -833 752 -25 120 -48 1385 0 -2 171 323 15 -344 -97 N N N N -2781 -746 69 279 279
1 82411 -720 774 -38 -118 -33 -1399 0 2 379 -96 145 -298 -88 N N N N -1074 -270 63 95 95
1 80015 -618 -114 -9 -3 0 0 0 0 -40 43 -9 -218 -62 38 70 43 558 -304 -63 45 17 17
1 79985 -629 -210 0 5 0 0 0 0 -98 56 -20 -231 -56 N N N N 124 49 28 -25 -25
1 79999 -628 -653 -14 -1 0 0 0 0 -323 -69 -62 -489 -141 N N N N -95 27 108 -32 -32
1 80000 -620 -852 -12 -5 0 0 0 0 -21 -400 -14 -531 -137 N N N N 3455 1024 86 -418 -418
1 83648 -638 745 49 113 0 1399 0 -2 -19 361 -42 -519 -160 N N N N -1030 -233 113 69 69
1 83707 -652 1002 -13 -114 4 -1399 0 2 472 40 142 -829 -232 N N N N -5361 -1449 156 546 546
1 79999 -617 -394 -11 7 0 0 0 0 -188 86 -41 -921 -253 N N N N -1103 -245 146 72 72
1 80002 -621 -642 -6 -8 0 0 0 0 -292 -144 -56 -487 -159 N N N N -3097 -828 129 316 316
1 20016 -167 -157 -4 3 0 0 0 0 -33 -74 -5 -366 -94 36 71 41 558 -1217 -325 54 125 125
1 19983 -154 -134 -6 2 0 0 0 0 -11 -68 -3 -212 -71 N N N N -2011 -555 53 224 224
1 20016 -145 -163 -3 -3 0 0 0 0 10 -83 0 -189 -61 38 69 43 557 -1677 -469 33 193 193
1 19985 -147 -209 6 1 0 0 0 0 44 -98 0 -197 -61 N N N N -1990 -554 49 229 229
1 20015 -167 -189 -8 0 0 0 0 0 72 -70 11 -465 -123 37 71 43 558 -2047 -566 60 236 236
1 19984 -155 -208 4 1 0 0 0 0 100 -48 14 -358 -109 N N N N -1905 -522 74 218 218
1 21958 -173 -302 79 -128 76 -1355 0 -2 147 -16 -32 -209 -90 39 73 40 558 -2447 -687 58 297 297
1 20514 -200 -305 12 5 0 0 0 0 136 66 65 -123 -53 N N N N -2428 -688 46 305 305
1 20014 -204 -317 -9 -4 0 0 0 0 84 133 57 -452 -132 38 69 41 557 -3061 -868 61 392 392
1 20469 -210 3309 0 3 0 0 0 0 -5 148 38 -269 -82 N N N N -2822 -798 69 367 367
1 20002 -210 -268 1 -3 0 0 0 0 -70 121 10 -479 -131 39 69 41 557 -1390 -387 59 176 176
1 20514 -211 -238 -5 0 0 0 0 0 -102 75 -12 -547 -175 N N N N -1371 -366 111 160 160
1 17969 -192 -185 -22 126 -65 1375 0 2 -91 57 -84 -582 -157 40 70 41 557 -3010 -850 108 401 401
1 20796 -164 -133 -25 7 0 0 0 0 -67 -2 -19 -2 -6 N N N N 698 223 65 -121 -121
1 20016 -168 -57 -5 -7 0 0 0 0 -29 -7 -3 14 -2 39 68 41 557 2239 661 13 -327 -327
1 19984 -161 -11 5 5 0 0 0 0 -6 -2 -5 -71 -7 N N N N 2292 671 -5 -323 -323
1 20016 -168 84 -2 -8 0 0 0 0 44 9 14 -658 -184 40 74 41 557 1514 473 91 -241 -241
1 19984 -188 55 1 6 0 0 0 0 29 3 3 -395 -112 N N N N -683 -177 75 72 72
1 20016 -174 15 0 1 0 0 0 0 8 0 3 -435 -133 41 70 43 557 -203 -35 75 5 5
1 19984 -168 14 -1 -4 0 0 0 0 8 0 2 -760 -229 N N N N -793 -193 134 70 70
1 20016 -184 -33 2 4 0 0 0 0 -18 0 -5 -489 -157 40 70 43 557 -2529 -716 109 330 330
1 19984 -169 -15 -1 1 0 0 0 0 -8 0 -3 -1060 -281 N N N N -588 -129 157 38 38
1 20016 -173 -5 1 -4 0 0 0 0 -3 -1 2 -612 -145 38 70 42 557 3077 963 148 -492 -492
1 19984 -173 75 -3 -2 0 0 0 0 41 0 9 -1503 -422 N N N N 5518 1734 248 -860 -860
1 20016 -151 207 13 4 0 0 0 0 105 -24 23 -2049 -572 39 71 42 557 10573 3324 348 -1543 -1543
1 19984 -170 91 -9 -2 0 0 0 0 45 -23 9 -827 -263 N N N N 5815 1858 211 -821 -821
1 20016 -154 -92 -5 -2 0 0 0 0 -42 24 -10 -625 -203 38 67 43 557 5214 1704 237 -736 -736
1 19984 -153 -46 -5 5 0 0 0 0 -23 8 -6 -1386 -382 N N N N 6350 2046 191 -834 -834
1 20017 -162 -112 -13 -4 0 0 0 0 -56 14 -12 -992 -302 38 73 46 557 3578 1230 231 -509 -509
1 19984 -165 -166 -4 2 0 0 0 0 -89 -2 -16 -855 -287 N N N N 4059 1392 234 -557 -557
1 20015 -161 -188 3 -5 0 0 0 0 -96 -31 -16 -1053 -307 39 73 46 557 4322 1477 216 -570 -570
1 19984 -162 -143 -4 0 0 0 0 0 -63 -41 -12 -906 -266 N N N N 3172 1110 186 -423 -423
1 20015 -149 -141 -3 1 0 0 0 0 -50 -54 -10 -1366 -429 39 73 48 557 3198 1211 314 -476 -476
1 19985 -157 -233 1 -1 0 0 0 0 -48 -110 -12 -1318 -391 N N N N 2992 1080 198 -400 -400
1 20015 -144 -208 3 -4 0 0 0 0 -3 -106 -8 -1508 -425 37 73 48 557 2345 945 286 -367 -367
1 19985 -141 -120 3 4 0 0 0 0 17 -59 0 -2450 -697 N N N N 1741 888 461 -382 -382
1 20015 -123 -194 -1 -7 0 0 0 0 53 -86 3 -1408 -470 37 73 45 557 2593 1133 403 -442 -442
1 19985 -131 5 7 -1 0 0 0 0 -2 2 -4 -687 -246 N N N N 1575 726 285 -285 -285
1 20017 -93 85 5 3 0 0 0 0 -27 36 -5 -685 -266 36 68 49 557 1328 582 195 -219 -219
1 19982 -127 94 2 -6 0 0 0 0 -23 43 -2 -322 -164 N N N N 1028 450 147 -167 -167
1 20017 -115 110 -3 7 0 0 0 0 -17 54 2 -404 -154 39 69 50 557 787 345 111 -127 -127
1 19984 -134 53 -2 -2 0 0 0 0 -4 27 2 -978 -284 N N N N 891 398 133 -147 -147
1 20016 -146 57 -8 1 0 0 0 0 -1 29 6 -1705 -518 40 72 50 557 1431 748 346 -295 -295
1 18775 -144 100 -8 2 1 1 -36 -4 5 51 6 -2590 -722 N N N N 2206 1018 350 -370 -370
1 19832 -159 68 -5 131 5 1366 -85 4 8 41 -13 -2735 -776 39 74 51 557 4028 1912 667 -683 -683
1 26378 -200 335 15 -12 -6 0 -1 -2 95 143 -11 -1542 -680 N N N N 7062 2907 569 -906 -906
1 20015 -142 325 1 0 0 0 0 0 157 74 16 -708 -291 38 71 50 556 5220 2067 291 -594 -594
1 20807 -147 303 6 -1 0 0 0 0 160 -13 34 -400 -169 N N N N 3001 1234 206 -352 -352
1 26015 -149 254 -1 -115 6 -1392 0 2 113 -94 76 -1118 -305 41 74 54 556 3166 1318 223 -370 -370
1 19986 -99 76 -7 -7 0 0 0 0 29 -32 1 -900 -290 N N N N 2460 1073 216 -303 -303
1 20015 -105 105 -2 2 0 0 0 0 28 -48 2 -1165 -310 39 76 52 556 2514 1100 216 -304 -304
1 19984 -93 83 -2 -2 0 0 0 0 17 -41 -1 -928 -397 N N N N 3515 1547 298 -417 -417
1 20015 -81 121 1 4 0 0 0 0 10 -62 0 -4407 -1107 38 83 55 556 2835 1739 695 -536 -536
1 19985 -97 -3428 -7 11 0 0 0 0 -7 -87 -8 -2096 -543 N N N N 4107 2026 505 -543 -543
1 20017 -95 3462 -3 -13 0 0 0 0 10 69 2 -1127 -651 38 79 56 556 3936 2107 606 -564 -564
1 19983 -109 -3571 -1 1 0 0 0 0 0 -15 -1 -693 -393 N N N N 3731 1780 358 -432 -432
1 20015 -101 64 -3 -1 0 0 0 0 -3 -34 -4 -1180 -423 38 76 64 556 4796 2087 266 -460 -460
1 19986 -107 183 -2 4 0 0 0 0 -32 -90 -10 -1247 -442 N N N N 5007 2312 372 -509 -509
1 20015 -112 217 1 1 0 0 0 0 -75 -88 -14 -647 -232 39 79 63 556 6905 2858 216 -555 -555
1 19985 -119 220 -1 4 0 0 0 0 -104 -56 -17 -1339 -385 N N N N 3684 1764 293 -365 -365
1 20016 -135 96 1 -2 0 0 0 0 -52 -11 -9 -429 -203 38 81 66 556 3225 1566 263 -316 -316
1 19984 -115 4 0 0 0 0 0 0 -2 -1 0 -401 -152 N N N N 3474 1534 160 -283 -283
1 20015 -135 -80 4 -1 0 0 0 0 42 10 8 -478 -175 41 79 66 556 2542 1158 139 -213 -213
1 19985 -140 -122 0 1 0 0 0 0 62 24 10 -520 -194 N N N N 1792 903 158 -174 -174
1 18758 -137 -197 94 -4 106 0 -35 -4 61 61 47 -740 -258 39 83 69 555 1933 925 132 -171 -171
1 20075 -144 -199 -24 -93 7 -1044 -92 4 62 65 -10 -418 -204 N N N N 2357 1176 192 -218 -217
1 25475 -201 3293 20 -21 2 -301 -1 -2 12 146 47 -609 -222 40 100 75 555 1963 1059 213 -200 -201
1 20458 -151 -170 1 2 0 0 0 0 -30 84 13 -953 -281 N N N N 2074 1078 191 -197 -197
1 20016 -134 -203 -4 -3 0 0 0 0 -61 87 0 -718 -267 42 103 78 555 1661 1019 256 -198 -198
1 22570 -151 -190 -4 2 0 0 0 0 -84 58 -12 -1172 -264 N N N N 2492 1327 241 -236 -236
1 19215 -138 -196 -12 130 -76 1369 -2 -2 -97 60 -88 -263 -113 39 83 77 555 2686 1436 256 -250 -250
1 24491 -136 -137 -46 -10 2 -5 -37 4 -66 -5 -9 -174 -49 N N N N 4927 2098 104 -306 -307
1 20016 -104 -92 -11 0 0 0 0 0 -47 -11 -9 -405 -109 41 88 84 555 2408 1087 89 -161 -160
1 19984 -102 -180 -11 -5 0 0 0 0 -84 -44 -12 -960 -241 N N N N 2700 1350 181 -211 -211
1 20016 -108 -169 4 -1 0 0 0 0 -65 -61 -13 -457 -163 40 83 88 554 2716 1359 177 -207 -207
1 19984 -95 -71 1 1 0 0 0 0 -20 -31 -6 -158 -74 N N N N 4391 1960 133 -270 -270
1 20014 -110 32 1 1 0 0 0 0 9 14 1 -20 -27 42 92 95 554 3326 1433 66 -187 -187
1 19987 -104 89 0 0 0 0 0 0 29 36 7 -11 -13 N N N N 1944 807 19 -101 -101
1 20014 -111 115 3 -1 0 0 0 0 45 40 9 -5 -7 42 96 98 554 1393 592 21 -74 -74
1 19985 -105 101 -3 2 0 0 0 0 46 27 10 5 -2 N N N N 1076 441 8 -54 -54
1 20016 -116 112 -9 0 0 0 0 0 57 22 11 -1 0 42 89 101 554 573 243 8 -30 -30
1 19984 -136 116 7 -2 0 0 0 0 61 10 11 4 0 N N N N 597 243 2 -29 -29
1 20016 -103 143 0 0 0 0 0 0 77 -4 12 4 2 43 86 103 553 441 172 -2 -20 -20
1 19985 -126 159 -1 -1 0 0 0 0 82 -26 14 3 1 N N N N 476 182 -4 -20 -20
1 20014 -117 161 -2 2 0 0 0 0 73 -46 8 6 6 44 93 109 553 432 191 11 -24 -24
1 19985 -123 169 0 0 0 0 0 0 59 -68 8 3 14 N N N N 447 175 -2 -20 -20
1 20016 -134 167 -2 1 0 0 0 0 35 -81 0 -4 16 44 92 110 552 561 234 6 -28 -28
1 18672 -116 135 72 -6 80 0 -30 -4 -10 -73 33 -1 13 N N N N 664 268 1 -32 -32
1 20042 -159 -3461 -22 8 -1 0 -101 0 -4 -70 -14 6 16 41 92 112 552 692 273 -2 -31 -31
1 27799 -221 -103 18 -116 7 -1370 -23 2 2 20 4 -3 34 N N N N 943 378 2 -43 -43
1 20546 -178 3419 10 -4 0 0 0 0 -11 90 24 -124 -6 43 94 110 551 645 267 5 -32 -32
1 21573 -169 -133 -2 2 0 0 0 0 -25 66 5 -189 -30 N N N N 778 356 26 -45 -45
1 22544 -203 -128 -7 0 0 0 0 0 -37 56 1 -214 -62 46 93 109 551 773 417 62 -58 -58
1 21041 -169 -166 3 -4 0 0 0 0 -68 57 -2 -125 -48 N N N N 654 364 59 -52 -52
1 20373 -185 -155 -4 1 0 0 0 0 -73 38 -15 -158 -59 41 96 107 551 648 337 44 -45 -45
1 22396 -161 -154 -60 127 -76 1371 0 2 -72 43 -79 -94 -43 N N N N 646 333 42 -45 -45
1 20014 -130 -18 1 2 0 0 0 0 -10 0 -3 -52 -21 43 98 105 550 479 230 22 -29 -29
1 19984 -129 13 -7 -4 0 0 0 0 8 0 4 6 0 N N N N 122 55 3 -7 -7
1 20016 -118 22 -1 -3 0 0 0 0 12 -2 4 -18 -8 45 94 106 550 220 109 12 -14 -14
1 19985 -137 14 4 7 0 0 0 0 7 1 -3 -29 -8 N N N N 224 113 13 -15 -15
1 20016 -139 11 -7 -6 0 0 0 0 7 -1 4 -46 -19 46 95 103 549 140 79 13 -11 -11
1 19983 -126 -25 1 1 0 0 0 0 -13 1 -4 -10 -6 N N N N 254 135 18 -18 -18
1 10016 -79 -32 -8 4 0 0 0 0 -16 2 -5 -6 -4 45 94 102 549 -150 -51 6 4 4
1 9984 -62 -51 -2 -1 0 0 0 0 -28 -2 -2 -1 1 N N N N 181 78 3 -9 -9
1 10017 -60 -60 0 1 0 0 0 0 -32 -6 -4 1 -3 45 96 106 548 -3 9 6 -2 -2
1 9984 -73 -76 -2 -2 0 0 0 0 -39 -11 -4 -6 -1 N N N N 59 29 3 -4 -4
1 10015 -69 -69 -5 -2 0 0 0 0 -34 -14 -3 -32 -11 45 96 102 548 38 24 5 -3 -3
1 9984 -67 -85 0 2 0 0 0 0 -40 -21 -7 6 0 N N N N 50 30 5 -4 -4
1 10016 -80 -87 -4 -1 0 0 0 0 -36 -28 -4 2 0 43 102 99 548 142 61 3 -8 -8
1 9985 -58 -57 0 0 0 0 0 0 -21 -21 -3 -16 -6 N N N N 35 19 2 -2 -2
1 10016 -77 -79 1 -5 0 0 0 0 -26 -33 -3 -13 -5 43 99 99 548 46 25 4 -3 -3
1 9983 -61 -62 -2 4 0 0 0 0 -17 -27 -1 -4 -2 N N N N 68 33 3 -5 -5
1 10015 -72 -65 -2 0 0 0 0 0 -14 -30 -3 -14 -5 46 100 95 547 35 20 3 -3 -3
1 9986 -62 -65 0 -5 0 0 0 0 -11 -32 -4 3 0 N N N N 75 36 4 -4 -4
1 10014 -70 -30 -1 3 0 0 0 0 -4 -15 1 -15 -4 44 122 96 547 55 27 2 -3 -3
1 9986 -67 5 -3 -2 0 0 0 0 0 3 0 1 -2 N N N N 177 75 3 -9 -9
1 10015 -57 48 5 -4 0 0 0 0 7 23 1 0 -1 45 98 95 547 -21 -5 2 0 0
1 9984 -75 77 6 2 0 0 0 0 15 37 0 2 0 N N N N 24 11 1 -1 -1
1 10015 -70 119 2 -1 0 0 0 0 31 53 4 -1 1 45 98 97 546 46 26 3 -4 -4
1 12127 -83 144 59 -3 106 1 -11 -4 49 53 -9 -2 -2 N N N N 153 64 2 -7 -7
1 8635 -74 110 35 3 -1 -1 -46 0 45 32 2 -3 -2 44 99 90 546 -103 -49 -4 6 6
1 14584 -128 177 -5 145 1 1376 -40 2 87 40 -49 -17 -5 N N N N 268 112 2 -13 -13
1 10831 -117 146 23 -12 0 0 0 0 72 11 27 -4 1 44 95 90 546 -95 -40 -1 5 5
1 10456 -106 141 -7 -6 0 0 0 0 75 -9 25 14 6 N N N N 113 42 -2 -4 -4
1 13776 -147 172 -28 -113 -72 -1381 0 2 86 -57 79 -11 -7 46 93 87 545 247 93 -3 -10 -10
1 10810 -74 82 -30 -2 0 0 0 0 42 -26 -1 -3 3 N N N N -90 -33 2 3 3
1 10016 -85 62 -8 1 0 0 0 0 24 -24 3 -4 -1 44 94 86 545 -4 3 2 0 0
1 9983 -60 45 0 1 0 0 0 0 15 -18 4 11 5 N N N N 197 81 1 -9 -9
1 10016 -76 33 2 -3 0 0 0 0 10 -15 3 -12 -4 44 96 84 545 -85 -37 -1 4 4
1 9985 -66 28 -3 -2 0 0 0 0 9 -13 -1 -3 0 N N N N -28 -6 2 0 0
1 10016 -77 21 1 1 0 0 0 0 6 -9 0 -16 -7 45 92 77 545 63 17 -4 -1 -1
1 9983 -64 9 0 0 0 0 0 0 3 -4 -1 17 7 N N N N 27 24 7 -4 -4
1 10016 -79 5 -6 6 0 0 0 0 2 -1 -2 -3 2 43 96 79 544 54 25 2 -3 -3
1 9984 -70 9 -2 -6 0 0 0 0 1 -6 3 10 3 N N N N -15 -6 0 1 1
1 10018 -71 -1 -3 5 0 0 0 0 1 2 -2 -1 4 43 94 76 544 125 47 -2 -5 -5
1 9983 -77 -1 4 -5 0 0 0 0 -1 -1 1 1 -3 N N N N -43 -13 3 1 1
1 10015 -72 7 -2 5 0 0 0 0 3 -2 -2 -8 -1 44 98 76 544 -44 -14 2 1 1
1 9984 -58 -22 -1 -4 0 0 0 0 -5 10 0 0 1 N N N N 93 42 2 -5 -5
1 10016 -81 2 1 1 0 0 0 0 0 -1 0 -2 0 46 94 74 544 10 10 4 -2 -2
1 9984 -74 2 -1 4 0 0 0 0 1 0 -2 -5 2 N N N N 53 20 -1 -2 -2
1 10016 -76 4 -1 -6 0 0 0 0 2 -3 0 -7 -4 46 92 70 544 29 15 2 -2 -2
1 9984 -72 -21 -13 10 0 0 0 0 -3 12 -8 11 3 N N N N 114 54 4 -6 -6
1 10016 -73 -11 24 -9 0 0 0 0 -10 2 15 -12 -7 44 96 67 543 -37 -17 -1 2 2
1 9985 -66 -6 -8 3 0 0 0 0 1 4 -5 -88 -26 N N N N -75 -11 11 -1 -1
1 10016 -70 -11 3 1 0 0 0 0 -4 5 0 61 16 43 96 68 543 101 60 11 -8 -8
1 9984 -79 -5 2 -5 0 0 0 0 -2 1 2 -86 -27 N N N N -158 -72 -5 8 8
1 10015 -85 11 -5 -1 0 0 0 0 5 -5 -2 36 14 43 91 68 543 42 44 15 -7 -7
1 9984 -69 -21 6 4 0 0 0 0 -6 11 -4 -42 -19 N N N N -18 3 6 -1 -1
1 10016 -74 -9 -3 2 0 0 0 0 -3 4 1 -32 -7 46 91 63 543 -23 0 5 -1 -1
1 9984 -82 42 -2 -6 0 0 0 0 13 -20 2 25 0 N N N N 55 39 10 -6 -6
1 10016 -74 35 1 1 0 0 0 0 6 -17 5 -57 -16 45 97 65 542 -210 -76 4 7 7
1 9984 -73 -12 -9 1 0 0 0 0 -1 6 -4 -30 -9 N N N N 145 75 10 -10 -10
1 10016 -83 -18 18 -5 0 0 0 0 -6 8 2 -4 -5 46 92 59 542 226 104 7 -12 -12
1 9984 -76 -24 -18 1 0 0 0 0 -5 10 -2 -52 -13 N N N N -260 -101 2 10 10
1 10016 -75 -78 32 4 0 0 0 0 -28 36 0 -58 -19 46 90 56 542 -130 -27 14 1 1
1 12865 -105 -104 -37 -119 0 -1365 0 -2 -35 6 31 -18 -18 N N N N 359 172 15 -22 -22
1 10844 -83 -132 35 -15 0 0 0 0 -67 32 14 20 14 42 87 57 542 -308 -111 8 11 11
1 10454 -115 -122 -4 7 0 0 0 0 -56 34 -24 23 -2 N N N N -152 -79 -10 10 10
1 13820 -121 -126 11 134 0 1367 0 2 -75 32 -58 -35 -12 43 88 56 541 236 85 -6 -8 -8
1 10768 -82 -116 -47 5 0 0 0 0 -52 -1 -21 -9 1 N N N N -28 -2 5 -1 -1
1 10015 -96 -19 36 -32 0 0 0 0 -13 -3 0 5 2 41 90 55 541 -111 -26 11 1 1
1 9985 -87 23 -27 18 0 0 0 0 14 3 4 -49 -17 N N N N -154 -54 4 5 5
1 10016 -76 17 47 -11 0 0 0 0 6 3 -10 -5 1 44 91 54 541 -13 20 15 -4 -4
1 9985 -95 -5 -41 6 0 0 0 0 -1 -4 17 -5 -2 N N N N 8 -1 -2 0 0
