version: 66.14
glider: 195
mission: 21
dive: 35
start: 4 13 105 3 33 30
columns: rec,elaps_tms,depth,heading,pitch,roll,AD_pitch,AD_roll,AD_vbd,GC_phase,mag.x,mag.y,mag.z,sbect.TempFreq,sbect.CondFreq,wlbb2fl.sig470nm,wlbb2fl.sig700nm,wlbb2fl.sig695nm,wlbb2fl.temp,aa4330.O2,aa4330.AirSat,aa4330.Temp,aa4330.CalPhase,aa4330.TCPhase,
data:
0 11903 60 1084 -492 -83 168 2192 1581 6 -42 -350 29 179351 136962 42 92 107 534 256397 97971 24218 29467 30873
1 4957 -11 90 -151 58 0 0 0 0 19 25 74 -43 -4 0 1 1 0 -436272 -166640 -48 -269988 -269988
1 5309 0 56 4 -104 0 0 0 0 -26 -12 -31 60 3 3 8 -4 0 438200 167124 -89 269959 269959
1 5001 19 -62 -92 111 0 0 0 0 41 12 28 434 0 1 -10 2 0 -131 2 28 -5 -5
1 5150 -1 -128 83 43 0 0 0 0 2 -16 -36 -406 5 -4 3 3 0 2395 999 46 -120 -120
1 5106 -4 29 38 -82 0 0 0 0 -8 -7 -26 -42 -2 2 -4 -3 0 -2745 -1130 -44 134 134
1 5818 6 -258 66 164 0 0 0 0 61 1 -30 -43 -5 1 7 3 0 1713 1000 187 -146 -146
1 5170 -11 112 36 -137 0 0 0 0 -35 -7 -19 130 5 0 -4 -1 0 -2574 -1250 -145 166 166
1 5104 -3 -69 -206 138 0 0 0 0 21 5 23 135 3 -1 3 -4 0 1322 279 -122 -8 -8
1 5023 0 247 119 -228 0 0 0 0 -48 -2 13 -228 -2 -1 -7 3 -1 714 265 -4 -29 -29
1 5333 9 -360 12 308 0 0 0 0 69 5 -18 27 1 0 4 0 1 171 100 19 -15 -15
1 4950 8 221 -22 -198 0 0 0 0 -49 -7 3 160 -1 1 0 -2 -1 -3806 -470 537 -47 -47
1 8161 1 45 11 39 -2 1 10 -4 -24 6 35 -12 -1 0 -2 1 1 -4047 -1367 106 134 134
1 6609 -20 97 -37 94 -1 1 154 0 -4 42 93 -206 -4 -4 -1 0 -1 5946 1377 -498 -63 -63
1 10327 35 24 -80 -195 1 -1 249 0 23 -38 -81 166 -1 6 17 0 1 -4546 -645 604 -40 -40
1 6650 26 -222 117 76 -1 1 160 0 12 -12 -68 -160 -2 -4 -5 4 -1 -4113 -1462 72 153 153
1 7005 20 141 -153 3 0 -1 179 0 -7 11 65 49 2 1 0 -3 0 -2429 -847 52 88 88
1 6632 24 -74 25 93 -1 0 168 0 10 6 12 -111 -1 2 -11 -2 0 -770 -263 20 27 27
1 8074 19 186 58 -243 3 0 204 0 -31 -11 -29 48 2 -2 2 7 0 -1181 -418 22 44 44
1 6631 31 -80 -144 72 -2 0 180 0 26 -1 -11 50 -12 2 -1 -6 0 -370 -122 13 12 12
1 13106 212 -143 139 105 87 1 186 -1 7 0 -8 -173 -20 1 2 1 0 -714 -244 19 25 25
1 6950 176 17 79 -37 1790 -1 2 1 -8 -2 -6 117 32 -5 -1 1 0 -221 -82 2 10 10
1 7893 173 -20 309 23 540 170 233 4 -22 1 14 69 21 3 -3 7 0 -214 -108 -15 15 15
1 10245 186 -31 14 127 -9 1237 1 -2 14 18 55 52 13 -1 6 -3 0 -345 -162 -16 22 22
1 5246 106 0 18 -17 0 0 0 0 0 -3 -5 42 14 1 -3 3 0 441 157 -8 -17 -17
1 4968 96 -45 -11 24 0 0 0 0 22 3 -1 71 23 -1 2 3 0 -396 -169 -9 22 22
1 5589 100 -12 12 -11 0 0 0 0 5 -3 -8 90 19 1 3 5 0 -169 -88 -13 13 13
1 5162 105 -18 -18 -4 0 0 0 0 12 1 -4 0 9 -1 -1 0 0 -5 -38 -21 8 8
1 5113 100 -31 1 0 0 0 0 0 13 -1 -11 161 44 2 5 5 0 -165 -93 -17 14 14
1 5029 111 -20 2 3 0 0 0 0 12 4 2 3 3 0 -5 -1 0 -70 -72 -26 13 13
1 5318 119 -36 4 1 0 0 0 0 15 0 -13 4 4 0 -2 1 0 -130 -64 -8 10 10
1 5171 106 -22 -4 -3 0 0 0 0 14 4 -1 10 2 1 3 3 0 -53 -31 -6 4 4
1 5029 105 -47 0 12 0 0 0 0 17 4 -15 0 0 -2 -3 -5 0 -14 -14 -5 3 3
1 5165 119 -15 10 -18 0 0 0 0 10 3 -4 7 3 0 2 7 0 -138 -59 -3 8 8
1 5210 117 -41 -13 14 0 0 0 0 17 6 -10 5 2 1 5 0 -1 -37 -20 -3 3 3
1 8572 194 -48 7 -22 0 -222 2 0 22 10 -18 10 2 -1 -7 -1 0 -263 -109 -5 13 13
1 9602 200 -17 35 -104 61 -1209 0 2 7 4 -41 -1 0 -1 9 3 1 -58 -29 -3 4 4
1 5323 108 2 1 -8 0 0 0 0 0 0 -1 0 -2 3 -2 1 -1 127 46 -2 -4 -4
1 5330 107 -7 3 1 0 0 0 0 2 2 -2 3 1 -1 -4 -1 0 -119 -47 -1 5 5
1 5167 100 6 1 -6 0 0 0 0 -2 -1 1 3 1 -1 0 0 0 71 27 0 -3 -3
1 5060 105 8 2 -2 0 0 0 0 -3 -3 1 14 3 -1 1 3 0 -73 -30 -1 4 4
1 5163 86 0 2 3 0 0 0 0 -1 0 -1 2 1 2 1 3 0 -36 -19 -3 3 3
1 5321 96 10 -5 -3 0 0 0 0 -3 -2 4 3 0 0 -3 -1 0 31 9 -1 -1 -1
1 5305 89 0 2 3 0 0 0 0 -1 -1 -2 4 1 2 1 1 0 -104 -41 -1 5 5
1 4957 103 13 -2 -3 0 0 0 0 -5 -3 3 6 1 0 0 4 0 -96 -40 -2 5 5
1 4949 87 -2 2 5 0 0 0 0 0 0 0 4 1 -2 0 -3 0 -62 -25 0 3 3
1 5548 97 1 0 -2 0 0 0 0 0 0 -1 -1 -1 0 -3 13 0 -72 -30 -2 4 4
1 5324 108 3 -2 0 0 0 0 0 -1 0 3 1 1 2 16 -13 0 -90 -36 0 4 4
1 5169 81 -3 1 1 0 0 0 0 1 0 -2 3 -1 -1 -13 3 0 37 13 -1 -1 -1
1 5048 99 -1 0 0 0 0 0 0 0 0 -1 4 1 0 5 1 0 -93 -36 0 4 4
1 5221 91 6 2 -4 0 0 0 0 -1 -1 3 3 1 28 -4 4 0 -153 -62 -2 8 8
1 5167 94 -5 -1 3 0 0 0 0 1 1 -2 3 0 -30 1 9 0 -125 -48 0 6 6
1 5023 88 1 1 0 0 0 0 0 0 0 1 2 0 0 -2 -13 0 -115 -46 -1 5 5
1 5169 84 8 -1 -1 0 0 0 0 -4 -2 1 4 2 2 -1 -1 0 -129 -51 0 6 6
1 5109 95 7 2 -2 0 0 0 0 -3 -2 1 2 0 2 4 0 0 -32 -15 -2 2 2
1 5309 98 4 -4 3 0 0 0 0 -2 -1 0 5 1 -3 -1 1 0 -46 -20 -1 3 3
1 4958 82 -1 1 1 0 0 0 0 1 0 1 5 1 0 -3 -2 0 0 0 0 0 0
1 4958 94 0 0 -1 0 0 0 0 0 0 0 4 2 1 -2 -1 0 -205 -83 -2 10 10
1 5480 108 4 1 0 0 0 0 0 -2 -1 1 3 0 -1 0 2 0 -109 -43 -1 6 6
1 5166 86 4 2 0 0 0 0 0 -2 -1 0 2 0 0 7 4 0 -200 -79 -1 9 9
1 5111 99 4 4 0 0 0 0 0 -2 -1 2 6 2 1 0 -6 0 -121 -47 0 6 6
1 5022 79 8 -3 -2 0 0 0 0 -3 -2 1 7 2 -1 -6 -2 0 -178 -72 -2 9 9
1 7220 127 7 -1 0 0 0 0 0 -4 -1 0 8 3 0 4 2 0 -326 -130 -2 16 16
1 10813 192 16 1 1 0 0 0 0 -7 -4 3 11 4 0 -5 -5 0 -305 -123 -3 16 16
1 10000 175 16 -1 -5 0 0 0 0 -7 -3 3 18 8 1 10 -3 0 -238 -96 -3 12 12
1 10000 177 23 0 1 0 0 0 0 -11 -4 4 16 7 -3 -4 1 0 -386 -158 -5 20 20
1 10000 162 25 -3 2 0 0 0 0 -12 -5 5 36 13 0 -2 -8 0 -458 -188 -6 24 24
1 10000 171 25 4 4 0 0 0 0 -13 -4 6 33 12 0 -4 -6 0 -356 -153 -9 20 20
1 10000 184 21 -5 -4 0 0 0 0 -10 -3 1 18 9 1 0 -1 0 -516 -213 -8 27 27
1 10000 162 36 8 -11 0 0 0 0 -18 -5 2 101 37 -3 -2 -10 0 -569 -244 -15 33 33
1 10000 141 22 -2 20 0 0 0 0 -11 -1 15 54 37 2 -2 -4 0 -842 -358 -20 48 48
1 10000 165 39 6 -13 0 0 0 0 -20 -3 2 17 -3 1 1 3 0 -709 -292 -11 38 38
1 9999 145 -46 -5 6 0 0 0 0 23 3 -8 88 34 0 -2 -2 0 -469 -202 -12 27 27
1 10001 161 38 -12 22 0 0 0 0 -19 -1 17 10 4 -2 1 -3 0 -512 -225 -16 31 31
1 10000 165 17 13 -15 0 0 0 0 -9 -1 -2 83 36 4 0 -4 0 -304 -123 -4 16 16
1 10000 148 25 6 -14 0 0 0 0 -13 -2 -2 204 80 -4 -2 -5 0 -402 -203 -29 31 31
1 10000 154 -5 -25 31 0 0 0 0 4 2 13 -4 -8 4 0 6 0 -556 -310 -57 50 50
1 10000 169 7 14 -38 0 0 0 0 -5 -3 -18 -27 13 -4 1 -4 0 -414 -121 23 10 10
1 10000 167 -20 -8 1 0 0 0 0 12 1 -2 107 13 1 0 -3 0 -263 -153 -32 26 26
1 10000 160 6 37 2 0 0 0 0 -7 0 2 326 154 -2 0 -3 0 -545 -248 -23 35 35
1 13747 183 31 -23 125 -8 1433 2 -2 -13 17 70 230 113 3 5 -3 0 -854 -504 -106 85 85
1 11016 142 1 -9 -12 0 0 0 0 1 -2 -5 643 249 -2 -6 -5 0 -1254 -675 -118 109 108
1 10884 160 -56 7 30 0 0 0 0 27 3 1 215 59 -1 -1 -1 0 -1262 -578 -59 86 86
1 10999 169 -96 2 27 0 0 0 0 49 9 -5 99 38 2 1 0 0 -1400 -651 -71 98 99
1 10471 167 -36 -12 -27 0 0 0 0 18 -2 -23 98 49 1 7 1 0 -837 -380 -37 57 56
1 11001 152 -44 -8 5 0 0 0 0 21 6 -9 132 40 -3 -4 -1 0 -895 -409 -42 62 63
1 10467 166 -8 14 -20 0 0 0 0 4 0 -8 566 231 1 -1 -2 0 -787 -376 -48 59 59
1 11001 159 -9 -4 3 0 0 0 0 4 2 -2 877 307 1 7 -4 0 -942 -613 -159 113 113
1 10472 150 27 2 2 0 0 0 0 -13 -4 8 845 288 -1 -12 0 0 -1524 -930 -222 169 169
1 11001 174 114 -8 -11 0 0 0 0 -55 -13 19 987 354 -2 2 -1 -1 -3168 -1546 -223 257 257
1 10468 168 67 4 7 0 0 0 0 -35 0 17 521 178 0 -5 3 1 -2706 -1335 -205 229 229
1 11000 173 -57 9 13 0 0 0 0 29 3 -4 1082 387 2 0 -5 0 -3224 -1482 -180 248 248
1 10472 171 -96 7 5 0 0 0 0 48 8 -17 765 234 0 5 2 0 -2739 -1455 -289 271 272
1 11003 174 -151 10 2 0 0 0 0 70 29 -29 345 120 0 -2 -2 0 -2879 -1332 -177 235 235
1 27703 405 -266 23 -130 51 -1408 1 2 96 95 -81 253 88 -2 -2 0 0 -6281 -2585 -180 437 436
1 20001 267 -200 7 -3 0 0 0 0 36 99 -12 1376 412 -2 1 -5 0 -3257 -1388 -131 248 248
1 20000 211 -30 0 -2 0 0 0 0 2 16 -1 1266 403 3 -7 1 0 -5342 -2516 -403 496 496
1 20000 207 180 1 -2 0 0 0 0 -26 -91 9 1444 484 0 4 -2 0 -6022 -2628 -324 517 517
1 20000 192 203 -3 0 0 0 0 0 -62 -87 21 2267 695 0 0 -6 0 -6021 -2735 -430 578 578
1 20000 164 210 4 -4 0 0 0 0 -91 -62 27 831 315 1 -2 0 0 -5801 -2562 -383 559 559
1 20000 147 163 2 5 0 0 0 0 -83 -23 26 492 198 -1 2 2 0 -5153 -2124 -236 461 461
1 20000 164 106 -1 -4 0 0 0 0 -56 -2 14 339 123 1 -1 -2 0 -4078 -1621 -145 355 355
1 20000 156 52 1 8 0 0 0 0 -28 3 11 374 143 1 0 -5 0 -2844 -1124 -101 252 252
1 20000 155 34 -2 -7 0 0 0 0 -17 3 2 346 117 0 15 2 0 -1732 -737 -109 176 176
1 19999 141 34 2 -2 0 0 0 0 -17 4 6 349 115 -2 -13 0 0 -1521 -637 -88 153 153
1 20000 149 14 0 4 0 0 0 0 -8 2 2 398 130 1 -3 -5 0 -1513 -649 -104 160 160
1 19999 130 -30 1 1 0 0 0 0 15 -4 -4 295 105 -2 -2 2 0 -993 -461 -102 121 121
1 20001 139 -62 1 4 0 0 0 0 32 -6 -7 422 124 -2 0 3 0 -636 -312 -81 85 85
1 19999 137 -75 -1 -2 0 0 0 0 40 -2 -13 220 71 1 4 -4 0 -284 -169 -63 50 50
1 20002 172 -57 -2 -1 0 0 0 0 30 2 -9 289 79 0 -3 -1 0 29 -61 -66 28 28
1 26646 246 -136 -4 120 -8 1405 1 -2 71 25 36 574 152 2 1 -2 0 -127 -187 -131 69 69
1 20471 197 -29 -5 -2 0 0 0 0 15 5 -5 735 191 -1 0 0 1 241 -44 -117 35 35
1 20470 216 21 3 4 0 0 0 0 -11 -3 5 2060 576 0 1 -2 0 434 -206 -328 117 117
1 20825 220 2 2 0 0 0 0 0 -1 0 1 459 202 2 -3 1 0 -466 -441 -258 153 153
1 20468 232 18 2 3 0 0 0 0 -9 -2 5 2476 758 -2 0 -1 0 -488 -551 -354 200 200
1 20473 223 -87 6 0 0 0 0 0 43 15 -14 527 233 1 0 -1 0 -1441 -839 -324 259 259
1 24000 263 -118 0 -126 0 -1412 1 2 52 24 -73 628 246 -1 -1 1 0 -2413 -1070 -237 296 296
1 20000 194 -108 1 0 0 0 0 0 41 39 -13 444 160 1 1 1 0 -2532 -997 -137 262 262
1 19999 187 -56 -3 -3 0 0 0 0 18 24 -6 205 86 -3 -2 1 0 -2197 -833 -92 217 217
1 20001 194 -124 1 3 0 0 0 0 32 57 -10 606 204 3 5 -1 0 -2239 -852 -98 226 226
1 19999 190 3377 7 -3 0 0 0 0 24 115 -6 2106 648 0 -4 -2 0 -2039 -948 -268 289 289
1 20002 175 -324 1 -1 0 0 0 0 -50 162 11 2807 812 -1 4 2 0 -3478 -1631 -489 515 515
1 19998 140 -306 -3 0 0 0 0 0 -121 105 30 2905 799 -1 -4 -1 1 -5688 -2433 -603 761 761
1 20000 131 -90 -2 2 0 0 0 0 -44 18 11 824 314 2 3 -1 0 -6347 -2460 -446 762 762
1 20000 99 18 1 0 0 0 0 0 9 -3 -2 695 273 -2 -8 0 0 -6082 -2153 -226 656 656
1 20000 116 61 -3 -1 0 0 0 0 30 -12 -8 499 185 0 2 0 0 -5222 -1807 -161 563 563
1 20001 115 32 4 0 0 0 0 0 15 -8 -4 227 95 1 -1 -1 0 -3138 -1079 -95 345 345
1 19999 109 36 -4 -1 0 0 0 0 17 -9 -4 294 92 -2 1 2 0 -2834 -970 -85 316 316
1 20000 114 34 1 -1 0 0 0 0 15 -9 -6 653 181 1 1 -4 0 -2194 -763 -85 256 256
1 20000 109 -39 -7 5 0 0 0 0 -18 10 2 770 227 -2 -3 1 0 -959 -428 -168 171 171
1 20000 113 -65 0 -17 0 0 0 0 -30 16 17 420 142 2 1 -2 1 -326 -200 -133 92 92
1 20001 102 -72 10 13 0 0 0 0 -36 14 6 564 168 0 1 2 0 -577 -237 -74 91 91
1 25232 152 42 -4 -124 0 -1363 2 -2 22 -15 52 334 119 1 -3 -1 0 -646 -294 -126 121 121
1 20942 120 63 -3 2 0 0 0 0 30 -12 -13 228 70 0 1 -1 0 -356 -172 -83 73 73
1 20945 138 -47 -3 1 0 0 0 0 -22 9 9 475 117 1 0 -1 0 -673 -263 -73 100 100
1 21468 128 -17 2 2 0 0 0 0 -9 3 1 282 79 -2 1 1 1 -1440 -505 -75 180 180
1 21058 162 -49 2 1 0 0 0 0 -24 7 9 404 98 0 4 -1 0 -1963 -661 -66 232 232
1 20943 131 -82 0 -2 0 0 0 0 -42 7 15 589 138 1 -3 1 0 -2752 -963 -152 353 353
1 21352 158 -32 -1 1 0 0 0 0 -17 1 5 449 113 -1 -3 -3 0 -3908 -1263 -67 445 445
1 21059 136 -39 -3 -1 0 0 0 0 -21 0 5 521 149 3 3 0 0 -2924 -986 -121 370 370
1 21705 139 -26 4 0 0 0 0 0 -14 -1 4 495 132 -3 -2 0 0 -3386 -1095 -72 406 406
1 21355 156 -22 -2 1 0 0 0 0 -11 -1 4 671 223 1 3 -1 0 -1893 -667 -135 270 270
1 20941 142 -1 3 -3 0 0 0 0 -1 0 0 504 171 -1 -5 1 1 -1122 -418 -125 179 179
1 20940 143 65 2 2 0 0 0 0 34 2 -10 11 35 0 6 0 0 -658 -254 -89 111 111
1 21469 162 71 0 0 0 0 0 0 38 -3 -10 32 23 1 -1 4 0 -518 -184 -42 77 77
1 21058 149 67 0 -3 0 0 0 0 34 -6 -11 48 22 -2 -3 1 0 -390 -127 -13 50 50
1 21060 162 90 2 2 0 0 0 0 45 -14 -15 33 14 1 4 -2 0 -193 -73 -24 32 32
1 22178 159 50 -1 122 -8 1386 1 2 23 -6 -62 56 18 9 -2 1 0 -172 -71 -32 33 33
1 19999 156 23 2 -1 0 0 0 0 10 -6 -4 16 9 -11 4 0 0 -50 -15 0 6 6
1 20000 135 22 3 1 0 0 0 0 10 -6 -1 0 -2 4 -8 -1 1 -41 -20 -13 10 10
1 20000 142 6 -2 0 0 0 0 0 3 -2 -1 -11 1 -2 6 1 0 -113 -32 5 11 11
1 20000 153 47 -21 9 0 0 0 0 19 -16 -15 34 7 2 -3 -4 0 -125 -41 -6 17 17
1 20001 149 28 24 -7 0 0 0 0 12 -9 7 56 15 -2 -1 1 0 -113 -49 -25 23 23
1 19999 145 60 -1 0 0 0 0 0 22 -23 -5 426 129 3 2 1 0 247 53 -41 -12 -12
1 20000 144 77 -1 -2 0 0 0 0 24 -33 -6 243 74 -3 3 1 1 956 267 -46 -90 -90
1 20000 135 98 -2 0 0 0 0 0 25 -46 -7 362 114 1 -3 -3 0 1110 299 -72 -97 -97
1 20000 131 84 0 2 0 0 0 0 14 -42 -3 196 74 0 1 3 0 1397 384 -74 -126 -126
1 20000 124 50 2 0 0 0 0 0 6 -26 -1 174 48 -2 6 0 0 873 244 -38 -82 -82
1 20000 120 -10 0 -2 0 0 0 0 -1 5 1 438 128 1 -8 -3 0 422 101 -47 -27 -27
1 20000 124 -82 3 3 0 0 0 0 -11 42 3 428 130 -1 0 2 0 920 236 -75 -71 -71
1 20000 130 -51 -1 1 0 0 0 0 -10 25 2 90 44 2 1 -1 1 694 166 -75 -44 -44
1 20000 118 -21 1 -1 0 0 0 0 -4 11 1 201 64 1 2 2 0 317 72 -40 -18 -18
1 20001 138 -52 0 -2 0 0 0 0 -14 24 4 231 68 -3 3 -2 0 -414 -162 -61 71 71
1 25882 178 -44 -8 -121 0 -1388 0 -2 -12 21 37 214 67 2 -5 1 0 -2891 -912 -61 344 344
1 20473 149 32 3 -2 0 0 0 0 9 -13 -5 100 36 0 2 0 0 -3089 -947 -22 357 357
1 20466 147 67 0 1 0 0 0 0 17 -30 -10 74 23 0 -2 -2 0 -1542 -483 -30 188 188
1 20823 150 77 0 -1 0 0 0 0 15 -36 -12 45 17 0 -1 1 1 -917 -284 -12 110 110
1 20473 148 84 0 2 0 0 0 0 11 -42 -11 25 12 -2 1 -2 0 -30 -18 -18 11 11
1 20468 137 79 0 0 0 0 0 0 4 -41 -10 29 8 2 1 1 0 287 80 -12 -28 -28
1 20829 154 -3544 0 0 0 0 0 0 -2 -29 -5 117 34 0 -1 0 0 444 129 -9 -47 -47
1 20468 154 38 -2 0 0 0 0 0 -2 -20 -4 129 40 0 1 -1 0 999 289 -23 -105 -105
1 20473 143 51 1 0 0 0 0 0 -6 -26 -4 92 30 0 1 2 1 1595 470 -20 -173 -173
1 20822 169 168 3 -4 0 0 0 0 -34 -83 -5 341 95 0 1 1 0 1225 332 -64 -111 -111
1 20467 160 173 1 1 0 0 0 0 -59 -72 2 120 41 0 0 -1 0 -2653 -829 -55 321 321
1 20473 173 148 1 2 0 0 0 0 -65 -48 8 61 21 0 -1 0 0 -4710 -1430 -26 554 554
1 22410 177 134 -5 118 -9 1384 0 2 -66 -28 75 84 24 -3 -2 -2 0 -5176 -1565 -17 623 623
1 20000 143 90 3 0 0 0 0 0 -48 -8 12 37 15 2 3 0 0 -5268 -1585 -4 650 650
1 20000 163 44 -3 3 0 0 0 0 -23 -1 7 32 11 -1 -1 2 0 -5077 -1530 -10 651 651
1 20001 156 28 7 2 0 0 0 0 -16 0 5 14 8 1 5 -2 1 -3460 -1044 -10 458 458
1 19999 162 27 -2 -7 0 0 0 0 -13 1 3 38 9 0 -4 1 0 -2277 -685 -4 306 306
1 20001 151 21 0 5 0 0 0 0 -12 1 3 85 23 1 1 1 0 -2012 -611 -15 278 278
1 20000 158 -34 -1 2 0 0 0 0 18 -1 -4 277 79 -1 -5 0 -1 -1641 -502 -29 236 236
1 19999 154 -48 -1 1 0 0 0 0 25 -1 -8 169 58 1 1 -2 1 -1339 -415 -36 198 198
1 20001 165 -29 2 -1 0 0 0 0 16 1 -3 239 72 -1 3 0 0 -1643 -504 -35 241 241
1 19999 173 0 1 1 0 0 0 0 0 0 0 218 71 0 2 0 0 -1213 -384 -63 192 192
1 20001 157 -8 19 11 0 0 0 0 1 0 -1 118 40 2 -3 1 0 -483 -155 -35 80 80
1 20000 155 -13 -19 -11 0 0 0 0 10 1 -2 138 41 -2 -2 1 1 558 155 -36 -67 -67
1 19999 154 -16 -2 -1 0 0 0 0 9 1 -2 70 23 1 1 -3 0 4045 1201 -19 -559 -559
1 20001 179 -63 5 -1 0 0 0 0 33 7 -8 216 64 -2 1 2 0 5099 1511 -29 -680 -680
1 20001 151 -73 -2 2 0 0 0 0 37 11 -10 114 38 4 1 0 0 5733 1696 -35 -733 -733
1 19998 166 -50 -2 -2 0 0 0 0 25 11 -6 65 24 -1 0 -1 0 5444 1615 -17 -676 -676
1 20001 167 -60 3 1 0 0 -1 0 28 15 -8 79 23 -2 -1 0 0 3636 1073 -21 -434 -434
1 19999 165 -64 1 1 0 0 0 0 28 20 -7 133 42 0 3 2 0 2922 860 -22 -338 -338
1 20001 170 -75 0 0 0 0 0 0 30 26 -8 172 47 0 0 -2 0 2199 639 -29 -246 -246
1 19999 161 -81 1 -1 0 0 0 0 28 33 -7 149 48 1 0 1 1 1481 423 -33 -158 -158
1 20000 166 -41 -3 1 0 0 0 0 12 18 -5 136 39 1 2 1 0 627 166 -40 -56 -56
1 20001 161 11 1 0 0 0 0 0 -3 -5 1 10 12 0 -3 -2 0 -860 -264 -15 105 105
1 20000 153 18 0 -3 0 0 0 0 -5 -8 1 16 7 -2 3 0 0 -574 -176 -10 70 70
1 19999 162 4 -2 1 0 0 0 0 -2 -1 1 31 5 -1 -2 0 0 -661 -203 -13 82 82
1 20000 149 -5 1 2 0 0 0 0 2 2 0 22 10 1 -1 -1 0 -809 -242 -4 95 95
1 20001 146 -9 0 1 0 0 0 0 2 4 -1 12 4 0 2 1 0 -803 -240 -3 95 95
1 19999 156 6 2 -2 0 0 0 0 -1 -3 0 194 60 1 -3 1 0 -681 -210 -16 86 86
1 20000 153 31 -2 1 0 0 0 0 -10 -13 4 131 51 0 1 0 1 -1611 -493 -31 203 203
1 20000 164 19 4 -3 0 0 0 0 -6 -8 1 191 28 2 -1 2 0 -1937 -593 -39 246 246
1 20000 148 -11 -2 4 0 0 0 0 3 5 0 61 5 -2 9 0 0 -1894 -569 -17 235 235
1 20001 169 -1 0 -1 0 0 0 0 1 0 0 120 62 0 -7 -1 0 -1210 -368 -21 155 155
1 25708 246 76 -59 -126 -81 -1380 0 -2 -31 -19 -62 80 28 2 3 -2 0 -1690 -512 -28 218 218
1 20468 218 95 -1 3 0 0 0 0 -38 -35 7 27 13 -3 -5 3 0 -1003 -301 -9 129 129
1 20472 239 109 3 -4 0 0 0 0 -49 -31 12 30 4 2 1 -2 1 -791 -240 -13 103 103
1 22294 234 97 35 122 37 1381 0 2 -48 -23 81 39 12 -1 2 2 -1 -550 -165 -8 72 72
1 19998 180 48 -5 2 0 0 0 0 -25 -5 7 6 0 -1 -2 -3 1 -552 -166 -6 71 71
1 20000 187 33 2 -2 0 0 0 0 -17 -3 5 19 7 1 1 0 0 -272 -82 -2 35 35
1 20001 192 19 0 1 0 0 0 0 -10 0 4 24 6 1 -2 2 0 -349 -105 -7 47 47
1 20000 183 6 1 -3 0 0 0 0 -3 -1 0 10 2 -1 2 -2 0 -266 -81 -6 36 36
1 19999 188 18 -2 6 0 0 0 0 -11 0 2 18 6 0 6 1 0 -266 -80 -2 34 34
1 20000 184 21 2 -3 0 0 0 0 -10 0 5 -3 -4 2 -5 -1 0 -222 -66 -2 29 29
1 20003 178 14 -1 1 0 0 0 0 -8 -1 2 -6 2 -2 -3 0 0 -96 -30 -3 13 13
1 29998 277 10 2 -1 0 0 0 0 -5 1 2 6 0 2 2 2 0 -65 -19 1 8 8
1 30000 292 6 -1 1 0 0 0 0 -3 0 1 22 5 1 2 0 1 -125 -39 -4 18 18
1 29999 290 4 0 2 0 0 0 0 -3 0 0 32 3 -4 -4 -1 0 -263 -81 -8 36 36
1 30002 284 -10 0 -3 0 0 0 0 6 0 -1 22 11 3 2 1 0 -318 -95 -4 42 42
1 29998 297 -40 1 2 0 0 0 0 21 0 -7 105 26 0 15 0 0 -437 -134 -13 61 61
1 34649 343 -179 -8 130 -7 1400 -2 -2 94 28 34 181 53 -2 -9 -3 0 -2047 -619 -37 277 277
1 31941 334 -195 -4 -123 0 -1408 0 2 89 39 -90 378 112 1 -5 3 0 -2384 -719 -42 326 326
1 30000 293 -75 4 -5 0 0 0 0 29 27 -9 134 46 1 -1 2 1 -3707 -1113 -59 514 514
1 30001 290 -18 1 2 0 0 0 0 7 7 -2 202 66 -1 0 -2 0 -3967 -1174 -21 550 550
1 30000 293 45 0 -2 0 0 0 0 -17 -17 5 108 36 -2 -1 -1 0 -3122 -931 -43 451 451
1 30000 317 156 0 -1 0 0 0 0 -66 -49 21 389 115 0 1 1 0 -691 -216 -43 111 111
1 29999 327 176 1 0 0 0 0 0 -88 -30 27 250 81 3 1 -3 0 1267 348 -74 -156 -156
1 30000 327 158 -1 0 0 0 0 0 -83 -4 26 229 75 1 -2 3 0 851 236 -42 -106 -106
1 30000 313 128 -1 0 0 0 0 0 -66 14 20 178 59 -5 1 -1 0 650 174 -50 -75 -75
1 30001 307 91 2 3 0 0 0 0 -45 19 13 89 29 2 -1 0 0 501 137 -30 -59 -59
1 30000 322 -8 -1 -1 0 0 0 0 4 -3 0 53 16 1 1 2 0 306 85 -13 -39 -39
1 30000 327 -29 3 -1 0 0 0 0 14 -6 -4 46 15 -1 66 -2 1 -13 -8 -14 7 7
1 34585 397 -124 -9 128 -10 1407 -2 -2 64 4 44 83 22 1 -64 2 0 284 79 -13 -35 -35
1 30473 340 -109 -3 -1 0 0 0 0 57 -10 -17 255 75 -1 -2 0 0 111 23 -27 -7 -7
1 30766 338 -123 3 -1 0 0 0 0 64 2 -22 119 39 0 -2 -3 0 760 209 -39 -92 -92
1 30882 334 -102 -6 -3 0 0 0 0 52 11 -21 724 216 3 5 1 0 -146 -70 -83 47 47
1 30470 322 -37 0 2 0 0 0 0 17 7 -8 235 84 -3 -4 1 0 -709 -236 -90 126 126
1 34352 362 41 7 -125 0 -1405 0 2 -20 -17 -49 261 84 2 8 -3 0 -956 -296 -56 149 149
1 30000 308 56 3 -2 0 0 0 0 -28 -9 9 208 66 -2 -8 2 0 -533 -168 -44 87 87
1 30000 303 -137 -3 5 0 0 0 0 66 28 -20 693 209 -1 1 -1 0 -1991 -611 -111 310 310
1 29998 289 -70 2 -1 0 0 0 0 31 20 -10 415 135 2 0 1 1 -1848 -559 -87 285 285
1 30001 293 -16 -1 -1 0 0 0 0 7 5 -3 679 209 -1 -5 1 0 1086 277 -120 -116 -116
1 30003 293 49 -4 -1 0 0 0 0 -21 -15 6 513 165 -1 2 -1 0 1265 332 -105 -143 -143
1 29999 311 45 4 3 0 0 0 0 -20 -13 8 424 137 2 1 0 0 608 146 -91 -55 -55
1 29998 301 72 2 -2 0 0 0 0 -35 -16 10 200 75 -2 -2 0 -1 -641 -206 -72 110 110
1 30001 290 130 -3 -2 0 0 0 0 -66 -18 20 345 101 1 4 1 1 -440 -134 -26 68 68
1 30001 300 48 3 2 0 0 0 0 -25 -3 9 454 141 -1 -2 2 0 -1236 -380 -95 199 199
1 30000 287 -59 -2 2 0 0 0 0 31 4 -8 408 126 1 0 -3 0 -2571 -757 -89 384 384
1 30001 286 -72 1 -2 0 0 -2 0 37 10 -12 217 71 0 0 1 0 -2284 -666 -60 340 340
1 29996 291 -74 0 1 0 0 0 0 36 13 -13 93 35 0 -3 0 0 -1541 -445 -33 230 230
1 29999 287 -126 -2 1 0 0 0 0 57 34 -18 397 118 0 1 0 0 -1227 -361 -53 191 191
1 30004 287 -146 -1 0 0 0 0 0 55 54 -17 431 130 1 6 -1 0 -1732 -509 -80 273 273
1 29997 278 -113 1 -3 0 0 0 0 33 50 -13 776 227 -3 -5 3 0 -1113 -331 -72 182 182
1 30004 293 59 1 -1 0 0 0 0 -16 -27 5 525 171 -1 -1 -2 1 215 26 -150 8 8
1 30000 295 128 0 -1 0 0 0 0 -43 -52 15 210 82 1 -5 0 0 842 219 -76 -103 -103
1 29998 300 174 0 0 0 0 0 0 -74 -54 24 416 126 1 8 -1 0 840 220 -70 -103 -103
1 29999 296 153 0 1 0 0 0 0 -76 -27 24 234 77 1 -4 2 0 868 228 -63 -108 -108
1 30003 286 129 3 2 0 0 0 0 -68 -6 22 231 69 -2 -1 -2 0 173 37 -47 -12 -12
1 35293 355 23 -14 126 -10 1400 -1 -2 -11 20 66 211 65 -1 2 2 0 -602 -179 -44 98 98
1 30472 322 -17 0 0 0 0 0 0 9 -1 -3 269 82 1 2 0 0 -569 -169 -40 92 92
1 30467 332 -50 3 -3 0 0 0 0 27 -1 -8 337 102 2 -2 -1 0 -219 -74 -56 46 46
1 30765 323 -50 -2 -2 0 0 0 0 26 0 -10 351 101 0 -1 -2 0 -687 -209 -79 119 119
1 30883 335 -77 2 6 0 0 0 0 39 6 -13 201 61 1 -1 1 0 -2043 -578 -43 306 306
1 32660 343 -151 1 -28 -1 -207 0 0 73 23 -41 172 52 -2 1 0 0 -1718 -486 -41 261 261
1 29988 313 -97 4 -99 1 -1196 -1 2 41 26 -57 309 88 0 -3 1 1 -680 -196 -40 109 109
1 30000 302 -67 -1 -2 0 0 0 0 25 25 -10 168 56 0 -1 0 0 -956 -276 -56 155 155
1 30001 310 -90 0 2 0 0 0 0 30 37 -10 182 56 -2 3 1 0 -594 -170 -28 94 94
1 29999 302 -121 -2 0 0 0 0 0 30 57 -10 360 100 3 0 0 0 -814 -235 -54 134 134
1 30001 301 -25 1 1 0 0 0 0 4 12 -2 206 68 1 0 -2 0 -767 -222 -53 126 126
1 29999 311 15 2 1 0 0 0 0 -3 -7 1 425 123 -1 -1 2 0 -163 -55 -58 38 38
1 30001 301 -9 0 -1 0 0 0 0 2 4 -1 371 113 -1 3 0 0 288 66 -76 -26 -26
1 30000 307 3 0 0 0 0 0 0 -1 -1 1 283 90 1 -3 0 0 898 236 -61 -119 -119
1 29999 306 -8 -1 1 0 0 0 0 2 4 0 45 21 -1 4 0 0 1354 365 -32 -192 -192
1 30000 307 -13 0 0 0 0 0 0 2 6 -1 52 16 0 -1 -2 0 824 224 -12 -117 -117
1 34177 354 59 -8 -126 0 -1386 -1 -2 -12 -16 -26 200 57 0 -5 -1 0 1174 318 -22 -165 -165
1 30471 333 126 0 -1 0 0 0 0 -34 -59 -1 176 51 -2 -1 2 0 1466 393 -39 -200 -200
1 31117 326 119 0 0 0 0 0 0 -41 -49 6 29 13 2 3 0 0 1062 288 -16 -147 -147
1 30470 323 70 0 3 0 0 0 0 -30 -25 4 461 128 1 0 0 1 898 234 -51 -113 -113
1 32518 332 136 4 27 -1 221 0 0 -63 -39 27 329 102 -2 -2 0 0 1878 497 -70 -244 -244
1 27951 258 57 19 92 23 1167 -1 2 -28 -11 61 137 45 0 0 -1 0 729 188 -45 -88 -88
1 29999 274 26 2 -1 0 0 0 0 -13 -3 5 153 48 1 2 -1 0 468 120 -27 -57 -57
1 30001 279 11 -1 2 0 0 0 0 -6 -1 2 92 29 1 2 1 0 655 172 -27 -83 -83
1 30000 257 5 1 0 0 0 0 0 -3 -1 0 52 17 -3 -2 3 0 979 263 -14 -129 -129
1 30000 260 -68 0 0 0 0 0 0 35 9 -10 287 82 1 1 -1 0 919 239 -42 -112 -112
1 30001 268 -7 1 -1 0 0 0 0 4 1 -1 6 7 0 1 1 0 1250 336 -17 -163 -163
1 29999 270 2 -2 1 0 0 0 0 -1 -1 0 -2 -1 5 -4 -3 0 667 180 -4 -87 -87
1 30000 269 5 2 -1 0 0 0 0 -3 0 1 4 0 -3 0 3 0 272 74 0 -36 -36
1 30000 267 30 -1 1 0 0 0 0 -15 -5 4 6 -1 -4 3 -2 0 153 40 -5 -19 -19
1 30001 268 27 0 2 0 0 0 0 -14 -3 5 10 2 3 -5 -1 0 146 39 -2 -19 -19
1 29999 269 52 -1 -2 0 -1 -1 0 -28 -5 6 409 105 -1 4 2 0 135 36 -3 -17 -17
1 30000 268 112 2 0 0 0 0 0 -59 -2 18 538 166 -1 0 -2 1 1504 370 -132 -159 -159
1 30000 271 26 0 1 0 0 0 0 -14 2 4 11 15 3 -3 -1 0 1304 343 -34 -159 -159
1 30000 269 14 -2 -1 0 0 0 0 -7 1 2 2 2 -1 4 3 0 450 120 -8 -56 -56
1 30000 269 12 3 1 0 0 0 0 -7 1 2 2 0 0 1 -3 0 108 28 -2 -13 -13
1 30000 276 22 -1 0 0 0 0 0 -11 2 3 -5 -3 1 -3 1 0 -138 -37 0 18 18
1 30000 278 6 2 1 0 0 0 0 -3 1 2 64 16 0 -2 1 0 -436 -119 -3 57 57
1 30001 279 48 -1 -2 0 0 0 0 -25 5 6 868 241 -2 1 -1 0 -764 -236 -99 128 128
1 29998 272 8 2 0 0 0 0 0 -4 2 1 340 111 0 3 1 0 231 38 -81 -6 -6
1 30002 269 40 -3 0 0 0 0 0 -20 7 6 506 150 1 -2 1 0 1373 340 -98 -147 -147
1 35472 341 -56 -10 128 -7 1406 -2 -2 30 14 54 119 48 -2 0 -3 0 1761 459 -45 -209 -209
1 30528 301 -87 0 0 0 0 0 0 45 -12 -11 119 35 3 0 4 0 753 196 -19 -89 -89
1 30472 301 -107 1 1 0 0 0 0 56 -6 -17 101 32 -1 0 -1 0 736 186 -35 -82 -82
1 30471 300 -120 1 -2 0 0 0 0 63 7 -20 201 53 -3 1 0 0 558 145 -14 -65 -65
1 30470 280 -99 -1 0 0 0 0 0 49 14 -19 157 51 4 -3 -2 0 886 222 -46 -95 -95
1 33233 315 -44 6 -123 0 -1405 -1 2 21 1 -62 21 9 0 -1 1 1 768 200 -15 -90 -90
1 30001 302 36 -2 -1 0 0 0 0 -17 -9 5 97 28 -1 0 -1 0 472 122 -14 -53 -53
1 30000 284 61 2 -4 0 0 0 0 -30 -12 8 61 16 -1 2 1 0 500 129 -15 -56 -56
1 30000 275 31 -3 5 0 0 0 0 -16 -5 5 66 19 1 -1 -1 0 375 95 -13 -42 -42
1 29999 287 25 0 -2 0 0 0 0 -12 -4 4 8 3 -3 3 2 0 308 80 -6 -35 -35
1 30002 279 35 1 2 0 0 0 0 -19 -4 6 91 23 3 -2 -1 0 274 71 -9 -31 -31
1 30000 290 28 1 -1 0 0 0 0 -15 -2 3 66 19 -1 5 3 0 385 96 -16 -41 -41
1 30000 266 -4 -1 -4 0 0 0 0 3 0 -1 175 46 -1 -4 -3 0 363 91 -18 -38 -38
1 29999 274 -25 0 3 0 0 0 0 13 2 -2 117 37 -1 -1 -1 0 742 186 -34 -78 -78
1 30000 290 -4 1 2 0 0 0 0 2 1 -1 50 14 6 1 0 0 520 135 -10 -59 -59
1 29999 267 -25 1 -1 0 0 0 0 8 22 -2 338 97 -5 -1 0 0 802 196 -48 -80 -80
1 30000 269 18 -3 0 0 0 -1 0 -4 -22 1 47 16 1 -2 2 0 922 238 -19 -103 -103
1 30002 280 -12 3 1 0 0 0 0 6 2 -1 43 14 0 1 0 0 515 133 -12 -56 -56
1 29998 269 -24 -1 0 0 0 0 0 12 3 -5 197 54 1 11 -1 0 524 130 -26 -53 -53
1 30002 270 31 -1 -1 0 0 0 0 -16 -4 5 143 40 -1 -8 -3 1 678 170 -25 -71 -71
1 29999 270 44 1 0 0 0 0 0 -23 -4 6 102 35 -1 2 2 -1 735 186 -24 -77 -77
1 30000 269 51 0 0 0 0 0 0 -27 -3 8 41 11 1 -3 0 1 550 141 -14 -59 -59
1 29999 271 36 0 0 0 0 0 0 -19 -1 6 6 2 3 0 -1 0 375 97 -7 -42 -42
1 30002 257 33 2 -1 0 0 0 0 -18 2 5 44 10 -2 -1 2 0 148 38 -3 -15 -15
1 29999 275 -4 -1 2 0 0 0 0 2 -1 0 70 19 -2 2 -3 0 130 29 -13 -11 -11
1 30000 259 -31 -2 -2 0 0 0 0 17 0 -5 226 60 1 -2 4 0 396 95 -25 -37 -37
1 35178 319 -135 -8 128 -11 1403 -2 -2 72 21 40 238 72 1 -1 -2 0 1219 304 -46 -123 -123
1 30915 299 -196 1 -28 1 -221 0 0 95 31 -49 193 54 -1 1 0 0 900 226 -30 -92 -92
1 29555 260 -116 3 -97 0 -1184 -1 2 48 34 -58 190 58 1 1 -1 0 1075 267 -44 -106 -106
1 30000 259 -61 0 -3 0 0 0 0 22 24 -8 264 73 1 -4 2 0 1038 264 -23 -108 -108
1 30001 267 -98 -1 0 0 0 0 0 29 43 -9 465 134 -2 4 1 0 1253 302 -67 -116 -116
1 29999 255 -98 -1 2 0 0 0 0 22 47 -8 241 77 -1 -1 -1 0 1304 315 -65 -120 -120
1 30000 257 10 1 -3 0 0 0 0 -2 -5 1 690 192 -1 1 -3 0 1044 233 -91 -81 -81
1 30000 256 -11 2 2 0 0 0 0 3 5 -1 297 98 3 -2 3 0 1544 370 -79 -139 -139
1 30001 249 -71 -2 1 0 0 0 0 11 36 -4 174 60 -1 1 -2 0 2479 625 -51 -246 -246
1 30000 244 -53 2 -1 0 0 0 0 5 28 -2 70 22 -2 3 2 0 1752 452 -16 -179 -179
1 29999 244 -53 -3 1 0 0 0 0 2 28 -2 121 34 5 1 -2 0 610 147 -25 -54 -54
1 30000 238 -14 1 -1 0 0 0 0 0 8 0 22 9 -4 -5 2 0 212 50 -12 -18 -18
1 34529 306 85 -8 -126 0 -1377 -1 -2 -5 -33 -11 158 41 3 1 -1 1 106 22 -11 -7 -7
1 30471 282 171 3 1 0 0 0 0 -28 -87 -7 253 70 0 -1 -1 -1 -112 -50 -41 27 27
1 30468 273 170 0 0 0 0 0 0 -51 -76 1 122 40 -3 2 2 1 209 39 -33 -9 -9
1 30474 273 163 0 0 0 0 0 0 -68 -57 10 142 38 1 -3 0 0 271 57 -27 -18 -18
1 35058 300 212 2 122 -9 1380 0 2 -104 -44 90 335 91 1 1 -1 0 378 82 -33 -27 -27
1 30000 255 128 0 0 0 0 0 0 -68 -3 21 296 82 -1 0 2 0 702 155 -55 -51 -51
1 30000 248 134 -4 2 0 0 0 0 -69 13 21 187 60 0 1 0 0 637 141 -48 -48 -48
1 30000 248 88 4 0 0 0 0 0 -43 17 14 56 21 1 -2 -3 0 442 103 -23 -36 -36
1 30001 259 79 -1 0 0 0 0 0 -37 20 11 87 25 -1 -1 -1 0 208 46 -16 -15 -15
1 29999 230 76 1 -1 0 0 0 0 -32 24 9 62 19 2 21 3 0 134 29 -12 -9 -9
1 30000 253 46 -2 2 0 0 0 0 -17 17 5 142 37 -4 -16 -1 0 127 20 -24 -4 -4
1 30000 257 21 4 -1 0 0 0 0 -8 8 2 7 4 3 -3 1 0 298 72 -10 -26 -26
1 30000 260 44 -2 1 0 0 0 0 -15 18 5 8 3 -3 2 -1 0 301 77 -3 -30 -30
1 30001 258 34 0 -2 0 0 0 0 -10 14 2 9 0 2 -1 0 0 267 68 -3 -26 -26
1 29999 259 28 1 4 0 0 0 0 -9 13 3 23 6 0 3 2 0 335 85 -3 -33 -33
1 34587 314 -36 -13 125 -10 1430 -2 -2 13 16 37 111 26 1 -2 0 0 659 165 -11 -62 -62
1 30473 292 -77 2 1 0 0 0 0 26 -32 -1 258 68 -1 0 -2 0 304 67 -23 -22 -22
1 30468 284 -77 0 0 0 0 0 0 29 -29 -3 383 106 0 -1 1 1 -273 -103 -60 51 51
1 30472 286 -65 0 0 0 0 0 0 28 -22 -4 206 62 -1 -1 -3 -1 196 26 -48 -1 -1
1 30468 301 -66 -2 -1 0 0 0 0 30 -19 -6 71 25 2 -1 1 0 646 153 -26 -55 -55
1 32532 331 -100 3 1 0 0 0 0 49 -22 -11 207 55 -1 1 2 0 448 102 -25 -35 -35
1 30468 315 -163 0 0 0 0 0 0 84 -18 -25 183 53 0 -2 -2 1 688 156 -40 -52 -52
1 30769 296 -116 0 -1 0 0 0 0 61 2 -21 38 13 0 5 0 0 815 200 -18 -74 -74
1 30882 304 -96 0 0 0 0 0 0 48 10 -19 28 9 1 -2 3 0 774 195 -9 -73 -73
1 32017 309 -98 19 -122 38 -1432 -2 2 47 12 -68 5 0 0 -1 -3 0 310 78 -4 -29 -29
1 30805 261 -15 7 -3 0 0 0 0 7 4 -1 -1 1 -1 -1 3 0 255 64 -3 -24 -24
1 30000 256 6 2 -1 0 0 0 0 -3 -1 1 -1 -5 1 0 0 0 117 30 -1 -11 -11
1 30000 255 -6 4 -1 0 0 0 0 3 1 -1 12 2 -2 1 -2 0 63 16 0 -7 -7
1 30000 258 -45 -3 1 0 0 0 0 19 14 -6 50 10 1 1 -1 0 -56 -17 -5 8 8
1 30001 256 -114 -1 1 0 0 0 0 45 41 -13 380 96 -1 1 2 0 48 -5 -31 8 8
1 29999 264 -33 1 -1 0 0 0 0 12 13 -3 170 53 3 -2 -1 0 442 88 -45 -26 -26
1 30001 257 -64 2 -3 0 0 0 0 20 28 -6 213 61 -1 0 1 0 676 152 -39 -50 -50
1 29999 253 -57 1 1 0 0 0 0 15 26 -5 184 54 1 0 -1 0 562 127 -32 -42 -42
1 30000 271 -31 -3 3 0 0 0 0 7 15 -2 64 20 -4 4 1 0 383 83 -26 -27 -27
1 30000 252 -10 1 -2 0 0 0 0 2 5 -1 5 4 4 -5 -1 0 162 37 -8 -12 -12
1 34883 310 74 -8 -124 0 -1384 0 -2 -18 -26 -30 2 -1 -4 1 -1 0 59 14 -2 -5 -5
1 30530 256 126 0 2 0 0 0 0 -40 -55 0 12 1 4 0 0 0 -10 -4 -1 2 2
1 30765 276 112 0 -3 0 0 0 0 -44 -42 5 396 101 -1 -1 2 0 106 8 -35 3 3
1 30822 267 88 0 2 0 0 0 0 -40 -27 7 414 114 -2 0 -1 0 590 118 -58 -33 -33
1 34001 282 68 4 122 -5 1386 -1 2 -33 -19 68 44 22 1 2 0 0 575 119 -48 -36 -36
1 30000 228 3 0 1 0 0 0 0 -1 -1 1 4 4 0 -3 -1 0 -296 -80 -8 32 32
1 29999 246 -2 -3 0 0 0 0 0 1 1 -1 1 -1 0 3 0 0 -362 -94 -2 35 35
1 30000 242 2 3 0 0 0 0 0 -1 -1 1 0 -2 0 -1 1 0 -431 -110 -1 42 42
1 30000 248 -9 -1 0 0 0 0 0 4 2 -2 -7 -3 1 -1 0 0 -414 -106 0 40 40
1 30001 239 -28 2 -1 0 0 0 0 14 6 -4 304 74 -2 0 0 1 -412 -121 -26 50 50
1 30000 236 4 0 2 0 0 0 0 -2 -1 1 181 52 1 2 -1 -1 -488 -141 -30 59 59
1 29999 233 20 -1 0 0 0 0 0 -10 -4 3 39 15 3 4 3 0 691 161 -27 -55 -55
1 30000 237 16 1 -2 0 0 0 0 -8 -3 2 13 7 -2 14 1 1 810 202 -8 -76 -76
1 30000 234 6 -1 0 0 0 0 0 -3 -1 1 10 2 0 -18 -4 0 198 49 -2 -18 -18
1 30000 234 -9 1 0 0 0 0 0 5 2 -1 28 9 -1 -1 2 0 319 78 -6 -28 -28
1 30000 230 8 -2 -2 0 0 -1 0 -4 -2 1 19 0 -1 2 0 0 384 96 -4 -35 -35
1 30001 225 -11 1 2 0 0 0 0 5 2 -2 27 7 1 -3 -1 0 224 56 -2 -20 -20
1 29999 232 -50 -3 2 0 0 0 0 25 10 -7 28 5 0 2 1 0 115 24 -8 -8 -8
1 30000 226 -30 1 0 0 0 0 0 14 8 -4 8 -1 -1 -3 -1 0 -1508 -385 -1 145 145
1 30000 224 -21 2 0 0 0 0 0 10 5 -2 37 9 0 3 -2 0 -608 -158 -7 61 61
1 30000 233 6 -1 -1 0 0 0 0 -3 -1 0 8 2 2 0 1 0 80 18 -3 -6 -6
1 30000 228 43 -2 2 0 0 0 0 -20 -11 6 12 2 -1 0 0 0 186 47 -1 -18 -18
1 30001 227 21 2 -5 0 0 0 0 -10 -5 3 39 9 1 -1 3 0 506 127 -4 -47 -47
1 29999 242 49 2 4 0 0 0 0 -25 -9 7 6 2 -2 1 0 0 793 199 -5 -74 -74
1 30001 221 13 0 -4 0 0 0 0 -6 -3 2 34 9 0 -1 -1 0 806 202 -5 -75 -75
1 29999 228 0 0 0 0 0 -1 0 0 1 0 5 1 3 0 0 0 550 139 -2 -51 -51
1 30000 231 -5 -1 3 0 0 0 0 2 1 0 1 -2 -3 0 -1 0 280 70 -1 -26 -26
1 30000 234 -4 1 1 0 0 0 0 2 0 -1 3 0 2 -1 2 0 92 24 -1 -9 -9
1 30000 229 8 0 0 0 0 0 0 -4 -1 1 4 -3 0 2 -1 0 83 20 -1 -7 -7
1 30000 235 44 0 -2 0 0 0 0 -23 -6 6 282 69 -2 -2 0 0 115 20 -16 -5 -5
1 30001 228 52 0 0 0 0 0 0 -27 -6 7 50 21 1 6 0 0 654 149 -30 -49 -49
1 29999 240 0 -3 2 0 0 0 0 0 1 1 114 28 1 -3 0 0 306 68 -17 -22 -22
1 30000 226 -8 3 1 0 0 0 0 4 -1 -2 64 19 0 2 -1 0 -116 -41 -18 18 18
1 30000 241 21 0 -1 0 0 0 0 -11 -1 4 22 6 -1 -7 1 0 -134 -38 -8 16 16
1 30000 231 22 -1 0 0 0 0 0 -12 -1 3 9 3 1 4 -2 0 40 8 -3 -2 -2
1 34824 285 -63 -7 123 -10 1403 0 -2 35 19 52 22 3 -2 -1 1 0 -78 -22 -3 8 8
1 30470 271 -110 0 1 0 0 0 0 56 12 -20 0 0 1 1 1 0 -133 -35 -3 14 14
1 32293 272 -112 0 -122 0 -1397 -1 2 52 18 -74 69 14 3 1 -2 0 -118 -33 -5 13 13
1 30001 237 -53 -1 -1 0 0 0 0 23 17 -7 28 6 -3 -4 1 1 -370 -99 -8 38 38
1 30002 235 -11 3 -1 0 0 0 0 5 3 -1 9 2 4 11 3 0 -389 -101 -4 39 39
1 29998 254 21 -1 1 0 0 0 0 -9 -7 3 77 17 -3 -9 -2 0 -237 -65 -7 25 25
1 30000 253 127 0 -3 0 0 0 0 -58 -35 16 271 71 0 1 -2 0 -137 -53 -32 26 26
1 30002 259 104 0 -1 0 0 0 0 -52 -18 16 91 28 -1 -2 3 -1 74 3 -28 4 4
1 29998 237 58 1 3 0 0 0 0 -31 -7 8 22 6 1 0 0 1 122 24 -10 -7 -7
1 30000 251 46 0 -1 0 0 0 0 -24 -2 7 30 9 -1 4 -2 0 98 22 -5 -7 -7
1 30000 237 43 0 1 0 0 0 0 -23 -1 7 16 3 1 -4 1 0 125 29 -5 -10 -10
1 30000 255 21 -1 -1 0 0 0 0 -11 0 3 -1 -1 -3 3 0 0 93 23 -2 -8 -8
1 30001 260 15 2 0 0 0 0 0 -8 1 3 1 -2 3 0 1 0 0 -1 0 0 0
1 36174 313 -54 -10 124 -8 1391 -1 -2 30 17 54 29 4 -2 -4 -3 0 11 2 -2 -1 -1
1 30473 268 -109 1 3 0 0 0 0 57 3 -18 63 18 2 2 3 0 211 48 -9 -16 -16
1 30470 275 -111 -3 -2 0 0 0 0 56 15 -21 38 6 -1 0 -4 0 161 38 -5 -13 -13
1 32882 296 -81 7 -121 0 -1397 -1 2 38 9 -68 137 34 0 0 1 0 -107 -37 -17 17 17
1 30000 258 2 1 -3 0 0 0 0 -1 0 -1 108 30 2 3 4 0 364 79 -22 -25 -25
1 30000 268 11 0 0 0 0 0 0 -5 -3 2 17 6 -2 -2 -2 0 540 131 -9 -47 -47
1 29999 271 -11 -2 2 0 0 0 0 5 3 -1 107 27 0 -2 -1 0 288 66 -12 -22 -22
1 30002 268 -39 2 0 0 0 0 0 17 11 -6 38 12 -1 1 3 0 515 123 -12 -43 -43
1 29999 245 -63 -4 -1 0 0 0 0 27 21 -8 61 15 2 0 -2 0 470 113 -9 -40 -40
1 29999 270 -87 2 1 0 0 0 0 32 33 -11 122 31 -1 -1 0 0 298 66 -15 -22 -22
1 30001 252 -49 1 -3 0 0 0 0 16 21 -5 167 43 0 2 -1 0 8 -13 -26 10 10
1 30000 267 116 -1 0 0 0 0 0 -40 -47 12 342 89 0 -1 3 0 176 20 -40 0 0
1 30000 257 103 0 3 0 0 0 0 -44 -34 14 65 23 2 2 -4 0 122 11 -32 2 2
1 30000 273 97 0 -3 0 0 0 0 -45 -24 14 107 30 -1 1 2 0 14 -7 -18 6 6
1 29999 273 88 2 1 0 1 -1 0 -44 -16 14 51 14 2 -1 0 0 -59 -24 -15 12 12
1 30000 250 76 -1 0 0 0 0 0 -40 -8 11 44 11 -3 -4 -2 0 -178 -50 -8 20 20
1 30000 275 68 -1 1 0 0 0 0 -36 -2 11 23 7 0 3 1 0 -212 -57 -6 22 22
1 30002 270 56 0 -1 0 0 0 0 -30 1 9 11 1 0 -3 -1 0 -162 -43 -5 16 16
1 29998 266 42 2 1 0 0 0 0 -22 3 7 2 -2 1 1 4 0 -160 -42 -2 16 16
1 30001 281 42 -2 0 0 0 0 0 -22 4 6 12 2 0 0 -4 0 -90 -23 -1 9 9
1 29999 262 67 2 -1 0 0 0 0 -34 11 10 58 12 0 1 2 0 -63 -19 -5 8 8
1 30000 264 65 0 1 0 0 0 0 -32 13 9 42 11 0 -1 -1 0 -8 -7 -9 4 4
1 30000 270 90 0 0 0 0 0 0 -41 25 11 127 31 -2 4 0 0 30 0 -11 2 2
1 29999 269 39 2 -1 0 0 0 0 -16 13 5 104 27 3 -5 3 1 126 18 -23 -2 -2
1 35472 353 -81 -11 125 -10 1423 -1 -2 37 2 46 8 4 -3 3 -3 -1 118 25 -9 -8 -8
1 30471 293 -120 -1 2 0 0 0 0 57 -30 -12 48 8 3 2 2 0 8 0 -3 1 1
1 30471 317 -137 0 -1 0 0 0 0 71 -20 -17 73 18 -1 -3 -2 0 -35 -16 -11 8 8
1 30468 292 -150 2 0 0 0 0 0 79 -3 -25 127 32 1 1 0 0 -56 -24 -17 12 12
1 29891 306 -136 -3 -5 0 0 0 0 70 15 -26 33 10 0 -1 1 0 -131 -42 -15 18 18
1 33348 310 -120 26 -120 29 -1434 0 2 55 20 -69 87 22 -3 0 -1 0 -129 -41 -14 18 18
1 29997 252 -18 -1 -3 0 0 0 0 8 6 -3 43 11 4 1 0 0 -121 -35 -8 14 14
1 29999 249 6 1 2 0 0 0 0 -3 -2 0 23 4 -4 0 0 0 -6 -5 -6 3 3
1 30000 244 0 -1 0 0 0 0 0 0 0 0 6 1 -1 1 0 0 134 32 -3 -11 -11
1 30001 252 -18 0 0 0 0 0 0 8 6 -1 29 6 1 -1 1 1 80 18 -3 -6 -6
1 29999 248 3 -1 -2 0 0 0 0 -1 -1 0 8 2 3 1 -2 -1 291 71 -3 -26 -26
1 30000 256 -17 1 0 0 0 0 0 7 6 -2 38 8 -3 -1 3 1 357 87 -5 -31 -31
1 30000 262 -22 0 0 0 0 0 0 9 7 -3 49 11 3 -3 -5 -1 460 111 -7 -39 -39
1 30000 237 -26 -1 1 0 0 0 0 10 10 -3 70 16 -2 3 4 0 421 102 -5 -37 -37
1 30002 253 -27 1 1 0 0 0 0 10 10 -3 86 23 1 -2 0 0 551 130 -14 -45 -45
1 29998 230 9 1 0 0 0 0 0 -3 -4 1 75 19 1 1 -1 0 826 197 -16 -68 -68
1 30003 249 32 0 -2 0 0 0 0 -12 -12 4 106 27 -2 1 1 1 376 84 -15 -28 -28
1 29997 227 76 -2 1 0 0 0 0 -32 -25 8 163 43 2 -1 -2 -1 664 153 -23 -51 -51
1 30000 251 18 2 0 0 0 0 0 -8 -6 3 96 27 -2 0 0 1 677 156 -20 -53 -53
1 30001 221 -36 -2 1 0 0 0 0 16 11 -5 81 22 0 -1 1 0 479 110 -15 -37 -37
1 28775 164 13 235 -66 172 -484 -69 -4 -15 -9 21 108 28 1 2 0 0 256 52 -20 -15 -15
1 30021 97 58 -28 15 1 0 -138 0 -26 -15 -2 43 14 -1 -1 0 -1 167 36 -8 -11 -11
1 30030 77 59 -21 0 -2 0 -135 0 -29 -14 1 15 8 0 2 0 1 89 18 -8 -5 -5
1 29976 41 46 -5 4 2 0 -132 0 -24 -9 1 48 4 0 1 1 0 38 6 -4 -2 -2
1 30255 -16 17 -56 10 362 -2 -109 0 -5 -1 7 -12 -1 -2 -3 0 0 -12 -4 -3 3 3
1 29746 -170 -37 332 -6 28 5 -117 0 -17 3 44 -87 -9 4 0 -1 0 24 5 0 -2 -2
1 29928 -222 -28 12 0 -1 -3 -134 0 14 4 4 -132 -37 -1 -1 2 0 -45 3 22 -6 -6
1 30075 -289 44 -20 3 1 0 -132 0 -20 -7 -8 -121 -32 -1 -1 -1 0 -79 -6 21 -1 -1
1 29895 -348 -26 -11 1 0 0 -133 0 15 5 4 -220 -58 -2 2 -2 0 -268 -47 31 11 11
1 31301 -403 14 -82 12 -1 -2 -79 4 0 0 1 -159 -46 3 -2 -1 0 -1054 -245 30 82 82
1 30000 -393 60 6 -1 0 0 0 0 -31 -10 -10 -159 -42 -4 3 3 0 -919 -212 29 72 72
1 29999 -413 43 -4 0 0 0 0 0 -22 -4 -8 -68 -18 4 -3 3 0 -997 -241 15 85 85
1 29999 -404 19 2 0 0 0 0 0 -10 -2 -4 -35 -8 -2 1 -5 0 -1037 -254 9 91 91
1 30003 -407 24 0 1 0 0 0 0 -12 -2 -4 -32 -6 1 -1 1 0 -755 -186 6 67 67
1 29997 -419 20 1 -1 0 0 0 0 -11 -1 -4 -52 -13 0 -1 0 0 -427 -103 6 37 37
1 30000 -403 62 0 2 0 0 0 0 -33 0 -10 -102 -24 0 1 1 0 -230 -48 16 15 15
1 30001 -397 81 2 2 0 0 0 0 -42 5 -14 -160 -40 1 1 0 0 84 33 20 -16 -16
1 29999 -417 68 -2 -4 0 0 0 0 -35 8 -12 -112 -28 0 -1 -2 0 142 47 20 -21 -21
1 30001 -406 35 0 0 0 0 0 0 -18 6 -6 -8 -2 0 2 1 0 164 48 10 -20 -20
1 34942 -498 -168 3 -135 10 -1407 -4 -2 86 -17 -44 -227 -58 0 4 1 0 34 23 24 -13 -13
1 30470 -437 -261 -1 2 0 0 0 0 135 10 52 -87 -24 -2 -8 -1 0 -207 -39 22 10 10
1 31589 -461 -153 2 133 0 1411 0 2 69 52 94 -33 -6 1 3 -1 0 -52 -6 12 0 0
1 30000 -423 -42 -1 0 0 0 0 0 17 14 6 -17 -1 0 3 1 0 34 10 3 -4 -4
1 30000 -429 -59 3 -3 0 0 0 0 22 21 8 -59 -12 -1 10 -2 0 189 53 8 -21 -21
1 29997 -434 -59 -2 3 0 0 0 0 20 25 7 -109 -28 1 -11 0 0 328 90 13 -36 -36
1 30000 -428 -82 0 -2 0 0 0 0 23 36 9 -151 -45 0 -2 1 0 289 86 21 -35 -35
1 30001 -433 -81 2 1 0 0 0 0 16 40 8 -363 -90 0 0 1 0 -5 33 57 -23 -23
1 30000 -443 47 3 1 0 0 0 0 -9 -23 -3 -187 -51 0 3 -1 0 -211 -31 38 4 4
1 29999 -445 91 -3 0 0 0 0 0 -23 -42 -10 -134 -39 0 -4 3 0 69 35 28 -18 -18
1 30000 -444 54 3 -3 0 0 0 0 -17 -24 -7 -125 -31 -2 1 -2 0 -513 -117 21 39 39
1 30001 -440 -2 -2 1 0 0 0 0 1 1 0 -110 -30 4 1 0 0 -550 -131 14 46 46
1 29999 -440 -1 0 4 0 0 0 0 1 1 0 -175 -46 -2 0 0 0 -975 -228 31 78 78
1 35179 -537 164 6 125 0 1390 -2 -2 -65 -30 32 -94 -25 -1 -2 1 0 -208 -41 19 12 12
1 29839 -453 179 -23 -113 -36 -1402 0 2 -81 -69 -80 -9 0 -1 2 2 0 -369 -88 10 31 31
1 30633 -396 22 -8 -12 0 0 0 0 -10 -5 -12 -2 5 2 -1 -2 0 -138 -34 1 12 12
1 30000 -367 -39 -1 1 0 0 0 0 20 7 7 -32 -9 0 2 2 0 -37 -8 3 3 3
1 30000 -380 -40 2 1 0 0 0 0 20 7 6 -35 -6 -1 1 -2 0 -159 -37 5 12 12
1 30002 -363 -77 0 -3 0 0 0 0 37 18 11 -192 -53 0 -3 -4 0 -213 -43 17 14 14
1 29998 -362 -73 -1 1 0 0 0 0 32 22 11 -222 -57 7 6 3 0 -243 -35 47 4 4
1 30000 -372 13 0 -1 0 0 0 0 -6 -4 -1 -37 -11 -7 -6 2 0 -10 5 13 -4 -4
1 30000 -369 62 1 4 0 0 0 0 -27 -18 -8 -63 -15 1 3 -2 0 169 47 7 -20 -20
1 30001 -365 29 -3 -4 0 0 0 0 -14 -8 -5 -27 -5 1 -2 3 0 609 162 12 -62 -62
1 29999 -366 2 2 1 0 0 0 0 -1 0 -1 -2 2 -2 -1 -3 0 259 66 2 -25 -25
1 30000 -357 11 1 0 0 0 0 0 -5 -3 -2 -22 -4 0 -1 -1 0 157 42 2 -16 -16
1 30000 -377 -7 -1 0 0 0 -1 0 3 2 1 -18 -1 3 2 2 0 229 60 3 -23 -23
1 29999 -355 12 0 -1 0 0 0 0 -6 -3 -1 -73 -18 -1 0 -2 0 -85 -17 9 5 5
1 30000 -366 20 -1 2 0 0 0 0 -9 -4 -4 -144 -36 1 1 1 0 326 96 22 -40 -40
1 30001 -360 -34 1 -3 0 0 0 0 16 7 5 -305 -80 -1 -3 2 0 45 35 39 -20 -20
1 30000 -354 9 0 1 0 0 0 0 -4 -2 -1 -6 -7 0 2 -3 0 -622 -147 19 51 51
1 30000 -353 16 -4 3 0 0 0 0 -7 -3 -2 -5 1 0 17 1 0 -266 -65 4 23 23
1 30000 -364 14 3 1 0 0 0 0 -7 -3 -2 -12 -1 1 -15 -2 0 -97 -24 2 9 9
1 30000 -375 -13 2 -2 0 0 0 0 6 2 2 -26 -7 3 -2 2 0 -234 -57 4 20 20
1 30000 -347 -17 -2 -3 0 0 0 0 8 4 1 -18 -2 -5 0 1 0 -818 -206 3 76 76
1 30000 -352 -26 1 -1 0 0 0 0 12 6 5 -22 -5 2 -1 -1 0 -890 -224 5 83 83
1 30001 -354 -5 0 2 0 -1 -1 0 3 1 1 -50 -11 -3 1 0 0 -1071 -269 8 100 100
1 29999 -367 51 0 2 0 0 0 0 -24 -12 -8 -22 -2 1 0 0 0 -576 -143 5 54 54
1 30000 -355 40 -1 1 0 0 0 0 -20 -7 -6 -10 0 1 1 2 0 1514 386 2 -147 -147
1 29999 -354 24 -1 -3 0 0 0 0 -13 -4 -4 -59 -16 -1 7 -2 0 318 86 7 -33 -33
1 30001 -353 9 2 1 0 0 0 0 -4 -2 -2 -38 -6 -1 -9 1 0 -406 -98 10 35 35
1 30000 -343 7 1 0 0 0 0 0 -4 -1 -1 -4 0 0 2 -1 0 155 40 1 -16 -16
1 30000 -354 12 -1 0 0 0 0 0 -6 -2 -2 -19 -2 1 -2 2 0 99 27 3 -10 -10
1 30000 -359 -15 -1 -1 0 0 0 0 8 3 2 -210 -56 1 1 -1 0 -733 -171 27 59 59
1 30000 -336 17 3 2 0 0 0 0 -9 -3 -2 -288 -77 0 2 0 0 -1180 -279 40 98 98
1 30000 -353 36 -1 -2 0 0 0 0 -19 -4 -6 12 2 -1 -3 0 0 585 158 15 -63 -63
1 30000 -360 7 -2 2 -1 -1 0 0 -3 -1 -2 -2 3 0 0 -1 0 922 237 2 -89 -89
1 30001 -353 25 1 -3 0 0 0 0 -14 -2 -4 -63 -20 0 2 -1 0 484 128 7 -49 -49
1 29999 -348 68 1 1 0 0 0 0 -36 -2 -11 -546 -144 1 -2 0 0 197 88 66 -46 -46
1 30000 -346 56 -1 1 0 0 0 0 -30 1 -8 -270 -81 -1 -1 0 0 -709 -143 67 41 41
1 29999 -352 7 1 -4 0 0 0 0 -4 0 -2 -15 -6 0 4 1 0 -314 -74 12 26 26
1 30000 -342 2 -1 0 0 0 0 0 -1 0 0 -33 -9 -2 -2 1 0 -37 -6 4 1 1
1 30001 -343 -24 -3 1 0 0 0 0 13 -1 3 -305 -81 3 3 0 0 -46 7 34 -9 -9
1 30000 -349 -4 3 -1 0 0 0 0 2 0 1 -271 -75 1 -3 1 0 -447 -87 48 24 24
1 30000 -339 39 1 2 0 0 0 0 -21 2 -6 -423 -118 0 10 -2 0 -969 -215 60 70 70
1 30000 -335 54 1 1 0 0 0 0 -28 5 -8 -43 -17 0 -12 2 0 -698 -160 36 54 54
1 34645 -395 -159 -9 -138 1 -1414 0 -2 84 -8 -48 -9 -3 0 3 -2 0 -209 -49 9 17 17
1 30469 -344 -253 2 -3 0 0 0 0 129 27 46 -2 1 -2 -5 1 0 31 10 3 -4 -4
1 34472 -382 -146 4 140 0 1426 0 2 63 58 87 -33 -6 -1 5 -4 0 -71 -17 3 6 6
1 30000 -344 -16 -2 -1 0 0 0 0 6 6 2 -145 -39 3 -2 3 0 -366 -89 9 32 32
1 30000 -340 56 2 3 0 0 0 0 -22 -20 -7 -241 -65 -1 1 2 0 -1125 -265 45 93 93
1 30000 -351 39 1 -3 0 0 0 0 -17 -13 -6 -97 -29 -1 4 0 0 -755 -182 24 66 66
1 30000 -318 -12 -3 2 0 0 0 0 6 4 2 -240 -68 1 -3 1 0 -549 -126 29 43 43
1 30001 -331 8 0 1 0 0 0 0 -3 -3 -1 -378 -106 -3 -1 -1 -1 -1036 -238 56 81 81
1 29999 -333 12 -2 -7 0 0 0 0 -6 -4 -3 -266 -74 4 2 -1 1 -211 -23 58 -1 -1
1 30000 -331 1 5 4 0 0 0 0 0 0 0 -92 -31 -3 5 0 -1 299 92 29 -41 -41
1 30000 -326 -23 -4 2 0 0 0 0 10 8 4 -17 -5 1 -2 -2 0 -268 -65 9 23 23
1 30000 -343 -26 3 -2 0 0 0 0 10 8 3 -9 -1 1 -6 3 1 -512 -130 4 50 50
1 30000 -328 -21 0 0 0 0 0 0 9 7 3 -28 -7 0 2 -2 -1 -445 -114 2 44 44
1 30000 -321 -60 1 -3 0 1 -1 0 23 22 7 -189 -51 -2 -1 3 0 -563 -133 26 47 47
1 30000 -337 -52 -1 3 0 0 0 0 17 22 7 -109 -29 1 1 -3 0 -323 -71 24 24 24
1 30000 -317 -39 -3 0 0 0 0 0 12 17 4 -44 -15 1 2 0 0 -136 -30 10 10 10
1 30000 -312 -84 3 0 0 0 0 0 22 39 7 -326 -86 -1 -2 1 0 -201 -37 30 9 9
1 30000 -328 -97 -1 -3 0 0 0 0 17 48 7 -446 -128 0 1 -1 0 -558 -110 67 31 31
1 30000 -305 -50 0 0 0 0 0 0 6 26 3 -189 -59 0 -2 0 0 -761 -168 60 55 55
1 30000 -321 -12 -2 4 0 0 0 0 1 7 0 -82 -27 1 -1 0 0 -572 -138 23 51 51
1 30000 -307 -7 3 -3 0 0 0 0 0 3 1 -369 -101 -2 -1 0 0 -426 -89 42 28 28
1 30001 -316 45 -3 1 0 0 0 0 -4 -23 -3 -171 -51 1 2 3 0 -126 -8 51 -7 -7
1 29999 -322 18 1 2 0 0 0 0 -2 -9 -1 -14 -4 1 3 -2 0 116 36 11 -16 -16
1 34295 -386 212 5 131 0 1392 0 -2 -48 -70 23 -100 -28 -2 -3 -2 0 95 30 10 -14 -14
1 30883 -355 329 1 1 0 0 0 0 -136 -114 -20 -205 -64 2 0 0 0 -501 -115 31 41 41
1 34704 -388 168 -3 -130 4 -1407 0 2 -87 -44 -90 -820 -222 -1 -1 2 0 -2817 -698 83 265 265
1 30000 -314 80 0 0 0 0 0 0 -43 -1 -12 -362 -115 2 3 0 0 -1924 -456 105 167 167
1 30000 -315 88 -1 0 0 0 0 0 -46 7 -15 -588 -175 -4 1 -2 0 -1685 -396 103 144 144
1 30002 -333 64 2 -2 0 0 0 0 -33 10 -10 -145 -49 1 -4 1 0 -1642 -408 55 159 159
1 29998 -322 97 1 1 0 0 0 0 -47 20 -14 -294 -85 1 4 2 0 -1185 -294 43 116 116
1 30000 -331 74 1 -1 0 0 0 0 -33 21 -10 -190 -58 2 -3 0 0 -1163 -292 37 116 116
1 30002 -331 22 -3 -2 0 0 0 0 -10 6 -3 -146 -44 -2 -2 -1 0 -1203 -303 35 122 122
1 29998 -342 31 0 4 0 0 0 0 -13 10 -3 -211 -62 0 4 1 0 -1166 -294 36 119 119
1 30001 -362 23 1 0 0 0 0 0 -8 9 -3 -78 -24 0 0 -1 0 -1064 -273 22 114 114
1 29999 -354 -21 0 -1 0 0 0 0 8 -8 2 -79 -21 1 0 -1 0 -575 -146 16 60 60
1 30001 -362 -24 -1 3 0 0 0 0 10 -8 3 -20 -5 2 -2 1 0 -298 -76 9 31 31
1 34294 -428 -199 4 -139 10 -1383 0 -2 91 -43 -41 -152 -41 -2 0 -2 0 -318 -76 19 30 30
1 30941 -407 -229 2 1 0 0 0 0 119 -25 33 -227 -67 -2 -1 -2 0 -669 -166 30 67 67
1 30471 -375 -222 -2 -1 0 0 0 0 114 21 42 -77 -20 0 2 3 0 -984 -249 32 103 103
1 31293 -418 -122 2 134 0 1396 0 2 55 46 83 -53 -16 1 0 2 -1 -426 -111 7 47 47
1 30000 -390 -35 1 0 0 0 0 0 14 12 6 -342 -95 2 -1 -1 1 -846 -204 53 81 81
1 30001 -409 29 0 1 0 0 0 0 -12 -10 -3 -169 -50 0 1 1 -1 -1123 -289 27 124 124
1 30001 -401 24 -2 2 0 0 0 0 -9 -8 -4 -198 -61 -1 -1 -2 0 -1166 -294 45 123 123
1 29999 -406 -36 -1 -5 0 0 0 0 14 12 4 -110 -31 0 2 -2 0 -852 -219 24 94 94
1 30000 -392 -29 -1 2 0 0 0 0 12 10 5 -34 -9 -2 -1 2 0 -517 -134 10 59 59
1 29999 -407 -12 2 2 0 0 0 0 5 5 1 -84 -24 4 -2 -1 0 -472 -121 15 52 52
1 30000 -398 -47 0 -4 0 0 0 0 16 18 6 -118 -32 -1 3 2 0 -471 -120 17 51 51
1 30001 -394 -18 -1 3 0 0 0 0 6 8 2 -44 -12 -2 -1 0 0 -529 -136 15 60 60
1 29999 -387 -26 3 -1 0 0 0 0 9 10 3 -241 -66 1 1 -1 0 -387 -97 20 40 40
1 30000 -405 -22 0 -1 0 0 0 0 6 9 5 -116 -36 -1 2 -1 0 -1097 -279 42 121 121
1 34764 -473 136 6 128 0 1383 0 -2 -48 -24 31 -234 -67 2 -3 2 0 -741 -187 33 81 81
1 30532 -433 229 0 -20 2 -205 1 0 -104 -72 -30 -126 -36 -1 0 1 0 -915 -235 31 103 103
1 29940 -396 38 -6 -103 3 -1180 -1 2 -18 -25 -58 -605 -175 1 1 0 0 -1145 -284 72 121 121
1 30001 -398 46 4 0 0 0 0 0 -24 -6 -9 -784 -247 0 -1 -3 0 -2301 -586 103 260 260
1 29999 -396 16 -3 2 0 0 0 0 -8 -1 -2 -371 -107 1 2 2 0 -800 -175 131 62 62
1 30000 -399 10 1 -4 0 0 0 0 -6 -1 -2 -10 -7 -1 -4 1 0 375 107 21 -54 -54
1 30001 -391 10 -1 3 0 0 0 0 -5 0 -1 -1 1 -1 3 -1 0 -67 -16 5 7 7
1 29999 -391 2 0 -1 0 0 0 0 -1 0 -1 -6 0 1 0 0 0 445 121 3 -58 -58
1 30000 -395 -62 2 -2 0 0 0 0 32 6 9 -835 -241 0 3 0 0 54 30 48 -22 -22
1 30000 -389 -14 0 -1 0 0 0 0 7 1 4 -107 -40 -4 -3 0 0 -2203 -565 109 253 253
1 30000 -399 15 -1 4 0 0 0 0 -7 -2 -2 -7 -4 3 1 -2 -1 -1247 -334 16 159 159
1 30000 -388 -3 0 -2 0 0 0 0 1 1 0 5 2 -1 -1 0 0 -347 -93 3 45 45
1 30000 -377 0 1 0 0 -1 0 0 0 -1 0 -10 -1 0 -1 3 1 152 42 2 -21 -21
1 30001 -400 52 0 0 0 0 0 0 -27 -5 -9 -226 -64 1 0 -1 -1 -231 -59 14 26 26
1 29999 -392 64 -3 2 0 0 0 0 -33 -3 -11 -193 -57 -1 1 0 0 -1834 -485 50 230 230
1 30001 -387 -2 0 -1 0 0 0 0 1 1 0 -207 -61 1 -1 1 0 -1797 -479 38 231 231
1 30000 -386 14 2 -2 0 0 0 0 -8 -1 -2 -447 -136 0 1 1 0 -625 -158 46 72 72
1 29999 -375 102 1 3 0 0 0 0 -54 5 -16 -411 -121 -1 0 -2 0 -1481 -377 108 173 173
1 30000 -387 68 -2 -2 0 0 0 0 -35 8 -11 -81 -29 0 1 0 0 -1049 -281 26 138 138
1 30000 -384 61 -1 1 0 0 0 0 -30 11 -10 -231 -68 0 2 1 0 -985 -261 33 129 129
1 30000 -398 56 2 -2 0 0 0 0 -27 13 -9 -83 -26 -1 -1 -2 0 -911 -243 31 120 120
1 30000 -380 -6 0 0 0 0 0 0 3 -2 0 -71 -19 1 -2 4 0 -853 -231 13 117 117
1 35942 -467 -115 -4 -135 1 -1398 0 -2 56 -17 -50 -754 -218 1 1 -3 0 -3065 -821 93 417 417
1 30941 -396 -228 2 -2 0 0 0 0 119 -18 33 -310 -100 -2 0 -1 0 -2146 -573 88 293 293
1 30927 -393 -240 1 21 -1 203 1 0 120 30 59 -494 -146 1 -1 2 0 -1010 -265 68 134 134
1 29955 -391 47 1 113 0 1191 -1 2 -22 1 45 -208 -69 -1 4 -1 0 -413 -102 67 46 46
1 30001 -391 129 1 1 0 0 0 0 -64 -23 -21 -270 -84 3 -3 0 0 612 179 53 -103 -103
1 30000 -401 105 -4 -1 0 0 0 0 -55 -7 -18 -364 -105 -4 4 1 0 800 232 59 -133 -133
1 30000 -384 46 0 2 0 0 0 0 -24 -1 -7 -297 -87 2 2 1 0 556 166 60 -96 -96
1 29998 -395 6 -1 1 0 0 0 0 -3 0 -1 -178 -54 1 -6 -2 0 1839 519 47 -283 -283
1 30001 -395 -41 1 -3 0 0 0 0 22 0 5 -342 -99 1 8 1 0 1472 416 32 -223 -223
1 29999 -382 -71 3 0 0 0 0 0 37 4 12 -375 -113 -2 -9 -1 -1 2579 736 85 -394 -394
1 30001 -373 -99 -3 0 0 0 0 0 51 12 17 -286 -88 1 2 0 0 492 151 58 -86 -86
1 30001 -374 -97 2 -1 0 0 0 0 47 21 15 -318 -94 3 -1 0 0 533 162 56 -90 -90
1 29998 -362 -127 -2 3 0 0 0 0 56 38 19 -381 -119 -4 7 0 0 459 145 70 -85 -85
1 30000 -366 -129 1 0 0 0 0 0 46 50 17 -473 -144 1 -6 -2 0 -409 -96 78 38 38
1 30000 -360 -54 -1 -1 0 0 0 0 15 24 6 -1160 -355 0 1 1 0 -1746 -445 191 202 202
1 30000 -355 148 -3 2 0 0 0 0 -48 -61 -17 -609 -199 1 4 2 0 -1448 -377 142 176 176
1 30000 -367 114 3 1 0 0 0 0 -47 -38 -15 -434 -139 -1 0 -3 0 1153 350 107 -197 -197
1 30001 -342 82 0 -1 0 0 0 0 -38 -21 -13 -387 -123 -2 -5 5 0 1393 412 74 -224 -224
1 29999 -358 55 1 2 0 0 0 0 -27 -11 -9 -517 -158 5 2 -5 0 1715 507 86 -272 -272
1 30002 -350 -57 -1 -7 0 0 0 0 28 11 7 -453 -140 -3 1 0 0 3856 1123 100 -580 -580
1 29999 -342 -89 0 1 0 0 0 0 41 23 15 -158 -63 1 0 2 0 2131 622 49 -313 -313
1 30000 -340 -51 0 2 0 0 0 0 22 16 7 -535 -160 -2 0 0 0 1370 415 84 -216 -216
1 30000 -336 -52 1 -1 0 0 0 0 20 19 7 -570 -174 1 0 2 0 347 128 96 -77 -77
1 30000 -353 28 -2 4 0 0 0 0 -10 -10 -3 -975 -300 1 0 -2 0 -927 -217 164 80 80
1 30001 -358 123 1 -1 0 0 0 0 -54 -37 -17 -750 -244 1 5 0 0 -2198 -592 143 268 268
1 29998 -361 -5 -2 -2 0 0 0 0 3 0 -1 -235 -87 0 0 2 0 2562 772 111 -396 -396
1 30001 -358 -106 1 1 0 0 0 0 46 33 15 -240 -78 -2 -5 -2 0 1239 376 59 -192 -192
1 29999 -351 -159 1 -5 0 0 0 0 56 61 19 -807 -248 0 4 0 -1 1092 344 87 -178 -178
1 30001 -346 -37 0 5 0 0 0 0 10 18 5 -309 -108 1 -3 1 0 1482 473 134 -248 -248
1 30000 -359 -18 -1 -1 0 0 0 0 5 8 2 -292 -95 2 3 -2 0 587 192 64 -101 -101
1 30001 -352 14 1 0 0 0 0 0 -4 -6 -2 -115 -40 -2 1 -1 0 -411 -107 39 44 44
1 29999 -361 30 -1 0 0 0 0 0 -8 -14 -3 -311 -94 0 -3 1 0 -15 11 48 -12 -12
1 29999 -347 -30 1 -3 0 0 0 0 8 13 3 -283 -92 1 3 0 0 -203 -38 66 7 7
1 34647 -411 112 4 131 0 1401 0 -2 -35 -17 32 -53 -18 0 -3 0 0 -665 -186 26 84 84
1 30471 -375 185 7 -4 0 0 0 0 -76 -67 -12 -114 -34 1 2 1 0 -446 -127 14 58 58
1 31119 -365 68 -30 -120 -21 -1408 0 2 -27 -42 -70 -169 -49 -1 -1 -1 0 -734 -206 27 94 94
1 30000 -303 -94 1 -1 0 0 0 0 44 23 14 -169 -52 1 -1 0 0 -1247 -353 40 164 164
1 30000 -304 -46 2 -6 0 0 0 0 20 13 4 -283 -92 -1 2 1 0 -1183 -336 39 157 157
1 30000 -315 43 -2 3 0 0 0 0 -19 -12 -6 -58 -20 0 0 -2 0 1160 354 43 -179 -179
1 30000 -297 148 3 1 0 0 0 0 -72 -34 -19 -497 -151 -1 -2 1 0 3060 922 71 -453 -453
1 30001 -305 100 -3 0 0 0 0 0 -51 -13 -16 -124 -46 -1 3 2 -1 4739 1410 43 -666 -666
1 29999 -301 86 1 0 0 0 0 0 -46 -3 -14 -134 -40 1 -2 -2 0 3900 1164 41 -534 -534
1 30000 -280 29 1 0 0 0 0 0 -16 0 -4 -30 -12 1 2 1 0 2063 613 13 -275 -275
1 30000 -302 4 -2 -3 0 0 0 0 -2 0 -1 -26 -5 -1 1 -1 0 847 252 6 -112 -112
1 30001 -298 -16 0 2 0 0 0 0 9 0 2 -28 -8 -2 -4 0 0 599 181 9 -80 -80
1 29999 -311 -36 1 -1 0 0 0 0 19 -1 5 -30 -8 1 2 0 0 255 76 4 -34 -34
1 35060 -353 -172 3 -134 6 -1390 0 -2 89 10 -40 -28 -6 1 -5 0 0 566 172 10 -77 -77
1 32058 -340 -197 2 130 0 1406 0 2 92 57 95 -37 -8 1 5 1 -1 374 113 7 -50 -50
1 20001 -211 -12 -2 1 0 0 0 0 5 4 2 -33 -11 -2 0 0 0 275 83 4 -37 -37
1 20000 -207 -10 1 0 0 0 0 0 4 4 1 -59 -18 2 0 1 0 337 103 9 -46 -46
1 20000 -204 -23 -1 0 0 0 0 0 9 8 3 -160 -47 0 -1 -3 0 679 209 21 -94 -94
1 20000 -223 -4 1 2 0 0 0 0 2 2 1 -100 -32 3 -4 1 0 1232 376 27 -165 -165
1 20000 -195 4 -1 -3 0 0 0 0 -2 -2 -1 -59 -19 -3 4 1 0 1263 380 16 -164 -164
1 19999 -212 -14 2 1 0 0 0 0 6 5 1 -357 -108 -1 0 -2 0 1264 392 41 -172 -172
1 20001 -210 -7 -1 2 0 0 0 0 3 3 2 -133 -42 0 0 2 0 2450 748 48 -320 -320
1 20000 -216 -1 1 0 0 0 0 0 0 0 0 -55 -21 -2 -3 0 0 2686 806 22 -333 -333
1 20000 -218 -14 0 -1 0 0 0 0 5 6 1 -19 -2 2 2 -3 0 2184 653 11 -264 -264
1 20000 -231 -16 -4 1 0 0 0 0 6 6 3 -9 -11 1 -1 2 0 1388 414 4 -166 -166
1 19999 -219 5 1 -2 0 0 0 0 -2 -2 -1 -95 -26 -1 7 0 0 998 299 7 -119 -119
1 20001 -214 73 2 1 0 0 0 0 -28 -27 -9 -204 -59 0 -3 0 -1 1973 602 32 -241 -241
1 20000 -231 90 0 3 0 0 0 0 -38 -29 -12 -176 -48 1 -2 -1 0 1152 360 33 -146 -146
1 20000 -210 92 0 -3 0 0 0 0 -44 -22 -14 -158 -56 -2 -2 1 0 33 28 35 -18 -18
1 20000 -216 93 0 -2 0 0 0 0 -48 -15 -14 -167 -50 1 1 1 0 -2127 -615 32 233 233
1 20000 -231 100 0 4 1 0 0 0 -52 -7 -16 -172 -43 -1 0 -1 0 -4873 -1434 33 561 561
1 20000 -219 74 0 0 0 0 0 0 -40 1 -11 -130 -36 2 -4 0 0 -7343 -2171 33 889 889
1 20000 -232 89 -1 -1 0 0 0 0 -47 7 -13 -187 -54 -1 3 1 0 -9333 -2765 43 1198 1198
1 20000 -227 26 1 0 0 0 0 0 -13 3 -5 -92 -34 -1 0 0 0 -5864 -1743 16 799 799
1 20001 -213 9 0 -4 0 0 0 0 -5 2 -1 -193 -61 2 -1 -2 0 -3832 -1132 37 532 532
1 19999 -224 16 -1 3 0 0 0 0 -8 3 -1 -145 -45 2 -1 1 0 -903 -258 36 119 119
1 20000 -228 20 0 1 0 0 0 0 -10 3 -3 -246 -75 -3 2 0 0 1391 428 39 -213 -213
1 20000 -213 -13 -2 2 0 0 0 0 7 -3 1 -69 -25 0 1 0 0 2368 718 32 -348 -348
1 20000 -205 -23 2 -3 0 0 0 0 11 -4 3 -67 -24 0 0 -1 0 1887 571 18 -271 -271
1 20000 -217 -43 -2 -2 0 0 0 0 22 -6 6 -99 -29 1 -2 -1 0 2108 638 19 -298 -298
1 20000 -197 -40 -2 2 0 0 0 0 22 -3 6 -92 -29 1 0 5 0 2839 859 22 -394 -394
1 20000 -194 -52 3 -1 0 0 0 0 27 -3 8 -105 -31 -4 -1 -3 0 3079 928 14 -416 -416
1 19999 -188 -52 -2 0 0 0 0 0 28 0 8 -88 -29 2 3 2 -1 4319 1305 23 -571 -571
1 20000 -192 -51 2 1 0 0 0 0 27 2 8 -79 -25 -1 -1 -2 0 3642 1101 19 -468 -468
1 20000 -178 -13 -2 0 0 0 0 0 7 1 2 -720 -208 0 -2 0 0 3423 1043 33 -437 -437
1 18712 -179 76 1 0 -1 0 -37 0 -41 -3 -11 -156 -56 1 0 1 0 5997 1860 116 -766 -766
1 21290 -196 64 -1 4 0 0 -13 0 -34 1 -8 -102 -38 0 -1 1 0 3693 1134 42 -447 -447
1 19999 -207 23 -2 -2 0 0 0 0 -12 2 -4 -84 -29 -2 1 -1 0 870 277 26 -111 -111
1 20000 -204 86 3 -2 0 0 0 0 -45 10 -13 -456 -146 0 0 1 0 -32 11 37 -11 -11
1 20000 -222 198 0 1 0 0 0 0 -93 46 -26 -644 -168 3 0 -4 0 3053 1001 140 -405 -405
1 20000 -236 90 -6 2 0 0 0 0 -37 30 -6 -29 -16 -2 1 2 0 3453 1074 49 -405 -405
1 20000 -216 0 -13 1 0 0 0 0 0 0 4 -15 -11 0 0 -1 0 1908 592 22 -219 -219
1 19999 -204 120 18 7 0 0 0 0 -40 48 -15 -55 -16 1 2 1 0 846 264 13 -97 -97
1 20000 -218 -22 -2 -1 0 0 0 0 7 -9 2 -3 -2 1 -4 0 0 363 113 5 -42 -42
1 20001 -225 35 2 -11 0 0 0 0 -10 16 -6 -14 -5 -1 0 -2 0 91 31 5 -12 -12
1 19999 -212 84 0 10 0 0 0 0 -20 38 -2 -115 -30 1 -1 1 0 -37 -6 9 0 0
1 20001 -193 -5 1 -8 0 0 0 0 0 -2 -3 -11 -5 -2 5 2 0 -651 -188 15 64 64
1 19999 -206 -2 -7 -1 0 0 0 0 1 -1 1 5 2 0 -2 0 0 -199 -58 4 20 20
1 20000 -209 -37 7 2 0 0 0 0 9 -17 2 -85 -26 1 -1 0 0 -130 -37 5 12 12
1 20001 -193 -19 -2 -3 0 0 0 0 4 -9 1 -46 -13 0 0 -1 0 -108 -21 18 4 4
1 20000 -203 -29 0 2 0 0 0 0 8 -13 2 -25 -7 -2 7 3 0 1 5 8 -3 -3
1 24233 -257 -109 3 -130 10 -1404 0 -2 36 -33 -38 -45 -12 2 -5 -3 0 -9 0 5 -1 -1
1 20471 -196 -198 -1 -6 0 0 0 0 83 -65 5 -442 -136 -2 -1 -1 0 124 50 21 -22 -22
1 20528 -215 -221 0 1 0 0 0 0 112 -39 24 -629 -198 0 -1 2 -1 -2648 -731 125 239 239
1 20945 -213 -195 -4 4 0 0 0 0 104 1 32 -140 -57 -1 -4 1 0 -3327 -966 86 338 338
1 21007 -230 -190 5 22 6 206 1 0 92 35 46 -104 -38 4 0 -3 0 -1755 -515 37 186 186
1 19461 -205 -54 1 107 -5 1191 -1 2 23 28 58 -125 -44 -2 4 -1 0 -773 -227 17 82 82
1 20001 -216 -8 1 1 0 0 0 0 3 3 2 -86 -29 0 1 2 0 -577 -160 30 55 55
1 20001 -217 -27 -1 3 0 0 0 0 11 10 4 -687 -219 2 4 2 0 -371 -95 35 29 29
1 19998 -192 5 5 -2 0 0 0 0 -3 -2 0 -673 -193 -2 -6 0 0 -679 -119 165 12 12
1 20000 -181 36 -8 -4 0 0 0 0 -13 -13 -8 -494 -172 1 3 -1 0 376 173 104 -86 -86
1 20000 -180 99 13 7 0 0 0 0 -46 -28 -9 -892 -211 -2 -2 2 0 512 247 165 -127 -127
1 20002 -169 9 -12 -13 0 0 0 0 -2 -4 -10 -233 -73 1 0 -2 0 1482 504 83 -207 -207
1 20000 -184 32 -4 1 0 0 0 0 -15 -7 -6 -783 -202 0 -1 1 0 1625 578 131 -242 -242
1 19998 -181 -114 -5 17 0 0 0 0 54 32 24 31 -41 1 0 -1 0 2868 913 38 -343 -343
1 20002 -153 -3 24 -1 0 0 0 0 -3 1 5 -417 -83 1 -1 1 0 2069 724 134 -289 -289
1 20000 -184 29 0 3 0 0 0 0 -13 -8 -1 -306 -81 -4 1 0 0 2102 669 23 -243 -243
1 19999 -202 50 -16 3 0 0 0 0 -21 -13 -9 -345 -97 1 -1 1 0 2209 768 124 -295 -295
1 20000 -154 17 -1 -18 0 0 0 0 -8 -7 -11 -173 -51 -1 2 1 0 1881 644 86 -240 -240
1 20001 -123 181 4 -3 0 0 0 0 -92 -29 -29 -975 -298 0 -1 0 0 1037 438 174 -187 -187
1 19998 -137 137 -3 4 0 0 0 0 -73 -1 -18 -1434 -406 3 1 1 0 1300 482 110 -186 -186
1 18788 -146 91 -5 3 -1 1 -38 -4 -47 9 -13 -435 -122 -1 2 1 0 618 319 186 -147 -147
1 19933 -152 106 -3 7 -3 1 -94 0 -53 19 -10 -597 -191 -2 1 -1 0 383 226 157 -109 -109
1 19206 -141 -33 -4 -90 7 -1392 -85 4 16 -5 -39 -1829 -487 2 -3 2 0 924 439 215 -191 -191
1 25486 -214 -253 4 -40 1 -4 0 -2 132 -25 10 -2263 -640 1 -3 -1 0 5562 2155 530 -813 -813
1 20470 -195 -197 -11 -4 0 0 0 0 104 17 30 -138 -106 -2 3 -1 0 5707 2035 255 -689 -689
1 19468 -207 -174 12 127 0 1395 -12 -2 78 57 88 -2534 -710 1 1 0 -1 2839 1120 254 -394 -394
1 19985 -199 7 -14 9 -1 0 -99 0 0 -1 -3 -2624 -869 0 4 3 0 3150 1444 521 -540 -540
1 23430 -260 25 -2 -1 1 0 -44 4 -10 -9 -4 -1425 -523 2 -4 2 0 8048 3124 547 -1003 -1003
1 20000 -230 85 -1 1 0 0 0 0 -39 -24 -9 -176 -120 2 1 -2 1 6075 2200 192 -634 -634
1 20000 -230 83 3 -1 0 0 0 0 -41 -19 -10 -264 -117 -2 0 0 0 3731 1362 120 -382 -382
1 19999 -225 75 -2 -3 0 0 0 0 -39 -11 -10 -327 -119 0 -1 0 -1 3253 1171 83 -316 -316
1 20000 -198 38 3 3 0 0 0 0 -20 -4 -5 -970 -324 -1 1 -1 0 3179 1202 135 -329 -329
1 20001 -176 -60 -5 0 0 0 0 0 32 7 8 -1724 -532 0 0 1 0 2344 1111 323 -342 -342
1 19999 -159 -94 1 -1 0 0 0 0 47 17 13 -1684 -516 1 4 -1 0 2431 1162 333 -351 -351
1 20000 -152 -187 4 0 0 0 0 0 84 55 21 -1791 -555 0 -2 2 0 2026 1102 399 -345 -345
1 20001 -171 -132 2 -1 0 0 0 0 44 54 13 -441 -160 0 2 -1 0 1549 908 361 -288 -288
1 20000 -215 -105 1 -1 0 0 0 0 27 49 8 -101 -43 -5 -3 2 0 791 398 118 -116 -116
1 20000 -217 -96 0 2 0 0 0 0 15 49 6 -61 -21 7 1 1 0 74 77 49 -29 -29
1 20000 -229 -118 -4 -3 0 0 0 0 9 61 2 -147 -43 -3 4 -2 0 -163 -28 28 1 1
1 20000 -249 3453 -4 -2 0 0 0 0 -8 77 -1 -521 -147 0 -5 3 0 -258 -43 45 0 0
1 20000 -245 -142 -4 7 0 0 0 0 -28 71 -9 -400 -137 1 3 -1 0 141 205 149 -79 -79
1 20000 -226 -152 4 -2 0 0 0 0 -49 64 -8 -580 -192 -1 5 2 0 607 315 98 -92 -92
1 19999 -225 -103 -2 8 0 0 0 0 -41 37 -16 -657 -199 0 -4 3 0 1098 574 179 -168 -168
1 24942 -270 11 5 113 0 1400 -5 -2 4 11 -46 -554 -192 1 -2 0 0 1955 855 156 -222 -222
1 20942 -239 117 7 2 0 0 0 0 45 -38 21 -728 -238 0 0 2 0 2101 903 148 -229 -229
1 21470 -217 73 -3 0 0 0 0 0 25 -29 11 -1015 -341 -2 2 4 0 2239 996 184 -253 -253
1 21059 -213 -67 7 2 0 0 0 0 -24 27 -9 -1993 -612 3 -1 1 -1 2752 1337 320 -349 -349
1 21058 -211 -59 -10 5 0 0 0 0 -20 21 -15 -367 -161 -1 -1 2 0 4640 2092 374 -506 -506
1 21470 -204 -14 -4 -8 0 0 0 0 -5 3 -1 -1528 -493 0 5 2 0 5511 2399 345 -544 -544
1 20940 -223 277 -2 7 0 0 0 0 84 -112 42 -1731 -591 1 1 0 0 5497 2404 331 -522 -522
1 23236 -227 -3133 4 2 0 0 0 0 -16 -235 48 -869 -270 -1 1 1 0 9305 3994 457 -810 -810
1 11764 -108 223 0 -3 0 0 0 0 -75 -95 0 -174 -65 1 -1 3 0 3605 1453 94 -268 -268
1 10472 -99 206 -4 -4 0 0 0 0 -96 -59 -12 -372 -121 0 -1 1 0 2013 832 66 -153 -153
1 12921 -109 183 0 -84 80 -1405 2 0 -97 -35 -64 -1989 -655 0 2 1 0 2805 1259 163 -242 -242
1 9601 -110 31 49 -36 0 -1 -4 2 -21 -4 -26 -1178 -401 -1 0 1 0 2544 1364 304 -283 -283
1 10831 -146 -22 3 -3 0 0 0 0 12 -1 1 -1079 -402 5 23 1 -1 4048 2075 399 -408 -408
1 10000 -126 -26 2 0 0 0 0 0 13 1 5 -392 -177 -3 -20 1 0 4864 2223 272 -395 -394
1 10000 -168 -70 2 -5 0 0 0 0 36 4 11 -803 -295 0 -1 -1 0 4423 1929 174 -319 -320
1 10001 -138 -79 -1 0 0 0 0 0 41 10 12 -472 -181 -2 -1 1 0 3161 1476 184 -249 -249
1 10000 -161 -48 -2 -3 0 0 0 0 23 8 9 -322 -146 2 1 2 0 2995 1375 155 -224 -224
1 10000 -144 -28 0 5 0 0 0 0 14 7 6 -161 -71 0 -2 0 0 2540 1166 127 -186 -186
1 10000 -147 -36 0 -1 0 0 0 0 17 9 6 -144 -62 -1 1 2 0 2132 926 71 -140 -140
1 10000 -143 -23 -4 3 0 0 0 0 11 6 4 -107 -57 2 12 2 0 1716 742 54 -111 -111
1 10000 -146 -38 0 1 0 0 0 0 17 12 5 -180 -72 -1 -12 1 0 1226 524 34 -76 -77
1 10000 -140 -51 -1 -6 0 0 0 0 22 15 5 -131 -62 -1 6 4 0 997 474 58 -74 -73
1 10000 -135 -50 0 2 0 0 0 0 19 18 8 -104 -45 4 -2 4 0 940 428 42 -65 -65
1 9999 -136 -53 -2 -2 0 0 0 0 18 21 7 -56 -25 -4 3 -2 -1 952 430 40 -64 -64
1 10001 -142 -30 3 2 0 0 0 0 10 13 3 -104 -59 2 5 6 0 807 346 22 -49 -49
1 10000 -135 -58 3 -2 0 0 0 0 16 25 7 -131 -47 0 -8 3 0 688 317 33 -47 -47
1 10000 -135 -54 -1 5 0 0 0 0 14 26 6 -97 -38 -1 3 3 0 873 370 21 -52 -52
1 10000 -145 -36 -3 0 0 0 0 0 7 18 3 -57 -30 0 1 5 0 729 347 40 -52 -52
1 10000 -136 -41 0 -1 0 0 0 0 8 20 1 -49 -22 2 -6 3 0 827 354 22 -50 -50
1 9999 -124 -34 7 -9 0 0 0 0 3 15 4 -54 -15 -1 3 5 0 725 302 14 -41 -41
1 10000 -152 -16 -8 10 0 0 0 0 4 11 -2 25 0 0 1 -3 0 884 360 11 -47 -47
1 10000 -129 -25 -2 8 0 0 0 0 3 15 1 -16 -2 1 14 1 0 481 219 21 -32 -32
1 10001 -127 -29 2 -4 0 0 0 0 3 14 1 0 1 0 -12 3 -1 480 188 2 -24 -24
1 10001 -136 27 5 11 0 0 0 0 -4 -11 3 8 2 0 -1 -1 0 670 264 3 -33 -33
1 9998 -134 -21 -7 -37 0 0 0 0 3 2 -6 24 7 -2 1 6 0 139 57 2 -8 -8
1 10001 -116 -62 -6 34 0 0 0 0 5 41 1 -31 -6 -1 -2 -5 0 402 164 5 -21 -21
1 10001 -111 3546 20 -18 0 0 0 0 -6 24 8 -7 -1 1 2 4 0 114 31 -7 -3 -3
1 9999 -151 8 -9 5 0 0 0 0 3 -3 -4 1 -1 2 1 1 0 334 142 8 -19 -19
1 10000 -138 -14 3 3 0 0 0 0 -2 8 3 10 8 3 4 1 0 261 108 4 -14 -14
1 10000 -130 -22 -1 -6 0 0 0 0 -2 10 0 -15 -7 -2 4 -3 0 309 112 -4 -13 -13
1 10000 -112 -31 -6 7 0 0 0 0 -1 18 -4 29 24 0 -10 7 -1 183 36 -21 -1 -1
1 13578 -179 4 4 97 0 1404 0 -2 -1 22 -9 7 8 -3 0 -1 0 669 284 16 -38 -38
1 10950 -145 71 2 23 0 0 0 0 5 -31 5 18 18 0 5 5 0 475 187 2 -23 -23
1 11060 -155 22 -25 3 0 0 0 0 6 -13 -8 17 15 1 -2 0 0 718 277 0 -34 -34
1 5025 -54 -3538 18 5 0 0 0 0 -6 -29 14 2 1 0 -5 0 0 441 145 -15 -15 -15
1 5237 -79 34 0 -9 0 0 0 0 -2 -20 3 -2 -3 0 5 5 0 297 144 18 -21 -21
1 5190 -69 12 3 11 0 0 0 0 -2 -3 3 25 19 0 -3 -5 -1 182 68 -2 -8 -8
1 5089 -52 18 13 -10 0 0 0 0 -6 -11 7 16 20 1 3 4 0 287 83 -16 -7 -7
1 5167 -79 27 5 -34 0 0 0 0 -4 -23 0 20 15 1 -2 0 0 346 138 3 -18 -18
1 5098 -69 22 -9 25 0 0 0 0 -1 -5 -1 3 -10 -3 1 -4 0 303 119 1 -14 -14
1 5710 -71 51 0 11 0 0 0 0 -9 -22 5 -12 -2 3 -1 1 0 391 139 -7 -16 -16
1 5180 -76 23 -9 -8 0 0 0 0 -1 -15 -7 27 30 -2 2 2 0 340 146 9 -19 -19
1 4965 -73 41 -5 -9 0 0 0 0 -10 -22 0 6 -20 2 0 -1 0 237 72 -12 -7 -7
1 5089 -63 93 10 39 0 0 0 0 -29 -31 10 -63 -28 -2 -6 -4 0 251 98 2 -12 -12
1 5218 -79 28 -3 -4 0 0 0 0 -9 -13 -2 3 2 0 6 3 0 -1 33 19 -7 -7
1 5166 -65 12 -3 -16 0 0 0 0 -3 -10 -6 67 51 1 -1 9 0 -187 -74 -1 9 9
1 5093 -73 7 -1 -12 0 0 0 0 -3 -6 -4 66 45 2 5 -2 -1 232 60 -17 -4 -4
1 5172 -64 56 6 3 0 0 0 0 -22 -21 0 12 6 -1 -9 0 1 313 103 -11 -10 -10
1 5216 -74 70 5 3 0 0 0 0 -30 -23 -3 -12 -2 -2 4 1 -1 581 219 -2 -27 -27
1 5087 -71 31 -3 7 0 0 0 0 -14 -8 2 4 2 -1 0 -2 0 494 199 5 -24 -24
1 6036 -72 70 -6 5 0 0 0 0 -31 -19 -8 -5 0 2 5 3 0 466 171 -6 -20 -20
1 9936 -145 60 12 -34 1 -211 -1 0 -32 -20 -21 11 33 -2 -3 -5 0 580 206 -10 -22 -22
1 10454 -139 51 -20 -81 -23 -1183 0 2 -23 -23 -50 133 63 2 -3 3 0 605 220 -7 -25 -25
1 5178 -69 11 -3 -12 0 0 0 0 -5 -3 -9 13 16 1 1 0 0 798 286 -13 -32 -32
1 4967 -66 9 -2 -3 0 0 0 0 -5 -1 -3 34 17 -1 7 -3 0 554 205 -5 -23 -23
1 5171 -57 8 -1 -7 0 0 0 0 -4 -1 -5 6 7 0 -3 2 0 282 92 -9 -9 -9
1 5734 -83 11 2 5 0 0 0 0 -6 -1 2 5 7 -3 0 1 0 420 154 -5 -18 -18
1 5167 -61 17 -4 -4 0 0 0 0 -8 -2 -6 33 25 4 6 -4 -1 255 99 1 -11 -11
1 4984 -65 9 2 0 0 0 0 0 -6 0 0 9 -3 -1 -12 2 1 380 133 -8 -15 -15
1 5085 -63 8 -3 3 0 0 0 0 -3 -1 -3 5 9 0 4 -1 -1 288 106 -2 -11 -11
1 5325 -65 3 0 0 0 0 0 0 -2 1 2 7 1 4 4 -1 0 276 102 -3 -12 -12
1 6028 -82 24 0 -4 0 0 0 0 -12 -2 -9 10 12 -2 -4 5 0 304 107 -5 -11 -11
1 5094 -64 29 -7 4 0 0 0 0 -15 0 -1 -1 -1 -3 -1 -5 0 179 69 0 -9 -9
1 5166 -64 32 0 1 0 0 0 0 -18 0 -2 6 15 2 -5 -5 0 146 52 -2 -5 -5
1 5223 -64 40 -4 -20 0 0 0 0 -21 1 -17 23 9 -3 0 1 0 153 53 -4 -6 -6
1 5087 -66 -31 -6 -64 0 0 0 0 17 -2 -29 -49 2 1 3 -9 0 136 48 -2 -5 -5
1 5169 -56 15 28 87 0 0 0 0 -9 2 40 21 -4 0 2 5 0 223 100 8 -13 -13
1 5106 -73 18 -13 -9 0 0 0 0 -9 1 -6 19 -1 0 -3 4 0 227 93 3 -11 -11
1 5662 -70 80 -28 2 0 0 0 0 -41 8 -4 -8 10 -1 -2 -3 0 216 68 -9 -7 -7
1 5177 -30 -56 29 4 0 0 0 0 29 -6 1 4 0 0 2 -3 0 58 17 -3 -1 -1
1 4969 -56 26 -3 -9 0 0 0 0 -15 3 -2 7 3 3 2 5 -1 -1 13 8 -3 -3
1 5102 -68 54 4 18 0 0 0 0 -26 7 -5 1 2 -1 -2 -4 0 159 50 -7 -5 -5
1 5236 -52 -7 -19 1 0 0 0 0 3 0 11 18 4 -2 1 1 0 45 23 4 -3 -3
1 5181 -51 12 13 -11 0 0 0 0 -6 1 -15 -1 0 3 1 2 0 89 13 -12 1 1
1 7224 -98 0 2 -3 0 0 0 0 0 0 -1 -8 -2 -2 -1 -5 0 -124 -36 6 3 3
1 5167 -65 30 0 -2 0 0 0 0 -16 5 -3 10 5 1 0 3 0 160 65 2 -8 -8
1 8616 -117 78 -11 9 0 0 0 0 -37 17 -4 -6 -8 -3 -3 4 0 -11 -7 -1 1 1
1 5169 -71 33 23 -10 0 0 0 0 -15 9 -15 -62 -9 3 4 -8 0 53 17 -2 -2 -2
1 4976 -63 21 -12 3 0 0 0 0 -9 7 4 -62 -9 -1 -3 -7 0 1 32 18 -7 -7
1 5101 -63 23 6 1 0 0 0 0 -10 6 -7 -28 -2 12 0 0 0 155 63 1 -7 -7
1 5221 -73 38 -23 6 0 0 0 0 -16 12 6 -43 -13 -13 1 -3 -1 39 42 16 -8 -8
1 5178 -54 9 28 -8 0 0 0 0 -3 4 -12 5 3 4 1 2 0 162 67 2 -8 -8
1 5137 -64 26 -19 -11 0 0 0 0 -10 9 -3 12 1 -3 -6 -1 0 30 35 13 -7 -7
1 6050 -80 37 12 10 0 0 0 0 -14 14 -1 -3 -3 -1 5 -2 0 168 60 -2 -6 -6
1 5252 -54 47 -17 -4 0 0 0 0 -16 18 -2 -71 -16 0 -3 -1 0 74 32 2 -4 -4
1 5322 -61 57 8 13 0 0 0 0 -17 24 0 11 2 1 -1 3 0 -25 13 13 -4 -4
1 4973 -50 -11 0 -4 0 0 0 0 3 -5 -4 -4 2 1 3 -4 0 123 53 3 -7 -7
1 4978 -54 -13 -3 -6 0 0 0 0 3 -5 4 22 6 -3 1 4 0 125 52 2 -6 -6
1 5587 -66 -16 -6 27 0 0 0 0 5 -8 12 29 6 3 -2 0 0 19 -1 -5 1 1
1 5170 -53 -21 39 -30 0 0 0 0 9 -7 -27 -16 -4 -2 1 1 0 58 15 -4 -1 -1
1 4982 -63 -17 -41 16 0 0 0 0 3 -8 27 -26 -7 3 -2 -5 0 22 18 5 -3 -3
1 5028 -66 30 16 -6 0 0 0 0 -9 13 -10 11 3 -2 8 3 -1 3 1 0 0 0
1 5244 -53 6 -8 -4 0 0 0 0 -2 2 -3 -7 -4 2 -2 -3 0 53 22 1 -3 -3
1 5170 -62 3 12 2 0 0 0 0 -1 2 3 16 5 0 -9 5 0 33 18 3 -3 -3
1 5029 -57 55 -9 11 0 0 0 0 -15 22 -7 -24 -6 -3 34 -5 0 6 -2 -2 1 1
1 5180 -64 17 -9 0 0 0 0 0 -6 8 9 -3 0 0 -27 2 0 69 34 4 -5 -5
1 5242 -43 31 5 15 0 0 0 0 -7 13 -4 -1 0 2 -4 0 0 22 12 2 -2 -2
1 5314 -55 33 12 -3 0 0 0 0 -6 16 -8 2 1 -1 4 -3 0 37 13 -1 -1 -1
1 4976 -59 -14 -10 -8 0 0 0 0 2 -6 4 -5 -2 -2 -5 3 0 -6 3 3 -1 -1
1 4972 -60 -21 9 -16 0 0 0 0 5 -9 -7 7 2 3 5 -2 0 31 14 1 -2 -2
1 5468 -60 0 -8 5 0 0 0 0 -1 0 9 -2 1 -1 0 6 0 60 23 0 -2 -2
1 5164 -66 1 17 6 0 0 0 0 1 0 -7 -2 -1 -1 -4 -3 0 4 2 0 -1 -1
1 5117 -58 -6 -28 -15 0 0 0 0 2 -2 -1 -5 0 -1 10 1 -1 31 13 1 -1 -1
1 5675 -69 29 -5 -12 0 0 0 0 -9 14 9 1 0 0 -10 -2 1 35 13 0 -2 -2
1 5228 -61 15 5 5 0 0 0 0 -2 7 -6 -2 -1 0 0 1 0 7 6 1 -1 -1
1 5165 -43 83 13 23 0 0 0 0 -14 39 -4 22 8 3 0 1 -1 -32 -11 1 1 1
1 7070 -84 73 -17 20 0 0 0 0 -8 36 6 -6 -2 0 0 3 0 -143 -58 -1 7 7
1 5154 -44 47 -19 -10 0 0 0 0 -2 25 10 18 3 -1 -1 -7 0 284 107 -2 -12 -12
