version: 66.14
glider: 195
mission: 21
dive: 600
start: 9 11 105 1 14 22
columns: rec,elaps_tms,depth,heading,pitch,roll,AD_pitch,AD_roll,AD_vbd,GC_phase,mag.x,mag.y,mag.z,sbect.TempFreq,sbect.CondFreq,wlbb2fl.sig470nm,wlbb2fl.sig700nm,wlbb2fl.sig695nm,wlbb2fl.temp,aa4330.O2,aa4330.AirSat,aa4330.Temp,aa4330.CalPhase,aa4330.TCPhase,
data:
0 17696 19 487 -597 -44 162 1789 932 6 198 -265 -155 173552 135233 N N N N 243297 96677 26346 29221 30627
1 10000 6 -112 70 5 0 0 0 0 35 40 -4 -800 -7 N N N N 1507 351 -141 -14 -14
1 10000 2 175 -15 -9 0 0 0 0 -43 -62 41 159 17 N N N N -591 -5 131 -24 -24
1 10000 -13 -40 -7 71 0 0 0 0 12 3 15 -461 -9 N N N N -244 -191 -54 32 32
1 10000 8 -118 -29 25 0 0 0 0 5 29 -56 380 -19 N N N N -1797 -267 256 -17 -17
1 10000 11 195 10 -227 0 0 0 0 -32 -20 -13 -284 0 N N N N 1073 207 -126 0 0
1 8757 -21 -128 28 202 -1 -3 11 -4 34 6 50 318 -16 N N N N 1824 279 -253 14 14
1 9949 12 57 -158 -47 -1 3 246 0 -32 -5 -44 -264 0 N N N N -1174 -397 38 38 38
1 9964 32 120 33 -11 -1 1 248 0 -16 -33 50 881 6 N N N N -4379 -308 827 -115 -115
1 10069 23 -123 105 -51 1 1 244 0 26 37 -45 -1030 14 N N N N 2787 1466 197 -199 -199
1 9970 29 -13 -169 25 0 -2 254 0 -26 9 -41 -236 -22 N N N N 772 420 61 -57 -57
1 10040 51 401 -34 -253 1 0 269 0 -43 -52 46 517 -3 N N N N 291 175 33 -25 -25
1 9945 62 -199 9 376 -1 0 269 0 16 -19 87 -504 -10 N N N N 5 28 15 -6 -6
1 15923 203 44 -15 -147 951 3 156 -1 -6 8 -54 -664 -48 N N N N 172 99 17 -14 -14
1 8432 114 -119 413 61 1417 -2 101 1 41 8 94 -77 -5 N N N N -39 -1 8 -1 -1
1 9805 91 23 111 -8 -1 -1 387 0 -18 -8 32 -41 -6 N N N N 80 41 5 -6 -6
1 8183 106 45 -12 64 -3 781 289 4 -19 -2 38 -32 -4 N N N N 90 46 6 -6 -6
1 15316 214 -87 -14 58 -5 639 0 -2 42 26 6 14 1 N N N N -8 -1 1 0 0
1 9999 138 -153 9 2 0 0 0 0 59 39 -36 0 -11 N N N N -126 -52 -1 6 6
1 10000 137 -143 -13 -12 0 0 0 0 45 51 -42 4 1 N N N N -28 -5 4 0 0
1 10000 154 -140 -1 10 0 0 0 0 30 65 -17 -17 2 N N N N -69 -35 -4 4 4
1 10000 162 -84 33 0 0 0 0 0 11 43 1 11 0 N N N N -61 -25 -1 3 3
1 10001 151 3451 -4 11 0 0 0 0 3 77 -14 -20 9 N N N N -43 -21 -2 3 3
1 10001 156 -110 -10 -1 0 0 0 0 -12 56 -9 1 -1 N N N N -86 -34 1 4 4
1 9376 146 -150 11 13 0 0 0 0 -32 73 2 4 -2 N N N N -101 -42 -1 4 4
1 10622 160 -117 -16 -30 0 0 0 0 -37 50 9 28 -1 N N N N 17 1 -3 1 1
1 10000 147 -103 27 9 0 0 0 0 -41 38 17 29 10 N N N N -31 -26 -8 4 4
1 10001 151 -151 11 6 0 0 0 0 -68 38 26 7 4 N N N N -18 -16 -5 3 3
1 9999 131 -134 -23 -1 0 0 0 0 -61 18 22 16 -2 N N N N -29 -25 -7 4 4
1 14486 197 -181 26 -126 53 -1401 1 2 -93 -24 102 24 11 N N N N 234 81 -8 -8 -8
1 10811 136 -94 2 6 0 0 0 0 -46 -13 12 9 0 N N N N -208 -96 -7 12 12
1 9999 126 -81 11 2 0 0 0 0 -40 -17 9 -11 -5 N N N N 19 6 -1 -1 -1
1 10000 123 -43 5 -3 0 0 0 0 -18 -13 8 28 4 N N N N -178 -77 -2 9 9
1 10001 147 -62 1 5 0 0 0 0 -26 -17 5 -10 2 N N N N -31 -18 -4 3 3
1 10002 132 -54 4 -5 0 0 0 0 -20 -20 9 9 -1 N N N N -37 -21 -3 3 3
1 9999 131 -26 1 1 0 0 0 0 -10 -9 1 17 1 N N N N -24 -18 -5 3 3
1 9999 133 -53 0 -2 0 0 0 0 -17 -21 4 6 3 N N N N -189 -78 -1 8 8
1 9999 120 -66 -2 -1 0 0 0 0 -18 -28 7 0 2 N N N N -1 -6 -3 2 2
1 10000 134 -87 -11 4 0 0 0 0 -15 -38 8 0 3 N N N N -131 -52 1 5 5
1 10002 130 -66 5 -4 0 0 0 0 -13 -32 1 0 1 N N N N -17 -11 -3 2 2
1 9998 124 -59 5 5 0 0 0 0 -9 -27 0 0 -4 N N N N -260 -103 1 11 11
1 10000 120 -65 1 -3 0 0 0 0 -3 -33 0 -1 -2 N N N N 23 5 -2 0 0
1 10000 126 -53 1 0 0 0 0 0 -1 -26 -2 2 1 N N N N -140 -56 0 6 6
1 10000 118 -48 -1 -1 0 0 0 0 1 -24 -2 1 -1 N N N N -58 -22 1 2 2
1 10001 135 -65 1 5 0 0 0 0 4 -30 -3 5 -1 N N N N -142 -61 -2 8 8
1 9999 145 -70 2 -2 0 0 0 0 10 -34 -5 11 2 N N N N -64 -27 -1 3 3
1 10001 117 -45 2 -2 0 0 0 0 7 -21 -4 -8 0 N N N N -209 -86 0 9 9
1 10000 124 -35 -4 0 0 0 0 0 9 -16 -2 -3 -8 N N N N -97 -39 0 5 5
1 25352 337 151 -14 -127 0 -1409 1 -2 -20 26 -4 7 3 N N N N -170 -70 -1 7 7
1 19999 288 358 -6 1 0 0 0 0 19 169 43 6 0 N N N N 43 16 -1 -1 -1
1 20000 269 351 1 -2 0 0 0 0 108 139 -7 3 1 N N N N -270 -112 -2 13 13
1 20001 285 338 3 0 0 0 0 0 158 61 -45 -4 -2 N N N N -95 -39 0 4 4
1 21121 276 353 -5 133 -7 1412 0 2 166 -18 -129 -5 -4 N N N N -128 -53 0 6 6
1 20823 262 244 17 -14 0 0 0 0 83 -93 -23 6 4 N N N N -168 -72 -3 8 8
1 20000 264 103 5 6 0 0 0 0 21 -49 -9 14 2 N N N N -198 -87 -4 11 11
1 19999 250 0 3 5 0 0 0 0 1 0 2 202 15 N N N N -309 -165 -23 22 22
1 20000 255 -136 12 4 0 0 0 0 -32 64 17 2286 42 N N N N -368 -1969 -1052 414 414
1 20001 214 -203 -31 0 0 0 0 0 -70 76 12 20681 1489 N N N N -6804 -8489 -3476 1708 1708
1 19999 176 106 -1 -14 0 0 0 0 41 -37 -10 5214 2535 N N N N -11340 -7353 -2002 1426 1426
1 20000 182 146 6 0 0 0 0 0 43 -61 -16 2527 1991 N N N N -10855 -5568 -1140 1091 1091
1 20001 201 110 5 -1 0 0 0 0 21 -53 -10 1453 1093 N N N N -7839 -3720 -690 759 759
1 19999 182 -39 2 9 0 0 0 0 -6 19 4 922 1249 N N N N -9195 -3658 -362 715 715
1 24351 202 -33 8 117 32 1395 1 -2 -7 18 -18 3134 1013 N N N N -10543 -4138 -416 856 856
1 20354 161 -5 3 -3 0 0 0 0 -1 3 3 755 666 N N N N -6354 -2635 -390 601 601
1 20351 163 -126 4 -1 0 0 0 0 -34 58 3 758 691 N N N N -6405 -2492 -284 570 570
1 20352 162 -82 0 7 0 0 0 0 -28 33 2 2609 538 N N N N -7991 -3119 -396 753 753
1 20357 134 -6 -1 -8 0 0 0 0 -3 2 2 2588 521 N N N N -4811 -2110 -470 575 575
1 20350 121 -61 3 2 0 0 0 0 -24 22 6 515 631 N N N N -10436 -3872 -437 1007 1007
1 20413 128 -144 -6 4 0 0 0 0 -63 40 12 1428 539 N N N N -12002 -4090 -195 1073 1073
1 23537 108 -192 -6 -126 0 -1433 2 2 -94 7 92 1368 651 N N N N -8877 -3245 -422 967 967
1 20817 87 -204 13 4 0 0 0 0 -105 -13 30 1732 495 N N N N -11803 -3989 -252 1204 1204
1 20000 83 -53 4 -1 0 0 0 0 -26 -9 8 1338 403 N N N N -11834 -4007 -320 1314 1314
1 20000 98 119 -5 -2 0 0 0 0 59 17 -16 366 309 N N N N -11345 -3747 -236 1309 1309
1 19999 78 97 2 0 0 0 0 0 48 6 -16 103 331 N N N N -8104 -2678 -210 1003 1003
1 20000 120 75 1 1 0 0 0 0 38 -2 -12 251 238 N N N N -7340 -2349 -82 905 905
1 20000 118 49 0 -2 0 0 0 0 25 -4 -7 182 192 N N N N -5465 -1752 -78 708 708
1 20000 117 134 0 -4 0 0 0 0 65 -20 -21 502 156 N N N N -3286 -1050 -47 437 437
1 20000 137 171 2 0 0 0 0 0 73 -48 -25 1050 154 N N N N -2492 -896 -262 423 423
1 20000 143 45 6 -1 0 0 0 0 16 -16 -5 455 182 N N N N -2394 -821 -179 381 381
1 22588 170 -37 -17 132 -11 1424 1 -2 -12 20 -49 777 199 N N N N -1954 -657 -126 307 307
1 20000 151 -154 6 0 0 0 0 0 -65 50 16 789 257 N N N N -862 -312 -112 156 156
1 20000 137 -206 1 0 0 0 0 0 -101 36 25 1006 262 N N N N -450 -205 -165 120 120
1 23705 154 -60 -3 -124 0 -1385 0 2 -30 -16 73 1028 215 N N N N -1463 -519 -177 260 260
1 20000 125 -26 6 0 0 0 0 0 -14 0 6 282 191 N N N N -2331 -759 -123 361 361
1 20002 121 -64 -2 0 0 0 0 0 -32 -3 10 384 158 N N N N -2799 -901 -133 433 433
1 20000 132 -96 -1 2 0 0 0 0 -47 -11 13 444 172 N N N N -2833 -886 -70 423 423
1 20001 113 12 -1 -1 0 0 0 0 6 2 -1 351 196 N N N N -2928 -913 -78 446 446
1 19999 102 -21 3 -1 0 0 0 0 -11 -4 3 99 150 N N N N -1999 -627 -70 314 314
1 20000 128 2 1 2 0 0 0 0 1 1 0 567 102 N N N N -2694 -840 -83 426 426
1 19999 104 1 -4 -5 0 0 0 0 1 -1 1 621 93 N N N N -1934 -611 -101 321 321
1 20000 113 -76 -1 3 0 0 0 0 -35 -14 10 464 143 N N N N -1487 -475 -103 256 256
1 20001 107 -114 4 4 0 0 0 0 -50 -29 11 256 107 N N N N -1172 -371 -71 200 200
1 24000 165 4 -20 -127 0 -1401 1 -2 9 -44 52 136 118 N N N N -1629 -516 -113 283 283
1 20000 116 135 5 -3 0 0 0 0 56 38 -12 78 81 N N N N -1796 -547 -41 292 292
1 20000 139 167 3 0 0 0 0 0 80 28 -21 71 101 N N N N -1002 -309 -40 168 168
1 20000 142 148 -1 1 0 0 0 0 75 6 -26 452 81 N N N N -722 -227 -51 128 128
1 18421 128 117 4 146 22 1385 2 0 57 19 -87 341 74 N N N N -1180 -359 -35 197 197
1 21579 127 104 23 -25 -1 0 -1 2 45 -26 1 95 78 N N N N -695 -217 -47 123 123
1 19999 122 75 5 1 0 0 0 0 32 -21 -10 141 64 N N N N -590 -182 -26 102 102
1 20001 115 73 0 2 0 0 0 0 29 -25 -9 331 67 N N N N -617 -192 -46 111 111
1 20000 120 47 -3 0 0 0 0 0 17 -18 -7 157 52 N N N N -543 -170 -42 98 98
1 19998 120 81 1 -5 0 0 0 0 25 -34 -8 165 80 N N N N -497 -159 -57 95 95
1 19999 115 52 -2 5 0 0 0 0 13 -24 -6 123 54 N N N N -100 -35 -32 24 24
1 20000 112 114 -2 -3 0 0 0 0 21 -56 -9 111 77 N N N N 5 -3 -20 4 4
1 20000 118 132 6 1 0 0 0 0 8 -69 -4 160 46 N N N N -570 -177 -43 103 103
1 20000 110 -3463 1 -3 0 0 0 0 -10 -72 -1 105 79 N N N N -758 -230 -32 131 131
1 24473 152 -13 -13 131 -7 1416 0 -2 3 13 9 267 8 N N N N -1238 -373 -37 213 213
1 20001 118 3476 3 -3 0 0 0 0 7 64 -13 45 73 N N N N -723 -221 -44 129 129
1 19999 122 -134 3 1 0 0 0 0 -9 70 -6 222 73 N N N N -596 -182 -37 107 107
1 20000 111 -89 -5 3 0 0 0 0 -14 44 -5 128 50 N N N N -731 -221 -31 129 129
1 20000 117 -125 2 1 0 0 0 0 -33 58 -1 140 57 N N N N -548 -166 -31 98 98
1 20000 127 -124 4 -2 0 0 0 0 -45 49 7 202 49 N N N N -460 -139 -22 83 83
1 20000 125 -157 -1 -2 0 0 0 0 -69 47 11 95 47 N N N N -545 -164 -23 96 96
1 20355 126 -138 0 2 0 0 0 0 -68 24 17 30 51 N N N N -643 -192 -17 113 113
1 24468 151 -152 -8 -126 0 -1421 1 2 -76 -13 85 39 38 N N N N -632 -187 -11 109 109
1 19999 111 -95 5 2 0 0 0 0 -48 -8 15 -54 30 N N N N -51 -16 -4 10 10
1 20001 139 -104 6 -1 0 0 0 0 -52 -18 12 163 26 N N N N -40 -14 -15 10 10
1 20000 132 -54 -2 -1 0 0 0 0 -25 -11 7 151 19 N N N N 154 41 -31 -20 -20
1 19999 138 -36 3 2 0 0 0 0 -16 -10 3 27 24 N N N N 13 0 -31 4 4
1 20001 128 -13 1 -2 0 0 0 0 -6 -4 3 311 30 N N N N 367 103 -31 -56 -56
1 20001 140 36 -5 2 0 0 0 0 17 10 -4 136 31 N N N N 519 150 -18 -84 -84
1 19998 142 62 1 -4 0 0 0 0 27 15 -7 63 27 N N N N 554 159 -18 -90 -90
1 20000 140 86 -2 3 0 0 0 0 43 15 -11 137 26 N N N N 519 148 -28 -81 -81
1 20001 130 125 3 -3 0 0 0 0 61 11 -18 246 60 N N N N 492 137 -49 -71 -71
1 24176 159 158 -19 -123 -1 -1378 0 -2 85 -33 31 253 61 N N N N 889 253 -44 -137 -137
1 24297 164 192 0 127 -9 1396 0 2 91 -7 -89 118 57 N N N N 858 245 -32 -134 -134
1 19999 124 157 10 0 0 0 0 0 62 -50 -19 -14 38 N N N N 424 124 -5 -68 -68
1 20000 127 106 4 -2 0 0 0 0 33 -44 -11 90 28 N N N N 345 97 -18 -52 -52
1 20000 127 108 3 -1 0 0 0 0 25 -51 -7 4 51 N N N N 501 141 -31 -74 -74
1 20000 134 27 -1 0 0 0 0 0 4 -14 -2 150 17 N N N N 692 197 -30 -105 -105
1 20000 128 7 1 2 0 0 0 0 1 -3 -1 103 37 N N N N 951 270 -32 -145 -145
1 19999 135 35 0 0 0 0 0 0 5 -18 -3 140 78 N N N N 862 244 -40 -127 -127
1 20001 129 4 0 0 0 0 0 0 0 -2 0 14 73 N N N N 921 263 -28 -138 -138
1 20000 111 -41 0 2 0 0 0 0 -6 21 3 300 43 N N N N 878 251 -19 -133 -133
1 20000 143 -48 -1 1 0 0 0 0 -7 24 4 141 41 N N N N 658 188 -21 -97 -97
1 23528 140 -95 -11 117 -11 1386 0 -2 -22 49 -30 310 40 N N N N 938 261 -53 -132 -132
1 20001 125 -142 1 4 0 0 0 0 -47 59 6 135 37 N N N N 787 222 -30 -112 -112
1 20000 131 -158 5 1 0 0 0 0 -67 51 13 175 31 N N N N 862 244 -27 -125 -125
1 20531 131 -139 -1 -2 0 0 0 0 -68 28 16 171 49 N N N N 979 276 -32 -139 -139
1 20999 139 -133 -14 -126 0 -1406 0 2 -64 -9 84 89 49 N N N N 757 213 -27 -106 -106
1 20001 119 -91 10 4 0 0 0 0 -48 -4 13 22 49 N N N N 788 227 -3 -117 -117
1 19999 128 -101 5 -4 0 0 0 0 -52 -13 15 85 25 N N N N 547 157 -7 -80 -80
1 20001 124 -96 0 3 0 0 0 0 -44 -19 11 79 33 N N N N 464 128 -23 -62 -62
1 20000 122 -59 1 2 0 0 0 0 -26 -15 6 40 22 N N N N 352 98 -15 -47 -47
1 20000 135 18 1 -2 0 0 0 0 7 5 -1 -3 25 N N N N 298 84 -12 -41 -41
1 20000 128 8 0 2 0 0 0 0 4 2 -1 80 19 N N N N 172 45 -15 -21 -21
1 19999 133 -4 -1 -3 0 0 0 0 -2 -2 0 -11 15 N N N N -64 -21 -11 13 13
1 20001 130 -11 3 1 0 0 0 0 -5 -3 1 27 14 N N N N -336 -98 -4 50 50
1 19999 128 -38 0 3 0 0 0 0 -16 -10 4 -12 4 N N N N -736 -213 0 108 108
1 24115 164 35 -21 -127 0 -1362 0 -2 21 -33 47 73 3 N N N N -1007 -291 -1 150 150
1 20000 139 149 5 1 0 0 0 0 66 38 -13 114 0 N N N N -648 -193 -23 103 103
1 40179 277 317 0 2 0 0 0 0 159 20 -49 406 33 N N N N -754 -232 -63 129 129
1 44763 280 301 32 118 24 1380 0 2 132 -43 -91 158 96 N N N N 1853 519 -64 -258 -258
1 39999 254 101 2 0 0 0 0 0 35 -39 -10 -1219 78 N N N N 1365 383 -39 -190 -190
1 39999 239 59 -5 5 0 0 0 0 17 -26 -8 742 50 N N N N 804 226 -19 -112 -112
1 40000 242 35 6 -5 0 0 0 0 9 -16 -1 518 25 N N N N -560 -163 -8 84 84
1 40000 232 69 0 2 0 0 0 0 15 -33 -6 -5003 82 N N N N 1304 356 -73 -168 -169
1 44472 255 -142 -11 123 -7 1379 0 -2 -34 73 -26 5707 72 N N N N 2421 679 -57 -330 -329
1 40001 244 -218 3 1 0 0 0 0 -81 83 10 271 51 N N N N 968 270 -25 -129 -129
1 40000 247 -209 4 1 0 0 0 0 -101 46 19 251 54 N N N N 602 160 -43 -71 -71
1 44354 280 -206 -4 -126 0 -1395 0 2 -105 -14 92 314 72 N N N N 1472 408 -43 -192 -192
1 39999 252 -113 3 2 0 0 0 0 -57 -14 13 173 64 N N N N 2103 590 -36 -277 -277
1 40000 266 -107 -1 2 0 0 0 0 -50 -22 12 -35 39 N N N N 1380 388 -21 -181 -181
1 40000 265 -33 5 -4 0 0 0 0 -16 -9 4 -6696 40 N N N N -66 -24 -13 13 13
1 40001 266 8 0 4 0 0 0 0 4 2 -2 4114 19 N N N N -1336 -386 -16 186 186
1 42883 336 277 -83 -131 -96 -1373 0 -2 152 10 25 2653 16 N N N N -1358 -388 0 186 186
1 41763 326 341 53 127 60 1386 0 2 157 1 -112 107 -13 N N N N -8089 -2305 8 1138 1138
1 40001 288 262 5 2 0 0 0 0 99 -90 -34 65 -1 N N N N -4228 -1209 -9 625 625
1 39999 282 179 2 -2 0 0 0 0 39 -85 -14 -132 26 N N N N -637 -188 -29 103 103
1 40000 280 117 0 1 0 0 0 0 9 -61 -6 -1305 39 N N N N 1720 483 -32 -248 -248
1 39999 300 -3566 2 -5 0 0 0 0 1 -18 -1 377 30 N N N N -1716 -491 -12 258 258
1 40000 286 29 1 4 0 0 0 0 -1 -15 -1 384 24 N N N N -3118 -892 -21 477 477
1 45000 327 3336 -14 124 -8 1379 0 -2 -23 139 -17 1428 62 N N N N 303 74 -59 -32 -32
1 40001 278 -331 0 3 0 0 0 0 -112 133 15 142 56 N N N N 3720 1051 -28 -552 -552
1 41880 319 -315 -13 -123 0 -1387 -1 2 -151 33 102 28 29 N N N N 1951 554 -5 -286 -286
1 40000 290 -223 16 -2 0 0 0 0 -114 -22 35 -13 12 N N N N -5001 -1421 -2 745 745
1 40001 316 -57 4 3 0 0 0 0 -27 -12 7 45 19 N N N N -2960 -844 -14 456 456
1 39999 300 43 3 -2 0 0 0 0 19 9 -6 -456 14 N N N N 1616 457 -10 -246 -246
1 40000 316 19 -1 -1 0 0 0 0 9 4 -2 150 15 N N N N 3853 1089 -21 -575 -575
1 40001 323 -5 0 1 0 0 0 0 -2 -1 1 571 35 N N N N 83 19 -23 -7 -7
1 45999 366 237 -18 -124 0 -1381 0 -2 122 -10 21 47 19 N N N N -1422 -406 -10 215 215
1 41886 329 298 10 122 -9 1385 0 2 143 -9 -105 74 23 N N N N -550 -159 -17 87 87
1 39999 301 104 4 2 0 0 0 0 43 -32 -14 -167 28 N N N N -424 -125 -23 69 69
1 40000 301 -9 -1 -1 0 0 0 0 -4 3 1 342 42 N N N N -1158 -333 -25 181 181
1 39999 296 -71 -1 0 0 0 0 0 -29 22 10 106 35 N N N N -755 -217 -18 119 119
1 40001 279 -109 -3 0 0 0 0 0 -49 27 16 272 31 N N N N 6 -3 -27 6 6
1 45882 319 -274 -21 1 -10 0 0 0 -133 20 43 155 36 N N N N -741 -216 -30 120 120
1 39998 279 -215 17 1 0 0 0 0 -108 -29 34 96 26 N N N N -761 -217 -13 120 120
1 40002 291 -55 2 -2 0 0 0 0 -25 -14 7 60 32 N N N N -2187 -622 -22 344 344
1 39998 270 -91 -2 3 0 0 0 0 -36 -26 11 74 35 N N N N -1733 -492 -20 276 276
1 40001 291 -123 3 1 0 0 0 0 -45 -44 10 57 23 N N N N -1285 -364 -10 206 206
1 39999 285 -98 0 -2 0 0 0 0 -28 -41 7 90 18 N N N N -272 -79 -12 46 46
1 43473 323 226 -16 -125 0 -1379 -1 -2 79 42 29 208 29 N N N N 15 0 -30 4 4
1 40001 325 402 0 0 0 0 0 0 186 80 -47 165 36 N N N N -690 -198 -27 115 115
1 40294 302 293 20 120 21 1379 0 2 140 -4 -101 21 43 N N N N -125 -38 -18 24 24
1 40000 293 -46 6 4 0 0 0 0 -22 11 7 -368 27 N N N N -150 -45 -23 28 28
1 39999 290 -72 6 2 0 0 0 0 -36 13 11 584 35 N N N N -334 -98 -29 60 60
1 40001 313 -110 -3 -2 0 0 0 0 -55 11 17 79 45 N N N N -2517 -711 -27 412 412
1 40000 285 -80 2 2 0 0 0 0 -41 2 12 -542 41 N N N N -941 -267 -23 159 159
1 39999 320 -7 5 -2 0 0 0 0 -5 0 2 853 34 N N N N 1892 528 -24 -305 -305
1 44603 332 285 -21 9 -7 5 -1 0 145 -28 -53 339 46 N N N N 7038 1969 -40 -1102 -1102
1 40807 307 226 12 -10 0 0 0 0 91 -72 -24 -2510 46 N N N N -2079 -586 -18 326 326
1 39999 300 127 -1 0 0 0 0 0 37 -55 -13 1553 29 N N N N -2814 -791 -12 445 445
1 40002 300 -43 -1 2 0 0 0 0 -11 20 3 1034 34 N N N N -405 -117 -26 70 70
1 40000 288 -35 2 -5 0 0 0 0 -10 15 4 2 33 N N N N 1565 435 -25 -243 -243
1 40001 300 -56 0 2 0 0 0 0 -18 23 7 71 27 N N N N 1371 382 -11 -213 -213
1 46234 329 -269 -13 124 -10 1384 -1 -2 -112 90 -22 315 26 N N N N -1068 -301 -17 171 171
1 41529 313 -280 1 -117 0 -1397 -1 2 -140 5 103 204 30 N N N N -926 -263 -22 151 151
1 40000 288 -172 6 -4 0 0 0 0 -86 -23 26 108 35 N N N N -2541 -713 -28 410 410
1 39999 284 -137 1 2 0 0 0 0 -60 -35 16 249 38 N N N N -2354 -662 -29 386 386
1 40001 297 -54 -3 -2 0 0 0 0 -20 -18 7 144 51 N N N N -3426 -959 -40 573 573
1 40000 306 3 2 2 0 0 0 0 1 2 0 236 69 N N N N -2227 -625 -51 382 382
1 44590 344 263 -18 -127 0 -1372 0 -2 120 26 24 218 60 N N N N -1862 -521 -37 323 323
1 40596 325 381 2 33 0 201 1 -1 189 13 -79 237 55 N N N N -839 -236 -37 149 149
1 39403 308 248 10 90 -8 1182 -1 3 103 -54 -76 -2023 86 N N N N -1165 -326 -44 207 207
1 40001 310 57 1 1 0 0 0 0 19 -22 -8 2259 64 N N N N -1052 -294 -29 187 187
1 40000 318 -37 0 0 0 0 0 0 -12 15 4 48 40 N N N N -446 -124 -20 80 80
1 39999 322 -80 2 -1 0 0 0 0 -30 30 9 109 27 N N N N 138 38 -11 -23 -23
1 40000 320 -34 0 4 0 0 0 0 -13 10 8 -267 28 N N N N 519 143 -28 -87 -87
1 45648 375 -252 9 116 22 1383 -1 -2 -120 68 -20 671 38 N N N N 118 31 -30 -17 -17
1 44235 344 -279 2 -116 0 -1390 -1 2 -141 -21 102 76 52 N N N N -149 -43 -31 29 29
1 39999 310 -103 4 -1 0 0 0 0 -50 -19 14 193 38 N N N N 30 7 -32 -2 -2
1 40000 337 67 2 -1 0 0 0 0 31 13 -8 -672 67 N N N N 208 56 -46 -31 -31
1 40003 332 -12 -7 -1 0 0 0 0 -4 -3 3 497 65 N N N N -456 -128 -43 84 84
1 39998 315 -86 4 1 0 0 0 0 -41 -18 9 565 67 N N N N -626 -175 -50 114 114
1 44177 375 147 -11 -123 0 -1373 0 -2 73 -9 38 567 58 N N N N -679 -188 -40 123 123
1 41089 358 384 -3 131 -9 1376 0 2 192 25 -122 380 76 N N N N -258 -72 -51 50 50
1 40793 343 137 11 -13 0 0 0 0 60 -37 -12 -5593 77 N N N N -274 -77 -30 51 51
1 40000 341 -1 0 3 0 0 0 0 -1 0 0 5301 56 N N N N 429 117 -31 -72 -72
1 39999 348 -23 -2 2 0 0 0 0 -9 7 2 650 67 N N N N 328 89 -47 -52 -52
1 40000 327 -5 1 -2 0 0 0 0 -2 2 1 -4774 56 N N N N 440 119 -33 -73 -73
1 40001 358 -54 3 4 0 0 0 0 -25 14 8 1104 50 N N N N 880 240 -27 -148 -148
1 45383 377 -284 -23 -6 -10 0 -2 0 -135 35 45 4422 57 N N N N 861 234 -46 -141 -141
1 40794 338 -213 11 3 0 0 0 0 -109 -18 30 -160 66 N N N N -248 -70 -45 47 47
1 40000 348 -48 5 4 0 0 0 0 -23 -9 6 -3274 56 N N N N 743 202 -26 -123 -123
1 40000 340 -29 -5 -5 0 0 0 0 -13 -8 5 -8215 51 N N N N 557 150 -30 -90 -90
1 39999 332 -107 1 4 0 0 0 0 -45 -28 12 11265 44 N N N N 240 64 -35 -36 -36
1 40001 337 -10 4 1 0 0 0 0 -5 -3 0 -5593 48 N N N N -336 -94 -32 61 61
1 43586 363 268 -20 -124 0 -1384 0 -2 127 22 24 7120 65 N N N N -488 -135 -57 88 88
1 42885 355 414 24 116 22 1390 0 2 200 11 -118 199 93 N N N N 310 80 -70 -43 -43
1 39999 298 137 10 3 0 0 0 0 57 -40 -18 -5149 73 N N N N 955 257 -43 -154 -154
1 40000 318 110 1 0 0 0 0 0 39 -42 -13 -569 60 N N N N 486 130 -36 -75 -75
1 40001 304 97 0 1 0 0 0 0 27 -43 -10 3734 94 N N N N -827 -227 -40 141 141
1 39999 310 -55 -1 1 0 0 0 0 -14 25 5 606 51 N N N N 149 40 -20 -22 -22
1 40000 288 -96 2 2 0 0 0 0 -31 40 11 -4542 48 N N N N 1214 327 -25 -196 -196
1 44765 351 -292 -13 120 -8 1386 -1 -2 -125 95 -22 7091 51 N N N N 507 135 -33 -79 -79
1 41471 301 -326 -6 -122 0 -1391 -1 2 -164 -10 109 -1479 38 N N N N 334 89 -22 -51 -51
1 39999 301 -158 8 3 0 0 0 0 -76 -30 19 1648 30 N N N N -70 -21 -23 15 15
1 40000 307 -63 4 0 0 0 0 0 -28 -17 7 3 44 N N N N -51 -16 -33 12 12
1 39999 322 -105 2 -3 0 0 0 0 -42 -35 10 -4236 48 N N N N -332 -92 -38 59 59
1 40001 312 -22 -2 1 0 0 0 0 -7 -8 2 3876 59 N N N N -897 -245 -37 152 152
1 44412 361 311 -15 -127 0 -1381 0 -2 136 46 23 803 49 N N N N -811 -220 -42 137 137
1 41193 342 391 -1 133 -8 1382 0 2 196 36 -121 618 57 N N N N -245 -68 -22 43 43
1 40808 297 46 10 -13 0 0 0 0 20 -11 -1 -3224 47 N N N N -286 -77 -15 49 49
1 40000 317 -106 2 7 0 0 0 0 -51 19 16 3465 38 N N N N -174 -49 -40 34 34
1 40000 316 -83 -1 -3 0 0 0 0 -42 7 15 7 65 N N N N -968 -262 -40 164 164
1 40000 305 -188 -1 4 0 0 0 0 -96 -4 26 445 57 N N N N -294 -80 -34 52 52
1 40000 303 -99 0 -3 0 0 0 0 -48 -16 14 141 50 N N N N 387 102 -32 -60 -60
1 44115 354 185 -12 -123 -1 -1378 0 -2 95 -13 31 28 41 N N N N 743 197 -26 -119 -119
1 42769 325 330 -5 119 -8 1387 -1 2 162 -1 -113 213 55 N N N N 742 197 -42 -116 -116
1 39998 307 135 16 5 0 0 0 0 55 -42 -15 -7539 74 N N N N 1178 312 -37 -186 -186
1 40000 309 -9 -3 2 0 0 0 0 -3 4 0 7670 58 N N N N 1168 311 -23 -184 -184
1 40000 296 -174 -1 1 0 0 0 0 -75 49 24 352 34 N N N N 761 202 -20 -118 -118
1 40000 316 -52 3 -2 0 0 0 0 -26 9 9 -5726 39 N N N N 568 149 -26 -86 -86
1 39999 297 105 -4 -1 0 0 0 0 50 -22 -16 -6255 30 N N N N 728 193 -19 -112 -112
1 44765 334 -202 10 122 22 1386 -1 -2 -99 51 -28 12271 32 N N N N 693 183 -16 -106 -106
1 43765 306 -361 -3 -122 0 -1396 0 2 -180 -43 113 228 32 N N N N 632 167 -20 -96 -96
1 40001 282 -276 10 5 0 0 0 0 -110 -86 24 180 34 N N N N 365 95 -22 -53 -53
1 39999 304 -72 0 -3 0 0 0 0 -21 -31 5 -1371 43 N N N N 793 208 -32 -117 -117
1 40001 303 20 1 0 0 0 0 0 5 9 -1 807 52 N N N N 888 231 -45 -129 -129
1 40000 297 -65 1 -2 0 0 0 0 -17 -29 2 -2559 61 N N N N 925 242 -34 -135 -135
1 44056 347 298 -17 -123 0 -1371 0 -2 104 70 29 3760 48 N N N N 467 120 -31 -65 -65
1 40000 304 375 0 3 0 0 0 0 180 66 -41 260 41 N N N N 34 7 -22 -1 -1
1 44237 340 367 4 118 -9 1382 -1 2 173 -32 -112 -1796 44 N N N N -206 -57 -21 34 34
1 40000 294 157 7 0 0 0 0 0 57 -58 -18 -7926 26 N N N N -210 -57 -8 33 33
1 40000 298 39 -2 4 0 0 0 0 10 -18 -5 8382 28 N N N N -493 -133 -22 79 79
1 40000 320 27 1 -1 0 0 0 0 7 -12 -2 -1831 37 N N N N -769 -206 -32 122 122
1 40000 293 -38 1 3 0 0 0 0 -9 18 4 -7602 44 N N N N -546 -149 -33 89 89
1 44059 342 -221 -16 119 -10 1381 -1 -2 -79 90 -28 11486 53 N N N N -607 -164 -35 98 98
1 41584 304 -314 -3 -128 0 -1391 0 2 -150 42 101 280 40 N N N N -1190 -316 -21 186 186
1 40827 317 -273 10 8 0 0 0 0 -137 -24 39 119 49 N N N N -593 -159 -30 96 96
1 39999 294 -138 1 -1 0 0 0 0 -61 -35 17 -11 36 N N N N -84 -24 -18 15 15
1 40000 320 -80 0 0 0 0 0 0 -31 -26 8 28 21 N N N N 76 20 -10 -10 -10
1 40002 309 -115 4 1 0 0 0 0 -38 -44 8 -2368 43 N N N N 294 73 -42 -39 -39
1 39997 315 61 -3 -2 0 0 0 0 18 24 -4 -8032 59 N N N N 511 131 -38 -73 -73
1 45237 364 301 -16 -122 0 -1380 -1 -2 130 47 23 10825 38 N N N N 227 57 -31 -30 -30
1 40002 332 366 3 -3 0 0 0 0 181 22 -56 566 47 N N N N -360 -97 -33 61 61
1 44704 319 240 30 124 24 1375 0 2 106 -29 -84 -1960 52 N N N N 427 109 -31 -61 -61
1 40001 296 179 2 -1 0 0 0 0 61 -71 -18 -9042 42 N N N N 382 99 -18 -55 -55
1 39998 291 -26 -1 2 0 0 0 0 -7 12 1 9038 38 N N N N 198 50 -13 -28 -28
1 40001 282 -139 -2 2 0 0 0 0 -48 54 15 1969 24 N N N N 18 3 -16 0 0
1 39998 283 -79 1 -1 0 0 0 0 -33 25 11 -6080 35 N N N N 212 53 -25 -28 -28
1 44726 290 -276 -11 89 -8 1201 1 -2 -134 61 -11 6806 43 N N N N 307 77 -39 -40 -40
1 39454 274 -236 2 -89 0 -1198 -3 2 -119 -30 82 147 59 N N N N 662 168 -48 -92 -92
1 39999 269 -163 5 1 0 0 0 0 -76 -35 19 206 73 N N N N 647 165 -37 -90 -90
1 39998 282 -115 -2 -2 0 0 0 0 -46 -37 10 -739 59 N N N N 820 211 -30 -117 -117
1 40003 272 -104 -1 0 0 0 0 0 -33 -40 9 1101 58 N N N N 851 218 -40 -118 -118
1 40000 259 -160 2 1 0 0 0 0 -39 -70 7 161 44 N N N N 513 131 -19 -72 -72
1 44529 326 184 -17 -126 0 -1379 0 -2 50 36 28 216 33 N N N N -360 -97 -25 57 57
1 40002 289 383 0 -2 0 0 0 0 159 112 -20 41 23 N N N N -366 -96 -6 55 55
1 42351 296 366 4 34 -2 199 0 -1 184 12 -69 97 18 N N N N -883 -232 -16 132 132
1 37647 269 161 8 89 -6 1186 -1 3 71 -22 -63 -5215 37 N N N N -311 -83 -24 50 50
1 40002 272 64 -2 5 0 0 0 0 26 -21 -10 3828 26 N N N N -1304 -342 -14 196 196
1 39998 292 -30 0 -1 0 0 0 0 -12 10 4 1446 31 N N N N -1188 -310 -24 181 181
1 39999 296 -51 1 2 0 0 0 0 -20 17 7 -616 30 N N N N -275 -73 -14 44 44
1 40000 272 34 2 -2 0 0 0 0 13 -11 -4 -3006 22 N N N N -764 -200 -15 117 117
1 44121 316 -236 -13 120 -10 1387 1 -2 -107 69 -30 4029 33 N N N N -209 -56 -23 35 35
1 41057 288 -232 2 -119 0 -1401 -1 2 -117 -9 99 -4925 28 N N N N 55 13 -13 -6 -6
1 39999 302 -128 3 0 0 0 0 0 -64 -15 17 5295 36 N N N N 556 141 -36 -79 -79
1 40001 304 -117 0 0 0 0 0 0 -54 -26 15 -466 45 N N N N 38 8 -27 -1 -1
1 39999 299 -74 3 1 0 0 0 0 -30 -22 8 -3292 53 N N N N 255 62 -37 -33 -33
1 40000 297 -23 -4 -4 0 0 0 0 -9 -8 2 -204 56 N N N N 437 110 -35 -60 -60
1 44116 356 260 -15 -124 -1 -1374 -1 -2 119 25 26 4671 38 N N N N -328 -87 -28 54 54
1 38230 299 407 3 141 29 1394 1 0 202 27 -129 336 54 N N N N 798 203 -33 -114 -114
1 42122 316 165 36 -15 1 -1 -1 2 68 -48 -6 -3336 37 N N N N 373 93 -27 -51 -51
1 40000 291 128 -2 -3 0 0 0 0 45 -50 -14 -1074 36 N N N N -122 -33 -22 22 22
1 40001 306 -21 1 -1 0 0 0 0 -7 9 3 -800 37 N N N N -1397 -363 -21 210 210
1 40000 296 -36 1 5 0 0 0 0 -12 15 2 4624 38 N N N N -984 -255 -20 150 150
1 39999 301 -59 -3 -2 0 0 0 0 -21 22 8 -3510 33 N N N N -320 -84 -21 51 51
1 44474 337 -322 -11 123 -8 1376 -1 -2 -148 89 -22 4626 37 N N N N 132 32 -21 -17 -17
1 43941 341 -364 2 -120 0 -1391 0 2 -182 -44 113 104 29 N N N N 249 63 -15 -35 -35
1 39999 294 -179 2 -2 0 0 0 0 -77 -51 17 69 26 N N N N 95 23 -17 -12 -12
1 40002 321 -91 5 0 0 0 0 0 -32 -34 7 -1760 25 N N N N -152 -40 -17 25 25
1 40001 313 -108 -6 2 0 0 0 0 -30 -44 6 1529 25 N N N N 353 89 -16 -50 -50
1 39998 329 -6 4 -1 0 0 0 0 -1 -4 0 -8149 22 N N N N 274 69 -10 -39 -39
1 44059 370 255 -19 -130 0 -1403 0 -2 88 54 32 8526 16 N N N N 224 56 -20 -30 -30
1 39999 342 364 3 0 0 0 0 0 170 74 -34 485 20 N N N N 259 65 -14 -36 -36
1 40000 335 315 -2 123 -9 1409 -1 2 157 0 -106 -1657 31 N N N N 253 64 -15 -36 -36
1 40000 316 51 13 1 0 0 0 0 21 -13 -6 602 22 N N N N 349 88 -13 -49 -49
1 40000 332 -152 -6 4 0 0 0 0 -70 34 21 986 26 N N N N 413 104 -20 -57 -57
1 40000 316 -76 2 -1 0 0 0 0 -39 10 11 -936 31 N N N N 189 46 -23 -24 -24
1 40000 313 -17 1 -1 0 0 0 0 -9 0 3 -229 24 N N N N 561 143 -15 -80 -80
1 40001 340 -23 3 4 0 0 0 0 -12 3 3 848 33 N N N N 944 238 -32 -131 -131
1 40000 317 -85 1 -4 0 0 0 0 -44 1 14 -384 52 N N N N 875 221 -27 -122 -122
1 40000 319 -150 -2 0 0 0 0 0 -76 -13 20 1254 27 N N N N 439 111 -10 -61 -61
1 39999 325 -72 0 4 0 0 0 0 -34 -12 9 -1071 18 N N N N 153 38 -6 -21 -21
1 40001 327 -51 -1 -3 0 0 0 0 -24 -11 6 1012 13 N N N N 276 70 -9 -38 -38
1 39999 305 -54 1 2 0 0 0 0 -23 -14 7 188 18 N N N N 419 105 -14 -57 -57
1 46120 378 199 -17 -124 0 -1386 0 -2 97 4 32 380 17 N N N N 698 176 -19 -96 -96
1 40660 325 335 2 128 -10 1390 0 2 168 32 -112 307 24 N N N N 107 25 -21 -12 -12
1 40808 322 156 10 -6 0 0 0 0 71 -37 -17 -8155 35 N N N N 55 11 -22 -3 -3
1 40000 304 91 -1 -1 0 0 0 0 36 -30 -13 6070 30 N N N N -670 -173 -14 97 97
1 40000 317 -7 4 4 0 0 0 0 -2 3 2 -3600 34 N N N N -52 -17 -32 13 13
1 40000 316 3 -1 -1 0 0 0 0 1 -1 0 3753 37 N N N N 525 130 -26 -69 -69
1 40000 332 53 -1 -2 0 0 0 0 19 -20 -7 1399 35 N N N N 873 220 -18 -120 -120
1 41471 304 -192 -17 124 -10 1395 -2 -2 -75 73 -34 1061 26 N N N N 243 61 -11 -32 -32
1 41882 306 -290 -7 -123 0 -1401 0 2 -141 26 101 281 29 N N N N -291 -77 -24 45 45
1 40000 302 -172 16 2 0 0 0 0 -90 -12 27 119 42 N N N N 8 -3 -32 5 5
1 40002 302 -72 2 0 0 0 0 0 -35 -13 9 -381 55 N N N N 1823 459 -30 -248 -248
1 39999 292 -49 -2 -1 0 0 0 0 -22 -11 6 -126 32 N N N N 2582 653 -14 -351 -351
1 39999 304 -35 1 1 0 0 0 0 -16 -8 5 -1498 29 N N N N 1718 434 -14 -230 -230
1 40000 299 -109 -1 0 0 0 0 0 -44 -33 11 -680 20 N N N N 1149 289 -13 -151 -151
1 43587 332 254 -18 -125 0 -1382 0 -2 117 24 26 3061 20 N N N N -740 -191 -19 103 103
1 43070 330 429 1 120 -9 1387 0 2 211 27 -126 346 27 N N N N -471 -122 -17 67 67
1 40814 285 246 11 2 0 0 0 0 99 -77 -32 -1358 32 N N N N 109 23 -26 -9 -9
1 40000 305 64 3 0 0 0 0 0 20 -27 -7 -1001 29 N N N N 200 49 -11 -25 -25
1 40000 312 12 1 1 0 0 0 0 3 -5 -1 -1198 18 N N N N 441 109 -13 -56 -56
1 40000 280 6 -2 -1 0 0 0 0 2 -3 -1 -293 25 N N N N 564 140 -16 -72 -72
1 40000 303 -41 2 1 0 0 0 0 -12 18 5 3013 28 N N N N 40 7 -17 -1 -1
1 43764 310 -288 -14 124 -10 1389 0 -2 -112 105 -20 1261 25 N N N N 396 97 -17 -49 -49
1 40529 292 -314 20 -126 38 -1403 -1 2 -161 13 110 190 21 N N N N 337 83 -12 -42 -42
1 40001 279 -245 5 5 0 0 0 0 -119 -38 32 -289 26 N N N N -276 -74 -21 41 41
1 40000 283 -125 7 -1 0 0 0 0 -53 -38 11 -4554 25 N N N N 297 73 -13 -37 -37
1 40002 285 3 -2 -1 0 0 0 0 1 1 0 2355 22 N N N N 593 147 -15 -74 -74
1 39997 285 -32 3 0 0 0 0 0 -13 -11 2 -5320 19 N N N N 938 235 -7 -122 -122
1 40000 288 -14 -1 -1 0 0 0 0 -4 -6 2 -1207 13 N N N N -265 -69 -9 37 37
1 45119 323 221 -21 -124 0 -1366 0 -2 97 26 32 9408 10 N N N N 113 26 -15 -12 -12
1 40001 291 380 6 -1 0 0 0 0 189 33 -50 179 22 N N N N 1157 288 -18 -146 -146
1 44881 331 292 6 124 -7 1377 0 2 132 -38 -99 -1166 30 N N N N 1207 300 -19 -152 -152
1 40000 294 52 4 1 0 0 0 0 19 -19 -6 -3392 31 N N N N -1078 -275 -19 144 144
1 39999 275 -78 -4 2 0 0 0 0 -29 28 9 2365 25 N N N N -2440 -618 -19 322 322
1 40002 300 -100 3 -4 0 0 0 0 -44 29 14 1842 30 N N N N -465 -120 -18 65 65
1 39998 297 -103 1 1 0 0 0 0 -49 21 16 -956 33 N N N N -188 -51 -18 29 29
1 40000 300 -80 1 2 1 -1 -1 0 -40 10 12 1254 26 N N N N 646 160 -15 -82 -82
1 40000 283 -83 0 -1 0 0 0 0 -43 4 13 346 28 N N N N 918 227 -19 -115 -115
1 40000 302 -76 -1 1 0 0 0 0 -39 -1 10 -294 21 N N N N 885 220 -11 -113 -113
1 40000 291 -57 -1 -1 0 0 0 0 -29 -4 8 -2473 16 N N N N 671 166 -11 -84 -84
1 40000 315 13 -2 -2 0 0 0 0 7 1 -1 1993 22 N N N N 541 132 -18 -66 -66
1 45823 354 239 -14 -122 -1 -1381 0 -2 125 -32 18 1524 21 N N N N -845 -215 -16 113 113
1 44354 327 370 7 122 -8 1388 0 2 157 -74 -108 -108 25 N N N N -584 -149 -14 79 79
1 40004 306 139 3 3 0 0 0 0 37 -62 -12 -372 23 N N N N -552 -143 -21 76 76
1 39998 308 94 2 -1 0 0 0 0 16 -47 -7 -2889 38 N N N N 943 232 -25 -116 -116
1 39998 317 12 2 0 0 0 0 0 2 -6 0 1570 30 N N N N 1388 343 -20 -174 -174
1 40001 309 -82 -5 1 0 0 0 0 -13 41 5 1623 38 N N N N 2649 660 -16 -333 -333
1 44059 334 -294 -11 123 -10 1391 -1 -2 -89 130 -21 851 24 N N N N 609 148 -17 -72 -72
1 41015 319 -360 -3 -131 0 -1402 0 2 -170 52 111 86 25 N N N N 1477 366 -14 -181 -181
1 40807 322 -293 6 9 0 0 0 0 -146 -30 38 -34 18 N N N N 1206 300 -7 -147 -147
1 40000 307 -125 5 0 0 0 0 0 -54 -34 15 -1190 13 N N N N 792 196 -5 -97 -97
1 40000 307 -126 -3 0 0 0 0 0 -45 -44 12 532 8 N N N N -2008 -503 -8 250 250
1 40000 338 -158 2 0 0 0 0 0 -43 -67 9 -72 12 N N N N -942 -238 -9 120 120
1 40000 314 -64 2 0 0 0 0 0 -13 -30 1 -1459 14 N N N N 1401 348 -12 -171 -171
1 43589 361 240 -24 -125 0 -1377 0 -2 69 58 29 2506 14 N N N N 2335 578 -17 -283 -283
1 40001 342 402 9 -1 0 0 0 0 170 108 -31 148 16 N N N N 679 167 -10 -80 -80
1 39489 327 354 19 124 28 1385 -1 2 173 13 -111 84 19 N N N N 1011 248 -17 -118 -118
1 40804 319 148 12 -1 0 0 0 0 64 -40 -17 -2044 25 N N N N 1687 417 -12 -200 -200
1 39999 300 -108 2 -1 0 0 0 0 -47 32 14 1147 22 N N N N -926 -235 -14 115 115
1 40000 314 -169 -1 5 0 0 0 0 -82 30 24 -1511 25 N N N N -309 -81 -18 42 42
1 40000 311 -147 -3 -2 0 0 0 0 -75 6 21 579 24 N N N N 2132 527 -13 -251 -251
1 40000 317 -154 4 0 0 0 0 0 -79 -15 20 1296 17 N N N N 2138 531 -6 -251 -251
1 41943 322 213 -19 -126 0 -1389 0 -2 112 -17 27 915 8 N N N N 1593 393 -12 -183 -183
1 42057 343 356 8 125 -6 1384 0 2 168 -33 -108 94 20 N N N N 1247 307 -11 -141 -141
1 40001 309 201 5 0 0 0 0 0 68 -79 -22 45 11 N N N N 878 215 -9 -99 -99
1 40000 311 190 -3 -1 0 0 0 0 34 -94 -13 39 12 N N N N -69 -20 -11 11 11
1 40000 320 -3497 5 1 0 0 0 0 3 -54 -4 -257 15 N N N N -498 -127 -8 60 60
1 40000 328 110 -1 -1 0 0 0 0 -7 -58 -1 -2267 8 N N N N -3613 -899 -5 422 422
1 41706 339 3394 -13 127 -10 1393 -1 -2 5 113 -11 2607 10 N N N N -1793 -448 -5 213 213
1 40001 289 -327 0 -1 0 0 0 0 -74 155 -4 135 9 N N N N 35 6 -9 -1 -1
1 38718 236 -163 265 -78 218 -957 -94 -2 -107 59 89 0 6 N N N N 1095 270 -9 -128 -128
1 40058 212 -51 -2 -6 0 1 -175 0 -25 12 0 -292 -4 N N N N 203 49 -5 -22 -22
1 39992 159 -98 5 17 2 -1 -167 0 -57 15 1 388 -2 N N N N 120 28 -7 -12 -12
1 42425 84 -154 -120 -17 359 0 -146 0 -59 5 6 -19 -20 N N N N 64 15 -3 -7 -7
1 37505 -108 102 370 19 122 0 -143 0 -27 -2 3 25 37 N N N N -203 -52 -4 25 25
1 39989 -206 10 -9 -2 -1 -1 -169 0 9 0 1 22 32 N N N N -88 -21 1 10 10
1 40034 -269 -171 -13 1 2 6 -165 0 -83 -2 -34 -72 6 N N N N 124 33 10 -17 -17
1 45453 -364 -184 -77 119 -1 1392 -121 2 -70 -19 -92 -75 -11 N N N N 292 76 13 -38 -38
1 40000 -363 208 -14 2 0 0 0 0 101 35 35 -37 -13 N N N N -729 -178 9 83 83
1 40854 -363 220 0 -33 1 -199 -1 -1 110 -6 61 -31 -7 N N N N -1753 -434 6 207 207
1 37886 -311 -50 65 -66 -45 -1180 -138 -1 -41 -6 28 -68 -14 N N N N 1869 467 8 -224 -224
1 41852 -337 -209 -125 -31 0 -1 -106 4 -77 -1 -23 -82 -18 N N N N 2681 671 15 -319 -319
1 40000 -353 -53 -2 -1 0 0 0 0 -27 -5 -6 -64 -8 N N N N 2066 517 10 -242 -242
1 39998 -372 18 -6 3 0 0 0 0 10 2 2 -55 -15 N N N N 197 53 11 -26 -26
1 40002 -362 -6 2 -2 0 0 0 0 -3 -1 0 -64 -16 N N N N -439 -106 11 47 47
1 39999 -359 21 2 0 0 0 0 0 10 1 4 -116 -18 N N N N -878 -214 14 98 98
1 39999 -372 10 2 -1 0 0 0 0 5 2 0 -114 -24 N N N N -2543 -628 19 291 291
1 40409 -379 -57 12 129 0 1390 -77 -2 -32 3 -74 -109 -38 N N N N -1185 -289 21 134 134
1 40493 -420 363 -8 -34 1 -202 2 -1 188 -2 71 -144 -29 N N N N -588 -141 21 64 64
1 39685 -373 395 -12 -90 7 -1198 -79 3 154 -152 91 -22 -21 N N N N -703 -172 10 81 81
1 40001 -387 -103 1 2 0 0 0 0 -31 45 -9 -148 -28 N N N N -383 -90 21 40 40
1 40000 -404 17 -7 0 0 0 0 0 8 -7 -1 -75 -28 N N N N -2813 -699 15 336 336
1 39999 -400 30 5 -5 0 0 0 0 8 -14 5 -70 -16 N N N N -1843 -457 13 222 222
1 40000 -421 1 -1 1 0 0 0 0 0 0 0 -50 -11 N N N N 601 153 10 -76 -76
1 40000 -399 -14 2 0 0 0 0 0 -4 6 -1 -145 -24 N N N N -6 4 23 -5 -5
1 44002 -460 -163 -6 -121 -1 -1379 0 -2 -59 23 29 -123 -34 N N N N -2865 -713 15 351 351
1 40353 -383 -212 2 -3 0 0 0 0 -97 56 -17 -133 -30 N N N N -1614 -399 20 197 197
1 42705 -428 -186 13 123 0 1385 -1 2 -99 45 -84 -240 -52 N N N N -1812 -445 39 221 221
1 40000 -428 -56 -13 0 0 0 0 0 -26 -2 -7 -108 -38 N N N N -1950 -484 25 245 245
1 40000 -411 -41 -4 -1 0 0 0 0 -21 -4 -4 -55 -28 N N N N -276 -66 14 32 32
1 39999 -412 -20 5 -1 0 0 0 0 -11 -1 -3 -132 -27 N N N N 838 214 18 -112 -112
1 40001 -422 -23 -1 4 0 0 0 0 -11 -4 -4 -48 -20 N N N N 726 184 12 -96 -96
1 42235 -506 177 58 129 78 1403 0 -2 79 26 -48 -119 -20 N N N N 69 20 13 -12 -12
1 37765 -432 229 -28 -119 -38 -1413 0 2 120 -39 102 -125 -31 N N N N -1026 -252 25 126 126
1 40000 -447 -207 -5 -7 0 0 0 0 -102 25 -30 -137 -34 N N N N -1234 -307 20 156 156
1 39999 -449 -72 0 -4 0 0 0 0 -37 -2 -9 -187 -42 N N N N -1256 -310 30 158 158
1 40000 -449 -25 0 -2 0 0 0 0 -12 0 -5 -205 -43 N N N N 470 124 30 -69 -69
1 40000 -454 -1 -1 3 0 0 0 0 -1 0 1 -182 -53 N N N N 1719 440 37 -232 -232
1 44236 -513 148 6 130 0 1410 1 -2 74 15 -46 -88 -38 N N N N -363 -87 19 42 42
1 41234 -461 -20 6 -126 8 -1396 0 2 -11 -16 64 -70 -22 N N N N -215 -52 13 25 25
1 39999 -454 -85 -3 -5 0 0 0 0 -42 3 -13 -129 -28 N N N N 257 69 22 -38 -38
1 40000 -447 -16 1 2 0 0 0 0 -9 -1 -3 -140 -31 N N N N -704 -174 20 87 87
1 40000 -447 -2 -6 -2 0 0 0 0 0 0 1 -105 -33 N N N N -576 -141 23 71 71
1 40000 -454 12 1 2 0 0 0 0 6 1 1 -107 -28 N N N N -44 -8 18 2 2
1 45121 -515 95 11 129 0 1392 -1 -2 46 14 -53 -226 -45 N N N N -397 -93 34 45 45
1 41115 -455 9 5 -126 10 -1404 0 2 4 -17 69 -49 -28 N N N N -612 -152 16 77 77
1 40002 -442 -94 -10 -4 0 0 0 0 -46 2 -14 -253 -43 N N N N -766 -189 30 96 96
1 39999 -426 -24 -2 -3 0 0 0 0 -12 -1 -2 -120 -46 N N N N -1654 -414 30 216 216
1 40000 -436 -20 1 2 0 0 0 0 -10 1 -5 -64 -25 N N N N -155 -37 14 18 18
1 39998 -443 -16 -2 0 0 0 0 0 -8 -2 -2 -139 -31 N N N N 1780 456 25 -245 -245
1 44370 -501 265 11 100 1 1206 0 -3 132 6 -7 -377 -61 N N N N -1115 -275 44 141 141
1 39808 -389 117 -25 -93 -22 -1194 0 3 60 -45 64 -137 -64 N N N N -2875 -725 37 384 384
1 40001 -419 -56 4 -5 0 0 0 0 -26 13 -6 -84 -39 N N N N -1228 -309 23 165 165
1 39998 -387 10 0 0 0 0 0 0 5 -2 0 -149 -32 N N N N -208 -50 20 25 25
1 40001 -408 -55 2 0 0 0 0 0 -27 11 -7 -261 -45 N N N N -635 -158 29 83 83
1 40001 -386 -30 -6 -1 0 0 0 0 -13 5 -5 -135 -48 N N N N -899 -224 34 120 120
1 40000 -386 -25 4 0 0 0 0 0 -14 3 -3 -166 -55 N N N N -120 -27 33 11 11
1 39998 -390 -36 -4 -1 0 0 0 0 -17 5 -6 -109 -37 N N N N 120 34 23 -22 -22
1 40001 -392 -41 1 2 0 0 0 0 -21 4 -7 -185 -49 N N N N -150 -34 33 15 15
1 39999 -373 3 5 -2 0 0 0 0 1 0 1 -73 -25 N N N N -716 -181 14 99 99
1 40001 -385 -44 -4 -7 0 0 0 0 -22 1 -4 -128 -28 N N N N -154 -37 16 19 19
1 40000 -382 -123 1 11 0 0 -33 0 -64 -2 -23 -228 -52 N N N N -407 -100 35 52 52
1 40000 -387 -141 -4 -2 0 0 0 0 -69 -19 -18 -172 -52 N N N N -1332 -337 36 185 185
1 40000 -383 -85 -4 -2 0 0 0 0 -39 -19 -8 -183 -51 N N N N -1147 -290 34 160 160
1 40000 -377 -72 4 -1 0 0 0 0 -31 -20 -10 -74 -31 N N N N -588 -149 17 82 82
1 40000 -369 -50 1 0 0 0 0 0 -20 -16 -5 -122 -32 N N N N -330 -83 20 45 45
1 40354 -389 -4 18 131 0 1388 -49 -2 -3 -1 -58 -124 -40 N N N N -746 -189 20 107 107
1 39999 -401 538 -11 -1 0 0 0 0 257 92 60 -180 -30 N N N N -574 -145 30 80 80
1 36883 -347 397 -10 -118 7 -1396 -35 2 177 -116 120 -91 -38 N N N N -385 -97 20 54 54
1 40001 -385 -67 3 -8 0 0 0 0 -24 23 -4 -139 -36 N N N N -441 -112 21 62 62
1 40000 -384 8 -5 -3 0 0 0 0 3 -4 2 -102 -32 N N N N -35 -7 20 2 2
1 39998 -385 -4 -1 2 0 0 0 0 0 2 -3 -139 -31 N N N N -280 -70 23 38 38
1 40000 -378 33 5 -2 0 0 0 0 11 -12 5 -136 -36 N N N N -506 -128 24 73 73
1 40001 -392 24 -1 0 0 0 0 0 8 -10 3 -127 -33 N N N N -29 -6 23 1 1
1 40764 -396 -195 4 -115 10 -1380 -36 -2 -79 30 25 -232 -48 N N N N 753 197 32 -118 -118
1 38702 -379 -230 88 123 1 1382 -16 -2 -132 72 -87 -250 -68 N N N N 2088 543 43 -317 -317
1 41298 -399 -151 -95 0 -1 0 -18 4 -57 -1 -23 -159 -51 N N N N -795 -202 29 114 114
1 40000 -395 -14 0 -5 0 0 0 0 -7 -1 0 -159 -50 N N N N -301 -76 31 40 40
1 40000 -394 -9 -3 -1 0 0 0 0 -4 -1 0 -249 -54 N N N N 108 32 42 -23 -23
1 40000 -387 -43 8 -5 0 0 0 0 -23 -5 -5 -211 -59 N N N N 51 17 35 -13 -13
1 40001 -384 -31 -3 5 0 0 0 0 -15 -5 -5 -178 -58 N N N N -297 -74 37 39 39
1 39998 -397 55 13 136 0 1403 -23 -2 24 17 -64 -258 -67 N N N N -524 -132 39 73 73
1 39554 -412 598 12 -127 10 -1401 -23 2 278 -95 160 -127 -48 N N N N -422 -107 34 58 58
1 40801 -399 103 -21 -4 0 0 0 0 39 -44 7 -71 -32 N N N N 512 135 17 -80 -80
1 39999 -389 -1 -6 -4 0 0 0 0 1 -1 -1 -166 -34 N N N N 1216 318 23 -186 -186
1 40001 -402 13 4 -5 0 0 0 0 4 -7 3 -127 -34 N N N N 823 217 24 -126 -126
1 40000 -394 24 0 0 0 0 0 0 6 -11 3 -76 -32 N N N N 180 49 20 -30 -30
1 40000 -402 42 -2 6 0 0 0 0 10 -18 2 -131 -29 N N N N 277 74 19 -45 -45
1 44292 -429 -190 15 -121 7 -1385 -1 -2 -59 43 25 -227 -33 N N N N 514 136 17 -79 -79
1 41486 -400 -428 -1 31 1 202 2 -1 -196 109 -59 -241 -73 N N N N 804 215 48 -127 -127
1 39574 -380 -158 -2 90 0 1191 -11 3 -80 15 -72 -186 -52 N N N N 86 27 39 -20 -20
1 39999 -413 3 -3 -1 0 0 0 0 2 0 2 -210 -55 N N N N -488 -123 40 66 66
1 39999 -401 15 -3 2 0 0 0 0 8 2 2 -289 -81 N N N N -365 -90 50 46 46
1 40002 -400 -17 -3 -5 0 0 0 0 -8 -2 -1 -177 -56 N N N N -599 -153 36 83 83
1 40000 -411 -17 4 3 0 0 0 0 -9 -2 -4 -189 -61 N N N N -500 -127 38 69 69
1 45117 -471 223 6 129 0 1396 -1 -2 112 23 -34 -223 -61 N N N N -428 -109 34 59 59
1 40650 -427 388 -4 -122 10 -1401 0 2 176 -107 123 -187 -56 N N N N -678 -175 39 97 97
1 39999 -412 -126 2 -3 0 0 0 0 -50 42 -15 -344 -70 N N N N 77 25 45 -19 -19
1 40000 -431 -72 1 -1 0 0 0 0 -32 19 -11 -301 -97 N N N N -420 -105 64 55 55
1 40001 -429 -38 -3 0 0 0 0 0 -17 8 -6 -64 -47 N N N N -552 -143 24 81 81
1 39999 -427 -7 3 0 0 0 0 0 -5 1 0 -100 -28 N N N N -399 -104 17 59 59
1 45528 -501 -283 -5 -3 -21 4 0 0 -141 21 -44 -287 -70 N N N N -414 -105 43 57 57
1 40000 -402 -47 -7 3 0 0 0 0 -23 -2 -8 -297 -60 N N N N 783 211 48 -128 -128
1 39999 -416 -61 -5 0 0 0 0 0 -30 -8 -7 -210 -73 N N N N 671 181 43 -110 -110
1 40001 -407 -72 2 -7 0 0 0 0 -35 -12 -8 -91 -39 N N N N 802 215 24 -127 -127
1 40000 -427 -43 -1 0 0 0 0 0 -20 -10 -3 -145 -35 N N N N 758 203 24 -120 -120
1 40001 -426 -68 4 3 0 0 0 0 -31 -18 -9 -150 -41 N N N N 1112 298 28 -174 -174
1 41412 -460 85 5 130 0 1391 0 -2 37 28 -54 -254 -58 N N N N 421 116 37 -70 -70
1 40133 -460 468 -3 -28 -2 -205 1 -1 236 23 78 -494 -105 N N N N -724 -184 74 97 97
1 39867 -414 -36 3 -101 9 -1204 -1 3 -18 -12 46 -207 -89 N N N N -719 -186 52 102 102
1 40000 -436 -39 -6 -2 0 0 0 0 -18 5 -5 -138 -61 N N N N -635 -166 35 92 92
1 39999 -454 45 -1 3 0 0 0 0 22 -7 6 -134 -50 N N N N -164 -41 28 20 20
1 40001 -447 64 -4 -3 0 0 0 0 32 -12 10 -169 -43 N N N N -494 -129 28 73 73
1 39999 -451 77 6 0 0 0 0 0 35 -18 10 -152 -48 N N N N -1491 -395 28 228 228
1 44589 -493 -183 13 -120 9 -1373 0 -2 -91 5 33 -350 -79 N N N N -660 -173 46 98 98
1 41586 -455 -227 -5 123 0 1382 0 2 -115 37 -96 -237 -78 N N N N -795 -208 49 119 119
1 40000 -460 -20 -3 -1 0 0 0 0 -10 -3 -1 -193 -67 N N N N -1519 -404 43 237 237
1 39999 -462 2 6 0 0 0 0 0 0 0 0 -266 -69 N N N N -1796 -479 43 286 286
1 40000 -452 -17 -3 -4 0 0 0 0 -8 -2 -1 -178 -60 N N N N -1310 -349 41 210 210
1 40001 -455 20 1 4 0 0 0 0 10 2 1 -72 -33 N N N N -789 -212 19 129 129
1 44590 -528 167 6 127 0 1400 0 -2 84 20 -42 -392 -67 N N N N 429 118 46 -77 -77
1 41059 -461 279 3 -118 7 -1403 0 2 133 -62 110 -496 -124 N N N N 1360 370 88 -235 -235
1 40001 -460 -91 -6 -9 0 0 0 0 -39 21 -12 -244 -99 N N N N 1256 343 61 -214 -214
1 39999 -461 49 -4 0 0 0 0 0 24 -12 6 -198 -71 N N N N 692 189 47 -119 -119
1 40001 -468 65 7 -3 0 0 0 0 26 -19 12 -141 -51 N N N N 476 130 22 -81 -81
1 39999 -473 38 -7 1 0 0 0 0 18 -12 3 -238 -66 N N N N -401 -105 48 59 59
1 44411 -513 -149 10 -120 11 -1371 0 -2 -68 7 34 -290 -86 N N N N -246 -63 48 34 34
1 39971 -456 -204 -14 119 -40 1379 0 2 -98 61 -86 -178 -53 N N N N -1157 -312 32 187 187
1 40027 -443 -40 -12 3 0 0 0 0 -18 2 -7 -319 -78 N N N N -201 -51 60 26 26
1 40000 -447 -30 2 -2 0 0 0 0 -16 -1 -3 -301 -72 N N N N 70 21 44 -17 -17
1 40002 -453 34 -1 -3 0 0 0 0 18 0 5 -328 -92 N N N N -193 -49 61 24 24
1 40000 -451 26 -3 2 0 0 0 0 14 0 3 -344 -103 N N N N -363 -95 68 53 53
1 39998 -453 10 -1 -2 0 0 0 0 6 -1 2 -304 -95 N N N N -508 -135 63 77 77
1 40000 -444 53 2 2 0 0 0 0 26 -4 8 -126 -69 N N N N -196 -52 32 30 30
1 40000 -446 65 -2 -3 0 0 0 0 34 -7 9 -165 -47 N N N N -145 -39 25 22 22
1 40003 -466 67 7 6 0 0 0 0 31 -11 9 -262 -77 N N N N 68 21 49 -18 -18
1 39998 -454 33 -6 0 0 0 0 0 17 -7 4 -244 -67 N N N N -88 -22 46 10 10
1 40000 -447 35 -4 0 0 0 0 0 17 -9 4 -214 -62 N N N N -76 -19 43 8 8
1 43295 -479 -141 15 -119 8 -1386 0 -2 -71 -3 39 -98 -57 N N N N -318 -86 25 51 51
1 41999 -464 -218 4 120 0 1392 0 2 -113 41 -90 -236 -57 N N N N -395 -107 41 64 64
1 40001 -444 -18 -7 -1 0 0 0 0 -8 -1 -2 -304 -71 N N N N -1147 -313 54 192 192
1 40000 -435 25 -5 -2 0 0 0 0 14 1 5 -185 -65 N N N N -644 -176 38 109 109
1 39999 -448 -43 2 -1 0 0 0 0 -22 -3 -7 -235 -69 N N N N -206 -56 42 31 31
1 40001 -428 -5 1 4 0 0 0 0 -3 0 -2 -295 -66 N N N N 179 51 47 -36 -36
1 40471 -443 91 11 127 0 1388 0 -2 44 19 -55 -221 -84 N N N N 859 239 49 -155 -155
1 40001 -453 112 7 4 0 0 0 0 56 -1 16 -234 -62 N N N N 333 94 44 -63 -63
1 41114 -437 44 -4 -133 10 -1408 0 2 24 -23 77 -207 -80 N N N N 135 39 46 -29 -29
1 40003 -419 -61 -5 2 0 0 0 0 -30 6 -11 -171 -53 N N N N 180 51 37 -35 -35
1 39997 -431 -25 0 -3 0 0 0 0 -13 2 -2 -125 -42 N N N N -190 -51 25 30 30
1 40000 -411 42 -3 2 0 0 0 0 22 -4 5 -124 -35 N N N N -327 -90 23 55 55
1 40001 -422 64 -2 0 0 0 0 0 33 -7 11 -313 -67 N N N N -292 -80 49 47 47
1 40000 -415 33 0 -3 0 0 0 0 17 -6 4 -312 -100 N N N N 636 179 60 -119 -119
1 40000 -421 38 -1 0 0 0 0 0 18 -7 6 -301 -89 N N N N 964 271 56 -176 -176
1 40000 -397 64 7 4 0 0 0 0 28 -14 9 -173 -67 N N N N 730 206 42 -132 -132
1 40001 -407 16 -2 0 0 0 0 0 7 -5 2 -123 -46 N N N N 583 164 26 -105 -105
1 40000 -398 21 -3 -2 0 0 0 0 10 -6 3 -196 -63 N N N N 2630 737 40 -458 -458
1 39999 -384 -13 0 3 0 0 0 0 -6 4 -2 -94 -40 N N N N 2752 771 22 -469 -469
1 44472 -444 -233 21 -117 9 -1374 0 -2 -117 13 24 -146 -44 N N N N 4225 1184 27 -701 -701
1 40354 -395 -317 -8 118 1 1396 -18 2 -157 12 -108 -97 -28 N N N N 4889 1370 16 -784 -784
1 40000 -399 -69 -4 -6 0 0 0 0 -31 -16 -6 -166 -35 N N N N 2416 681 29 -382 -382
1 40000 -405 -17 -7 3 0 0 0 0 -7 -4 -2 -161 -60 N N N N -1201 -331 35 178 178
1 40000 -401 40 5 1 0 0 0 0 17 10 5 -251 -54 N N N N 1295 371 45 -210 -210
1 40000 -398 12 -2 -1 0 0 0 0 6 3 1 -174 -57 N N N N 4746 1338 37 -732 -732
1 44173 -458 216 8 133 -1 1387 -2 -2 104 40 -39 -195 -54 N N N N 1254 359 32 -195 -195
1 37121 -369 221 -18 -126 -23 -1397 0 2 118 -24 99 -85 -37 N N N N -1570 -436 25 229 229
1 39999 -377 -101 -4 -5 0 0 0 0 -50 11 -13 -117 -35 N N N N -3084 -863 23 464 464
1 40001 -385 -13 0 1 0 0 0 0 -7 0 -1 -159 -34 N N N N -1782 -498 23 271 271
1 39998 -395 42 -4 -2 0 0 0 0 22 -4 7 -225 -62 N N N N -1115 -307 44 165 165
1 40001 -398 50 7 -2 0 0 0 0 24 -6 8 -147 -47 N N N N -772 -213 31 116 116
1 40000 -406 -21 -4 2 0 0 0 0 -9 3 -5 -104 -53 N N N N -194 -51 22 26 26
1 40001 -400 -2 1 2 1 0 0 0 -2 1 0 -172 -46 N N N N 611 177 30 -103 -103
1 39999 -406 21 -3 1 0 0 0 0 11 -3 3 -62 -35 N N N N 1026 293 21 -166 -166
1 39999 -420 35 3 -2 0 0 0 0 17 -6 5 -119 -23 N N N N 1482 422 17 -236 -236
1 40000 -422 36 -5 -2 0 0 0 0 20 -6 4 -270 -59 N N N N 821 240 47 -138 -138
1 40000 -422 64 8 4 0 0 0 0 27 -14 10 -83 -42 N N N N 389 114 20 -64 -64
1 43827 -457 -187 1 -123 8 -1382 0 -2 -92 1 34 -184 -55 N N N N 771 225 36 -128 -128
1 44114 -481 -171 4 120 0 1381 0 2 -88 34 -86 -70 -32 N N N N 1658 474 21 -258 -258
1 40000 -436 -21 3 1 0 0 0 0 -12 -2 -2 -157 -33 N N N N 2161 617 24 -333 -333
1 40000 -441 -74 -6 -1 0 0 0 0 -36 -8 -10 -105 -39 N N N N 2431 696 26 -368 -368
1 40001 -443 -29 -1 -4 0 0 0 0 -14 -5 -1 -155 -42 N N N N -998 -278 25 141 141
1 39999 -448 -44 0 3 0 0 0 0 -21 -8 -7 25 -10 N N N N -3499 -992 9 525 525
1 41001 -464 106 6 131 0 1405 0 -2 50 26 -55 -475 -69 N N N N 3955 1135 51 -608 -608
1 40293 -479 180 1 -8 0 0 0 0 93 13 27 -118 -74 N N N N -4049 -1142 51 598 598
1 42120 -485 92 5 -117 10 -1405 0 2 46 -23 77 -186 -55 N N N N -3078 -870 32 469 469
1 40000 -454 -27 -1 0 0 0 0 0 -14 3 -3 -92 -36 N N N N -957 -268 27 144 144
1 39999 -443 -23 -5 -5 0 0 0 0 -10 2 -1 -129 -36 N N N N 1042 301 24 -169 -169
1 40002 -454 22 -2 0 0 0 0 0 11 -3 4 -85 -37 N N N N -251 -68 23 34 34
1 39998 -449 22 0 -1 0 0 0 0 11 -2 4 -110 -26 N N N N -527 -147 17 80 80
1 40001 -463 -20 7 2 0 0 0 0 -11 3 -5 152 10 N N N N 1209 345 -1 -190 -190
1 40001 -454 -7 -4 0 0 0 0 0 -3 0 0 -302 -6 N N N N 9920 2837 20 -1504 -1504
1 39998 -458 -3 2 -2 0 0 0 0 -2 0 0 -392 -79 N N N N 3608 1049 69 -540 -540
1 40001 -454 -28 -4 -2 0 0 0 0 -13 2 -5 -131 -60 N N N N 1078 319 36 -164 -164
1 39999 -448 3 -3 -1 0 0 0 0 2 0 2 -553 -108 N N N N -76 0 81 -12 -12
1 40001 -457 49 1 -1 0 0 0 0 25 -5 7 -292 -132 N N N N -3206 -898 83 437 437
1 40001 -454 46 6 5 0 0 0 0 21 -5 6 -341 -80 N N N N -1621 -452 58 222 222
1 19999 -219 -14 0 0 0 0 0 0 -7 2 -2 -213 -69 N N N N -1205 -336 44 166 166
1 20001 -215 -6 0 4 0 0 0 0 -3 1 -3 -115 -62 N N N N -1065 -299 33 151 151
1 19999 -219 -16 -2 -5 0 0 0 0 -7 2 0 -119 -41 N N N N -850 -241 22 122 122
1 19999 -218 -8 -1 -1 0 0 0 0 -4 0 -1 13 -27 N N N N -438 -122 17 62 62
1 20001 -227 -11 -2 -1 0 0 0 0 -5 2 -2 -2 -8 N N N N 331 96 3 -51 -51
1 20000 -202 9 -3 3 0 0 0 0 5 -1 0 -111 -9 N N N N 673 197 11 -104 -104
1 20000 -213 21 4 -1 0 0 0 0 10 -3 3 -173 -32 N N N N 467 141 28 -78 -78
1 20000 -206 12 3 0 0 0 0 0 5 -1 3 -25 -30 N N N N 64 23 20 -15 -15
1 20000 -211 -12 -6 0 0 0 0 0 -5 1 -1 -107 -13 N N N N 498 148 16 -79 -79
1 20000 -207 20 0 1 0 0 0 0 10 -3 2 -53 -22 N N N N 545 160 12 -85 -85
1 19999 -203 18 6 0 0 0 0 0 8 -3 3 -79 -10 N N N N 297 89 10 -47 -47
1 20001 -199 6 -3 0 0 0 0 0 4 0 0 -231 -35 N N N N -209 -52 35 22 22
1 20000 -196 -5 2 1 0 0 0 0 -3 1 -1 -354 -68 N N N N -311 -79 48 34 34
1 19999 -215 -13 -2 -6 0 0 0 0 -6 1 1 -178 -77 N N N N -628 -169 57 79 79
1 20001 -183 6 0 3 0 0 0 0 3 0 -1 -180 -65 N N N N -989 -279 35 141 141
1 20001 -208 20 0 2 0 0 0 0 10 -3 2 -305 -80 N N N N -1201 -338 49 171 171
1 19999 -186 4 1 3 0 0 0 0 1 -1 0 -123 -58 N N N N -1223 -347 39 179 179
1 19999 -188 8 4 -1 0 0 0 0 3 -1 2 -194 -43 N N N N -1485 -427 30 224 224
1 20001 -194 -33 0 -4 0 0 0 0 -16 4 -3 -260 -77 N N N N -1273 -360 52 188 188
1 20000 -197 -9 -5 3 0 0 0 0 -3 3 -3 -80 -47 N N N N -1211 -348 30 187 187
1 20000 -195 -10 2 -3 0 0 0 0 -5 1 -1 -142 -47 N N N N -1322 -381 25 207 207
1 20001 -191 17 -2 2 0 0 0 0 8 -3 3 -241 -57 N N N N -1179 -338 43 182 182
1 19999 -197 30 0 5 0 0 0 0 14 -4 3 -114 -51 N N N N -1048 -301 31 166 166
1 19318 -187 5 -3 -1 0 0 -30 0 4 -1 0 -141 -52 N N N N -753 -216 27 119 119
1 20799 -194 10 1 -4 0 0 0 0 5 -3 2 -186 -55 N N N N -660 -188 34 102 102
1 20002 -189 37 0 4 0 0 0 0 17 -7 5 -278 -43 N N N N -968 -278 36 156 156
1 19999 -198 -3 -4 -5 0 0 0 0 0 0 0 -180 -70 N N N N -813 -231 56 126 126
1 20001 -198 33 -1 -2 0 0 0 0 16 -9 4 -164 -53 N N N N -868 -251 30 142 142
1 19999 -199 5 2 1 0 0 0 0 1 -1 2 -278 -75 N N N N -572 -161 51 89 89
1 20000 -191 59 -4 5 0 0 0 0 27 -15 5 -280 -62 N N N N -189 -48 55 22 22
1 19999 -184 -33 11 -5 0 0 0 0 -17 8 -1 -413 -70 N N N N 75 30 65 -26 -26
1 20001 -218 -36 -3 2 0 0 0 0 -16 10 -5 -108 -84 N N N N 157 52 49 -37 -37
1 19531 -176 -15 -8 -124 10 -1385 -19 -2 -5 -32 51 -265 -46 N N N N 747 227 42 -137 -137
1 20824 -186 -81 8 0 0 0 0 0 -40 19 -8 -274 -85 N N N N 1262 380 55 -228 -228
1 20429 -214 -135 -4 32 0 201 1 -1 -68 27 -30 -298 -83 N N N N 591 183 54 -112 -112
1 21039 -212 -61 12 87 0 1190 -31 3 -33 22 -56 -281 -67 N N N N 313 101 53 -64 -64
1 20000 -198 24 -1 5 0 0 0 0 13 1 1 -557 -82 N N N N 672 213 90 -133 -133
1 20001 -196 -35 3 5 0 0 0 0 -20 0 -6 -443 -132 N N N N 739 236 100 -148 -148
1 19998 -206 -93 -7 -8 0 0 0 0 -46 -7 -9 -508 -121 N N N N 1053 327 82 -196 -196
1 20001 -201 -62 -3 3 0 0 0 0 -30 -7 -10 -992 -155 N N N N 987 316 128 -194 -194
1 19999 -221 2 -5 3 0 0 0 0 1 2 -1 -821 -208 N N N N 1271 417 200 -260 -260
1 20002 -208 -25 1 -3 0 0 0 0 -12 -6 0 -967 -196 N N N N 2174 687 171 -402 -402
1 19999 -209 -7 3 3 0 0 0 0 -4 -1 -3 -1239 -241 N N N N 2598 836 239 -487 -487
1 20001 -218 19 11 2 0 0 0 0 8 4 -2 -1822 -355 N N N N 4230 1361 319 -767 -767
1 20001 -187 -14 -5 -1 0 0 0 0 -6 -2 -2 -1186 -354 N N N N 4249 1369 259 -741 -741
1 24235 -265 -73 7 116 0 1396 1 -2 -36 -10 -63 -1223 -529 N N N N 3356 1120 302 -607 -607
1 20350 -241 116 -13 4 0 0 0 0 57 25 9 -1043 -357 N N N N 2112 739 273 -405 -405
1 20297 -235 228 -6 9 0 0 0 0 118 15 28 -661 -235 N N N N 2214 746 174 -388 -388
1 15873 -180 161 -7 -128 -23 -1403 -1 2 83 -37 89 -1560 -187 N N N N 1580 556 185 -295 -295
1 20831 -222 -61 -6 -7 0 0 0 0 -28 9 -6 -2778 -527 N N N N 4186 1499 507 -783 -783
1 20000 -195 92 -3 14 0 0 0 0 45 -14 6 -2883 -655 N N N N 12119 4136 647 -1920 -1920
1 19998 -198 -85 11 -11 0 0 0 0 -44 14 -5 -3790 -685 N N N N 15874 5487 676 -2282 -2282
1 20000 -183 86 14 0 0 0 0 0 38 -17 14 -1138 -644 N N N N 14308 4983 476 -1845 -1845
1 20000 -178 164 -28 7 0 0 0 0 77 -47 13 -787 -530 N N N N 11285 3957 320 -1333 -1333
1 20000 -191 -113 23 -8 0 0 0 0 -53 34 -6 -1490 -530 N N N N 10414 3725 330 -1175 -1175
1 20000 -168 30 -1 10 0 0 0 0 14 -6 -1 -292 -221 N N N N 9299 3294 213 -959 -959
1 20000 -161 -109 3 -3 0 0 0 0 -50 27 -14 -459 -322 N N N N 8901 3095 114 -833 -833
1 20000 -174 -196 2 -3 0 0 0 0 -99 23 -27 -64 -247 N N N N 7179 2527 113 -651 -651
1 18706 -179 80 -7 3 0 -1 -39 -4 43 -4 9 -1020 -116 N N N N 5885 2132 143 -539 -539
1 20734 -186 133 -22 11 0 1 -86 4 71 -21 11 -3388 -645 N N N N 6124 2645 532 -719 -719
1 20560 -187 97 0 -9 0 0 0 0 44 -27 17 -6349 -1392 N N N N 8756 4690 1481 -1327 -1327
1 20001 -146 139 18 -5 0 0 0 0 48 -50 23 -15302 -742 N N N N 6388 4419 1811 -1262 -1262
1 20000 -104 110 -12 5 0 0 0 0 36 -46 5 -7267 -1537 N N N N 7858 6820 3122 -1870 -1870
1 20000 -90 -31 -3 1 0 0 0 0 -8 14 -3 -720 -2030 N N N N 12657 6058 847 -1147 -1147
1 20001 -92 -49 -1 -2 0 0 0 0 -13 21 -6 -85 -1283 N N N N 8034 4076 642 -732 -732
1 20000 -81 -48 3 1 0 0 0 0 -18 19 -3 -2 -1272 N N N N 5901 2791 301 -451 -451
1 20001 -99 -52 3 -3 0 0 0 0 -19 19 -5 -11 -720 N N N N 6242 2664 109 -383 -383
1 19999 -94 -32 1 3 0 0 0 0 -14 11 -4 -22 -632 N N N N 4408 2026 167 -296 -296
1 18772 -99 -28 81 -2 108 1 -44 -4 -35 10 15 -8 -568 N N N N 3570 1516 51 -204 -204
1 20005 -125 -36 -23 0 0 -2 -90 0 -8 10 -11 -9 -384 N N N N 2882 1258 61 -169 -169
1 19924 -127 -57 3 0 0 2 -56 0 -26 14 -9 -18 -275 N N N N 2910 1178 4 -146 -146
1 19981 -161 -81 -9 2 -1 -1 -40 0 -36 17 -15 -24 -168 N N N N 1520 684 43 -91 -91
1 19964 -160 -77 -12 -3 0 1 -70 0 -34 9 -16 2 -121 N N N N 1345 597 33 -78 -78
1 20034 -176 -76 5 -1 0 0 -86 0 -40 5 -11 -7 -59 N N N N 1597 666 14 -82 -82
1 19982 -221 -37 -13 2 1 0 -88 0 -17 0 -5 -1 -38 N N N N 1184 508 18 -64 -64
1 26044 -322 69 11 134 0 1406 -13 2 33 14 -61 -5 -27 N N N N 1459 630 24 -78 -78
1 21762 -282 237 -37 -135 -37 -1404 -1 2 125 -54 104 -1 -4 N N N N 884 361 3 -43 -43
1 20825 -245 43 0 2 0 0 0 0 19 -11 5 0 0 N N N N 844 313 -17 -33 -33
1 10002 -127 83 0 8 0 0 0 0 33 -26 8 3 -3 N N N N -78 -13 11 -1 -1
1 9999 -121 143 9 2 0 0 0 0 45 -56 19 3 0 N N N N 120 78 18 -12 -12
1 10000 -133 29 -22 -7 0 0 0 0 15 -15 -5 4 2 N N N N 231 62 -19 -4 -4
1 10001 -103 84 -8 -1 0 0 0 0 20 -41 6 1 2 N N N N 347 161 12 -21 -21
1 9999 -134 48 10 2 0 0 0 0 3 -23 8 -3 2 N N N N 439 159 -10 -16 -16
1 10002 -123 -7 5 -2 0 0 0 0 -3 3 2 -2 -2 N N N N 117 38 -6 -4 -4
1 9998 -107 -51 25 5 0 0 0 0 -16 28 5 -16 -1 N N N N 198 91 7 -11 -11
1 10000 -129 -28 -23 -5 0 0 0 0 3 11 -11 1 0 N N N N 337 148 7 -19 -19
1 10000 -119 -28 13 4 0 0 0 0 -11 15 2 -9 -2 N N N N 181 79 3 -9 -9
1 10002 -120 0 -24 14 0 0 0 0 8 3 -12 0 1 N N N N 301 110 -6 -12 -12
1 9997 -106 -62 31 -19 0 0 0 0 -26 23 9 0 1 N N N N 190 86 5 -11 -11
1 10001 -130 -8 -18 -5 0 0 0 0 3 2 -6 0 -4 N N N N 64 21 -3 -1 -1
1 10002 -126 66 5 12 0 0 0 0 15 -26 7 4 0 N N N N 148 86 16 -13 -13
1 9999 -110 -12 -11 -8 0 0 0 0 1 3 -4 1 1 N N N N 234 65 -18 -5 -5
1 9999 -134 1 -20 8 0 0 0 0 7 1 -10 12 -3 N N N N 156 74 6 -9 -9
1 10000 -105 -31 21 -6 0 0 0 0 -14 13 6 -10 5 N N N N 103 38 -1 -4 -4
1 16571 -198 -27 9 -140 8 -1385 -2 -2 -10 -33 36 5 -7 N N N N 137 64 5 -8 -8
1 10782 -131 -41 -19 18 0 0 0 0 -7 25 -11 9 5 N N N N -232 -92 1 10 10
1 10001 -122 -59 -1 8 0 0 0 0 -21 26 -3 -3 -7 N N N N 330 150 9 -19 -19
1 10589 -114 -69 4 -11 0 0 0 0 -28 21 2 0 -6 N N N N 47 17 -1 -2 -2
1 10001 -113 -81 28 -12 0 0 0 0 -44 19 7 -12 0 N N N N 384 171 10 -21 -21
1 10470 -129 -103 -15 9 0 0 0 0 -43 30 -18 3 1 N N N N 267 115 4 -13 -13
1 10001 -114 -87 -5 10 0 0 0 0 -44 15 -12 1 2 N N N N 34 15 0 -2 -2
1 13412 -157 -50 5 129 -1 1388 -1 2 -27 34 -71 1 7 N N N N 509 198 -4 -22 -22
1 10822 -142 -60 -10 -18 0 0 0 0 -29 -2 3 -3 -4 N N N N 15 -12 -11 3 3
1 10001 -105 -34 9 -5 0 0 0 0 -18 1 -10 1 0 N N N N 151 56 -3 -5 -5
1 10000 -115 -35 -3 8 0 0 0 0 -19 -2 -3 -2 2 N N N N 234 78 -9 -8 -8
1 9999 -105 -37 -7 -2 0 0 0 0 -17 -3 -5 0 7 N N N N 49 13 -4 0 0
1 10001 -119 -24 -9 5 0 0 0 0 -11 -2 -2 1 -1 N N N N -33 16 17 -5 -5
1 10000 -86 -25 -9 1 0 0 0 0 -12 -3 0 11 0 N N N N 195 66 -8 -6 -6
1 9999 -99 -67 20 -5 0 0 0 0 -35 -11 -15 8 5 N N N N 210 90 3 -11 -11
1 10000 -98 -3 -10 3 0 0 0 0 -1 -3 10 2 3 N N N N 104 50 5 -7 -7
1 10000 -75 -88 20 1 0 0 0 0 -43 -18 -20 1 -1 N N N N 141 55 -1 -6 -6
1 10001 -104 -107 10 -8 0 0 0 0 -46 -32 -11 0 1 N N N N 200 79 -1 -8 -8
1 10000 -80 -34 -24 13 0 0 0 0 -10 -12 8 -2 2 N N N N 111 40 -3 -4 -4
1 9999 -85 -31 -4 -18 0 0 0 0 -11 -11 -1 2 -1 N N N N 132 57 3 -7 -7
1 10000 -73 -97 36 4 0 0 0 0 -34 -39 -22 -1 3 N N N N 161 68 1 -8 -8
1 10000 -112 -34 -7 -7 0 0 0 0 -9 -16 16 -2 -1 N N N N 56 34 6 -5 -5
1 9999 -86 -150 15 10 0 0 0 0 -30 -67 -30 1 -2 N N N N 104 51 6 -7 -7
1 10001 -89 -46 0 15 0 0 0 0 -6 -22 13 13 5 N N N N 214 78 -5 -7 -7
1 10000 -86 -88 0 -13 0 0 0 0 -6 -44 -15 -2 0 N N N N 108 32 -7 -3 -3
1 9999 -122 -53 9 9 0 0 0 0 0 -26 4 0 6 N N N N 106 65 13 -9 -9
1 10002 -122 23 -10 -7 0 0 0 0 1 12 8 5 -1 N N N N 149 51 -5 -5 -5
1 9999 -104 109 -25 42 0 0 0 0 4 53 -30 1116 4 N N N N 483 206 6 -24 -24
