version: 66.14
glider: 195
mission: 21
dive: 132
start: 5 5 105 9 50 24
columns: rec,elaps_tms,depth,heading,pitch,roll,AD_pitch,AD_roll,AD_vbd,GC_phase,mag.x,mag.y,mag.z,sbect.TempFreq,sbect.CondFreq,wlbb2fl.sig470nm,wlbb2fl.sig700nm,wlbb2fl.sig695nm,wlbb2fl.temp,aa4330.O2,aa4330.AirSat,aa4330.Temp,aa4330.CalPhase,aa4330.TCPhase,
data:
0 12332 48 1036 -647 204 169 2225 1679 6 -6 -300 146 178452 137414 45 98 141 537 249894 96610 24847 29504 30910
1 4936 12 235 49 -247 0 0 0 0 -52 -7 -13 469 -3 N N N N 4447 1175 -298 -78 -78
1 5245 7 -116 -88 150 0 0 0 0 33 10 18 99 14 48 100 128 537 -3484 -410 517 -50 -50
1 4925 -2 151 48 -100 0 0 0 0 -20 18 21 -471 -3 N N N N -135 -479 -237 98 98
1 5002 -11 -119 -35 -4 0 0 0 0 19 -38 -52 176 -5 46 99 126 536 -2222 -311 307 -21 -21
1 5081 -8 -185 162 170 0 0 0 0 9 0 0 -85 -4 N N N N 3182 839 -221 -54 -54
1 4944 3 27 -143 -67 0 0 0 0 13 -11 -22 296 0 46 101 128 536 -939 -260 58 18 18
1 5080 8 126 75 -111 0 0 0 0 -24 4 10 -292 -3 N N N N 907 326 -14 -34 -34
1 4898 13 -100 10 -74 0 0 0 0 9 -30 -88 36 9 45 99 127 536 -1130 -130 171 -17 -17
1 5090 -15 -23 -11 180 0 0 0 0 9 27 81 -143 -7 N N N N 1045 -57 -257 54 54
1 4960 1 139 -104 -154 0 0 0 0 -8 -7 -15 122 -7 43 100 128 536 -1021 97 274 -61 -61
1 6021 6 31 47 15 0 0 0 0 -10 11 24 15 3 N N N N 2430 48 -495 86 86
1 7141 -12 -187 -47 87 -2 5 5 -4 41 -18 -44 9 -8 46 97 129 536 -2153 -517 175 26 26
1 6606 5 -145 52 0 0 -4 152 0 24 -11 -66 -150 -3 N N N N 3810 1464 -5 -164 -164
1 6631 28 86 -120 -34 -1 0 160 0 -13 0 14 -17 -7 45 104 127 536 -4360 -1088 333 61 61
1 6566 17 -223 22 265 0 0 161 0 21 8 23 332 3 N N N N -1118 -363 40 33 33
1 5888 32 157 15 -269 -3 0 146 0 -5 -8 -53 -361 -3 45 96 126 536 -349 -103 18 8 8
1 6966 35 -64 -17 -11 2 0 179 0 9 2 -40 124 1 N N N N -503 -167 16 17 17
1 7096 26 -158 -38 247 -2 -1 186 0 13 2 42 561 -3 45 98 126 535 -297 -94 13 8 8
1 6568 73 192 79 -145 1 2 186 0 -21 0 31 -810 -23 N N N N -103 -31 5 3 3
1 11959 271 120 -52 -163 84 -4 112 -1 -14 -6 -29 -49 -21 44 97 125 535 -138 -48 3 4 4
1 6891 208 -22 178 48 1804 2 2 0 -14 1 27 -17 -7 N N N N -154 -52 4 5 5
1 7399 225 -27 216 82 427 1395 155 5 -14 8 40 -1 -4 46 101 122 535 -187 -57 10 5 5
1 10243 283 -63 13 68 0 -1 0 -2 29 9 17 -5 -4 N N N N -2 6 3 -1 -1
1 5188 145 -19 31 -12 0 0 0 0 8 -1 -7 -7 0 45 99 121 535 182 73 1 -9 -9
1 5093 126 -53 -26 27 0 0 0 0 25 3 -6 -1 -4 N N N N -149 -51 4 5 5
1 5015 132 -69 0 9 0 0 0 0 32 5 -15 -5 -1 44 99 122 535 148 59 1 -6 -6
1 4953 145 -41 11 14 0 0 0 0 17 4 -6 -10 -5 N N N N -76 -27 1 2 2
1 4961 126 -28 7 -8 0 0 0 0 12 4 -10 7 2 46 99 121 535 -81 -29 2 3 3
1 4938 136 -17 -7 -8 0 0 0 0 8 2 -9 -6 -3 N N N N -36 -12 1 2 2
1 5035 133 -20 -1 -11 0 0 0 0 8 2 -12 0 -3 47 97 124 535 37 17 1 -3 -3
1 9785 240 -53 7 -29 1 -206 8 -1 23 10 -25 -7 -3 N N N N -352 -133 3 15 15
1 9122 220 -56 10 -80 41 -1224 -5 3 19 16 -50 4 0 45 99 122 535 49 22 2 -3 -3
1 6009 138 28 8 -13 0 0 0 0 -8 -7 7 -2 0 N N N N 89 33 -1 -3 -3
1 4533 111 6 17 -8 0 0 0 0 -2 -1 3 1 -1 47 100 122 535 18 9 1 -2 -2
1 5159 108 3 -8 -28 0 0 0 0 -2 0 -16 -4 -1 N N N N 27 11 0 -1 -1
1 4986 102 3 -1 9 0 0 0 0 -1 -2 4 -1 -1 44 99 121 535 -6 1 2 0 0
1 5089 106 4 -7 14 0 0 0 0 -2 -2 5 -1 -1 N N N N -57 -22 0 2 2
1 4910 109 -6 1 8 0 0 0 0 3 2 5 -2 -1 45 100 127 534 3 2 1 0 0
1 5074 107 7 3 -9 0 0 0 0 -3 -2 -3 2 -1 N N N N -56 -21 0 2 2
1 4974 97 30 2 2 0 0 0 0 -12 -8 8 -3 1 47 99 125 534 -54 -22 0 3 3
1 4935 114 -14 -16 2 0 0 0 0 4 4 -7 1 -2 N N N N 65 29 2 -4 -4
1 5064 118 -5 11 6 0 0 0 0 4 0 5 0 -1 43 97 126 534 -28 -12 -1 1 1
1 4935 114 -4 2 -4 0 0 0 0 1 2 -2 1 0 N N N N -23 -9 0 2 2
1 5044 102 -8 -9 11 0 0 0 0 3 2 1 2 0 46 96 123 534 13 5 0 -1 -1
1 5080 129 6 2 -12 0 0 0 0 -2 -1 -2 -4 0 N N N N -74 -29 0 3 3
1 4946 118 0 11 -13 0 0 0 0 0 0 -5 2 -1 45 97 119 534 48 19 0 -2 -2
1 5364 117 28 0 3 0 0 0 0 -11 -7 9 -3 -2 N N N N -25 -10 0 1 1
1 5851 136 23 -9 10 0 0 0 0 -11 -7 6 -2 -1 44 100 123 534 -89 -33 1 4 4
1 5027 120 28 5 -12 0 0 0 0 -11 -6 4 1 -2 N N N N 38 15 0 -2 -2
1 5914 143 9 3 -4 0 0 0 0 -4 -2 0 -14 -3 46 95 123 534 -20 -6 1 1 1
1 4671 111 18 3 -1 0 0 0 0 -8 -4 4 7 1 N N N N 20 11 2 -2 -2
1 5839 129 30 3 14 0 0 0 0 -14 -5 15 1 0 44 98 128 534 55 22 0 -2 -2
1 4998 97 -11 -32 12 0 0 0 0 5 1 -4 -3 -1 N N N N -98 -39 -1 4 4
1 10845 248 10 22 -46 0 0 0 0 -5 -1 -17 -2 0 45 101 123 533 -324 -123 3 14 14
1 9984 250 -2 0 17 0 0 0 0 3 0 11 -2 -3 N N N N 65 24 -1 -3 -3
1 10015 232 29 2 5 0 0 0 0 -14 -5 10 3 0 44 97 125 534 -83 -31 1 4 4
1 9985 216 15 -7 12 0 0 0 0 -7 -2 8 36 9 N N N N -50 -20 -1 2 2
1 10016 211 49 2 -7 0 0 0 0 -23 -6 9 46 -1 44 98 133 534 -109 -54 -7 7 7
1 9984 219 145 7 -15 0 0 0 0 -70 -6 29 75 -31 N N N N -570 -244 -11 30 30
1 10017 225 163 1 3 0 0 0 0 -77 18 42 858 47 40 88 118 534 -866 -502 -95 76 76
1 9984 216 -3 -2 16 0 0 0 0 2 2 8 169 45 N N N N -2495 -1173 -116 158 158
1 10015 217 -57 6 9 0 0 0 0 25 -7 -10 83 12 42 82 112 533 -1989 -890 -68 118 118
1 9984 200 -84 3 4 0 0 0 0 39 -9 -20 -32 -53 N N N N -1502 -637 -32 82 82
1 10016 193 -51 -7 -5 0 0 0 0 26 -2 -14 -68 -66 41 84 111 533 -1116 -436 -3 53 53
1 9984 178 -40 -2 -5 0 0 0 0 20 0 -12 126 17 N N N N -756 -293 0 36 36
1 10015 201 -42 9 4 0 0 0 0 19 2 -9 172 42 40 82 103 533 -564 -273 -31 39 39
1 9985 176 -127 0 5 0 0 0 0 61 16 -26 147 24 N N N N -378 -202 -34 31 31
1 10016 174 -106 0 0 0 0 0 0 46 23 -26 311 105 39 78 91 533 -557 -279 -37 41 41
1 9984 170 -46 -1 -8 0 0 0 0 19 13 -14 558 238 N N N N -582 -366 -84 61 61
1 10017 161 -74 0 5 0 0 0 0 27 24 -14 641 253 40 74 71 533 -215 -306 -132 63 63
1 9983 169 -64 2 -2 0 0 0 0 22 24 -12 198 79 N N N N -211 -314 -139 65 65
1 10015 170 -15 -3 -3 0 0 0 0 5 6 -5 24 13 42 72 65 533 202 -55 -80 22 22
1 13757 243 60 -7 -116 -1 -1344 3 -2 -22 -8 -35 42 20 N N N N -71 -103 -45 21 21
1 10830 212 53 1 -12 0 0 0 0 -18 -19 4 244 80 39 73 61 533 -378 -190 -26 29 29
1 10458 195 7 -5 0 0 0 0 0 -2 -3 0 205 80 N N N N -1002 -497 -68 76 76
1 10017 203 19 7 1 0 0 0 0 -8 -7 4 207 90 38 74 58 533 -1789 -769 -51 107 107
1 10745 201 37 13 5 0 0 0 0 -14 -14 11 2757 911 N N N N -2732 -1313 -165 200 200
1 10015 162 167 -1 -12 0 0 0 0 -75 -42 23 2573 829 38 75 55 533 -4290 -2555 -575 450 450
1 25457 369 212 0 126 -7 1373 0 2 -101 -15 116 2696 925 N N N N -18002 -8187 -954 1362 1362
1 40016 517 -200 -2 9 0 0 0 0 97 10 -44 5514 1656 41 74 61 533 -25353 -11164 -1389 2141 2141
1 39984 437 -587 6 -5 0 0 0 0 198 206 -103 8137 2368 N N N N -15740 -7622 -1676 1829 1829
1 40000 379 307 10 -7 0 0 0 0 -78 -135 43 5560 1727 N N N N -22444 -9114 -1291 2309 2309
1 40000 321 344 -2 3 0 0 0 0 -151 -79 73 1697 612 N N N N -20791 -7848 -928 2232 2232
1 40001 201 147 -2 3 0 0 0 0 -73 -1 34 1439 344 N N N N -7482 -2712 -276 833 833
1 40000 139 -39 2 -3 0 0 0 0 20 -2 -8 328 220 N N N N -5758 -2025 -156 638 638
1 39999 122 -193 -4 0 0 0 0 0 94 14 -46 199 184 N N N N -4041 -1359 -35 426 426
1 40000 133 -152 1 0 0 0 0 0 68 33 -33 84 159 N N N N -3129 -1127 -135 385 385
1 40015 182 -93 1 3 0 0 2 0 36 29 -18 701 118 38 77 59 533 -1258 -426 -17 140 140
1 39985 216 -152 1 0 0 0 0 0 49 61 -24 1012 258 N N N N -1643 -693 -224 273 273
1 40001 228 15 -4 -1 0 0 0 0 -4 -7 1 3242 651 N N N N -1956 -790 -225 308 307
1 39999 263 -111 3 1 0 0 0 0 27 51 -12 988 490 N N N N -2195 -1073 -546 474 475
1 40001 253 3320 4 0 0 0 0 0 23 145 -13 425 251 N N N N -5700 -2051 -352 782 782
1 40000 181 -153 -2 -1 0 0 0 0 -17 79 5 222 52 N N N N -4449 -1476 -94 548 548
1 39999 154 -101 1 1 0 0 0 0 -22 48 11 299 128 N N N N -1607 -551 -68 215 215
1 40000 146 -61 2 2 0 0 0 0 -16 27 7 142 55 N N N N -316 -171 -124 88 88
1 44544 186 32 -8 -124 0 -1382 3 -2 8 -3 30 527 153 39 73 52 535 104 -29 -108 33 33
1 40457 188 113 -2 -1 0 0 0 0 26 -49 -23 263 104 N N N N -403 -197 -123 98 98
1 40000 219 -3366 4 -1 0 0 0 0 22 -117 -33 498 152 N N N N -778 -324 -139 148 148
1 40000 239 219 -1 2 0 0 0 0 -25 -113 -11 351 129 N N N N -1864 -656 -126 272 272
1 39999 262 221 0 -3 0 0 0 0 -63 -99 11 233 70 N N N N -2208 -733 -74 293 293
1 40001 277 -3 -2 5 0 0 0 0 1 0 0 348 112 N N N N -647 -215 -23 88 88
1 40000 282 -84 2 -5 0 0 0 0 28 36 -7 389 121 N N N N -1418 -514 -134 226 226
1 41940 354 154 1 126 -11 1394 0 2 -53 -74 66 159 59 N N N N -359 -149 -71 72 72
1 40016 336 259 4 -3 0 0 0 0 -115 -55 58 214 70 37 74 46 538 -372 -173 -112 89 89
1 39984 329 72 -2 2 0 0 0 0 -36 -6 16 46 23 N N N N -238 -71 5 27 27
1 40001 355 114 1 0 0 0 0 0 -56 3 27 651 157 N N N N 194 31 -57 -1 -1
1 40001 353 48 -1 3 0 0 0 0 -24 4 11 694 224 N N N N 181 -12 -133 31 31
1 39998 340 49 4 -2 0 0 0 0 -24 6 10 323 121 N N N N 195 -12 -142 32 32
1 40002 290 186 0 -2 0 0 0 0 -82 43 37 349 115 N N N N -1160 -413 -108 184 184
1 39999 307 68 -2 0 0 0 0 0 -26 22 12 130 54 N N N N -933 -309 -41 130 130
1 39998 308 25 3 4 0 0 0 0 -10 9 5 208 63 N N N N -1197 -384 -32 160 160
1 45958 386 -100 -18 125 -11 1395 0 -2 43 2 37 380 111 40 70 40 541 -853 -307 -92 141 141
1 40455 355 -170 0 -1 0 0 0 0 74 -47 -28 354 115 N N N N -470 -185 -84 91 91
1 40001 352 -98 -2 0 0 0 0 0 47 -16 -20 208 75 N N N N -1410 -453 -43 192 192
1 39997 348 -112 4 2 0 0 0 0 54 -9 -26 517 151 N N N N -771 -281 -96 134 134
1 40002 363 -52 0 -4 0 0 0 0 26 0 -14 400 132 N N N N -1886 -621 -100 276 276
1 39998 357 -166 6 4 0 0 0 0 78 16 -40 424 121 N N N N -2376 -755 -68 329 329
1 41473 361 -175 7 -127 0 -1407 0 2 71 46 -92 311 122 N N N N -3213 -1024 -110 459 459
1 40000 365 -50 0 2 0 0 0 0 18 18 -8 221 71 N N N N -2966 -915 -38 408 408
1 40016 361 -56 3 -1 0 0 0 0 18 23 -9 316 99 38 69 41 543 -2873 -901 -75 416 416
1 39983 359 -18 -2 -3 0 0 0 0 5 8 -4 567 175 N N N N -2452 -777 -96 370 370
1 40000 375 177 0 1 0 0 0 0 -61 -67 30 392 144 N N N N -3197 -999 -96 481 481
1 40001 382 268 0 -2 0 0 0 0 -120 -56 58 523 173 N N N N -2897 -911 -117 452 452
1 40000 389 -16 0 7 0 0 0 0 7 1 -2 499 135 N N N N -2039 -634 -67 317 317
1 40000 395 -175 0 1 0 0 0 0 81 33 -38 444 151 N N N N -2712 -851 -127 439 439
1 40000 383 -90 2 -3 0 0 -1 0 37 26 -19 256 89 N N N N -747 -241 -62 130 130
1 40000 391 -29 -1 0 0 0 0 0 11 10 -5 405 123 N N N N 1373 393 -62 -186 -186
1 40015 384 16 0 0 0 0 0 0 -6 -6 2 756 231 39 71 41 545 -1587 -507 -119 271 271
1 39985 398 53 0 0 0 0 0 0 -21 -16 11 442 161 N N N N -2944 -915 -149 485 485
1 39999 403 -33 1 2 0 0 0 0 13 10 -5 590 178 N N N N 2997 863 -96 -421 -421
1 40001 394 16 0 -3 0 0 0 0 -6 -5 1 256 98 N N N N 1740 490 -89 -229 -229
1 40000 397 153 0 0 0 0 0 0 -67 -38 32 172 60 N N N N 1312 372 -56 -174 -174
1 40000 373 151 2 0 0 0 0 0 -73 -19 34 290 87 N N N N 557 150 -46 -65 -65
1 43529 437 9 -19 123 -10 1399 1 -2 -2 16 63 107 39 N N N N 395 101 -52 -41 -41
1 40000 406 -210 3 4 0 0 0 0 98 18 -53 165 47 N N N N 2299 669 -28 -317 -317
1 43369 415 -13 8 -125 -1 -1410 0 2 6 -2 -58 392 110 37 69 42 546 1771 506 -46 -232 -232
1 39984 368 -103 0 -2 0 0 0 0 43 29 -21 185 74 N N N N -959 -305 -71 155 155
1 40000 364 52 1 0 0 0 0 0 -21 -17 9 129 44 N N N N 312 82 -28 -34 -34
1 40000 380 200 1 -2 0 0 0 0 -92 -38 44 220 62 N N N N 365 94 -41 -37 -37
1 40000 386 263 -3 2 0 0 0 0 -129 1 61 193 62 N N N N -1878 -566 -49 276 276
1 40001 378 138 0 -5 0 0 0 0 -63 25 29 534 156 N N N N -136 -62 -71 42 42
1 39999 366 43 3 3 0 0 0 0 -19 12 9 452 153 N N N N 1209 323 -95 -139 -139
1 39999 358 70 -2 4 0 0 0 0 -29 22 13 304 94 N N N N 2373 666 -78 -300 -300
1 43664 432 35 -15 119 -10 1415 -1 -2 -8 48 54 632 194 40 68 43 548 3333 933 -103 -414 -414
1 40455 411 -38 -1 2 0 0 0 0 14 -14 -4 768 232 N N N N 236 25 -121 10 10
1 40001 395 34 2 0 0 0 0 0 -13 13 3 326 120 N N N N 4531 1267 -117 -549 -549
1 39998 391 -131 0 3 0 0 0 0 53 -43 -14 247 81 N N N N 4132 1167 -64 -497 -497
1 40236 394 -230 2 0 0 0 0 0 106 -48 -44 138 39 N N N N 3562 1008 -46 -420 -420
1 40000 417 -43 -3 -3 0 0 0 0 21 -4 -12 401 127 N N N N 4525 1280 -52 -521 -521
1 39999 426 -53 0 5 0 0 0 0 26 -2 -11 166 58 N N N N 3278 919 -48 -363 -363
1 40372 431 -91 35 -126 35 -1408 0 2 42 -10 -80 147 45 N N N N 2835 799 -32 -311 -311
1 40818 408 -121 -2 2 0 0 0 0 58 20 -26 362 104 41 71 42 549 1777 482 -54 -179 -179
1 39985 363 -115 2 -5 0 0 0 0 51 30 -23 254 86 N N N N 1593 420 -70 -149 -149
1 40000 352 -26 1 3 0 0 0 0 9 9 -4 80 33 N N N N 507 126 -35 -42 -42
1 40000 353 -13 -2 -1 0 0 0 0 6 4 -3 162 46 N N N N 225 50 -26 -14 -14
1 40001 345 -48 2 3 0 0 0 0 17 17 -8 127 49 N N N N 245 52 -34 -13 -13
1 39999 357 1 -2 -8 0 0 0 0 1 0 0 199 57 N N N N -1063 -319 -27 128 128
1 40000 346 7 2 5 0 0 0 0 -4 -2 2 268 72 N N N N -3008 -885 -52 355 355
1 40000 349 16 -2 0 0 0 0 0 -5 -7 2 226 62 N N N N -3825 -1106 -29 446 446
1 40016 337 105 1 -1 1 -1 -1 0 -42 -33 19 348 113 41 71 42 550 -3672 -1080 -70 452 452
1 39984 348 236 -1 1 0 0 0 0 -112 -43 48 319 94 N N N N -1542 -465 -58 204 204
1 40002 343 7 0 0 0 0 0 0 -3 -1 3 417 134 N N N N -2131 -644 -88 286 286
1 39998 342 -96 2 1 0 0 0 0 47 12 -20 471 139 N N N N -1668 -502 -67 225 225
1 40001 318 99 0 -1 0 0 0 0 -49 -12 19 102 48 N N N N -556 -186 -66 91 91
1 39999 323 85 0 1 0 0 0 0 -43 -2 20 8 12 N N N N -491 -146 -18 66 66
1 40003 310 84 0 -4 0 0 0 0 -41 4 18 56 10 N N N N -666 -193 -10 84 84
1 39997 297 80 0 6 0 0 0 0 -41 11 16 271 59 N N N N -930 -269 -16 119 119
1 41960 422 -52 -64 123 -89 1408 -1 -2 36 18 54 495 166 37 68 42 551 -2715 -801 -87 366 366
1 40865 490 -102 1 -1 0 0 0 0 48 -13 -25 200 69 N N N N 1202 314 -61 -128 -128
1 39662 437 -208 3 0 0 0 0 0 97 3 -58 847 239 N N N N 1205 284 -136 -100 -100
1 40808 396 -28 -6 -7 0 0 0 0 14 3 -10 426 136 N N N N -2400 -706 -83 324 324
1 40001 432 -27 4 4 0 0 0 0 11 4 -7 507 151 N N N N -2309 -678 -83 315 315
1 39998 427 9 -1 5 0 0 0 0 -4 -1 5 368 113 N N N N -3883 -1110 -72 515 515
1 43059 461 -171 51 -125 67 -1402 -1 2 73 43 -81 209 77 N N N N -4968 -1415 -88 673 673
1 40002 364 -165 1 4 0 0 0 0 55 64 -27 128 40 N N N N -3468 -974 -30 471 471
1 39999 345 -116 1 -5 0 0 0 0 27 55 -14 740 193 N N N N -2643 -755 -72 380 380
1 39999 315 205 -2 -4 0 0 0 0 -54 -91 27 121 60 N N N N -5982 -1683 -90 859 859
1 40001 336 185 2 1 0 0 0 0 -72 -61 35 58 23 N N N N -4210 -1172 -23 612 612
1 39999 328 173 -1 4 0 0 0 0 -82 -32 37 128 35 N N N N -2632 -732 -16 391 391
1 40001 320 -142 0 0 0 0 0 0 68 24 -30 744 207 N N N N -2747 -778 -104 434 434
1 39999 343 -222 -1 3 0 0 0 0 88 70 -42 339 108 N N N N -3250 -911 -83 513 513
1 45473 388 -122 -7 -124 -1 -1364 0 -2 34 70 -52 449 128 N N N N -2092 -583 -52 335 335
1 40350 354 -103 3 -1 0 0 0 0 21 51 1 438 149 N N N N -35 -26 -120 28 28
1 40356 343 305 -1 -5 0 0 0 0 -85 -137 13 445 131 N N N N 815 212 -80 -110 -110
1 44589 353 315 3 124 -8 1355 0 2 -141 -81 115 755 206 N N N N -353 -110 -98 73 73
1 40000 349 190 -1 0 0 0 0 0 -95 0 42 564 174 N N N N -1712 -481 -101 284 284
1 39997 338 135 -1 0 0 0 0 0 -64 21 30 218 84 N N N N -1273 -358 -88 214 214
1 40003 337 -15 -1 0 0 0 0 0 8 -3 -2 476 147 N N N N -1088 -304 -73 183 183
1 40001 372 38 4 -2 0 0 0 0 -18 8 7 351 106 N N N N -776 -219 -80 136 136
1 39998 353 137 -3 -1 0 0 0 0 -57 38 25 357 107 N N N N -264 -77 -55 50 50
1 40001 373 97 0 4 0 0 0 0 -36 36 16 187 64 N N N N 63 11 -56 0 0
1 39999 361 89 4 0 0 0 0 0 -26 38 11 135 42 N N N N 144 35 -35 -17 -17
1 40000 367 37 -3 -2 0 0 0 0 -9 16 4 142 41 N N N N 161 41 -25 -21 -21
1 44117 440 -154 -14 130 -11 1408 -2 -2 49 -26 27 195 49 N N N N 141 35 -25 -18 -18
1 40354 384 -203 1 -2 0 0 0 0 80 -70 -25 288 86 N N N N 600 155 -62 -83 -83
1 40353 372 -65 -3 -1 0 0 0 0 30 -16 -11 729 187 N N N N 961 252 -56 -138 -138
1 40350 398 83 -5 -5 0 0 0 0 -35 20 14 339 121 N N N N 1827 477 -111 -258 -258
1 40356 415 -4 4 3 0 0 0 0 1 0 0 325 106 N N N N 1995 525 -73 -286 -286
1 40351 438 -126 2 4 0 0 0 0 57 -29 -21 155 56 N N N N 1706 450 -46 -243 -243
1 40238 405 -194 2 -3 0 0 0 0 94 -20 -45 342 91 N N N N 1362 356 -48 -189 -189
1 41353 381 -157 8 -124 0 -1403 -2 2 76 1 -97 205 63 N N N N 3003 793 -53 -421 -421
1 39999 351 12 -4 -2 0 0 0 0 -5 -2 2 98 33 N N N N 3074 815 -24 -427 -428
1 40001 358 27 6 2 0 0 0 0 -14 -4 7 121 44 N N N N 1648 435 -21 -224 -223
1 39999 381 73 -4 -4 0 0 0 0 -34 -8 16 458 114 N N N N 1255 324 -50 -160 -160
1 40000 368 82 4 6 0 0 0 0 -43 -4 19 391 122 N N N N 2137 548 -84 -268 -268
1 40000 361 -7 0 1 0 0 0 0 4 0 -1 232 68 N N N N 2559 668 -49 -328 -328
1 40000 355 -177 -3 1 0 0 0 0 87 16 -40 202 67 N N N N 2687 700 -48 -339 -339
1 40000 363 -138 1 -4 0 0 0 0 62 33 -30 98 29 N N N N 1912 500 -24 -240 -240
1 40000 358 -23 1 -6 0 0 0 0 10 7 -5 16 14 N N N N 1120 291 -17 -138 -138
1 40001 351 57 0 7 0 1 -1 0 -25 -17 11 267 67 N N N N 1052 270 -30 -125 -125
1 39999 353 115 1 1 0 0 0 0 -52 -25 26 170 49 N N N N 1515 391 -32 -181 -181
1 40000 328 93 -2 -2 0 0 0 0 -45 -11 21 208 58 N N N N 1943 503 -35 -231 -231
1 40000 371 11 0 5 0 0 0 0 -7 -1 2 604 165 N N N N 2393 606 -75 -270 -270
1 40000 369 -15 1 -6 0 0 0 0 9 1 -3 209 75 N N N N 2558 651 -67 -287 -287
1 40000 354 -15 0 5 0 0 0 0 7 2 -2 128 34 N N N N 1448 373 -22 -165 -165
1 40001 336 -96 -1 0 0 0 0 0 46 13 -23 226 72 N N N N 1377 344 -51 -146 -146
1 39999 357 -22 2 -1 0 0 0 0 10 4 -5 150 42 N N N N 1562 400 -26 -174 -174
1 40001 369 -123 0 1 0 0 -1 0 54 31 -25 205 57 N N N N 656 160 -31 -65 -65
1 39999 357 -122 1 1 0 0 0 0 46 42 -23 350 96 N N N N 341 70 -52 -22 -22
1 40001 357 -125 -4 0 0 0 0 0 37 53 -19 120 37 N N N N 482 112 -34 -44 -44
1 40000 330 -109 2 -4 0 0 0 0 24 53 -12 361 103 N N N N 33 -9 -47 12 12
1 39999 310 -14 -3 1 0 0 0 0 2 7 -2 261 83 N N N N -871 -252 -63 121 121
1 40000 339 76 4 -2 0 0 0 0 -14 -37 9 94 23 N N N N -118 -41 -27 22 22
1 40000 370 113 -2 1 0 0 0 0 -30 -52 13 148 47 N N N N 474 114 -25 -46 -46
1 40000 358 143 2 -1 0 0 0 0 -50 -53 26 166 44 N N N N 861 213 -30 -88 -88
1 40001 348 150 1 3 0 0 -2 0 -64 -41 31 367 99 N N N N 1827 456 -46 -192 -192
1 39999 373 -97 -2 -2 0 0 0 0 43 24 -21 171 56 N N N N 3441 875 -50 -366 -366
1 40000 364 -86 0 -1 0 0 0 0 34 28 -16 110 49 N N N N 1695 433 -17 -180 -180
1 40000 361 64 0 3 0 0 0 0 -25 -22 12 387 88 N N N N 1704 417 -57 -165 -165
1 40000 351 87 1 1 0 0 0 0 -37 -24 18 318 94 N N N N 2409 597 -60 -237 -237
1 40000 356 16 0 -4 0 0 0 0 -7 -3 3 96 43 N N N N 2580 654 -31 -262 -262
1 40000 336 80 -1 0 0 0 0 0 -37 -15 18 114 20 N N N N 957 237 -19 -93 -93
1 40001 358 -11 2 0 0 0 0 0 5 1 -3 152 41 N N N N -314 -90 -20 40 40
1 40000 340 129 0 3 0 -1 -1 0 -64 -14 30 189 54 N N N N 134 17 -35 0 0
1 39999 350 13 -1 -3 0 0 0 0 -6 0 2 352 96 N N N N 1104 262 -48 -98 -98
1 40000 355 -28 2 3 0 0 0 0 14 2 -5 305 82 N N N N 1920 473 -45 -180 -180
1 40000 363 -128 -2 -2 0 0 0 0 63 15 -29 185 58 N N N N 449 89 -52 -27 -27
1 40000 350 -94 2 2 0 0 0 0 42 20 -20 74 25 N N N N -590 -163 -23 70 70
1 40000 359 -10 -4 1 0 0 0 0 4 3 -3 161 44 N N N N -493 -140 -25 60 59
1 40000 367 131 4 -6 0 0 0 0 -59 -28 28 112 30 N N N N 123 22 -20 -5 -4
1 40000 365 74 0 6 0 0 0 0 -37 -9 18 152 42 N N N N 456 102 -30 -36 -36
1 40000 350 159 1 -4 0 1 -2 0 -79 -2 35 388 91 N N N N 922 226 -22 -85 -85
1 40000 360 44 0 3 0 0 0 0 -22 4 12 85 41 N N N N 2944 725 -56 -276 -276
1 40000 351 -7 0 -3 0 0 0 0 4 -1 -3 234 61 N N N N 1903 470 -34 -176 -176
1 40000 331 11 1 1 0 0 0 0 -6 1 3 122 49 N N N N 859 203 -30 -72 -72
1 40000 349 -68 -4 1 0 0 0 0 34 -5 -15 139 29 N N N N 462 103 -28 -35 -35
1 40000 335 -41 0 2 0 0 0 0 20 -1 -10 94 28 N N N N 540 128 -17 -46 -46
1 40000 337 -65 3 -2 0 0 0 0 33 2 -15 84 23 N N N N 682 166 -15 -61 -61
1 40000 350 -75 -1 -1 0 0 0 0 37 7 -17 241 72 N N N N 99 4 -40 6 6
1 40000 327 58 0 1 0 0 -1 0 -29 -6 13 3 10 N N N N -396 -112 -19 47 47
1 40000 347 126 -3 -1 0 0 0 0 -63 -2 28 83 8 N N N N 6 -3 -8 2 2
1 40001 347 119 4 -1 0 0 0 0 -58 12 27 32 7 N N N N 177 42 -6 -15 -15
1 40000 340 93 0 1 0 0 0 0 -43 18 20 11 1 N N N N 249 61 -4 -22 -22
1 40000 350 37 -2 3 0 0 0 0 -17 9 8 204 47 N N N N -47 -23 -19 12 12
1 39999 362 -108 1 0 0 0 0 0 49 -23 -22 118 33 N N N N -596 -165 -25 68 68
1 40000 369 -102 2 -3 0 0 0 0 50 -14 -23 46 12 N N N N -1550 -403 -15 157 157
1 40000 336 -94 -1 4 0 0 0 0 46 -3 -21 63 16 N N N N -859 -224 -9 89 89
1 45468 433 -193 -15 124 -10 1405 -1 -2 95 27 12 120 30 N N N N 776 187 -19 -69 -69
1 42472 399 -160 9 -126 0 -1405 -1 2 71 31 -92 89 26 N N N N 1492 369 -20 -138 -138
1 40001 381 -18 -1 -3 0 0 0 0 7 6 -4 243 60 N N N N 1712 421 -25 -156 -156
1 40000 371 148 0 -1 0 0 0 0 -63 -39 31 117 33 N N N N -660 -184 -28 75 75
1 40000 374 51 1 2 0 0 0 0 -24 -10 12 178 41 N N N N -686 -185 -22 74 74
1 40000 376 195 2 -3 0 0 0 0 -96 -15 44 128 49 N N N N -695 -197 -37 83 83
1 40000 364 193 -4 2 0 0 0 0 -94 20 44 91 16 N N N N -508 -139 -17 56 56
1 40000 356 193 4 -1 0 0 0 0 -83 51 38 82 21 N N N N -239 -67 -14 29 29
1 40000 349 94 -1 3 0 0 0 0 -34 35 16 251 75 N N N N 963 225 -33 -81 -81
1 45354 408 -125 2 123 18 1399 -1 -2 46 -11 27 58 13 N N N N 1576 386 -23 -143 -143
1 40000 359 -176 0 -2 0 0 0 0 78 -50 -26 96 23 N N N N 1186 292 -14 -109 -109
1 39999 352 -168 0 3 0 0 0 0 81 -24 -33 152 31 N N N N 1735 432 -12 -160 -160
1 40000 363 -116 -2 -4 0 0 0 0 59 -3 -28 65 27 N N N N 1052 251 -25 -89 -89
1 40000 353 -30 2 3 0 0 0 0 14 1 -7 141 33 N N N N 225 46 -18 -14 -14
1 40000 395 24 -4 -2 0 0 0 0 -12 -1 5 105 31 N N N N -827 -223 -24 88 88
1 40000 352 26 -1 3 0 0 0 0 -13 -1 7 61 16 N N N N -625 -164 -12 64 64
1 41941 386 33 13 -122 1 -1398 -1 2 -18 -17 -54 79 18 N N N N 601 143 -14 -51 -51
1 40000 339 42 2 -3 0 0 0 0 -21 1 10 43 15 N N N N 934 229 -12 -84 -84
1 40002 341 -58 -2 -1 0 0 0 0 30 0 -13 33 6 N N N N 517 126 -8 -45 -45
1 39998 350 -32 0 -4 0 0 0 0 17 2 -8 5 0 N N N N 353 86 -3 -32 -32
1 40000 324 -28 0 10 0 0 0 0 12 3 -4 21 1 N N N N 214 54 -1 -19 -19
1 40001 329 -73 4 -4 0 0 0 0 36 10 -17 -5 5 N N N N 54 10 -5 -3 -3
1 40000 332 -78 -4 0 0 0 0 0 37 16 -16 48 2 N N N N -253 -66 -4 25 25
1 39999 331 -54 1 -5 0 0 0 0 24 14 -12 4 2 N N N N -311 -81 -5 31 31
1 40000 340 -55 0 8 0 0 0 0 22 16 -9 21 2 N N N N -229 -58 -1 22 22
1 40000 325 -18 2 -6 0 0 -1 0 8 6 -4 181 37 N N N N -474 -127 -13 50 50
1 40000 359 13 -3 3 0 0 0 0 -5 -5 2 144 40 N N N N -1829 -478 -30 184 184
1 40000 342 107 2 0 0 0 0 0 -46 -30 21 62 18 N N N N -1276 -330 -15 128 128
1 40002 352 112 0 0 0 0 0 0 -53 -21 24 3 4 N N N N -480 -126 -9 49 49
1 39998 366 58 1 0 0 0 0 0 -28 -7 14 7 0 N N N N -165 -42 -3 17 17
1 40002 359 53 0 -1 0 0 0 0 -27 -4 10 27 1 N N N N -56 -15 -1 5 5
1 39999 358 -27 -3 1 0 0 0 0 14 2 -6 143 33 N N N N -39 -17 -13 9 9
1 39999 337 -68 2 3 0 0 0 0 33 6 -14 100 26 N N N N -42 -19 -14 10 10
1 40000 364 -17 1 -4 0 0 -1 0 9 2 -4 184 50 N N N N 130 14 -35 1 1
1 40001 344 94 0 0 0 0 0 0 -47 -9 20 139 32 N N N N 30 -5 -20 6 6
1 39999 351 100 -3 0 0 0 0 0 -50 -2 22 141 41 N N N N 218 38 -30 -9 -9
1 40000 348 56 3 -2 0 0 0 0 -28 3 13 28 12 N N N N 424 99 -14 -35 -35
1 39999 315 46 1 2 0 0 0 0 -23 6 10 66 13 N N N N 427 101 -10 -37 -37
1 40002 368 -33 -4 -1 0 0 0 0 17 -4 -7 48 14 N N N N 285 66 -9 -23 -23
1 39999 332 -43 2 2 0 0 0 0 20 -4 -10 10 1 N N N N 97 22 -5 -7 -7
1 40000 344 -49 -2 -1 0 0 0 0 26 -1 -10 18 2 N N N N -58 -17 -4 7 7
1 45588 462 -155 -54 122 -88 1402 -1 -2 78 19 16 31 3 N N N N -4 -3 -4 2 2
1 42162 450 -139 -6 -26 0 -206 -1 -1 63 17 -52 21 2 N N N N 105 25 -2 -9 -9
1 37838 377 -9 36 -94 42 -1205 0 3 4 2 -38 93 23 N N N N 249 56 -10 -20 -20
1 40001 390 50 1 -1 0 0 0 0 -22 -12 11 119 28 N N N N 837 201 -16 -72 -72
1 40000 431 133 0 -1 0 0 0 0 -63 -21 31 110 28 N N N N 379 82 -21 -27 -27
1 39999 420 161 0 -3 0 0 0 0 -78 -4 39 87 23 N N N N 389 88 -17 -30 -30
1 40000 431 207 0 1 0 0 0 0 -99 29 48 114 26 N N N N 485 111 -17 -38 -38
1 40001 413 165 2 1 0 0 0 0 -67 49 33 44 14 N N N N 492 115 -14 -40 -40
1 39999 409 0 0 0 0 0 0 0 0 0 0 42 10 N N N N 254 58 -8 -21 -21
1 40002 400 -63 -2 3 0 0 0 0 24 -21 -11 30 4 N N N N 220 52 -6 -18 -18
1 44175 480 -167 -17 124 -9 1412 0 -2 76 -12 25 54 10 N N N N 159 36 -6 -12 -12
1 40000 434 -185 1 -5 0 0 0 0 89 -28 -43 225 53 N N N N 113 14 -25 -1 -1
1 40000 412 -67 0 5 0 0 0 0 31 -2 -17 204 51 N N N N 344 67 -30 -19 -19
1 40001 438 -77 0 -2 0 0 0 0 38 3 -20 95 30 N N N N 235 42 -28 -10 -10
1 39999 468 -57 -1 2 0 0 0 0 26 5 -16 204 51 N N N N -128 -47 -25 22 22
1 40662 455 -56 8 -127 0 -1410 -1 2 26 4 -72 44 13 N N N N -88 -33 -19 16 16
1 40807 446 41 5 0 0 0 0 0 -18 -9 11 30 7 N N N N 199 44 -10 -15 -15
1 39999 425 85 -2 -1 0 0 0 0 -40 -12 20 144 32 N N N N 106 20 -10 -5 -5
1 40001 421 -33 2 -2 0 0 0 0 16 4 -8 87 27 N N N N 162 24 -27 -4 -4
1 39999 411 18 -1 3 0 0 0 0 -9 -3 5 59 10 N N N N -286 -75 -8 29 29
1 40000 408 -105 0 0 0 0 0 0 48 19 -25 153 36 N N N N -46 -24 -19 12 12
1 40000 392 -66 2 0 0 0 0 0 29 16 -15 227 54 N N N N 939 217 -28 -75 -75
1 40000 433 73 0 -2 0 0 0 0 -32 -18 15 158 52 N N N N -497 -148 -41 62 62
1 40001 426 140 -1 1 0 0 0 0 -66 -21 34 290 70 N N N N -1306 -341 -30 133 133
1 39999 428 40 0 3 0 -1 -1 0 -20 -3 10 193 52 N N N N -459 -139 -42 59 59
1 40000 376 -1 -2 -2 0 0 0 0 1 0 0 232 59 N N N N 279 53 -28 -14 -14
1 40000 415 -35 3 2 0 0 0 0 17 3 -8 42 18 N N N N 82 3 -29 4 4
1 40000 425 -10 -1 1 0 0 0 0 5 1 -2 30 9 N N N N -162 -45 -8 18 18
1 38739 207 15 316 -50 371 -430 -108 -4 -32 -6 8 79 15 N N N N -202 -58 -14 24 24
1 40011 80 21 -17 7 1 0 -173 0 -10 0 1 33 9 N N N N -11 -7 -7 4 4
1 39990 -58 -22 353 -5 530 -1 -130 0 -30 0 16 -3 0 N N N N -98 -28 -7 12 12
1 39962 -340 -23 18 6 1 1 -171 0 10 2 8 -114 -20 N N N N -60 -6 15 0 0
1 40083 -570 21 10 11 -1 0 -171 0 -8 -2 -3 -43 -8 N N N N 82 27 12 -13 -13
1 39911 -751 67 7 -4 0 -2 -173 0 -35 -2 -19 -404 -103 N N N N 247 88 45 -41 -41
1 42365 -912 -204 -105 -134 11 -1393 -77 2 106 7 -11 -576 -149 N N N N -407 -57 75 7 7
1 45353 -987 -81 -37 137 -72 1393 0 2 45 36 80 -343 -93 N N N N 1550 436 88 -178 -178
1 40001 -773 43 0 1 0 0 0 0 -19 -12 -8 -229 -60 N N N N 196 69 33 -31 -31
1 40001 -776 -23 1 1 0 0 0 0 10 6 5 -71 -16 N N N N 29 21 23 -13 -13
1 39999 -757 38 3 3 0 0 0 0 -17 -9 -7 -247 -62 N N N N -280 -50 33 13 13
1 39999 -765 2 -3 -6 0 0 0 0 -1 -1 -3 -301 -77 N N N N 175 70 45 -35 -35
1 40001 -782 87 1 2 0 0 0 0 -41 -16 -18 -253 -67 N N N N -334 -52 51 10 10
1 39999 -795 48 -3 -2 0 0 0 0 -24 -5 -12 -74 -15 N N N N -196 -41 15 13 13
1 40001 -758 -23 3 3 0 0 0 0 12 2 5 -109 -26 N N N N -309 -65 20 20 20
1 39999 -736 -74 -1 0 0 -1 -4 0 36 12 17 -155 -40 N N N N -657 -150 23 52 52
1 40001 -763 -80 2 -2 0 0 0 0 36 17 17 -221 -54 N N N N -720 -160 35 53 53
1 40000 -785 12 -4 -1 0 0 0 0 -5 -3 -2 -106 -25 N N N N -1091 -258 25 92 92
1 39999 -779 56 2 1 0 0 0 0 -26 -12 -12 -31 -4 N N N N -876 -215 9 79 79
1 40000 -788 22 1 0 0 0 0 0 -10 -5 -5 -35 -3 N N N N -37 -7 3 2 2
1 40000 -782 -26 0 -1 0 0 0 0 12 6 5 -204 -50 N N N N -255 -47 29 13 13
1 40000 -761 -70 -5 2 0 0 0 0 33 16 15 -273 -70 N N N N -818 -185 37 63 63
1 40000 -766 117 3 2 0 0 0 0 -56 -24 -23 -346 -91 N N N N -425 -71 62 15 15
1 39999 -755 28 -4 -6 0 1 -1 0 -14 -5 -8 -39 -10 N N N N -88 -12 19 1 1
1 40001 -757 -42 2 -2 0 0 0 0 21 6 8 -45 -6 N N N N -65 -12 8 4 4
1 40000 -752 -43 -2 7 0 0 0 0 21 9 12 -251 -62 N N N N -71 -4 25 -3 -3
1 40000 -758 61 4 -3 0 0 0 0 -30 -12 -14 -119 -29 N N N N 2782 722 37 -280 -280
1 40000 -771 114 -1 6 0 0 0 0 -55 -11 -25 -58 -10 N N N N 1483 379 10 -144 -144
1 39999 -760 121 1 0 0 0 0 0 -62 0 -28 -44 -7 N N N N 684 178 9 -67 -67
1 40001 -760 88 0 -7 0 0 0 0 -44 9 -22 -91 -20 N N N N 419 113 12 -44 -44
1 39999 -746 -95 -2 -1 0 0 0 0 47 -10 21 -103 -23 N N N N -1212 -295 19 106 106
1 45473 -854 -321 4 -132 9 -1388 -1 -2 157 14 9 -273 -69 N N N N -454 -91 40 26 26
1 43588 -821 -20 2 139 0 1382 0 2 10 22 71 -314 -86 N N N N -106 5 53 -12 -12
1 39998 -758 19 0 -8 0 0 0 0 -9 -5 -7 -305 -80 N N N N -2831 -692 44 252 252
1 40000 -749 -101 -3 5 0 0 0 0 44 29 22 -119 -31 N N N N -2685 -661 33 246 246
1 40001 -733 -49 1 3 0 0 0 0 18 17 12 -354 -93 N N N N -230 -32 47 4 4
1 39999 -733 -85 1 -6 0 0 0 0 29 32 13 -160 -43 N N N N 1298 351 39 -141 -141
1 40000 -748 125 4 7 0 0 0 0 -45 -45 -20 -284 -75 N N N N 1454 395 47 -159 -159
1 40001 -748 165 -1 -2 0 0 0 0 -72 -44 -35 -188 -51 N N N N -2103 -515 34 189 189
1 39999 -751 192 -2 3 0 0 0 0 -94 -20 -44 -207 -52 N N N N -731 -170 29 60 60
1 44058 -836 -244 4 -137 10 -1385 -1 -2 118 14 -12 -176 -46 N N N N 1412 382 42 -154 -154
1 44060 -829 -121 0 135 0 1383 0 2 51 52 92 -301 -77 N N N N -92 -7 29 -2 -2
1 40000 -768 54 -3 -9 0 0 0 0 -24 -18 -11 -260 -71 N N N N 157 76 64 -41 -41
1 40001 -763 46 4 4 0 0 0 0 -18 -13 -10 -339 -93 N N N N -638 -140 41 46 46
1 39999 -774 5 2 0 0 0 0 0 -2 -1 -3 -544 -149 N N N N -1033 -216 88 66 66
1 40000 -750 -42 -4 2 0 0 0 0 18 12 11 -173 -53 N N N N -4310 -1077 53 409 409
1 40000 -748 -4 1 4 0 0 0 0 2 2 2 -316 -86 N N N N -1789 -432 53 161 161
1 40000 -760 171 -1 -3 0 0 0 0 -79 -38 -38 -518 -137 N N N N 331 121 70 -61 -61
1 40000 -770 -7 0 -7 0 0 0 0 4 0 -2 -684 -198 N N N N -1401 -301 118 99 99
1 40000 -762 2 6 4 0 1 0 0 -2 1 1 -227 -66 N N N N -1080 -249 60 88 88
1 40000 -784 23 -3 1 0 0 0 0 -10 -3 -6 -498 -140 N N N N -1364 -320 68 117 117
1 40000 -774 73 -2 6 0 0 0 0 -36 -6 -14 -421 -123 N N N N -3913 -974 86 382 382
1 40000 -780 21 -5 -8 0 0 0 0 -10 -2 -9 -527 -151 N N N N -4222 -1055 94 424 424
1 40000 -772 -119 5 0 0 0 0 0 58 11 28 -294 -84 N N N N -4336 -1104 58 462 462
1 40000 -790 102 0 9 0 0 0 0 -50 -10 -20 -563 -156 N N N N -2275 -561 80 231 231
1 40000 -786 180 -2 -6 0 0 0 0 -91 5 -42 -514 -144 N N N N 865 253 69 -122 -122
1 40000 -792 71 0 3 0 0 0 0 -33 10 -18 -313 -98 N N N N -1184 -271 100 102 102
1 44823 -909 -96 8 -133 11 -1383 -2 -2 46 -8 -48 -619 -175 N N N N -1379 -329 85 130 130
1 40000 -812 -278 -3 -7 0 0 0 0 136 -6 66 -809 -233 N N N N -2476 -601 137 246 246
1 40000 -797 -232 -19 130 -29 1386 1 2 105 73 112 -435 -133 N N N N -4779 -1227 97 543 543
1 39999 -752 51 3 9 0 0 0 0 -20 -15 -6 -139 -44 N N N N -3430 -892 47 409 409
1 40001 -766 99 -2 -6 0 0 0 0 -43 -29 -22 -516 -145 N N N N -2795 -720 66 332 332
1 40000 -768 -32 -1 0 0 0 0 0 14 8 7 -694 -204 N N N N -4902 -1266 126 598 598
1 40002 -744 -7 3 0 0 0 0 0 4 1 1 -264 -84 N N N N -3535 -924 66 452 452
1 39998 -748 22 -2 5 0 0 0 0 -10 -4 -2 -502 -142 N N N N -2946 -770 65 385 385
1 39999 -758 209 0 1 0 0 0 0 -100 -34 -46 -352 -105 N N N N -5630 -1485 89 768 768
1 40001 -713 22 -1 -6 0 0 0 0 -11 -2 -9 -552 -161 N N N N -3207 -844 84 445 445
1 43770 -827 -252 5 -110 9 -1182 -1 -3 120 24 4 -1112 -327 N N N N -4364 -1144 189 612 612
1 39524 -762 75 -2 121 0 1183 0 3 -33 0 41 -333 -108 N N N N -2503 -663 92 367 367
1 40001 -750 130 1 -4 0 0 0 0 -64 -20 -30 -632 -182 N N N N -1139 -298 86 162 162
1 39999 -747 40 4 -3 0 0 0 0 -20 -3 -11 -1030 -308 N N N N -427 -97 174 38 38
1 40000 -746 -61 -4 0 0 0 0 0 31 5 14 -923 -275 N N N N 837 246 169 -161 -161
1 40000 -750 -135 2 0 0 0 0 0 64 23 30 -711 -222 N N N N 2935 822 166 -489 -489
1 40000 -755 307 -1 13 0 0 0 0 -151 -28 -63 -691 -214 N N N N -52 1 118 -14 -14
1 40001 -721 217 0 -5 0 0 0 0 -104 32 -50 -637 -187 N N N N -1372 -361 124 192 192
1 39999 -733 110 -2 -6 0 0 0 0 -47 31 -22 -798 -244 N N N N 3529 996 172 -585 -585
1 43119 -825 -188 4 -134 10 -1394 0 -2 82 -39 -31 -287 -87 N N N N 4442 1237 55 -692 -692
1 39999 -729 -154 3 1 0 0 0 0 76 -24 30 -885 -261 N N N N 9260 2602 166 -1396 -1396
1 40000 -721 -244 -2 -4 0 0 0 0 120 5 58 -428 -129 N N N N 6470 1822 87 -927 -927
1 43706 -776 -176 1 136 -1 1398 0 2 78 59 106 -713 -214 N N N N 7267 2060 111 -1005 -1005
1 40000 -747 -127 0 -4 0 0 0 0 45 47 20 -969 -287 N N N N 5066 1467 148 -700 -700
1 40015 -724 152 2 7 0 0 0 0 -56 -54 -23 -328 -114 36 70 41 560 6357 1836 136 -839 -839
1 39985 -703 181 -3 -1 0 0 0 0 -81 -43 -39 -536 -162 N N N N -1243 -316 85 123 123
1 40000 -723 -78 0 -7 0 0 0 0 36 14 14 -177 -58 N N N N 2195 646 67 -293 -293
1 40000 -722 -117 3 -3 0 0 0 0 50 32 23 -261 -76 N N N N 1568 458 36 -204 -204
1 40000 -697 78 1 11 0 0 0 0 -32 -21 -11 -587 -181 N N N N -731 -161 109 50 50
1 40000 -701 1 -5 -5 0 0 0 0 1 -2 -4 -542 -166 N N N N 623 222 109 -115 -115
1 40000 -685 -155 2 1 1 1 -1 0 62 50 30 -585 -178 N N N N 5257 1539 103 -667 -667
1 40000 -695 -20 1 3 0 0 0 0 5 9 7 -436 -139 N N N N 7281 2118 92 -876 -876
1 40016 -716 93 -1 -4 0 0 0 0 -33 -35 -20 -502 -161 37 71 41 559 1004 338 101 -153 -153
1 39984 -674 148 2 6 0 0 0 0 -65 -38 -27 -696 -215 N N N N 320 163 140 -91 -91
1 40000 -679 82 -2 -5 0 0 0 0 -39 -15 -21 -80 -30 N N N N 1587 476 39 -194 -194
1 40001 -677 15 -4 0 0 0 0 0 -7 -2 -4 -356 -103 N N N N -2538 -704 47 267 267
1 39999 -704 64 0 -2 0 0 0 0 -32 -5 -15 -404 -128 N N N N -4298 -1197 80 464 464
1 40001 -688 -157 1 3 0 0 0 0 77 20 36 -900 -265 N N N N -5048 -1396 125 552 552
1 39998 -674 -46 3 0 0 -1 0 0 20 11 11 -1092 -347 N N N N -11966 -3364 246 1421 1421
1 40001 -678 -16 -2 1 0 0 0 0 8 4 3 -1012 -331 N N N N -3141 -840 204 350 350
1 40016 -693 -83 -1 -2 0 0 0 0 35 23 16 -690 -227 37 73 42 559 -336 -41 166 -10 -10
1 39984 -665 -46 1 4 0 0 0 0 18 17 10 -300 -100 N N N N 3217 969 75 -457 -457
1 40000 -691 -9 -1 -2 0 0 0 0 4 3 0 -187 -60 N N N N -5513 -1603 42 734 734
1 40000 -684 -51 1 2 0 0 0 0 18 19 10 -694 -207 N N N N -3464 -984 108 451 451
1 40000 -682 61 -2 3 0 0 0 0 -22 -22 -9 -747 -241 N N N N -4183 -1193 135 563 563
1 40001 -678 131 -2 -3 0 0 0 0 -54 -40 -27 -791 -253 N N N N -279 -35 169 -9 -9
1 39999 -686 36 2 -2 0 0 0 0 -16 -9 -10 -411 -142 N N N N -2143 -605 114 287 287
1 40001 -674 -17 -1 4 0 0 0 0 8 4 7 -921 -281 N N N N 1847 596 173 -327 -327
1 40016 -655 149 2 -4 0 0 0 0 -72 -26 -34 -1178 -372 39 71 40 557 -628 -143 162 47 47
1 39984 -663 -123 -4 -3 0 0 0 0 60 19 25 -700 -239 N N N N 2927 940 219 -502 -502
1 40000 -663 -20 1 3 0 0 0 0 8 6 7 -895 -290 N N N N 4045 1277 189 -651 -651
1 40000 -675 145 2 2 0 0 0 0 -69 -25 -32 -476 -159 N N N N 4617 1441 130 -699 -699
1 39999 -673 83 -2 -1 0 0 0 0 -41 -6 -20 -648 -205 N N N N 4967 1553 123 -727 -727
1 40001 -659 17 0 -1 0 0 0 0 -9 0 -4 -688 -222 N N N N 4703 1489 144 -679 -679
1 43587 -729 -208 -7 -135 0 -1395 0 -2 103 8 -21 -747 -239 N N N N 4032 1296 150 -580 -580
1 41471 -684 -135 4 132 0 1385 0 2 60 48 94 -419 -138 N N N N 4258 1358 117 -583 -583
1 40017 -662 2 2 3 0 0 0 0 -1 0 1 -690 -214 38 70 41 556 1259 443 118 -202 -202
1 39984 -651 -38 -2 -2 0 0 0 0 15 12 7 -1039 -326 N N N N 704 321 215 -171 -171
1 40000 -642 80 0 5 0 0 0 0 -32 -23 -15 -629 -201 N N N N 178 144 181 -92 -92
1 39999 -639 -124 -2 -2 0 0 0 0 50 39 22 -346 -108 N N N N -272 -49 73 5 5
1 40001 -627 152 2 0 0 0 0 0 -64 -47 -26 -869 -265 N N N N -940 -220 149 60 60
1 40000 -666 56 -2 -2 0 0 0 0 -25 -13 -14 -985 -312 N N N N 2719 966 236 -432 -432
1 40000 -629 -32 0 7 0 0 0 0 16 8 9 -1231 -367 N N N N 1659 630 215 -290 -290
1 39999 -586 287 -1 6 0 1 0 0 -141 -30 -60 -5048 -1357 N N N N -1226 -91 583 -79 -79
1 40017 -575 527 2 -5 0 0 0 0 -225 129 -99 -1658 -604 43 75 53 555 9569 3543 858 -1513 -1513
1 39984 -593 503 -8 -5 0 0 0 0 -43 250 -12 -3953 -1067 N N N N 7221 2709 584 -1083 -1083
1 39999 -527 165 -10 -2 0 0 0 0 33 78 21 -7935 -2230 N N N N 17396 6777 1413 -2488 -2488
1 40001 -333 46 -3 -4 0 0 0 0 12 21 6 -7474 -2187 N N N N 20236 8568 1916 -2801 -2801
1 40000 -180 456 2 1 0 0 0 0 193 120 82 -3194 -918 N N N N 18156 7697 1271 -2117 -2117
1 40000 -87 194 3 2 0 0 0 0 99 -2 39 -866 -498 N N N N 14023 5606 481 -1294 -1294
1 40001 -94 33 -1 -1 0 0 0 0 17 -4 6 -1097 -368 N N N N 8741 3340 131 -686 -686
1 38807 -121 -125 -14 3 0 -1 -131 -4 -63 10 -24 -2227 -537 N N N N 5961 2722 440 -602 -602
1 38618 -196 -76 15 119 0 1398 -81 2 -40 0 -81 -3946 -1401 40 71 56 554 8072 4087 857 -902 -902
1 10809 -60 49 0 5 0 0 0 0 25 4 6 -191 -382 N N N N 4183 1947 286 -386 -386
1 10369 -72 77 -2 1 0 0 0 0 39 2 17 -105 -189 39 72 55 554 5979 2732 350 -515 -515
1 10746 -83 54 -3 2 0 0 0 0 28 -2 11 -126 -123 N N N N 8274 3317 127 -540 -540
1 10489 -87 59 2 -1 0 0 0 0 30 -5 12 -100 -79 42 73 60 554 6189 2505 104 -392 -392
1 10808 -101 77 -1 6 0 0 0 0 36 -11 16 -24 -40 N N N N 5402 2155 65 -322 -322
1 10369 -91 78 0 -2 0 0 0 0 36 -17 17 -10 -21 40 74 61 553 3727 1453 21 -207 -207
1 10454 -106 79 0 0 0 0 0 0 32 -22 19 -12 -15 N N N N 2358 956 37 -138 -138
1 10722 -105 82 -3 2 0 0 0 0 30 -27 18 -16 -14 40 75 65 553 2037 819 27 -116 -116
1 10453 -113 78 -1 -2 0 0 0 0 24 -31 16 -11 -5 N N N N 1692 672 16 -94 -94
1 10370 -114 71 5 1 0 0 0 0 17 -30 15 -22 -10 38 74 64 553 1118 440 8 -60 -60
1 10749 -108 38 0 -3 0 0 0 0 8 -18 7 -87 -28 N N N N 981 394 12 -54 -54
1 10369 -114 38 -1 1 0 0 0 0 7 -18 7 -18 -8 42 75 63 553 876 346 8 -47 -47
1 10809 -110 38 2 0 0 0 0 0 5 -18 7 -34 -10 N N N N 836 352 20 -50 -50
1 10368 -105 28 -1 -2 0 0 0 0 3 -15 4 -8 0 40 76 65 553 740 300 10 -41 -41
1 10454 -118 31 5 6 0 0 0 0 1 -13 6 -58 -7 N N N N 503 188 -2 -24 -25
1 10722 -116 51 -6 -4 0 0 0 0 5 -28 4 -106 -31 39 77 74 553 181 112 26 -20 -19
1 10455 -117 -3542 3 -1 0 0 0 0 -1 -30 7 -59 -24 N N N N -29 40 31 -11 -11
1 10250 -120 56 -2 5 0 0 0 0 -3 -28 5 -67 -30 39 74 78 552 -56 7 18 -4 -4
1 10750 -119 44 -1 -1 0 0 0 0 -4 -23 4 -90 -38 N N N N 330 168 26 -27 -27
1 10368 -116 48 1 1 0 0 0 0 -8 -24 2 -266 -114 39 76 78 552 77 53 13 -10 -10
1 10808 -125 61 -4 0 0 0 0 0 -10 -31 1 -552 -225 N N N N 54 147 78 -33 -33
1 10367 -143 51 3 1 0 0 0 0 -12 -24 1 -265 -124 43 82 91 552 -188 151 137 -46 -46
1 10457 -112 93 -4 1 0 0 0 0 -26 -42 -3 -308 -117 N N N N 241 220 78 -43 -43
1 10722 -133 127 -2 3 0 0 0 0 -46 -50 -6 -317 -87 41 88 107 552 278 293 114 -59 -59
1 10514 -139 84 5 -5 0 0 0 0 -37 -29 -10 -55 -10 N N N N 719 407 78 -67 -67
1 10367 -132 68 -4 1 0 0 0 0 -30 -19 -9 83 124 42 87 105 552 347 186 32 -30 -30
1 10463 -121 97 2 -87 66 -1392 -1 0 -49 -38 -56 -138 -19 N N N N 805 305 -4 -37 -37
1 9825 -140 127 36 -30 1 -1 -1 2 -67 -14 -44 -114 -24 42 89 107 552 596 296 40 -45 -45
1 10813 -132 165 3 -5 0 0 0 0 -83 10 -39 -392 -66 N N N N 1015 474 48 -68 -68
1 10018 -117 124 -5 -1 0 0 0 0 -57 24 -27 -186 -23 44 93 114 552 591 357 77 -59 -59
1 9982 -123 138 3 6 0 0 0 0 -55 41 -25 -33 26 N N N N 689 352 51 -53 -53
1 10018 -123 135 -4 -6 0 0 0 0 -44 53 -22 -14 6 42 91 111 552 1040 453 29 -61 -61
1 9983 -142 149 0 5 0 0 0 0 -34 67 -15 -48 26 N N N N 953 394 14 -51 -51
1 10017 -144 94 -8 -5 0 0 0 0 -14 48 -4 -160 29 44 95 105 551 970 414 22 -54 -54
1 9983 -118 43 2 -1 0 0 0 0 -2 22 -3 -4 3 N N N N 1084 461 23 -60 -60
1 10017 -135 29 4 -6 0 0 0 0 -2 16 0 -43 -3 44 100 105 551 1274 522 16 -66 -66
1 9984 -130 32 -3 3 0 0 0 0 0 16 0 -22 1 N N N N 1189 479 10 -58 -58
1 10016 -129 23 4 0 0 0 0 0 1 12 -2 10 9 46 99 106 551 705 283 5 -35 -35
1 9985 -128 -5 -2 -5 0 0 0 0 -1 -2 2 -5 -2 N N N N 646 246 -3 -28 -28
1 10013 -139 -33 1 1 0 0 0 0 0 -17 -1 -13 -1 45 98 102 551 559 231 8 -29 -29
1 9985 -111 -21 -2 0 0 0 0 0 1 -11 1 -4 2 N N N N 346 143 4 -18 -18
1 10017 -135 -6 -4 6 0 0 0 0 -1 -4 2 5 1 44 101 103 551 472 193 6 -23 -23
1 5409 -71 -19 0 2 0 0 0 0 2 -10 0 -21 -8 N N N N 385 163 7 -21 -21
1 5375 -62 -19 -1 -12 0 0 0 0 0 -8 1 -6 -2 46 101 101 551 52 2 -10 2 2
1 5166 -75 -39 4 -1 0 0 0 0 5 -20 -3 -5 -1 N N N N -26 8 10 -3 -3
1 5004 -60 -40 6 -2 0 0 0 0 4 -20 1 7 10 46 97 103 551 252 77 -12 -7 -7
1 7169 -86 -66 -13 4 0 0 0 0 9 -33 11 26 13 N N N N -322 -93 19 8 8
1 5191 -57 -31 19 -9 0 0 0 0 9 -13 -7 12 5 43 100 106 551 390 109 -25 -8 -8
1 4967 -60 -9 -8 10 0 0 0 0 1 -6 6 -16 -5 N N N N -143 -25 18 -1 -1
1 5661 -75 -17 -15 -4 0 0 0 0 3 -7 8 43 24 44 99 105 550 228 97 4 -12 -12
1 5069 -69 3 14 7 0 0 0 0 1 1 -6 -8 -5 N N N N 104 -9 -28 6 6
1 5925 -66 9 -2 -3 0 0 0 0 -3 4 0 -10 0 46 98 106 550 -16 28 20 -7 -7
1 4680 -58 19 5 -1 0 0 0 0 -3 9 -5 11 1 N N N N 286 93 -11 -8 -8
1 5191 -86 14 -11 3 0 0 0 0 -4 6 4 -26 -5 45 100 106 550 111 53 6 -7 -7
1 5098 -63 -4 -1 1 0 0 0 0 0 -2 1 38 15 N N N N -143 -41 9 3 3
1 5937 -81 -10 -4 1 0 0 0 0 2 -5 3 -1 2 46 99 106 550 284 70 -24 -4 -4
1 4677 -57 -8 4 -3 0 0 0 0 2 -3 -2 3 0 N N N N -121 -32 9 2 2
1 5805 -84 15 14 2 0 0 0 0 -1 7 -6 3 3 44 97 107 550 162 35 -17 -1 -1
1 5090 -61 1 -9 4 0 0 0 0 -2 0 5 -5 -2 N N N N -49 31 29 -9 -9
1 5189 -62 -8 -1 -5 0 0 0 0 2 -3 0 -3 -1 47 104 106 550 299 88 -16 -7 -7
1 4970 -77 11 -2 0 0 0 0 0 -3 5 0 -36 -15 N N N N -66 -5 12 -2 -2
1 5000 -75 -6 5 0 0 0 0 0 2 -3 -3 17 5 48 96 105 550 139 48 -3 -5 -5
1 5067 -72 5 -8 2 0 0 0 0 -2 2 4 13 8 N N N N -82 -13 10 0 0
1 5192 -61 1 11 -4 0 0 0 0 1 1 -4 4 5 46 103 104 550 -35 -14 0 1 1
1 4959 -67 -4 -7 10 0 0 0 0 0 -3 5 0 -1 N N N N 258 96 -3 -10 -10
1 5055 -71 -3 1 -3 0 0 0 0 2 -1 -4 1 1 45 97 104 549 -13 -11 -3 2 2
1 5086 -80 -20 2 -4 0 0 0 0 3 -9 4 3 1 N N N N -38 7 13 -4 -4
1 5932 -81 -4 -6 0 0 0 0 0 1 -2 1 -4 0 43 97 106 549 139 49 -3 -5 -5
1 4673 -63 -5 0 1 0 0 0 0 1 -2 1 1 -1 N N N N 174 65 -2 -7 -7
1 5813 -82 -15 1 -1 0 0 0 0 3 -7 2 1 2 46 99 105 549 82 9 -13 2 2
1 5143 -71 -9 26 8 0 0 0 0 6 -5 -10 0 -2 N N N N -206 -62 10 5 5
1 5188 -79 -1 -19 -17 0 0 0 0 -2 2 5 -5 1 46 99 105 549 232 119 17 -17 -17
1 7990 -113 21 1 -21 2 -220 0 -3 -5 12 -7 0 0 N N N N -39 -59 -25 12 12
1 8225 -156 -19 3 -96 9 -1180 1 1 5 6 -26 2 2 48 101 110 549 -106 0 23 -5 -5
1 5243 -85 -17 0 1 0 0 0 0 4 -8 2 4 1 N N N N -418792 -163020 -9 -269981 -269981
1 5024 -89 -6 1 -5 0 0 0 0 2 -2 -2 6 2 46 100 105 549 419060 163107 -1 269973 269973
1 4965 -83 -22 -15 0 0 0 0 0 5 -11 5 0 0 N N N N 107 50 5 -7 -7
1 5575 -95 -75 5 -13 0 0 0 0 22 -30 2 -8 -3 45 101 105 549 -82 -39 -4 5 5
1 4682 -78 -63 3 5 0 0 0 0 24 -25 -3 0 -1 N N N N 205 63 -10 -5 -5
1 5197 -61 -88 -10 -15 0 0 0 0 32 -30 12 14 7 45 98 104 549 -137 -5 28 -5 -5
1 4959 -68 -27 15 25 0 0 0 0 14 -10 5 0 1 N N N N 102 38 -1 -4 -4
1 5008 -69 -49 -4 -17 0 0 0 0 20 -12 5 1 0 46 98 106 548 0 1 1 0 0
1 5165 -57 -42 -1 1 0 0 0 0 20 -11 3 -1 1 N N N N 177 61 -5 -6 -6
1 4984 -64 -42 -10 10 0 0 0 0 20 -11 14 -3 0 45 100 106 548 -7 2 3 -1 -1
1 5063 -60 -32 11 -7 0 0 0 0 16 -4 -2 8 0 N N N N 23 5 -2 0 0
1 5163 -58 -15 9 12 0 0 0 0 6 -4 10 0 2 46 99 105 548 49 28 5 -4 -4
1 5098 -58 -4 -1 11 0 0 0 0 2 -2 7 -6 0 N N N N -23 -11 -2 1 1
1 4988 -72 -11 6 0 0 0 0 0 6 -2 -1 2 0 48 98 106 548 13 -11 -9 3 3
1 5092 -60 -33 -9 -14 0 0 0 0 14 -3 6 2 0 N N N N 54 29 5 -4 -4
1 5838 -83 -34 -7 -1 0 0 0 0 20 -4 2 16 6 44 104 103 548 75 31 1 -4 -4
1 4678 -52 -51 9 -16 0 0 0 0 23 -2 5 1 -1 N N N N 24 1 -5 1 1
1 5169 -67 -38 -9 13 0 0 0 0 21 -2 14 -9 0 47 100 103 548 -91 -25 6 2 2
1 5124 -75 -39 17 0 0 0 0 0 15 -1 14 3 1 N N N N 175 65 -2 -7 -7
1 5209 -58 -21 -8 -8 0 0 0 0 13 1 -2 -1 0 46 101 104 548 -86 -21 7 1 1
1 4953 -69 -20 -11 19 0 0 0 0 11 1 16 2 -1 N N N N 96 30 -4 -3 -3
1 5058 -67 -35 2 -7 0 0 0 0 18 3 2 -3 2 45 98 106 548 87 25 -5 -2 -2
1 7155 -93 -18 26 13 0 0 0 0 3 2 16 -1 -2 N N N N -247 -90 4 10 10
1 5834 -99 -19 -11 -12 0 0 0 0 13 2 -6 -1 3 44 100 104 547 294 122 4 -15 -15
1 4677 -56 -11 -35 15 0 0 0 0 9 3 11 2 -1 N N N N -4 -5 -2 1 1
1 5165 -65 -23 14 -6 0 0 0 0 12 3 -2 9 4 46 98 107 547 -22 -17 -5 3 3
1 5056 -61 -29 8 -1 0 0 0 0 11 5 9 9 2 N N N N -10 -22 -10 4 4
1 7079 -95 -37 2 34 1 205 4 0 13 11 31 -9 -1 47 99 105 547 -41 8 13 -3 -3
1 8919 -123 14 -7 78 -1 1202 -4 2 -4 9 33 -12 -4 N N N N 89 34 0 -4 -4
1 5915 -87 21 4 23 0 0 0 0 -11 -1 9 3 2 44 99 104 547 162 36 -15 -1 -1
1 4663 -60 -19 -1 -14 0 0 0 0 10 2 -6 13 3 N N N N -43 10 15 -4 -4
1 5216 -71 8 39 9 0 0 0 0 -10 -1 7 -13 -2 45 103 105 547 38 -14 -16 4 4
1 4953 -80 5 -32 -13 0 0 0 0 3 -4 -10 4 1 N N N N -25 17 15 -4 -4
1 5067 -74 -4 0 5 0 0 0 0 -3 4 10 15 5 47 103 104 546 -20 -9 -1 1 1
1 4955 -72 9 -22 -24 0 0 0 0 11 -9 -35 0 0 N N N N 15 7 1 -1 -1
