version: 66.14
glider: 195
mission: 21
dive: 297
start: 6 22 105 16 45 6
columns: rec,elaps_tms,depth,heading,pitch,roll,AD_pitch,AD_roll,AD_vbd,GC_phase,mag.x,mag.y,mag.z,sbect.TempFreq,sbect.CondFreq,wlbb2fl.sig470nm,wlbb2fl.sig700nm,wlbb2fl.sig695nm,wlbb2fl.temp,aa4330.O2,aa4330.AirSat,aa4330.Temp,aa4330.CalPhase,aa4330.TCPhase,
data:
0 17184 23 1357 -439 -52 196 2117 497 6 -87 -274 174 173687 135903 44 2052 71 533 253531 97821 24740 29387 30793
1 9984 -12 9 -21 56 0 0 0 0 -27 17 6 -342 15 N N N N 1715 312 -192 0 0
1 10016 11 -114 -82 -18 0 0 0 0 71 -44 -28 -38 -5 43 94 74 533 -1384 -456 42 43 43
1 9984 -6 -148 91 130 0 0 0 0 11 -1 1 -231 -10 N N N N 678 190 -39 -13 -13
1 10016 11 173 -219 -123 0 0 0 0 16 7 9 414 -3 45 89 72 533 -1558 -309 161 4 4
1 9984 -13 110 191 50 0 0 0 0 -80 65 49 -201 3 N N N N 1239 298 -99 -15 -15
1 8717 -4 -111 34 -26 0 0 5 -4 27 -48 -35 -126 4 43 92 71 533 -3279 -687 320 18 18
1 10022 7 -140 -185 76 0 1 282 0 67 -25 -26 -23 -5 N N N N 2489 556 -225 -21 -21
1 10006 10 276 0 -245 -1 0 273 0 -34 4 7 -74 -2 41 88 71 533 -224 -7 44 -7 -7
1 9886 9 17 -1 127 0 -1 249 0 -6 54 54 150 -2 N N N N 163 25 -21 1 1
1 10105 35 -85 22 93 1 2 250 0 11 9 6 -87 -14 42 87 74 532 -3171 1052 1268 -350 -350
1 9986 32 -174 -31 -96 -1 0 245 0 43 -88 -103 -122 1 N N N N -3667 -467 553 -48 -48
1 10055 26 284 -65 -279 -2 0 270 0 -6 -6 -9 43 -3 42 87 73 532 548 378 89 -58 -58
1 9930 36 -378 33 440 -1 -2 260 0 32 30 40 -3 -1 N N N N -84 124 89 -29 -29
1 10062 78 251 -98 -342 -1 2 264 0 -9 -36 -56 -64 -7 44 92 76 532 105 122 45 -22 -22
1 15772 329 -226 50 200 676 0 202 -1 12 2 -4 -17 -9 N N N N 28 71 33 -13 -13
1 9659 269 40 367 27 1792 0 122 1 -108 14 35 -37 -9 45 90 75 532 -86 3 21 -4 -4
1 9252 161 18 143 -4 -2 0 441 1 -44 5 -14 20 3 N N N N -105 -9 18 -3 -3
1 15684 247 170 21 -144 2 -1406 44 1 -76 17 -38 -17 -8 41 90 74 532 90 54 10 -7 -7
1 10455 146 147 -3 24 0 0 0 0 -46 59 36 10 2 N N N N -16 5 7 -2 -2
1 10016 151 165 6 -20 0 0 0 0 -36 68 18 -5 1 43 88 75 532 -102 -40 0 4 4
1 10866 149 199 -2 0 0 0 0 0 -9 97 27 1 3 N N N N 103 47 3 -6 -6
1 10016 126 153 -11 15 0 0 0 0 18 81 13 -4 -5 41 96 75 531 -68 -24 3 3 3
1 10457 155 164 1 -1 0 0 0 0 39 75 2 20 11 N N N N 41 14 -2 -2 -2
1 10249 153 154 -1 -1 0 0 0 0 55 59 -6 5 1 44 88 75 531 -69 -34 -3 5 5
1 10455 158 173 11 -23 0 0 0 0 73 43 -9 -10 -5 N N N N 32 15 1 -2 -2
1 11900 168 191 0 8 0 0 0 0 95 32 -31 -19 -11 45 88 74 531 -16 3 5 -1 -1
1 10450 141 151 -4 2 0 0 0 0 78 0 -27 -1 -2 N N N N -17 -2 3 -1 -1
1 10539 132 164 -5 25 -2 241 4 0 80 -19 -43 35 14 43 89 73 531 -51 -19 1 2 2
1 9458 114 85 16 93 37 1152 -1 2 36 -14 -47 27 10 N N N N 48 12 -5 0 0
1 10845 131 68 12 8 0 0 0 0 26 -22 -8 13 7 44 91 72 531 -110 -61 -9 8 8
1 9985 116 27 -6 -10 0 0 0 0 11 -10 -3 -12 -4 N N N N 73 23 -4 -2 -2
1 10015 112 34 2 10 0 0 0 0 11 -13 -7 -19 -9 43 88 75 531 -76 -29 2 3 3
1 9986 139 20 1 -3 0 0 0 0 7 -8 0 18 5 N N N N -24 -5 2 0 0
1 10015 119 6 2 -4 0 0 0 0 2 -3 2 10 3 42 89 73 531 47 14 -3 -1 -1
1 9985 132 4 -6 4 0 0 0 0 2 -1 -4 -28 -8 N N N N -29 -15 -2 2 2
1 10014 126 20 4 -1 0 0 0 0 5 -9 1 43 15 44 91 73 531 7 4 1 0 0
1 9985 128 16 -2 -2 0 0 0 0 6 -7 0 -3 1 N N N N -62 -33 -4 4 4
1 10015 134 -12 7 -1 0 0 0 0 -4 5 4 53 20 42 90 76 531 -13 -11 -4 2 2
1 9986 134 -21 -4 -3 0 0 0 0 -7 9 -1 40 15 N N N N 42 0 -9 1 1
1 10014 136 -59 3 4 0 0 0 0 -20 24 6 151 48 43 105 78 531 -5 -20 -11 5 5
1 9986 128 -119 1 6 0 0 0 0 -47 41 12 176 23 N N N N -6 -70 -37 14 14
1 10014 138 -88 2 -1 0 0 0 0 -40 23 11 -70 -88 41 89 83 531 -225 -154 -36 23 23
1 9986 121 -27 4 -4 0 0 0 0 -13 6 7 -3 -128 N N N N -284 -112 0 13 13
1 10015 143 57 -6 -2 0 0 0 0 27 -14 -9 -79 -69 41 86 87 531 -466 -180 4 19 19
1 9984 109 66 -3 -3 0 0 0 0 30 -18 -7 -103 -105 N N N N -691 -247 17 24 24
1 10015 121 83 2 -4 0 0 0 0 33 -28 -9 -24 -15 41 86 89 530 -733 -263 17 26 26
1 19985 228 208 0 4 0 0 0 0 62 -88 -21 259 82 N N N N -804 -313 5 34 34
1 20016 249 211 0 -1 0 0 0 0 27 -107 -8 1069 430 44 86 87 531 -547 -515 -168 88 88
1 19984 226 -3448 0 4 0 0 0 0 -7 -79 1 525 248 N N N N 770 -124 -246 58 58
1 20016 226 51 2 -1 0 0 0 0 -7 -26 2 117 50 41 84 93 530 409 -38 -114 25 25
1 19984 231 42 2 1 0 0 0 0 -8 -21 5 20 11 N N N N -292 -169 -30 25 25
1 20015 237 59 2 3 0 0 0 0 -13 -28 3 -18 -10 41 84 93 530 -422 -200 -18 26 26
1 27808 343 -127 0 127 -9 1406 1 -2 25 66 11 358 78 N N N N -578 -309 -46 43 43
1 20017 247 3275 -2 -7 0 0 0 0 -4 164 -37 369 94 41 84 94 530 -368 -347 -116 61 61
1 20453 250 -295 -1 -2 0 0 0 0 -85 130 -1 162 63 N N N N -231 -206 -66 35 35
1 20016 239 -275 -1 2 0 0 0 0 -126 72 21 18 7 41 85 90 530 -83 -87 -30 16 16
1 21692 244 -241 19 -121 34 -1435 0 2 -128 -4 97 52 20 N N N N -53 -48 -16 8 8
1 20015 210 -95 10 -2 0 0 0 0 -50 -13 12 60 22 41 82 84 530 100 13 -15 2 2
1 19984 195 -1 1 -1 0 0 0 0 -1 0 0 32 11 N N N N -29 -39 -16 7 7
1 20015 188 19 -7 5 0 0 0 0 11 4 -2 3 0 41 81 80 530 -148 -74 -9 10 10
1 19985 202 86 3 -3 0 0 0 0 43 10 -11 56 -9 N N N N -168 -76 -6 10 10
1 20015 201 -4 3 0 0 0 0 0 -2 -1 1 70 -26 41 80 79 530 -1326 -544 -12 65 65
1 19986 180 -250 -2 3 0 0 0 0 -121 -47 27 327 61 N N N N -3813 -1580 -46 194 194
1 20014 189 -235 -2 -4 0 0 0 0 -85 -86 22 149 18 41 81 78 530 -4496 -1908 -82 244 244
1 19985 182 171 -3 8 0 0 0 0 59 68 -17 105 -88 N N N N -2463 -1010 -25 129 129
1 20015 175 277 18 -4 0 0 0 0 125 62 -31 1041 282 40 75 77 530 -5335 -2363 -166 327 327
1 19986 187 260 -10 -1 0 0 0 0 139 1 -31 1203 411 N N N N -6321 -2918 -282 434 433
1 20015 193 295 0 -1 0 0 0 0 137 -71 -32 1855 527 39 77 75 530 -7378 -3329 -300 511 512
1 19986 176 196 6 -1 0 0 0 0 64 -80 -13 1257 421 N N N N -6340 -3173 -489 549 549
1 20013 182 -2 11 1 0 0 0 0 -1 1 6 838 286 40 76 75 530 -3629 -1842 -312 336 336
1 19986 186 -99 5 0 0 0 0 0 -30 43 9 172 108 N N N N -2596 -1273 -199 232 233
1 20014 199 -179 1 -5 0 0 0 0 -70 63 16 511 177 40 78 72 530 -1837 -859 -114 157 156
1 19987 216 -83 -4 -2 0 1 1 0 -38 21 8 1005 307 N N N N -1917 -979 -182 190 190
1 20013 200 50 14 7 0 0 0 0 22 -11 -5 581 208 38 79 66 530 -1664 -974 -251 206 206
1 19986 198 106 -2 -7 0 0 0 0 47 -33 -6 2274 656 N N N N -1053 -806 -299 191 191
1 20014 208 112 11 4 0 0 0 0 41 -42 -6 1463 519 40 73 59 530 -2503 -1629 -515 375 375
1 19985 188 231 -3 5 0 0 0 0 53 -109 -9 873 316 N N N N -4709 -2186 -337 441 441
1 20016 185 -3455 -7 7 0 0 0 0 8 -75 -7 3088 928 39 77 56 530 -5115 -2413 -416 513 513
1 19984 179 3450 5 -16 0 0 0 0 -8 77 5 2609 893 N N N N -5441 -2805 -665 657 657
1 20015 149 -254 -12 2 0 0 0 0 -62 118 6 3391 889 40 72 54 530 -6893 -3267 -662 775 775
1 19986 128 -160 4 -1 0 0 0 0 -65 55 16 1715 606 N N N N -5817 -2841 -680 726 726
1 20015 118 -139 -7 -1 0 0 0 0 -66 32 12 1362 441 37 74 55 530 -2775 -1522 -492 429 429
1 19985 120 -132 18 8 0 0 0 0 -71 16 12 1121 468 N N N N -2136 -1151 -373 331 331
1 20015 128 -124 7 -6 0 0 0 0 -68 0 13 837 312 39 71 52 530 -6308 -2454 -263 606 606
1 19985 147 -84 5 5 0 0 0 0 -45 -8 6 835 287 N N N N -6182 -2344 -221 595 595
1 20014 132 18 -5 -2 0 0 0 0 10 2 -2 370 170 36 71 50 530 -4793 -1847 -215 494 494
1 19985 136 112 -7 1 0 0 0 0 61 8 -8 670 204 N N N N -3595 -1361 -145 371 371
1 20017 146 135 2 2 0 -1 0 0 72 -6 -14 220 107 39 74 50 531 -2353 -912 -122 258 258
1 19983 136 195 2 1 0 0 0 0 97 -38 -16 269 97 N N N N -1386 -534 -70 153 153
1 20015 152 188 9 -3 0 0 0 0 75 -65 -8 912 245 37 70 50 531 -1115 -507 -144 164 164
1 19986 169 166 -4 5 0 0 0 0 47 -74 -10 1251 360 N N N N -805 -481 -233 177 177
1 20015 123 169 5 -4 0 0 0 0 21 -86 -1 1145 380 37 70 49 531 -1651 -758 -229 251 251
1 19984 135 -3455 -5 4 0 0 0 0 -3 -76 -1 1734 528 N N N N -1877 -989 -414 357 357
1 20015 120 151 1 -7 0 0 0 0 -26 -76 2 498 214 37 69 48 531 -2552 -1029 -215 330 330
1 19985 125 239 -2 8 0 0 0 0 -79 -98 14 1318 359 N N N N -1545 -683 -205 235 235
1 20015 115 285 -4 -3 0 0 0 0 -137 -67 18 1063 342 39 75 47 531 -1059 -588 -289 229 229
1 19985 130 268 -1 0 0 0 0 0 -143 3 23 813 284 N N N N -1302 -617 -231 227 227
1 20016 115 260 -2 -4 0 0 0 0 -121 61 20 1150 327 39 71 48 532 -1157 -532 -192 195 195
1 19985 107 215 6 0 0 0 0 0 -73 84 10 1309 403 N N N N -1255 -598 -237 226 226
1 20015 117 94 4 -1 0 0 0 0 -21 44 2 1234 413 38 70 47 532 -1399 -661 -265 252 252
1 19986 105 -43 -3 -2 0 0 0 0 9 -21 -2 677 295 N N N N -1856 -784 -243 287 287
1 20014 125 -94 0 5 0 0 0 0 23 -41 -3 1037 332 36 70 47 532 -1711 -682 -178 245 245
1 25808 170 30 -93 -118 -116 -1338 1 -2 17 -19 4 416 192 N N N N -2704 -1034 -236 369 369
1 20016 149 252 -1 2 0 0 0 0 -36 117 39 1349 436 38 73 45 533 -2613 -986 -221 356 356
1 20866 159 253 -1 -3 0 0 0 0 18 125 22 960 323 N N N N -3169 -1172 -252 429 429
1 20015 153 214 -5 1 0 0 0 0 59 95 4 1474 374 38 68 44 533 -2747 -1023 -239 385 385
1 20927 145 108 2 2 0 0 0 0 40 40 -6 664 265 N N N N -2464 -885 -179 333 333
1 20016 138 71 7 -2 0 0 0 0 29 22 -6 1229 353 38 69 46 533 -2042 -726 -144 275 275
1 20864 148 164 -5 -4 0 0 0 0 78 36 -16 707 248 N N N N -2394 -905 -260 365 365
1 20016 139 123 -4 6 0 0 0 0 64 15 -20 624 202 37 69 44 533 -2534 -868 -147 334 334
1 20458 156 136 7 1 0 0 0 0 69 -1 -22 637 200 N N N N -3054 -1011 -129 386 386
1 22778 159 173 40 126 82 1381 0 2 80 -8 -79 761 233 37 69 43 534 -3888 -1282 -171 502 502
1 20809 110 45 25 -12 0 0 0 0 18 -14 10 304 102 N N N N -1011 -353 -82 147 147
1 20015 125 -56 9 2 0 0 0 0 -27 15 7 32 21 37 68 45 534 -328 -140 -71 67 67
1 19983 112 -59 3 -4 0 0 0 0 -30 12 6 504 115 N N N N -4646 -1453 -91 567 567
1 20017 120 -70 0 -1 0 0 0 0 -35 12 8 245 75 36 68 46 534 -4278 -1321 -61 527 527
1 19985 126 -118 -1 2 0 0 0 0 -63 9 10 52 36 N N N N -3114 -954 -34 388 388
1 20016 121 -103 1 -1 0 0 0 0 -55 -4 11 136 43 39 73 41 535 -2447 -768 -67 325 325
1 19983 134 -72 1 -2 0 0 0 0 -38 -7 8 123 40 N N N N -2640 -808 -32 341 341
1 20017 134 -102 -1 0 0 0 0 0 -51 -18 9 376 82 37 68 41 535 -1894 -580 -26 248 248
1 19985 128 -108 5 1 0 0 0 0 -51 -28 6 1398 325 N N N N -1474 -500 -134 237 237
1 20015 138 -148 1 2 0 0 0 0 -58 -51 9 707 232 36 69 43 536 -685 -290 -202 162 162
1 19984 134 -169 -4 -3 0 0 0 0 -47 -74 9 387 141 N N N N -1526 -514 -144 248 248
1 20015 142 -175 -1 3 0 0 0 0 -23 -85 5 277 104 38 70 39 536 -1202 -404 -117 197 197
1 19984 128 -168 -2 0 0 0 0 0 3 -86 -3 106 59 N N N N -468 -165 -66 84 84
1 20016 140 -163 6 1 0 0 0 0 26 -78 -7 139 42 38 70 40 537 -191 -72 -39 39 39
1 19985 138 -152 -4 -4 0 0 0 0 47 -65 -8 100 38 N N N N -371 -121 -28 58 58
1 26426 170 -144 -15 -115 1 -1376 1 -2 60 -67 -60 231 47 38 67 42 537 -1295 -401 -50 186 186
1 20512 141 177 8 3 0 0 0 0 -70 58 25 252 98 N N N N -1760 -537 -48 249 249
1 20016 139 227 -2 4 0 0 0 0 -54 98 33 233 63 41 80 39 538 -1002 -325 -82 161 161
1 20457 132 224 0 -3 0 0 0 0 -10 110 26 156 95 N N N N -900 -285 -54 139 139
1 20486 130 179 0 -1 0 0 0 0 25 87 14 570 108 37 69 43 538 -434 -152 -71 81 81
1 20456 124 181 3 5 0 0 0 0 52 79 5 -81 83 N N N N -840 -267 -59 133 133
1 20016 137 215 -7 -2 0 0 0 0 92 68 -2 618 101 38 67 43 538 -554 -192 -84 102 102
1 20807 127 227 7 -2 0 0 0 0 114 36 -17 380 80 N N N N -656 -211 -56 107 107
1 20016 128 239 -6 -2 0 0 0 0 127 -10 -25 853 255 40 70 39 539 -285 -121 -112 76 76
1 25161 184 259 -59 121 -81 1369 0 2 120 -50 -103 537 142 N N N N 1578 415 -125 -171 -171
1 20015 135 147 5 -3 0 0 0 0 47 -61 -11 93 74 38 66 44 539 1803 512 -32 -229 -229
1 19984 150 15 5 1 0 0 0 0 4 -6 -2 220 62 N N N N 1602 456 -20 -203 -203
1 80000 596 -284 -2 -2 0 0 0 0 -101 107 31 970 316 N N N N 9556 2699 -164 -1145 -1145
1 80000 625 289 -6 -2 0 0 0 0 102 -110 -32 701 233 N N N N 4803 1297 -188 -505 -505
1 79999 642 89 5 2 0 0 0 0 19 -43 -4 659 164 N N N N 2488 656 -123 -244 -244
1 80001 638 -223 5 0 0 0 0 0 -59 101 20 969 272 N N N N 5899 1586 -199 -591 -591
1 87308 626 -544 41 2 46 1 -1 0 -264 97 72 606 185 36 70 42 543 1821 426 -174 -131 -131
1 79983 564 -274 6 -2 0 0 0 0 -138 -47 27 393 106 N N N N 1845 480 -81 -168 -168
1 80000 571 -503 -2 2 0 0 0 0 -139 -211 26 530 157 N N N N -984 -345 -120 155 155
1 80000 561 -462 4 -3 0 0 0 0 62 -223 -18 134 56 N N N N -2712 -790 -44 314 314
1 80001 547 -594 -1 0 0 0 0 0 282 -109 -56 112 22 N N N N -260 -87 -27 39 39
1 86472 592 2748 -15 113 -9 1380 -1 -2 271 320 -59 58 36 N N N N 2915 806 -32 -306 -306
1 84707 563 -913 15 -112 37 -1385 0 2 -339 271 79 292 61 N N N N -598 -188 -34 79 79
1 79998 487 -659 22 2 0 0 0 0 -268 -199 40 234 63 N N N N 1261 331 -44 -119 -119
1 80015 501 -720 1 -1 0 0 0 0 101 -332 -19 143 37 36 71 42 548 514 128 -32 -42 -42
1 79985 509 -649 2 1 0 0 0 0 331 -29 -53 -24 -10 N N N N -1211 -343 -3 131 131
1 80002 505 2819 -3 -3 0 0 0 0 161 348 -22 119 26 N N N N -3903 -1109 -22 436 436
1 87999 590 -830 -76 7 -83 1 -2 0 -335 210 58 88 30 N N N N 114 22 -20 -5 -5
1 80000 629 0 -4 -3 0 0 0 0 1 -1 2 326 89 N N N N -111 -49 -34 26 26
1 79999 629 -2 -1 1 0 0 0 0 -1 1 1 250 76 N N N N 1806 481 -49 -179 -179
1 80000 625 229 1 -5 0 0 0 0 118 -4 -35 169 48 N N N N -2180 -629 -34 253 253
1 80000 586 317 -2 7 0 0 0 0 145 -78 -44 128 41 N N N N -1508 -435 -26 177 177
1 86958 551 -495 46 -4 38 7 -2 0 -245 85 71 323 95 38 68 41 551 3870 1042 -78 -395 -395
1 79984 508 -133 8 2 0 0 0 0 -71 -13 13 133 36 N N N N 2122 576 -32 -217 -217
1 79999 527 -239 3 -3 0 0 0 0 -110 -62 22 17 1 N N N N -2232 -628 -9 245 245
1 80000 571 -451 -1 1 0 0 0 0 -106 -202 20 228 59 N N N N -6867 -1934 -34 775 775
1 80001 571 -540 1 -6 0 0 0 0 107 -248 -26 383 110 N N N N 1062 264 -65 -95 -95
1 84767 673 660 -18 -107 0 -1378 -2 -2 -91 276 44 151 49 N N N N 4075 1114 -42 -435 -435
1 80000 679 973 -2 4 0 0 0 0 414 211 -56 282 81 N N N N 575 134 -50 -44 -44
1 84763 671 421 43 103 27 1374 -2 2 157 -131 -68 66 17 N N N N 271 68 -15 -23 -23
1 80016 659 -687 -7 0 0 0 0 0 -302 168 54 197 55 39 74 42 553 -2808 -800 -38 323 323
1 79986 678 -788 1 2 0 0 0 0 -287 -257 43 234 56 N N N N -5499 -1541 -31 630 630
1 80000 657 -792 -1 -1 0 0 0 0 204 -320 -40 244 68 N N N N -5392 -1519 -51 645 645
1 87116 712 -956 -9 117 -9 1392 -2 -2 407 223 -58 162 61 N N N N -798 -241 -47 111 111
1 82563 671 2648 -1 -26 1 -207 1 -1 -263 364 -6 246 68 N N N N -1163 -339 -42 153 153
1 77438 687 -457 -44 -82 -70 -1190 -2 3 -218 -72 100 238 65 N N N N -2362 -668 -36 295 295
1 80000 697 82 -9 -1 0 0 0 0 38 23 -7 337 103 N N N N -5837 -1636 -65 740 740
1 79999 669 238 4 1 0 0 0 0 116 39 -34 170 38 N N N N -2902 -808 -20 372 372
1 79999 635 33 2 -4 0 0 0 0 17 1 -3 390 117 N N N N -5089 -1428 -80 682 682
1 85411 629 598 14 2 25 2 -1 0 270 -131 -68 249 80 N N N N -4118 -1150 -61 565 565
1 80000 573 82 14 -2 0 0 0 0 21 -38 1 103 26 N N N N -1055 -296 -19 148 148
1 80000 582 -163 0 -1 0 0 0 0 -48 71 13 73 18 N N N N -475 -135 -18 69 69
1 80000 560 -82 0 1 0 0 0 0 -32 30 6 246 63 N N N N -4020 -1113 -37 562 562
1 80000 545 -379 -3 -3 0 0 0 0 -186 68 43 221 64 N N N N -1498 -420 -38 219 219
1 80000 565 -446 3 0 0 0 -3 0 -218 -77 47 280 82 N N N N -2599 -724 -55 382 382
1 80001 546 -364 2 2 0 0 0 0 -97 -159 18 231 65 N N N N -442 -130 -39 73 73
1 79998 551 -334 -2 0 0 0 0 0 14 -169 -6 240 77 N N N N -1447 -406 -54 220 220
1 80001 564 -360 -1 0 0 0 0 0 118 -142 -26 282 79 N N N N -1323 -371 -49 203 203
1 83592 607 695 -21 -112 0 -1371 -1 -2 -125 278 51 254 78 N N N N -2073 -575 -51 314 314
1 80289 601 919 0 5 0 0 0 0 369 243 -49 445 127 N N N N -2407 -668 -79 372 372
1 81826 603 610 17 112 -9 1378 -1 2 223 -190 -104 190 54 N N N N -1490 -412 -39 231 231
1 80001 598 -3446 3 -3 0 0 0 0 11 -81 -1 532 143 N N N N -1741 -484 -76 278 278
1 80000 604 3194 -6 1 0 0 0 0 -74 197 16 667 201 N N N N -1636 -460 -126 273 273
1 79999 611 -430 2 1 0 0 0 0 -200 101 47 118 48 N N N N -458 -129 -43 78 78
1 80001 620 -594 -3 -4 1 0 -1 0 -276 -119 65 514 151 N N N N -2092 -576 -91 338 338
1 79999 637 -539 4 -2 0 0 0 0 -53 -264 7 242 71 N N N N -1500 -409 -45 240 240
1 80000 637 -602 -3 0 0 0 0 0 220 -205 -53 338 97 N N N N -1931 -526 -64 313 313
1 80002 650 -503 4 5 0 0 0 0 256 52 -56 316 87 N N N N -788 -215 -43 131 131
1 84823 716 2753 -18 115 -11 1387 -1 -2 81 401 -55 767 228 N N N N -249 -79 -142 60 60
1 81115 705 -684 9 -116 0 -1390 -1 2 -316 130 114 258 84 N N N N 243 59 -62 -28 -28
1 80001 676 -113 4 2 0 0 0 0 -58 -17 12 437 120 N N N N 657 169 -72 -92 -92
1 80000 700 -401 -4 -2 0 0 0 0 -155 -135 38 78 32 N N N N 641 168 -30 -95 -95
1 79999 696 -365 3 -3 0 0 0 0 -36 -183 5 491 126 N N N N 351 87 -65 -44 -44
1 80001 703 -366 5 3 0 0 0 0 81 -166 -23 374 114 N N N N -304 -88 -79 59 59
1 83174 733 794 -26 -116 1 -1388 -1 -2 -23 342 50 325 105 N N N N -703 -193 -72 120 120
1 84319 727 922 11 129 24 1380 0 2 429 108 -148 401 108 N N N N -404 -113 -61 72 72
1 80799 601 361 32 -18 0 0 0 0 110 -152 -6 331 92 N N N N 773 199 -60 -110 -110
1 80000 591 -357 -6 1 0 0 0 0 -110 150 21 264 74 N N N N 247 61 -44 -31 -31
1 80002 565 -650 3 -3 0 0 0 0 -330 20 70 307 88 N N N N 584 148 -58 -80 -80
1 79998 556 -484 7 1 0 0 0 0 -157 -190 26 362 100 N N N N 142 32 -57 -12 -12
1 83592 580 682 -23 -108 0 -1382 -2 -2 260 199 7 240 76 N N N N 521 131 -60 -69 -69
1 81468 556 670 12 117 -5 1391 0 2 306 -112 -122 355 98 N N N N 984 252 -56 -139 -139
1 80000 546 280 3 -1 0 0 0 0 44 -140 -8 144 47 N N N N 570 146 -37 -78 -78
1 79999 537 -3123 -3 -5 0 0 0 0 -93 -228 14 228 58 N N N N 443 112 -35 -60 -60
1 80001 548 168 4 3 0 0 0 0 -74 -53 16 327 92 N N N N 850 216 -55 -116 -116
1 80001 555 -315 -1 -1 0 0 0 0 123 114 -23 262 73 N N N N 363 90 -41 -46 -46
1 85177 587 2768 -24 114 -11 1390 -1 -2 -79 397 -37 358 115 N N N N 16 -6 -78 12 12
1 81354 571 -625 16 -119 0 -1391 -1 2 -318 19 126 239 64 N N N N 896 228 -45 -123 -123
1 80000 571 -194 1 5 0 0 0 0 -84 -57 16 171 41 N N N N 514 131 -24 -70 -70
1 79999 593 -79 1 -1 0 0 0 0 -28 -31 6 551 146 N N N N 926 229 -83 -117 -117
1 79999 581 -165 3 -5 0 0 0 0 -45 -75 6 348 107 N N N N 2582 660 -70 -353 -353
1 80001 575 -284 0 5 0 0 0 0 -16 -143 4 171 50 N N N N 1139 290 -34 -153 -153
1 83646 657 641 -26 -110 0 -1378 0 -2 141 256 24 228 76 N N N N 791 196 -53 -98 -98
1 83472 662 901 9 113 -8 1384 -1 2 422 -47 -150 536 127 N N N N 1023 253 -63 -128 -128
1 79998 616 252 8 -8 0 0 0 0 49 -123 -7 251 82 N N N N 3596 917 -62 -474 -474
1 80000 624 -195 0 2 0 0 0 0 -33 97 8 125 37 N N N N 2273 581 -26 -297 -297
1 80001 622 -377 -3 1 0 0 0 0 -147 130 34 198 52 N N N N 1061 266 -33 -132 -132
1 80000 648 -513 -2 0 0 0 0 0 -263 -10 62 158 42 N N N N 2049 520 -32 -258 -258
1 85469 672 656 14 5 37 -6 -1 0 328 -26 -77 175 56 N N N N 1271 319 -36 -155 -155
1 80000 574 344 20 0 0 0 0 0 104 -147 -11 355 81 N N N N 2192 551 -47 -267 -267
1 80000 565 -2958 -5 3 0 0 0 0 -91 -310 13 381 107 N N N N 2081 516 -70 -243 -243
1 80000 577 699 2 -1 0 0 0 0 -354 -43 64 223 66 N N N N 2581 650 -43 -307 -307
1 80000 565 510 4 -3 0 0 0 0 -160 203 27 169 49 N N N N 429 100 -32 -43 -43
1 84062 624 903 -21 -114 0 -1379 -1 -2 247 325 18 210 80 N N N N 101 11 -52 2 2
1 85702 684 714 -45 108 -79 1379 0 2 331 -112 -145 192 35 N N N N 4094 1039 -22 -487 -487
1 80002 702 16 -7 3 0 0 0 0 5 -7 -5 145 32 N N N N -1428 -369 -16 176 176
1 79998 706 23 3 -1 0 0 0 0 5 -11 0 407 105 N N N N -984 -269 -58 135 135
1 80000 727 93 -3 4 0 0 0 0 18 -45 -9 384 102 N N N N -1572 -417 -56 206 206
1 80000 718 -3352 -4 1 0 0 0 0 11 -130 -5 213 64 N N N N -6333 -1626 -54 797 797
1 81650 634 3017 32 117 46 1397 -2 -2 -111 277 -1 246 67 N N N N -68 -32 -59 24 24
1 84001 652 -494 18 -121 0 -1393 0 2 -249 56 111 162 39 N N N N 448 108 -25 -50 -50
1 79999 623 114 1 6 0 0 0 0 60 7 -17 239 60 N N N N 671 160 -39 -73 -73
1 80000 627 -24 6 -2 0 0 0 0 -14 -1 4 328 85 N N N N 1230 298 -51 -139 -139
1 80000 630 -243 -5 -4 0 0 0 0 -124 -31 28 117 36 N N N N 950 234 -26 -110 -110
1 79999 610 -384 -1 -2 0 0 0 0 -144 -137 30 311 85 N N N N 1730 422 -54 -196 -196
1 81176 632 645 8 -108 32 -1388 -1 -2 278 143 -4 160 50 N N N N 1453 357 -35 -165 -165
1 81648 606 760 12 116 -4 1390 0 2 297 -204 -113 351 80 N N N N 3537 878 -45 -408 -408
1 80002 615 -3401 4 -3 0 0 0 0 5 -105 0 224 66 N N N N 6959 1738 -45 -788 -788
1 79998 603 2929 -7 -4 0 0 0 0 -155 297 29 226 63 N N N N 2494 612 -43 -266 -266
1 80000 618 -788 -1 1 0 0 0 0 -386 -68 73 59 15 N N N N 1123 277 -13 -120 -120
1 86119 705 548 -13 -116 0 -1390 -1 -2 265 79 7 125 36 N N N N 384 90 -19 -36 -36
1 82528 645 743 11 122 -9 1390 0 2 275 -219 -112 147 25 N N N N -2200 -561 -22 251 251
1 80000 664 -3153 9 -1 0 0 0 0 -55 -225 11 117 29 N N N N -164 -49 -20 24 24
1 79999 659 -294 -9 -5 0 0 0 0 58 144 -13 154 41 N N N N -862 -226 -27 106 106
1 80000 661 2873 -4 1 0 0 0 0 -191 304 40 86 22 N N N N 1611 396 -21 -173 -173
1 80001 649 -790 1 2 0 -1 0 0 -374 -113 73 203 45 N N N N 62 6 -25 1 1
1 79999 656 -801 0 -1 0 0 0 0 40 -378 -12 232 59 N N N N 325 68 -38 -24 -24
1 80000 653 -754 -4 -1 0 0 0 0 376 -41 -76 218 57 N N N N -155 -53 -38 29 29
1 80000 626 2857 5 0 0 0 0 0 139 341 -23 144 39 N N N N -818 -216 -29 101 101
1 85883 701 -794 -12 0 -10 -3 -1 0 -328 210 69 184 50 N N N N -901 -237 -34 110 110
1 79997 646 4 13 3 0 0 0 0 0 1 -2 124 28 N N N N 731 176 -18 -75 -75
1 80003 645 283 -3 2 0 0 0 0 149 -21 -31 184 46 N N N N 1710 414 -32 -178 -178
1 79997 647 387 1 -1 0 0 0 0 153 -132 -31 280 71 N N N N 1018 237 -43 -98 -98
1 80002 615 -3244 -1 0 0 0 0 0 35 -182 -8 145 44 N N N N 2734 669 -30 -286 -286
1 83883 668 3011 -24 117 -9 1395 0 -2 -114 279 -32 82 26 N N N N 796 189 -22 -78 -78
1 81707 627 -442 5 -119 -1 -1403 -1 2 -222 55 103 62 6 N N N N -25 -8 -5 5 5
1 79999 605 202 0 3 0 0 0 0 107 -6 -27 65 14 N N N N -317 -83 -10 37 37
1 80001 599 275 3 0 0 0 0 0 129 -65 -30 167 37 N N N N -287 -79 -20 37 37
1 80000 578 294 -3 -1 0 0 0 0 88 -127 -21 169 45 N N N N -1199 -311 -33 140 140
1 80000 576 -3406 -6 1 0 0 0 0 16 -101 -6 211 53 N N N N -620 -166 -30 77 77
1 78834 301 411 330 -80 201 -499 -301 -4 -111 -218 52 85 18 N N N N 1718 417 -23 -177 -177
1 105486 48 442 153 0 342 1 -415 0 -274 -82 -9 52 13 N N N N 594 141 -17 -58 -58
1 54439 -300 -86 -17 20 0 0 -235 0 54 1 20 -70 -3 N N N N 103 28 8 -13 -13
1 78887 -611 -662 -125 -91 10 -1356 -219 2 259 198 82 -227 -53 N N N N -598 -136 29 54 54
1 80428 -712 2652 5 126 0 1365 -1 2 -261 396 -50 -111 -32 N N N N -1857 -450 28 190 190
1 80808 -691 -449 -16 1 0 0 0 0 -216 -61 -72 -266 -66 N N N N 1633 423 43 -190 -190
1 80001 -699 -328 1 -3 0 0 0 0 -98 -134 -35 -60 -15 N N N N 399 105 16 -48 -48
1 79999 -701 -310 0 0 0 0 0 0 -11 -157 -10 -60 -11 N N N N 439 114 11 -51 -51
1 79999 -697 -288 4 -3 0 0 0 0 64 -133 9 -118 -25 N N N N 262 71 15 -33 -33
1 85469 -722 666 -23 126 -47 1375 -2 -2 -39 322 -13 -166 -39 N N N N -489 -111 25 44 44
1 80236 -639 868 2 -4 0 0 0 0 387 165 84 -291 -77 N N N N -2773 -673 46 284 284
1 84764 -676 179 -19 -114 5 -1380 0 2 85 -70 75 -177 -46 N N N N -390 -85 31 32 32
1 80001 -620 -397 4 0 0 0 0 0 -195 71 -47 -157 -41 N N N N -2295 -562 27 244 244
1 79998 -636 -477 1 0 0 0 0 0 -225 -94 -63 -136 -33 N N N N -858 -205 25 87 87
1 80000 -629 -585 -9 -3 0 0 0 0 -72 -279 -25 -180 -43 N N N N 395 109 28 -53 -53
1 83295 -698 600 25 112 0 1380 -1 -2 76 288 -19 -208 -54 N N N N 1009 265 35 -123 -123
1 83297 -686 914 -20 -120 0 -1387 0 2 438 -8 162 -196 -51 N N N N 318 93 36 -47 -47
1 79999 -614 -171 -1 10 0 0 0 0 -73 56 -20 -190 -49 N N N N -119 -16 35 2 2
1 80000 -634 -537 -7 -1 0 0 0 0 -274 9 -68 -69 -16 N N N N 481 124 11 -57 -57
1 79999 -615 -674 0 -6 0 0 0 0 -178 -278 -53 -174 -42 N N N N -1974 -484 29 210 210
1 80000 -618 -679 3 4 0 0 0 0 198 -271 32 -132 -34 N N N N 284 79 22 -38 -38
1 86588 -643 316 2 -3 0 -9 0 0 -133 98 -28 -158 -36 N N N N -499 -117 23 48 48
1 80000 -620 -524 -3 5 0 0 0 0 243 -118 53 -97 -27 N N N N 2725 694 23 -311 -311
1 80000 -575 -664 3 -4 0 0 0 0 282 180 78 -50 -12 N N N N 579 150 11 -67 -67
1 80000 -611 2916 -5 1 0 0 0 0 -69 332 0 -274 -64 N N N N -360 -77 38 27 27
1 80000 -583 -736 2 1 0 0 0 0 -365 46 -85 -317 -82 N N N N -2600 -638 44 275 275
1 83589 -625 501 22 112 0 1396 0 -2 253 40 9 -231 -74 N N N N -7013 -1749 54 785 785
1 83528 -585 198 -19 -111 0 -1387 0 2 96 -72 74 -153 -41 N N N N -3563 -890 29 412 412
1 79999 -578 -685 -3 -2 0 0 0 0 -342 35 -82 -319 -79 N N N N -1692 -414 44 190 190
1 80001 -585 -729 0 -1 0 0 0 0 -158 -314 -52 -183 -50 N N N N -1454 -359 33 167 167
1 79999 -571 -773 2 2 0 0 0 0 287 -247 56 -364 -94 N N N N -1612 -392 59 181 181
1 80357 -624 -838 7 -117 0 -1359 -50 -2 317 222 79 -131 -45 N N N N -1252 -309 30 146 146
1 78702 -608 2728 71 125 -1 1369 1 -2 -258 374 -41 -136 -36 N N N N -793 -194 27 92 92
1 81297 -601 -676 -83 -1 1 0 -18 4 -300 -132 -73 -280 -69 N N N N -780 -188 41 86 86
1 80001 -621 -579 -2 -2 0 0 0 0 -24 -285 -16 -142 -45 N N N N -1271 -314 35 151 151
1 79999 -616 -639 2 0 0 0 0 0 268 -178 54 -400 -100 N N N N 3975 1027 61 -513 -513
1 79999 -600 -612 -11 -1 0 0 0 0 280 145 67 -244 -63 N N N N 3637 937 39 -457 -457
1 83237 -659 2624 14 -120 0 -1375 -1 -2 -152 395 42 -219 -66 N N N N 94 38 46 -24 -24
1 80824 -616 -658 0 116 0 1365 0 2 -326 -24 -134 -121 -29 N N N N 1508 391 23 -189 -189
1 79999 -616 -643 -9 1 0 0 0 0 -83 -303 -30 -85 -19 N N N N 2359 607 14 -287 -287
1 80000 -595 -617 -1 -4 0 0 0 0 232 -208 40 -216 -49 N N N N 153 48 26 -25 -25
1 80000 -594 -705 -2 -1 0 0 0 0 328 138 81 -212 -64 N N N N -4548 -1149 47 534 534
1 83881 -654 2618 14 -114 0 -1364 0 -2 -153 398 43 -277 -75 N N N N 1585 418 43 -205 -205
1 80530 -578 -768 -12 116 0 1364 0 2 -363 -70 -141 -409 -104 N N N N -1989 -491 63 224 224
1 79998 -589 -682 -5 5 0 0 0 0 -10 -331 -17 -326 -98 N N N N -2751 -689 62 324 324
1 80000 -584 -706 0 -3 0 0 0 0 329 -134 65 -132 -43 N N N N -2278 -577 35 277 277
1 80002 -559 -761 4 -2 0 0 0 0 242 287 67 -100 -29 N N N N -1283 -324 20 158 158
1 78975 -580 2684 80 -10 0 0 -47 -4 -329 302 -58 -207 -52 N N N N -803 -200 30 96 96
1 81319 -569 -701 -84 16 0 -2 -19 4 -272 -199 -68 -149 -43 N N N N -2508 -639 30 317 317
1 80000 -571 -658 -5 -2 0 0 0 0 78 -313 4 -108 -26 N N N N -492 -123 18 61 61
1 80001 -555 -844 -2 -1 0 0 0 0 418 -12 84 -473 -118 N N N N -2163 -545 61 271 271
1 79999 -562 2850 1 0 0 0 0 0 74 360 35 -241 -81 N N N N -3049 -775 63 395 395
1 81941 -579 -933 -3 4 0 9 -112 0 -431 125 -84 -196 -53 N N N N -1177 -300 30 154 154
1 80000 -565 -872 -8 -1 0 0 0 0 -123 -389 -36 -216 -62 N N N N -903 -226 43 115 115
1 79999 -555 -929 -4 -3 0 0 0 0 431 -131 71 -230 -56 N N N N -613 -153 32 78 78
1 80001 -557 2637 5 1 0 0 0 0 98 439 40 -585 -158 N N N N -1646 -412 90 211 211
1 80000 -547 -913 -5 2 0 0 0 0 -439 59 -79 -223 -78 N N N N -2048 -524 60 278 278
1 76940 -551 208 33 111 0 1379 -65 -2 94 60 -43 -106 -33 N N N N -1104 -285 19 155 155
1 76415 -536 758 -38 -112 0 -1393 -61 2 364 -142 119 -447 -120 N N N N -1383 -351 68 187 187
1 79999 -566 94 5 -8 0 0 0 0 22 -46 5 -351 -103 N N N N -312 -72 75 32 32
1 80000 -563 -2644 5 -1 0 0 0 0 -211 -399 -60 -399 -113 N N N N -319 -75 64 34 34
1 79999 -561 1009 -2 2 0 0 0 0 -391 268 -55 -146 -50 N N N N -745 -190 40 103 103
1 80000 -555 1017 0 1 0 0 0 0 345 318 81 -155 -41 N N N N -507 -130 25 71 71
1 80001 -689 444 45 16 77 -1 -58 0 196 -105 42 -385 -103 N N N N -693 -175 58 93 93
1 79999 -727 -631 2 3 0 0 0 0 -303 103 -77 -359 -104 N N N N -1120 -288 61 157 157
1 80001 -767 -609 4 -4 0 0 0 0 -226 -202 -66 -366 -110 N N N N -576 -143 79 74 74
1 80000 -751 -433 0 -4 0 0 0 0 16 -217 -3 -397 -109 N N N N -787 -201 68 109 109
1 82882 -775 848 -11 105 -40 1394 -2 -2 116 387 1 -450 -125 N N N N -541 -136 73 71 71
1 83588 -770 906 -15 -103 5 -1393 -1 2 427 -106 144 -333 -104 N N N N -937 -241 74 134 134
1 79999 -733 -536 6 -3 0 0 0 0 -237 143 -48 -591 -163 N N N N 647 180 90 -114 -114
1 80000 -750 -696 -18 -1 0 0 0 0 -302 -166 -69 -581 -169 N N N N 761 212 112 -136 -136
1 80000 -743 -624 -1 0 0 0 0 0 25 -304 -4 -399 -111 N N N N -372 -93 58 49 49
1 80000 -748 -732 -4 -6 0 0 0 0 352 -112 63 -422 -128 N N N N -921 -238 86 130 130
1 84941 -814 2474 29 -107 8 -1353 1 -2 123 452 91 -880 -267 N N N N -578 -141 159 67 67
1 81176 -770 -836 -8 115 -1 1362 -1 2 -406 74 -130 -288 -87 N N N N 41 17 66 -16 -16
1 80001 -749 -660 0 6 0 0 0 0 -121 -298 -39 -409 -116 N N N N 1302 356 70 -217 -217
1 79998 -735 -612 -9 -7 0 0 0 0 207 -228 40 -496 -138 N N N N 2044 559 76 -333 -333
1 80001 -736 -731 3 -1 0 0 0 0 350 115 82 -207 -76 N N N N 1991 544 66 -320 -320
1 79999 -736 2899 0 8 0 0 0 0 -6 349 9 -535 -146 N N N N 697 199 80 -122 -122
1 84825 -784 -938 13 0 9 -1 1 0 -448 50 -103 -597 -177 N N N N 1391 391 109 -233 -233
1 79998 -719 -618 -8 1 0 0 0 0 -103 -286 -28 -318 -101 N N N N 761 216 71 -130 -130
1 80003 -718 -697 3 -7 0 0 0 0 250 -239 47 -336 -97 N N N N 1873 519 61 -296 -296
1 80000 -708 -634 2 -1 0 0 0 0 300 121 77 -372 -110 N N N N 3003 830 75 -465 -465
1 80000 -697 2984 3 2 0 0 0 0 25 309 18 -289 -85 N N N N 2858 790 55 -432 -432
1 84999 -774 -973 6 -7 8 0 0 0 -446 113 -106 -331 -98 N N N N 1774 497 65 -273 -273
1 80001 -699 -568 2 9 0 0 0 0 -136 -247 -45 -269 -75 N N N N 564 164 46 -92 -92
1 79998 -702 -524 -2 -6 0 0 0 0 118 -235 23 -273 -83 N N N N 2197 615 61 -329 -329
1 80002 -707 -406 -6 4 0 0 0 0 203 -63 51 -219 -62 N N N N 1566 439 41 -232 -232
1 80000 -679 -449 0 2 0 0 0 0 213 98 57 -84 -22 N N N N 3843 1060 17 -539 -539
1 83353 -751 2546 18 -126 2 -1360 0 -2 -97 434 46 -139 -37 N N N N 792 224 27 -116 -116
1 81822 -705 -653 -20 123 0 1358 0 2 -323 -3 -138 -415 -115 N N N N 2077 588 61 -299 -299
1 79999 -674 -469 8 4 0 0 0 0 -112 -208 -36 -339 -102 N N N N 6199 1730 78 -845 -845
1 80001 -659 -471 0 -3 0 0 0 0 78 -223 14 -230 -64 N N N N 3215 899 37 -426 -426
1 80000 -673 -606 1 -5 0 0 0 0 294 -92 68 -262 -76 N N N N 5364 1502 57 -692 -692
1 84531 -761 2502 8 -117 0 -1354 0 -2 183 419 99 -174 -53 N N N N 1317 378 36 -175 -175
1 81531 -740 -753 -11 125 0 1353 0 2 -351 155 -121 -226 -64 N N N N 183 66 40 -36 -36
1 79998 -721 -277 1 -2 0 0 0 0 -121 -77 -34 -321 -89 N N N N 1633 471 50 -216 -216
1 80001 -736 -407 -1 -6 0 0 0 0 -84 -188 -25 -238 -72 N N N N 4105 1162 56 -513 -513
1 79999 -730 -310 4 5 0 0 0 0 34 -154 3 -399 -110 N N N N 9868 2773 71 -1164 -1164
1 80000 -718 -389 -4 5 0 0 0 0 148 -135 34 -202 -60 N N N N 2784 797 46 -327 -327
1 88017 -738 317 -18 -8 -24 1 0 0 -127 103 -21 -346 -101 37 72 43 560 110 62 61 -36 -36
1 79983 -665 -525 -4 4 0 0 0 0 238 -129 47 -281 -82 N N N N -4362 -1190 53 468 468
1 79999 -658 -580 -11 -4 0 0 0 0 273 128 58 -164 -50 N N N N -1546 -413 39 161 161
1 80002 -669 2821 1 -1 0 0 0 0 -33 377 8 -320 -91 N N N N -347 -72 53 20 20
1 86764 -723 -928 4 2 -1 -1 -1 0 -447 -4 -90 -165 -51 N N N N 792 241 41 -107 -107
1 80000 -649 -480 -12 -2 0 0 0 0 -84 -225 -19 -116 -29 N N N N 2420 687 20 -282 -282
1 80001 -661 -835 10 0 0 0 0 0 293 -276 42 -238 -62 N N N N 2828 812 40 -332 -332
1 79999 -645 2555 6 0 0 0 0 0 317 363 81 -218 -66 N N N N 131 61 47 -33 -33
1 80014 -640 -940 -10 -3 0 0 0 0 -391 219 -72 -283 -78 36 83 43 559 -329 -66 51 16 16
1 86045 -689 675 16 -3 0 2 1 0 326 -97 66 -77 -21 N N N N 1618 469 28 -190 -190
1 80001 -615 -484 -16 9 0 0 0 0 -225 110 -47 -149 -37 N N N N 2993 855 24 -337 -337
1 79998 -634 -660 -1 -1 0 0 0 0 -287 -164 -62 -188 -52 N N N N 424 136 32 -59 -59
1 80001 -661 -953 3 -3 0 0 0 0 159 -410 14 -151 -40 N N N N -585 -148 31 52 52
1 79999 -692 -807 -3 -1 0 0 0 0 384 122 79 -201 -55 N N N N 1507 447 41 -180 -180
1 84349 -792 2406 35 25 9 10 -1 0 -269 456 -45 -133 -37 N N N N 564 173 26 -71 -71
1 80828 -748 -789 -27 -26 0 0 0 0 -301 -237 -58 -200 -49 N N N N -1804 -491 33 182 182
1 80017 -716 -239 0 -3 0 0 0 0 -1 -122 -7 -401 -101 38 74 42 558 -997 -251 58 85 85
1 79984 -715 585 -3 -2 0 0 0 0 92 273 34 -484 -137 N N N N 1682 532 101 -224 -224
1 80000 -697 661 9 1 0 0 0 0 328 58 70 -485 -129 N N N N 400 156 79 -75 -75
1 79999 -714 548 -11 3 0 0 1 0 187 -211 24 -746 -212 N N N N -1775 -421 155 131 131
1 80001 -669 -145 8 5 0 0 0 0 -29 73 1 -884 -255 N N N N -5436 -1461 177 540 540
1 79999 -660 -253 -1 -5 0 0 0 0 -88 99 -12 -954 -264 N N N N -3459 -909 170 334 334
1 80001 -668 -2880 -6 0 0 0 0 0 105 -339 3 -911 -272 N N N N -6346 -1744 182 690 690
1 24646 -199 37 -3 -118 0 -1369 0 -2 -8 -44 -33 -178 -70 N N N N -3093 -869 58 362 362
1 20015 -172 3288 12 2 0 0 0 0 21 154 49 -171 -49 37 70 43 558 -1375 -388 25 163 163
1 20456 -177 -340 10 1 0 0 0 0 -79 158 26 -627 -166 N N N N -1271 -348 48 144 144
1 20016 -176 -291 2 3 0 0 0 0 -130 87 -10 -789 -244 38 69 42 557 -2114 -551 159 216 216
1 21690 -180 -273 14 121 0 1358 0 2 -146 44 -90 -549 -165 N N N N -3334 -924 124 395 395
1 20017 -156 -133 -19 1 0 0 0 0 -65 -18 -14 -361 -106 39 76 42 558 -2363 -662 77 291 291
1 19984 -175 -147 -6 -6 0 0 0 0 -67 -37 -13 -531 -147 N N N N 4 41 114 -37 -37
1 20015 -161 -176 -10 0 0 0 0 0 -66 -63 -13 -470 -146 38 69 41 558 478 172 94 -96 -96
1 19984 -163 -187 2 -2 0 0 0 0 -45 -85 -11 -300 -97 N N N N -556 -134 84 48 48
1 20016 -154 -157 5 -1 0 0 0 0 -16 -79 -8 -206 -62 38 74 42 558 -127 -16 61 -3 -3
1 19984 -164 -162 -5 3 0 0 0 0 9 -82 0 -115 -40 N N N N 1114 342 41 -165 -165
1 20016 -150 -155 0 2 0 0 0 0 30 -74 3 -252 -70 42 120 41 557 1465 447 42 -212 -212
1 19985 -164 -191 1 1 0 0 0 0 63 -77 10 -189 -66 N N N N 1038 322 45 -155 -155
1 20015 -152 -195 2 -1 0 0 0 0 88 -54 15 -484 -132 38 71 45 557 -481 -112 79 38 38
1 19984 -164 -196 -4 -6 0 0 0 0 103 -24 18 -440 -105 N N N N -499 -123 69 44 44
1 20016 -152 -179 6 3 0 0 0 0 95 10 22 -885 -207 38 74 43 557 2378 739 90 -350 -350
1 19984 -145 -137 -3 5 0 0 0 0 70 27 16 -1176 -339 N N N N 2563 855 239 -422 -422
1 20016 -147 -168 -3 -8 0 0 0 0 73 52 14 -369 -143 39 75 42 557 758 286 148 -152 -152
1 19984 -136 -154 3 4 0 0 0 0 49 66 16 -433 -135 N N N N 803 280 96 -139 -139
1 20016 -147 -166 0 3 0 0 0 0 32 82 9 -84 -31 37 73 44 557 2037 643 76 -292 -292
1 18775 -143 3456 1 -18 2 -1 -36 -3 7 71 4 -338 -94 N N N N 4975 1517 48 -649 -649
1 24873 -178 -282 22 -105 7 -1363 -2 1 -51 108 32 -1100 -304 39 71 44 557 4059 1285 131 -551 -551
1 20453 -148 -251 -8 4 0 0 0 0 -92 96 -2 -576 -195 N N N N 2338 780 148 -341 -341
1 20458 -144 -235 5 27 1 214 1 -2 -117 58 -26 -701 -210 39 69 43 557 1804 634 172 -284 -284
1 23780 -161 -153 -14 95 -1 1153 -22 4 -79 25 -67 -1258 -361 N N N N 4183 1367 177 -563 -563
1 20015 -143 -63 -3 1 0 0 0 0 -33 -4 -7 -869 -278 39 69 46 557 3355 1157 234 -483 -483
1 19984 -147 -79 3 -7 0 0 0 0 -41 -11 -8 -621 -204 N N N N 2278 796 169 -328 -328
1 20015 -141 -75 6 3 0 0 0 0 -37 -16 -10 -1269 -345 38 72 46 557 2288 785 134 -313 -313
1 19985 -148 -138 -7 0 0 0 0 0 -60 -40 -10 -1612 -472 N N N N 2409 926 295 -391 -391
1 20016 -148 -219 -1 3 0 0 0 0 -72 -86 -20 -487 -205 39 73 46 557 3064 1127 275 -452 -452
1 19985 -147 -305 -6 -8 0 0 0 0 -37 -151 -9 -1642 -454 N N N N 2385 881 207 -346 -346
1 20015 -159 -292 2 2 0 0 0 0 45 -142 3 -723 -262 38 72 48 557 2715 1039 277 -408 -408
1 19985 -151 -235 -12 -3 0 0 0 0 86 -89 15 -1659 -473 N N N N 2174 844 228 -328 -328
1 20015 -147 -146 6 -4 0 0 0 0 68 -37 8 -1488 -441 39 71 46 557 2028 877 333 -357 -357
1 19984 -145 -1 3 -3 0 0 0 0 0 1 0 -799 -323 N N N N 2207 928 307 -362 -362
1 20015 -142 73 -3 6 0 0 0 0 -35 15 -5 -1257 -418 40 71 49 557 1826 766 243 -294 -294
1 19985 -131 32 -2 3 0 0 0 0 -15 9 -1 -1411 -463 N N N N 1994 855 279 -325 -325
1 20016 -151 -87 -2 -3 0 0 0 0 42 -21 7 -1892 -584 39 70 50 557 1556 811 401 -334 -334
1 19985 -120 -184 6 4 0 0 0 0 96 -22 18 -842 -320 N N N N 2204 972 320 -361 -361
1 20014 -130 -251 7 5 0 0 0 0 132 20 32 -601 -219 39 73 48 557 2013 807 179 -277 -277
1 19718 -123 -262 -11 -8 0 1 -26 -4 121 74 21 -1649 -463 N N N N 1606 745 265 -275 -275
1 20714 -147 -128 0 -137 1 -1367 -73 2 40 27 -31 -390 -202 39 80 50 557 2244 952 248 -326 -326
1 20791 -146 -215 -12 23 0 0 0 0 42 108 34 -586 -226 N N N N 1172 521 154 -181 -181
1 20041 -143 3325 9 -3 0 0 0 0 -19 137 37 -229 -111 37 71 51 556 884 406 129 -142 -142
1 20484 -162 -285 3 8 0 0 0 0 -88 124 13 -194 -83 N N N N 1230 476 74 -148 -148
1 20016 -153 -291 -3 0 0 0 0 0 -139 71 -11 -502 -147 39 69 50 556 1033 402 62 -125 -125
1 26748 -203 -343 10 113 0 1371 0 2 -182 12 -92 -541 -166 N N N N 1315 586 163 -195 -195
1 20019 -150 -151 -7 -2 0 0 0 0 -69 -39 -13 -767 -181 38 75 54 556 991 423 100 -137 -137
1 19983 -142 -253 1 -12 0 0 0 0 -88 -98 -17 -2745 -573 N N N N 964 553 257 -204 -204
1 20014 -136 -53 15 4 0 0 0 0 -13 -24 -9 -1523 -521 40 76 56 556 2105 1162 496 -415 -415
1 19984 -122 -56 -6 -1 0 0 0 0 -9 -27 -1 -2533 -678 N N N N 3190 1498 433 -480 -480
1 20018 -131 -20 -4 1 0 0 0 0 -3 -10 -1 -2019 -759 37 73 58 556 5226 2410 617 -733 -733
1 19982 -118 127 -18 7 0 0 0 0 26 61 14 -1487 -589 N N N N 5290 2383 520 -680 -680
1 20018 -128 136 0 1 0 0 0 0 41 57 11 -2353 -750 39 80 61 556 6080 2720 534 -733 -733
1 19984 -133 191 13 7 0 0 0 0 77 62 11 -1551 -553 N N N N 7524 3252 495 -808 -808
1 20014 -120 89 -4 -3 0 0 0 0 44 20 8 -740 -252 39 77 61 556 4954 2190 343 -524 -524
1 19984 -121 -81 -2 -4 0 0 0 0 -39 -18 -6 -1320 -257 N N N N 3350 1531 264 -361 -361
1 20020 -110 -46 -2 -3 0 0 0 0 -21 -13 -1 -618 -226 40 77 68 556 4295 1841 219 -402 -402
1 19983 -110 -12 7 -3 0 0 0 0 -6 -3 -4 -1669 -560 N N N N 2239 1240 343 -306 -306
1 20013 -106 7 0 2 0 0 0 0 3 2 1 -702 -377 39 77 65 556 2248 1220 314 -291 -291
1 19987 -106 32 -4 1 0 0 0 0 15 8 5 -680 -337 N N N N 2701 1331 257 -294 -294
1 20013 -119 99 -5 4 0 0 0 0 48 23 9 -493 -247 39 77 71 556 2754 1283 196 -268 -268
1 18713 -107 122 72 -4 80 1 -26 -4 53 17 5 -438 -204 N N N N 2652 1203 159 -241 -241
1 20086 -136 72 -22 1 1 0 -100 0 41 4 10 -488 -207 39 80 73 556 2786 1264 160 -248 -248
1 19852 -143 -126 -9 7 -1 1 -102 0 -65 -9 -18 -693 -230 N N N N 2991 1337 151 -253 -253
1 27175 -214 -208 16 118 1 1374 -19 2 -100 -41 -81 -1545 -440 40 79 77 555 3155 1497 220 -288 -288
1 21278 -155 190 9 -5 0 0 0 0 88 47 16 -1376 -453 N N N N 3416 1957 473 -405 -405
1 22722 -162 293 1 1 0 0 0 0 152 13 42 -687 -286 39 94 78 555 5417 2606 365 -471 -470
1 20780 -147 208 -42 -120 -49 -1388 0 2 110 -61 82 -555 -211 N N N N 4427 2014 203 -336 -337
1 20807 -140 106 -29 2 0 0 0 0 52 -34 -3 -739 -218 40 79 82 555 3981 1803 170 -292 -292
1 19985 -144 15 -2 3 0 0 0 0 7 -4 -1 -358 -62 N N N N 5995 2592 163 -391 -391
1 20016 -129 70 9 4 0 0 0 0 21 -28 7 64 78 42 85 82 555 5454 2241 65 -312 -312
1 19984 -126 89 8 -2 0 0 0 0 25 -40 5 -14 8 N N N N 4870 1983 44 -266 -266
1 20015 -131 33 -9 -2 0 0 0 0 9 -16 0 -20 -2 40 80 87 555 2603 1049 17 -137 -137
1 19986 -142 -37 -6 -3 0 0 0 0 -6 17 -3 -17 -2 N N N N 1503 619 17 -81 -81
1 20016 -146 -6 4 0 0 0 0 0 -2 3 0 -33 -3 39 85 87 555 1133 480 21 -64 -64
1 19983 -140 80 2 -6 0 0 0 0 17 -40 5 -107 -1 N N N N 862 356 11 -46 -46
1 20016 -130 139 5 8 0 0 0 0 17 -69 2 -61 -1 42 77 86 554 1482 650 40 -88 -88
1 19984 -125 -3422 0 -2 0 0 0 0 -4 -94 -4 -39 1 N N N N 1832 727 3 -89 -89
1 20015 -134 204 -7 -2 0 0 0 0 -39 -100 -15 -12 -6 41 82 85 554 1786 741 23 -94 -94
1 19985 -122 229 3 2 0 0 0 0 -87 -85 -18 -29 -2 N N N N 1616 645 5 -78 -78
1 20016 -140 201 -3 -1 0 0 0 0 -99 -44 -19 -10 -1 41 84 94 554 1072 432 6 -53 -53
1 19984 -106 190 1 1 0 0 0 0 -102 -9 -19 -16 -5 N N N N 656 268 5 -32 -32
1 20016 -134 194 4 -2 0 0 0 0 -102 25 -18 23 11 39 92 94 553 482 196 4 -24 -24
1 18681 -105 185 -4 -1 -1 0 -34 -4 -82 52 -12 -50 -9 N N N N 600 235 -1 -28 -28
1 20045 -131 190 -14 2 1 -1 -103 0 -63 75 -2 -79 -21 43 96 101 553 413 200 21 -27 -27
1 26024 -182 316 32 119 0 1390 -18 2 -40 162 -18 -40 -12 N N N N 615 285 25 -38 -38
1 20013 -138 254 -13 -2 0 0 0 0 35 125 -9 -84 -23 41 89 99 553 510 220 11 -28 -28
1 20869 -154 304 -9 -6 0 0 0 0 109 117 8 -346 -93 N N N N 124 171 71 -33 -33
1 20015 -148 275 3 5 0 0 0 0 138 50 12 -149 -31 42 88 101 552 -217 31 68 -16 -16
1 23745 -196 337 -2 -30 0 -187 1 -1 178 -31 49 -22 -14 N N N N 799 373 33 -49 -49
1 18768 -161 214 56 -84 96 -1199 -42 3 75 -87 74 16 5 43 86 105 552 521 210 2 -25 -25
1 20766 -190 119 -4 8 0 0 0 0 36 -50 4 -80 -27 N N N N 697 277 1 -31 -31
1 20015 -186 27 5 -2 0 0 0 0 6 -13 3 3 5 43 92 107 552 42 5 -7 0 0
1 19985 -181 -9 3 1 0 0 0 0 -4 4 1 -49 -16 N N N N -130 -26 15 1 1
1 20014 -196 -93 -5 6 0 0 0 0 -25 43 -9 -1085 -444 43 87 106 551 -83 163 112 -40 -40
1 19985 -184 -104 8 -2 0 0 0 0 -36 42 -8 -712 -266 N N N N -1160 55 298 -60 -60
1 20016 -182 -46 0 -2 0 0 0 0 -19 15 -4 53 14 40 89 100 551 331 286 89 -49 -49
1 19984 -203 -59 2 1 0 0 0 0 -26 18 -6 -106 177 N N N N 920 382 8 -44 -44
1 20017 -167 -12 -3 0 0 0 0 0 -4 4 -3 -47 56 44 92 94 550 1283 609 55 -79 -79
1 19984 -178 120 -7 -1 0 0 0 0 51 -39 13 -113 -11 N N N N 1110 510 37 -64 -64
1 10016 -77 70 6 -6 0 0 0 0 24 -29 9 -19 -5 43 94 87 550 287 130 9 -16 -16
1 9984 -93 58 -3 3 0 0 0 0 18 -24 3 -26 -11 N N N N 267 134 16 -17 -17
1 10016 -92 39 -4 -1 0 0 0 0 12 -18 2 -11 -4 45 95 88 550 177 91 11 -12 -12
1 9984 -79 40 -2 -3 0 0 0 0 11 -19 1 -19 -9 N N N N 282 119 3 -14 -14
1 10015 -92 43 1 6 0 0 0 0 9 -19 1 -19 -6 43 94 88 550 118 68 12 -10 -10
1 9985 -89 44 1 -3 0 0 0 0 6 -23 4 -16 -4 N N N N 182 75 1 -8 -8
1 10016 -86 43 -3 1 0 0 0 0 6 -22 -1 -12 -5 43 94 85 549 58 45 13 -8 -8
1 9984 -81 41 6 0 0 0 0 0 3 -21 3 -8 -3 N N N N 189 74 -1 -8 -8
1 10014 -85 26 -6 0 0 0 0 0 3 -14 -2 1 -1 42 93 87 549 24 12 1 -1 -1
1 9985 -92 8 -1 4 0 0 0 0 1 -3 -2 -14 -6 N N N N 284 129 8 -16 -16
1 10017 -89 12 -1 0 0 0 0 0 0 -6 0 -11 -3 44 92 85 549 44 18 1 -2 -2
1 9983 -85 25 5 -3 0 0 0 0 -1 -14 3 -15 -3 N N N N 50 29 5 -4 -4
1 10052 -90 -3594 -15 -92 -43 -1368 1 0 5 -29 -11 -9 -4 44 94 87 549 55 25 2 -3 -3
1 15302 -113 3517 -24 -26 0 -1 0 -2 4 38 -3 -2 0 N N N N 224 113 13 -15 -15
1 10605 -86 -116 9 2 0 0 0 0 -17 58 13 -1 -1 43 93 83 549 -184 -59 8 5 5
1 10453 -83 -138 6 8 0 0 0 0 -36 66 8 -4 -3 N N N N 129 60 5 -7 -7
1 10484 -87 -128 -6 -7 0 0 0 0 -43 50 1 0 2 43 94 84 548 74 35 3 -5 -5
1 10457 -95 -134 -1 -3 0 0 0 0 -58 42 -1 -2 1 N N N N -12 1 3 0 0
1 10488 -80 -138 0 12 0 0 0 0 -69 33 -13 -3 -1 43 93 83 548 -28 -8 2 0 0
1 13457 -122 -140 4 133 -1 1389 0 2 -75 41 -81 4 0 N N N N 223 90 0 -10 -10
1 10838 -90 -95 -3 -24 0 0 0 0 -50 -6 3 -1 0 42 95 87 548 -96 -40 -1 5 5
1 9982 -74 -66 -12 -2 0 0 0 0 -33 -7 -6 2 2 N N N N 190 76 0 -8 -8
1 10016 -78 -76 1 2 0 0 0 0 -39 -13 -6 -1 0 42 98 83 547 96 37 -1 -4 -4
1 9984 -86 -65 -2 5 0 0 0 0 -31 -13 -11 -3 1 N N N N -31 -8 2 0 0
1 10016 -88 -73 -8 -6 0 0 0 0 -32 -21 -1 -1 -2 45 100 82 547 -1 -1 0 0 0
1 9984 -79 -77 5 -5 0 0 0 0 -32 -25 -8 0 2 N N N N 40 18 2 -2 -2
1 10016 -82 -74 -6 2 0 0 0 0 -26 -28 -2 -2 -2 45 103 82 547 71 30 1 -3 -3
1 9984 -84 -59 3 -2 0 0 0 0 -20 -24 -4 -5 0 N N N N 34 15 0 -2 -2
1 10016 -80 -49 -3 1 0 0 0 0 -13 -21 -3 -2 -1 42 103 82 547 16 11 3 -2 -2
1 9984 -85 -32 -3 -3 0 0 0 0 -8 -15 0 1 1 N N N N 37 17 1 -2 -2
1 10016 -88 -15 0 2 0 0 0 0 -3 -7 0 -4 0 45 100 81 546 36 14 0 -1 -1
1 9984 -92 -3 6 5 0 0 0 0 -1 -1 -3 -4 0 N N N N 31 13 0 -2 -2
1 10016 -85 -2 -2 -8 0 0 0 0 -1 -1 1 -13 -4 44 95 78 546 38 21 3 -3 -3
1 9985 -80 22 -3 5 0 0 0 0 6 10 3 1 0 N N N N -43 -10 4 1 1
1 10015 -67 50 0 -6 0 0 0 0 13 22 3 2 0 43 93 81 546 190 76 0 -9 -9
1 9984 -95 76 6 -5 0 0 0 0 21 32 4 3 2 N N N N -161 -65 0 8 8
1 10017 -79 93 -2 5 0 0 0 0 35 35 7 2 1 43 94 78 546 122 50 0 -6 -6
1 9984 -76 86 7 4 0 0 0 0 35 27 5 0 2 N N N N 72 30 1 -3 -3
1 10015 -95 90 -7 -5 0 0 0 0 43 24 6 0 1 44 96 77 545 -71 -27 1 2 2
1 9984 -76 82 -1 -2 0 0 0 0 41 14 12 -3 -1 N N N N 124 47 -1 -4 -4
1 10015 -77 98 5 2 0 0 0 0 50 8 14 1 1 47 94 77 545 -172 -64 2 6 6
1 9985 -82 98 -1 -3 0 0 0 0 54 5 6 -6 -3 N N N N 179 71 0 -8 -8
1 10016 -93 98 3 5 0 0 0 0 52 -6 6 -10 -3 43 95 77 545 -5 1 2 0 0
1 9984 -78 81 -3 0 0 0 0 0 43 -12 6 -6 -4 N N N N -10 2 3 -1 -1
1 10016 -88 87 4 -1 0 0 0 0 41 -20 13 -24 -3 42 93 72 545 2 9 5 -2 -2
1 9985 -69 85 -13 -5 0 0 0 0 42 -25 3 -59 -14 N N N N 35 22 4 -3 -3
1 10015 -87 106 13 6 0 0 0 0 37 -38 11 10 -5 52 96 72 544 30 30 10 -5 -5
1 9985 -81 91 0 -3 0 0 0 0 34 -37 -3 -30 -5 N N N N -20 -1 4 0 0
1 10014 -88 72 5 0 0 0 0 0 14 -35 11 -30 -10 45 94 74 544 -45 -3 9 -2 -2
1 9985 -76 33 -10 -4 0 0 0 0 8 -17 0 -72 -19 N N N N 74 43 7 -6 -6
1 12731 -106 49 6 -127 9 -1413 1 -2 12 -57 8 -23 -15 43 94 70 544 22 39 17 -7 -7
1 11032 -77 -93 6 11 0 0 0 0 -26 43 21 -15 -8 N N N N -241 -82 8 7 7
1 10017 -80 -136 15 7 0 0 0 0 -42 62 6 -8 -2 43 92 73 544 22 25 9 -4 -4
1 11397 -97 -125 -11 11 0 0 0 0 -43 53 -12 -22 -9 N N N N 76 38 4 -5 -5
1 10485 -73 -101 44 -10 0 0 0 0 -69 10 31 2 0 44 93 69 543 -19 0 4 0 0
1 11632 -111 -138 -19 -10 0 0 0 0 -51 41 -34 -12 -6 N N N N 71 29 1 -4 -4
