version: 66.14
glider: 195
mission: 21
dive: 87
start: 4 25 105 2 23 22
columns: rec,elaps_tms,depth,heading,pitch,roll,AD_pitch,AD_roll,AD_vbd,GC_phase,mag.x,mag.y,mag.z,sbect.TempFreq,sbect.CondFreq,wlbb2fl.sig470nm,wlbb2fl.sig700nm,wlbb2fl.sig695nm,wlbb2fl.temp,aa4330.O2,aa4330.AirSat,aa4330.Temp,aa4330.CalPhase,aa4330.TCPhase,
data:
0 11688 35 1039 -557 127 177 2205 1418 6 -20 -320 114 179469 137608 -37 -63 67 535 256796 98038 24172 29468 30874
1 4946 -4 130 -81 -199 0 0 0 0 -22 -18 -43 -269 5 N N N N 292 98 -8 -10 -10
1 5169 10 -187 34 187 0 0 0 0 34 2 8 108 -1 71 140 62 535 -3718 -307 615 -80 -80
1 5051 1 -161 -40 16 0 0 0 0 48 -12 -65 22 0 N N N N 2671 248 -429 52 52
1 4941 0 33 -6 -23 0 0 0 0 -11 -1 2 -105 -2 121 -174 61 535 -1145 -255 101 10 10
1 5076 9 11 12 -53 0 0 0 0 9 -2 -16 104 0 N N N N -517 -126 40 7 7
1 5095 -10 181 29 -71 0 0 0 0 -55 4 44 -191 -3 31 120 66 535 -10 -53 -27 11 11
1 4937 -13 -99 119 148 0 0 0 0 19 13 38 28 2 N N N N 2660 567 -247 -18 -18
1 4898 3 68 -203 -129 0 0 0 0 -2 -15 -44 283 -4 44 -101 62 535 -776 -375 -43 50 50
1 5095 7 -220 39 240 0 0 0 0 40 11 17 -307 4 N N N N -793 388 379 -114 -114
1 4937 11 140 4 -167 0 0 0 0 -26 -8 -16 133 -4 29 174 64 535 2148 660 -91 -56 -56
1 4948 -7 141 46 -186 0 0 0 0 -29 -8 -24 -162 4 N N N N -1452 -983 -233 153 153
1 7160 -9 32 -10 93 -1 1 8 -4 -7 16 61 317 1 28 77 73 535 1010 239 -79 -12 -12
1 6613 -2 -284 -31 73 0 -1 163 0 58 -15 -101 -144 3 N N N N -2300 -353 288 -14 -14
1 6611 33 62 69 -9 -1 1 165 0 -2 4 38 -294 -7 20 25 68 534 -99 591 345 -131 -131
1 6588 27 231 -182 -30 0 -1 162 0 -35 19 79 -16 -4 N N N N -1435 -254 166 -2 -2
1 5929 12 123 -18 -41 1 1 147 0 -6 18 37 85 3 38 245 71 534 -80 6 20 -4 -4
1 6964 24 -26 12 -23 -1 -1 183 0 -11 -13 -24 440 -8 N N N N -353 -56 45 -2 -2
1 7180 17 205 19 -227 0 1 183 0 -13 -5 -11 -487 -4 34 -1 68 534 -128 -3 26 -5 -5
1 6606 20 -274 -96 228 0 0 168 0 40 -8 -24 183 2 N N N N -144 -12 24 -3 -3
1 6310 30 0 90 26 0 0 168 0 -15 6 17 -284 -10 3 205 65 535 -21 3 6 -1 -1
1 6592 83 171 26 -107 -3 -1 192 0 -24 13 29 2 -7 N N N N 83 50 9 -8 -8
1 12396 302 -319 -11 228 86 1 181 -1 39 -16 -40 -16 -5 45 102 69 534 -236 -71 12 6 6
1 6912 247 175 125 -127 1808 4 2 0 -52 8 20 2 -1 N N N N 38 17 1 -2 -2
1 7363 237 -10 269 66 516 1102 170 5 -60 14 6 -3 -2 46 95 72 534 -117 -42 2 4 4
1 10651 261 -107 61 106 -3 297 -1 -2 33 0 14 189 55 N N N N 92 -4 -22 5 5
1 5192 123 -22 13 17 0 0 0 0 8 0 2 -1 4 44 95 72 534 51 -6 -14 3 3
1 5090 120 -20 5 20 0 0 0 0 11 3 7 -64 -43 N N N N 12 -1 -3 1 1
1 4998 107 -22 -18 -55 0 0 0 0 11 -19 -31 -108 -15 44 94 68 534 -34 -10 1 1 1
1 4952 142 -20 10 -15 0 0 0 0 9 -4 -12 73 21 N N N N -58 6 16 -4 -4
1 4983 112 -49 12 35 0 0 0 0 23 2 7 37 16 46 98 73 534 -120 -39 4 4 4
1 4939 101 -6 1 -10 0 0 0 0 3 -2 -6 0 -3 N N N N 36 -9 -12 3 3
1 5083 106 -23 4 10 0 0 0 0 11 1 0 17 7 48 95 77 534 24 8 -1 -1 -1
1 4938 104 -30 -3 22 0 0 0 0 15 2 3 60 13 N N N N -61 -22 1 2 2
1 5016 104 -22 -1 6 0 0 0 0 11 1 -2 11 6 43 96 76 534 66 3 -12 2 2
1 5076 112 -1 -3 -22 0 0 0 0 1 -5 -11 -2 -4 N N N N -35 -20 -4 3 3
1 4982 89 -4 -10 2 0 0 0 0 3 1 0 114 38 47 94 77 534 119 32 -8 -2 -2
1 4940 110 12 -1 -19 0 0 0 0 -6 -3 -6 49 11 N N N N -142 -72 -9 10 10
1 5024 93 20 -1 -8 0 0 0 0 -10 -2 0 46 14 44 95 85 534 150 19 -22 2 2
1 4947 121 21 -7 1 0 0 0 0 -10 1 5 61 9 N N N N -65 -46 -11 7 7
1 5094 97 6 7 1 0 0 0 0 -4 1 2 29 7 45 96 88 534 -110 -71 -16 11 11
1 4931 120 9 -3 -3 0 0 0 0 -4 0 0 34 8 N N N N -38 -34 -11 6 6
1 5004 122 12 0 4 0 0 0 0 -5 2 7 31 8 45 94 90 534 1 -19 -10 4 4
1 5083 106 -7 4 2 0 0 0 0 2 -1 -3 9 2 N N N N -140 -75 -12 11 11
1 6578 151 13 -1 -3 0 0 0 0 -5 1 4 80 19 46 101 96 533 -154 -73 -7 9 9
1 5305 124 -11 3 4 0 0 0 0 4 -1 -2 20 8 N N N N -105 -70 -16 11 11
1 4875 97 22 -4 -11 0 0 0 0 -9 1 1 85 27 47 98 97 533 -62 -38 -9 6 6
1 5316 123 56 -5 -5 0 0 0 0 -27 5 10 203 68 N N N N -235 -131 -22 19 19
1 5908 141 90 -11 -11 0 0 0 0 -41 12 14 485 161 45 99 104 533 -212 -153 -39 24 24
1 5098 124 31 -1 10 0 0 0 0 -14 9 11 144 40 N N N N -264 -241 -77 42 42
1 5797 137 -40 13 23 0 0 0 0 15 -3 -1 42 12 44 99 111 534 -454 -307 -74 48 48
1 4673 124 -59 17 13 0 0 0 0 27 -7 -5 383 70 N N N N -595 -250 -12 31 31
1 5169 116 -58 7 -2 0 0 0 0 27 -9 -13 -31 -10 45 98 112 533 -882 -477 -76 69 69
1 5015 118 -46 1 -4 0 0 0 0 23 -5 -11 47 16 N N N N -1168 -498 -27 63 63
1 5159 107 -33 -4 -3 0 0 0 0 17 -2 -8 82 31 48 98 117 533 -1059 -428 -12 52 52
1 5089 111 -31 -4 -1 0 0 0 0 15 -1 -9 19 8 N N N N -689 -322 -32 43 43
1 4947 100 -34 2 1 0 0 0 0 17 0 -7 45 16 43 97 115 533 -845 -351 -15 44 44
1 4994 111 -31 -2 0 0 0 0 0 15 1 -9 28 13 N N N N -873 -366 -18 47 47
1 5836 124 -43 4 0 0 0 0 0 20 3 -10 38 16 43 92 117 533 -930 -377 -11 46 46
1 5010 107 -45 1 0 0 0 0 0 23 5 -9 10 5 N N N N -623 -265 -15 35 35
1 10816 234 -99 1 5 0 0 0 0 43 18 -24 83 32 45 92 117 533 -1559 -633 -20 79 79
1 10807 213 -119 3 1 0 0 0 0 49 30 -29 -48 -32 N N N N -903 -361 -8 46 46
1 10367 222 -84 -3 -4 0 0 0 0 29 27 -24 15 3 45 96 118 533 84 23 -5 -2 -2
1 10457 212 -105 6 -2 0 0 0 0 30 42 -22 210 69 N N N N -151 -71 -8 10 10
1 10663 209 -97 -8 2 0 0 0 0 18 42 -24 409 137 43 94 119 533 -810 -406 -55 59 59
1 10454 202 -1 -12 -16 0 0 0 0 -1 1 -8 1845 530 N N N N -2438 -1163 -136 169 169
1 10371 217 176 -12 -26 0 0 0 0 -43 -75 24 1233 366 43 88 117 533 -5564 -2817 -417 435 435
1 10747 222 139 15 3 0 0 0 0 -45 -47 39 1602 385 N N N N -6528 -2961 -302 448 448
1 10368 191 -44 27 19 0 0 0 0 19 16 7 3951 1158 37 75 80 533 -6826 -3650 -692 640 640
1 10868 141 -68 0 6 0 0 0 0 23 23 -14 1886 604 N N N N -10746 -4820 -556 819 820
1 10367 146 -68 -3 4 0 0 0 0 20 26 -15 1121 421 39 79 74 533 -9129 -4110 -533 756 755
1 10458 137 -77 3 2 0 0 0 0 19 33 -14 393 175 N N N N -7815 -3283 -322 613 613
1 12471 159 -51 1 -35 1 -228 5 0 10 26 -17 1014 297 39 74 72 533 -5785 -2487 -299 496 496
1 9598 110 -12 37 -94 46 -1212 -1 2 6 16 -2 742 238 N N N N -2503 -1111 -163 233 233
1 10828 105 -9 2 -4 0 0 0 0 2 5 1 1292 385 40 75 74 533 -3018 -1400 -251 310 310
1 9983 89 -33 -1 1 0 0 0 0 5 17 -2 148 105 N N N N -3722 -1608 -225 349 349
1 10016 95 -41 2 1 0 0 0 0 4 21 -2 309 119 38 74 73 533 -3856 -1511 -116 315 315
1 9984 95 -14 -5 0 0 0 0 0 1 7 -2 203 85 N N N N -3452 -1348 -104 287 287
1 10016 105 48 1 -6 0 0 0 0 -4 -24 2 274 107 41 78 70 533 -2549 -1002 -85 220 220
1 9984 115 43 3 -1 0 0 0 0 -7 -22 3 66 35 N N N N -2226 -875 -77 194 194
1 10017 102 44 3 3 0 0 0 0 -7 -22 6 744 207 42 78 74 533 -2178 -845 -67 189 189
1 9983 102 93 2 -3 0 0 0 0 -22 -44 7 1301 367 N N N N -1520 -722 -165 188 188
1 10016 87 68 -1 1 0 0 0 0 -21 -29 8 862 242 42 77 77 533 -2164 -976 -196 250 250
1 9984 91 18 3 3 0 0 0 0 -6 -7 4 495 172 N N N N -2258 -1028 -218 269 269
1 10016 83 -6 -2 0 0 0 0 0 2 2 -2 668 194 41 79 74 533 -3061 -1246 -168 312 312
1 9984 93 15 0 0 0 0 0 0 -5 -6 2 555 181 N N N N -3013 -1181 -128 294 294
1 10016 105 5 2 0 0 0 0 0 -2 -2 1 475 166 40 75 67 533 -2692 -1078 -142 278 278
1 9985 103 -58 5 3 0 0 0 0 19 24 -4 1178 309 N N N N -3153 -1242 -153 325 325
1 10015 92 -46 -3 1 0 0 0 0 14 20 -5 995 299 39 75 62 532 -2234 -974 -208 279 279
1 9985 101 57 4 -7 0 0 0 0 -16 -25 6 1486 460 N N N N -3111 -1311 -253 375 375
1 10015 86 134 4 2 0 0 0 0 -49 -51 17 2415 631 41 77 62 533 -4443 -1779 -283 509 509
1 9984 87 77 -4 -1 0 0 0 0 -33 -23 11 440 219 N N N N -4248 -1799 -398 553 553
1 10016 78 71 2 0 0 0 0 0 -33 -18 10 300 130 41 73 64 533 -4156 -1593 -223 475 475
1 9984 68 56 -1 2 0 0 0 0 -27 -11 10 420 144 N N N N -3814 -1402 -148 418 418
1 10016 74 27 0 0 0 0 0 0 -13 -5 5 284 117 39 77 61 533 -3408 -1247 -133 381 381
1 9984 78 18 0 1 0 0 0 0 -10 -2 3 163 77 N N N N -3207 -1143 -96 351 351
1 10016 60 8 4 -1 0 0 0 0 -4 -2 1 252 89 40 76 58 533 -2297 -816 -67 255 255
1 9984 65 -17 -4 2 0 0 0 0 9 3 -2 471 129 N N N N -1955 -713 -84 230 230
1 20016 128 -26 0 0 0 0 0 0 13 4 -5 1074 295 40 78 60 533 -3550 -1284 -146 423 423
1 19984 117 20 3 -3 0 0 0 0 -10 -3 4 594 215 N N N N -3427 -1295 -228 453 453
1 20016 110 -18 -3 2 0 0 0 0 9 3 -4 923 228 40 76 58 533 -2434 -920 -171 330 330
1 22455 124 -81 -7 124 -8 1445 2 -2 40 23 43 971 265 N N N N -3211 -1177 -187 423 423
1 20014 117 -61 -2 2 0 0 0 0 28 13 -13 401 158 40 75 59 534 -2208 -812 -140 299 299
1 20457 125 -12 -1 -3 0 0 0 0 5 3 -3 43 37 N N N N -2796 -989 -123 360 360
1 20015 146 133 -4 1 0 0 0 0 -62 -26 27 986 228 40 78 60 534 -2439 -846 -88 310 310
1 20453 146 272 0 -1 0 0 0 0 -139 -6 50 1862 502 N N N N -1670 -705 -268 302 302
1 20016 155 148 5 1 0 0 0 0 -75 24 21 518 233 40 76 54 534 -1569 -702 -329 317 317
1 20459 150 86 0 3 0 0 0 0 -40 23 9 267 116 N N N N -1699 -618 -127 249 249
1 25483 178 71 8 -128 -1 -1432 0 2 -32 -7 -46 343 123 38 76 52 534 -1299 -493 -136 206 206
1 19985 134 42 1 -3 0 0 0 0 -17 13 5 53 32 N N N N -332 -105 1 39 39
1 20014 127 44 0 3 0 0 0 0 -17 17 5 36 33 40 77 52 535 20 -7 -24 7 7
1 19984 128 26 0 -2 0 0 0 0 -9 9 4 42 11 N N N N 66 16 -8 -4 -4
1 20016 126 -4 1 3 0 0 0 0 1 -1 -1 58 15 41 73 51 535 200 45 -33 -10 -10
1 19984 131 66 -3 1 0 0 0 0 -21 27 7 744 177 N N N N -9 -28 -42 19 19
1 20016 117 73 2 -2 0 0 0 0 -20 32 6 376 113 41 74 49 535 -106 -104 -123 63 63
1 19986 116 5 -2 -1 0 0 0 0 -1 2 1 731 215 N N N N -292 -145 -91 72 72
1 20014 146 -84 3 1 0 0 0 0 22 -37 -8 410 152 41 76 46 535 -286 -187 -170 103 103
1 19984 145 -55 -2 -1 0 0 0 0 19 -22 -5 12 33 N N N N -773 -281 -66 117 117
1 20017 168 -37 3 0 0 0 0 0 12 -14 -6 42 25 39 73 46 536 -592 -209 -41 86 86
1 19983 169 -33 -1 6 0 0 0 0 12 -12 -2 2 8 N N N N -593 -201 -27 80 80
1 20016 157 -51 -1 -4 0 0 0 0 21 -17 -7 27 9 40 70 45 536 -301 -96 -3 37 37
1 19985 162 -56 1 -2 0 0 0 0 25 -16 -8 24 10 N N N N -379 -127 -14 50 50
1 20015 166 -52 -1 1 0 0 0 0 24 -13 -7 32 10 41 78 43 536 -220 -76 -12 31 31
1 19985 158 -60 2 1 0 0 0 0 28 -12 -9 67 17 N N N N -179 -64 -16 27 27
1 23428 222 -148 -6 129 -10 1433 2 -2 77 3 41 225 50 40 72 45 537 -176 -70 -27 32 32
1 20457 186 -150 -6 0 0 0 0 0 78 -2 -28 1133 316 N N N N -318 -181 -148 98 98
1 20015 193 -82 4 2 0 0 0 0 41 7 -15 483 167 39 74 43 537 -1162 -430 -125 188 188
1 20452 190 -95 1 -2 0 0 0 0 46 15 -19 178 78 N N N N -1467 -515 -111 220 220
1 20016 183 -74 0 1 0 0 0 0 33 17 -16 100 43 40 77 46 537 -911 -313 -59 133 133
1 20478 179 -71 -3 -1 0 0 0 0 30 21 -14 174 53 N N N N -539 -179 -23 74 74
1 19995 160 -50 0 0 0 0 0 0 19 16 -11 58 29 38 76 44 537 -562 -191 -32 81 81
1 19896 168 -40 2 -2 0 0 0 0 13 15 -8 81 26 N N N N -384 -128 -18 53 53
1 20809 151 -47 -2 1 0 0 0 0 15 18 -10 20 12 38 71 43 538 -351 -115 -12 47 47
1 20806 170 -61 3 0 0 0 0 0 17 26 -10 103 28 N N N N -197 -70 -18 32 32
1 20016 161 -72 -2 2 0 0 0 0 16 32 -13 62 22 39 73 43 538 -17 -20 -30 14 14
1 20810 149 -70 1 -2 0 0 0 0 11 34 -12 30 9 N N N N 59 12 -11 -3 -3
1 20486 153 -67 -1 0 0 0 0 0 6 33 -11 112 31 40 71 41 539 114 28 -15 -8 -8
1 20866 167 3524 2 0 0 0 0 0 2 39 -10 132 40 N N N N 160 35 -28 -9 -9
1 20016 158 -39 -2 1 0 0 0 0 0 20 -5 159 42 39 70 42 539 137 32 -20 -8 -8
1 21512 177 -38 5 -129 -1 -1421 0 2 -2 33 7 128 49 N N N N -513 -181 -44 79 79
1 20017 168 -43 1 1 0 0 0 0 -4 22 1 92 29 40 73 41 539 -806 -258 -21 107 107
1 19983 168 -35 -2 1 0 0 0 0 -5 18 2 152 45 N N N N -636 -207 -21 86 86
1 20016 160 8 0 0 0 0 0 0 1 -4 0 134 45 41 75 44 539 -568 -193 -36 84 84
1 19984 178 35 4 -2 0 0 0 0 5 -18 -2 131 40 N N N N -693 -226 -27 96 96
1 20017 177 -11 0 1 0 0 0 0 -1 6 2 206 62 40 71 41 540 -460 -162 -43 73 73
1 19983 176 -70 0 4 0 0 0 0 -10 35 2 114 40 N N N N -510 -178 -42 80 80
1 20016 176 -51 0 -2 0 0 0 0 -11 25 3 45 16 36 71 42 540 -182 -65 -20 30 30
1 19984 189 -17 0 0 0 0 0 0 -4 8 2 37 15 N N N N 232 60 -23 -20 -20
1 20016 169 36 0 -1 0 0 0 0 8 -17 -3 77 23 43 73 43 540 305 90 -7 -35 -35
1 19984 186 25 0 -1 0 0 0 0 5 -12 -1 97 30 N N N N -127 -51 -26 26 26
1 20017 183 65 2 -2 0 0 0 0 10 -33 -3 63 21 37 76 44 541 -371 -123 -18 53 53
1 19983 182 52 -1 -2 0 0 0 0 6 -27 -1 131 37 N N N N -500 -163 -22 70 70
1 20016 200 32 0 4 0 0 0 0 2 -17 -1 108 33 40 76 44 541 -425 -139 -19 61 61
1 19985 181 -23 -1 1 0 0 0 0 -1 12 1 236 64 N N N N -533 -180 -36 80 80
1 20015 184 -4 1 -1 0 0 0 0 -1 2 0 242 77 39 72 43 541 -758 -255 -49 113 113
1 24752 247 40 -13 127 -10 1416 0 -2 1 -34 -12 632 189 N N N N -1115 -375 -75 170 170
1 20368 214 -13 2 1 0 0 0 0 0 7 1 190 78 40 76 42 542 -1104 -382 -101 177 177
1 21043 213 -79 2 0 0 0 0 0 -6 41 -6 60 26 N N N N -1902 -595 -38 258 258
1 20368 201 -84 0 -1 0 0 0 0 -15 42 -5 177 51 41 74 44 542 -1111 -350 -28 154 154
1 21043 206 -113 3 1 0 0 0 0 -27 54 -2 269 87 N N N N -1154 -375 -57 171 171
1 20367 185 -100 -1 1 0 0 0 0 -34 42 0 33 14 40 73 43 542 -1330 -418 -35 187 187
1 21044 197 -89 -3 -1 0 0 0 0 -35 33 3 197 59 N N N N -1032 -323 -26 145 145
1 20309 188 -67 3 2 0 0 0 0 -29 21 6 368 107 40 79 43 542 -1373 -429 -32 194 194
1 22691 217 -68 25 -126 31 -1416 0 2 -32 24 71 145 61 N N N N -853 -286 -71 140 140
1 20015 170 -52 -3 -1 0 0 0 0 -26 10 7 50 23 41 71 44 543 10 -7 -27 8 8
1 19984 160 -54 3 4 0 0 0 0 -27 8 8 60 19 N N N N -36 -17 -15 10 10
1 20015 149 -44 -4 -4 0 0 0 0 -23 4 6 79 28 38 74 43 543 -319 -106 -24 51 51
1 19985 154 -6 2 -1 0 0 0 0 -3 1 2 5 7 N N N N -253 -80 -9 37 37
1 20016 148 6 2 -2 0 0 0 0 3 -1 0 3 0 41 73 40 543 -7 -5 -7 4 4
1 19984 153 -16 0 4 0 0 0 0 -8 1 2 47 11 N N N N 156 44 -8 -18 -18
1 20016 148 -39 -1 1 0 0 0 0 -21 2 4 66 19 39 71 42 543 23 4 -10 0 0
1 19984 153 51 0 -2 0 0 0 0 27 -3 -6 335 90 N N N N -258 -87 -22 42 42
1 20015 150 138 1 -2 0 0 0 0 70 -19 -20 616 184 42 76 44 544 -473 -173 -81 92 92
1 19985 146 116 -2 -1 0 0 0 0 55 -28 -14 192 76 N N N N -1403 -456 -90 221 221
1 20017 130 124 -1 1 0 0 0 0 50 -42 -15 425 113 40 74 43 544 -1178 -373 -52 178 178
1 19984 147 90 4 -1 0 0 0 0 31 -36 -8 331 120 N N N N -707 -245 -92 128 128
1 20015 144 18 -1 0 0 0 0 0 5 -8 -2 64 32 41 72 41 544 3030 888 -51 -393 -393
1 19985 160 -18 -1 -1 0 0 0 0 -5 8 2 83 29 N N N N 3031 895 -27 -393 -393
1 20015 155 -36 -2 4 0 0 0 0 -11 15 3 58 22 38 72 43 545 1336 393 -17 -169 -169
1 27105 218 -67 -3 126 -8 1417 0 -2 -25 17 -42 166 48 N N N N 567 158 -27 -64 -64
1 20016 195 -37 -1 -2 0 0 0 0 -14 14 1 287 86 39 72 44 545 -502 -167 -42 80 80
1 20453 173 -3 -3 0 0 0 0 0 -1 1 0 184 63 N N N N -948 -301 -45 140 140
1 20720 177 -18 -2 0 0 0 0 0 -8 6 0 121 40 39 78 43 545 -681 -218 -39 103 103
1 20457 184 -30 4 1 0 0 0 0 -13 10 2 75 28 N N N N -408 -131 -23 61 61
1 20016 179 -33 -1 -1 0 0 0 0 -14 11 2 81 26 40 76 40 545 -238 -78 -20 39 39
1 20868 196 -40 1 -1 0 0 0 0 -19 11 3 71 22 N N N N -182 -61 -18 30 30
1 23484 211 -8 3 -125 0 -1404 0 2 -3 9 59 134 43 38 78 42 546 -14 -13 -20 9 9
1 19985 178 75 0 -1 0 0 0 0 34 -21 -9 168 46 N N N N 414 113 -25 -46 -46
1 20014 172 97 -1 1 0 0 0 0 40 -33 -11 244 70 40 75 43 546 1054 300 -34 -126 -126
1 19984 194 66 -1 1 0 0 0 0 23 -26 -7 127 76 N N N N 2873 831 -51 -351 -351
1 20018 183 22 4 0 0 0 0 0 7 -9 -1 35 18 40 79 44 546 3005 883 -19 -372 -373
1 19984 187 12 1 -2 0 0 0 0 4 -5 -2 -7 -2 N N N N 1731 508 -10 -211 -210
1 20016 190 -3 -2 2 0 0 0 0 -1 1 1 63 3 39 75 43 546 1639 482 -6 -199 -199
1 19984 196 -16 1 1 0 0 0 0 -5 7 1 54 1 N N N N 402 114 -13 -45 -45
1 20016 188 -6 0 1 0 0 0 0 -2 2 0 43 -3 38 76 40 546 -337 -105 -10 46 46
1 19982 202 -8 -1 -1 0 0 0 0 -2 4 2 43 2 N N N N -566 -173 -12 73 73
1 20018 190 -20 0 0 0 0 0 0 -7 8 1 103 44 40 74 41 546 -626 -191 -12 81 81
1 19982 197 -13 2 1 0 0 0 0 -5 5 2 42 25 N N N N -1046 -316 -15 135 135
1 20018 188 7 -1 -3 0 0 0 0 3 -2 -1 -8 -2 38 78 41 546 -923 -276 -8 117 117
1 19984 198 14 -1 1 0 0 0 0 5 -6 -1 20 10 N N N N -290 -88 -4 38 38
1 20016 195 1 -2 0 0 0 0 0 0 -1 -1 106 32 41 74 42 547 -142 -47 -11 22 22
1 19984 201 -5 2 1 0 0 0 0 -2 2 0 82 25 N N N N -1029 -311 -16 134 134
1 23664 240 -35 -9 125 -10 1395 0 -2 -13 4 -44 0 1 39 74 42 547 -1716 -512 -12 222 222
1 20453 209 -71 2 0 0 0 0 0 -27 27 4 4 1 N N N N -526 -158 -6 69 69
1 20015 196 -72 2 0 0 0 0 0 -31 24 4 -2 -3 40 79 41 547 -108 -32 -1 14 14
1 21617 220 -65 -3 -120 0 -1402 0 2 -30 24 60 8 2 N N N N 298 86 -5 -37 -37
1 20796 201 -1 3 -5 0 0 0 0 0 0 4 12 0 41 79 41 547 463 137 1 -58 -58
1 19986 197 35 0 -1 0 0 0 0 16 -9 -5 12 5 N N N N 544 160 -2 -69 -69
1 20017 201 34 -1 1 0 0 0 0 16 -9 -4 10 -2 40 74 43 547 494 144 -4 -61 -61
1 19982 200 33 1 0 0 0 0 0 14 -10 -5 33 13 N N N N 340 99 -2 -41 -41
1 20016 182 55 -3 0 0 0 0 0 23 -18 -6 23 4 40 81 42 548 107 29 -7 -11 -11
1 19985 196 38 2 0 0 0 0 0 15 -13 -5 50 16 N N N N -13 -7 -7 4 4
1 20014 189 31 1 -3 0 0 0 0 11 -12 -2 27 3 39 80 44 548 -319 -99 -11 44 44
1 19985 178 7 0 0 0 0 0 0 2 -3 -1 17 7 N N N N -950 -281 -3 121 121
1 30016 273 -6 -1 3 0 0 0 0 -2 2 0 612 162 40 80 44 548 -2399 -718 -25 315 315
1 29983 273 38 2 -1 0 0 0 0 13 -15 -3 293 114 N N N N -4415 -1350 -126 619 619
1 30016 295 34 -2 1 0 0 0 0 11 -15 -3 101 38 39 78 41 548 -1116 -344 -39 161 161
1 29984 262 16 2 -1 0 0 0 0 4 -7 -1 164 54 N N N N 266 69 -28 -25 -25
1 30017 278 -34 0 3 0 0 0 0 -9 15 2 81 27 39 74 40 548 -53 -28 -31 17 17
1 35160 322 -147 -7 125 -11 1410 -1 -2 -55 47 -37 178 54 N N N N -496 -156 -31 76 76
1 27763 239 -180 6 -103 32 -1419 1 0 -82 57 63 402 116 40 77 40 549 -945 -291 -38 139 139
1 32237 265 -109 16 -23 -1 -1 -1 2 -56 15 31 270 98 N N N N -1611 -498 -75 242 242
1 30017 236 -73 -1 0 0 0 0 0 -39 5 9 154 56 56 75 42 549 -2066 -619 -46 295 295
1 29984 227 -17 0 0 0 0 0 0 -9 0 3 118 37 N N N N -1703 -508 -32 244 244
1 30016 246 -21 1 -1 0 0 0 0 -11 0 4 153 45 39 76 43 549 273 71 -26 -29 -29
1 29983 245 -29 2 3 0 0 0 0 -15 -1 4 157 48 N N N N -166 -59 -33 33 33
1 30018 255 -64 -1 -5 0 0 0 0 -35 -4 8 197 61 39 72 41 549 -622 -192 -34 97 97
1 29983 240 -57 0 2 0 0 0 0 -29 -6 9 188 58 N N N N -444 -143 -41 75 75
1 30016 240 9 -1 0 0 0 0 0 5 0 -1 208 65 41 76 45 549 -516 -162 -39 83 83
1 29983 245 58 2 -1 0 0 0 0 30 7 -7 275 85 N N N N -627 -200 -56 105 105
1 30017 255 76 -1 -2 0 0 0 0 40 4 -11 251 78 41 78 42 550 -349 -116 -49 64 64
1 34216 294 26 -6 -119 0 -1359 -1 -2 15 -15 57 554 172 N N N N -660 -221 -96 122 122
1 30018 284 93 1 0 0 0 0 0 49 -2 -14 234 84 43 78 43 550 -127 -56 -65 37 37
1 30455 270 136 1 -1 0 0 0 0 69 -17 -22 13 9 N N N N 136 32 -22 -12 -12
1 31311 280 108 -2 121 -6 1374 0 2 50 -20 -71 90 25 41 75 43 550 -280 -84 -10 42 42
1 29984 264 48 0 -1 0 0 0 0 20 -15 -6 166 51 N N N N 29 0 -28 5 5
1 30016 260 34 2 1 0 0 0 0 14 -12 -3 235 71 40 78 43 550 577 155 -41 -68 -68
1 29983 260 -80 2 2 0 0 0 0 -33 27 9 385 119 N N N N 483 121 -59 -49 -49
1 30017 275 -118 1 2 0 0 0 0 -55 30 14 246 80 39 81 44 550 274 61 -56 -21 -21
1 29983 271 -122 -3 0 0 0 0 0 -62 18 17 400 123 N N N N 612 160 -51 -68 -68
1 30017 256 -87 1 -1 0 0 0 0 -46 6 12 372 122 39 73 44 551 4082 1144 -85 -525 -525
1 29983 250 -19 -1 0 0 0 0 0 -10 0 3 323 113 N N N N 5216 1464 -79 -655 -655
1 30017 246 51 0 -1 0 0 0 0 27 -1 -7 237 76 40 75 43 551 2870 801 -53 -347 -347
1 29983 255 61 2 -1 0 0 0 0 32 -5 -8 185 61 N N N N 56 -1 -43 8 8
1 30017 269 103 -4 -2 0 0 0 0 52 -16 -15 296 81 38 71 40 551 -1857 -547 -45 251 251
1 29985 246 42 2 4 1 0 -2 0 21 -9 -5 338 99 N N N N -4377 -1270 -62 584 584
1 30016 249 -14 -1 -2 0 0 0 0 -7 4 1 535 140 39 74 42 551 -5194 -1502 -71 712 712
1 29983 241 -77 0 -1 0 0 0 0 -38 14 11 311 118 N N N N -4116 -1197 -95 591 591
1 30016 235 -89 2 4 0 0 0 0 -46 10 12 207 70 38 73 39 551 -530 -164 -47 87 87
1 29984 253 -46 0 -2 0 0 0 0 -25 2 6 556 167 N N N N 2093 569 -80 -264 -264
1 30015 223 6 1 -3 0 0 0 0 3 0 0 1032 300 39 70 41 551 3354 898 -157 -403 -403
1 29984 241 29 -1 1 0 0 0 0 16 -1 -3 220 109 N N N N 1705 444 -109 -191 -191
1 30017 224 128 0 1 0 0 0 0 66 -16 -18 507 133 39 72 41 552 728 189 -44 -80 -80
1 29983 232 150 -3 -2 0 0 0 0 71 -36 -19 396 142 N N N N -334 -132 -114 80 80
1 30017 231 144 3 3 0 0 0 0 58 -50 -15 122 49 38 70 45 552 -1955 -565 -53 272 272
1 34630 265 20 -6 124 -11 1409 -1 -2 6 -18 -47 93 32 N N N N -1792 -509 -27 246 246
1 30014 237 -12 -6 0 0 0 0 0 -5 4 0 467 110 39 69 41 552 -1425 -407 -32 200 200
1 30869 231 103 -1 0 0 0 0 0 32 -45 1 1066 320 N N N N -3094 -921 -203 478 478
1 30016 239 41 7 -1 0 0 0 0 11 -19 3 809 238 39 70 42 552 -5621 -1593 -129 814 814
1 30455 241 -55 -3 3 0 0 0 0 -14 26 -2 430 145 N N N N -4045 -1144 -112 605 605
1 31899 247 -101 3 0 0 0 0 0 -32 44 -1 239 78 38 70 44 553 -1620 -462 -66 252 252
1 30806 235 -123 1 2 0 0 0 0 -48 46 4 319 104 N N N N -458 -139 -67 82 82
1 31835 250 -117 -2 -124 0 -1407 -1 2 -54 39 64 218 71 39 70 41 553 36 -1 -54 8 8
1 30813 237 27 5 -2 0 0 0 0 13 -6 0 125 44 N N N N 438 112 -40 -54 -54
1 30015 236 66 1 -2 0 0 0 0 30 -18 -8 -25 -3 38 73 42 553 -801 -222 -8 118 118
1 29983 226 72 -1 0 0 0 0 0 31 -23 -8 86 19 N N N N -1332 -367 -6 197 197
1 30016 236 48 -1 1 0 0 0 0 19 -18 -5 0 0 38 71 42 553 -1070 -296 -11 160 160
1 29986 230 25 -1 -1 0 0 0 0 8 -10 -3 8 1 N N N N -552 -152 -3 82 82
1 30014 237 11 1 -1 0 0 0 0 4 -4 -1 45 13 40 72 44 553 -221 -62 -6 34 34
1 29985 244 41 1 1 0 0 0 0 14 -17 -4 73 19 N N N N 160 42 -11 -21 -21
1 30017 238 39 -1 0 0 0 0 0 12 -17 -3 67 19 40 71 43 553 339 91 -10 -48 -48
1 29983 246 21 -4 1 0 0 0 0 6 -10 0 89 27 N N N N 476 128 -16 -67 -67
1 30015 263 11 6 -1 0 0 0 0 2 -5 -2 78 21 39 75 42 553 229 60 -18 -29 -29
1 35807 302 -68 -9 127 -10 1398 -1 -2 -19 20 -35 781 217 N N N N 798 204 -73 -100 -100
1 30016 273 -97 -3 -1 0 0 0 0 -34 40 0 253 84 38 70 41 554 3190 855 -85 -440 -440
1 30751 268 -62 1 0 0 0 0 0 -26 22 2 411 123 N N N N 2829 758 -65 -383 -383
1 30015 258 -95 0 1 0 0 0 0 -42 30 4 410 125 40 71 42 554 2089 551 -76 -269 -269
1 34160 298 -106 4 -125 0 -1404 -1 2 -51 29 74 353 117 N N N N 919 227 -91 -102 -102
1 30015 265 -105 0 1 0 0 0 0 -54 12 16 278 85 39 70 43 554 545 136 -48 -61 -61
1 29985 270 -93 2 -2 0 0 0 0 -50 2 13 96 37 N N N N 936 244 -36 -116 -116
1 30015 270 -46 -4 1 0 0 0 0 -24 0 8 49 18 40 69 42 554 773 205 -17 -100 -100
1 29985 269 -52 1 1 0 0 0 0 -27 -5 8 6 3 N N N N 635 170 -9 -82 -82
1 30016 271 -20 0 -5 0 0 0 0 -11 -2 3 6 1 38 70 44 554 261 69 -3 -34 -34
1 29982 264 -10 4 5 0 0 0 0 -5 -2 1 31 6 N N N N 178 47 -6 -22 -22
1 30016 279 25 -3 -3 0 0 0 0 13 3 -3 30 6 40 69 44 554 165 44 -4 -21 -21
1 29984 272 29 0 2 0 0 0 0 15 3 -5 142 37 N N N N 178 44 -15 -19 -19
1 30016 273 -37 -1 1 0 0 0 0 -19 -4 5 147 46 37 68 43 554 353 87 -30 -38 -38
1 29984 267 -70 2 0 0 0 0 0 -36 -10 10 252 71 N N N N 807 208 -36 -97 -97
1 34431 325 40 -10 -125 0 -1379 -1 -2 22 -14 56 89 30 41 72 44 555 1363 360 -27 -170 -170
1 30454 294 159 0 2 0 0 0 0 83 16 -22 85 27 N N N N 980 259 -20 -121 -121
1 30016 286 154 1 -2 0 0 0 0 80 -6 -26 112 29 38 71 44 555 956 253 -16 -119 -119
1 30512 281 138 -3 3 0 0 0 0 68 -22 -26 252 79 N N N N 2069 545 -41 -251 -251
1 37548 319 115 28 116 24 1382 -1 2 50 -29 -60 101 35 38 71 41 555 2777 739 -28 -341 -341
1 29985 249 51 -2 0 0 0 0 0 20 -19 -6 88 27 N N N N 1279 338 -18 -152 -152
1 30015 242 13 1 1 0 0 0 0 5 -5 0 50 13 37 71 43 555 898 237 -14 -106 -106
1 29983 243 -27 0 3 0 0 0 0 -10 10 2 83 24 N N N N 805 213 -13 -95 -95
1 30018 244 -6 0 -2 0 0 0 0 -2 3 0 178 46 37 71 43 555 780 203 -17 -89 -89
1 29984 245 29 1 1 0 0 0 0 11 -11 -2 89 33 N N N N 1215 315 -30 -137 -137
1 30013 264 68 0 -2 0 0 0 0 23 -28 -5 28 6 41 68 42 555 541 142 -11 -62 -62
1 29986 247 38 3 0 0 0 0 0 12 -16 -3 -32 -7 N N N N -630 -171 -4 77 77
1 30015 244 53 -4 0 0 0 0 0 14 -25 -4 0 -8 38 69 43 555 -2055 -550 5 248 248
1 29986 247 45 0 2 0 0 0 0 10 -22 -2 58 15 N N N N -1742 -471 -8 216 216
1 30014 225 46 1 -1 0 0 0 0 9 -23 -2 34 10 37 72 41 556 -661 -180 -8 84 84
1 39280 324 -45 -10 125 -8 1401 -1 -2 -9 13 -27 122 30 N N N N -302 -86 -16 43 43
1 30014 248 -109 1 2 0 0 0 0 -28 51 -4 80 22 37 70 44 556 368 93 -15 -41 -41
1 30455 252 -107 2 -2 0 0 0 0 -37 45 -2 14 7 N N N N 846 224 -10 -101 -101
1 30017 254 -116 0 3 0 0 0 0 -47 41 5 -1 -1 41 70 44 556 300 79 -4 -36 -36
1 34013 278 -97 1 -126 0 -1402 -2 2 -45 32 65 100 22 N N N N -45 -14 -7 8 8
1 30808 245 63 1 2 0 0 0 0 30 -16 -6 358 100 38 72 45 556 917 229 -47 -97 -97
1 29984 236 89 2 -6 0 0 0 0 39 -26 -10 171 50 N N N N 1028 263 -35 -114 -114
1 30016 231 80 -2 5 0 0 0 0 32 -29 -8 255 78 37 67 44 556 239 48 -45 -14 -14
1 29984 237 75 -1 -2 0 0 0 0 25 -31 -7 407 113 N N N N 115 12 -51 3 3
1 30019 215 36 0 1 0 0 0 0 10 -17 -2 27 23 37 70 44 556 877 218 -42 -91 -91
1 29982 247 -1 2 -1 0 0 0 0 0 1 0 57 18 N N N N 558 145 -12 -63 -63
1 30015 229 -11 0 1 0 0 0 0 -3 5 1 83 25 39 73 43 556 585 150 -16 -65 -65
1 29984 232 -1 0 -4 0 0 0 0 0 1 0 45 12 N N N N 438 113 -10 -49 -49
1 30016 226 16 -1 4 0 0 0 0 4 -8 -1 160 45 39 71 41 556 332 80 -23 -31 -31
1 29984 237 27 1 -1 0 0 0 0 8 -12 -1 149 40 N N N N 450 113 -18 -47 -47
1 34957 284 -54 -8 127 -10 1410 0 -2 -16 14 -36 209 64 39 69 44 557 764 188 -39 -77 -77
1 31338 279 -127 0 0 0 0 0 0 -44 53 0 149 45 N N N N 880 220 -36 -90 -90
1 30016 253 -102 -2 -1 0 0 0 0 -43 35 4 89 25 39 71 41 557 649 164 -19 -69 -69
1 32512 253 -88 1 -123 0 -1417 -2 2 -41 29 65 87 28 N N N N 651 166 -19 -69 -69
1 30015 232 -20 2 -1 0 0 0 0 -9 5 4 14 7 42 71 42 557 446 113 -10 -48 -48
1 29985 236 -12 1 -3 0 0 0 0 -7 2 2 40 8 N N N N 259 69 -4 -29 -29
1 30015 237 -13 -2 2 0 0 0 0 -6 2 1 40 10 38 71 45 557 216 54 -8 -22 -22
1 29984 237 18 -3 1 0 0 0 0 9 -4 -2 72 18 N N N N 174 42 -9 -17 -17
1 30016 233 44 5 -2 0 0 0 0 21 -9 -6 138 38 38 67 42 557 175 39 -18 -13 -13
1 29984 227 45 -1 -2 0 0 0 0 21 -11 -6 46 17 N N N N 249 58 -19 -22 -22
1 30016 232 33 -2 5 0 0 0 0 16 -9 -4 43 11 36 68 41 557 169 43 -6 -17 -17
1 29984 239 65 2 -4 0 0 0 0 27 -21 -7 293 80 N N N N 258 56 -30 -20 -20
1 30016 229 65 -1 2 0 0 0 0 25 -24 -7 46 17 37 67 42 557 567 138 -29 -54 -54
1 29985 242 -4 4 1 0 0 0 0 -1 2 1 428 116 N N N N 709 168 -46 -64 -64
1 30015 233 -25 -1 -3 0 -1 0 0 -10 9 3 263 77 37 67 42 557 1059 258 -50 -101 -101
1 29984 234 -24 -1 0 0 0 0 0 -9 9 2 189 57 N N N N 1024 252 -42 -100 -100
1 30016 235 -17 1 1 0 0 0 0 -7 6 2 399 115 38 68 42 557 848 200 -54 -75 -75
1 29984 242 -5 -2 1 0 0 0 0 -2 1 0 120 47 N N N N 1359 336 -48 -132 -132
1 30016 236 42 1 0 0 0 0 0 17 -14 -4 61 20 38 69 44 557 1000 254 -22 -101 -101
1 29984 239 64 0 -1 0 0 0 0 23 -25 -6 45 15 N N N N 974 250 -13 -102 -102
1 30016 246 47 1 0 0 0 0 0 15 -20 -4 108 27 39 68 43 558 595 151 -10 -60 -60
1 29984 237 39 0 2 0 0 0 0 13 -17 -3 318 80 N N N N 227 46 -30 -13 -13
1 30017 231 20 0 -2 0 0 0 0 5 -9 -2 175 61 38 67 44 558 1063 253 -54 -95 -95
1 29983 246 4 0 1 0 0 0 0 1 -2 0 33 14 N N N N 832 210 -18 -82 -82
1 34841 305 -100 -8 128 -10 1412 -2 -2 -30 34 -36 37 12 37 69 40 558 637 162 -10 -64 -64
1 30514 276 -176 4 -3 0 0 0 0 -70 66 6 234 55 N N N N 366 89 -14 -33 -33
1 31428 282 -167 -4 -125 0 -1417 -1 2 -80 45 76 224 71 37 69 43 558 700 158 -51 -55 -55
1 29982 270 -50 0 -1 0 0 0 0 -26 6 8 69 23 N N N N 577 139 -25 -51 -51
1 30016 254 -23 2 1 0 0 0 0 -12 1 4 57 17 44 71 42 558 137 30 -12 -10 -10
1 29987 275 0 1 -1 0 0 0 0 0 0 0 36 12 N N N N 34 5 -8 -1 -1
1 30015 274 1 -1 0 0 0 0 0 0 0 -1 102 24 37 70 42 558 35 4 -10 1 1
1 29982 280 -72 0 1 0 0 0 0 -38 4 10 205 55 N N N N -127 -49 -31 25 25
1 30016 269 -72 1 0 0 0 0 0 -38 0 11 179 53 37 65 41 558 416 93 -32 -32 -32
1 29984 275 -8 -2 -2 0 0 0 0 -4 -1 2 25 11 N N N N 684 169 -18 -64 -64
1 30018 269 20 -1 1 0 0 0 0 10 1 -4 72 18 37 69 42 558 444 112 -9 -43 -43
1 29982 275 -17 3 0 0 0 0 0 -9 0 3 174 48 N N N N 480 114 -21 -41 -41
1 30018 259 -14 -1 0 0 0 0 0 -7 -1 3 239 62 37 70 42 558 573 129 -40 -44 -44
1 35043 336 58 -9 -123 0 -1371 -1 -2 32 -14 53 671 180 N N N N 1411 328 -75 -116 -116
1 30018 274 137 -1 1 0 0 0 0 72 -4 -22 231 84 37 76 41 558 2108 509 -73 -185 -185
1 30747 292 154 2 0 0 0 0 0 76 -22 -28 57 24 N N N N 1378 341 -30 -127 -127
1 31192 304 116 2 122 -9 1385 0 2 51 -29 -70 59 18 37 70 43 558 794 198 -13 -74 -74
1 29984 284 48 1 2 0 0 0 0 19 -17 -5 71 20 N N N N 784 194 -17 -71 -71
1 30014 294 64 0 -1 0 0 0 0 23 -25 -7 68 16 38 71 41 558 477 118 -9 -44 -44
1 29984 272 107 1 -1 0 0 0 0 31 -47 -8 197 55 N N N N 87 6 -30 4 4
1 30016 279 48 -2 1 0 0 0 0 12 -23 -3 57 17 38 71 42 559 -224 -67 -17 29 29
1 29987 296 14 2 0 0 0 0 0 2 -7 -1 66 18 N N N N -215 -62 -11 26 26
1 30013 279 12 -1 1 0 0 0 0 3 -6 0 62 16 38 67 43 559 79 13 -13 -3 -3
1 29988 265 30 1 0 0 0 0 0 6 -15 -2 30 6 N N N N 38 5 -8 -1 -1
1 30012 299 41 -2 0 0 0 0 0 6 -21 -2 18 7 37 69 42 559 48 10 -5 -3 -3
1 29987 264 19 2 1 0 0 0 0 2 -10 0 18 2 N N N N 47 10 -4 -3 -3
1 30013 251 29 -1 -2 0 0 0 0 2 -15 -1 112 24 39 69 42 559 82 18 -6 -5 -5
1 34515 323 -64 -11 124 -10 1407 -2 -2 -8 21 -18 247 69 N N N N 410 84 -40 -25 -25
1 30016 276 -92 0 3 0 0 0 0 -16 46 -6 236 65 39 69 44 559 559 124 -36 -40 -40
1 30453 292 -62 -4 -3 0 0 0 0 -16 29 -4 193 54 N N N N 613 140 -31 -48 -48
1 30018 270 -100 6 0 0 0 0 0 -31 45 1 2 7 38 67 42 559 354 78 -23 -25 -25
1 30749 277 -88 -2 6 0 0 0 0 -33 33 2 69 17 N N N N 199 46 -9 -16 -16
1 30190 280 -60 1 -4 0 0 0 0 -25 22 4 238 60 39 69 44 559 45 -1 -23 5 5
1 31143 278 -110 4 -120 0 -1414 -1 2 -51 36 67 42 17 N N N N 203 37 -26 -9 -9
1 30797 267 -56 0 -7 0 0 0 0 -28 10 11 27 9 37 70 42 559 154 34 -10 -11 -11
1 29986 267 -42 -1 1 0 0 0 0 -21 6 6 30 7 N N N N 144 34 -5 -12 -12
1 30015 260 -18 0 0 0 0 0 0 -9 3 3 17 4 39 69 43 559 79 17 -5 -6 -6
1 29985 248 -14 2 0 0 0 0 0 -8 1 2 10 3 N N N N 45 10 -3 -3 -3
1 30015 262 -1 0 3 0 0 0 0 0 0 0 16 0 38 69 43 559 64 16 -2 -5 -5
1 29985 240 -5 0 -2 0 0 0 0 -3 -1 1 42 8 N N N N 20 2 -5 0 0
1 30016 259 -41 -2 1 0 0 0 0 -21 4 7 41 13 39 69 44 559 94 19 -8 -6 -6
1 29984 255 -1 2 -2 0 0 0 0 -1 0 0 8 0 N N N N 79 19 -4 -6 -6
1 30015 256 11 2 -2 0 0 0 0 5 0 -2 2 -1 38 70 44 559 57 13 -2 -5 -5
1 29986 246 3 -2 1 0 0 0 0 2 -1 -1 55 10 N N N N -11 -3 -1 2 2
1 33605 284 81 -8 -122 0 -1381 -1 -2 43 -18 48 110 32 39 71 41 559 195 38 -20 -11 -11
1 30513 270 153 -1 1 0 0 0 0 75 -25 -29 354 83 N N N N 119 15 -27 -1 -1
1 33369 275 53 2 122 -9 1384 0 2 23 -11 -62 968 270 36 70 42 560 131 -56 -155 50 50
1 29984 243 1 1 -2 0 0 0 0 0 0 0 31 27 N N N N 760 169 -44 -55 -55
1 30016 260 -19 1 3 0 0 0 0 -8 5 3 11 8 39 70 41 560 439 104 -13 -36 -36
1 29984 260 22 1 -1 0 0 0 0 10 -6 -2 9 4 N N N N 228 55 -5 -20 -20
1 30016 266 29 -3 -1 0 0 0 0 12 -10 -4 9 1 38 68 43 560 108 27 -2 -9 -9
1 29984 265 36 1 0 0 0 0 0 14 -12 -5 9 2 N N N N 82 19 -2 -7 -7
1 30015 267 29 0 2 0 0 0 0 11 -11 -3 1 -2 39 67 40 560 5 1 -1 0 0
1 29985 256 16 1 -2 0 0 0 0 6 -6 -1 0 -2 N N N N 18 4 -1 -2 -2
1 30016 260 -7 0 -1 0 0 0 0 -2 3 0 16 2 38 67 43 560 58 14 -1 -5 -5
1 29984 274 -24 -2 1 0 0 0 0 -9 9 3 40 10 N N N N 145 33 -7 -11 -11
1 30015 268 -6 2 0 0 0 0 0 -3 2 0 13 1 38 67 42 560 186 46 -3 -16 -16
1 29986 266 10 -2 2 0 0 -1 0 4 -4 -1 0 -2 N N N N 81 18 -3 -6 -6
1 30015 291 17 0 -4 0 0 0 0 6 -6 -2 23 6 38 68 41 560 55 15 0 -6 -6
1 29984 276 -19 -2 1 0 0 0 0 -7 7 1 3 -3 N N N N 80 18 -4 -6 -6
1 30016 266 -42 3 2 0 0 0 0 -16 15 7 -4 -2 37 66 42 560 51 13 0 -5 -5
1 29984 278 17 4 1 0 0 0 0 7 -6 -1 11 2 N N N N 60 13 -3 -4 -4
1 30015 268 19 -4 0 0 0 0 0 7 -7 -4 -10 -5 37 71 42 560 53 14 1 -5 -5
1 29985 263 -13 2 -3 0 0 0 0 -5 5 2 11 0 N N N N 3 1 -1 0 0
1 30015 279 -33 -2 5 0 0 0 0 -13 12 2 -1 -4 38 69 42 560 46 11 0 -4 -4
1 29985 273 9 4 1 0 0 0 0 3 -4 -1 14 2 N N N N -33 -9 -1 3 3
1 30016 258 11 -3 -3 0 0 0 0 5 -4 1 -4 -2 40 66 44 560 71 18 -1 -6 -6
1 29983 274 1 4 -2 0 0 -1 0 0 0 0 6 -1 N N N N 19 5 0 -2 -2
1 30016 269 -20 -5 2 0 0 0 0 -8 7 0 1 -1 38 71 42 560 10 1 -2 0 0
1 29985 276 -3 4 1 0 0 0 0 -1 1 2 15 1 N N N N 67 16 -1 -6 -6
1 30015 274 2 -5 0 0 0 0 0 1 -1 -1 10 2 38 70 44 560 75 18 -3 -6 -6
1 29984 253 -3 5 0 0 0 0 0 -2 1 1 15 0 N N N N 60 14 -1 -5 -5
1 30016 278 -22 -4 -1 0 0 0 0 -9 7 2 15 3 36 67 42 561 113 28 -2 -10 -10
1 29984 250 -66 0 3 0 0 0 0 -29 19 9 146 39 N N N N 282 62 -16 -20 -20
1 30017 261 23 0 -3 0 0 0 0 10 -6 -3 43 11 38 68 42 561 996 246 -13 -88 -88
1 29984 262 54 1 -2 0 0 0 0 24 -16 -7 62 16 N N N N 923 228 -11 -82 -82
1 30016 249 65 -1 2 0 0 0 0 26 -23 -8 73 20 37 69 42 560 932 231 -10 -83 -83
1 29984 243 58 -1 -2 0 0 0 0 21 -22 -6 55 14 N N N N 648 158 -11 -55 -55
1 30015 254 47 1 1 0 0 0 0 15 -20 -4 161 40 37 70 42 561 370 84 -17 -27 -27
1 29985 258 18 4 0 0 0 0 0 6 -8 -1 52 16 N N N N 34 -3 -19 5 5
1 30015 267 50 -3 -1 0 0 0 0 14 -22 -5 103 25 36 68 41 561 -157 -49 -14 20 20
1 29985 251 45 2 2 0 0 0 0 10 -22 -2 95 29 N N N N -209 -65 -19 27 27
1 30015 270 50 -1 0 0 0 0 0 10 -25 -2 184 44 39 71 42 561 -56 -26 -19 13 13
1 29985 269 62 -1 0 0 0 0 0 9 -32 -3 106 32 N N N N -115 -46 -28 22 22
1 30015 240 33 0 -1 0 0 0 0 3 -17 -1 57 16 38 67 43 561 -122 -40 -14 17 17
1 29985 249 20 0 3 0 0 0 0 2 -11 0 70 20 N N N N -169 -50 -12 21 21
1 30015 250 19 2 -2 0 0 0 0 1 -10 -1 60 14 38 68 41 561 -139 -42 -11 17 17
1 35338 299 -78 -12 123 -10 1404 -1 -2 -8 28 -17 38 10 N N N N -183 -52 -9 21 21
1 30016 270 -107 -1 1 0 0 0 0 -18 54 -7 46 11 36 65 42 561 -132 -39 -9 16 16
1 30868 258 -111 2 2 0 0 0 0 -29 52 -2 59 13 N N N N -52 -18 -8 8 8
1 30014 260 -110 -2 -1 0 0 0 0 -38 46 2 32 10 40 69 41 561 -91 -28 -9 12 12
1 30454 247 -108 -1 -2 0 0 0 0 -45 38 6 68 13 N N N N 1 -3 -5 2 2
1 31371 270 -81 28 -118 29 -1405 -1 2 -37 29 70 151 38 39 67 42 561 -34 -18 -15 9 9
1 30628 226 -27 -8 -1 0 0 0 0 -13 5 4 59 18 N N N N -110 -40 -21 19 19
1 30018 238 -27 8 -4 0 0 0 0 -14 6 5 120 34 39 69 43 561 -208 -66 -21 28 28
1 29984 207 -30 -2 3 0 0 0 0 -15 5 4 6 3 N N N N -232 -63 -8 25 25
1 30015 248 -22 2 -1 0 0 0 0 -12 2 3 5 0 37 68 43 561 -121 -32 -2 12 12
1 29985 227 -22 -1 0 0 0 0 0 -11 3 4 -5 0 N N N N -77 -20 -1 8 8
1 30016 223 -30 0 -2 0 0 0 0 -16 3 3 13 0 38 70 45 561 -4 -2 -1 0 0
1 29984 248 -31 1 1 0 0 0 0 -16 2 6 160 34 N N N N -64 -21 -8 10 10
1 30017 225 -49 -3 1 0 0 0 0 -26 3 6 50 18 37 69 42 561 89 10 -20 0 0
1 29983 222 -67 0 -4 0 0 0 0 -36 -2 10 130 34 N N N N 214 44 -18 -13 -13
1 30016 247 -35 2 3 0 0 0 0 -18 -3 6 59 16 40 70 43 561 381 86 -15 -29 -29
1 34572 260 112 -5 -124 0 -1390 -1 -2 60 -11 47 51 17 N N N N 439 104 -12 -36 -36
1 30017 259 107 -4 -1 0 0 0 0 56 -4 -19 145 30 40 69 42 561 333 78 -9 -26 -26
1 30866 257 90 3 0 0 0 0 0 46 -11 -15 124 37 N N N N 329 67 -26 -20 -20
1 33021 287 94 -1 26 1 208 1 0 45 -16 -28 147 39 38 68 43 561 552 127 -21 -42 -42
1 26978 232 -9 1 95 -7 1180 -1 2 -5 5 -42 88 25 N N N N 291 58 -23 -17 -17
1 30016 254 -53 -1 2 0 0 0 0 -25 12 6 32 10 39 70 41 561 -25 -14 -12 7 7
1 29984 258 -69 0 -1 0 0 0 0 -34 14 11 60 13 N N N N -180 -49 -7 20 20
1 30016 239 -45 0 0 0 0 0 0 -23 6 7 87 23 37 68 41 561 -298 -84 -15 33 33
1 29984 260 5 3 -3 0 0 0 0 2 0 -1 64 17 N N N N -672 -177 -13 67 67
1 30016 269 -38 -2 5 0 0 0 0 -19 4 6 102 25 38 67 41 561 -457 -123 -13 47 47
1 29983 260 -44 2 2 0 0 0 0 -23 4 6 140 34 N N N N -390 -108 -17 43 43
1 30016 262 14 -1 -3 0 0 0 0 7 -2 -2 12 7 38 68 43 561 -1183 -306 -15 116 116
1 29984 265 57 1 -2 0 0 0 0 30 -4 -8 71 17 N N N N -831 -215 -11 81 81
1 30016 246 49 0 0 0 0 0 0 25 -8 -7 11 3 37 66 41 561 -533 -138 -6 52 52
1 29984 265 64 0 2 -1 0 -1 0 32 -12 -9 17 4 N N N N -254 -65 -3 25 25
1 30016 251 58 0 -2 0 0 0 0 27 -14 -8 9 0 37 66 40 561 -194 -51 -3 20 20
1 29985 269 55 0 6 0 0 0 0 25 -16 -8 15 2 N N N N -137 -36 -2 13 13
1 30015 235 60 -1 -7 0 0 0 0 25 -19 -7 19 3 36 67 44 561 -48 -13 -3 6 6
1 29985 253 63 -3 4 0 0 0 0 24 -24 -6 93 19 N N N N -210 -56 -6 22 22
1 30015 234 64 3 -1 0 0 0 0 22 -26 -7 64 19 37 65 44 561 -290 -83 -17 34 34
1 29985 257 31 -3 3 0 0 0 0 10 -14 -1 61 15 N N N N -371 -99 -10 39 39
1 30017 246 -20 2 -3 0 0 0 0 -7 9 1 99 25 38 68 42 562 -309 -85 -14 34 34
1 29983 237 -63 0 3 0 0 0 0 -20 27 5 106 23 N N N N -328 -90 -13 37 37
1 30015 236 -25 1 -4 0 0 0 0 -10 9 3 51 17 39 66 42 562 -368 -100 -14 40 40
1 29984 246 -84 0 2 1 0 -1 0 -33 30 8 231 56 N N N N -500 -139 -24 57 57
1 30016 234 -78 -3 0 0 0 0 0 -34 24 10 173 50 39 68 42 562 -664 -186 -34 76 76
1 29984 243 -45 5 2 0 0 0 0 -21 11 7 94 24 N N N N -329 -92 -17 38 38
1 30017 229 13 -2 -3 0 0 0 0 6 -4 -1 80 27 38 67 42 562 -6 -14 -23 10 10
1 29984 241 48 -1 -2 0 0 0 0 22 -12 -7 50 13 N N N N 24 -1 -12 2 2
1 30015 226 7 2 3 0 0 0 0 3 -2 -1 29 5 36 69 43 562 -33 -11 -5 5 5
1 29985 222 -3 1 -2 0 0 0 0 -1 1 1 25 9 N N N N 109 23 -7 -7 -7
1 30016 214 -16 -1 0 0 0 0 0 -8 4 2 33 6 38 69 42 562 158 38 -4 -14 -14
1 29984 216 -33 2 2 0 0 0 0 -15 9 4 144 34 N N N N 275 59 -16 -20 -20
1 30015 207 23 -3 0 0 0 0 0 11 -6 -3 100 27 38 68 43 562 292 62 -19 -19 -19
1 29984 221 44 4 -2 0 0 -1 0 20 -12 -5 126 32 N N N N 206 43 -16 -13 -13
1 30016 231 40 -3 2 0 0 0 0 17 -13 -5 154 42 38 67 42 562 548 121 -26 -41 -41
1 29985 212 47 2 -1 0 0 0 0 19 -16 -5 150 40 N N N N 513 117 -18 -41 -41
1 30015 219 -25 -2 2 0 0 0 0 -9 9 2 112 32 37 66 42 562 369 75 -29 -23 -23
1 28743 132 2 235 -57 184 -496 -59 -4 -5 -1 63 61 19 N N N N -32 -18 -18 10 10
1 30031 61 46 -15 1 -2 -1 -141 0 21 -15 -9 2 3 36 68 43 562 -285 -72 -2 28 28
1 30029 30 41 -11 4 1 -1 -132 0 16 -16 -7 -1 0 N N N N -199 -50 -2 19 19
1 29997 -3 18 -32 4 -1 2 -136 0 7 -7 -6 5 1 38 67 43 562 -152 -39 0 14 14
1 44485 -178 -43 333 4 400 -1 -153 0 -62 10 119 4 1 N N N N -149 -40 -6 16 16
1 15459 -105 -42 -3 -4 -1 0 -70 0 -12 16 -9 -8 2 39 68 41 562 -26 -6 1 2 2
1 30004 -258 -24 -39 6 1 1 -132 0 -6 10 -10 -73 -16 N N N N 61 21 10 -9 -9
1 29980 -351 10 -18 4 0 -2 -132 0 5 -3 -2 -226 -54 37 69 41 562 492 134 20 -54 -54
1 30035 -382 -48 1 -8 0 1 -129 0 -16 16 -8 -182 -50 N N N N 182 64 33 -30 -30
1 31237 -422 -49 -76 17 -1 -1 -95 4 -22 14 -9 -148 -41 35 67 44 562 -699 -153 35 51 51
1 29985 -456 18 -1 2 0 0 0 0 8 -5 2 -228 -61 N N N N -556 -119 35 38 38
1 30016 -468 35 1 0 0 0 0 0 15 -10 5 -38 -10 35 69 42 562 -578 -137 13 49 49
1 29985 -476 6 -2 -3 0 0 0 0 3 -3 1 -71 -15 N N N N -343 -80 9 29 29
1 30015 -454 3 5 4 0 0 0 0 0 0 0 -186 -47 37 67 45 562 -228 -43 26 12 11
1 29984 -470 102 -3 -1 0 0 0 0 40 -37 13 -409 -105 N N N N -325 -55 46 12 13
1 30016 -470 88 0 1 0 0 0 0 28 -37 9 -155 -44 37 67 42 562 772 218 44 -91 -91
1 29984 -468 49 0 0 0 0 0 0 13 -22 4 -133 -37 N N N N 691 189 28 -76 -76
1 30016 -452 -32 0 -2 0 0 0 0 -8 14 -2 -154 -39 39 67 43 562 689 188 27 -76 -76
1 29984 -474 -35 1 0 0 0 0 0 -10 16 -3 -44 -12 N N N N 651 171 13 -66 -66
1 34016 -542 -184 3 -132 10 -1392 -5 -2 -68 37 31 -35 -6 38 65 43 562 428 112 7 -43 -43
1 30866 -482 -183 5 129 1 1405 0 2 -86 77 -78 -72 -16 N N N N 260 69 8 -28 -28
1 30016 -451 -52 -1 5 0 0 0 0 -26 8 -12 -121 -28 38 69 42 562 549 149 18 -58 -58
1 29984 -460 29 -5 -4 0 0 0 0 16 -4 5 -130 -31 N N N N 1411 367 22 -141 -141
1 30015 -458 24 4 6 0 0 0 0 11 -3 4 -215 -56 38 67 43 562 953 256 28 -100 -100
1 29984 -459 94 0 2 0 0 0 0 45 -20 14 -54 -14 N N N N 1423 372 23 -140 -140
1 30016 -468 82 0 -2 0 0 0 0 36 -24 14 -141 -36 38 68 43 562 728 193 16 -73 -73
1 29984 -449 76 1 -3 0 0 0 0 32 -25 10 -165 -44 N N N N 252 81 28 -35 -35
1 30019 -450 69 -1 3 0 0 0 0 24 -26 9 -208 -54 41 73 42 562 -485 -100 36 30 30
1 29981 -459 85 -1 -3 0 0 0 0 26 -38 8 -131 -36 N N N N -539 -122 22 40 40
1 30016 -441 110 0 4 0 0 0 0 24 -52 8 -193 -51 39 80 43 562 -665 -154 24 51 51
1 29984 -448 56 -1 -4 0 0 0 0 9 -29 3 -128 -33 N N N N -618 -133 36 43 43
1 35722 -479 -150 -23 -130 -30 -1406 -2 -2 -23 40 11 -11 -3 37 70 44 562 -132 -29 8 9 9
1 30456 -390 -219 3 -3 0 0 0 0 -75 90 -1 -147 -34 N N N N 7 7 9 -5 -5
1 31309 -386 -178 4 126 0 1393 0 2 -83 77 -70 -116 -32 37 69 42 562 303 92 25 -38 -38
1 29984 -381 -59 -2 6 0 0 0 0 -30 11 -12 -122 -33 N N N N 187 62 25 -28 -28
1 30015 -379 -58 -1 -3 0 0 0 0 -29 6 -9 -77 -18 37 68 42 562 109 37 14 -16 -16
1 29983 -376 -49 1 1 0 0 0 0 -26 4 -9 -79 -21 N N N N 64 24 14 -11 -11
1 30016 -384 -61 1 -2 0 0 0 0 -32 1 -10 -74 -19 38 66 43 562 153 48 14 -20 -20
1 29986 -359 -44 1 3 0 0 0 0 -24 -2 -8 -98 -24 N N N N 265 76 16 -31 -31
1 30015 -370 -48 -1 -1 0 0 0 0 -25 -3 -8 -157 -40 38 69 40 562 191 60 17 -25 -25
1 29983 -365 53 0 3 0 0 0 0 28 3 8 -218 -59 N N N N 301 101 42 -45 -45
1 30017 -341 47 -3 0 0 0 0 0 25 1 8 -153 -42 38 68 42 562 166 59 27 -27 -27
1 29983 -367 46 7 -1 0 0 0 0 24 0 8 -116 -31 N N N N 316 92 18 -37 -37
1 30016 -365 -64 -4 -1 0 0 0 0 -34 0 -10 -148 -40 37 70 43 562 400 118 27 -48 -48
1 34575 -441 97 7 131 0 1400 0 -2 50 6 -53 -136 -38 N N N N -354 -75 25 23 23
1 30015 -396 243 -1 4 0 0 0 0 120 -32 46 -203 -54 37 70 42 562 -1112 -270 20 94 94
1 35044 -456 167 2 -129 8 -1390 0 2 70 -72 81 -26 -10 N N N N -2127 -525 26 188 188
1 30016 -359 35 -5 0 0 0 0 0 11 -15 4 -18 -2 39 70 43 562 -618 -155 5 56 56
1 29984 -372 32 2 -2 0 0 0 0 10 -14 3 -25 -5 N N N N -260 -64 4 23 23
1 30016 -366 -17 2 -2 0 0 0 0 -5 7 0 -1 3 37 69 44 562 -107 -25 3 9 9
1 29983 -370 2 -6 11 0 0 0 0 1 2 -4 -9 -1 N N N N -105 -26 2 9 9
1 30016 -376 6 3 -9 0 0 0 0 1 -5 5 1 4 37 68 44 562 -28 -7 1 3 3
1 29984 -369 0 -2 -1 0 0 0 0 1 0 -2 0 2 N N N N -13 -2 0 0 0
1 30016 -377 18 5 6 0 0 0 0 5 -6 2 -2 2 39 69 41 562 -5 -2 0 1 1
1 29985 -373 -1 -5 -5 0 0 0 0 1 -1 -1 -5 2 N N N N -4 -1 1 0 0
1 30015 -386 38 5 -1 0 0 0 0 9 -18 5 -21 -3 39 70 43 562 -87 -20 2 7 7
1 29984 -377 -3 -3 -2 0 0 0 0 0 1 0 -3 2 N N N N -75 -18 2 7 7
1 33957 -435 -162 5 -133 11 -1406 -1 -2 -55 33 31 -28 -5 38 69 43 562 -66 -14 4 4 4
1 31820 -411 -225 -12 109 -34 1403 -1 2 -99 92 -68 -36 -6 N N N N -118 -28 6 9 9
1 30827 -346 -58 -10 21 0 0 0 0 -28 13 -20 -7 1 38 68 41 562 -156 -38 2 14 14
1 29984 -327 -34 1 -2 0 0 0 0 -18 3 -5 -2 2 N N N N -101 -25 2 9 9
1 30017 -316 -39 0 0 0 0 0 0 -20 4 -6 -5 0 36 70 42 562 -33 -8 0 3 3
1 29983 -350 -38 -2 -2 0 0 0 0 -20 1 -6 -27 -4 N N N N -33 -6 3 2 2
1 30017 -328 -11 -1 0 0 0 0 0 -6 1 -1 -147 -44 36 72 43 562 -177 -43 4 15 15
1 29983 -335 -27 -2 3 0 0 0 0 -14 0 -5 -1185 -321 N N N N -1264 -219 178 49 49
1 30016 -335 -54 3 -1 0 0 0 0 -29 -2 -9 -90 -35 38 69 42 562 -250 -37 47 5 5
1 29986 -334 -17 -1 1 0 0 0 0 -9 0 -3 -135 -41 N N N N -266 -50 32 12 12
1 30014 -337 -18 1 0 0 0 0 0 -9 -2 -3 -20 -4 36 69 42 562 -192 -44 10 15 15
1 29986 -336 -8 -1 1 0 0 0 0 -5 0 -1 -25 -7 N N N N -89 -19 6 6 6
1 33249 -398 176 10 130 0 1390 0 -2 92 10 -41 -20 -4 36 69 42 562 -92 -20 5 7 7
1 31018 -381 278 -1 -22 0 -193 -2 -1 138 -45 60 -45 -8 N N N N -38 -7 6 1 1
1 29511 -336 107 -1 -99 6 -1206 2 3 43 -51 59 -64 -16 38 67 40 562 -99 -21 7 7 7
1 29983 -355 28 0 -2 0 0 0 0 10 -12 3 -66 -17 N N N N -149 -31 13 9 9
1 30016 -357 -54 0 -3 0 0 0 0 -20 20 -5 -153 -40 38 67 42 562 -94 -16 15 3 3
1 29987 -352 -77 -3 3 0 0 0 0 -32 26 -10 -386 -106 N N N N -204 -21 55 -2 -2
1 30014 -365 -72 2 -1 0 0 0 0 -33 20 -9 -440 -125 35 69 44 562 -918 -190 82 56 56
1 29984 -355 -65 0 0 0 0 0 0 -31 15 -10 -51 -17 N N N N -837 -202 24 72 72
1 30015 -372 -23 -5 0 0 0 0 0 -11 4 -3 -50 -14 36 69 42 562 -266 -61 13 21 21
1 29984 -360 6 5 -2 0 0 0 0 3 -1 1 -36 -11 N N N N -129 -29 8 10 10
1 30017 -359 12 0 3 0 0 0 0 6 -2 1 -107 -26 38 70 39 562 -134 -27 14 7 7
1 29983 -369 -22 -1 -4 0 0 0 0 -10 4 -3 -211 -55 N N N N -34 3 22 -5 -5
1 30016 -358 -68 -1 3 1 -1 0 0 -36 10 -10 -113 -33 37 70 44 562 462 139 35 -59 -59
1 29985 -385 -55 1 2 0 0 0 0 -29 4 -9 -131 -36 N N N N -80 -7 23 -2 -2
1 30015 -357 -23 -1 0 0 0 0 0 -12 2 -4 -118 -33 38 70 41 562 -571 -138 19 49 49
1 29985 -379 -27 -4 -7 0 0 0 0 -13 0 -3 -528 -148 N N N N -868 -188 66 60 60
1 30017 -385 27 5 6 0 0 0 0 13 0 4 -564 -163 39 70 42 562 -2192 -516 99 180 180
1 29983 -368 16 -4 -2 0 0 0 0 9 -2 2 -210 -64 N N N N -2089 -516 50 193 193
1 30016 -378 -1 3 2 0 0 0 0 -1 2 0 -92 -29 40 67 43 562 -1203 -296 33 110 110
1 29985 -375 54 1 2 0 0 0 0 28 -5 7 -186 -52 N N N N -976 -243 23 92 92
1 30016 -360 110 1 -4 0 0 0 0 57 -17 17 -259 -73 38 69 44 561 -1081 -264 35 99 99
1 29984 -364 27 -2 2 0 0 0 0 12 -6 5 -118 -37 N N N N -426 -90 42 28 28
1 30014 -378 11 1 0 -1 0 -1 0 6 -2 1 -106 -30 37 69 42 561 259 76 18 -34 -34
1 29986 -375 47 1 0 0 0 0 0 22 -11 7 -79 -20 N N N N 254 74 15 -32 -32
1 30014 -371 75 -1 1 0 0 0 0 32 -24 9 -189 -53 38 68 42 562 -274 -59 26 19 19
1 29984 -356 60 -4 -1 0 0 0 0 25 -21 7 -107 -31 N N N N -860 -212 25 80 80
1 30017 -363 63 3 0 0 0 0 0 23 -24 7 -116 -33 35 67 42 561 -344 -79 23 28 28
1 29983 -378 24 3 0 0 0 0 0 8 -10 2 -394 -110 N N N N -724 -164 53 56 56
1 30017 -370 -46 -5 -1 0 0 0 0 -16 18 -4 -201 -61 39 71 44 561 -1614 -401 45 155 155
1 29984 -366 -52 1 0 0 0 0 0 -19 20 -6 -72 -23 N N N N -1015 -256 22 100 100
1 30016 -356 -14 1 0 0 0 0 0 -6 5 -1 -115 -32 38 68 42 561 -817 -207 17 82 82
1 29985 -376 30 1 1 0 0 0 0 12 -10 3 -496 -138 N N N N -1042 -245 62 90 90
1 30014 -378 44 -3 0 0 -1 0 0 16 -18 4 -380 -113 38 67 44 561 -1561 -380 70 145 145
1 29985 -370 54 0 0 0 0 0 0 18 -22 5 -390 -115 N N N N -1613 -396 66 155 155
1 30015 -360 4 2 0 0 0 0 0 1 -2 0 -66 -26 38 68 43 561 -1324 -331 44 132 132
1 29985 -360 -29 -2 -1 0 0 0 0 -9 12 -2 -114 -31 N N N N -606 -153 16 62 62
1 30016 -374 -48 3 1 0 0 0 0 -17 20 -5 -150 -42 38 67 42 561 -535 -130 29 50 50
1 29983 -371 -44 -1 -1 0 0 0 0 -17 16 -4 -85 -26 N N N N -507 -127 17 52 52
1 30017 -395 -53 -1 -1 0 0 0 0 -21 18 -6 -34 -7 37 69 45 561 -294 -72 13 29 29
1 29984 -367 -2 1 0 0 0 0 0 -1 1 0 -67 -18 N N N N -229 -56 10 22 22
1 30015 -370 36 0 1 0 0 0 0 15 -12 4 -195 -54 38 71 43 561 -325 -76 26 28 28
1 29986 -374 28 0 -2 0 0 0 0 11 -10 3 -128 -38 N N N N -496 -120 28 47 47
1 30014 -386 -33 -2 -1 0 0 0 0 -13 11 -4 -156 -44 38 67 41 561 -606 -148 29 59 59
1 29984 -371 17 1 2 0 0 0 0 7 -5 2 -145 -40 N N N N -662 -167 24 68 68
1 30016 -369 25 -2 2 0 0 0 0 10 -9 3 -262 -76 39 69 43 561 -645 -159 34 63 63
1 29984 -377 -16 3 -2 0 0 0 0 -7 5 -2 -162 -50 N N N N -1242 -311 46 129 129
1 30017 -362 16 -1 -3 0 0 0 0 7 -6 2 -131 -37 40 71 43 561 -633 -160 20 67 67
1 29984 -374 37 -3 1 0 0 0 0 14 -14 4 -140 -41 N N N N -766 -193 30 80 80
1 30015 -372 -6 3 3 0 0 0 0 -3 3 -1 -59 -17 39 69 43 560 -634 -165 11 72 72
1 29986 -355 -25 2 1 0 0 0 0 -9 10 -3 -106 -30 N N N N -565 -143 21 60 60
1 30015 -384 -46 -5 -2 0 0 0 0 -18 16 -5 -447 -125 37 73 43 560 -827 -203 47 83 83
1 29983 -373 -43 3 1 0 0 0 0 -18 14 -5 -244 -75 N N N N -408 -86 62 29 29
1 30016 -365 -32 -1 -1 1 1 0 0 -14 10 -4 -113 -34 41 68 42 560 33 22 37 -17 -17
1 29988 -352 -46 2 -1 0 0 0 0 -21 12 -6 -212 -62 N N N N -227 -49 32 17 17
1 30012 -361 -68 -4 -2 0 0 0 0 -33 15 -8 -165 -50 40 68 44 560 -1186 -305 35 132 132
1 29984 -359 -41 3 3 0 0 0 0 -20 9 -7 -24 -8 N N N N -950 -250 13 112 112
1 30016 -371 -53 -1 0 0 0 0 0 -28 6 -8 -23 -6 39 71 43 560 -584 -155 6 69 69
1 29984 -340 -56 0 -1 0 0 0 0 -29 5 -9 -92 -23 N N N N -244 -62 9 28 28
1 30016 -355 -52 0 -2 0 0 0 0 -27 2 -8 -17 0 39 76 42 560 404 114 16 -55 -55
1 29984 -347 -13 1 2 0 0 0 0 -7 1 -3 -119 -31 N N N N 2947 793 7 -361 -361
1 30018 -346 5 -1 2 0 0 0 0 2 -1 1 -229 -64 40 69 43 560 759 218 37 -103 -103
1 29982 -353 -18 0 -3 0 0 0 0 -9 1 -3 -153 -47 N N N N -689 -175 27 74 74
1 33665 -407 114 7 127 -1 1391 -1 -2 59 3 -47 -235 -69 38 67 43 560 -1479 -382 45 164 164
1 30970 -388 275 -3 -19 1 -205 0 -1 133 -51 59 -260 -78 N N N N -1755 -459 36 204 204
1 29501 -355 98 0 -104 7 -1191 0 3 38 -52 56 -221 -68 40 69 44 560 -3016 -796 51 359 359
1 29985 -364 38 -1 0 0 0 0 0 13 -15 4 -92 -32 N N N N -2236 -597 21 277 277
1 30013 -351 66 0 -1 0 0 0 0 20 -29 6 -316 -90 39 70 43 560 -1905 -501 42 232 232
1 29984 -351 15 3 1 0 0 0 0 4 -7 1 -258 -77 N N N N -2024 -532 53 248 248
1 30016 -355 2 -3 -2 0 0 0 0 1 -1 0 -223 -69 36 68 42 560 -1372 -357 49 166 166
1 29987 -358 21 -5 3 0 0 0 0 5 -9 2 -236 -70 N N N N -949 -246 43 114 114
1 30015 -355 22 7 3 0 0 0 0 5 -10 1 -33 -14 38 70 43 559 -1033 -274 20 133 133
1 29984 -340 35 1 -13 0 0 0 0 8 -20 4 -31 -7 N N N N -464 -124 9 60 60
1 30016 -343 -12 -2 5 0 0 0 0 -2 7 -3 -8 -2 39 69 43 559 -272 -73 2 35 35
1 29982 -350 -16 -1 2 0 0 0 0 -4 8 -1 -27 -6 N N N N -144 -38 6 19 19
1 34313 -412 -156 4 -132 10 -1387 0 -2 -46 36 32 -240 -65 40 70 42 559 -127 -28 23 11 11
1 30547 -372 -277 -2 18 0 199 1 -1 -119 94 -23 -672 -192 N N N N -381 -81 90 27 27
1 29925 -354 -159 4 110 1 1202 -1 3 -81 43 -78 -675 -207 38 73 43 559 -1230 -307 110 138 138
1 29983 -359 15 0 3 0 0 0 0 8 0 1 -470 -147 N N N N -3901 -1042 101 518 518
1 30017 -364 13 -4 -2 0 0 0 0 7 -1 2 -88 -38 38 67 45 559 -3628 -981 62 505 505
1 29983 -346 -52 1 -2 0 0 0 0 -27 3 -8 -109 -35 N N N N -1458 -394 22 207 207
1 30015 -373 -46 2 3 0 0 0 0 -25 1 -8 -42 -13 40 69 47 559 -850 -230 16 122 122
1 29984 -349 -8 0 2 0 0 0 0 -4 -2 -2 -30 -8 N N N N -181 -48 11 24 24
1 30017 -350 -49 0 -1 0 0 0 0 -26 -2 -7 31 16 36 73 43 559 770 212 -1 -113 -113
1 29983 -357 -39 1 -1 0 0 0 0 -20 -3 -7 -154 -40 N N N N 2001 550 9 -295 -295
1 30016 -355 13 -1 1 0 0 0 0 7 1 1 -441 -129 40 69 41 559 101 40 61 -29 -29
1 29985 -344 11 1 1 0 0 0 0 5 2 2 -612 -181 N N N N -763 -192 88 90 90
1 33661 -412 131 8 126 0 1392 0 -2 68 9 -45 -1235 -353 40 70 46 559 -20 30 186 -40 -40
1 30455 -384 223 -1 1 0 0 0 0 112 -23 43 -447 -144 N N N N 3311 942 119 -513 -513
1 30429 -361 31 -10 -126 -1 -1406 0 2 17 -23 63 -951 -293 38 71 42 559 5320 1529 212 -814 -814
1 29984 -341 -87 -2 -1 0 0 0 0 -42 19 -12 -230 -77 N N N N 4379 1237 57 -622 -622
1 30014 -351 -105 3 -1 0 0 0 0 -53 16 -17 -532 -163 40 70 44 559 3177 913 90 -457 -457
1 29985 -353 -47 1 1 0 0 0 0 -25 4 -7 -573 -179 N N N N 1590 480 112 -246 -246
1 30015 -363 -11 -1 -2 0 0 0 0 -5 1 -2 -882 -270 40 69 43 558 1936 585 126 -296 -296
1 29984 -361 61 1 3 0 0 0 0 31 -5 9 -841 -270 N N N N -1685 -415 185 166 166
1 30017 -358 91 -1 -1 0 0 0 0 47 -13 15 -509 -164 40 73 42 558 -4328 -1197 90 561 561
1 29984 -353 74 -2 -2 0 0 0 0 36 -16 11 -650 -199 N N N N -360 -61 145 7 7
1 30017 -349 -45 1 -2 0 0 0 0 -21 10 -6 -414 -124 39 71 43 558 5823 1685 94 -824 -824
1 29985 -328 -79 0 0 0 0 0 0 -40 14 -12 -448 -142 N N N N 6424 1867 102 -877 -877
1 30014 -353 -12 -2 1 0 0 0 0 -6 1 -2 -520 -166 39 73 41 558 3808 1117 77 -512 -512
1 29984 -350 83 3 3 0 -3 0 0 41 -14 12 -603 -200 N N N N -3987 -1092 131 465 465
1 30015 -332 113 0 2 0 0 0 0 53 -27 15 -280 -96 40 73 43 558 -5608 -1587 62 721 721
1 29985 -330 121 -2 -2 0 0 0 0 50 -41 15 -730 -230 N N N N -2781 -760 126 339 339
1 30015 -302 42 0 -1 0 0 0 0 15 -17 5 -191 -70 39 81 43 558 -1687 -461 81 209 209
1 29986 -306 34 2 1 0 0 0 0 11 -14 3 -47 -18 N N N N -576 -160 22 74 74
1 30016 -319 -8 -2 -1 0 0 0 0 -3 3 -1 -18 -7 39 82 43 558 -254 -70 11 32 32
1 29982 -293 35 3 0 0 0 0 0 11 -15 3 -613 -182 N N N N -235 -47 73 11 11
1 30017 -304 -12 -1 -2 0 0 0 0 -3 5 -1 -474 -150 40 75 42 558 444 161 109 -95 -95
1 29983 -302 29 -1 4 0 0 0 0 8 -12 3 -359 -116 N N N N 594 191 61 -103 -103
1 30016 -293 48 -1 -1 0 0 0 0 13 -22 3 -467 -151 39 74 43 558 1485 462 98 -238 -238
1 36632 -371 -143 -6 -133 0 -1382 0 -2 -42 29 29 -401 -130 N N N N 2759 837 103 -414 -414
1 30015 -306 -203 3 -2 0 0 0 0 -85 69 -8 -9 -6 41 77 43 558 354 112 27 -57 -57
1 34810 -353 10 -1 133 1 1393 0 2 4 27 -56 -659 -204 N N N N -22 22 85 -25 -25
1 30015 -319 93 2 1 0 0 0 0 41 -27 12 -207 -73 40 76 42 558 2154 652 64 -314 -314
1 29985 -315 91 0 -1 0 0 0 0 36 -33 10 -151 -50 N N N N 1651 498 39 -236 -236
1 30015 -327 49 1 -1 0 0 0 0 17 -20 5 -99 -36 43 76 43 558 898 273 27 -129 -129
1 29985 -313 -9 0 0 0 0 0 0 -3 4 -1 -150 -46 N N N N 486 154 32 -76 -76
1 30015 -334 -18 -3 0 0 0 0 0 -6 7 -2 -337 -103 40 78 43 557 -772 -215 31 93 93
1 29985 -321 -20 2 -2 0 0 0 0 -7 8 -1 -395 -126 N N N N 1257 410 112 -206 -206
1 30015 -348 -12 1 3 0 0 0 0 -5 5 -2 -101 -30 38 77 42 557 3768 1120 23 -503 -503
1 29984 -336 -41 1 -3 0 0 0 0 -15 15 -4 -62 -22 N N N N 2407 719 23 -318 -318
1 30016 -341 -47 -1 1 0 0 0 0 -19 16 -6 -49 -17 38 77 43 557 1033 310 12 -136 -136
1 29986 -336 -39 -1 0 0 0 0 0 -17 12 -4 -45 -10 N N N N 452 140 16 -63 -63
1 30015 -341 -35 0 3 0 0 0 0 -16 10 -6 -8 -1 40 75 44 557 -392 -114 4 48 48
1 19983 -222 -23 0 -6 0 0 0 0 -10 6 -2 5 6 N N N N -1156 -341 -1 148 148
1 20016 -242 23 1 4 0 0 0 0 10 -6 2 -147 -45 37 76 40 557 -686 -197 16 82 82
1 19985 -224 29 1 0 0 0 0 0 13 -8 4 -57 -18 N N N N 1417 427 18 -187 -187
1 20017 -222 6 -1 2 0 0 0 0 2 -2 1 -3 0 39 81 42 557 1165 347 8 -151 -151
1 19983 -238 17 0 0 0 0 0 0 8 -4 3 -85 -29 N N N N 326 100 10 -45 -45
1 20016 -225 34 -1 -3 0 0 0 0 15 -12 3 -69 -19 36 73 43 556 1274 384 17 -166 -166
1 19983 -232 27 -1 0 0 0 0 0 11 -9 4 -46 -17 N N N N 991 298 10 -127 -127
1 20018 -224 25 3 4 0 0 0 0 9 -8 3 -79 -21 40 80 42 556 1033 310 12 -133 -133
1 19983 -228 23 -1 -2 0 0 0 0 9 -9 3 -63 -22 N N N N 1234 372 14 -157 -157
1 20015 -234 -2 0 1 0 0 0 0 -1 0 -1 -20 -2 39 84 41 557 1118 335 10 -140 -140
1 19986 -222 -41 0 -4 0 0 0 0 -15 15 -4 -315 -95 N N N N -1018 -288 28 113 113
1 20014 -248 -67 -4 0 0 0 0 0 -28 22 -8 -282 -85 39 76 43 556 -3888 -1124 63 460 460
1 19985 -226 -54 3 1 0 0 0 0 -24 16 -7 -42 -19 N N N N -4146 -1217 31 518 518
1 20017 -232 -61 0 1 0 0 0 0 -30 14 -9 -57 -18 39 75 41 556 -2479 -729 16 319 319
1 19984 -233 -78 1 1 0 0 0 0 -39 15 -11 -146 -51 N N N N -1140 -332 17 145 145
1 20014 -246 -90 -1 -3 0 0 0 0 -46 9 -14 -184 -78 38 85 41 556 -304 -78 32 29 29
1 19986 -221 -62 1 0 0 0 0 0 -33 2 -11 -133 -7 N N N N 259 89 31 -46 -46
1 20014 -228 -4 -2 2 0 0 0 0 -2 0 -1 -428 -130 41 76 39 556 539 181 55 -90 -90
1 19986 -216 55 2 1 0 0 0 0 29 -1 9 -126 -48 N N N N 1508 471 56 -219 -219
1 20014 -238 76 -1 1 0 0 0 0 40 -7 11 -105 -35 40 73 42 556 1549 474 29 -213 -213
1 19985 -227 67 1 -1 0 0 0 0 34 -10 11 -142 -42 N N N N 689 216 25 -99 -99
1 20016 -227 -70 -2 -1 0 0 0 0 -36 10 -10 -585 -175 38 75 43 556 -3267 -942 87 398 398
1 19984 -235 -107 0 -2 0 0 0 0 -56 7 -16 -314 -100 N N N N -3598 -1053 65 463 463
1 20015 -234 -110 1 1 0 0 0 0 -58 -2 -19 -479 -153 40 73 44 555 -969 -262 76 107 107
1 19985 -215 -31 -1 0 0 0 0 0 -16 -3 -5 -414 -133 N N N N 669 241 111 -130 -130
1 20015 -229 26 -1 4 0 0 0 0 13 3 4 -50 -27 39 79 41 555 676 221 48 -109 -109
1 19986 -223 28 1 -2 0 0 0 0 15 2 4 -68 -22 N N N N 424 134 17 -63 -63
1 20014 -233 37 2 -1 0 0 0 0 20 1 6 -36 -14 39 73 41 555 367 116 17 -56 -56
1 19985 -238 29 -3 1 0 0 0 0 15 0 5 -21 -8 N N N N 235 76 11 -36 -36
1 23251 -269 151 5 128 0 1402 1 -2 78 0 -41 -187 -57 40 77 42 555 -36 -3 24 -3 -3
1 21487 -250 192 3 -23 -2 -192 -1 -1 92 -38 47 -393 -120 N N N N -138 -21 54 0 0
1 19393 -212 73 -8 -100 2 -1212 0 3 32 -39 52 -212 -71 42 74 43 555 -460 -117 58 43 43
1 19984 -229 31 1 -2 0 0 0 0 12 -11 5 -76 -27 N N N N 855 270 31 -128 -128
1 20017 -227 8 -3 -4 0 0 0 0 4 -4 0 -88 -30 42 75 44 554 1149 357 25 -164 -164
1 19983 -224 40 4 5 0 0 0 0 13 -15 4 -280 -82 N N N N 746 235 23 -109 -109
1 20017 -235 12 -2 -1 0 0 0 0 4 -5 1 -184 -61 40 74 43 555 1371 439 59 -205 -205
1 19983 -237 -11 -2 -2 0 0 0 0 -3 4 0 -326 -103 N N N N 1643 515 42 -233 -233
1 20017 -211 0 2 -1 0 0 0 0 0 0 -1 -443 -135 38 72 41 555 1637 533 86 -246 -246
1 19983 -230 1 0 3 0 0 0 0 0 0 1 -341 -109 N N N N 1295 426 73 -196 -196
1 20016 -222 -11 0 1 0 0 0 0 -4 5 -2 -134 -51 40 71 43 554 1412 457 63 -205 -205
1 19987 -229 -26 0 0 0 0 0 0 -9 10 -3 -129 -42 N N N N 1253 396 30 -172 -172
1 20015 -214 -57 1 -4 0 0 0 0 -22 20 -5 -107 -36 39 72 44 554 1075 342 31 -149 -149
1 19983 -247 -44 -2 1 0 0 0 0 -18 15 -6 -33 -11 N N N N 478 155 18 -67 -67
1 20015 -217 -28 0 1 0 0 0 0 -13 8 -3 -99 -32 37 71 43 554 365 117 13 -51 -51
1 19984 -237 -29 1 -2 0 0 0 0 -13 8 -4 -15 -6 N N N N 544 175 18 -75 -75
1 20016 -215 -15 0 2 0 0 0 0 -7 4 -2 -72 -22 38 72 40 554 574 178 6 -75 -75
1 19984 -214 26 1 -1 -1 -2 0 0 12 -7 3 -103 -32 N N N N 605 197 24 -84 -84
1 20016 -212 82 -1 2 0 0 0 0 35 -25 10 -124 -36 39 75 41 554 -238 -64 19 22 22
1 19984 -212 97 2 -3 0 0 0 0 38 -36 10 -267 -79 N N N N -564 -157 35 57 57
1 20016 -214 52 -2 0 0 0 0 0 17 -22 6 -91 -33 37 71 42 554 -177 -35 40 7 7
1 19984 -194 38 -2 4 0 0 0 0 11 -16 2 -168 -51 N N N N 153 60 29 -30 -30
1 20016 -203 47 -1 -3 0 0 0 0 12 -23 3 -217 -67 39 71 44 554 509 176 41 -80 -80
1 19984 -203 36 2 1 0 0 0 0 8 -17 1 -179 -56 N N N N 787 262 43 -115 -115
1 20018 -200 -6 0 -1 0 0 0 0 -1 3 1 -147 -48 39 74 42 554 1203 389 39 -165 -165
1 19985 -189 -23 -2 0 0 0 0 0 -5 11 -2 -110 -34 N N N N 966 311 28 -130 -130
1 20013 -214 -37 2 -3 0 0 0 0 -9 17 -1 -1 -5 38 73 43 553 285 95 15 -41 -41
1 19986 -186 -27 -1 5 0 0 0 0 -8 13 -3 -11 -3 N N N N 111 37 4 -15 -15
1 20017 -185 -45 -2 -2 0 0 0 0 -14 19 -4 -155 -44 39 73 46 554 0 7 16 -6 -6
1 19982 -193 -18 4 0 0 0 0 0 -5 8 -1 -58 -19 N N N N -316 -86 23 30 30
1 20017 -168 -24 -1 0 0 0 0 0 -8 10 -2 -113 -35 38 71 41 553 -324 -90 19 32 32
1 19984 -194 -54 1 0 0 0 0 0 -21 20 -6 -52 -16 N N N N -85 -18 18 4 4
1 18713 -172 -82 -3 -2 1 2 -41 -4 -33 28 -9 -189 -55 39 72 44 553 205 76 25 -35 -35
1 21285 -200 -17 -1 3 0 -2 -23 4 -8 5 -3 -105 -36 N N N N 344 119 27 -53 -53
1 20017 -205 -3 -5 3 0 0 0 0 0 2 -2 -275 -81 37 71 46 553 135 62 40 -33 -33
1 19985 -183 -77 5 -6 0 0 0 0 -36 19 -8 -783 -227 N N N N 14 42 76 -31 -31
1 20014 -222 -89 1 5 0 0 0 0 -45 17 -15 -94 -47 38 72 45 553 1014 370 111 -168 -168
1 19984 -212 -101 0 -2 0 0 0 0 -53 10 -14 -248 -80 N N N N 805 273 46 -117 -117
1 20016 -207 43 -1 0 0 0 0 0 23 -3 6 -171 -57 38 72 44 553 775 272 61 -119 -119
1 19986 -203 23 -1 -1 0 0 0 0 12 -2 4 -55 -20 N N N N 646 215 27 -89 -89
1 20014 -215 48 2 3 0 0 0 0 24 -7 7 -76 -24 39 76 47 553 365 122 16 -51 -51
1 19984 -220 49 -3 0 0 0 0 0 25 -9 6 -52 -17 N N N N 219 77 17 -33 -33
1 20016 -214 35 2 -1 0 0 0 0 17 -8 6 -36 -11 39 76 43 553 182 62 10 -26 -26
1 19984 -223 -8 -1 -4 0 0 0 0 -3 1 -2 -77 -22 N N N N 132 45 8 -19 -19
1 20017 -221 -75 -3 2 0 0 0 0 -38 15 -8 -1098 -301 37 72 46 552 141 57 24 -27 -27
1 19985 -217 32 4 -1 0 0 0 0 17 -5 3 -942 -295 N N N N 682 352 263 -188 -188
1 20017 -209 100 -4 2 0 0 0 0 48 -23 12 -567 -184 38 77 50 552 807 360 199 -177 -177
1 19982 -211 40 0 -5 0 0 0 0 19 -12 6 -33 -28 N N N N 559 213 69 -95 -95
1 20015 -217 37 -3 6 0 0 0 0 14 -12 4 -32 -14 38 77 51 552 345 123 25 -51 -51
1 19984 -188 25 3 -1 0 0 0 0 11 -8 3 -150 -41 N N N N -45 0 27 -6 -6
1 20018 -198 55 -2 -2 0 0 0 0 21 -21 5 -367 -101 40 78 52 552 -574 -159 40 53 53
1 19982 -184 78 0 3 0 0 0 0 26 -32 7 -249 -76 N N N N -509 -118 82 28 28
1 20016 -182 98 -1 -2 0 0 0 0 27 -45 6 -1160 -335 41 75 53 552 -147 -7 74 -12 -12
1 19984 -177 55 -3 -1 0 0 0 0 12 -27 2 -2496 -672 N N N N 219 312 451 -209 -209
1 20016 -150 -9 1 2 0 0 0 0 -2 5 -1 -572 -204 40 79 60 552 1502 641 292 -301 -301
1 19985 -173 -118 0 -5 0 0 0 0 -27 55 -7 -175 -62 N N N N 1376 505 109 -210 -210
1 20016 -167 -124 0 4 0 0 0 0 -43 52 -9 -560 -150 39 75 60 552 1224 455 105 -190 -190
1 19983 -155 -106 -3 -3 0 0 0 0 -43 35 -12 -550 -157 N N N N 1196 461 129 -195 -195
1 20016 -171 -80 1 1 0 0 0 0 -37 22 -10 -283 -90 40 75 60 552 2096 743 106 -291 -291
1 19985 -169 -72 -1 1 0 0 0 0 -36 14 -10 -589 -162 N N N N 1735 608 71 -231 -231
1 20015 -137 -100 -1 1 0 0 0 0 -52 13 -14 -963 -279 40 75 60 552 2020 765 174 -305 -305
1 19984 -149 -109 2 -1 0 0 0 0 -58 4 -16 -738 -223 N N N N 2693 997 182 -383 -383
1 20016 -115 -105 -3 -2 0 0 0 0 -55 -7 -15 -1019 -300 38 76 62 552 2426 926 198 -355 -355
1 18715 -109 -61 -4 3 0 1 -41 -4 -32 -8 -7 -1760 -500 N N N N 3009 1126 198 -415 -415
1 20038 -79 0 -8 0 -2 0 -93 0 1 -1 1 -2185 -673 40 77 61 551 4185 1810 602 -712 -712
1 19974 -101 90 -3 -1 1 -1 -97 0 47 12 11 -484 -217 N N N N 6677 2432 257 -807 -807
1 22804 -132 180 3 132 0 1404 -25 2 95 7 -44 -2540 -757 41 79 69 552 5673 2192 352 -724 -724
1 10806 -73 108 1 -1 0 0 0 0 57 -9 16 -171 -96 N N N N 4358 1718 289 -552 -552
1 10488 -67 101 1 1 0 0 0 0 49 -19 17 -290 -110 39 79 75 551 4033 1483 124 -437 -437
1 12845 -98 111 3 -85 79 -1399 1 -2 50 -39 56 -397 -125 N N N N 3732 1392 129 -402 -402
1 10406 -73 -21 41 -40 -5 0 -41 0 -16 0 24 -367 -113 42 79 78 551 2191 834 92 -240 -240
1 8859 -76 -90 -2 1 1 0 -44 0 -40 26 -12 -442 -124 N N N N 2140 807 77 -225 -225
1 9801 -92 -139 -1 1 0 -1 -49 0 -68 28 -22 -753 -222 43 86 78 551 2532 999 137 -285 -285
1 8865 -84 -101 -1 -1 0 0 -45 0 -52 9 -17 -615 -184 N N N N 2550 1029 156 -291 -291
1 9829 -88 -65 -3 2 -1 1 -53 0 -34 2 -12 -161 -66 38 79 78 551 2099 847 125 -236 -236
1 8861 -80 -29 -1 1 1 -1 -44 0 -15 -1 -6 -417 -148 N N N N 2072 804 86 -214 -214
1 9300 -81 -15 -3 3 0 1 -51 0 -8 0 -3 -1144 -329 43 78 76 551 1949 810 132 -222 -222
1 13106 -109 26 -2 1 0 -1 -45 4 14 1 3 -1576 -492 N N N N 3579 1644 389 -468 -468
1 10834 -101 19 -2 -1 0 0 0 0 11 0 3 -720 -239 40 76 68 551 5063 2040 246 -515 -515
1 9988 -94 -41 -1 1 0 0 0 0 -22 -1 -6 -651 -213 N N N N 4420 1759 181 -424 -424
1 10013 -84 -100 -4 0 0 0 0 0 -52 -10 -14 -1957 -531 39 75 72 551 3529 1461 188 -351 -351
1 9983 -71 -80 -2 -2 0 0 0 0 -40 -13 -12 -1146 -393 N N N N 2445 1303 384 -354 -354
1 10016 -89 -51 -1 -4 0 0 0 0 -24 -13 -5 -872 -308 41 79 80 551 2536 1227 275 -308 -308
1 9985 -79 25 -3 3 0 0 0 0 12 6 3 -1660 -522 N N N N 3446 1597 302 -381 -381
1 10016 -85 -6 -7 -1 0 0 0 0 -2 -2 1 -2270 -679 41 87 100 551 4423 2181 476 -520 -520
1 9983 -91 52 3 -2 0 0 0 0 24 12 8 -1196 -318 N N N N 6675 2984 429 -640 -640
1 10016 -78 113 0 2 0 0 0 0 58 15 15 -1064 -343 45 97 118 551 6117 2673 319 -536 -536
1 9985 -87 115 0 1 0 0 0 0 61 6 17 -466 -173 N N N N 6348 2803 329 -539 -539
1 10015 -95 82 -6 1 0 0 0 0 44 -5 12 -1326 -401 44 97 130 550 5677 2410 207 -432 -432
1 9984 -86 29 1 1 0 0 0 0 15 -3 3 -565 -197 N N N N 3905 1925 324 -366 -366
1 10016 -73 -16 2 -3 0 0 0 0 -8 2 -1 -124 -75 44 100 130 550 6324 2728 232 -459 -458
1 9984 -102 -20 1 0 0 0 0 0 -11 1 -2 -53 -40 N N N N 5266 2106 72 -319 -320
1 10017 -91 -39 -2 -1 0 0 0 0 -20 3 -7 -182 -82 47 97 129 550 3757 1527 65 -229 -229
1 9983 -92 -52 0 0 0 0 0 0 -28 2 -7 -285 -119 N N N N 3130 1275 55 -188 -188
1 10016 -97 -7 2 1 0 0 0 0 -4 -1 -1 -202 -89 43 95 124 550 3241 1409 111 -214 -214
1 9984 -90 13 0 2 0 0 0 0 7 0 1 -86 -48 N N N N 3041 1238 49 -174 -174
1 10016 -102 13 4 0 0 0 0 0 6 0 2 -117 -56 43 95 124 550 2419 1018 58 -145 -145
1 9984 -101 0 -2 -1 0 0 0 0 1 1 -1 -98 -58 N N N N 2096 862 37 -119 -119
1 10016 -91 -16 1 0 0 0 0 0 -9 0 -1 -201 -83 46 93 124 550 1781 748 41 -104 -104
1 9985 -104 -14 3 -8 0 0 0 0 -7 -1 -1 -13 -13 N N N N 1452 640 51 -91 -91
1 10015 -91 -27 -3 6 0 0 0 0 -15 -1 -4 -159 -71 42 95 125 550 1519 610 17 -80 -80
1 9984 -96 -20 -1 -2 0 0 0 0 -10 0 -3 -26 -15 N N N N 1189 532 45 -75 -75
1 10016 -104 -22 2 0 0 0 0 0 -12 -2 -3 -81 -42 44 95 129 550 1272 507 12 -65 -65
1 9984 -97 -14 2 6 0 0 0 0 -8 -1 -4 -31 -9 N N N N 846 390 39 -56 -56
1 10018 -91 -12 -1 -8 0 0 0 0 -6 -1 1 -35 -13 45 92 127 550 1049 406 2 -50 -50
1 9982 -105 -19 3 4 0 0 0 0 -10 -2 -5 -170 -72 N N N N 586 269 25 -38 -38
1 10016 -92 -29 -3 -1 0 0 0 0 -14 -3 -5 -62 -22 45 99 125 550 855 378 30 -51 -51
1 9984 -108 -32 2 -1 0 0 0 0 -17 -6 -3 -142 -32 N N N N 844 355 17 -46 -46
1 13108 -135 1 2 111 0 1402 -10 -2 0 -1 -55 -40 -13 44 95 127 550 1204 546 48 -75 -75
1 11070 -122 65 5 19 0 0 0 0 33 9 -2 -73 -14 N N N N 934 385 15 -49 -49
1 10017 -128 94 -3 4 0 0 0 0 49 10 10 -58 -13 42 98 125 550 669 299 24 -40 -40
1 11334 -132 107 -1 0 0 0 0 0 57 1 17 -141 -48 N N N N 761 362 40 -50 -50
1 10016 -128 112 -4 0 0 0 0 0 58 -9 20 -59 -30 41 93 121 550 427 213 27 -30 -30
1 11925 -139 131 5 -1 0 0 0 0 63 -25 24 -183 -65 N N N N 575 292 40 -42 -42
1 12197 -153 126 -5 -100 0 -1404 -1 2 53 -51 62 -7 18 44 98 125 549 699 338 39 -47 -47
1 10804 -120 78 -1 -25 0 0 0 0 28 -35 18 145 66 N N N N 344 126 -3 -14 -14
1 10014 -105 86 3 -4 0 0 0 0 24 -40 8 403 244 50 103 125 549 22 -94 -59 22 22
1 9985 -109 91 0 6 0 0 0 0 20 -42 6 -97 2 N N N N -486 -265 -44 39 39
1 10017 -107 84 2 0 0 0 0 0 11 -43 4 -163 -52 45 98 118 549 -152 -44 9 4 4
1 5877 -69 73 -3 -4 0 0 0 0 6 -40 1 -129 -18 N N N N 133 88 20 -15 -15
1 5172 -38 -6 11 56 0 0 0 0 -3 17 2 -74 -26 43 96 113 549 62 59 20 -10 -10
1 5091 -62 -38 -17 -49 0 0 0 0 2 8 -7 -34 -8 N N N N 189 122 28 -20 -20
1 4931 -36 -9 -4 -15 0 0 0 0 0 1 0 -3 -2 45 101 120 549 282 97 -7 -10 -10
1 5599 -59 24 -3 19 0 0 0 0 2 -8 -2 -44 -16 N N N N 224 107 12 -14 -14
1 5793 -46 -7 3 15 0 0 0 0 -1 7 -2 -20 -5 43 97 113 549 219 94 5 -12 -12
1 4672 -42 19 -9 -32 0 0 0 0 4 -17 -1 -6 -5 N N N N 60 56 19 -10 -10
1 5164 -40 49 36 21 0 0 0 0 -8 -21 17 10 6 42 101 112 549 98 22 -9 -1 -1
1 5639 -62 -3567 -13 -14 0 0 0 0 2 -21 -5 30 5 N N N N 165 110 26 -18 -18
1 5175 -60 5 -15 0 0 0 0 0 4 -3 -9 -54 -10 46 99 112 549 209 67 -7 -6 -6
1 5092 -57 -15 4 -10 0 0 0 0 -1 6 3 -56 -21 N N N N 117 25 -12 -1 -1
1 4928 -42 -20 -11 -39 0 0 0 0 3 2 -5 -28 -8 46 101 116 549 122 92 25 -15 -15
1 5596 -34 3595 -13 29 0 0 0 0 3 9 -6 -14 -4 N N N N 57 52 18 -9 -9
1 5802 -57 -3588 22 2 0 0 0 0 -5 -6 10 -102 -28 45 97 112 548 299 80 -21 -6 -6
1 4664 -42 3568 -5 -7 0 0 0 0 1 15 -1 -2 -5 N N N N -51 39 34 -11 -11
1 5804 -54 1 13 25 0 0 0 0 -3 6 5 -17 -3 46 101 107 548 209 95 8 -12 -12
1 5743 -54 14 -6 -4 0 0 0 0 1 -9 -2 48 11 N N N N 175 104 20 -16 -16
1 5802 -41 -17 -10 0 0 0 0 0 2 9 -5 -96 -27 45 98 108 548 155 36 -13 -2 -2
1 4679 -43 -20 19 -12 0 0 0 0 -4 8 9 50 8 N N N N -17 -39 -19 8 8
1 5835 -55 -23 -14 -2 0 0 0 0 2 12 -7 -62 -11 44 100 107 548 -67 40 38 -11 -11
1 7865 -76 21 3 15 0 0 0 0 0 -8 0 -31 -10 N N N N 171 65 -1 -7 -7
1 5174 -41 13 2 0 0 0 0 0 -1 -7 3 13 -2 45 95 103 548 303 145 16 -20 -20
1 5107 -50 27 7 -8 0 0 0 0 0 -16 1 45 16 N N N N 123 70 12 -10 -10
1 4891 -55 -3580 -4 11 0 0 0 0 0 -8 0 -51 -14 44 93 102 548 133 39 -7 -4 -4
1 5574 -58 7 1 -1 0 0 0 0 0 -4 -1 -27 -7 N N N N 68 39 7 -5 -5
1 5792 -55 -1 -1 -16 0 0 0 0 1 -3 -1 18 2 47 97 106 548 45 19 1 -3 -3
1 4666 -49 -12 -12 7 0 0 0 0 3 8 -5 -27 -6 N N N N 36 28 8 -4 -4
1 5174 -43 3577 7 5 0 0 0 0 -2 13 5 19 6 47 97 107 548 135 41 -6 -4 -4
1 5692 -64 -10 1 -2 0 0 0 0 -1 5 0 -17 -6 N N N N 78 47 9 -7 -7
1 5178 -56 14 6 2 0 0 0 0 0 -7 1 9 4 43 92 104 548 -21 -14 -3 2 2
1 4965 -40 -3587 1 5 0 0 0 0 -2 -6 2 -4 -3 N N N N 123 62 8 -8 -8
1 5056 -62 3573 -12 -6 0 0 0 0 3 13 -6 -5 -1 45 97 104 547 77 36 4 -5 -5
1 5521 -47 -14 7 -21 0 0 0 0 -2 3 5 -23 -6 N N N N 86 22 -7 -1 -1
1 5809 -63 14 9 -5 0 0 0 0 -1 -9 2 12 5 44 96 104 547 78 55 14 -9 -9
1 4682 -41 22 -20 10 0 0 0 0 4 -9 -8 -11 -5 N N N N -3 3 3 -1 -1
1 5796 -59 -3588 17 16 0 0 0 0 -3 -3 7 18 5 43 94 102 547 132 29 -13 -1 -1
1 5590 -45 3551 -5 3 0 0 0 0 0 27 -1 -109 -28 N N N N 39 35 11 -6 -6
1 5823 -65 18 0 -1 0 0 0 0 0 -10 -2 102 26 43 94 107 547 21 20 7 -4 -4
1 4686 -50 12 6 1 0 0 0 0 0 -6 3 6 2 N N N N 68 8 -10 1 1
1 5180 -48 10 3 21 0 0 0 0 -2 0 4 -8 0 44 98 103 547 79 46 8 -6 -6
1 5647 -62 -3586 -9 -14 0 0 0 0 3 -11 -6 0 -3 N N N N 20 11 2 -2 -2
1 5174 -55 3576 -1 -7 0 0 0 0 1 11 -2 -30 -6 44 106 105 547 78 21 -5 -2 -2
1 4972 -49 -10 -9 -1 0 0 0 0 0 5 -1 -19 -6 N N N N 51 33 8 -5 -5
1 5112 -53 2 5 4 0 0 0 0 1 0 -1 -7 -1 45 95 102 547 1 -4 -3 1 1
1 5659 -54 -5 9 -3 0 0 0 0 -4 2 7 7 1 N N N N 66 38 7 -5 -5
1 5803 -50 1 -7 -6 0 0 0 0 3 -2 -5 -6 0 43 98 100 547 -40 -2 7 -1 -1
1 4673 -58 -4 12 -12 0 0 0 0 -3 -1 6 3 0 N N N N 128 45 -2 -5 -5
1 5799 -66 13 -5 12 0 0 0 0 1 -4 -2 -7 -1 44 98 101 546 -3 6 4 -2 -2
1 5648 -43 -26 -7 16 0 0 0 0 1 18 -4 -19 -4 N N N N 98 22 -9 0 0
1 5804 -61 9 -12 19 0 0 0 0 3 -1 -5 14 1 46 95 102 546 38 33 10 -6 -6
1 4682 -44 -17 0 -24 0 0 0 0 0 4 -1 -4 -1 N N N N -87 -36 -1 4 4
1 7622 -51 23 15 6 1 -2 -1 -3 -4 -11 9 -30 -6 44 95 102 546 33 6 -4 0 0
1 10834 -111 -31 -7 -133 3 -1390 -16 1 1 -14 -2 -4 -2 N N N N 35 30 9 -5 -5
1 5828 -68 -38 1 -4 0 0 0 0 -3 18 5 -3 2 49 94 100 546 148 67 6 -8 -8
1 4680 -41 -71 -12 -4 0 0 0 0 -6 37 0 -3 -3 N N N N 29 21 5 -4 -4
1 5310 -62 -58 20 -37 0 0 0 0 -14 17 18 0 0 46 95 99 545 40 9 -4 0 0
1 5620 -45 -44 -12 47 0 0 0 0 -7 35 -11 5 2 N N N N 30 22 6 -4 -4
1 5855 -63 -65 -9 -6 0 0 0 0 -16 29 0 -1 1 45 95 97 546 69 24 -1 -2 -2
1 4669 -52 -38 16 -6 0 0 0 0 -16 13 9 1 -1 N N N N 66 23 -2 -2 -2
1 5807 -53 -52 -4 -1 0 0 0 0 -16 23 -2 1 2 45 96 97 545 38 22 4 -4 -4
1 5519 -70 -50 10 -3 0 0 0 0 -21 17 4 3 0 N N N N 22 4 -2 0 0
1 5171 -61 -22 -6 21 0 0 0 0 -8 14 -9 2 1 45 96 103 545 51 22 1 -2 -2
1 5099 -64 -15 -4 -10 0 0 0 0 -6 3 4 0 0 N N N N -22 -7 1 0 0
1 4937 -52 -39 -10 -13 0 0 0 0 -14 11 -3 0 1 44 95 99 545 133 39 -7 -3 -3
1 5638 -60 -39 17 -7 0 0 0 0 -21 8 7 6 2 N N N N -44 -18 0 2 2
1 5806 -66 -60 -7 2 0 0 0 0 -28 17 -5 -3 0 45 97 100 545 -87 -23 5 2 2
1 7915 -99 -103 -8 41 1 218 1 -1 -51 30 -29 -10 -2 N N N N -40 -9 4 0 0
1 8385 -98 -71 22 96 -1 1183 -1 3 -41 23 -54 -6 -2 47 96 97 545 74 26 -2 -3 -3
1 5406 -70 -38 -19 2 0 0 0 0 -16 3 -13 3 1 N N N N 351 134 -1 -15 -15
1 5824 -65 -4 11 -13 0 0 0 0 -5 -3 12 -1 0 44 96 102 545 -266 -105 -1 13 13
1 4679 -56 -11 -13 6 0 0 0 0 -4 2 -8 1 0 N N N N -63 -19 4 1 1
1 5830 -75 21 10 10 0 0 0 0 11 1 -3 4 1 44 96 105 545 84 30 -2 -3 -3
1 5222 -61 -1 3 -5 0 0 0 0 -2 -1 5 2 1 N N N N -82 -27 2 3 3
1 5170 -51 14 -10 2 0 0 0 0 9 -1 0 0 1 44 97 99 544 119 36 -5 -3 -3
1 5102 -75 35 -3 -11 0 0 0 0 17 -4 17 0 -1 N N N N 8 9 3 -2 -2
1 4908 -49 16 11 28 0 0 0 0 11 3 -24 0 2 43 95 100 544 126 37 -7 -3 -3
1 5221 -56 39 -3 -13 0 0 0 0 21 -5 12 -8 -3 N N N N -106 -28 8 2 2
1 5809 -57 18 -9 -4 0 0 0 0 7 -5 13 3 2 44 95 98 544 45 9 -5 0 0
1 4666 -38 9 -5 7 0 0 0 0 7 1 -8 6 1 N N N N -2 7 5 -2 -2
1 5818 -43 11 8 -11 0 0 0 0 3 -4 12 21 6 43 95 101 544 32 5 -5 0 0
1 5119 -48 -36 21 -13 0 0 0 0 -19 4 -2 -4 -1 N N N N -18 -6 1 1 1
1 5796 -72 31 -43 5 0 0 0 0 21 -4 -2 2 1 47 92 101 544 92 43 4 -6 -6
1 4675 -46 -40 15 7 0 0 0 0 -27 4 7 -1 0 N N N N 4 -10 -7 3 3
1 5924 -37 10 -10 22 0 0 0 0 10 4 -22 14 5 43 94 102 544 -68 -19 5 1 1
1 5323 -48 28 44 -27 0 0 0 0 8 -8 24 -1 -1 N N N N 47 2 -9 1 1
1 5798 -85 0 -37 -7 0 0 0 0 8 1 -10 -19 -3 43 92 101 543 -16 8 8 -2 -2
1 4679 -49 6 -8 14 0 0 0 0 -3 -4 14 -6 -3 N N N N 11 5 0 -1 -1
1 5204 -59 -15 -32 23 0 0 0 0 0 8 -30 9 2 45 97 101 543 -15 0 4 0 0
