version: 66.14
glider: 195
mission: 21
dive: 403
start: 7 20 105 14 21 37
columns: rec,elaps_tms,depth,heading,pitch,roll,AD_pitch,AD_roll,AD_vbd,GC_phase,mag.x,mag.y,mag.z,sbect.TempFreq,sbect.CondFreq,wlbb2fl.sig470nm,wlbb2fl.sig700nm,wlbb2fl.sig695nm,wlbb2fl.temp,aa4330.O2,aa4330.AirSat,aa4330.Temp,aa4330.CalPhase,aa4330.TCPhase,
data:
0 17145 5 580 -459 -40 129 2203 826 6 178 -301 -89 173017 135456 N N N N 251887 97614 24977 29366 30772
1 9999 6 63 -190 -18 0 0 0 0 -20 -3 -30 407 -14 N N N N -564 -214 2 24 24
1 10003 -1 -152 65 67 0 0 0 0 21 24 -24 -476 -21 N N N N 292 88 -14 -8 -8
1 9998 -5 302 2 -33 0 0 0 0 -69 -62 108 528 -7 N N N N -24 -99 -50 21 21
1 10001 8 -16 -25 -274 0 0 0 0 30 44 -120 -1110 -23 N N N N -464 -87 52 0 0
1 9999 -5 -350 154 328 0 0 0 0 71 34 34 194 -11 N N N N 8719 3398 11 -377 -377
1 8695 -1 318 -208 92 -4 0 22 -4 -89 -71 120 -33 -29 N N N N -10410 -3418 344 314 314
1 10023 5 -205 144 -229 -1 2 255 0 51 59 -156 -59 20 N N N N -3125 -477 420 -24 -24
1 10015 11 -247 15 130 -2 -1 248 0 52 67 -25 -80 -6 N N N N 4881 917 -556 -1 -1
1 9964 22 110 -157 -79 0 1 246 0 -42 -17 -29 1049 -13 N N N N -6575 236 1589 -315 -315
1 9994 16 112 -105 53 3 0 243 0 -40 -53 27 -347 8 N N N N -594 105 194 -47 -47
1 10044 45 414 18 -207 -6 0 263 0 -32 -55 93 -703 -7 N N N N 347 304 94 -50 -50
1 9919 41 -467 8 365 0 -1 260 0 40 32 -46 125 -16 N N N N 221 171 46 -27 -27
1 10044 79 -260 -44 18 -3 1 266 0 3 79 -102 45 -32 N N N N 56 59 21 -10 -10
1 15781 320 203 45 -148 661 5 204 -1 7 -29 31 -641 -32 N N N N 89 54 10 -8 -8
1 8874 229 26 347 -20 1746 -5 85 1 70 -3 127 -28 -9 N N N N -96 -9 16 -2 -2
1 9318 152 21 128 5 -1 0 426 1 0 -7 62 5 -4 N N N N 101 64 14 -9 -9
1 15742 280 -115 -3 135 -7 1425 63 1 36 46 13 1 -2 N N N N 131 69 9 -9 -9
1 10414 199 -157 -3 -9 0 0 0 0 34 66 -37 -14 -4 N N N N -163 -60 3 5 5
1 9999 193 -180 10 -9 0 0 0 0 16 89 -27 3 2 N N N N 87 39 2 -4 -4
1 10411 193 3477 -9 21 0 0 0 0 -7 61 -14 18 1 N N N N -135 -50 3 5 5
1 10000 195 -96 -15 -18 0 0 0 0 -15 48 -8 -3 -4 N N N N 119 50 1 -6 -6
1 10472 185 -182 18 -6 0 0 0 0 -47 86 8 -20 -4 N N N N -70 -26 2 3 3
1 10000 183 -133 -1 14 0 0 0 0 -49 49 4 -1 1 N N N N -60 -20 2 2 2
1 12133 228 -117 7 -33 -2 -209 4 -1 -50 36 34 14 0 N N N N 40 17 0 -2 -2
1 8943 161 -72 36 -116 69 -1233 -1 3 -36 8 80 0 1 N N N N 5 0 -1 0 0
1 10806 174 -91 23 15 0 0 0 0 -48 12 12 -19 -6 N N N N -114 -42 2 4 4
1 10001 143 -69 -8 -9 0 0 0 0 -33 0 18 -4 0 N N N N -49 -14 3 1 1
1 9998 143 -75 8 7 0 0 0 0 -39 -1 10 5 -1 N N N N -17 -5 2 0 0
1 10001 138 -87 -8 -2 0 0 0 0 -42 -9 16 3 1 N N N N 11 5 0 0 0
1 10000 150 -106 -8 3 0 0 0 0 -48 -18 17 -3 -1 N N N N 70 29 0 -4 -4
1 10000 127 -97 8 -6 0 0 0 0 -43 -27 18 2 -1 N N N N -207 -81 2 9 9
1 10001 137 -76 -11 4 0 0 0 0 -26 -23 11 -12 -2 N N N N 73 31 1 -3 -3
1 10000 131 -44 13 2 0 0 0 0 -20 -15 2 3 -2 N N N N -61 -24 0 2 2
1 10000 147 -72 -5 0 0 0 0 0 -21 -28 10 -7 -2 N N N N -80 -31 1 3 3
1 10000 135 -96 8 1 0 0 0 0 -28 -41 6 8 2 N N N N 23 12 1 -1 -1
1 9999 134 -120 -13 -4 0 0 0 0 -16 -58 14 6 1 N N N N -148 -60 0 6 6
1 10001 137 -78 -2 2 0 0 0 0 -7 -38 4 2 1 N N N N 104 40 -1 -4 -4
1 10000 139 -47 16 0 0 0 0 0 -8 -24 -6 -4 -3 N N N N 5 0 -1 0 0
1 9999 140 -50 2 -2 0 0 0 0 0 -26 -1 -2 -1 N N N N -27 -14 -2 2 2
1 10000 134 -52 -5 -4 0 0 0 0 4 -28 1 -12 -3 N N N N -117 -42 3 4 4
1 10001 134 -97 -1 9 0 0 0 0 11 -44 -3 17 1 N N N N -49 -17 2 2 2
1 9998 126 -147 6 -15 0 0 0 0 30 -72 -15 43 13 N N N N 5 -10 -7 2 2
1 24356 328 -16 -20 -88 0 -1344 1 -2 9 -34 -25 53 13 N N N N -32 -32 -11 6 6
1 20349 267 198 -22 -2 0 0 0 0 -30 85 39 887 191 N N N N -269 -182 -42 27 27
1 20356 203 467 8 -9 0 0 0 0 33 223 25 3990 992 N N N N -4419 -3232 -840 516 516
1 20349 217 531 22 -6 0 0 0 0 210 150 -58 5449 1548 N N N N -12762 -7109 -1254 1098 1098
1 21000 222 167 -12 12 0 0 0 0 85 5 -39 4493 1439 N N N N -13577 -7212 -1276 1220 1220
1 23352 294 406 16 14 0 205 2 -1 171 -92 -83 2978 1172 N N N N -4016 -3208 -1135 695 695
1 17003 206 272 24 93 31 1183 -2 3 57 -124 -33 1237 464 N N N N -2080 -1457 -468 315 316
1 19999 241 -3433 7 -2 0 0 0 0 2 -87 2 2639 808 N N N N -2447 -1644 -514 362 361
1 20000 205 112 13 3 0 0 0 0 -14 -57 12 3903 1099 N N N N -1417 -1569 -735 402 402
1 20000 219 74 -8 -4 0 0 0 0 -14 -36 -1 3716 1295 N N N N -2868 -2379 -959 593 593
1 20001 191 -60 -1 2 0 0 0 0 12 29 -4 2456 939 N N N N -3738 -2290 -707 541 541
1 19999 175 3407 -5 0 0 0 0 0 18 99 -9 1739 578 N N N N -3218 -1897 -578 460 460
1 20000 158 -261 5 2 0 0 0 0 -32 132 11 1757 548 N N N N -7067 -3009 -451 650 650
1 20001 153 -134 9 -3 0 0 0 0 -39 58 15 2069 731 N N N N -9293 -3752 -482 832 832
1 19999 154 -53 -3 2 0 0 0 0 -19 20 4 761 437 N N N N -7399 -2953 -394 691 691
1 20000 157 -57 1 2 0 -1 1 0 -23 19 6 540 290 N N N N -5945 -2217 -205 519 519
1 20000 153 3 3 -6 0 0 0 0 1 -1 2 2239 546 N N N N -5377 -2059 -248 510 510
1 20001 149 -98 -7 3 0 0 0 0 -42 29 8 1401 392 N N N N -6316 -2538 -428 680 680
1 19999 142 73 1 -5 0 0 0 0 32 -21 -7 1658 527 N N N N -8162 -3011 -339 803 803
1 20001 160 41 -1 3 0 0 0 0 17 -13 -6 570 263 N N N N -9695 -3432 -301 945 945
1 19999 178 2 -4 -1 0 0 0 0 2 0 0 573 219 N N N N -8279 -2807 -151 793 793
1 20000 143 -224 1 5 0 0 0 0 -102 55 27 1610 256 N N N N -7953 -2709 -181 812 812
1 20000 145 -197 6 0 0 0 0 0 -101 14 31 2425 378 N N N N -8320 -2933 -348 958 958
1 20000 146 -85 -3 -4 0 0 0 0 -43 -5 14 1274 551 N N N N -10446 -3615 -423 1249 1249
1 23883 161 -29 -17 -123 -1 -1397 3 -2 -11 -34 63 1816 592 N N N N -9318 -3129 -306 1136 1136
1 20001 117 89 5 5 0 0 0 0 44 11 -15 854 288 N N N N -6987 -2336 -256 899 899
1 20000 131 140 2 1 0 0 0 0 72 1 -22 763 265 N N N N -5945 -2041 -358 846 846
1 20000 115 142 0 -1 0 0 0 0 70 -16 -25 665 218 N N N N -6926 -2263 -251 946 946
1 20481 117 174 1 38 0 209 0 -1 75 -38 -46 411 218 N N N N -8335 -2643 -189 1142 1142
1 19518 109 122 4 85 -6 1203 0 3 43 -38 -44 440 200 N N N N -5054 -1575 -70 704 704
1 20000 110 116 -3 1 0 0 0 0 30 -53 -9 242 149 N N N N -4169 -1285 -26 587 587
1 20000 94 100 0 -2 0 0 0 0 18 -49 -4 545 172 N N N N -3220 -1011 -80 485 485
1 20000 106 31 5 0 0 0 0 0 3 -16 1 526 150 N N N N -3086 -958 -53 465 465
1 20000 106 56 0 2 0 0 0 0 4 -29 -1 233 102 N N N N -1094 -352 -62 181 181
1 20000 79 -52 -1 -1 0 0 0 0 -4 27 1 73 65 N N N N -2155 -681 -86 347 347
1 20002 100 -97 1 0 0 0 0 0 -13 49 3 166 51 N N N N -1758 -539 -18 271 271
1 19998 90 -100 -1 0 0 0 0 0 -23 47 6 106 35 N N N N -2050 -644 -81 337 337
1 20001 91 -84 5 -1 0 0 0 0 -25 36 9 201 56 N N N N -2138 -661 -51 346 346
1 24413 131 -158 -24 120 -10 1386 1 -2 -59 59 -42 231 79 N N N N -2239 -697 -79 374 374
1 24764 118 -152 11 -125 1 -1432 0 2 -71 32 77 158 51 N N N N -1926 -586 -22 313 313
1 19999 95 -159 4 0 0 0 0 0 -81 16 25 283 66 N N N N -1200 -375 -54 209 209
1 20001 116 -186 1 1 0 0 0 0 -94 -10 30 489 86 N N N N -1218 -381 -70 215 215
1 20000 96 -166 -5 -1 0 0 0 0 -77 -33 25 325 81 N N N N -1246 -390 -73 223 223
1 19999 101 -177 4 0 0 0 0 0 -69 -58 22 407 71 N N N N -1326 -414 -82 239 239
1 20000 103 -137 -4 0 0 0 0 0 -39 -56 12 195 84 N N N N -1386 -427 -61 245 245
1 20000 112 -96 4 0 0 0 0 0 -20 -45 5 49 66 N N N N -689 -218 -67 131 131
1 20000 109 -63 -1 0 0 0 0 0 -10 -30 3 -68 24 N N N N -677 -209 -34 121 121
1 20001 102 -60 2 0 0 0 0 0 -5 -30 2 11 2 N N N N -831 -248 4 140 140
1 19999 98 -79 -3 0 0 0 0 0 0 -40 1 160 26 N N N N -768 -231 -9 133 133
1 24118 125 -53 -11 -115 -1 -1320 1 -2 6 -65 -6 247 53 N N N N -1025 -310 -22 180 180
1 20353 107 78 11 3 0 0 0 0 -6 40 5 -9 15 N N N N -554 -169 -29 101 101
1 20352 106 198 -2 2 0 0 0 0 20 97 13 95 34 N N N N -340 -110 -54 70 70
1 20237 100 187 -1 -6 0 0 0 0 46 82 2 103 16 N N N N -418 -129 -34 80 80
1 20353 122 167 -1 8 0 0 0 0 64 62 -9 301 31 N N N N -353 -112 -49 71 71
1 20292 94 143 0 -1 0 0 0 0 64 37 -14 -12 80 N N N N -309 -98 -44 62 62
1 20355 105 180 1 -3 0 0 0 0 89 23 -25 290 53 N N N N -221 -71 -35 46 46
1 20411 119 198 1 -1 0 0 0 0 100 -7 -32 -14 17 N N N N -246 -75 -14 45 45
1 20294 119 162 0 0 0 0 0 0 76 -29 -30 60 20 N N N N -870 -260 -13 154 154
1 20767 132 166 -20 113 -9 1362 0 2 65 -43 -75 505 89 N N N N -528 -163 -48 102 102
1 20000 117 139 24 9 0 0 0 0 38 -60 -4 158 20 N N N N 349 100 -29 -56 -56
1 19999 128 126 -1 -5 0 0 0 0 23 -62 -6 158 77 N N N N 773 225 -32 -128 -128
1 20001 129 36 1 3 0 0 0 0 3 -19 1 94 47 N N N N 541 159 -7 -92 -92
1 19998 123 -36 2 -4 0 0 0 0 -3 19 0 305 61 N N N N 222 67 5 -40 -40
1 20001 127 -74 -2 1 0 0 0 0 -11 37 3 66 55 N N N N 221 58 -50 -28 -28
1 20001 139 -143 -2 0 0 0 0 0 -35 66 10 181 29 N N N N 205 53 -56 -24 -24
1 20000 127 -131 0 0 0 0 0 0 -46 51 12 173 56 N N N N -45 -20 -51 18 18
1 20000 136 -119 2 -3 0 0 0 0 -51 36 15 191 58 N N N N 179 49 -27 -25 -25
1 20000 132 -156 3 6 0 0 0 0 -75 30 23 484 110 N N N N 1375 396 -63 -220 -220
1 23999 177 -66 -11 -118 0 -1359 0 -2 -31 -18 67 297 140 N N N N 2987 863 -99 -476 -476
1 20001 134 125 4 -1 0 0 0 0 62 -10 -22 317 56 N N N N 2189 637 -36 -349 -349
1 20000 152 176 0 2 0 0 0 0 79 -38 -34 518 157 N N N N 2405 684 -114 -357 -357
1 21351 140 122 17 117 31 1362 0 2 45 -31 -51 258 76 N N N N 2688 769 -84 -399 -399
1 20001 120 83 10 -1 0 0 0 0 25 -35 -2 129 83 N N N N 1206 345 -31 -177 -177
1 19998 119 87 6 1 0 0 0 0 21 -40 -3 23 49 N N N N 417 117 -22 -58 -58
1 19999 130 38 3 0 0 0 0 0 7 -19 0 17 26 N N N N 213 64 8 -35 -35
1 20000 137 3 0 -3 0 0 0 0 1 -1 -1 155 35 N N N N 192 50 -27 -22 -22
1 20000 126 -92 -1 2 0 0 0 0 -20 44 5 67 9 N N N N 170 47 -12 -23 -23
1 20000 133 -148 -2 0 0 0 0 0 -45 63 9 198 40 N N N N -32 -20 -44 17 17
1 20003 139 -131 -1 -5 0 0 0 0 -53 44 13 155 41 N N N N -590 -179 -33 98 98
1 19997 132 -144 -2 3 0 0 0 0 -68 33 16 -24 19 N N N N -475 -146 -33 81 81
1 20000 125 -155 1 1 0 0 0 0 -79 15 21 11 -4 N N N N -788 -233 -15 125 125
1 24414 156 -130 -15 -118 0 -1367 1 -2 -64 -32 76 71 21 N N N N -2136 -621 2 329 329
1 20000 143 97 6 2 0 0 0 0 49 7 -14 30 18 N N N N -1196 -347 6 186 186
1 20001 128 203 2 0 0 0 0 0 103 -13 -31 75 12 N N N N -736 -224 -52 129 129
1 20626 169 215 0 34 0 207 1 -1 96 -47 -47 41 9 N N N N -994 -294 -18 162 162
1 19373 142 164 2 84 -6 1157 -1 3 54 -57 -46 49 20 N N N N -987 -285 1 157 157
1 20001 139 128 0 -1 0 0 0 0 28 -61 -6 76 17 N N N N -558 -163 -1 89 89
1 20000 149 119 2 3 0 0 0 0 13 -61 -2 119 33 N N N N -197 -58 -6 33 33
1 20000 146 -3520 3 -2 0 0 0 0 1 -42 3 48 21 N N N N -14 -6 -10 5 5
1 20000 150 -23 -2 -1 0 0 0 0 0 12 -1 74 23 N N N N -396 -117 -15 67 67
1 20000 150 3493 0 0 0 0 0 0 -5 56 0 76 17 N N N N -237 -69 -2 39 39
1 20000 160 -134 -4 2 0 0 0 0 -21 67 4 52 17 N N N N -87 -32 -38 22 22
1 20000 150 -132 2 -5 0 0 0 0 -37 59 7 15 15 N N N N 141 37 -20 -18 -18
1 20000 156 -152 -2 4 0 0 0 0 -57 55 14 80 17 N N N N 177 50 -10 -26 -26
1 20000 175 -178 -53 -3 -70 0 0 0 -76 43 10 126 29 N N N N 249 71 -5 -39 -39
1 19999 168 -167 9 -3 0 0 0 0 -85 15 32 84 28 N N N N 270 74 -27 -37 -37
1 20000 174 -157 1 6 0 0 0 0 -78 -8 27 129 35 N N N N 18 2 -21 1 1
1 20001 168 -96 -2 -1 0 0 0 0 -45 -15 17 290 73 N N N N 269 73 -27 -36 -36
1 19999 185 -115 2 -2 0 0 0 0 -52 -28 17 164 59 N N N N 1332 377 -41 -202 -202
1 20001 188 -147 2 3 0 0 0 0 -56 -48 20 214 55 N N N N 1694 483 -35 -258 -258
1 19999 180 -169 4 -4 0 0 0 0 -47 -73 17 210 70 N N N N 1550 438 -46 -228 -228
1 20000 159 -168 -3 2 0 0 0 0 -24 -80 9 130 50 N N N N 2023 578 -26 -303 -303
1 20002 178 -177 -3 0 0 0 0 0 2 -89 1 39 27 N N N N 1704 483 -37 -247 -247
1 24880 196 -140 13 -116 31 -1360 -1 -2 15 -104 -38 309 80 N N N N 280 70 -43 -30 -30
1 20764 167 68 4 -1 0 0 0 0 -14 31 8 310 76 N N N N 1048 296 -28 -148 -148
1 40357 323 386 -4 0 0 0 0 0 11 188 35 -14 53 N N N N 7118 2021 -89 -1000 -1000
1 39782 301 460 3 0 0 0 0 0 159 170 -19 359 76 N N N N -1062 -319 -51 164 164
1 40624 298 459 4 4 0 0 0 0 229 16 -72 103 46 N N N N -541 -165 -34 87 87
1 42356 281 419 1 118 -6 1367 1 2 155 -129 -98 188 51 N N N N -15 -11 -24 9 9
1 39999 262 182 -1 -3 0 0 0 0 25 -92 -4 15 21 N N N N -1170 -333 5 165 165
1 40000 275 -170 -3 -1 0 0 0 0 -23 86 3 267 57 N N N N -893 -265 -33 137 137
1 39999 246 -257 5 0 0 0 0 0 -80 107 24 60 32 N N N N 714 194 -37 -91 -91
1 40002 266 -285 -4 -5 0 0 0 0 -132 63 40 371 89 N N N N 668 176 -54 -80 -80
1 44057 286 -40 -4 -112 0 -1377 0 -2 -19 -20 63 284 107 N N N N 5366 1508 -80 -722 -722
1 41032 282 425 -13 135 -10 1371 0 2 189 -80 -127 101 50 N N N N 4359 1228 -43 -573 -573
1 40791 289 337 16 -18 0 0 0 0 66 -161 -7 119 35 N N N N 1923 545 -5 -251 -251
1 40000 293 -3530 4 2 0 0 0 0 1 -37 1 164 38 N N N N -550 -163 -21 79 79
1 40000 308 3338 -5 -1 0 0 0 0 -27 134 6 158 51 N N N N 110 16 -41 -1 -1
1 40000 303 -269 0 -4 0 0 0 0 -87 109 26 301 76 N N N N 1447 396 -44 -174 -174
1 40000 314 -267 4 2 0 0 0 0 -126 56 39 206 73 N N N N 4979 1392 -54 -615 -615
1 43560 357 27 -9 -113 0 -1361 -1 -2 15 -24 49 54 34 N N N N 5059 1422 -32 -612 -612
1 41440 340 463 -11 116 -9 1366 1 2 187 -120 -120 89 26 N N N N -1309 -380 -21 167 167
1 39999 316 270 15 -1 0 0 0 0 38 -135 -1 78 25 N N N N -575 -168 -13 74 74
1 40002 335 -74 1 3 0 0 0 0 -4 39 0 23 10 N N N N -146 -44 -7 21 21
1 39999 332 -280 -3 -7 0 0 0 0 -58 133 16 35 4 N N N N -503 -146 -8 65 65
1 40000 336 -293 0 3 0 0 0 0 -121 90 38 10 -4 N N N N -2143 -610 -7 267 267
1 40000 323 -314 -2 1 0 0 0 0 -158 18 49 24 11 N N N N -7899 -2237 -8 1013 1013
1 43593 373 34 -4 -119 0 -1371 -1 -2 19 -27 53 -67 -31 N N N N -9201 -2601 10 1241 1241
1 40864 346 494 -1 34 -1 204 1 -1 233 -58 -102 236 51 N N N N -10446 -2964 -35 1519 1519
1 39134 303 302 30 83 31 1162 -1 3 78 -127 -41 113 32 N N N N -3098 -879 -18 473 473
1 39999 309 -23 3 2 0 0 0 0 -3 12 2 117 35 N N N N -1794 -510 -18 280 280
1 40002 307 -306 -3 -2 0 0 0 0 -88 132 21 140 29 N N N N 656 180 -27 -95 -95
1 40000 295 -309 -5 2 0 0 0 0 -144 67 40 106 38 N N N N 244 63 -30 -31 -31
1 39998 305 -341 1 -2 0 0 0 0 -173 -21 49 107 31 N N N N -595 -171 -17 96 96
1 44588 340 -72 -2 -119 0 -1374 0 -2 -32 -52 59 182 47 N N N N 2818 789 -32 -423 -423
1 40000 323 446 1 3 0 0 0 0 222 48 -57 126 53 N N N N 1823 506 -37 -264 -264
1 42414 339 463 -8 118 -7 1365 0 2 190 -117 -114 72 20 N N N N 2570 721 -11 -376 -376
1 39998 301 245 11 -1 0 0 0 0 38 -122 -4 136 43 N N N N 2587 724 -19 -370 -370
1 40002 293 -193 -3 -2 0 0 0 0 -26 97 6 123 35 N N N N 2124 592 -22 -296 -296
1 39999 294 -334 0 2 0 0 0 0 -115 129 31 148 36 N N N N 256 64 -29 -28 -28
1 39999 306 -334 0 0 0 0 0 0 -166 42 47 84 35 N N N N 2087 580 -26 -285 -285
1 40000 293 -336 0 -2 0 0 0 0 -162 -54 47 74 23 N N N N 1872 521 -14 -254 -254
1 44116 323 -151 -9 -116 0 -1354 -2 -2 -55 -89 54 116 30 N N N N 917 252 -19 -120 -120
1 40414 304 448 3 0 0 0 0 0 198 114 -38 64 26 N N N N -2327 -658 -20 325 325
1 40880 314 499 -1 34 0 205 1 -1 238 -61 -96 195 45 N N N N -5996 -1689 -30 854 854
1 39472 301 314 5 89 -8 1156 -1 3 81 -133 -52 96 31 N N N N -1235 -351 -21 184 184
1 40002 290 -130 -5 -5 0 0 0 0 -23 64 5 -1 7 N N N N -2230 -626 -4 327 327
1 40000 299 -366 1 0 0 0 0 0 -136 131 38 56 11 N N N N -1355 -381 -10 203 203
1 39999 306 -330 0 -3 0 0 0 0 -167 27 51 211 46 N N N N -3250 -916 -29 495 495
1 39999 304 -343 0 1 0 0 0 0 -159 -71 46 101 35 N N N N -1238 -351 -25 194 194
1 43591 349 138 -3 -116 0 -1366 -1 -2 60 6 34 117 36 N N N N -415 -120 -24 69 69
1 39998 342 478 0 3 0 0 0 0 239 30 -70 76 27 N N N N -19 -9 -21 8 8
1 41822 335 434 0 118 -9 1372 0 2 165 -128 -102 73 23 N N N N 335 92 -10 -49 -49
1 40000 339 179 5 -3 0 0 0 0 27 -90 -4 78 24 N N N N -828 -234 -12 129 129
1 40000 326 -262 -3 2 0 0 0 0 -49 127 12 67 18 N N N N -1667 -468 -17 262 262
1 40001 324 -308 -4 -1 0 0 0 0 -122 102 34 92 21 N N N N -1411 -396 -16 223 223
1 39999 335 -323 2 1 0 0 0 0 -163 23 50 228 53 N N N N -1666 -469 -30 269 269
1 43590 365 14 -6 -117 0 -1366 -1 -2 8 -26 54 162 52 N N N N -2421 -680 -37 394 394
1 41305 342 516 4 32 -1 207 1 -1 244 -65 -101 245 67 N N N N 347 91 -46 -47 -47
1 38695 302 295 18 83 23 1157 -2 3 75 -126 -41 91 36 N N N N -617 -174 -24 103 103
1 40001 301 -3450 5 -2 0 0 0 0 9 -78 0 194 55 N N N N -579 -164 -26 98 98
1 39999 310 3360 -1 4 0 0 0 0 -25 123 5 222 59 N N N N -565 -161 -37 98 98
1 40002 302 -301 0 0 0 0 0 0 -100 121 24 177 51 N N N N -1272 -357 -37 214 214
1 39998 308 -259 0 -2 0 0 0 0 -125 50 35 192 62 N N N N -1145 -321 -36 193 193
1 43589 328 18 -8 -118 0 -1363 0 -2 12 -25 55 269 75 N N N N -968 -273 -51 168 168
1 42059 344 453 -21 118 -7 1369 0 2 192 -105 -122 75 48 N N N N -535 -151 -35 94 94
1 39999 305 201 22 0 0 0 0 0 39 -97 1 137 42 N N N N -447 -126 -18 77 77
1 39999 310 -124 -2 3 0 0 0 0 -20 62 2 206 48 N N N N -255 -72 -23 45 45
1 40000 308 -321 -2 -2 0 0 0 0 -111 124 30 100 34 N N N N -362 -102 -33 66 66
1 40001 314 -364 5 1 0 0 0 0 -182 44 51 144 41 N N N N -158 -46 -27 30 30
1 40001 314 -342 -5 0 0 0 0 0 -161 -61 48 53 25 N N N N -362 -102 -18 63 63
1 45057 351 19 -2 -117 0 -1368 -2 -2 9 -30 44 352 86 N N N N -1094 -305 -52 190 190
1 40000 319 466 0 2 0 0 0 0 228 65 -56 229 79 N N N N -1629 -451 -50 282 282
1 42470 312 462 -4 112 -8 1368 0 2 196 -106 -114 259 77 N N N N -1872 -518 -46 325 325
1 39998 298 163 8 2 0 0 0 0 36 -77 -6 209 70 N N N N -469 -130 -38 85 85
1 40002 276 -217 -6 1 0 0 0 0 -52 100 12 206 58 N N N N -489 -136 -37 88 88
1 39998 285 -343 0 -4 0 0 0 0 -148 98 41 67 32 N N N N -460 -127 -22 82 82
1 40001 276 -327 2 5 0 0 0 0 -167 1 49 267 63 N N N N -300 -83 -36 56 56
1 39999 255 -331 -3 1 0 0 0 0 -141 -88 42 42 30 N N N N -139 -39 -27 26 26
1 44473 297 85 -7 -120 0 -1373 -2 -2 33 -7 36 81 25 N N N N 273 74 -16 -45 -45
1 40354 287 494 7 0 0 0 0 0 236 79 -58 174 47 N N N N 50 13 -29 -6 -6
1 41705 310 465 -24 111 -9 1369 0 2 201 -101 -125 268 71 N N N N -287 -80 -49 55 55
1 40000 262 267 25 6 0 0 0 0 49 -130 -1 25 27 N N N N -122 -34 -12 22 22
1 40001 276 34 0 -1 0 0 0 0 1 -18 -2 153 38 N N N N -15 -5 -20 5 5
1 39999 270 -285 -1 0 0 0 0 0 -46 141 12 202 45 N N N N -100 -28 -30 20 20
1 40001 274 -376 -2 3 0 0 0 0 -152 119 42 273 78 N N N N 263 70 -52 -40 -40
1 40000 272 -355 1 0 0 0 0 0 -181 5 55 194 60 N N N N 533 144 -38 -87 -87
1 44058 305 -24 -7 -120 0 -1369 -1 -2 -10 -36 58 101 49 N N N N 380 102 -32 -62 -62
1 40000 287 492 2 1 0 0 0 0 245 -9 -79 172 39 N N N N 83 22 -24 -11 -11
1 37060 237 272 23 115 22 1368 0 2 100 -83 -68 115 41 N N N N -193 -53 -22 35 35
1 39999 260 -27 4 0 0 0 0 0 -9 12 3 134 41 N N N N -10 -4 -26 4 4
1 40000 252 -326 -5 1 0 0 0 0 -132 105 31 247 53 N N N N 268 72 -30 -42 -42
1 40000 251 -300 1 1 0 0 0 0 -154 20 42 167 54 N N N N 380 101 -39 -60 -60
1 40000 255 -319 -2 -3 0 0 0 0 -150 -64 41 211 62 N N N N 812 219 -40 -132 -132
1 44351 283 27 -5 -113 0 -1363 -1 -2 13 -26 43 93 39 N N N N 567 152 -27 -91 -91
1 40353 272 471 3 -3 0 0 0 0 231 64 -52 244 62 N N N N 395 105 -40 -61 -61
1 41943 294 469 -22 115 -6 1370 0 2 201 -109 -119 124 47 N N N N -630 -172 -26 108 108
1 39998 252 180 24 4 0 0 0 0 36 -86 1 200 56 N N N N -348 -95 -25 61 61
1 40002 287 -187 1 4 0 0 0 0 -39 90 9 200 59 N N N N 119 30 -40 -16 -16
1 39998 253 -292 -6 -4 0 0 0 0 -114 101 27 142 44 N N N N 352 93 -34 -54 -54
1 40003 277 -262 1 1 0 0 0 0 -132 33 36 289 75 N N N N 507 135 -40 -79 -79
1 39999 267 -299 -2 -1 0 0 0 0 -148 -37 43 350 81 N N N N 322 84 -43 -48 -48
1 43649 295 15 -8 -118 0 -1379 -1 -2 9 -30 50 262 100 N N N N 544 142 -77 -79 -79
1 40022 302 466 2 3 0 0 0 0 234 30 -64 68 41 N N N N 156 40 -26 -22 -22
1 41918 299 408 1 116 -9 1368 0 2 161 -114 -99 69 21 N N N N -46 -13 -12 9 9
1 39999 280 131 2 -2 0 0 0 0 27 -63 -5 273 70 N N N N -167 -46 -35 31 31
1 40000 294 -272 -1 0 0 0 0 0 -71 123 17 181 53 N N N N -102 -30 -34 21 21
1 40000 288 -293 2 -1 0 0 0 0 -131 78 37 170 52 N N N N 338 89 -36 -50 -50
1 40001 304 -317 3 -1 0 0 0 0 -163 1 46 62 26 N N N N 433 114 -21 -68 -68
1 43705 320 -88 -8 -114 0 -1358 -1 -2 -41 -46 65 149 33 N N N N 16 3 -19 0 0
1 40001 304 497 1 2 0 0 0 0 250 10 -73 480 118 N N N N 529 137 -77 -75 -75
1 42118 307 427 -1 118 -8 1368 1 2 148 -143 -95 54 49 N N N N -156 -44 -32 30 30
1 40000 292 104 2 -2 0 0 0 0 15 -53 -1 46 22 N N N N -179 -48 -7 29 29
1 39999 298 -292 -1 2 0 0 0 0 -65 138 16 268 53 N N N N -145 -41 -29 27 27
1 40000 289 -354 -2 -1 0 0 0 0 -155 96 42 178 53 N N N N -118 -34 -39 24 24
1 40001 294 -347 -1 0 0 0 0 0 -176 -8 53 179 53 N N N N -33 -11 -32 10 10
1 45290 323 -30 -2 -119 0 -1372 -2 -2 -13 -40 58 137 47 N N N N 382 100 -30 -58 -58
1 40002 307 479 -3 -2 0 0 0 0 240 13 -73 266 70 N N N N 1544 407 -46 -238 -238
1 43177 318 476 24 119 22 1364 0 2 160 -164 -87 193 54 N N N N 1287 338 -36 -197 -197
1 40000 278 -3343 5 4 0 0 0 0 8 -134 2 161 54 N N N N 479 125 -26 -71 -71
1 40000 290 53 1 -5 0 0 0 0 -7 -27 3 138 46 N N N N 0 -2 -28 4 4
1 39998 278 3335 -4 2 0 0 0 0 5 138 -5 52 19 N N N N -543 -145 -17 87 87
1 40001 293 -269 -2 -1 0 0 0 0 -63 126 12 171 41 N N N N -393 -106 -21 65 65
1 48119 337 -421 -12 0 -8 11 -1 0 -189 103 48 275 70 N N N N 998 260 -52 -148 -148
1 40000 299 -332 4 -1 0 0 0 0 -168 -27 49 261 56 N N N N -1244 -332 -34 198 198
1 39998 287 -325 0 0 0 0 0 0 -126 -106 34 228 80 N N N N -1512 -402 -47 243 243
1 40000 306 -334 6 2 0 0 0 0 -49 -159 15 236 79 N N N N -989 -263 -46 162 162
1 40000 309 -305 -5 1 0 0 0 0 41 -147 -8 236 60 N N N N -561 -150 -35 93 93
1 43649 368 -48 -4 -119 0 -1384 0 -2 14 -53 -40 163 47 N N N N -596 -159 -36 99 99
1 40001 331 466 -3 2 0 0 0 0 -47 218 57 171 62 N N N N -119 -34 -43 24 24
1 40000 323 494 -2 -1 0 0 0 0 145 202 -2 57 23 N N N N -9 -3 -19 4 4
1 39999 337 468 3 1 0 0 0 0 234 42 -60 18 9 N N N N -33 -9 -4 6 6
1 41883 357 460 -1 115 -9 1376 -1 2 182 -127 -106 291 56 N N N N 132 33 -29 -18 -18
1 40000 339 162 4 1 0 0 0 0 28 -80 -4 170 59 N N N N 598 155 -35 -90 -90
1 40000 330 -203 -1 0 0 0 0 0 -39 99 8 121 32 N N N N -175 -47 -23 31 31
1 40000 346 -330 -1 -1 0 0 0 0 -128 113 34 159 43 N N N N -410 -109 -29 68 68
1 40000 329 -308 -2 -1 0 0 0 0 -157 26 43 117 34 N N N N -843 -222 -23 136 136
1 44000 400 14 -3 -118 0 -1376 -1 -2 9 -27 57 220 50 N N N N 110 28 -31 -14 -14
1 41068 368 484 -1 34 0 217 4 -1 231 -63 -93 178 59 N N N N 513 131 -40 -76 -76
1 38934 337 360 -1 84 -8 1163 -4 3 86 -157 -56 207 53 N N N N 410 106 -33 -61 -61
1 39998 369 -3503 5 0 0 0 0 0 3 -51 2 116 47 N N N N 517 133 -26 -77 -77
1 40000 361 3288 -2 0 0 0 0 0 -42 157 9 248 53 N N N N 1329 344 -32 -203 -203
1 40000 354 -357 -3 2 0 0 0 0 -140 120 38 153 52 N N N N 2217 574 -41 -334 -334
1 40000 375 -390 3 -1 0 0 0 0 -199 11 58 126 27 N N N N 403 104 -16 -59 -59
1 45353 415 -11 -7 -119 0 -1385 -1 -2 -3 -34 59 230 74 N N N N -729 -193 -46 118 118
1 39999 380 488 0 2 0 0 0 0 243 -14 -79 111 40 N N N N -226 -61 -26 38 38
1 42175 392 446 0 117 -9 1375 0 2 133 -169 -87 184 41 N N N N -253 -68 -24 42 42
1 40000 381 73 5 0 0 0 0 0 7 -38 0 66 27 N N N N 987 255 -18 -147 -147
1 40000 360 -261 -3 1 0 0 0 0 -44 129 10 186 35 N N N N 1081 278 -22 -160 -160
1 40000 373 -314 -3 0 0 0 0 0 -122 107 34 156 50 N N N N 2092 538 -37 -306 -306
1 40001 369 -348 2 -3 0 0 0 0 -176 27 53 38 14 N N N N 489 126 -12 -70 -70
1 45355 418 -102 -10 -114 0 -1369 -1 -2 -47 -45 71 177 41 N N N N -741 -194 -24 114 114
1 39999 370 484 4 -3 0 0 0 0 240 -5 -78 339 81 N N N N 860 217 -50 -119 -119
1 41941 374 434 1 119 -9 1378 0 2 138 -158 -92 86 46 N N N N 2971 764 -29 -427 -427
1 40000 349 18 -2 3 0 0 0 0 3 -9 -1 172 42 N N N N 2003 515 -14 -283 -283
1 40000 356 -328 1 -1 0 0 0 0 -89 145 25 163 45 N N N N 773 194 -38 -103 -103
1 40000 332 -364 1 -5 0 0 0 0 -171 75 52 17 15 N N N N -389 -102 -16 58 58
1 40001 337 -341 -2 -1 0 0 0 0 -169 -36 54 31 4 N N N N -1539 -398 -5 220 220
1 45409 379 -8 -3 -115 0 -1389 -1 -2 -1 -37 53 150 26 N N N N -2388 -617 -17 346 346
1 39999 332 481 -2 -1 0 0 0 0 238 38 -72 198 54 N N N N 68 13 -34 -4 -4
1 41650 346 432 0 123 -8 1390 0 2 168 -122 -107 137 43 N N N N 1588 406 -27 -223 -223
1 40000 315 62 1 -1 0 0 0 0 13 -30 -5 51 20 N N N N 713 182 -11 -100 -100
1 40001 318 -310 -3 -2 0 0 0 0 -97 128 28 105 23 N N N N -2661 -686 -14 384 384
1 40000 290 -399 1 1 0 0 0 0 -193 59 62 120 32 N N N N -1082 -281 -27 162 162
1 40002 309 -397 -2 1 0 0 0 0 -183 -75 61 85 19 N N N N -604 -158 -14 90 90
1 45289 353 -95 -1 -121 -1 -1386 -1 -2 -32 -76 48 221 56 N N N N -72 -21 -33 16 16
1 40001 311 487 2 0 0 0 0 0 213 124 -49 36 23 N N N N 271 68 -17 -37 -37
1 40634 304 492 -5 34 -1 204 1 -1 230 -69 -103 63 17 N N N N 70 17 -10 -8 -8
1 39366 286 298 3 85 -8 1177 -1 3 75 -129 -52 100 24 N N N N -24 -7 -13 5 5
1 39998 294 -88 0 -2 0 0 0 0 -15 44 3 102 28 N N N N 39 8 -16 -3 -3
1 40000 293 -346 -1 0 0 0 0 0 -115 137 35 69 17 N N N N 151 37 -16 -19 -19
1 40002 267 -355 -1 3 0 0 0 0 -174 44 58 103 23 N N N N 152 37 -14 -20 -20
1 39999 283 -324 1 -2 0 0 0 0 -154 -54 52 76 24 N N N N 319 80 -15 -44 -44
1 44885 308 24 -6 -118 -1 -1380 -1 -2 13 -30 46 168 38 N N N N 722 182 -25 -99 -99
1 39999 290 469 1 3 0 0 0 0 228 56 -71 134 38 N N N N 885 223 -27 -122 -122
1 43001 296 464 20 116 27 1375 0 2 186 -121 -107 67 23 N N N N 475 120 -16 -65 -65
1 39999 235 190 10 0 0 0 0 0 34 -93 -5 88 28 N N N N 162 40 -12 -21 -21
1 40000 263 -222 -5 0 0 0 0 0 -43 108 9 139 31 N N N N 471 117 -20 -64 -64
1 40001 230 -351 -2 -2 0 0 0 0 -140 114 40 220 49 N N N N 1398 353 -28 -191 -191
1 39999 250 -323 2 -2 0 0 0 0 -166 15 49 3 17 N N N N 1823 462 -20 -251 -251
1 40000 245 -341 -1 1 0 0 0 0 -153 -79 46 63 20 N N N N -1103 -282 -12 156 156
1 44411 286 -36 -5 -116 0 -1369 -1 -2 -10 -51 44 139 25 N N N N -1308 -336 -14 186 186
1 40415 283 487 -2 3 0 0 0 0 222 110 -50 55 24 N N N N 628 158 -20 -85 -85
1 40918 262 456 1 33 0 207 0 -1 212 -73 -91 167 37 N N N N -379 -100 -23 58 58
1 39430 265 255 1 87 -6 1175 0 3 69 -106 -50 212 52 N N N N -990 -255 -24 143 143
1 40000 273 -233 3 -2 0 0 0 0 -61 106 18 114 40 N N N N -128 -36 -29 23 23
1 40000 271 -356 -3 -1 0 0 0 0 -158 92 45 8 10 N N N N 58 13 -11 -6 -6
1 40000 287 -354 -4 1 0 0 0 0 -178 -16 56 41 9 N N N N 7 1 -6 0 0
1 40001 250 -349 2 -2 0 0 0 0 -136 -112 43 93 20 N N N N 6 0 -11 1 1
1 45355 329 -100 -1 -116 0 -1383 -1 -2 -24 -84 29 154 40 N N N N 200 48 -27 -23 -23
1 40001 307 451 -2 -1 0 0 0 0 162 163 -18 59 19 N N N N 401 99 -14 -54 -54
1 39998 307 462 1 1 0 0 0 0 231 13 -73 73 18 N N N N 621 156 -13 -84 -84
1 44471 347 435 3 119 -8 1373 0 2 156 -140 -100 284 65 N N N N 819 203 -38 -107 -107
1 40000 259 -5 -1 -1 0 0 0 0 -2 2 1 89 34 N N N N 906 227 -17 -121 -121
1 39999 310 -362 -3 -1 0 0 0 0 -123 140 35 23 11 N N N N 1136 286 -13 -153 -153
1 40002 298 -309 1 -4 0 0 0 0 -153 40 48 85 22 N N N N -337 -88 -13 48 48
1 39999 309 -339 -1 4 0 0 0 0 -163 -50 51 43 9 N N N N 1841 465 -7 -249 -249
1 44059 339 -17 -3 -117 0 -1370 0 -2 -5 -42 51 93 18 N N N N 434 108 -13 -56 -56
1 39999 326 450 -3 0 0 0 0 0 218 66 -61 134 37 N N N N -690 -179 -27 99 99
1 41589 340 462 -18 116 -10 1367 0 2 199 -101 -127 59 20 N N N N 689 172 -10 -91 -91
1 40002 313 207 20 1 0 0 0 0 43 -99 -3 124 31 N N N N 632 157 -16 -81 -81
1 39999 333 -77 1 0 0 0 0 0 -12 39 3 284 66 N N N N 1354 337 -30 -175 -175
1 39999 320 -326 -6 1 0 0 0 0 -103 133 29 11 11 N N N N 1395 348 -24 -179 -179
1 40001 318 -340 3 -2 0 0 0 0 -165 55 53 62 18 N N N N -868 -222 -13 117 117
1 39999 316 -356 0 2 0 0 0 0 -171 -50 57 21 7 N N N N 734 184 -7 -95 -95
1 44002 366 -27 -2 -120 0 -1367 -2 -2 -11 -45 50 191 44 N N N N 688 170 -22 -85 -85
1 39998 350 438 0 1 0 0 0 0 211 69 -58 175 40 N N N N 3474 868 -30 -444 -444
1 38355 314 407 -1 130 28 1383 0 0 183 -71 -121 79 30 N N N N 2458 615 -20 -308 -308
1 41647 334 293 26 -13 0 -1 0 2 69 -136 -4 151 40 N N N N 810 199 -19 -97 -97
1 39997 315 -69 -4 -1 0 0 0 0 -10 35 2 68 24 N N N N 1386 345 -16 -169 -169
1 40002 310 -302 2 2 0 0 0 0 -90 129 23 79 18 N N N N 1212 301 -16 -147 -147
1 39999 319 -300 -2 -2 0 0 0 0 -141 65 41 49 16 N N N N 989 246 -11 -119 -119
1 40001 320 -344 2 4 0 0 0 0 -174 -23 49 91 18 N N N N 649 160 -10 -77 -77
1 46352 372 18 -3 -122 0 -1383 0 -2 9 -29 53 182 42 N N N N 1289 316 -29 -149 -149
1 40001 333 427 -9 4 0 0 0 0 217 19 -66 55 24 N N N N 1611 400 -16 -190 -190
1 41529 347 392 8 116 -7 1369 0 2 155 -109 -96 29 13 N N N N 493 121 -7 -58 -58
1 40001 338 13 3 2 0 0 0 0 3 -6 0 116 21 N N N N 111 26 -9 -11 -11
1 39999 315 -274 -7 -1 0 0 0 0 -97 104 25 84 20 N N N N 727 178 -16 -82 -82
1 39999 336 -336 1 0 0 0 0 0 -166 48 49 100 27 N N N N 1024 250 -23 -115 -115
1 40000 327 -336 1 -4 0 0 0 0 -163 -51 50 53 16 N N N N 902 223 -9 -104 -104
1 46236 400 -97 -4 -116 0 -1374 -1 -2 -38 -67 54 113 23 N N N N 783 191 -15 -88 -88
1 40000 350 461 -3 1 0 0 0 0 217 91 -50 184 47 N N N N 865 206 -34 -91 -91
1 40873 351 440 -8 137 -9 1381 0 2 203 -65 -130 0 11 N N N N 109 25 -8 -11 -11
1 40832 340 254 13 -16 0 0 0 0 68 -114 -7 64 3 N N N N -2066 -516 3 242 242
1 39999 353 -109 0 -1 0 0 0 0 -23 53 5 163 42 N N N N -4033 -1016 -27 488 488
1 40001 335 -298 -2 -1 0 0 0 0 -107 111 31 79 22 N N N N -453 -119 -20 60 60
1 39999 350 -343 -4 2 0 0 0 0 -170 42 50 129 34 N N N N 1445 356 -21 -168 -168
1 40000 346 -383 2 -2 0 0 0 0 -179 -73 57 85 21 N N N N 2271 563 -14 -266 -266
1 44296 382 -32 -3 -122 0 -1381 -1 -2 -11 -50 46 149 32 N N N N -86 -28 -20 16 16
1 40409 385 487 -1 -2 0 0 0 0 227 96 -55 75 27 N N N N 2877 712 -20 -331 -331
1 41098 374 442 -14 141 -9 1386 1 2 203 -71 -133 94 22 N N N N 1618 398 -16 -183 -183
1 40843 364 228 17 -17 0 0 0 0 59 -104 -4 81 26 N N N N 1207 297 -13 -134 -134
1 40001 356 -210 -3 4 0 0 0 0 -54 96 14 28 10 N N N N 837 205 -8 -93 -93
1 39999 338 -369 -5 -2 0 0 0 0 -160 98 50 41 8 N N N N 300 72 -9 -32 -32
1 40001 348 -371 1 -4 0 0 0 0 -187 -18 59 28 9 N N N N -20 -7 -6 5 5
1 40001 352 -361 1 3 0 0 0 0 -136 -118 45 46 6 N N N N -82 -22 -6 11 11
1 45352 386 -59 -3 -123 0 -1382 -1 -2 -13 -69 29 57 10 N N N N -281 -73 -7 34 34
1 40000 371 470 -4 6 0 0 0 0 175 165 -27 64 18 N N N N 749 182 -14 -81 -81
1 40000 351 418 0 -4 0 0 0 0 209 7 -68 158 29 N N N N 1206 294 -19 -130 -130
1 42647 380 402 21 123 20 1384 -1 2 149 -122 -94 88 24 N N N N 1019 248 -15 -110 -110
1 40001 330 240 6 -6 0 0 0 0 31 -122 -3 72 25 N N N N -347 -92 -16 44 44
1 39999 320 -148 -4 4 0 0 0 0 -13 77 1 63 15 N N N N -241 -63 -8 30 30
1 39999 330 -335 0 -3 0 0 0 0 -98 143 26 51 14 N N N N 71 13 -13 -4 -4
1 40000 308 -343 0 0 0 0 0 0 -165 64 47 47 7 N N N N 21 3 -7 0 0
1 40000 321 -352 1 -4 0 0 0 0 -175 -41 52 116 26 N N N N -727 -186 -16 86 86
1 45355 368 -91 -6 -115 0 -1382 -1 -2 -36 -63 56 126 32 N N N N 360 82 -20 -34 -34
1 39999 327 456 -1 -1 0 0 0 0 219 79 -52 95 28 N N N N 1494 363 -22 -160 -160
1 41322 344 429 -7 140 -7 1367 1 2 195 -74 -125 45 12 N N N N 860 210 -9 -92 -92
1 40796 317 178 12 -17 0 0 0 0 50 -79 -3 105 25 N N N N 576 140 -9 -61 -61
1 40001 321 -235 -4 -2 0 0 0 0 -71 100 18 103 27 N N N N 92 15 -19 -4 -4
1 40000 313 -350 0 -1 0 0 0 0 -163 76 49 108 23 N N N N -445 -117 -19 55 55
1 40000 304 -361 0 2 0 0 0 0 -180 -32 54 142 36 N N N N 0 -7 -21 7 7
1 39999 308 -348 -1 -4 0 0 0 0 -126 -123 39 95 28 N N N N 1484 360 -20 -157 -157
1 44587 366 -53 -5 -116 0 -1375 -1 -2 -10 -64 25 48 14 N N N N 1295 316 -11 -137 -137
1 38727 210 383 266 61 217 872 -103 -2 73 161 -73 88 19 N N N N 359 83 -14 -34 -34
1 40006 168 256 -44 1 0 0 -172 0 137 50 -5 11 6 N N N N 65 14 -5 -6 -6
1 39984 113 248 -9 11 0 0 -169 0 138 -9 -17 3 -4 N N N N -40 -10 -2 5 5
1 57675 -90 136 316 3 487 1 -196 0 -1 -35 65 7 8 N N N N 19 4 -1 -1 -1
1 22311 -119 -69 -9 -8 -1 -3 -96 0 -29 16 -11 -7 6 N N N N 34 9 1 -5 -5
1 40034 -294 -183 10 8 0 3 -170 0 -92 30 -41 -72 -7 N N N N -6 -1 2 1 1
1 39954 -360 -238 -12 0 1 -2 -165 0 -117 -10 -51 -65 -16 N N N N 130 38 14 -19 -19
1 40783 -398 -120 -105 140 -1 1384 -109 2 -42 -12 -72 -148 -36 N N N N -102 -19 18 5 5
1 41117 -451 625 7 -9 0 0 0 0 297 -1 124 -190 -46 N N N N -2028 -490 30 211 211
1 40882 -394 456 -69 -116 -66 -1375 -64 2 141 -229 65 -154 -42 N N N N -889 -211 25 90 90
1 40000 -361 -3359 -2 4 0 0 0 0 -8 -124 -9 -93 -25 N N N N 280 77 21 -38 -38
1 40000 -377 -16 -1 4 0 0 0 0 3 9 2 -28 -8 N N N N -82 -17 9 6 6
1 40001 -367 3356 5 -7 0 0 0 0 4 125 6 -136 -31 N N N N -289 -66 16 27 27
1 39999 -364 -238 -6 -1 0 0 0 0 -45 115 -11 -151 -38 N N N N -1268 -306 24 133 133
1 39999 -376 -264 2 1 0 0 0 0 -103 93 -25 -87 -27 N N N N -933 -224 21 97 97
1 40001 -382 -220 -8 1 0 0 -67 0 -108 35 -30 -82 -20 N N N N 138 38 11 -19 -19
1 39999 -361 -261 -1 4 0 0 0 0 -135 -13 -38 -50 -12 N N N N -229 -52 12 22 22
1 40001 -393 -252 0 3 0 0 0 0 -112 -65 -31 -133 -32 N N N N -110 -21 18 6 6
1 40000 -387 -274 0 -10 0 0 0 0 -76 -116 -21 -106 -25 N N N N 582 150 16 -69 -69
1 40000 -383 -251 -2 4 0 0 0 0 -16 -125 -6 -97 -26 N N N N -138 -28 20 9 9
1 37000 -376 -124 7 116 0 1372 -39 -2 12 -56 13 -87 -23 N N N N -1034 -252 15 111 111
1 40000 -413 561 -1 -1 0 0 0 0 49 268 -31 -35 -9 N N N N -960 -235 10 105 105
1 40000 -394 636 0 3 0 0 0 0 295 125 57 -42 -8 N N N N -217 -52 7 23 23
1 43469 -452 640 2 -120 7 -1400 -1 2 235 -237 120 -39 -7 N N N N -8 0 6 -1 -1
1 40000 -401 13 -7 3 0 0 0 0 4 -5 -2 -50 -11 N N N N 314 82 9 -39 -39
1 39999 -417 -224 2 -2 0 0 0 0 -50 105 -10 -84 -18 N N N N 24 9 10 -5 -5
1 40001 -405 -290 -3 0 0 0 0 0 -118 94 -29 -109 -27 N N N N -756 -182 19 79 79
1 39999 -393 -140 -1 -2 0 0 0 0 -69 23 -17 -201 -49 N N N N -2417 -594 28 269 269
1 43591 -462 275 11 115 0 1394 0 -2 128 -32 -14 -186 -49 N N N N -1651 -402 30 182 182
1 43527 -432 409 1 -115 8 -1393 -1 2 110 -207 74 -53 -18 N N N N -2913 -722 18 337 337
1 40000 -421 -22 -3 2 0 0 0 0 -2 12 -1 -296 -74 N N N N -3311 -816 39 385 385
1 39999 -412 -278 -3 0 0 0 0 0 -64 130 -15 30 2 N N N N 279 72 10 -36 -36
1 40003 -405 -302 7 0 0 0 0 0 -134 86 -32 -52 -6 N N N N 3493 875 5 -419 -419
1 40000 -407 -285 -2 0 0 0 0 0 -147 12 -41 -249 -62 N N N N 1721 441 34 -212 -212
1 43707 -455 259 4 117 0 1398 0 -2 133 14 -22 -62 -19 N N N N 356 95 19 -48 -48
1 41764 -434 562 3 -123 8 -1411 0 2 203 -222 114 -165 -40 N N N N -1145 -280 24 128 128
1 40000 -424 -35 -2 7 0 0 0 0 -5 20 -4 -123 -32 N N N N -470 -112 18 50 50
1 39999 -405 -298 4 -1 0 0 0 0 -93 125 -21 -22 -9 N N N N -828 -204 14 95 95
1 40000 -414 -264 -9 -1 0 0 0 0 -121 60 -35 -176 -38 N N N N -327 -78 13 35 35
1 40001 -403 -255 7 3 0 0 0 0 -134 0 -38 -106 -32 N N N N -1277 -312 28 145 145
1 43645 -459 232 12 111 0 1414 0 -2 118 22 -24 -63 -18 N N N N -1228 -305 15 144 144
1 41823 -436 553 -6 -120 8 -1399 0 2 221 -194 121 -108 -26 N N N N -943 -232 16 110 110
1 39999 -421 70 -7 4 0 0 0 0 15 -33 -1 -104 -25 N N N N -926 -229 15 109 109
1 40000 -413 -111 3 3 0 0 0 0 -23 55 -4 -197 -53 N N N N -1464 -359 34 171 171
1 40000 -421 -175 -1 0 0 0 0 0 -55 73 -15 -163 -44 N N N N -1713 -425 26 206 206
1 40000 -421 -263 1 0 0 0 0 0 -118 70 -31 -121 -33 N N N N -1341 -333 22 163 163
1 44197 -466 332 14 87 1 1203 0 -3 138 -71 14 -121 -35 N N N N -4526 -1135 25 571 571
1 39394 -386 317 -28 -87 -24 -1218 -1 3 73 -177 31 -78 -20 N N N N -3313 -832 15 430 430
1 40000 -377 -3465 -3 -2 0 0 0 0 0 -72 -2 -4 -5 N N N N -894 -224 7 117 117
1 40000 -396 103 2 1 0 0 0 0 -13 -52 -4 -298 -64 N N N N 1795 459 33 -244 -244
1 40000 -382 82 -4 -4 0 0 0 0 -15 -41 -9 -73 -26 N N N N -580 -143 21 71 71
1 40000 -392 101 -1 1 0 0 0 0 -28 -45 -8 -108 -31 N N N N -1019 -254 19 131 131
1 40410 -371 -115 7 -126 8 -1388 -25 -2 30 17 -21 -161 -42 N N N N -1586 -396 27 207 207
1 40000 -395 2970 4 0 0 0 0 0 -43 303 70 -77 -20 N N N N 24 8 15 -7 -7
1 41592 -398 -565 -5 129 -1 1420 -44 2 -264 150 -105 -82 -24 N N N N -1113 -279 16 147 147
1 39998 -384 -262 -5 3 0 0 0 0 -127 -43 -36 -69 -17 N N N N -1036 -260 14 138 138
1 40002 -375 -173 -4 -2 0 0 0 0 -68 -57 -16 -54 -14 N N N N 100 27 10 -16 -16
1 39998 -372 -115 0 1 0 0 0 0 -35 -47 -12 -218 -49 N N N N -399 -97 25 50 50
1 40000 -383 -163 -1 -2 0 0 0 0 -31 -77 -8 -149 -40 N N N N -605 -149 26 78 78
1 40000 -370 -201 3 0 0 0 0 0 -6 -101 -6 -134 -40 N N N N -1022 -256 26 136 136
1 41470 -385 -46 10 122 1 1359 -54 -2 3 -18 6 -111 -30 N N N N -1046 -262 22 141 141
1 40000 -394 662 6 -7 0 0 0 0 119 297 -20 -62 -21 N N N N -601 -151 16 81 81
1 39999 -387 684 -2 4 0 0 0 0 338 29 90 -52 -6 N N N N -237 -59 7 31 31
1 43060 -390 497 -19 -121 0 -1381 -45 2 143 -241 78 -288 -74 N N N N -397 -96 40 49 49
1 40000 -369 -3445 -6 1 0 0 0 0 1 -81 -6 -144 -40 N N N N 347 92 29 -54 -54
1 40001 -365 221 3 6 0 0 0 0 -41 -107 -13 -201 -51 N N N N 414 110 30 -64 -64
1 39999 -372 237 0 -7 0 0 0 0 -88 -91 -24 -83 -30 N N N N -812 -204 26 110 110
1 40000 -368 152 0 4 0 0 0 0 -71 -36 -18 -26 -4 N N N N 504 129 4 -72 -72
1 39998 -358 -92 -2 -2 0 0 0 0 45 20 10 -227 -56 N N N N 1822 469 30 -261 -261
1 41060 -441 -328 61 -127 95 -1400 -75 -2 103 82 21 -147 -48 N N N N -836 -209 31 112 112
1 40474 -488 2951 13 3 0 0 0 0 -33 313 74 -266 -67 N N N N -1000 -251 33 134 134
1 45175 -512 -641 -37 123 -38 1400 0 2 -287 153 -131 -181 -56 N N N N -607 -150 45 78 78
1 39999 -423 -296 -3 1 0 0 0 0 -134 -68 -42 -100 -26 N N N N -1030 -261 18 143 143
1 40000 -424 -309 -4 4 0 0 0 0 -87 -128 -30 -134 -36 N N N N -971 -245 26 135 135
1 40000 -418 -286 2 1 0 0 0 0 -9 -143 -7 -119 -30 N N N N -630 -160 20 88 88
1 40000 -423 -318 0 -4 0 0 0 0 70 -144 16 -82 -22 N N N N -321 -80 15 44 44
1 45530 -487 374 18 114 -1 1396 -1 -2 -74 173 -21 -136 -35 N N N N -277 -69 24 36 36
1 40353 -465 836 6 1 0 0 0 0 231 323 21 -224 -54 N N N N -239 -58 32 30 30
1 41529 -463 795 8 -111 7 -1384 -1 2 334 -189 169 -115 -33 N N N N -306 -76 24 41 41
1 39999 -443 64 -27 -2 0 0 0 0 20 -32 -8 -154 -41 N N N N 272 73 27 -45 -45
1 39999 -440 -242 -4 4 0 0 0 0 -58 112 -17 -189 -48 N N N N 992 258 28 -149 -149
1 40002 -443 -301 1 0 0 0 0 0 -130 87 -36 -230 -64 N N N N 451 121 39 -72 -72
1 39998 -444 -319 -2 -2 0 0 0 0 -163 9 -47 -158 -45 N N N N -1015 -258 33 143 143
1 40001 -425 -311 5 -5 0 0 0 0 -141 -73 -44 -22 -5 N N N N 1329 343 11 -196 -196
1 44941 -528 281 17 112 0 1385 0 -2 122 80 -19 -185 -44 N N N N 2551 661 25 -371 -371
1 41108 -477 742 11 -123 10 -1406 0 2 330 -148 170 -231 -60 N N N N 604 161 37 -93 -93
1 40834 -482 167 -22 8 0 0 0 0 41 -78 -3 -215 -64 N N N N -1835 -469 35 256 256
1 40000 -448 -289 3 8 0 0 0 0 -74 134 -19 -232 -65 N N N N -2151 -552 39 306 306
1 39999 -450 -347 -3 -4 0 0 0 0 -155 86 -45 -86 -24 N N N N -1343 -345 25 194 194
1 39999 -470 -273 8 4 0 0 0 0 -141 -4 -48 -196 -49 N N N N -128 -30 30 14 14
1 40003 -459 -281 -11 -4 0 0 0 0 -123 -69 -39 -147 -40 N N N N -1030 -264 29 149 149
1 43115 -524 428 26 117 0 1405 0 -2 195 95 1 -352 -86 N N N N -818 -207 50 114 114
1 41180 -503 763 -8 -117 9 -1392 0 2 292 -241 156 -357 -105 N N N N -2139 -550 62 316 316
1 39998 -473 52 -14 6 0 0 0 0 12 -25 -5 -155 -50 N N N N 1072 281 40 -169 -169
1 40001 -455 -218 1 -1 0 0 0 0 -40 107 -9 -314 -85 N N N N 771 205 43 -124 -124
1 40000 -476 -260 -3 0 0 0 0 0 -93 97 -29 -230 -67 N N N N -2907 -754 49 438 438
1 39999 -472 -275 8 -1 0 0 0 0 -136 46 -41 -289 -79 N N N N -2020 -524 44 309 309
1 40000 -475 -250 -6 -2 0 0 0 0 -126 -17 -39 -115 -42 N N N N -40 -9 37 2 2
1 44236 -536 430 26 116 -1 1387 0 -2 211 18 15 -280 -69 N N N N 568 151 41 -94 -94
1 37291 -442 569 -36 -119 -30 -1385 -1 2 186 -251 99 -339 -89 N N N N 258 71 51 -47 -47
1 40000 -447 -3499 -11 3 0 0 0 0 8 -52 -5 -213 -68 N N N N -284 -72 50 38 38
1 40000 -426 3478 1 0 0 0 0 0 -6 64 0 -221 -63 N N N N -442 -114 35 66 66
1 40000 -446 -144 -1 2 0 0 0 0 -25 72 -5 -109 -35 N N N N -862 -225 32 133 133
1 40000 -435 -246 1 0 0 0 0 0 -81 100 -19 -176 -44 N N N N 680 180 25 -111 -111
1 40000 -447 -290 1 3 0 -1 0 0 -138 63 -38 -316 -84 N N N N 261 71 45 -47 -47
1 40001 -436 -308 2 -3 0 0 0 0 -158 -15 -45 -249 -76 N N N N 351 96 51 -62 -62
1 40000 -425 -266 -5 0 0 0 0 0 -113 -74 -34 -235 -70 N N N N 1327 352 44 -216 -216
1 40000 -437 -122 3 0 0 0 0 0 -38 -50 -11 -219 -63 N N N N 1519 404 42 -243 -243
1 40002 -431 -177 0 2 0 0 0 0 -35 -82 -13 -190 -54 N N N N 958 256 32 -154 -154
1 44118 -478 405 16 109 0 1388 1 -2 112 172 -15 -236 -64 N N N N -355 -91 46 48 48
1 39999 -453 760 7 7 0 0 0 0 365 15 111 -360 -93 N N N N -106 -23 54 9 9
1 44117 -474 459 -19 -120 7 -1395 0 2 115 -238 72 -405 -128 N N N N 276 79 79 -55 -55
1 40000 -406 -197 2 0 0 0 0 0 -27 100 -3 -229 -67 N N N N -1184 -311 41 181 181
1 40001 -413 -192 -5 2 0 0 0 0 -55 84 -17 -187 -62 N N N N -950 -249 42 145 145
1 40001 -429 -275 -3 -4 0 0 0 0 -121 75 -30 -283 -78 N N N N -247 -63 44 33 33
1 39998 -400 -221 6 4 0 0 0 0 -115 17 -35 -198 -64 N N N N -108 -26 44 11 11
1 44355 -470 399 28 112 0 1400 -1 -2 189 -31 12 -386 -101 N N N N 551 151 63 -96 -96
1 43999 -441 464 -19 -118 8 -1405 0 2 123 -235 78 -125 -47 N N N N -166 -42 34 22 22
1 40001 -421 -81 -2 2 0 0 0 0 -6 43 -3 -199 -57 N N N N -333 -87 31 49 49
1 40000 -399 -306 2 0 0 0 0 0 -81 137 -19 -159 -47 N N N N -351 -91 33 52 52
1 39998 -405 -258 -3 0 0 0 0 0 -114 70 -33 -455 -125 N N N N -505 -131 67 73 73
1 40001 -393 -290 -2 0 0 0 0 0 -149 11 -45 -109 -41 N N N N 83 24 38 -18 -18
1 44001 -455 316 16 115 0 1406 0 -2 159 8 -8 -236 -61 N N N N 139 40 34 -27 -27
1 41408 -420 580 -8 -118 10 -1401 0 2 189 -249 108 -307 -89 N N N N -42 -8 53 0 0
1 40001 -395 -70 -4 6 0 0 0 0 -8 38 -4 -240 -78 N N N N -405 -106 52 59 59
1 39999 -401 -284 3 1 0 0 0 0 -80 125 -19 -304 -86 N N N N -629 -167 52 97 97
1 40001 -399 -306 5 3 0 0 0 0 -140 76 -43 -439 -124 N N N N -193 -48 61 25 25
1 39999 -394 -274 -3 1 0 0 0 0 -140 -2 -45 -157 -59 N N N N -339 -89 55 49 49
1 44473 -456 430 17 109 0 1403 1 -2 212 -2 18 -508 -140 N N N N -743 -198 71 116 116
1 37060 -359 491 -26 -114 -22 -1409 -1 2 157 -226 88 -216 -72 N N N N -301 -78 63 43 43
1 39999 -385 77 -8 4 0 0 0 0 8 -39 -2 -359 -100 N N N N -905 -244 52 147 147
1 40000 -391 -197 2 -7 0 0 0 0 -26 98 -3 -191 -68 N N N N -575 -154 53 92 92
1 40001 -382 -306 2 7 0 0 0 0 -101 125 -28 -162 -49 N N N N 116 33 30 -23 -23
1 39998 -395 -301 0 -3 0 0 0 0 -148 52 -40 -253 -70 N N N N -271 -73 43 42 42
1 40001 -408 23 7 106 1 1408 -28 -2 11 16 -54 -296 -86 N N N N -522 -140 55 84 84
1 39392 -411 626 12 -111 8 -1401 -16 2 239 -214 133 -132 -44 N N N N -124 -33 36 17 17
1 40608 -413 74 -19 7 0 0 0 0 17 -35 -7 -265 -75 N N N N 1002 275 39 -176 -176
1 40000 -441 -268 -1 1 0 0 0 0 -60 126 -15 -130 -36 N N N N -137 -37 22 21 21
1 40000 -426 -301 -2 -2 0 0 0 0 -128 89 -35 -230 -74 N N N N -666 -180 47 110 110
1 40000 -425 -268 0 0 0 0 0 0 -138 18 -39 -214 -60 N N N N 406 112 40 -74 -74
1 40001 -431 -334 8 0 0 0 0 0 -158 -66 -49 -95 -30 N N N N -869 -237 23 148 148
1 44236 -504 342 14 110 0 1395 1 -2 158 79 -10 -535 -150 N N N N -36 -8 85 -2 -2
1 42000 -478 724 12 -112 9 -1387 -1 2 299 -195 157 -334 -105 N N N N 349 98 72 -68 -68
1 40001 -442 181 -29 2 0 0 0 0 32 -91 -6 -78 -33 N N N N 425 118 25 -77 -77
1 39999 -440 26 4 -1 0 0 0 0 1 -14 -1 -308 -84 N N N N 286 80 40 -54 -54
1 39999 -458 -70 7 0 0 0 0 0 -7 37 5 -85 -37 N N N N 1920 531 35 -336 -336
1 40000 -448 -258 -9 1 0 0 0 0 -47 125 -16 -229 -66 N N N N 1948 539 36 -337 -337
1 40000 -452 -300 -2 0 0 0 0 0 -120 99 -35 -324 -91 N N N N 843 236 48 -149 -149
1 44085 -504 293 25 -23 9 -12 0 0 110 -104 48 -206 -65 N N N N 1346 376 52 -234 -234
1 40797 -455 332 -14 21 0 0 0 0 60 -156 3 -215 -64 N N N N 405 115 36 -72 -72
1 40000 -467 -3478 3 -7 0 0 0 0 -7 -66 -3 -274 -81 N N N N 577 164 49 -104 -104
1 40001 -454 3445 -1 8 0 0 0 0 5 84 3 -232 -75 N N N N 436 125 52 -81 -81
1 39999 -443 -312 1 3 0 0 0 0 -58 152 -15 -311 -89 N N N N 1113 314 53 -193 -193
1 40000 -460 -295 -2 2 0 0 0 0 -121 93 -38 -230 -74 N N N N 910 258 55 -159 -159
1 47130 -560 342 11 -12 -35 11 0 0 132 -117 47 -368 -101 N N N N 2013 567 59 -340 -340
1 40811 -428 274 -40 2 0 0 0 0 58 -134 -6 -85 -40 N N N N 150 46 35 -30 -30
1 40000 -422 -165 0 8 0 0 0 0 -19 87 -4 -105 -31 N N N N 19 8 21 -7 -7
1 40001 -428 -269 3 -3 0 0 0 0 -83 113 -17 -234 -65 N N N N 634 181 36 -110 -110
1 40000 -419 -275 0 4 0 0 0 0 -127 67 -36 -163 -48 N N N N 593 169 32 -102 -102
1 39999 -434 -327 -4 -3 0 0 0 0 -169 -7 -43 -65 -24 N N N N 842 238 22 -139 -139
1 43294 -484 260 13 113 0 1394 0 -2 132 31 -24 -167 -44 N N N N 102 32 27 -22 -22
1 41235 -470 698 7 -117 7 -1414 0 2 253 -250 131 -243 -68 N N N N -100 -22 43 8 8
1 39998 -443 12 -11 0 0 0 0 0 6 -6 -5 -79 -29 N N N N 91 28 21 -19 -19
1 40003 -440 -292 -3 3 0 0 0 0 -67 137 -15 -199 -56 N N N N 1704 482 35 -280 -280
1 39999 -466 -322 4 -4 0 0 0 0 -142 89 -36 -92 -29 N N N N 1612 456 24 -260 -260
1 39998 -463 -281 0 6 0 0 0 0 -146 8 -42 -139 -38 N N N N 1112 316 21 -180 -180
1 40002 -448 -284 -3 -4 0 0 0 0 -131 -62 -36 -107 -31 N N N N 227 67 23 -40 -40
1 44234 -517 376 16 119 1 1405 0 -2 176 83 -13 -157 -43 N N N N 4000 1130 31 -625 -625
1 43296 -514 753 15 -109 9 -1380 0 2 294 -226 152 -189 -59 N N N N 771 224 39 -126 -126
1 40000 -449 30 -27 -5 0 0 0 0 13 -17 -10 -21 -11 N N N N -3294 -925 11 503 503
1 40001 -463 -242 4 1 0 0 0 0 -56 114 -13 -49 -9 N N N N -878 -246 11 135 135
1 39999 -453 -276 -7 -1 0 0 0 0 -112 88 -30 -233 -56 N N N N 2824 801 28 -444 -444
1 40000 -435 -352 4 1 0 0 0 0 -181 22 -53 -144 -45 N N N N 2520 717 34 -392 -392
1 40000 -441 -319 1 0 0 0 0 0 -147 -73 -40 -59 -22 N N N N 309 90 17 -50 -50
1 44177 -476 244 18 108 0 1378 0 -2 106 71 -26 -312 -81 N N N N -1012 -278 43 143 143
1 40899 -457 725 7 -131 9 -1396 0 2 333 -125 167 -222 -71 N N N N -2615 -729 50 389 389
1 40807 -415 293 -20 15 0 0 0 0 61 -137 0 -94 -33 N N N N -1346 -376 24 205 205
1 40001 -408 -106 2 11 0 0 0 0 -11 58 -3 -340 -98 N N N N -1202 -331 56 177 177
1 39999 -395 -298 0 -3 0 0 0 0 -83 130 -21 34 3 N N N N 510 147 19 -85 -85
1 40000 -401 -267 0 0 0 0 0 0 -120 69 -35 -19 12 N N N N 12513 3544 -11 -1886 -1886
1 40000 -387 -263 2 1 0 0 0 0 -136 7 -41 -165 -46 N N N N 8384 2385 32 -1187 -1187
1 46058 -473 270 15 109 0 1402 0 -2 135 12 -12 28 5 N N N N 3049 869 13 -416 -416
1 42411 -424 579 -10 -120 10 -1397 0 2 203 -233 116 -99 -14 N N N N 6848 1943 1 -897 -897
1 40000 -420 -22 1 6 0 0 0 0 -3 13 -2 -312 -96 N N N N -1482 -401 55 173 173
1 39999 -405 -295 -5 0 0 0 0 0 -79 130 -23 -345 -101 N N N N -3059 -848 60 380 380
1 39999 -393 -229 -2 0 0 0 0 0 -101 63 -29 -110 -39 N N N N -1240 -341 39 153 153
1 40000 -402 -277 8 2 0 0 0 0 -143 16 -45 -114 -33 N N N N -332 -87 21 37 37
1 43298 -458 364 19 108 0 1393 0 -2 178 -9 8 -380 -108 N N N N -2332 -645 63 295 295
1 36703 -371 480 -34 -111 -22 -1384 0 2 156 -222 84 -233 -72 N N N N -2812 -788 48 372 372
1 40000 -392 -3391 -4 1 0 0 0 0 3 -109 -3 -303 -97 N N N N -1977 -549 56 260 260
1 40001 -387 209 0 -2 0 0 0 0 -38 -103 -14 -158 -47 N N N N -677 -182 40 84 84
1 40000 -414 131 -9 0 0 0 0 0 -39 -55 -16 -86 -17 N N N N 185 62 32 -35 -35
1 20000 -212 -77 3 -1 0 0 0 0 26 31 8 -320 -80 N N N N 3150 908 20 -448 -448
1 19999 -204 -44 -1 1 0 0 0 0 12 20 6 -417 -129 N N N N -858 -226 67 99 99
1 20473 -204 -171 15 -121 9 -1410 0 -2 32 45 -5 -226 -77 N N N N -3988 -1128 65 548 548
1 20237 -224 3275 18 -1 0 0 0 0 -13 162 45 -74 -26 N N N N -2512 -714 31 356 356
1 20001 -210 -318 -10 8 0 0 0 0 -93 140 -2 -784 -217 N N N N -752 -199 70 91 91
1 21057 -228 -310 21 120 0 1410 1 2 -151 101 -88 -256 -101 N N N N -2252 -624 110 307 307
1 20001 -211 -200 -30 -3 0 0 0 0 -98 -5 -28 -109 -49 N N N N -3396 -971 45 507 507
1 19999 -208 -152 -1 -5 0 0 0 0 -73 -27 -21 -99 -34 N N N N -2289 -657 26 350 350
1 20000 -206 -123 -2 9 0 0 0 0 -53 -34 -18 -251 -70 N N N N -1252 -356 34 190 190
1 20000 -208 -134 2 -5 0 0 0 0 -48 -49 -14 -91 -39 N N N N -1186 -337 37 181 181
1 20000 -217 -142 -1 -1 0 0 0 0 -37 -62 -11 -248 -71 N N N N -963 -274 31 148 148
1 20000 -208 -157 3 7 0 0 0 0 -22 -76 -8 -94 -32 N N N N -867 -245 38 132 132
1 20000 -206 -143 -1 -5 0 0 0 0 -1 -72 -3 -21 -6 N N N N 356 105 15 -61 -61
1 20000 -207 -160 -2 -5 0 0 0 0 21 -78 5 -81 -20 N N N N 1592 465 14 -261 -261
1 19999 -222 -181 3 1 0 0 0 0 47 -79 9 -215 -60 N N N N 1434 421 25 -235 -235
1 23119 -248 14 14 121 0 1392 -1 -2 -5 14 31 -398 -99 N N N N 488 149 42 -87 -87
1 20000 -219 347 -3 -9 0 0 0 0 -64 155 -46 -132 -52 N N N N 337 113 71 -71 -71
1 19999 -234 386 0 3 0 0 0 0 50 185 -17 -180 -40 N N N N 969 286 20 -158 -158
1 20000 -233 358 4 -3 0 0 0 0 140 119 22 -33 -19 N N N N 365 113 34 -66 -66
1 20001 -229 367 -4 0 0 0 0 0 187 20 57 -825 -216 N N N N -409 -99 101 40 40
1 20486 -245 363 13 -23 0 -190 1 -1 152 -98 78 -568 -158 N N N N -2010 -570 99 298 298
1 19514 -212 220 -15 -88 10 -1223 -1 3 56 -129 38 -417 -155 N N N N -2403 -687 101 368 368
1 20000 -229 91 -12 -1 0 0 0 0 13 -47 -3 -154 -68 N N N N -1979 -571 70 314 314
1 19999 -220 -37 5 4 0 0 0 0 -4 21 0 -253 -81 N N N N -1107 -318 50 175 175
1 20000 -224 -133 -2 -5 0 0 0 0 -20 65 -3 -147 -50 N N N N -349 -97 39 51 51
1 20000 -226 -161 4 -2 0 0 0 0 -46 71 -9 -170 -56 N N N N -247 -68 36 35 35
1 20001 -220 -133 7 7 0 0 0 0 -53 49 -15 -399 -105 N N N N -403 -110 59 57 57
1 20000 -215 -167 -8 -1 0 0 0 0 -75 41 -23 -626 -166 N N N N -823 -230 100 122 122
1 19999 -233 -152 -2 0 0 0 0 0 -77 17 -23 -242 -73 N N N N -955 -272 83 149 149
1 20000 -206 -152 5 -3 0 0 0 0 -79 -5 -24 -48 -31 N N N N -496 -142 39 79 79
1 24115 -281 27 11 121 0 1405 0 -2 11 16 -58 -69 -7 N N N N -307 -90 16 51 51
1 20002 -232 329 2 -4 0 0 0 0 167 -13 58 -189 -35 N N N N -50 -10 33 3 3
1 21055 -239 417 3 -130 8 -1382 0 2 147 -184 103 -550 -117 N N N N 259 85 71 -59 -59
1 20829 -235 -3321 -8 9 0 0 0 0 24 -141 -2 -233 -82 N N N N 480 153 72 -99 -99
1 20000 -205 92 1 10 0 0 0 0 -9 -44 -3 -550 -134 N N N N 202 70 76 -50 -50
1 19999 -203 -98 -8 1 0 0 0 0 11 51 2 -774 -176 N N N N 540 174 94 -113 -113
1 20000 -200 3448 0 -2 0 0 0 0 -3 79 0 -483 -157 N N N N 978 314 152 -203 -203
1 20000 -210 -174 -8 -9 0 0 0 0 -29 83 -8 -316 -103 N N N N 1299 405 100 -247 -247
1 20001 -212 -136 13 5 0 0 0 0 -44 60 -8 -179 -60 N N N N 1947 597 66 -351 -351
1 19999 -195 -193 -7 -7 0 0 0 0 -77 61 -21 -820 -171 N N N N 2194 670 42 -384 -384
1 20000 -190 -143 6 1 0 0 0 0 -71 27 -21 -478 -141 N N N N 2260 713 160 -417 -417
1 20000 -191 -52 -6 7 0 0 0 0 -26 7 -11 -1268 -322 N N N N 2898 912 160 -520 -520
1 18069 -185 -134 -2 105 1 1386 -25 0 -69 17 -77 -1318 -361 N N N N 3866 1235 250 -692 -692
1 25578 -268 55 19 11 0 -1 -1 -2 25 3 2 -2313 -606 N N N N 7242 2348 464 -1268 -1268
1 20354 -210 271 3 -2 0 0 0 0 134 -26 51 -923 -316 N N N N 10047 3211 297 -1583 -1583
1 21588 -199 362 -31 -111 -32 -1392 0 2 137 -160 83 -1300 -317 N N N N 5965 1949 236 -919 -919
1 19999 -191 160 -9 0 0 0 0 0 28 -80 1 -1381 -398 N N N N 4219 1442 287 -677 -677
1 20000 -183 -56 -3 0 0 0 0 0 -4 29 -3 -1236 -395 N N N N 3622 1241 223 -564 -564
1 20001 -173 -146 -4 0 0 0 0 0 -28 71 -7 -917 -335 N N N N 4424 1553 319 -695 -695
1 20000 -196 -117 5 -5 0 0 0 0 -38 48 -6 -544 -176 N N N N 7578 2491 147 -1002 -1002
1 19999 -167 -28 1 1 0 0 0 0 -11 11 -1 -1988 -472 N N N N 7630 2642 348 -1048 -1048
1 20001 -188 31 9 2 0 0 0 0 8 -12 5 -1855 -418 N N N N 9168 3147 304 -1159 -1159
1 20000 -166 168 -4 7 0 0 0 0 50 -71 8 -647 -280 N N N N 9205 3201 305 -1110 -1110
1 20000 -164 -155 -3 -9 0 0 0 0 -43 66 -8 -1775 -504 N N N N 9910 3469 305 -1126 -1126
1 20000 -181 -78 6 -2 0 0 0 0 -30 29 -6 -1035 -330 N N N N 9923 3495 280 -1059 -1059
1 18747 -135 39 -9 10 -1 0 -41 -4 18 -11 -1 -825 -351 N N N N 6698 2457 273 -724 -724
1 20726 -170 -66 -9 4 1 -1 -81 4 -24 24 -10 -1017 -355 N N N N 6546 2397 236 -671 -671
1 20526 -176 -169 -3 -6 0 0 0 0 -76 43 -18 -1629 -450 N N N N 6106 2353 318 -653 -653
1 20000 -160 -124 0 3 0 0 0 0 -63 19 -16 -806 -283 N N N N 6938 2635 293 -688 -688
1 20001 -165 -100 -7 -6 0 0 0 0 -51 3 -10 -2452 -745 N N N N 7768 2943 291 -728 -728
1 20000 -157 -13 -1 8 0 0 0 0 -7 2 -6 -6026 -1838 N N N N 5580 3203 1143 -935 -935
1 20000 -157 -148 6 -2 0 0 0 0 -78 -12 -17 -3327 -1037 N N N N 6836 3413 866 -878 -878
1 20000 -134 -112 -2 -5 0 0 0 0 -54 -22 -11 -1716 -726 N N N N 4795 2700 814 -692 -692
1 20001 -150 -38 13 7 0 0 0 0 -19 -8 -11 -587 -316 N N N N 2994 1494 332 -348 -348
1 19999 -136 -140 2 -4 0 0 0 0 -58 -44 -14 -1278 -356 N N N N 3118 1491 283 -329 -329
1 20000 -131 -215 -11 -5 0 0 0 0 -64 -88 -14 -2804 -819 N N N N 1976 1218 385 -297 -297
1 18788 -163 -280 72 -2 85 1 -43 -4 -28 -137 -45 -1848 -726 N N N N 1436 1320 605 -354 -354
1 20037 -185 -191 -16 2 0 0 -100 0 20 -94 14 -2838 -798 N N N N 1137 1395 737 -388 -388
1 19894 -176 -212 -4 -8 -1 -1 -101 0 58 -90 16 -3928 -919 N N N N 2926 1861 565 -422 -422
1 24752 -196 -102 10 133 1 1387 -29 2 38 -24 59 -4104 -1731 N N N N 6818 4444 1324 -960 -960
1 18762 -135 -28 -23 -129 9 -1391 -10 -2 13 -20 -40 -1730 -803 N N N N 8731 4826 969 -890 -890
1 19956 -159 21 -5 15 0 -2 -103 2 -9 7 6 -375 -263 N N N N 10442 5064 596 -796 -796
1 21284 -179 43 -3 -9 0 -1 -8 2 -17 13 -7 -39 -110 N N N N 8185 3562 175 -484 -484
1 19996 -179 81 4 5 0 0 0 0 -30 29 -8 -14 -57 N N N N 5152 2149 47 -270 -270
1 10002 -91 -28 -3 -1 0 0 0 0 10 -10 4 -1 -17 N N N N 1916 844 43 -109 -109
1 9999 -79 3 0 1 0 0 0 0 -1 1 -1 -6 -15 N N N N 1562 638 6 -76 -76
1 10001 -85 -14 9 -1 0 0 0 0 4 -5 -1 -12 -15 N N N N 1086 389 -29 -40 -40
1 10001 -75 -45 -10 4 0 0 0 0 18 -16 8 5 -3 N N N N 614 335 52 -49 -49
1 9998 -83 -42 3 -2 0 0 0 0 17 -13 4 -5 -9 N N N N 773 313 1 -36 -36
1 10001 -72 -53 -7 3 0 0 0 0 23 -15 10 -6 -5 N N N N 489 222 15 -29 -29
1 9998 -74 -52 8 -5 0 0 0 0 23 -13 2 -1 -4 N N N N 528 219 4 -26 -26
1 10002 -78 -59 -1 -2 0 0 0 0 28 -13 6 -6 -3 N N N N 249 113 7 -14 -14
1 9999 -82 -54 3 4 0 0 0 0 26 -7 13 3 -2 N N N N 458 197 7 -24 -24
1 10000 -72 -60 2 -4 0 0 0 0 30 -7 7 -1 -2 N N N N 370 147 -1 -17 -17
1 10001 -77 -33 9 4 0 0 0 0 16 -1 6 2 0 N N N N 402 178 9 -22 -22
1 10000 -90 -28 -6 -3 0 0 0 0 16 -2 2 2 -1 N N N N 261 105 0 -12 -12
1 9998 -89 -60 -10 -1 0 0 0 0 33 0 9 2 2 N N N N 404 154 -5 -16 -16
1 10002 -80 -30 8 3 0 0 0 0 14 2 7 -1 -4 N N N N 50 2 -11 1 1
1 10582 -92 -32 1 -6 -1 1 -11 -4 16 2 3 4 3 N N N N 328 153 12 -19 -19
1 8170 -78 -5 -12 6 2 -1 -37 0 5 1 4 -5 -4 N N N N 194 86 5 -11 -11
1 9938 -89 30 -6 4 -1 0 -32 0 -14 -2 -4 2 1 N N N N 243 100 1 -11 -11
1 10083 -84 -15 -2 -4 1 0 -15 0 8 1 0 -9 0 N N N N 131 65 7 -9 -9
1 9955 -94 -75 8 -29 0 -212 -35 1 36 3 -1 0 1 N N N N 67 27 0 -3 -3
1 14919 -138 -152 10 -94 9 -1185 -2 1 70 12 -19 -6 -2 N N N N 523 223 7 -26 -26
1 10000 -103 -145 -5 7 0 0 0 0 63 44 27 -2 -1 N N N N -46 0 11 -2 -2
1 10000 -80 -158 -2 -4 0 0 0 0 50 62 26 -3 1 N N N N 176 68 -2 -8 -8
1 10000 -97 -165 -5 5 0 0 0 0 30 80 26 -7 -1 N N N N 203 85 2 -10 -10
1 9999 -83 3440 12 -3 0 0 0 0 -1 79 25 -8 -3 N N N N 3 19 10 -4 -4
1 10001 -105 -142 -5 -2 0 0 0 0 -15 71 10 -2 1 N N N N 94 40 1 -4 -4
1 9999 -92 -155 23 -12 0 0 0 0 -45 66 14 -8 -3 N N N N -45 -9 6 0 0
1 11941 -130 -168 -23 13 0 0 0 0 -51 74 -19 23 6 N N N N 269 98 -6 -10 -10
1 9780 -98 -134 7 21 0 217 -3 -1 -64 43 -16 -18 -5 N N N N -65 -5 11 -2 -2
1 9810 -94 -113 6 104 0 1189 -12 3 -57 47 -64 9 2 N N N N 54 16 -3 -1 -1
1 10588 -100 -110 -12 -11 0 0 0 0 -54 4 -13 1 3 N N N N 216 96 6 -12 -12
1 10001 -97 -45 -8 17 0 0 0 0 -24 1 -9 -1 0 N N N N 247 97 -2 -10 -10
1 10002 -95 -35 -6 -10 0 0 0 0 -17 -3 1 2 -1 N N N N 274 114 2 -13 -13
1 9996 -112 -56 2 5 0 0 0 0 -28 -3 -14 -13 -3 N N N N 106 32 -7 -3 -3
1 10002 -95 -67 18 -6 0 0 0 0 -36 -10 -10 4 2 N N N N 64 19 -3 -1 -1
1 9999 -88 -59 -8 7 0 0 0 0 -27 -10 -11 -3 0 N N N N 144 73 8 -10 -10
1 9999 -80 -109 -4 -3 0 0 0 0 -48 -28 -13 5 2 N N N N -138 -55 1 6 6
1 10001 -90 -88 4 2 0 0 0 0 -35 -28 -14 -4 -1 N N N N 299 119 -1 -13 -13
1 10001 -82 -60 -19 -13 0 0 0 0 -20 -24 9 -17 -3 N N N N 49 25 3 -3 -3
1 9998 -91 -44 17 1 0 0 0 0 -15 -17 -13 16 0 N N N N 163 55 -7 -5 -5
1 10001 -89 -10 -10 -1 0 0 0 0 -2 -5 7 -14 0 N N N N -33 -1 7 -2 -2
1 9999 -88 -42 11 6 0 0 0 0 -13 -17 -10 10 5 N N N N -45 -11 5 1 1
1 10000 -83 -28 -12 -1 0 0 0 0 -7 -11 -5 -21 -5 N N N N -19 3 5 -1 -1
1 10002 -79 -43 1 10 0 0 0 0 -10 -20 1 -1 -2 N N N N 133 56 2 -7 -7
1 9998 -95 -34 25 -13 0 0 0 0 -7 -17 -6 -2 -2 N N N N 79 30 -1 -3 -3
1 10001 -99 -19 -12 12 0 0 0 0 -3 -8 -7 -9 -1 N N N N 187 74 -1 -8 -8
1 10001 -114 -10 -20 -21 0 0 0 0 0 -7 22 7 1 N N N N 15 15 5 -3 -3
1 12018 -139 -62 12 -3 0 0 -14 -4 -9 -29 -15 0 1 N N N N 241 102 3 -12 -12
1 15331 -176 59 15 148 0 1386 -18 2 7 30 -23 -33 0 N N N N 72 -1 -17 4 4
1 10651 -151 198 24 22 0 0 0 0 45 86 -23 -2 3 N N N N -42 5 13 -3 -3
1 9999 -129 190 7 -35 0 0 0 0 68 71 17 7 -2 N N N N 173 59 -7 -6 -6
1 10469 -137 138 -31 -2 0 0 0 0 65 38 23 -9 -1 N N N N 87 50 9 -7 -7
1 9998 -95 73 49 -46 0 0 0 0 37 15 1 7 -2 N N N N 27 26 8 -4 -4
