version: 66.14
glider: 195
mission: 21
dive: 33
start: 4 12 105 16 29 33
columns: rec,elaps_tms,depth,heading,pitch,roll,AD_pitch,AD_roll,AD_vbd,GC_phase,mag.x,mag.y,mag.z,sbect.TempFreq,sbect.CondFreq,wlbb2fl.sig470nm,wlbb2fl.sig700nm,wlbb2fl.sig695nm,wlbb2fl.temp,aa4330.O2,aa4330.AirSat,aa4330.Temp,aa4330.CalPhase,aa4330.TCPhase,
data:
0 11681 77 1039 -664 -25 201 2192 1685 6 0 -349 38 179739 137086 43 97 84 532 257870 98547 24225 29401 30807
1 4948 2 -129 106 42 0 0 0 0 19 -4 -33 -18 -2 -1 -2 5 0 -561 -202 7 21 21
1 5575 11 57 -99 -47 0 0 0 0 -4 0 -3 48 1 5 13 -2 0 981 228 -80 -10 -10
1 5060 5 47 71 -44 0 0 0 0 -15 -1 5 -28 0 0 -13 1 0 -1785 -178 275 -32 -32
1 5153 -6 79 -107 -18 0 0 0 0 -4 3 22 37 -1 -3 0 1 0 3331 892 -208 -60 -60
1 5107 2 -38 155 59 0 0 0 0 -21 4 14 -51 0 0 -2 -2 0 -5045 -1254 370 71 71
1 5883 -10 -198 -156 123 0 0 0 0 58 -3 -37 7 0 4 6 1 0 473 -334 -282 90 90
1 5163 -7 -51 95 -113 0 0 0 0 13 2 -73 91 0 -4 0 -2 0 3147 1022 -100 -96 -96
1 5100 8 18 30 4 0 0 0 0 3 -2 17 -80 2 -1 -3 3 0 2492 965 8 -108 -108
1 5085 6 37 18 -1 0 0 0 0 -12 -3 17 -11 -3 2 12 1 0 -2581 -877 59 86 86
1 5341 1 -24 -103 117 0 0 0 0 -4 2 35 37 0 -1 -1 5 0 -4498 -1374 191 118 118
1 4967 -1 121 72 -53 0 0 0 0 -24 4 38 -53 -2 2 -7 -4 -1 3159 820 -214 -52 -52
1 8259 6 65 -62 -44 1 0 7 -4 -10 0 4 23 1 0 -2 2 1 914 413 35 -53 -53
1 6604 -4 -110 17 149 0 1 157 0 4 5 17 -15 0 0 1 -1 0 292 116 2 -13 -13
1 8974 32 174 2 -164 -1 -1 220 0 -23 0 4 7 -1 -2 1 -4 0 -6479 -1726 418 116 116
1 6604 23 -63 -86 87 1 1 161 0 18 5 10 -15 0 -2 -1 7 0 -4982 -1757 93 184 184
1 7050 29 314 -67 -323 0 -1 180 0 -8 -4 -9 83 -2 2 -2 -3 0 -2576 -954 23 107 107
1 6648 25 -226 19 257 -1 -1 168 0 7 6 18 -60 0 -3 1 -2 0 -1324 -480 19 53 53
1 7827 23 -21 -16 -78 -1 2 210 0 10 -13 -50 78 -2 5 17 1 0 -1236 -453 14 51 51
1 13049 145 -98 55 47 85 0 180 -1 7 -4 -21 -138 -1 0 -18 0 0 -1022 -372 14 42 42
1 6925 117 -76 158 55 1825 0 3 1 3 0 2 -3 -2 0 -4 2 0 -165 -55 5 5 5
1 6652 113 -8 276 -11 471 0 190 0 -16 0 7 2 0 0 3 3 -1 -328 -127 0 15 15
1 11978 168 -24 19 121 -8 1422 146 2 12 19 58 2 -2 0 3 5 0 -385 -146 1 18 18
1 5247 88 -38 12 12 0 0 0 0 14 -3 -10 1 0 0 -2 1 1 -133 -49 2 5 5
1 4963 96 -29 1 -11 0 0 0 0 16 0 -8 1 2 -2 0 -2 -1 18 7 0 -1 -1
1 5090 91 -23 2 5 0 0 0 0 12 2 -2 -3 -2 0 1 1 0 -35 -14 -1 2 2
1 5320 112 -39 -2 11 0 0 0 0 17 2 -8 0 -1 -1 -2 1 0 -85 -34 0 4 4
1 5164 102 -36 0 -13 0 0 0 0 20 3 -10 3 2 2 4 2 0 -8 -2 1 0 0
1 5074 107 -32 -14 -2 0 0 0 0 12 1 -17 -1 -3 2 -2 0 0 -10 -6 -2 1 1
1 5177 119 -27 16 -1 0 0 0 0 14 6 -1 -1 -2 0 1 0 0 -140 -52 2 6 6
1 8748 175 -4 -12 -24 -1 -223 2 0 1 -3 -17 17 8 -5 1 3 0 -232 -93 -2 12 12
1 9687 202 24 32 -98 62 -1222 0 2 -9 -7 -29 1 -1 3 -6 -2 0 -167 -73 -5 10 10
1 5162 101 -12 10 -18 0 0 0 0 3 1 -15 -24 -9 -2 2 1 0 11 2 -2 0 0
1 4970 105 -41 -1 8 0 0 0 0 21 10 1 2 -1 3 1 0 0 71 36 5 -6 -6
1 5315 98 -12 6 9 0 0 0 0 4 2 -1 -2 -1 2 7 -2 0 -65 -22 2 3 3
1 5311 113 -6 -5 3 0 0 0 0 4 2 2 4 0 -3 -4 2 0 7 3 0 -1 -1
1 4966 96 8 8 -3 0 0 0 0 -4 -2 1 1 0 3 -2 -2 0 -10 -5 0 1 1
1 4954 103 9 4 7 0 0 0 0 -4 -2 7 -3 -1 -4 0 0 0 13 5 0 -1 -1
1 5654 88 19 -16 -5 0 0 0 0 -9 -4 -3 4 1 1 1 0 0 -26 -14 -2 2 2
1 5169 103 1 7 -3 0 0 0 0 -1 -1 -1 -4 -1 -1 -1 1 0 -133 -52 -1 7 7
1 5106 99 18 6 -10 0 0 0 0 -8 -4 1 -5 -2 3 -1 0 0 86 39 3 -5 -5
1 5035 90 20 1 -4 0 0 0 0 -9 -3 4 9 4 -2 1 1 0 54 22 1 -3 -3
1 5112 83 13 -8 3 0 0 0 0 -7 -3 0 38 14 -2 -1 0 0 -78 -32 -1 4 4
1 6027 105 62 2 -6 0 0 0 0 -30 -10 9 12 4 1 -3 -1 0 9 -6 -5 2 2
1 5068 94 18 7 0 0 0 0 0 -10 -2 3 3 1 3 6 -1 0 -232 -93 -3 11 11
1 5172 87 -29 -8 20 0 0 0 0 15 5 4 -56 -23 0 -3 -2 0 -159 -69 -4 9 9
1 5223 98 -23 -1 -6 0 0 0 0 12 3 -5 -6 -4 -1 -1 3 0 -183 -62 5 7 7
1 5307 93 -7 6 -5 0 0 0 0 3 0 -5 1 0 1 1 0 0 125 59 6 -8 -8
1 4970 91 3 -5 -2 0 0 0 0 -1 0 0 -2 -1 -4 0 -5 0 55 22 1 -3 -3
1 5321 87 -3 7 21 0 0 0 0 1 1 10 1 -1 3 -1 1 0 77 31 1 -4 -4
1 5462 95 13 -14 -9 0 0 0 0 -6 -2 -4 -4 -1 -5 2 1 0 27 11 0 -1 -1
1 5168 85 20 4 -5 0 0 0 0 -10 -3 3 -2 -1 5 3 -2 0 54 24 2 -4 -4
1 5113 88 3 8 -1 0 0 0 0 -2 0 0 4 2 -2 4 0 0 5 3 1 0 0
1 5030 94 -4 -1 2 0 0 0 0 2 0 0 -2 -1 1 -11 0 0 -43 -18 -1 2 2
1 5217 84 13 1 -5 0 0 0 0 -6 -1 2 2 0 1 3 3 0 88 35 0 -4 -4
1 5163 96 25 4 1 0 0 0 0 -13 -3 5 1 0 -3 0 -2 0 -62 -24 0 3 3
1 5026 87 16 -7 9 0 0 0 0 -8 0 6 9 2 2 0 -2 0 39 15 0 -2 -2
1 6778 123 0 -3 -13 0 0 0 0 0 -1 -7 9 5 1 0 1 0 -227 -90 -1 11 11
1 5218 86 23 5 3 0 0 0 0 -12 -2 6 -3 -4 -1 2 -2 0 121 43 -2 -5 -5
1 5246 105 3 -8 6 0 0 0 0 -1 0 3 6 4 -2 9 5 -1 -483507 -187020 -1 -89997 -89997
1 4970 83 3 8 -6 0 0 0 0 -2 0 -1 -4 -2 2 -2 -1 1 483392 186977 2 90002 90002
1 5044 93 0 0 11 0 0 0 0 0 1 5 0 1 1 -9 -1 0 31 10 -2 -1 -1
1 5220 96 24 1 -14 0 0 0 0 -12 -2 -1 6 1 -3 -3 -1 0 -82 -32 0 4 4
1 5163 87 -2 3 -7 0 0 0 0 0 -1 -6 -7 -3 0 4 1 0 -90 -37 -1 5 5
1 5024 94 6 -4 1 0 0 0 0 -2 0 4 21 6 5 -1 -1 0 -36 -15 0 2 2
1 5162 91 32 13 11 0 0 0 0 -18 1 11 35 15 -6 -3 -1 0 -67 -26 -1 3 3
1 10617 174 8 -6 1 0 0 0 0 -3 0 2 -25 -4 3 1 0 0 -360 -154 -8 20 20
1 10000 173 17 -14 0 0 0 0 0 -7 1 5 10 -7 0 11 2 0 -180 -67 1 8 8
1 10000 154 -28 8 5 0 0 0 0 13 -2 -5 176 73 0 0 -1 0 -137 -68 -9 10 10
1 9999 181 1 -4 -3 0 0 0 0 -1 0 -2 -11 -8 -4 -12 1 0 -540 -262 -31 38 38
1 10000 144 -38 10 -8 0 0 0 0 20 1 -9 28 16 5 10 -3 0 -627 -251 -5 31 31
1 10001 160 15 -4 15 0 0 0 0 -8 1 9 -76 -24 -2 -7 1 0 -300 -130 -8 18 18
1 10000 178 27 -1 -22 0 0 0 0 -14 -3 -6 17 6 0 -1 1 0 -154 -39 11 2 2
1 10000 175 2 4 8 0 0 0 0 -1 1 5 13 6 -1 1 0 0 -100 -41 -1 6 6
1 10000 167 -58 -11 -10 0 0 0 0 30 1 -18 31 7 0 -6 0 0 -133 -78 -16 12 12
1 10000 147 21 3 9 0 0 0 0 -11 0 9 150 58 -1 4 0 0 -292 -126 -8 17 17
1 10000 168 15 6 -7 0 0 0 0 -8 -1 0 -134 -49 3 2 1 0 -217 -77 4 9 9
1 10000 170 -3 -10 15 0 0 0 0 3 1 8 35 14 -2 -4 -4 0 -68 -40 -8 6 6
1 10000 173 -34 -2 12 0 0 0 0 17 1 -3 -4 -1 1 5 3 0 -23 -4 3 0 0
1 8284 172 16 8 -29 1 -1 2 0 -9 -2 -11 36 13 -1 -3 -1 0 -59 -29 -4 5 5
1 11715 226 68 24 14 -1 -1 -1 0 -37 0 21 29 7 2 -1 -3 0 -196 -102 -15 15 15
1 10001 155 8 -3 -7 0 0 0 0 -3 1 0 99 33 -2 -2 5 0 -59 -8 9 -1 -1
1 10000 130 7 -18 -9 0 0 0 0 -3 -1 -6 331 141 0 2 -5 0 -497 -333 -84 57 57
1 10000 160 42 -3 37 0 0 0 0 -20 7 29 73 32 1 -2 -2 0 -872 -384 -29 54 54
1 10001 150 -12 15 -26 0 0 0 0 4 -5 -16 485 180 -3 -5 -1 0 -787 -384 -49 57 57
1 9999 140 -13 -14 -4 0 0 0 0 8 -1 -5 121 67 1 1 -5 0 -960 -537 -101 87 87
1 10001 149 0 16 12 0 0 0 0 -2 1 5 272 101 1 -1 1 0 -1214 -534 -41 75 75
1 10000 136 19 -13 -6 0 0 0 0 -8 1 2 391 154 1 3 -3 0 -1058 -569 -99 92 91
1 9999 151 7 5 -2 0 0 0 0 -4 1 0 275 106 0 -1 -2 0 -1513 -715 -83 108 109
1 9999 138 -10 1 1 0 0 0 0 5 -1 -2 286 105 -1 5 -3 0 -1187 -558 -64 85 85
1 10001 145 -29 -1 1 0 0 0 0 15 -2 -4 447 161 0 -6 0 0 -1073 -566 -97 93 93
1 10000 142 -30 0 3 0 0 0 0 15 -1 -5 382 143 0 0 0 0 -1162 -606 -102 100 100
1 10001 138 -1 0 -5 0 0 0 0 1 0 -2 474 172 0 1 -2 0 -1220 -634 -106 105 104
1 9998 130 -4 2 0 0 0 0 0 2 1 0 340 132 1 -4 0 0 -1326 -697 -122 118 119
1 10001 140 24 3 -1 0 0 0 0 -13 -1 3 470 175 -1 11 -2 0 -1488 -744 -114 124 124
1 10000 143 45 -5 -3 0 0 0 0 -22 3 8 655 232 -1 -9 1 0 -1540 -800 -140 138 138
1 10001 136 65 2 0 0 0 0 0 -33 6 12 579 199 0 -3 -2 0 -1876 -906 -128 152 152
1 9999 147 126 1 -3 0 0 0 0 -61 23 19 924 288 1 2 0 0 -1940 -989 -169 173 173
1 20000 309 107 1 4 0 0 0 0 -47 31 17 2232 754 0 -4 -1 0 -4770 -2562 -517 476 476
1 20000 319 29 0 3 0 0 0 0 -12 9 6 61 42 -5 3 -1 0 -7789 -3353 -319 575 575
1 20001 344 -10 -6 1 0 0 0 0 6 -2 0 761 223 3 -4 -3 0 -5037 -1989 -92 334 334
1 20000 338 -179 18 7 0 0 0 0 75 -47 -28 4483 1383 -1 2 -9 0 -7336 -3880 -874 825 825
1 20000 260 -43 -2 -9 0 0 0 0 22 -9 -10 1323 473 1 -2 -3 0 -11765 -4905 -509 979 979
1 19998 230 45 -1 -3 0 0 0 0 -22 7 7 315 162 1 -3 2 0 -7728 -3090 -264 643 643
1 22354 251 12 -10 132 -8 1446 1 -2 -4 30 63 356 147 -1 2 -3 0 -4320 -1718 -150 371 371
1 20880 245 -81 -3 -2 0 0 0 0 40 -17 -11 153 65 -3 1 2 1 -2325 -901 -63 195 195
1 20473 234 -79 5 1 0 0 0 0 40 -10 -12 223 81 3 0 -2 0 -1432 -582 -64 133 133
1 20468 219 -103 -7 -10 0 0 0 0 54 -9 -23 413 128 0 -2 -2 0 -1325 -584 -100 142 142
1 20886 226 -96 11 4 0 0 0 0 48 4 -16 96 45 2 0 2 0 -1230 -502 -59 117 117
1 20469 203 -57 -5 5 0 0 0 0 29 7 -9 453 142 -3 4 -4 0 -845 -386 -78 98 98
1 20606 215 -83 1 -24 0 -229 2 0 40 10 -29 312 101 0 -7 4 0 -464 -251 -78 70 70
1 19865 190 -30 25 -98 33 -1194 -1 2 13 3 -44 595 169 1 4 1 0 -213 -188 -101 61 61
1 20000 186 1 -1 -3 0 0 0 0 -1 0 -1 824 237 0 2 -6 0 -315 -317 -186 108 108
1 20001 183 22 3 2 0 0 0 0 -10 -6 4 899 263 3 -4 0 0 -428 -346 -177 112 112
1 19998 164 40 1 -2 0 0 0 0 -19 -9 6 1478 398 -4 1 0 0 -482 -510 -311 178 178
1 20002 162 69 -3 1 0 0 0 0 -34 -12 10 1245 310 0 2 -2 0 -1233 -730 -276 219 219
1 19998 179 153 5 -2 0 0 0 0 -80 -12 24 1107 419 0 -1 1 0 -661 -531 -279 178 178
1 20000 180 101 -1 -4 0 0 0 0 -53 3 15 1551 415 1 -2 -1 1 -376 -352 -206 123 123
1 20000 200 142 4 4 0 0 0 0 -72 22 22 644 341 -1 1 -1 0 -67 -405 -353 168 168
1 20001 201 154 3 -1 0 0 0 0 -70 41 18 393 171 0 -3 0 0 -2292 -991 -201 269 268
1 20001 208 187 -1 -5 0 0 0 0 -66 70 18 186 78 -1 0 0 0 -2409 -910 -90 228 229
1 20000 206 155 -10 11 0 0 0 0 -34 75 13 223 68 -1 0 0 0 -2189 -802 -61 201 201
1 20000 208 109 12 -9 0 0 0 0 -14 54 -2 303 107 1 1 1 0 -1719 -638 -58 163 163
1 19999 177 168 -3 2 0 0 0 0 4 88 -1 982 315 0 2 -1 0 -2018 -811 -131 224 224
1 20001 181 109 -2 2 0 0 0 0 16 55 -5 1717 520 2 2 1 0 -1619 -757 -215 230 230
1 20000 168 204 1 -4 0 0 0 0 55 90 -19 2205 706 -3 -3 -1 0 -934 -781 -477 298 298
1 24645 184 124 -11 129 -9 1418 1 -2 50 59 -66 746 313 2 -4 -1 0 -4292 -1770 -367 526 526
1 20766 159 25 1 0 0 0 0 0 11 6 -5 1352 410 1 2 -1 0 -3422 -1298 -187 377 377
1 20470 154 20 0 -2 0 0 0 0 9 5 -3 981 315 1 3 2 1 -2388 -1058 -305 346 346
1 20470 147 20 2 4 0 0 0 0 9 5 -5 749 248 -2 -3 -3 0 -2266 -906 -189 286 286
1 20763 147 -6 2 1 0 0 0 0 -3 -2 0 499 175 0 -2 2 0 -1678 -681 -156 220 220
1 20473 155 66 -3 -3 0 0 0 0 31 14 -11 795 233 0 -3 0 0 -1084 -522 -198 187 187
1 23527 173 111 9 -124 0 -1405 0 2 54 8 42 546 165 -2 6 1 0 -2765 -1020 -153 319 319
1 20000 119 74 -5 -1 0 0 0 0 39 6 -11 232 72 4 -2 -3 0 -2111 -760 -101 239 239
1 20001 130 108 5 2 0 0 0 0 57 0 -17 509 137 -2 2 3 1 -2152 -746 -70 230 230
1 20000 124 87 -2 -4 0 0 0 0 45 -7 -13 405 123 -3 -5 -3 0 -2048 -742 -109 241 241
1 20000 128 68 -2 2 0 0 0 0 35 -10 -11 353 100 2 1 0 0 -2249 -773 -72 244 244
1 20000 128 17 15 12 0 0 0 0 8 -4 -4 526 142 -1 -2 1 0 -2206 -775 -95 254 254
1 20000 128 18 -10 -10 0 0 0 0 8 -4 -2 271 96 3 4 -1 0 -1743 -631 -102 215 215
1 19998 140 -20 -4 1 0 0 0 0 -9 5 3 314 89 -2 -2 0 0 -1393 -497 -75 169 169
1 20001 128 -37 4 -1 0 0 0 0 -18 7 7 287 99 -1 0 -2 0 -1197 -444 -87 157 157
1 20001 136 -7 0 -2 0 0 0 0 -4 0 2 302 86 2 0 1 1 -1118 -391 -53 134 134
1 20000 160 -28 -1 -2 0 0 0 0 -14 5 5 340 91 -1 0 -3 0 -1084 -403 -83 145 145
1 20001 140 -52 1 3 0 0 0 0 -27 6 7 291 85 1 -2 1 0 -1151 -406 -61 143 143
1 19998 144 -32 3 1 0 0 0 0 -17 2 4 253 75 2 2 -3 0 -1270 -439 -56 152 152
1 20000 156 -40 -2 -1 0 0 0 0 -21 2 6 333 79 -4 1 6 0 -1485 -519 -76 185 185
1 20001 138 -39 -4 -1 0 0 0 0 -21 0 5 385 99 1 2 -3 0 -1518 -528 -77 189 189
1 20000 151 -49 0 3 0 0 0 0 -25 -2 8 409 101 -1 -3 0 0 -1807 -620 -80 223 223
1 24824 172 -6 -7 -122 0 -1384 1 -2 -2 -17 64 424 108 3 1 0 1 -2690 -915 -114 331 331
1 21060 160 24 3 -1 0 0 0 0 12 2 -4 276 71 0 2 0 0 -1856 -611 -51 219 219
1 21468 155 10 -3 -2 0 0 0 0 6 1 0 540 131 -2 -3 0 0 -2206 -734 -75 270 270
1 21061 164 49 5 0 0 0 0 0 25 2 -8 184 80 1 0 0 0 -2212 -735 -79 274 274
1 20939 163 102 2 1 0 0 0 0 54 -3 -17 -6 2 -3 2 0 0 -2195 -713 -54 266 266
1 21296 180 86 0 -4 0 0 0 0 43 -10 -14 -135 -43 3 4 -3 1 -1951 -616 -19 226 226
1 21059 167 74 -1 6 0 0 0 0 36 -14 -15 -137 -54 -2 10 4 0 -2343 -719 9 262 262
1 21058 170 73 2 -6 0 0 0 0 33 -17 -12 168 32 2 -13 1 0 -2551 -779 19 286 286
1 21413 191 99 3 2 0 0 0 0 41 -30 -18 253 69 0 -2 0 0 -1837 -587 -33 229 229
1 21000 180 81 -3 1 0 0 0 0 28 -30 -15 335 97 0 -3 0 0 -1022 -352 -67 148 148
1 21059 189 54 1 -2 0 0 0 0 16 -22 -9 264 92 -1 3 -1 0 -818 -278 -46 115 115
1 21411 180 120 3 3 0 0 0 0 28 -55 -18 381 118 1 0 2 1 -201 -105 -82 57 57
1 21060 169 102 -5 0 0 0 0 0 13 -50 -16 286 107 1 -1 -2 0 203 23 -76 6 6
1 21058 174 -3493 2 0 0 0 0 0 4 -56 -11 159 60 -3 5 -3 0 560 139 -62 -41 -41
1 21292 179 120 0 0 0 0 0 0 -9 -62 -10 699 191 4 -6 3 0 745 201 -52 -67 -67
1 21886 171 54 0 122 -9 1392 0 2 -9 -38 17 533 186 -1 0 -1 0 1140 269 -146 -73 -73
1 20000 164 -29 0 3 0 0 0 0 5 15 0 269 91 1 2 0 0 2036 574 -88 -200 -200
1 20000 137 -102 5 1 0 0 0 0 11 53 -2 875 265 -1 2 -3 1 1926 533 -97 -179 -179
1 20000 148 3524 0 -1 0 0 0 0 2 40 -1 241 95 -1 2 1 0 1731 457 -119 -145 -145
1 20000 166 -64 0 -1 0 0 0 0 -2 34 0 117 47 1 -2 0 0 -736 -259 -63 109 109
1 20000 154 -47 2 -2 0 0 0 0 -5 25 1 86 34 -2 0 2 0 -1705 -541 -42 209 209
1 20000 150 -66 1 4 0 0 0 0 -10 33 3 139 43 1 0 -2 0 -2048 -639 -32 246 246
1 20000 167 -73 -1 -2 0 0 0 0 -15 36 3 203 59 2 10 2 0 -2514 -782 -40 306 306
1 20001 158 -50 2 0 0 0 0 0 -13 23 4 349 98 -3 -9 -3 1 -2894 -898 -42 357 357
1 19999 159 -4 0 1 0 0 0 0 -1 2 0 152 59 0 -2 1 0 -3996 -1238 -63 504 504
1 19999 174 26 2 -1 0 0 0 0 6 -12 -1 108 39 1 0 1 0 -4066 -1245 -39 515 515
1 20000 159 17 -5 2 0 0 0 0 5 -8 -1 12 10 0 -1 0 0 -2572 -786 -23 332 332
1 20001 155 32 4 -2 0 0 0 0 8 -15 -2 23 9 0 0 -1 0 -1545 -473 -17 203 203
1 20000 161 39 -2 0 0 0 0 0 8 -19 -2 27 10 -1 -3 0 1 -729 -220 -1 94 94
1 20000 152 65 2 -2 0 0 0 0 10 -33 -2 78 23 1 6 1 0 -267 -89 -19 42 42
1 19998 167 52 -2 0 0 0 0 0 6 -27 -2 43 15 -2 -4 0 0 112 28 -14 -10 -10
1 25471 216 -3491 -5 -117 1 -1388 -1 -2 3 -49 -4 57 17 2 5 -1 0 531 157 -7 -65 -65
1 20471 171 126 0 -6 0 0 0 0 -10 -65 -11 20 11 2 -1 -1 0 630 181 -19 -74 -74
1 20467 180 118 -3 4 0 0 0 0 -23 -59 -6 35 10 -3 -2 1 0 674 200 -8 -83 -83
1 20942 172 122 3 -6 0 0 0 0 -36 -55 -1 22 7 1 3 2 1 774 228 -11 -94 -94
1 20472 170 110 -1 5 0 0 0 0 -42 -43 6 88 28 -2 -5 -3 0 767 228 -5 -95 -95
1 20470 171 112 2 -1 0 0 0 0 -49 -36 6 103 31 1 3 0 0 1719 507 -20 -207 -207
1 23406 183 87 -6 31 -1 237 2 0 -43 -22 22 306 84 2 2 1 0 3102 915 -38 -367 -367
1 17478 135 -35 7 91 -7 1146 -2 2 19 6 44 185 56 -1 -2 1 0 2707 795 -36 -313 -313
1 20000 166 -86 0 2 0 0 0 0 40 21 -12 367 106 1 -1 -2 0 626 161 -52 -54 -54
1 19997 178 -95 0 -1 0 0 0 0 41 30 -11 246 78 -3 1 1 0 -992 -329 -65 144 144
1 20000 163 -44 0 1 0 0 0 0 17 16 -6 142 54 2 2 -2 0 -3272 -1002 -47 413 413
1 20002 164 -8 1 -1 0 0 0 0 3 3 0 77 26 -1 -1 3 0 -856 -271 -34 117 117
1 19998 150 -16 0 1 0 0 0 0 6 6 -2 85 28 0 -1 -1 1 1600 465 -25 -185 -185
1 20004 159 -63 2 0 0 0 0 0 21 26 -7 207 59 0 -1 0 0 2549 751 -22 -298 -298
1 19998 163 -96 -1 3 0 0 0 0 26 44 -7 177 55 0 0 0 0 1914 549 -42 -210 -210
1 20001 158 -69 -2 -4 0 0 0 0 14 34 -6 85 33 0 1 -1 0 1135 324 -30 -121 -121
1 19998 155 -74 1 0 0 0 0 0 10 38 -3 90 27 3 3 0 0 942 267 -25 -99 -99
1 19999 157 -95 1 0 0 0 0 0 6 50 -3 163 46 -4 -2 2 0 837 237 -22 -88 -88
1 20000 161 3508 0 3 0 0 0 0 -2 49 0 181 55 3 0 -2 1 790 217 -36 -77 -77
1 20003 153 -73 -1 0 0 0 0 0 -7 38 2 217 64 0 0 1 0 533 137 -39 -45 -45
1 19999 148 -9 1 -3 0 0 0 0 -1 5 0 7 14 0 0 0 0 -709 -228 -32 94 94
1 20002 153 17 0 1 0 0 0 0 2 -9 0 20 8 -2 3 1 0 -854 -259 -11 102 102
1 24587 189 70 -6 -123 0 -1378 -1 -2 6 -28 4 18 4 1 -2 0 0 -845 -253 -5 100 100
1 20528 177 -3504 1 -1 0 0 0 0 2 -50 -11 22 5 -1 1 0 0 -606 -183 -5 72 72
1 20472 160 101 0 3 0 0 0 0 -8 -53 -8 46 12 0 0 1 0 -666 -202 -8 81 81
1 20882 171 93 -1 -2 0 0 0 0 -15 -47 -5 195 66 0 -1 -2 1 -1055 -327 -27 134 134
1 20469 181 99 4 -2 0 0 0 0 -24 -47 -2 74 26 2 -2 1 0 -1869 -563 -20 229 229
1 20471 175 116 0 2 0 0 0 0 -39 -50 2 117 24 1 2 -1 0 -1220 -373 -22 154 154
1 20883 185 125 1 -1 0 0 0 0 -51 -45 7 142 53 -4 2 0 0 -1357 -415 -27 173 173
1 20881 184 104 -2 1 0 0 0 0 -49 -28 8 55 0 3 0 -2 0 -1553 -468 -19 196 196
1 22707 184 96 24 120 23 1380 0 2 -49 -19 75 46 -1 -1 -2 1 0 -1310 -396 -19 167 167
1 20000 161 46 -2 -1 0 0 0 0 -24 -5 6 47 28 1 0 0 0 -1051 -316 -11 134 134
1 19998 138 37 2 2 0 0 0 0 -20 -3 5 62 23 0 1 2 0 -797 -241 -11 103 103
1 30000 226 49 -1 0 0 0 0 0 -26 -1 7 23 14 1 0 -2 1 -1008 -305 -16 132 132
1 30002 230 22 0 1 0 0 0 0 -12 0 3 3 3 -1 2 2 0 -433 -130 -5 56 56
1 29998 223 10 3 0 0 0 0 0 -6 1 1 36 5 -3 -1 -1 0 -240 -73 -5 32 32
1 30002 235 12 -1 0 0 0 0 0 -6 -1 2 21 10 2 -3 2 0 -347 -106 -8 46 46
1 30000 235 10 0 -4 0 0 0 0 -5 0 1 19 4 -1 1 -3 0 -312 -94 -4 41 41
1 29998 225 9 0 1 0 0 0 0 -5 1 1 42 15 3 1 1 1 -398 -121 -8 54 54
1 30000 240 1 -1 2 0 0 0 0 -1 0 0 33 8 0 7 -1 0 -433 -131 -9 58 58
1 30001 242 -20 2 0 0 0 0 0 11 -1 -2 38 12 0 -8 2 0 -486 -148 -9 65 65
1 30001 224 -65 -1 1 0 0 0 0 35 0 -9 183 50 -1 0 -3 0 -1000 -302 -17 133 133
1 29999 227 -66 -1 0 1 0 -2 0 35 3 -9 164 46 1 2 4 0 -2214 -667 -35 298 298
1 30001 239 -76 0 0 0 0 0 0 41 10 -7 755 215 -2 -2 0 0 -2177 -665 -59 306 306
1 29999 232 -30 -1 -5 0 0 0 0 15 5 -6 246 105 2 2 -2 0 -5352 -1621 -132 761 761
1 30000 238 125 2 3 0 0 0 0 -66 -16 15 459 132 -3 1 1 0 -3102 -930 -59 445 445
1 29999 224 181 -1 -1 0 0 0 0 -97 3 24 561 183 4 -4 0 0 -188 -90 -109 61 61
1 30001 229 82 3 2 0 0 0 0 -43 11 10 99 50 -2 3 0 1 223 42 -69 -9 -9
1 29999 224 20 0 2 0 0 0 0 -10 4 3 13 8 -1 0 0 0 187 48 -20 -19 -19
1 30000 227 17 -1 1 0 0 0 0 -9 3 2 26 7 -2 0 0 0 106 29 -6 -13 -13
1 30000 232 -25 0 -3 0 0 0 0 13 -5 -3 62 17 2 -2 -1 0 135 36 -11 -15 -15
1 30001 222 -23 -1 0 0 0 0 0 12 -4 -3 10 5 0 1 -1 0 -46 -16 -9 9 9
1 40294 418 -98 -72 127 -102 1388 -3 -2 60 10 54 32 9 2 3 0 0 -95 -30 -6 15 15
1 30883 361 -85 2 1 0 0 0 0 43 -6 -15 320 90 -3 -2 3 0 354 96 -23 -41 -41
1 31237 378 -136 3 1 0 0 0 0 70 3 -26 215 66 0 -3 -3 0 841 228 -50 -99 -99
1 31600 362 -132 17 -118 47 -1392 -1 2 64 12 -77 371 115 4 7 0 1 254 50 -71 -12 -12
1 30811 324 100 16 -9 0 0 0 0 -49 -20 15 353 112 -3 -6 1 0 -426 -147 -69 80 80
1 30000 291 91 -1 -1 0 0 0 0 -47 -10 14 191 65 1 -2 1 0 -742 -233 -56 119 119
1 30002 297 25 -1 3 0 0 0 0 -14 -2 4 174 51 -1 2 -2 0 -436 -136 -30 69 69
1 29998 293 -100 0 2 0 0 0 0 53 10 -14 727 220 -3 3 0 0 -1571 -489 -107 250 250
1 30001 309 -76 2 -1 0 0 0 0 38 13 -12 128 53 4 1 2 0 -2913 -861 -67 426 426
1 30000 305 -34 1 0 0 0 0 0 16 8 -5 201 63 -2 -2 0 0 -992 -296 -35 151 151
1 29999 309 -13 -2 0 0 0 0 0 6 3 -3 542 159 2 -1 0 0 -120 -57 -79 40 40
1 30000 314 -13 0 -2 0 0 0 0 6 4 -1 476 152 -1 -6 -2 0 1029 268 -94 -117 -117
1 30000 302 30 3 2 0 0 0 0 -14 -8 4 355 117 1 2 2 0 1733 472 -86 -215 -215
1 30000 318 -2 -2 0 0 0 0 0 1 0 0 194 68 -1 -1 -1 1 435 106 -58 -42 -42
1 30001 311 66 -2 -2 -1 -1 -1 0 -32 -14 9 178 58 -1 9 -1 0 -328 -105 -37 57 57
1 29999 304 110 3 1 0 0 0 0 -57 -14 17 122 39 2 -8 -1 0 -329 -103 -30 54 54
1 30000 285 134 -1 0 0 0 0 0 -71 -3 21 297 90 -2 3 3 0 -424 -134 -44 72 72
1 30000 270 49 0 1 0 0 0 0 -26 4 8 217 65 2 1 0 0 -484 -152 -47 81 81
1 30002 288 -42 3 0 0 0 0 0 22 -3 -6 458 134 4 -1 -1 0 -1163 -349 -59 179 179
1 29998 272 -78 -3 -1 0 0 0 0 42 -1 -12 361 113 -7 -4 0 0 -1981 -587 -83 301 301
1 30002 268 -61 3 1 0 0 0 0 32 3 -10 186 68 3 3 0 0 -2030 -592 -60 305 305
1 29999 259 -36 -2 -1 0 0 0 0 19 4 -5 72 25 -1 -1 1 0 -1794 -515 -23 263 263
1 30000 271 -119 1 3 0 0 0 0 60 19 -18 320 91 -2 -2 -1 1 -1578 -457 -39 239 239
1 30000 248 -138 -1 -3 0 0 0 0 63 38 -20 223 71 2 -2 0 -1 -1266 -369 -49 198 198
1 29999 243 -164 0 1 0 0 -3 0 60 62 -19 851 250 0 1 1 0 -876 -277 -128 161 161
1 30001 259 87 -1 -1 0 0 0 0 -29 -36 9 770 243 -1 4 1 1 281 49 -135 -6 -6
1 30002 244 119 2 1 0 0 0 0 -49 -40 15 236 88 0 -2 -2 0 1389 370 -86 -179 -179
1 29998 258 159 -3 -3 0 0 0 0 -76 -36 23 291 93 -1 -4 2 0 912 242 -59 -115 -115
1 30002 233 154 3 1 0 0 0 0 -81 -14 24 215 71 -1 3 -2 0 365 89 -55 -38 -38
1 29996 246 111 0 1 0 0 0 0 -59 2 17 137 43 2 6 0 0 -225 -71 -31 40 40
1 30002 236 106 -1 1 0 0 0 0 -54 14 17 225 62 -1 -5 1 0 -1119 -323 -43 172 172
1 30000 236 78 0 -1 0 0 0 0 -38 17 10 67 25 2 0 0 0 -1665 -470 -23 246 246
1 30000 241 79 1 -1 0 0 0 0 -36 21 10 163 44 -2 2 1 0 -917 -261 -21 139 139
1 29999 242 96 0 1 0 0 0 0 -40 32 11 283 74 -1 -2 -3 0 -168 -53 -30 32 32
1 34647 278 8 -12 123 -7 1393 -1 -2 0 32 47 457 145 3 -2 2 0 -91 -45 -92 36 36
1 30472 277 -88 0 -1 0 0 0 0 35 -32 -4 126 45 -2 2 -1 0 -646 -189 -42 105 105
1 30469 260 -164 6 3 0 0 0 0 75 -44 -14 297 83 2 -3 1 1 -768 -223 -48 124 124
1 30471 261 -205 0 1 0 0 0 0 107 -25 -27 441 125 -2 2 0 0 -1348 -388 -68 215 215
1 30468 257 -235 0 -2 0 0 0 0 121 17 -43 322 103 0 -1 -2 0 -1584 -453 -77 253 253
1 37120 322 -156 0 -124 0 -1399 0 2 70 34 -80 128 49 -2 -3 4 0 -1418 -401 -44 222 222
1 29998 262 -21 0 -1 0 0 0 0 9 7 -3 6 7 4 2 -4 0 -700 -196 -15 109 109
1 30001 265 -37 3 1 0 0 0 0 14 14 -4 280 73 -3 -2 2 0 -296 -85 -22 49 49
1 30001 253 20 -3 -3 0 0 0 0 -7 -8 2 1045 300 3 4 1 0 541 126 -137 -51 -51
1 30000 264 -31 2 4 0 0 0 0 11 12 -3 228 88 -3 -1 -1 0 2447 654 -99 -341 -341
1 30000 262 -26 -2 0 0 0 0 0 9 10 -4 92 36 1 -1 1 0 2290 622 -34 -326 -326
1 29999 263 -4 3 -1 0 0 0 0 2 2 0 93 35 2 -1 -2 0 1316 355 -28 -182 -182
1 30001 262 -18 -2 1 0 0 0 0 6 7 -2 57 16 -1 1 0 0 675 182 -13 -93 -93
1 30000 264 -36 1 0 0 0 0 0 12 15 -4 85 22 0 0 -1 0 320 86 -12 -43 -43
1 29999 267 -22 0 0 0 0 0 0 6 10 -2 280 77 0 -1 2 0 567 148 -30 -73 -73
1 30001 246 2 2 -2 0 0 0 0 0 -1 0 600 175 0 0 2 1 2268 599 -94 -293 -293
1 35413 311 114 -9 -124 0 -1373 -2 -2 -39 -38 -36 194 69 0 -1 -2 0 1377 362 -57 -176 -176
1 30467 275 154 1 2 0 0 0 0 -65 -53 11 185 58 -1 2 0 0 425 105 -42 -47 -47
1 31762 290 97 -4 117 -9 1374 -1 2 -46 -27 68 269 77 1 -2 -1 0 1328 353 -34 -171 -171
1 30830 273 1 5 6 0 0 0 0 0 -1 4 52 29 -2 3 -1 0 1627 433 -40 -209 -209
1 30000 271 9 -1 -1 0 0 0 0 -5 -1 1 12 4 3 1 2 0 1135 305 -14 -148 -148
1 29998 272 19 -1 1 0 0 0 0 -10 -3 3 10 3 1 0 1 0 481 130 -2 -63 -63
1 30002 282 5 2 -2 0 0 0 0 -2 -1 1 3 -2 -4 3 -1 0 329 88 -3 -43 -43
1 29999 276 -17 0 1 0 0 0 0 9 2 -3 62 15 2 -5 -1 0 237 64 -4 -30 -30
1 30000 288 160 0 -2 0 0 0 0 -84 -15 24 904 249 0 -1 1 0 715 165 -100 -65 -65
1 29999 280 52 -4 1 0 0 0 0 -27 0 10 6 22 -2 -1 0 0 1816 474 -61 -219 -219
1 30001 278 11 5 1 0 0 0 0 -6 1 2 4 5 2 2 -1 0 10 -2 -15 3 3
1 30003 287 4 0 -1 0 0 0 0 -2 0 2 10 3 0 2 2 1 -305 -83 -4 41 41
1 29998 284 -2 0 0 0 0 0 0 1 -1 -1 10 3 0 -1 0 0 116 30 -3 -14 -14
1 35470 362 -3 -13 126 -10 1399 -2 -2 3 19 62 815 212 -4 -3 0 0 -603 -179 -55 94 94
1 30470 316 -55 4 -3 0 0 0 0 29 -2 -9 406 134 5 1 -1 0 217 26 -110 5 5
1 30468 314 -29 -3 3 0 0 0 0 15 0 -5 539 165 -1 0 -2 0 1348 334 -95 -146 -146
1 30473 319 -101 1 1 0 0 0 0 52 5 -19 25 23 -1 0 3 0 1726 448 -53 -203 -203
1 34528 358 -119 13 -124 24 -1401 -1 2 59 11 -76 70 21 1 -2 -2 0 871 227 -20 -104 -104
1 30825 297 41 8 -1 0 0 0 0 -20 -10 7 160 47 -1 2 -3 0 723 186 -26 -82 -82
1 30001 260 -2 -1 1 0 0 0 0 1 0 0 133 39 -1 0 3 0 641 166 -19 -74 -74
1 30001 273 8 1 0 0 0 0 0 -4 -1 1 151 42 1 -3 -1 0 626 158 -27 -70 -70
1 29998 274 49 2 -1 0 0 0 0 -25 -8 8 58 22 0 5 2 0 675 173 -25 -75 -75
1 30001 272 59 -4 0 0 0 0 0 -30 -8 8 21 6 -2 -3 -1 0 484 126 -9 -57 -57
1 30001 271 86 2 -1 0 0 0 0 -46 -6 12 95 24 2 0 1 1 234 60 -10 -26 -26
1 30000 277 91 -1 3 0 0 0 0 -49 1 15 108 32 -1 0 -2 0 417 105 -18 -45 -45
1 29998 266 27 1 -4 0 0 0 0 -14 2 3 13 5 2 1 3 0 520 134 -15 -59 -59
1 30001 266 6 -1 3 0 0 0 0 -3 1 2 41 10 -2 -2 0 0 258 67 -4 -30 -30
1 30000 275 43 3 0 0 0 0 0 -23 5 6 37 10 0 4 -1 0 278 72 -8 -31 -31
1 34999 337 -38 -12 123 -7 1411 -1 -2 22 17 57 44 12 1 0 -1 0 299 77 -9 -33 -33
1 30470 287 -107 1 2 0 0 0 0 56 -8 -16 53 11 0 -1 1 0 163 41 -7 -18 -18
1 30472 304 -123 2 1 0 0 0 0 65 2 -21 38 11 1 -2 2 0 251 63 -10 -27 -27
1 31330 305 -141 0 -30 0 -211 0 0 71 18 -38 50 14 1 4 -2 0 278 71 -11 -30 -30
1 29139 277 -43 4 -96 -1 -1192 -1 2 20 5 -50 15 3 -3 -6 0 0 216 56 -5 -24 -24
1 30000 286 -33 0 -2 0 0 0 0 14 10 -5 109 30 1 7 0 0 157 38 -10 -16 -16
1 30002 279 -79 -3 3 0 0 0 0 33 26 -10 223 60 -1 -5 -2 0 531 129 -34 -52 -52
1 29999 293 -28 3 -1 0 0 0 0 11 10 -4 20 9 2 -1 -2 0 684 177 -16 -77 -77
1 30000 283 -11 0 1 0 0 0 0 4 4 -1 178 46 -1 3 3 0 395 101 -11 -44 -44
1 30001 300 17 -2 -1 0 0 0 0 -6 -6 2 188 55 -1 -3 0 1 865 215 -42 -88 -88
1 29999 289 -30 2 2 0 0 0 0 11 11 -4 64 23 3 7 -1 0 824 210 -24 -89 -89
1 30000 298 -15 -3 -2 0 0 0 0 6 6 -1 105 23 -3 -6 3 -1 448 116 -7 -50 -50
1 30001 285 -2 3 -3 0 0 0 0 0 1 -1 254 78 0 -2 -2 1 663 161 -42 -64 -64
1 29999 307 30 -2 1 0 0 0 0 -11 -11 4 83 26 2 3 1 0 834 212 -23 -89 -89
1 34590 346 98 -6 -121 0 -1387 -1 -2 -40 -28 -43 117 32 0 -2 -1 0 654 167 -19 -69 -69
1 30469 335 117 -1 0 0 0 0 0 -54 -34 10 187 52 0 2 3 0 525 127 -30 -51 -51
1 33059 337 86 3 118 -9 1380 0 2 -41 -21 73 104 33 -2 2 -2 0 882 223 -27 -91 -92
1 29999 305 -17 0 3 0 0 0 0 8 3 -2 235 67 0 5 0 0 1012 253 -36 -103 -102
1 30002 305 -58 1 0 0 0 0 0 29 11 -10 146 41 2 -8 -2 0 998 254 -25 -105 -105
1 29999 319 -115 0 2 0 0 0 0 53 30 -16 395 107 -1 0 0 0 997 246 -43 -97 -97
1 29999 303 -125 0 0 0 0 0 0 50 44 -16 530 156 1 0 2 0 1566 375 -90 -143 -143
1 30002 282 -103 0 -5 0 0 0 0 34 43 -12 120 46 0 -1 0 0 1545 384 -52 -151 -151
1 29999 296 -75 -1 4 0 0 0 0 19 35 -7 203 57 1 1 -3 0 611 148 -28 -57 -57
1 29999 279 7 1 -3 0 0 0 0 -2 -3 1 28 16 -3 1 4 0 -6 -15 -31 12 12
1 30000 315 149 0 0 0 0 0 0 -43 -67 14 651 160 0 -3 -3 0 -55 -29 -31 17 17
1 30002 285 2 -2 1 0 0 0 0 -1 0 1 396 137 1 1 0 0 2606 628 -123 -237 -237
1 29999 279 -9 2 2 0 0 0 0 3 3 -1 6 15 0 0 1 0 3364 867 -32 -346 -346
1 34645 331 105 -8 -125 0 -1382 -2 -2 -40 -31 -40 3 3 0 0 -1 0 1628 423 -6 -169 -169
1 30823 304 129 1 0 0 0 0 0 -57 -41 11 35 6 0 0 0 1 512 133 -3 -52 -52
1 30472 299 57 0 0 0 0 0 0 -28 -13 7 815 212 0 3 2 -1 109 -3 -63 12 12
1 36060 315 93 18 124 15 1382 -1 2 -47 -19 77 178 69 1 3 -2 1 94 -23 -93 27 27
1 30000 247 79 1 1 0 0 0 0 -42 -6 12 86 29 0 -6 0 0 189 35 -27 -10 -10
1 30001 244 79 -2 -3 0 0 0 0 -42 -1 12 107 31 1 2 1 0 262 58 -21 -19 -19
1 30000 228 90 0 1 0 0 0 0 -48 7 13 148 42 -3 2 -1 0 293 65 -23 -21 -21
1 29999 236 105 2 -3 0 0 0 0 -53 17 15 167 47 1 -2 0 0 323 70 -27 -23 -23
1 29999 232 86 0 4 0 0 0 0 -41 21 12 96 30 1 -2 3 0 315 70 -23 -24 -24
1 30002 222 67 0 -2 0 0 0 0 -29 20 8 143 39 -1 0 0 0 221 45 -25 -13 -13
1 29999 234 53 -1 0 0 0 0 0 -22 18 5 129 40 1 3 0 0 82 8 -26 2 2
1 30001 234 35 0 2 0 0 0 0 -13 14 4 35 11 -1 -1 -1 0 358 86 -13 -32 -32
1 29999 230 34 -1 -2 0 0 0 0 -12 13 3 16 6 1 0 0 0 433 108 -8 -41 -41
1 29998 239 24 0 1 0 0 0 0 -8 10 2 8 3 2 0 -2 0 409 105 -3 -40 -40
1 35413 278 -56 -9 126 -7 1404 -1 -2 22 8 40 21 1 0 -2 3 0 363 93 -2 -36 -36
1 30471 261 -95 1 0 0 0 0 0 37 -36 -3 154 38 -3 1 -1 0 373 90 -13 -33 -33
1 30530 262 -105 0 1 0 0 0 0 46 -33 -7 100 29 -2 1 0 0 513 121 -22 -43 -43
1 30470 269 -89 0 -1 0 0 0 0 45 -19 -8 143 37 2 -2 -2 0 308 70 -20 -23 -23
1 30471 253 -103 0 2 0 0 0 0 53 -16 -13 199 54 1 2 2 0 -301 -93 -28 41 41
1 32939 299 -84 0 0 0 0 0 0 44 -6 -13 334 95 1 -2 -1 1 -117 -59 -54 33 33
1 30766 263 -66 1 -3 0 0 0 0 36 0 -10 228 67 -4 0 1 -1 447 93 -43 -29 -29
1 30882 275 -87 -2 2 0 0 0 0 45 6 -16 52 20 2 -1 -1 0 732 175 -25 -63 -63
1 31861 299 -118 0 -120 0 -1400 -2 2 58 11 -77 157 39 1 0 0 1 341 79 -17 -28 -28
1 30785 259 -31 2 -3 0 0 0 0 15 7 -5 135 41 1 4 0 0 665 155 -30 -54 -54
1 30000 252 -8 2 -1 0 0 0 0 3 2 -2 58 19 0 -3 0 0 861 212 -19 -78 -78
1 30000 260 9 0 -1 0 0 0 0 -4 -2 2 21 7 -2 2 -1 0 655 165 -8 -61 -61
1 30001 270 20 1 -1 0 0 0 0 -9 -5 3 13 3 0 -1 -1 0 386 97 -4 -36 -36
1 29999 253 -8 0 1 0 0 0 0 4 2 -1 8 2 2 -1 2 0 204 50 -4 -19 -19
1 30001 274 -20 0 1 0 0 0 0 9 5 -3 14 1 -3 0 -1 0 100 26 -1 -9 -9
1 30001 262 -2 1 -1 0 0 0 0 1 1 0 18 3 0 0 1 0 -8 -5 -4 2 2
1 30002 285 -27 -2 2 0 0 0 0 12 7 -4 111 23 -1 -1 0 0 -50 -16 -6 7 7
1 29998 282 -25 0 -1 0 0 0 0 11 8 -3 347 94 4 3 1 0 7 -26 -49 20 20
1 29998 271 18 1 0 0 0 0 0 -8 -6 2 121 40 -3 -1 -1 0 502 112 -32 -37 -37
1 30000 281 -11 1 0 -1 0 -1 0 5 4 -1 241 65 2 -1 -1 0 841 196 -35 -68 -68
1 30002 286 -5 1 1 0 0 0 0 2 1 -1 91 28 -2 -1 3 0 545 127 -23 -43 -43
1 30000 268 13 0 -2 0 0 0 0 -5 -4 2 71 23 3 5 0 0 142 25 -20 -6 -6
1 29999 284 1 -1 1 0 0 0 0 -1 0 0 49 14 -3 -4 -3 0 200 45 -12 -15 -15
1 30002 283 -78 -1 1 0 0 0 0 33 25 -10 234 54 1 0 -1 0 49 0 -22 4 4
1 30000 265 -111 1 1 0 0 0 0 39 45 -12 370 105 0 -1 2 0 378 62 -60 -12 -12
1 29998 272 -53 1 -2 0 0 0 0 16 23 -6 129 41 1 1 -2 0 600 135 -32 -44 -44
1 29999 271 -35 0 3 0 0 0 0 10 16 -2 83 25 -1 2 4 0 421 95 -21 -32 -32
1 30000 255 -24 0 -4 0 0 0 0 5 12 -3 72 20 1 -3 -3 0 136 26 -16 -7 -7
1 30000 266 -12 -3 0 0 0 0 0 2 6 -1 16 7 -2 0 1 0 -272 -75 -9 30 30
1 34532 305 82 -6 -122 1 -1385 -1 -2 -20 -29 -31 -10 -5 1 2 4 1 -358 -92 -1 35 35
1 30527 257 136 0 -3 0 0 0 0 -46 -58 3 -13 -4 -1 0 -6 -1 -542 -139 -1 52 52
1 30472 288 133 -1 2 0 0 0 0 -57 -45 9 -10 -6 3 -1 4 1 -836 -213 2 80 80
1 31672 298 104 0 29 -1 201 0 0 -50 -29 23 28 1 -2 1 -2 -1 -581 -147 1 55 55
1 29093 245 4 3 92 -8 1175 -1 2 -1 -2 49 354 93 0 -3 -1 0 -252 -90 -44 42 42
1 30000 276 15 -1 -1 0 0 0 0 -7 -3 2 36 14 1 5 1 1 244 50 -22 -15 -15
1 30000 245 17 0 3 0 0 0 0 -9 -3 3 4 2 -1 -2 1 0 521 130 -6 -48 -48
1 30000 266 17 2 -3 0 0 0 0 -9 -2 2 4 2 0 -1 0 0 287 71 -3 -26 -26
1 29999 261 16 0 3 0 0 0 0 -8 -3 3 8 1 3 0 -1 0 225 57 -1 -21 -21
1 30001 256 32 0 -1 0 0 0 0 -17 -3 5 19 1 -1 -1 1 0 107 26 -3 -9 -9
1 29999 256 49 0 -1 0 0 0 0 -26 -4 7 49 12 -3 3 0 0 258 63 -5 -23 -23
1 30000 266 56 -1 1 0 0 0 0 -30 -2 9 35 9 3 0 -1 0 515 127 -7 -46 -46
1 30000 260 10 1 1 0 0 0 0 -5 0 2 30 8 -1 -2 0 0 574 143 -6 -53 -53
1 30001 258 13 1 0 0 0 0 0 -7 1 2 16 3 -1 0 -1 0 320 78 -5 -28 -28
1 35000 304 -52 -8 124 -5 1422 -1 -2 29 17 56 51 12 -3 3 3 0 388 96 -6 -35 -35
1 30468 286 -68 -2 2 0 0 0 0 36 2 -12 71 20 3 -4 1 0 492 119 -10 -42 -42
1 30474 285 -91 2 -2 0 0 0 0 47 8 -17 13 1 1 0 -1 0 678 169 -7 -62 -62
1 30132 282 -52 24 -123 29 -1415 0 2 25 -1 -62 51 11 -3 0 -3 0 428 106 -5 -38 -38
1 30633 253 -6 1 0 0 0 0 0 3 2 -1 49 13 1 2 2 0 443 106 -11 -37 -37
1 30000 241 -14 -1 -2 0 0 0 0 7 3 -2 43 11 0 2 0 0 213 51 -7 -18 -18
1 29998 224 -9 1 1 0 0 0 0 4 2 -2 5 1 0 -3 1 0 52 9 -6 -2 -2
1 29999 254 6 1 0 0 0 0 0 -3 -1 1 1 -1 0 -3 -1 0 -60 -16 -1 6 6
1 30000 230 24 -1 0 0 0 0 0 -12 -5 4 53 11 2 1 -1 0 -45 -12 -2 5 5
1 30000 245 40 0 2 0 0 0 0 -20 -9 5 119 32 1 0 0 0 -34 -20 -19 11 11
1 30001 248 17 0 -1 0 0 0 0 -8 -3 3 75 18 -1 1 1 0 15 -5 -14 5 5
1 30000 227 81 0 -1 0 0 0 0 -43 -10 10 153 40 0 -1 2 0 -40 -24 -23 13 13
1 29999 254 34 -1 2 0 0 0 0 -18 -3 6 17 7 1 3 -3 0 -245 -68 -10 27 27
1 30003 236 20 0 0 0 0 0 0 -11 -1 2 11 4 0 -3 0 0 -163 -45 -4 17 17
1 29999 233 -2 2 -1 0 0 -1 0 1 0 0 18 1 0 3 0 0 -97 -25 -2 10 10
1 29999 237 -9 0 0 0 0 0 0 5 0 -1 3 1 -1 1 0 0 -129 -35 -4 13 13
1 30001 234 -7 0 0 0 0 0 0 4 0 -1 10 0 -1 -3 1 0 -207 -54 -1 21 21
1 30001 245 9 -1 0 0 0 0 0 -5 -1 1 12 2 1 1 1 1 -139 -36 -3 14 14
1 29999 242 21 1 -3 0 0 0 0 -11 1 3 4 -1 0 0 -3 -1 -69 -19 -1 7 7
1 29998 242 19 1 3 0 0 0 0 -11 -1 2 15 2 0 0 0 1 -88 -23 -2 9 9
1 30001 236 20 -2 -2 0 0 0 0 -10 0 3 15 1 1 2 2 0 -120 -32 -2 12 12
1 29999 231 -31 0 3 0 0 0 0 16 0 -4 83 18 -1 0 1 -1 -211 -58 -7 23 23
1 30002 245 -13 0 0 0 0 0 0 7 1 -2 108 28 1 -1 -2 1 -645 -172 -14 66 66
1 29998 233 63 -2 -2 0 0 0 0 -33 -1 9 138 35 -1 -2 0 0 -210 -65 -21 29 29
1 35120 282 -21 -3 125 -5 1414 -2 -2 12 18 61 54 19 -2 1 1 0 -86 -33 -18 15 15
1 30470 250 -50 -5 -1 0 0 0 0 27 -1 -9 114 25 0 0 -1 0 15 0 -7 2 2
1 30469 251 -74 2 1 0 0 0 0 39 4 -12 91 30 1 4 -1 0 208 39 -24 -10 -10
1 30767 253 -89 -1 0 0 0 0 0 46 10 -15 26 6 0 -4 1 0 295 68 -11 -24 -24
1 34233 282 -72 4 -125 0 -1412 0 2 35 5 -68 33 8 1 1 1 0 187 45 -5 -15 -15
1 30000 227 -1 0 1 0 0 0 0 0 1 -1 68 17 -1 -1 1 0 306 71 -11 -25 -25
1 29999 252 32 1 0 0 0 0 0 -15 -8 5 111 28 2 -1 0 0 78 10 -16 -1 -1
1 30000 242 31 -3 0 0 0 0 0 -15 -7 4 107 29 -1 1 0 0 96 14 -18 -1 -1
1 30000 237 29 0 -1 0 0 0 0 -15 -5 4 35 13 1 2 -1 0 442 105 -12 -37 -37
1 30000 235 60 2 1 0 0 0 0 -31 -10 9 84 19 -2 -1 -1 0 367 87 -9 -31 -31
1 30001 258 43 1 -1 0 0 0 0 -23 -4 5 14 6 1 -3 2 0 371 88 -10 -30 -30
1 29999 244 28 -2 1 0 0 0 0 -15 -2 4 6 1 -1 1 0 0 177 43 -3 -16 -16
1 30000 240 0 2 -2 0 0 0 0 0 1 1 12 1 -1 -1 -3 0 58 14 -1 -4 -4
1 30000 241 -15 0 2 0 0 0 0 8 1 -2 12 2 1 0 2 0 70 16 -3 -6 -6
1 30000 250 -18 1 4 0 0 0 0 9 0 -3 12 0 -1 2 -1 0 104 25 -1 -9 -9
1 30000 246 -57 -2 -4 -1 0 -1 0 31 8 -7 94 23 1 -1 0 0 203 46 -9 -15 -15
1 30000 251 -65 1 0 0 0 0 0 33 10 -10 69 18 -1 0 1 0 342 79 -12 -27 -27
1 30000 240 -62 1 2 0 0 0 0 30 14 -9 95 24 0 4 -3 0 239 53 -13 -17 -17
1 30000 248 -30 -3 -1 0 0 0 0 14 8 -4 187 46 0 -2 4 0 211 39 -23 -10 -10
1 30000 224 50 1 -2 0 0 0 0 -23 -13 7 114 32 1 3 -1 0 146 19 -29 -2 -2
1 30000 239 67 2 1 0 0 0 0 -34 -13 10 172 47 0 -4 0 0 -14 -16 -21 10 10
1 30000 236 89 -2 -1 0 0 0 0 -46 -13 12 166 46 1 1 0 0 -5 -21 -32 14 14
1 30000 216 52 2 1 0 0 0 0 -28 -3 7 39 14 -3 -5 -1 0 -213 -63 -16 26 26
1 30000 242 52 -1 0 0 0 0 0 -28 -1 8 41 11 1 4 -1 0 -197 -55 -8 22 22
1 30000 244 54 1 1 0 0 0 0 -29 1 8 7 2 3 -2 1 0 -201 -53 -5 20 20
1 34177 286 -26 -13 123 -9 1402 -1 -2 16 18 59 12 2 -1 0 2 0 -134 -35 -3 14 14
1 30472 259 -70 1 1 0 0 0 0 37 -2 -11 23 2 -1 2 -1 0 -120 -32 -2 12 12
1 30470 262 -68 3 0 0 0 0 0 36 2 -11 29 8 4 0 1 0 -103 -29 -5 12 12
1 30530 268 -51 -5 -2 0 0 0 0 27 5 -9 76 17 -5 -2 -1 0 -61 -21 -10 9 9
1 30765 268 -64 3 1 0 0 0 0 32 9 -12 17 4 0 1 0 0 18 1 -6 1 1
1 34235 305 -16 6 -127 0 -1405 -1 2 8 -7 -59 36 9 0 -2 -1 0 27 2 -8 1 1
1 29999 236 45 -1 0 0 0 0 0 -23 -9 5 25 5 3 4 0 0 18 1 -5 0 0
1 30000 250 28 0 -1 0 0 0 0 -14 -4 5 82 18 1 -2 0 0 21 2 -6 1 1
1 29999 260 -8 1 3 0 0 0 0 4 0 -1 88 24 -1 2 3 0 133 24 -16 -6 -6
1 30000 248 -9 -2 1 0 0 0 0 5 2 -1 21 5 -2 -2 -5 0 106 20 -10 -6 -6
1 30000 250 -3 1 1 0 0 0 0 1 0 -1 3 0 0 0 4 0 40 9 -2 -3 -3
1 30001 257 -29 0 1 0 0 0 0 15 5 -4 42 9 3 -2 -1 0 30 5 -4 -1 -1
1 30000 251 -45 0 -2 0 0 0 0 22 10 -6 64 15 -3 2 0 0 30 4 -7 0 0
1 29999 238 -34 0 2 0 0 0 0 16 9 -5 26 6 0 0 -2 0 -193 -54 -9 22 22
1 30000 241 -28 -1 -2 0 0 0 0 13 8 -4 26 6 0 -1 2 0 -103 -29 -4 11 11
1 30000 260 -34 1 0 0 0 0 0 15 10 -5 38 7 -2 2 -2 0 -122 -34 -7 14 14
1 30000 249 -36 0 1 0 0 0 0 15 12 -4 74 18 4 -1 1 0 -122 -35 -7 14 14
1 30001 222 -33 1 -1 0 0 0 0 14 11 -4 105 26 -4 2 0 0 -149 -48 -17 21 21
1 29999 243 7 0 -4 0 0 0 0 -3 -2 0 111 30 3 -4 0 0 170 32 -17 -9 -9
1 30000 227 -21 0 6 0 0 0 0 8 7 -2 28 12 -2 3 2 0 211 47 -12 -15 -15
1 30000 235 -10 0 -2 0 0 0 0 4 4 -1 26 6 1 -1 -1 1 261 61 -7 -21 -21
1 30001 238 -13 0 -1 0 0 0 0 5 5 -2 41 7 -2 2 0 0 300 72 -4 -26 -26
1 30000 237 -9 -1 0 0 0 0 0 4 3 -1 97 23 4 0 -2 -1 750 182 -11 -64 -64
1 29999 216 24 0 1 0 0 0 0 -9 -9 3 259 66 -1 -2 0 1 726 164 -29 -55 -55
1 30000 230 77 0 -1 0 0 0 0 -32 -27 9 104 32 0 -2 1 0 1465 350 -26 -123 -123
1 30000 224 22 0 1 0 0 0 0 -9 -7 3 125 32 -1 1 -1 0 881 208 -20 -71 -71
1 30001 217 -26 0 1 0 0 0 0 11 8 -3 51 20 1 4 1 0 426 95 -19 -31 -31
1 29999 213 -9 1 -2 0 0 0 0 4 3 -1 83 22 2 -4 1 -1 442 102 -12 -34 -34
1 30001 228 27 -2 1 0 0 0 0 -12 -8 3 52 13 -3 3 1 1 256 57 -11 -19 -19
1 28697 130 20 256 -62 178 -501 -68 -4 -18 -12 21 8 3 -1 1 0 0 96 19 -8 -5 -5
1 30029 78 59 -38 9 -1 1 -138 0 -27 -15 -2 6 2 2 -3 -2 0 87 22 0 -8 -8
1 30025 55 51 -2 -1 0 -1 -132 0 -27 -11 0 -2 1 -1 1 2 0 -43 -12 -2 5 5
1 29997 14 35 -31 -4 0 -7 -134 0 -17 -6 1 34 4 -1 -1 -5 0 20 4 -2 -1 -1
1 29929 -65 -7 47 13 400 6 -105 0 0 0 14 -20 -2 2 0 3 0 -12 -4 -1 1 1
1 30051 -198 -25 256 6 5 1 -120 0 -16 3 42 -16 0 -2 1 1 0 30 7 0 -2 -2
1 29952 -258 -38 -2 -4 -6 0 -134 0 19 8 4 -21 -1 0 0 -2 0 14 7 5 -4 -4
1 29997 -334 -16 -20 0 1 -1 -133 0 9 4 3 -82 -21 1 -1 -1 0 -8 3 7 -2 -2
1 29997 -379 32 -4 7 0 0 -132 0 -13 -7 -6 -108 -28 0 4 0 0 -40 0 16 -3 -3
1 31327 -423 7 -94 6 0 0 -73 4 3 1 1 -193 -49 0 -4 1 0 -378 -76 30 22 22
1 30000 -441 14 2 -1 0 0 0 0 -7 -3 -3 -358 -96 1 2 2 0 -1405 -318 52 105 105
1 29999 -450 36 0 -2 0 0 0 0 -18 -6 -7 -64 -19 1 -3 0 0 -1670 -404 23 142 142
1 30000 -428 44 -2 2 0 0 0 0 -22 -7 -7 -79 -20 1 20 -1 0 -1244 -305 11 110 110
1 29999 -435 34 2 1 0 0 0 0 -18 -4 -6 -217 -57 -2 -19 -1 0 -748 -171 28 57 57
1 30002 -455 77 0 0 0 0 0 0 -40 -5 -15 -85 -23 -4 1 1 0 -366 -79 21 25 25
1 30001 -433 49 -1 -2 0 0 0 0 -27 0 -8 -40 -8 4 -2 1 0 122 37 11 -15 -15
1 29998 -426 38 1 -1 0 0 0 0 -20 2 -7 -71 -15 -1 1 0 0 102 32 10 -14 -14
1 30002 -452 52 1 3 0 0 0 0 -27 4 -9 -79 -20 -2 8 2 0 231 66 14 -27 -27
1 29997 -421 15 -2 -3 0 0 0 0 -8 2 -3 -145 -35 5 -6 -3 0 -21 5 17 -5 -5
1 35060 -516 -183 6 -130 10 -1394 -4 -2 96 -8 -38 -52 -14 -2 -1 -1 0 -132 -23 17 5 5
1 30793 -455 -229 7 110 1 1407 0 2 114 35 103 -47 -10 0 0 2 0 -115 -23 9 7 7
1 30795 -447 -93 -4 24 0 0 0 0 41 31 26 -105 -26 -2 2 -1 0 -118 -21 15 5 5
1 30002 -452 -42 0 -3 0 0 0 0 16 14 7 -21 -3 1 -1 3 0 74 24 8 -10 -10
1 29999 -444 -49 1 2 0 0 0 0 19 19 7 -54 -12 1 -1 -3 0 115 32 6 -13 -13
1 29999 -448 -86 -2 0 0 0 0 0 28 36 10 -259 -64 -1 -3 0 0 339 99 23 -41 -41
1 30000 -445 -92 0 -1 0 0 0 0 24 42 11 -234 -64 -2 1 0 0 341 114 45 -50 -50
1 30000 -452 19 2 3 0 0 0 0 -5 -8 -2 -316 -85 1 5 1 0 48 45 56 -27 -27
1 30001 -458 94 -4 2 0 0 0 0 -26 -42 -10 -137 -40 2 -2 0 0 -209 -33 31 6 6
1 29999 -443 60 5 -2 0 0 0 0 -19 -26 -8 -13 -4 1 2 -2 0 -526 -127 11 44 44
1 30000 -450 8 0 -1 0 0 0 0 -3 -3 -1 -16 0 -1 -1 -1 0 -227 -55 4 20 20
1 30000 -442 -52 -3 1 0 0 0 0 18 21 6 -106 -27 -1 -3 3 0 -160 -32 13 10 10
1 34649 -533 138 10 129 -1 1392 -2 -2 -53 -21 34 -159 -39 1 0 -2 0 -529 -122 21 41 40
1 31784 -525 229 -2 -21 1 -206 1 0 -106 -68 -36 -167 -46 -1 1 0 0 -635 -143 29 47 48
1 29098 -396 66 -34 -105 -40 -1183 -1 2 -30 -26 -68 -25 -6 0 -1 0 0 -398 -92 14 32 32
1 29999 -372 -81 -4 -3 0 0 0 0 43 10 10 -248 -66 1 0 2 0 -441 -92 34 28 28
1 30001 -360 -2 4 8 0 0 0 0 0 1 7 55 14 -1 0 -1 0 -416 -103 5 37 37
1 29999 -390 -75 -2 -5 0 0 0 0 38 14 7 -186 -46 0 1 0 0 -133 -28 10 8 8
1 30000 -367 -11 2 -2 0 0 0 0 5 2 2 -170 -47 -1 0 0 0 -250 -41 37 9 9
1 30000 -373 46 -4 3 0 0 0 0 -22 -9 -6 -76 -20 3 0 1 0 377 106 18 -43 -43
1 30000 -367 -4 5 0 0 0 0 0 2 0 0 -15 -3 0 -2 -1 0 585 153 7 -58 -58
1 30000 -370 -13 0 -2 0 0 0 0 6 3 2 -7 1 -3 1 -1 0 269 70 3 -27 -27
1 30000 -376 6 1 -1 0 0 0 0 -4 -1 -1 -15 1 1 2 2 0 124 32 2 -12 -12
1 30001 -356 35 -3 3 0 0 0 0 -16 -7 -6 -22 -2 -1 -3 -1 0 138 38 4 -15 -15
1 29999 -376 -3 4 0 0 -1 -1 0 1 1 1 -11 -4 1 5 0 0 310 80 3 -30 -30
1 30000 -351 -42 -3 0 0 0 0 0 21 8 7 -266 -67 0 -2 -2 0 243 80 29 -35 -35
1 30000 -368 -42 2 -2 0 0 0 0 20 9 6 -183 -51 -1 -2 0 0 265 89 38 -41 -41
1 30001 -371 2 0 0 0 0 0 0 -1 0 0 -1 0 2 -1 1 0 221 62 9 -24 -24
1 29999 -369 13 -4 1 0 0 0 0 -6 -3 -2 -4 0 0 4 2 0 131 34 2 -13 -13
1 29999 -366 23 1 1 0 0 0 0 -11 -5 -4 -58 -12 0 -4 -1 0 102 30 6 -12 -12
1 30002 -365 -21 2 -1 0 0 0 0 10 4 4 -25 -4 -1 2 0 0 -2 5 8 -3 -3
1 29999 -371 -2 0 1 0 0 0 0 1 1 0 -69 -18 -1 -1 -1 0 -70 -17 3 5 5
1 30000 -361 -26 0 -2 0 0 0 0 13 6 3 -76 -18 2 0 0 0 -686 -165 15 59 59
1 30000 -364 -9 -1 1 0 0 0 0 4 2 2 -37 -11 0 6 2 0 -826 -204 12 73 73
1 29999 -357 6 1 0 0 0 0 0 -3 -1 -1 -18 -3 -2 -5 -1 0 -401 -99 5 36 36
1 30001 -375 -5 -2 0 0 0 0 0 2 2 1 -14 -1 0 0 1 0 -287 -71 3 26 26
1 30000 -361 -36 -1 1 0 0 0 0 17 10 5 -60 -13 1 1 -1 0 -514 -126 9 45 45
1 30001 -365 -24 3 0 0 0 0 0 10 7 4 -32 -8 -2 -1 0 0 -773 -194 5 71 71
1 29999 -366 -2 0 -2 0 0 0 0 1 0 0 -7 -1 3 0 -1 0 -444 -111 4 41 41
1 30000 -358 1 -2 3 0 0 0 0 0 1 0 -9 0 -2 -1 1 0 -205 -51 2 19 19
1 30000 -376 9 0 -3 0 0 0 0 -4 -4 -2 -36 -9 2 -1 -1 0 -322 -81 2 30 30
1 30000 -367 85 1 5 0 0 0 0 -39 -22 -11 -394 -102 -1 4 2 0 -807 -177 52 57 57
1 29999 -365 27 -2 -4 0 0 0 0 -13 -7 -6 0 -2 -1 -1 -1 0 -201 -41 17 13 13
1 30000 -369 9 2 -1 0 0 0 0 -5 -2 -1 13 3 3 4 0 0 90 24 3 -10 -10
1 30000 -362 28 0 2 0 -1 -1 0 -14 -5 -4 4 5 -2 -4 1 0 587 150 -1 -56 -56
1 30001 -366 53 -1 -1 0 0 0 0 -27 -9 -9 -35 -5 -1 -2 2 0 866 222 1 -84 -84
1 30001 -385 46 -1 0 0 0 0 0 -24 -5 -7 -132 -31 1 -2 -2 0 839 222 13 -86 -86
1 29999 -369 110 3 1 0 0 0 0 -59 -4 -18 -499 -132 -1 1 -2 0 126 54 38 -27 -27
1 30000 -353 117 1 0 0 0 0 0 -62 7 -19 -224 -71 2 3 3 0 -824 -163 83 46 46
1 30000 -353 -8 -2 -3 0 0 0 0 4 0 1 -72 -22 -3 0 0 0 -361 -81 21 26 26
1 30000 -371 -33 -2 3 0 0 0 0 18 -4 5 -107 -31 2 -2 -3 0 -213 -43 19 12 12
1 30000 -373 -29 3 -2 0 0 0 0 15 -1 5 -249 -66 0 2 3 0 -154 -20 34 2 2
1 29999 -356 -32 -2 1 0 0 0 0 17 -2 5 -215 -65 2 -1 1 0 -506 -110 35 35 35
1 30000 -370 65 0 -2 0 0 0 0 -35 4 -10 -370 -101 -2 2 -3 0 -988 -217 66 69 69
1 34237 -412 -125 -3 -135 0 -1425 0 -2 67 -5 -53 -24 -8 1 -3 0 0 -198 -41 18 12 12
1 30472 -372 -226 2 -2 0 0 0 0 116 20 42 -19 -5 -2 1 1 0 -46 -8 7 2 2
1 33999 -410 -110 0 133 0 1415 0 2 51 42 81 -43 -10 1 0 -2 0 -88 -19 7 6 6
1 30000 -375 -25 3 1 0 0 0 0 11 8 3 -111 -29 -2 0 1 -1 -494 -119 14 43 43
1 29999 -363 15 -4 0 0 0 0 0 -7 -5 -1 -272 -74 2 3 1 1 -1098 -260 41 92 92
1 30001 -354 25 2 1 0 0 0 0 -10 -8 -4 -176 -49 -1 -3 -1 0 -871 -212 24 76 76
1 30001 -348 -12 -1 0 0 0 0 0 5 4 2 -480 -133 1 0 1 -1 -1172 -263 74 88 88
1 29999 -368 3 -2 1 0 0 0 0 -1 -1 0 -154 -50 1 3 0 1 -788 -180 45 62 62
1 30000 -346 9 3 0 0 0 0 0 -4 -3 -2 -131 -36 -2 -1 1 0 154 54 25 -26 -26
1 30001 -351 13 0 -2 0 0 0 0 -6 -4 -2 -212 -58 2 -2 -2 0 366 110 28 -48 -48
1 29998 -352 -41 -2 2 0 0 0 0 18 13 6 -47 -16 0 5 -1 0 -516 -122 24 43 43
1 30001 -339 -29 1 -1 0 0 0 0 12 10 4 -6 -1 1 -4 1 -1 -480 -121 6 46 46
1 30000 -335 -33 -1 1 0 0 0 0 13 12 4 -23 -4 0 -1 0 0 -365 -93 3 36 36
1 34232 -416 142 9 125 0 1396 -1 -2 -62 -20 38 -139 -36 -3 1 -1 0 -576 -142 15 53 53
1 31480 -393 132 1 -108 0 -1405 -1 2 -65 -51 -67 -287 -81 1 0 1 0 -502 -108 42 35 35
1 30817 -343 -50 -10 -16 0 0 0 0 27 6 -2 -165 -47 1 2 0 0 -294 -58 35 16 16
1 30000 -331 -77 1 -1 0 0 0 0 37 18 11 -115 -33 0 -2 0 0 -335 -74 26 24 24
1 29998 -331 -83 0 0 0 0 0 0 37 25 12 -115 -32 -2 0 0 0 -325 -73 21 25 25
1 30000 -334 -54 -4 0 0 0 0 0 22 19 7 -198 -55 1 1 -1 0 -281 -64 20 22 22
1 30001 -315 31 4 -1 0 0 0 0 -13 -11 -4 -862 -241 0 -2 2 0 -667 -111 123 21 21
1 29999 -333 84 -3 1 0 0 0 0 -36 -27 -11 -79 -33 0 1 -2 0 44 39 54 -25 -25
1 30001 -329 16 2 0 0 0 0 0 -7 -5 -3 -4 -5 3 2 1 0 84 28 11 -13 -13
1 29999 -350 17 -1 1 0 0 0 0 -8 -4 -2 -35 -9 -1 -3 1 0 -199 -49 6 18 18
1 30001 -324 -41 0 -3 0 0 0 0 19 11 5 -766 -213 -1 1 0 0 -2356 -575 85 214 214
1 30000 -352 -44 1 2 0 0 0 0 19 14 7 -119 -43 -2 0 -1 0 -3392 -863 58 339 339
1 30000 -344 45 0 -1 0 -2 1 0 -20 -14 -6 -305 -91 2 0 1 0 -1074 -262 43 100 100
1 29999 -363 110 0 2 0 0 0 0 -52 -26 -17 -198 -57 -1 1 -1 0 -301 -57 48 15 15
1 30000 -350 131 2 -1 0 0 0 0 -68 -19 -21 -667 -192 0 -1 2 0 -714 -150 83 47 47
1 30000 -361 114 -3 2 0 0 0 0 -61 -3 -17 -288 -87 -1 2 1 0 -1738 -424 78 162 162
1 30000 -350 82 1 2 0 0 0 0 -43 5 -14 -111 -38 1 -1 -3 0 -1408 -358 32 145 145
1 30000 -363 45 -1 -5 0 0 0 0 -24 6 -7 -234 -69 1 -3 -2 0 -1203 -301 41 120 120
1 30000 -353 10 0 0 0 0 0 0 -5 2 -2 -136 -40 -1 1 1 0 -1052 -267 26 109 109
1 30002 -365 23 0 0 0 0 0 0 -12 3 -3 -177 -51 0 1 0 0 -1101 -279 33 113 113
1 29998 -358 -23 0 3 0 0 0 0 12 -4 3 -66 -22 1 1 -1 0 -916 -233 23 97 97
1 30001 -375 -46 1 -6 0 0 0 0 23 -6 8 -119 -31 -1 -2 3 0 -514 -130 16 53 53
1 34235 -425 -146 -1 -127 0 -1392 0 -2 78 -7 -48 -305 -86 0 -1 0 -1 -820 -198 48 78 78
1 30469 -377 -202 -1 -1 0 0 0 0 106 15 36 -22 -9 0 0 -1 1 -858 -221 20 93 93
1 34178 -414 -91 2 130 0 1409 0 2 43 32 79 -171 -48 2 3 1 0 -622 -157 20 65 65
1 30000 -372 -20 0 1 0 0 0 0 9 6 4 -225 -63 -2 -1 -1 0 -831 -206 40 84 84
1 29999 -361 22 -2 3 0 0 0 0 -9 -6 -3 -52 -19 -3 -1 0 -1 -925 -240 17 103 103
1 30002 -375 69 0 -2 0 0 0 0 -33 -18 -10 -194 -54 4 2 0 0 -757 -190 31 79 79
1 29998 -365 6 0 -2 0 0 0 0 -3 -2 -2 -98 -30 0 0 2 0 -762 -194 26 82 82
1 30002 -365 13 0 3 0 0 0 0 -6 -2 -2 -94 -24 0 -1 -2 0 -483 -124 12 54 54
1 29998 -360 8 0 -1 0 0 0 0 -4 -2 -1 -69 -21 0 1 3 0 -496 -125 19 53 53
1 30000 -382 -21 1 0 0 0 0 0 10 5 3 -43 -10 0 -2 -3 0 -358 -92 10 40 40
1 30000 -354 -35 -1 0 0 0 0 0 17 8 5 -47 -13 1 4 2 0 -318 -82 10 35 35
1 30001 -363 -15 2 0 0 0 0 0 7 4 2 -17 -3 -3 -2 -2 0 -253 -66 4 29 29
1 30000 -360 -27 -2 0 0 0 0 0 13 7 4 -96 -25 1 -1 1 0 -241 -61 9 26 26
1 29999 -349 -74 1 -2 0 0 -1 0 31 23 11 -141 -40 -2 -2 -1 0 -523 -131 25 55 55
1 30002 -349 -52 -1 2 0 0 0 0 21 19 7 -62 -18 1 7 2 0 -635 -163 19 72 72
1 29998 -361 -20 2 -1 0 0 0 0 8 7 3 -133 -37 3 -5 -2 0 -477 -121 19 52 52
1 30000 -341 -34 -2 -2 0 0 0 0 11 14 4 -190 -54 -1 39 2 0 -600 -153 24 66 66
1 30002 -348 -28 1 3 0 0 0 0 10 12 3 -138 -41 0 -38 -3 0 -900 -229 34 100 100
1 29998 -355 -9 -2 2 0 0 0 0 3 4 1 -85 -26 1 2 2 0 -669 -172 22 76 76
1 30000 -347 -18 3 -4 0 0 0 0 5 7 2 -520 -144 -1 -2 -1 0 -526 -129 38 54 54
1 30001 -338 -3 -2 2 0 0 0 0 1 2 0 -316 -102 -1 4 0 0 -2034 -516 95 226 226
1 30000 -328 15 1 0 0 0 0 0 -5 -6 -2 -948 -276 0 -3 1 0 -2386 -601 138 264 264
1 30000 -337 1 -1 0 0 0 0 0 0 -1 0 -10 -16 1 -2 1 0 23 22 51 -18 -18
1 34883 -420 171 10 123 0 1387 0 -2 -65 -38 33 -3 -4 1 0 0 0 717 197 12 -96 -96
1 30714 -374 228 -1 -101 0 -1393 0 2 -109 -77 -75 -12 -1 -1 0 -1 -1 423 116 4 -56 -56
1 30816 -356 -34 -12 -22 0 0 0 0 19 3 -7 -825 -233 0 3 -1 1 261 90 63 -52 -52
1 29999 -356 -36 1 3 0 0 0 0 18 7 6 -143 -55 0 -1 2 -1 -1946 -498 96 222 222
1 30002 -337 17 3 -2 0 0 0 0 -9 -4 -3 -2 -6 0 -2 -3 0 -1036 -277 17 131 131
1 29998 -338 0 -1 -1 0 0 0 0 0 0 0 -12 -3 -1 3 3 0 -416 -112 4 53 53
1 30002 -360 0 1 0 0 0 0 0 0 0 0 -19 -3 2 0 -3 0 -346 -93 4 45 45
1 29999 -330 61 0 4 0 0 0 0 -31 -9 -9 -287 -81 0 1 2 0 -523 -135 23 62 62
1 30001 -346 40 -1 -2 0 0 0 0 -21 -5 -7 -212 -65 -1 -3 -1 0 -1987 -527 51 251 251
1 29998 -348 16 1 2 0 0 0 0 -8 -1 -2 -409 -120 -1 2 -1 0 -1450 -382 48 182 182
1 30000 -341 78 2 -1 0 0 0 0 -42 -2 -13 -625 -188 -1 1 2 0 -1154 -283 123 124 124
1 30000 -353 74 -2 -2 0 0 0 0 -40 2 -11 -73 -30 1 -3 0 0 -2165 -581 44 287 287
1 34059 -403 -92 -1 -133 0 -1403 0 -2 49 -3 -57 -157 -47 1 -1 1 0 -1025 -275 27 137 137
1 30941 -347 -230 -3 -2 0 0 0 0 119 18 41 -88 -26 0 1 0 0 -1097 -294 25 148 148
1 33941 -379 -87 4 130 1 1397 0 2 41 33 77 -106 -32 -1 1 -1 0 -806 -217 18 110 110
1 30001 -343 25 -1 4 0 0 0 0 -11 -7 -2 -989 -284 3 1 -1 0 -1769 -472 64 237 237
1 29999 -320 7 0 0 0 0 0 0 -3 -2 -2 -416 -137 -2 1 -4 0 -3399 -901 171 457 457
1 30001 -315 78 2 -1 0 0 0 0 -38 -18 -11 -204 -68 -2 0 6 0 -1428 -385 50 202 202
1 29999 -320 110 0 1 0 0 0 0 -56 -18 -17 -191 -60 0 0 -1 0 -76 -15 35 4 4
1 30000 -303 153 0 0 0 0 0 0 -82 -5 -24 -454 -131 5 1 1 0 -53 -2 70 -8 -8
1 30001 -288 104 -1 -2 0 0 0 0 -55 9 -17 -155 -52 -2 -3 1 0 1362 387 59 -217 -217
1 29999 -290 74 -1 2 0 0 0 0 -37 12 -10 -200 -60 -1 0 0 0 866 246 29 -136 -136
1 30000 -278 -47 1 -4 0 0 0 0 23 -8 6 -223 -66 0 -2 -1 -1 1056 300 35 -165 -165
1 30000 -277 -118 0 -1 0 0 0 0 62 -12 17 -629 -181 1 1 -1 0 1403 408 92 -229 -229
1 30000 -270 -76 -1 2 0 0 0 0 41 -2 12 -133 -48 0 0 3 0 1080 314 64 -174 -174
1 30000 -271 -100 0 -2 -1 0 -54 0 53 7 16 -210 -66 0 1 -3 0 449 133 37 -75 -75
1 30000 -284 -103 -1 1 0 0 0 0 53 17 16 -306 -87 0 2 1 0 1102 317 45 -172 -172
1 30000 -288 -96 0 4 0 0 0 0 46 24 15 -217 -68 -5 -3 1 0 1433 412 52 -220 -220
1 30000 -288 -114 -1 -1 0 0 0 0 48 37 15 -417 -128 6 8 -2 0 426 137 76 -81 -81
1 30001 -301 -108 3 -1 0 0 0 0 37 44 12 -403 -123 -1 -5 -1 0 -280 -60 78 20 20
1 30000 -296 23 -3 3 0 0 0 0 -7 -9 -2 -861 -255 -1 -2 2 0 -901 -235 78 110 110
1 30000 -330 184 0 -1 0 0 0 0 -72 -67 -22 -807 -262 -1 2 -2 0 -1483 -372 202 165 165
1 30000 -327 136 -1 0 0 0 0 0 -64 -34 -20 -317 -110 1 2 0 0 749 236 109 -138 -138
1 30000 -321 80 1 -1 0 0 0 0 -42 -11 -13 -339 -103 1 1 2 0 1697 491 45 -261 -261
1 29999 -332 75 -1 3 0 0 0 0 -39 -7 -12 -748 -224 0 -1 -2 0 2715 798 116 -425 -425
1 30000 -328 -46 1 -2 1 0 -1 0 24 4 7 -430 -143 1 0 2 0 3327 977 111 -505 -505
1 30000 -334 -79 -1 -1 0 0 0 0 42 9 11 -242 -82 1 3 -2 0 1779 525 65 -268 -268
1 30001 -335 -24 -1 0 0 0 0 0 12 5 4 -523 -161 -2 0 1 0 1223 374 84 -195 -195
1 29999 -337 -55 1 -2 0 0 0 0 27 10 8 -353 -114 1 -3 -3 0 1052 328 89 -173 -173
1 30001 -341 45 1 -1 0 0 0 0 -23 -9 -6 -602 -187 -1 1 0 -1 -378 -78 101 22 22
1 29999 -330 40 0 2 0 0 0 0 -20 -7 -6 -364 -120 1 -2 5 0 -2281 -627 98 289 289
1 30001 -327 134 0 3 0 0 0 0 -70 -12 -21 -696 -210 -3 1 -2 1 -1110 -301 65 139 139
1 30000 -341 84 -2 1 0 0 0 0 -45 1 -12 -311 -110 1 1 -1 0 2444 745 138 -387 -387
1 30000 -342 -33 1 -3 0 0 0 0 17 -1 5 -210 -69 1 -1 2 -1 2067 612 45 -303 -303
1 30000 -355 -82 1 -1 0 0 0 0 44 1 12 -309 -98 -1 5 -2 0 637 199 48 -103 -103
1 30000 -349 -15 -3 -1 -1 -1 0 0 8 1 2 -502 -158 2 0 0 0 1321 414 97 -213 -213
1 30000 -359 50 1 3 0 0 0 0 -26 -2 -8 -164 -55 -1 -4 0 0 826 259 59 -132 -132
1 30000 -342 5 0 -1 0 0 0 0 -3 0 -1 -253 -80 0 4 2 0 84 38 41 -25 -25
1 30000 -346 -26 0 -1 0 0 0 0 14 0 4 -102 -34 2 -2 0 0 -850 -234 41 104 104
1 30000 -359 20 -1 -1 0 0 0 0 -11 0 -3 -58 -17 -1 -3 -1 0 -405 -113 15 51 51
1 30000 -359 37 2 2 0 0 0 0 -20 0 -4 -40 -12 -1 2 -1 0 -65 -15 13 5 5
1 30000 -362 -39 0 1 0 0 0 0 21 0 6 -93 -36 3 19 0 0 141 46 14 -24 -24
1 30000 -355 -129 -2 -3 0 0 0 0 68 12 19 -563 -160 -4 -15 0 0 -453 -113 60 44 44
1 30000 -349 -126 0 2 0 0 0 0 63 25 20 -319 -104 0 -3 2 0 -777 -200 86 81 81
1 30000 -350 -76 2 0 0 0 0 0 34 22 10 -135 -47 0 1 -2 -1 -639 -170 54 73 73
1 30001 -368 113 -5 2 1 1 0 0 -52 -30 -15 -965 -294 1 -3 0 0 1167 382 127 -203 -203
1 30000 -378 101 5 -1 0 0 0 0 -51 -19 -16 -195 -72 0 4 0 0 4866 1463 95 -703 -703
1 29999 -353 118 -3 0 0 0 0 0 -62 -10 -19 -183 -61 2 6 0 0 3953 1183 49 -546 -546
1 30001 -370 45 1 -2 0 0 0 0 -25 0 -6 -22 -7 0 -10 1 0 3000 892 18 -400 -400
1 29999 -365 4 0 1 0 0 0 0 -2 0 -1 -30 -11 -1 4 -3 0 1228 366 10 -162 -162
1 30000 -360 2 -2 0 0 0 0 0 -1 0 0 -30 -6 -2 23 3 0 651 195 8 -86 -86
1 30000 -365 -13 4 1 0 0 0 0 7 0 2 -36 -12 3 -26 -1 0 525 158 7 -70 -70
1 30000 -360 -22 -2 -1 0 0 0 0 12 0 2 -7 2 0 0 0 -1 368 112 6 -49 -49
1 30000 -364 -22 -1 1 0 0 0 0 12 1 4 -28 -7 -2 1 -1 1 183 55 3 -24 -24
1 30001 -351 -31 4 -2 0 0 0 0 16 1 5 -78 -20 0 -2 2 -1 431 132 13 -60 -60
1 19999 -240 -18 -2 0 0 -1 0 0 10 1 3 -36 -13 -1 1 -1 0 484 148 11 -65 -65
1 20001 -234 -22 -5 2 0 0 0 0 12 2 3 -50 -14 0 3 0 0 417 126 7 -56 -56
1 19999 -238 -30 5 -1 0 0 0 0 15 4 5 -96 -27 2 2 0 0 759 232 19 -102 -102
1 20001 -229 -24 0 1 0 0 0 0 13 3 4 -127 -40 -1 -3 -1 0 1017 307 14 -133 -133
1 19999 -242 -56 -3 1 0 0 0 0 29 10 8 -178 -51 0 -2 0 0 1362 416 30 -180 -180
1 20000 -217 -36 2 -2 0 0 0 0 17 7 5 -178 -60 0 1 1 0 1573 479 29 -205 -205
1 20000 -221 24 -2 -1 0 0 0 0 -12 -5 -3 -86 -27 0 1 0 0 2283 695 39 -293 -293
1 20000 -224 38 0 3 0 0 0 0 -18 -7 -6 -24 -8 -2 3 1 0 2000 598 12 -244 -244
1 20000 -227 32 2 0 0 0 0 0 -17 -5 -5 -11 -5 2 -2 0 0 1423 425 7 -172 -172
1 20001 -225 13 0 -2 0 0 0 0 -7 -2 -1 0 1 2 -1 -2 0 986 294 3 -117 -117
1 19999 -218 30 0 0 0 0 0 0 -16 -4 -5 -172 -52 -2 -2 1 0 719 219 11 -89 -89
1 20002 -214 63 -2 0 0 0 0 0 -33 -5 -10 -226 -70 -1 1 -1 -1 1813 558 39 -227 -227
1 19999 -198 46 -1 -2 0 0 0 0 -25 -1 -7 -182 -69 -1 -3 2 0 1065 339 45 -140 -140
1 20000 -205 57 3 4 0 0 0 0 -30 1 -8 -144 -26 3 3 -2 0 -133 -23 31 2 2
1 19999 -216 68 0 -5 0 0 0 0 -37 6 -10 -204 -57 -1 -3 2 0 -875 -244 31 89 89
1 24235 -248 3 4 -125 10 -1396 0 -2 -1 4 -69 -353 -104 -1 2 -2 0 -3637 -1049 66 401 401
1 21001 -243 -130 1 -5 0 0 0 0 68 -11 17 -127 -42 0 -3 0 0 -6878 -2030 43 820 820
1 21410 -247 -135 -2 1 0 0 0 0 72 4 23 -139 -47 -1 1 2 0 -5547 -1641 33 691 691
1 21497 -238 -128 0 21 0 205 1 0 64 19 35 -138 -39 1 1 2 0 -2659 -783 25 338 338
1 19504 -223 19 2 113 -1 1198 -1 2 -9 7 51 -530 -161 -1 -3 -2 0 1078 340 45 -158 -158
1 19999 -244 -3 -3 -1 0 0 0 0 2 0 -1 -250 -83 3 0 -2 0 3402 1057 95 -474 -474
1 20001 -226 -25 4 -2 0 0 0 0 11 6 4 -97 -36 -1 7 2 0 -1616 -468 38 194 194
1 20000 -245 -44 -1 2 0 0 0 0 21 12 7 -114 -37 -2 -5 -2 0 -1702 -500 26 213 213
1 20002 -245 -47 -3 1 0 0 0 0 21 15 6 -105 -35 3 -3 1 0 -1283 -373 29 159 159
1 19997 -246 -57 3 -2 0 0 0 0 23 19 8 -50 -17 -2 5 1 0 -609 -176 18 74 74
1 20000 -246 -68 -2 -1 0 0 0 0 25 26 8 -66 -18 1 -2 1 -1 265 85 13 -40 -40
1 20001 -225 -85 1 1 0 0 0 0 27 36 9 -170 -49 -1 3 -5 0 1176 361 21 -163 -163
1 20002 -258 -59 1 1 0 0 0 0 15 28 5 -171 -55 0 -4 4 1 3450 1056 43 -465 -465
1 19998 -250 13 -1 0 0 0 0 0 -3 -6 -1 -90 -30 0 2 -3 -1 4238 1287 27 -548 -548
1 19999 -247 34 0 0 0 0 0 0 -9 -16 -3 -26 -9 2 -2 2 0 1163 355 12 -150 -150
1 20000 -229 58 1 2 0 0 0 0 -17 -25 -5 -186 -56 -1 1 -1 0 167 59 17 -27 -27
1 20003 -237 64 -1 -1 0 0 0 0 -22 -26 -8 -114 -37 0 0 2 0 1217 382 33 -163 -163
1 19999 -243 30 -1 -1 0 0 0 0 -11 -12 -4 -173 -49 -1 0 -1 0 1493 466 33 -197 -197
1 20000 -238 -11 0 0 0 0 0 0 4 4 1 -138 -38 1 0 0 0 2423 744 27 -303 -303
1 24940 -284 95 9 124 1 1399 0 -2 -40 -6 43 -136 -42 -2 -1 0 0 3077 946 33 -380 -380
1 20472 -234 139 -4 3 0 0 0 0 -63 -40 -13 -250 -69 3 1 -1 0 2037 629 24 -248 -248
1 24644 -280 186 4 -125 8 -1407 0 2 -98 -44 -89 -1239 -368 -2 -3 0 0 3777 1237 172 -505 -505
1 20000 -207 155 -3 2 0 0 0 0 -82 6 -24 -712 -232 0 4 0 0 15 100 171 -71 -71
1 20000 -231 138 2 -3 0 0 0 0 -69 24 -22 -650 -218 -1 -1 3 0 -987 -234 120 64 64
1 20000 -227 114 -5 3 0 0 0 0 -51 31 -14 -263 -104 1 2 -2 0 -2212 -609 123 207 207
1 20000 -235 104 4 -1 0 0 0 0 -41 37 -12 -474 -154 -1 -3 1 0 -1863 -533 72 190 190
1 20001 -237 38 -5 -1 0 0 0 0 -13 15 -3 -119 -51 3 0 1 0 -1257 -343 81 117 117
1 19999 -212 -56 5 -1 0 0 0 0 20 -22 4 -181 -65 -1 1 0 0 -685 -190 40 67 67
1 20001 -229 -62 -3 -2 0 0 0 0 24 -22 6 -190 -63 -2 -1 -1 0 -769 -217 40 77 77
1 20000 -218 -125 -1 1 0 0 0 0 55 -36 17 -807 -231 2 7 0 0 -485 -124 50 39 39
1 20000 -218 -52 -1 2 0 0 0 0 25 -12 8 -277 -75 0 -6 -2 -1 1054 408 163 -192 -192
1 20000 -205 -15 2 -2 0 0 0 0 7 -2 3 -389 -88 0 -2 5 0 2613 850 77 -345 -345
1 20000 -202 -101 0 2 0 0 0 0 52 -14 15 -240 -48 0 -2 -1 1 2686 863 57 -340 -340
1 20000 -193 -84 0 -2 0 0 0 0 44 -6 13 -129 -30 -2 4 -3 0 2473 795 50 -308 -308
1 19999 -201 -74 -1 1 0 0 0 0 41 2 10 -300 -67 1 -4 2 -1 3037 969 44 -366 -366
1 20000 -185 -37 -1 -1 0 0 0 0 19 2 7 -312 -78 1 3 1 0 2870 935 70 -351 -351
1 20001 -191 21 2 -3 0 0 0 0 -12 -2 -3 -603 -147 -1 -1 -1 1 2801 921 79 -342 -342
1 20507 -205 -12 -5 1 0 -3 -33 0 7 1 1 -407 -106 2 2 1 -1 3082 1026 100 -377 -377
1 20788 -207 50 2 5 0 0 0 0 -26 -3 -7 -360 -107 -1 -2 0 0 2625 886 98 -321 -321
1 20002 -200 71 -1 -5 0 0 0 0 -39 1 -11 -214 -67 0 0 -1 0 1657 564 66 -203 -203
1 19999 -200 73 0 1 0 0 0 0 -38 5 -12 -455 -142 -1 0 3 0 1142 402 64 -147 -147
1 20000 -179 41 -3 0 0 0 0 0 -21 5 -6 -1134 -314 3 0 0 0 932 407 166 -170 -170
1 20000 -188 66 3 0 0 0 0 0 -34 11 -9 -784 -234 -2 -1 0 0 1102 474 182 -194 -194
1 19999 -173 19 -1 1 0 0 0 0 -9 5 -2 -332 -93 -2 1 -1 0 1282 510 145 -195 -195
1 20000 -157 24 0 0 0 0 0 0 -11 5 -4 -261 -81 2 1 2 0 2914 990 90 -335 -335
1 20000 -174 92 -3 4 0 0 0 0 -42 24 -11 -601 -176 -2 11 -1 0 2552 865 71 -286 -286
1 20000 -160 27 2 -4 0 0 0 0 -12 9 -3 -994 -278 1 -11 0 0 1572 656 204 -247 -247
1 20002 -164 14 0 1 0 0 0 0 -6 4 -1 -1165 -342 -1 14 0 0 1454 606 183 -224 -224
1 19999 -164 -134 -1 2 0 0 0 0 60 -38 17 -2619 -753 2 -12 2 0 1302 664 315 -269 -269
1 19999 -149 -182 0 -5 0 0 0 0 92 -28 25 -1204 -406 1 0 -1 0 2941 1336 480 -500 -500
1 20000 -166 -155 -4 2 0 0 0 0 84 1 23 -2227 -705 0 0 2 0 4603 1771 321 -579 -579
1 20000 -151 -90 -2 -2 0 0 0 0 47 9 13 -1850 -638 0 0 0 0 3856 1740 546 -603 -603
1 18799 -147 -41 -4 2 -1 1 -41 -4 22 7 6 -334 -187 -1 9 -2 0 4384 1712 283 -524 -524
1 19895 -168 -31 -3 -2 0 0 -94 0 15 6 4 -134 -90 -1 -10 2 -1 4983 1794 136 -498 -498
1 21306 -203 -22 -3 -1 1 -1 -54 4 12 5 1 -113 -62 1 -1 0 0 3622 1264 50 -332 -332
1 20002 -195 29 5 5 0 0 0 0 -15 -6 -1 -274 -107 -1 4 -2 1 2649 958 70 -254 -254
1 19998 -218 37 -3 0 0 0 0 0 -18 -7 -7 -736 -244 1 -3 0 -1 2246 852 98 -230 -230
1 20000 -197 -51 0 1 0 0 0 0 25 10 9 -2682 -833 0 1 2 0 2198 1142 398 -362 -362
1 20000 -178 -88 -2 -1 0 0 0 0 42 23 11 -1359 -430 -2 4 0 0 1869 1088 443 -354 -354
1 20000 -188 -90 2 2 0 0 0 0 39 29 10 -482 -153 1 -3 0 0 1923 894 225 -256 -256
1 20001 -206 -140 1 -5 0 0 0 0 48 56 15 -1082 -341 1 1 1 0 875 562 250 -184 -184
1 20000 -182 -187 -3 3 0 0 0 0 41 91 13 -1009 -275 0 3 1 0 854 619 308 -207 -207
1 19999 -188 3417 -3 3 0 0 0 0 10 97 4 -730 -234 1 -1 4 0 873 507 192 -155 -155
1 20000 -174 -192 3 -5 0 0 0 0 -23 98 -5 -433 -146 0 1 1 0 516 353 162 -114 -114
1 20001 -167 -100 1 2 0 0 0 0 -26 47 -6 -202 -74 0 -1 -2 0 374 215 79 -65 -65
1 20000 -170 -58 -5 0 0 0 0 0 -19 24 -6 -230 -79 0 2 3 0 414 222 71 -64 -64
1 19999 -150 -67 2 -8 0 0 0 0 -25 25 -1 -107 -48 -2 -4 -1 0 430 211 56 -59 -59
1 20001 -169 -39 -4 7 0 0 0 0 -15 15 -8 -195 -62 0 1 1 0 479 217 44 -57 -57
1 20000 -163 -48 2 -4 0 0 0 0 -21 15 -3 -301 -101 4 0 -1 0 639 268 40 -67 -67
1 18802 -166 -8 -3 4 0 -3 -42 -4 -3 3 -4 -225 -70 0 1 2 -1 613 301 78 -82 -82
1 19937 -181 20 -3 10 0 0 -99 0 9 -4 0 -205 -67 -2 -3 -3 0 1057 455 74 -114 -114
1 23496 -214 110 8 112 0 1404 -29 2 44 -22 -31 -445 -142 0 8 3 0 978 442 87 -113 -113
1 20470 -185 156 -4 3 0 0 0 0 48 -64 23 -776 -254 -3 -5 3 0 1611 712 126 -178 -178
1 20882 -216 -19 2 2 0 0 0 0 -5 9 -3 -2790 -866 1 5 6 0 2349 1223 344 -329 -329
1 20473 -206 -61 -4 4 0 0 0 0 -17 26 -12 -2233 -754 2 0 4 0 7234 3509 777 -867 -867
1 22644 -240 205 -1 1 0 0 0 0 47 -94 30 -1078 -374 0 8 2 0 11207 4632 442 -959 -959
1 20883 -218 -3337 1 0 0 0 0 0 2 -135 30 -84 -38 1 -9 0 0 7318 2888 155 -540 -540
1 20471 -203 285 -2 -3 0 0 0 0 -69 -136 11 -127 -27 0 0 -1 0 4639 1794 66 -318 -318
1 21049 -202 364 0 -22 1 -189 0 0 -168 -108 -31 -1426 -452 -1 1 4 -1 4558 2019 245 -382 -382
1 19423 -207 39 33 -102 63 -1209 -2 2 -25 -19 -55 -805 -273 1 2 -3 0 3025 1372 180 -257 -257
1 9999 -112 -72 1 3 0 0 0 0 38 8 12 -451 -169 0 -1 3 0 1081 547 103 -107 -107
1 10001 -122 -74 1 -3 0 0 0 0 37 13 10 -462 -158 1 4 -2 0 1284 686 146 -137 -137
1 10000 -106 -14 -4 4 0 0 0 0 8 3 2 -265 -100 0 -1 3 0 1759 835 125 -155 -154
1 9997 -96 -52 1 -6 0 0 0 0 24 12 7 -996 -356 1 -3 3 0 1746 848 135 -156 -157
1 10003 -121 -87 5 0 0 0 0 0 38 26 13 -529 -200 -3 2 5 0 1718 916 185 -176 -175
1 10000 -123 -97 0 1 0 0 0 0 37 36 12 -576 -223 2 3 -2 -1 2419 1202 197 -217 -217
1 9997 -122 -115 2 -10 0 0 0 0 36 47 10 -563 -208 -2 -2 3 1 2695 1278 173 -219 -220
1 10004 -128 -97 -2 9 0 0 0 0 23 48 10 -343 -140 1 -1 -1 -1 2116 1021 145 -174 -174
1 9996 -117 -53 -4 0 0 0 0 0 9 27 1 -203 -80 0 6 1 0 1967 896 97 -145 -145
1 10002 -119 -85 1 -1 0 0 0 0 9 44 5 -192 -91 0 -4 2 0 1842 824 79 -131 -131
1 10000 -124 3535 -1 1 0 0 0 0 2 35 0 -190 -76 1 6 2 0 1422 626 54 -96 -96
1 10000 -123 -50 -1 2 0 0 0 0 -1 27 -1 -150 -65 1 -1 8 0 1287 589 63 -93 -93
1 9998 -114 -65 1 -1 0 0 0 0 -5 34 0 -151 -65 1 -2 -3 0 1067 497 57 -78 -78
1 10001 -117 -41 -3 5 0 0 0 0 -5 22 -3 -152 -61 -2 3 -2 0 1119 512 53 -79 -79
1 10000 -109 -59 1 -3 0 0 0 0 -10 29 -3 -223 -91 2 4 2 0 864 412 51 -65 -65
1 9999 -112 -43 3 1 0 0 0 0 -10 21 -1 -68 -31 -2 -4 4 0 987 444 41 -67 -67
1 10003 -123 -20 -6 2 0 0 0 0 -3 10 -4 -8 -6 -1 -1 0 -1 745 342 35 -52 -52
1 9999 -117 -20 1 -7 0 0 0 0 -6 8 1 -89 -37 1 0 0 0 646 282 21 -41 -42
1 9999 -133 -37 3 7 0 0 0 0 -11 18 -4 -55 -27 4 3 2 0 679 289 18 -41 -40
1 10002 -101 -37 -2 -2 0 0 0 0 -12 15 -4 -130 -49 -1 -7 -3 -1 442 227 35 -36 -36
1 10000 -130 -20 1 -3 0 0 0 0 -6 8 0 -60 -25 0 4 3 1 670 300 26 -44 -44
1 9999 -123 -8 2 -1 0 0 0 0 -3 3 -1 -77 -35 -4 -1 3 0 522 245 28 -37 -37
1 9998 -109 -5 -3 -7 0 0 0 0 -1 1 1 -28 -16 3 -2 0 -1 561 256 25 -38 -38
1 10002 -128 -8 1 11 0 0 0 0 -4 5 -3 -51 -15 1 0 2 1 415 181 12 -25 -25
1 10001 -116 -20 -1 -1 0 0 0 0 -6 8 -2 -44 -22 -2 3 -1 -1 405 188 21 -28 -28
1 10000 -127 -21 1 -7 0 0 0 0 -9 6 1 -22 -11 -1 -2 3 0 408 174 10 -24 -24
1 10000 -116 -32 -2 4 0 0 0 0 -12 12 -6 -75 -28 0 1 3 0 363 156 9 -22 -22
1 9999 -118 0 2 3 0 0 0 0 0 1 -1 2 -4 1 0 -3 0 275 143 23 -23 -23
1 14186 -191 0 7 102 0 1409 0 -2 -1 16 -42 -85 -34 -1 1 4 0 570 235 10 -31 -31
1 10873 -128 64 4 22 0 0 0 0 23 -19 5 -31 -13 1 3 3 0 145 83 16 -14 -14
1 10470 -140 92 -5 3 0 0 0 0 31 -35 16 3 -1 1 1 -1 0 373 167 14 -24 -24
1 10471 -142 73 0 -2 0 0 0 0 19 -32 13 -49 -17 0 -5 4 0 362 150 6 -20 -20
1 10471 -138 86 3 1 0 0 0 0 17 -40 13 -32 -12 -1 10 4 -1 236 114 14 -17 -17
1 10527 -129 91 -1 1 0 0 0 0 11 -45 13 -27 -12 -1 -6 1 0 407 173 10 -23 -23
1 10473 -153 -3511 -2 3 0 0 0 0 3 -45 12 2 0 3 1 -1 0 246 112 10 -16 -16
1 10471 -135 86 1 -2 0 0 0 0 -5 -45 9 -20 -8 -3 -2 6 0 276 111 3 -14 -14
1 10471 -142 89 -3 -1 0 0 0 0 -11 -46 6 -19 -13 1 -1 2 0 273 118 8 -17 -17
1 10467 -141 89 0 0 0 0 0 0 -18 -44 2 -21 -3 0 5 3 0 365 153 7 -20 -20
1 10473 -134 93 3 -1 0 0 0 0 -27 -43 1 4 1 0 -1 1 -1 337 136 3 -18 -18
1 10471 -152 107 1 4 0 0 0 0 -38 -43 -3 -22 -8 1 -1 -2 0 204 83 3 -11 -11
1 5028 -65 40 2 0 0 0 0 0 -18 -13 2 0 -1 -1 -2 1 0 138 62 5 -8 -8
1 5216 -71 50 -3 -1 0 0 0 0 -20 -18 -6 2 1 1 2 2 0 245 95 0 -12 -12
1 7184 -104 69 -2 -1 0 0 0 0 -33 -20 -4 -6 -2 -2 5 1 0 104 45 3 -6 -6
1 5169 -69 65 2 3 0 0 0 0 -31 -15 -7 5 3 1 -6 -4 0 139 56 2 -7 -7
1 7757 -102 74 -2 -19 1 -224 -1 0 -38 -17 -18 9 3 2 -4 5 0 5 7 3 -2 -2
1 9414 -137 50 0 -102 7 -1178 0 2 -27 -22 -59 -35 -13 -1 9 2 0 168 66 1 -8 -8
1 5171 -61 21 4 -6 0 0 0 0 -11 -2 -8 -2 -2 -2 7 -5 -1 140 57 1 -7 -7
1 4976 -77 14 -2 -2 0 0 0 0 -7 -1 -5 0 0 3 -12 3 0 512 200 1 -25 -25
1 5174 -65 6 2 1 0 0 0 0 -4 0 2 -12 -3 -1 3 -2 0 -140 -53 1 6 6
1 5527 -70 5 -3 -1 0 0 0 0 -2 0 -3 1 -2 1 -2 0 0 99 45 4 -6 -6
1 5173 -68 3 -4 -2 0 0 0 0 -1 -1 -1 -10 1 3 5 1 0 144 61 4 -8 -8
1 4983 -70 2 5 3 0 0 0 0 -2 1 1 0 -2 -5 -3 -2 0 154 63 1 -8 -8
1 5126 -67 2 -3 -1 0 0 0 0 0 0 -2 5 1 1 -3 4 0 194 72 -1 -9 -9
1 5109 -68 0 5 -2 0 0 0 0 -1 0 1 -2 -1 -1 10 -1 0 29 17 3 -3 -3
1 5152 -65 12 -3 1 0 0 0 0 -6 0 -2 -20 -6 2 -9 -1 0 93 37 1 -5 -5
1 5079 -68 12 3 1 0 0 0 0 -7 0 -1 -1 -1 -2 -2 0 0 174 73 3 -9 -9
1 5167 -70 8 -5 -1 0 0 0 0 -3 -1 -5 2 1 0 5 0 0 111 49 4 -7 -7
1 5229 -73 -1 3 -1 0 0 0 0 -1 1 4 -2 -1 2 20 -2 -1 201 75 -2 -9 -9
1 5095 -64 11 2 -2 0 0 0 0 -5 0 -5 1 0 -1 -26 2 0 106 43 2 -5 -5
1 5179 -73 7 -4 -1 0 0 0 0 -4 0 0 1 2 0 7 4 0 138 57 2 -7 -7
1 4975 -74 6 1 2 0 0 0 0 -3 0 -1 7 2 -2 -5 -4 0 120 41 -3 -5 -5
1 5618 -73 10 1 5 0 0 0 0 -5 0 0 4 3 3 -1 2 0 75 34 3 -5 -5
1 5173 -75 1 -2 -2 0 0 0 0 -1 1 0 -2 -2 0 1 0 0 -36 -12 1 2 2
1 5107 -63 7 2 -2 0 0 0 0 -4 1 -1 -1 -2 -3 1 -4 0 22 8 -1 -1 -1
1 5098 -79 5 -2 0 0 0 0 0 -2 -1 -2 -13 -1 4 0 6 0 -63 -24 1 3 3
1 5120 -63 2 4 -3 0 0 0 0 -2 0 0 -5 -2 -1 -2 -7 0 136 56 1 -8 -8
1 5167 -73 5 -3 -1 0 0 0 0 -2 0 -4 -3 -1 -1 3 -3 0 43 21 4 -3 -3
1 5091 -59 4 -3 3 0 0 0 0 -2 1 3 3 1 0 2 3 0 247 100 2 -12 -12
1 5171 -77 10 2 2 0 0 0 0 -5 1 -3 -3 0 1 38 -2 0 86 33 0 -4 -4
1 5111 -64 1 2 -2 0 0 0 0 -1 0 1 -1 -1 -2 -40 -2 -1 12 6 1 -1 -1
1 5109 -66 8 -2 2 0 0 0 0 -4 1 -1 -2 1 0 -4 1 1 150 58 0 -7 -7
1 5169 -78 6 1 0 0 0 0 0 -3 0 -1 -2 0 1 3 -1 -1 12 8 2 -2 -2
1 5111 -64 3 2 -2 0 0 0 0 -2 0 -2 -5 -2 1 4 -7 0 69 28 0 -3 -3
1 7688 -105 7 0 0 0 0 0 0 -3 1 -3 -4 -1 -2 -6 0 0 40 19 2 -3 -3
1 5171 -75 1 -3 1 0 0 0 0 -2 0 5 -1 1 3 3 0 0 87 38 3 -5 -5
1 4973 -61 2 3 -1 0 0 0 0 0 0 -3 -4 -2 0 0 -6 0 -5 -5 -2 1 1
1 5820 -76 6 -4 -2 0 0 0 0 -3 1 -1 -3 -1 0 1 0 0 299 123 5 -16 -16
1 5225 -67 -7 4 0 0 0 0 0 3 -1 1 -3 0 -1 -4 -1 0 -32 -14 -1 2 2
1 5086 -74 11 -10 1 0 0 0 0 -4 1 -4 -8 -2 -2 5 -4 0 -47 -14 2 1 1
1 5178 -60 -6 9 2 0 0 0 0 1 0 7 -5 0 1 -1 2 0 26 12 1 -1 -1
1 7278 -95 11 -7 -1 0 0 0 0 -5 1 -3 -2 -2 -1 -5 -4 0 0 6 4 -2 -2
1 5232 -63 2 6 0 0 0 0 0 -1 0 -3 -7 -2 0 2 -1 -1 96 41 2 -5 -5
1 5172 -74 6 -5 2 0 0 0 0 -3 1 2 -3 0 -1 10 -2 0 14 10 3 -2 -2
1 5083 -59 10 1 -6 0 0 0 0 -5 1 -5 4 0 3 -11 -1 0 16 7 1 -1 -1
1 5171 -79 12 4 8 0 0 0 0 -6 1 -1 -3 1 0 4 -2 0 91 37 0 -4 -4
1 5224 -64 11 -1 -5 0 0 0 0 -5 2 -5 2 1 -2 1 2 0 -35 -12 1 1 1
1 5096 -68 3 -8 5 0 0 0 0 -3 2 10 -7 -2 1 -4 -3 0 36 15 1 -2 -2
1 5177 -71 7 10 -5 0 0 0 0 -3 0 -9 -6 1 -1 -2 -2 0 65 21 -2 -2 -2
1 4984 -66 7 -5 2 0 0 0 0 -3 1 1 -6 -3 -1 3 -2 0 30 21 5 -4 -4
1 5635 -63 0 3 0 0 0 0 0 -1 0 2 -5 -2 3 1 -1 0 -13 -2 2 0 0
1 5186 -77 17 -9 -2 0 0 0 0 -7 2 -7 -12 -2 -3 -3 -6 0 143 56 1 -7 -7
1 4976 -62 1 10 0 0 0 0 0 -3 1 5 -11 -4 4 -2 1 -1 -38 -12 1 1 1
1 5069 -66 27 -2 2 0 0 0 0 -10 4 -12 -3 -3 -1 2 0 1 26 18 4 -3 -3
1 5233 -73 8 0 3 0 0 0 0 -6 3 8 -19 -5 -2 0 -4 -1 37 20 4 -3 -3
1 5176 -62 11 2 -4 0 0 0 0 -5 2 -7 4 4 3 1 -1 0 82 35 2 -4 -4
1 5093 -68 16 -4 4 0 0 0 0 -8 4 3 -18 -7 -2 -2 6 0 66 31 3 -5 -5
1 5173 -71 10 -1 -3 0 0 0 0 -4 2 -4 -18 -6 -4 -3 -8 0 17 13 4 -2 -2
1 5109 -63 17 7 0 0 0 0 0 -9 4 -3 -9 -2 3 7 -4 0 26 15 3 -2 -2
1 5105 -74 13 3 1 0 0 0 0 -5 4 -2 -3 0 0 -7 3 0 104 48 4 -7 -7
1 5170 -65 14 -9 -3 0 0 0 0 -6 3 -3 -22 -6 0 5 -4 0 1 7 4 -2 -2
1 4983 -67 17 10 6 0 0 0 0 -7 5 -3 -84 -27 3 3 -4 0 81 36 3 -5 -5
1 5631 -80 28 -10 -1 0 0 0 0 -11 7 -8 -100 -27 1 -1 0 0 14 34 16 -7 -7
1 5179 -74 20 11 -3 0 0 0 0 -11 8 5 -102 -40 -3 -8 0 0 -48 11 18 -4 -4
1 4971 -62 33 -5 0 0 0 0 0 -11 10 -13 -177 -77 -3 -1 -6 0 -2 36 21 -9 -9
1 5092 -72 25 -1 9 0 0 0 0 -13 10 16 -34 14 4 2 0 0 55 99 46 -20 -20
1 7889 -127 8 -21 -28 0 0 0 0 -2 3 -11 -41 -13 0 1 -6 0 -70 14 24 -6 -6
1 6015 -95 17 23 -3 0 0 0 0 -5 7 -14 -25 -7 0 -2 -2 -1 283 142 19 -21 -21
1 4967 -68 28 -3 27 0 0 0 0 -10 9 9 23 6 -2 6 1 0 -69 -7 12 -1 -1
1 5171 -36 67 -188 7 0 0 0 0 -18 27 76 -21 1701 1 -7 1 1 447 178 2 -22 -22
