version: 66.14
glider: 195
mission: 21
dive: 355
start: 7 7 105 16 49 34
columns: rec,elaps_tms,depth,heading,pitch,roll,AD_pitch,AD_roll,AD_vbd,GC_phase,mag.x,mag.y,mag.z,sbect.TempFreq,sbect.CondFreq,wlbb2fl.sig470nm,wlbb2fl.sig700nm,wlbb2fl.sig695nm,wlbb2fl.temp,aa4330.O2,aa4330.AirSat,aa4330.Temp,aa4330.CalPhase,aa4330.TCPhase,
data:
0 17614 0 606 -521 -13 154 2055 816 6 153 -311 -98 172985 135626 N N N N 249418 98139 25805 29155 30561
1 9999 0 -168 -25 97 0 0 0 0 29 32 -35 433 22 N N N N -1639 -207 246 -22 -22
1 10001 5 214 -152 -162 0 0 0 0 -42 -24 -10 175 -26 N N N N -1337 -191 190 -13 -13
1 10000 -15 116 194 25 0 0 0 0 -23 -33 103 -427 11 N N N N 2102 43 -442 76 76
1 9999 23 -104 -101 -99 0 0 0 0 27 37 -109 511 -25 N N N N 471 127 -33 -8 -8
1 10001 -22 -6 52 56 0 0 0 0 3 -11 34 -612 11 N N N N -964 -102 155 -17 -17
1 8653 11 -124 10 188 -1 0 19 -4 14 3 23 -21 16 N N N N 949 216 -88 -8 -8
1 10115 4 140 -8 -150 -1 2 261 0 -22 -12 -2 -410 -20 N N N N -451 175 197 -56 -56
1 9965 24 -67 -151 -69 0 -3 250 0 0 40 -91 207 -11 N N N N -863 -272 39 24 24
1 10016 6 47 96 -91 1 2 247 0 4 0 5 411 -3 N N N N -2626 196 699 -148 -148
1 9945 30 -222 -13 281 -1 0 240 0 24 5 16 -134 -2 N N N N 370 415 151 -73 -73
1 10038 40 23 -220 -42 -1 0 266 0 -47 8 -52 -362 -11 N N N N 780 373 34 -47 -47
1 9995 49 -59 78 17 1 0 268 0 19 12 -2 562 -8 N N N N 66 91 36 -17 -17
1 9998 90 397 46 -286 -1 1 269 0 -30 -51 50 -764 -27 N N N N 102 71 17 -10 -10
1 15895 312 -196 -10 128 654 -3 208 -1 28 28 -24 -125 -14 N N N N -13 16 12 -4 -4
1 8914 213 -165 331 155 1796 1 85 1 86 17 109 -6 -1 N N N N -67 -16 6 1 1
1 9329 154 -4 148 -33 1 1 427 1 11 4 48 1 -2 N N N N 11 5 0 -1 -1
1 15667 243 -70 -4 129 -9 1403 49 1 24 31 30 14 0 N N N N -59 -19 3 1 1
1 10470 153 -175 4 -1 0 0 0 0 39 72 -42 -12 -3 N N N N 31 17 3 -2 -2
1 10000 187 -134 4 -7 0 0 0 0 16 68 -15 4 -1 N N N N 8 5 1 -1 -1
1 10413 196 3425 5 3 0 0 0 0 -5 90 -14 -7 -3 N N N N -116 -45 0 5 5
1 10000 190 -170 10 11 0 0 0 0 -31 84 -3 1 -1 N N N N 59 27 2 -3 -3
1 10471 195 -148 -8 -1 0 0 0 0 -45 63 3 1 -2 N N N N -23 -8 1 1 1
1 12068 212 -162 -2 -95 54 -1423 3 0 -66 56 54 -1 -1 N N N N -56 -22 0 2 2
1 9777 148 -103 30 -36 -1 -1 0 2 -51 20 39 -1 0 N N N N -1 -1 0 0 0
1 10801 152 -71 4 -17 0 0 0 0 -35 6 24 -3 0 N N N N -1 -3 -2 1 1
1 10001 142 -23 2 9 0 0 0 0 -12 4 0 3 -1 N N N N 22 8 0 -1 -1
1 9999 129 -1 15 0 0 0 0 0 -3 0 1 -4 -1 N N N N -57 -22 0 2 2
1 10000 136 4 -9 3 0 0 0 0 4 0 -2 -1 0 N N N N -94 -37 1 4 4
1 10000 154 -8 -7 1 0 0 0 0 -3 1 0 2 -1 N N N N -71 -27 1 3 3
1 10000 130 -8 1 -5 0 0 0 0 -4 -1 6 1 -2 N N N N 45 18 -1 -2 -2
1 10000 162 -39 12 -6 0 0 0 0 -23 2 7 1 1 N N N N 5 1 0 0 0
1 10002 143 -73 -4 4 0 0 0 0 -37 1 10 3 0 N N N N 87 35 0 -4 -4
1 9998 169 -1 2 0 0 0 0 0 0 -1 1 -1 -1 N N N N -53 -22 0 3 3
1 10000 162 -7 -1 -4 0 0 0 0 -2 -2 7 -2 -1 N N N N -99 -40 0 4 4
1 10000 140 -29 0 3 0 0 0 0 -16 0 1 3 -1 N N N N -159 -65 -1 7 7
1 10002 152 -29 0 0 0 0 0 0 -15 -2 4 -6 -3 N N N N 147 59 0 -6 -6
1 9998 161 -16 4 0 0 0 0 0 -9 -2 2 -5 0 N N N N -80 -31 1 3 3
1 10000 116 -43 15 -12 0 0 0 0 -24 -8 12 -1 -1 N N N N -7 0 1 0 0
1 10000 108 -80 -21 17 0 0 0 0 -34 -11 5 18 2 N N N N 79 34 1 -4 -4
1 10001 155 -78 1 -1 0 0 0 0 -36 -18 13 -15 -2 N N N N -122 -53 -1 6 6
1 9999 135 -66 6 1 0 0 0 0 -28 -20 8 2 -2 N N N N -57 -22 0 2 2
1 12888 173 -54 -10 -123 0 -1338 1 -2 -18 -57 51 14 1 N N N N 129 49 -2 -5 -5
1 10819 158 6 7 1 0 0 0 0 0 3 -2 41 6 N N N N -135 -56 -1 7 7
1 20000 271 147 -8 1 0 0 0 0 63 47 -10 64 8 N N N N 2 -34 -19 7 7
1 20000 276 124 -8 -6 0 0 0 0 59 27 -13 193 33 N N N N -98 -90 -29 15 15
1 20000 290 114 2 4 0 0 0 0 57 16 -18 179 38 N N N N -486 -302 -60 44 44
1 19999 265 -76 -5 6 0 0 0 0 -37 -7 9 1072 287 N N N N -845 -501 -92 72 72
1 20001 240 271 17 0 0 0 0 0 134 7 -46 1541 371 N N N N -4766 -2692 -453 385 386
1 20471 238 152 -2 8 0 0 0 0 73 -23 -33 1171 299 N N N N -5410 -2789 -378 397 396
1 20002 233 79 11 -7 0 0 0 0 33 -21 -10 924 294 N N N N -5415 -2588 -274 367 367
1 20421 242 279 -2 31 1 210 1 -1 90 -104 -57 1174 346 N N N N -4395 -2367 -398 374 374
1 19578 215 -3258 2 87 -8 1171 -1 3 18 -174 -22 793 170 N N N N -6990 -2990 -168 424 423
1 19999 216 158 4 -11 0 0 0 0 -28 -78 7 1034 318 N N N N -6045 -2830 -317 449 450
1 20000 194 -53 9 2 0 0 0 0 12 25 4 515 214 N N N N -3036 -1521 -234 260 260
1 20001 211 -155 -4 1 0 0 0 0 20 79 -9 136 77 N N N N -2967 -1298 -106 208 208
1 20001 222 3401 -3 -2 0 0 0 0 -7 104 3 178 70 N N N N -2215 -941 -62 151 151
1 19998 211 -176 8 2 0 0 0 0 -37 84 15 884 235 N N N N -1820 -849 -105 147 147
1 20001 224 -252 1 1 0 0 0 0 -93 92 28 827 263 N N N N 7462 2481 -252 -315 -315
1 19999 219 -182 1 -4 0 0 0 0 -88 35 27 407 181 N N N N 2962 863 -176 -89 -89
1 20001 214 -96 10 2 0 0 0 0 -51 8 15 2243 720 N N N N -2068 -1095 -208 199 199
1 24236 270 -50 -7 -114 0 -1386 1 -2 -24 -25 63 2284 769 N N N N -5886 -3254 -708 626 626
1 20000 209 177 -21 3 0 0 0 0 94 -5 -33 4070 1038 N N N N -8899 -4396 -777 854 854
1 19999 173 264 -8 1 0 0 0 0 117 -58 -55 1117 585 N N N N -10433 -4699 -660 935 935
1 20636 190 253 3 130 -9 1376 0 2 72 -100 -68 2363 672 N N N N -4255 -2027 -379 443 443
1 20834 181 108 23 -17 0 0 0 0 15 -55 10 3078 1107 N N N N 325 -856 -765 319 319
1 19999 155 82 2 0 0 0 0 0 4 -43 -1 305 285 N N N N 277 -484 -459 189 189
1 20002 157 10 4 -1 0 0 0 0 0 -5 2 1113 361 N N N N -1009 -615 -207 159 159
1 19998 158 -13 6 3 0 0 0 0 0 7 3 2547 734 N N N N -2388 -1381 -437 358 358
1 20000 171 -98 2 -2 0 0 0 0 -6 51 3 1666 618 N N N N -5643 -2493 -444 587 587
1 20000 152 -85 -3 2 0 0 0 0 -12 43 3 1561 575 N N N N -5306 -2369 -467 587 587
1 19999 176 -48 3 1 0 0 0 0 -11 23 4 2473 774 N N N N -4398 -1885 -341 475 475
1 20001 167 -60 -5 0 0 0 0 0 -14 28 2 2728 825 N N N N -3995 -1972 -563 557 557
1 20002 149 -143 -7 -5 0 0 0 0 -47 58 12 1990 698 N N N N -5110 -2398 -649 690 690
1 19998 160 -69 5 0 0 0 1 0 -28 23 9 686 237 N N N N -8761 -3236 -343 849 849
1 20000 154 6 3 -1 0 0 0 0 2 -2 1 207 134 N N N N -7176 -2553 -212 690 690
1 20000 131 1 -5 6 0 0 0 0 1 0 -3 320 115 N N N N -5794 -1994 -114 548 548
1 20001 139 69 0 -7 0 0 0 0 27 -24 -7 777 183 N N N N -4483 -1562 -117 449 449
1 19999 122 61 1 4 0 0 0 0 22 -23 -7 242 75 N N N N -4437 -1529 -105 449 449
1 20002 141 131 -5 1 0 0 0 0 37 -58 -12 743 169 N N N N -4487 -1526 -87 457 457
1 19997 127 116 3 3 0 0 0 0 21 -57 -6 1079 240 N N N N -3967 -1421 -176 458 458
1 20002 128 -3445 -3 -9 0 0 0 0 8 -81 -4 882 340 N N N N -2385 -931 -212 327 327
1 19998 142 165 2 8 0 0 0 0 -17 -85 6 555 150 N N N N -3378 -1223 -188 417 417
1 24001 153 15 -7 119 -10 1386 2 -2 -3 -3 18 463 215 N N N N -3888 -1349 -149 458 458
1 20001 156 -156 4 -5 0 0 0 0 19 77 -20 557 160 N N N N -2472 -874 -124 309 309
1 19999 130 3490 -9 -1 0 0 0 0 0 56 -15 371 268 N N N N -2984 -1033 -126 366 366
1 20001 140 -57 0 2 0 0 0 0 -6 29 -5 2329 378 N N N N -3261 -1204 -261 460 460
1 20001 116 -78 5 1 0 0 0 0 -11 40 -1 640 327 N N N N -3737 -1344 -266 519 519
1 19999 135 -124 3 0 0 0 0 0 -30 59 -3 776 275 N N N N -4870 -1631 -178 616 616
1 23889 157 -157 -7 -125 0 -1392 0 2 -54 60 50 716 241 N N N N -8126 -2645 -205 1024 1024
1 20814 121 -80 9 5 0 0 0 0 -34 25 12 409 123 N N N N -4543 -1468 -113 592 592
1 20002 114 -81 3 -3 0 0 0 0 -38 19 13 748 195 N N N N -3207 -1038 -92 431 431
1 19999 124 -47 -1 0 0 0 0 0 -23 9 6 321 140 N N N N -5094 -1642 -149 702 702
1 20002 112 -15 5 0 0 0 0 0 -8 3 3 329 105 N N N N -4901 -1536 -62 665 665
1 19998 119 16 0 1 0 0 0 0 8 -3 -2 316 102 N N N N -4255 -1336 -69 599 599
1 19999 113 8 3 -1 0 0 0 0 4 -1 -1 401 106 N N N N -2839 -905 -90 424 424
1 20002 119 5 0 0 0 0 0 0 2 -1 -1 637 147 N N N N -2827 -896 -84 427 427
1 19998 113 12 -2 3 0 0 0 0 6 -2 -3 666 189 N N N N -1539 -511 -118 258 258
1 20001 134 -2 -3 -1 0 0 0 0 0 0 1 595 187 N N N N 64 -18 -111 28 28
1 25354 126 155 -22 -119 -1 -1364 1 -2 72 -52 19 486 130 N N N N 724 161 -174 -46 -46
1 20979 142 211 7 37 4 208 2 -1 72 -73 -47 84 101 N N N N -2229 -723 -144 365 365
1 19021 101 143 22 82 19 1166 -1 3 30 -65 -18 129 45 N N N N -1498 -460 -24 223 223
1 19999 111 142 7 1 0 0 0 0 11 -74 -3 93 36 N N N N -1064 -329 -23 162 162
1 20001 122 -3522 5 2 0 0 0 0 -3 -41 3 329 58 N N N N -871 -272 -29 137 137
1 19999 115 131 3 -2 0 0 0 0 -16 -67 5 686 147 N N N N -828 -274 -84 148 148
1 20000 134 105 3 -1 0 0 0 0 -25 -50 7 188 96 N N N N -1531 -495 -118 262 262
1 20000 125 46 -2 0 0 0 0 0 -13 -20 2 219 92 N N N N -1407 -438 -52 226 226
1 20001 132 -9 -1 1 0 0 0 0 3 4 0 227 84 N N N N -898 -273 -16 140 140
1 20001 134 -67 0 -1 0 0 0 0 18 30 -4 487 125 N N N N -621 -208 -81 117 117
1 20000 124 -140 -1 1 0 0 0 0 27 69 -7 155 71 N N N N -111 -53 -72 38 38
1 24999 144 3401 -17 118 -8 1381 0 -2 7 106 -17 -12 35 N N N N 362 90 -69 -35 -35
1 20000 122 -134 3 1 0 0 0 0 -17 68 -8 261 53 N N N N 123 28 -34 -9 -9
1 20000 122 -151 0 0 0 0 0 0 -39 70 -3 271 104 N N N N -349 -117 -49 67 67
1 23059 150 -246 -81 -120 -77 -1395 0 2 -90 82 41 1195 186 N N N N -1233 -399 -121 221 221
1 19999 145 -177 28 5 0 0 0 0 -87 29 37 138 139 N N N N -958 -313 -114 177 177
1 20001 149 -193 8 -1 0 0 0 0 -99 3 35 316 105 N N N N -484 -158 -56 89 89
1 19999 145 -175 2 0 0 0 0 0 -85 -27 30 148 69 N N N N -113 -50 -69 36 36
1 20001 143 -170 1 -1 0 0 0 0 -72 -48 24 81 40 N N N N -161 -53 -22 31 31
1 19999 151 -218 -1 -1 0 0 0 0 -66 -88 23 177 55 N N N N -14 -12 -32 11 11
1 20000 137 -178 -2 -1 0 0 0 0 -28 -87 9 498 118 N N N N -44 -21 -35 16 16
1 20001 132 -110 -1 2 0 0 0 0 -4 -55 0 197 73 N N N N 571 147 -83 -63 -63
1 20001 128 -80 6 -3 0 0 0 0 4 -41 -4 20 29 N N N N 784 221 -38 -108 -108
1 19998 128 -77 -3 2 0 0 0 0 9 -38 -2 164 45 N N N N 491 147 9 -76 -76
1 26355 151 22 12 -119 37 -1362 0 -2 -7 -25 -24 456 110 N N N N 756 202 -78 -90 -90
1 20353 107 148 0 -1 0 0 0 0 -11 72 18 433 111 N N N N 1389 381 -98 -177 -177
1 20351 106 153 2 0 0 0 0 0 9 76 14 101 60 N N N N 1651 457 -94 -213 -213
1 20411 115 146 1 2 0 0 0 0 28 70 7 199 49 N N N N 1184 335 -39 -158 -158
1 20413 108 184 -1 -3 0 0 0 0 58 75 -2 237 86 N N N N 1271 355 -52 -166 -166
1 20354 110 213 0 0 0 0 0 0 92 63 -16 296 71 N N N N 1186 334 -42 -154 -154
1 20291 125 221 0 -1 0 0 0 0 111 29 -29 595 137 N N N N 1296 351 -82 -155 -155
1 20354 120 209 2 1 0 0 0 0 105 -10 -38 172 99 N N N N 2469 690 -84 -313 -313
1 20356 112 192 1 -1 0 0 0 0 86 -43 -36 132 59 N N N N 2375 674 -46 -306 -306
1 20877 120 214 1 36 1 221 1 -1 71 -77 -48 134 66 N N N N 1477 416 -34 -185 -185
1 19534 123 144 1 87 -8 1150 -1 3 27 -67 -29 290 52 N N N N 1133 333 13 -154 -154
1 20000 117 94 2 0 0 0 0 0 7 -49 -1 150 59 N N N N 1647 463 -37 -203 -203
1 19999 118 -3534 6 -1 0 0 0 0 0 -35 2 42 36 N N N N 1304 367 -28 -159 -159
1 20001 128 23 -3 -1 0 0 0 0 -1 -12 0 22 24 N N N N 1076 314 5 -140 -140
1 20000 124 -21 0 2 0 0 0 0 1 11 0 82 23 N N N N 841 228 -38 -94 -94
1 19999 133 3539 1 -5 0 0 0 0 0 32 0 216 47 N N N N 691 191 -22 -80 -80
1 20001 125 -80 2 0 0 0 0 0 -5 42 4 245 65 N N N N 967 255 -59 -100 -100
1 39999 265 -169 -2 3 0 0 0 0 -31 83 8 351 117 N N N N 2553 702 -83 -288 -288
1 46175 319 -295 -13 2 -10 -6 0 0 -105 110 27 344 127 N N N N 2954 809 -93 -326 -326
1 40000 271 -150 9 -5 0 0 0 0 -72 31 27 179 49 N N N N 2115 593 -34 -240 -240
1 40001 294 -126 3 3 0 0 0 0 -65 10 19 238 66 N N N N 1353 365 -50 -142 -142
1 40000 277 -8 1 0 0 0 0 0 -4 0 2 188 52 N N N N 885 233 -44 -87 -87
1 39999 299 -155 1 -1 0 0 0 0 -80 -7 23 517 131 N N N N 1226 307 -91 -108 -108
1 40001 292 -274 -3 1 0 0 0 0 -125 -61 38 138 57 N N N N 1782 478 -64 -181 -181
1 45412 360 120 -14 -120 -1 -1373 0 -2 55 0 37 187 63 N N N N 573 140 -47 -47 -47
1 40001 321 427 -1 4 0 0 0 0 213 39 -64 395 96 N N N N 3211 882 -65 -337 -337
1 40000 343 393 3 -3 0 0 0 0 165 -98 -76 212 72 N N N N 696 165 -65 -51 -51
1 46060 390 333 5 121 -9 1374 0 2 55 -157 -51 106 37 N N N N -1489 -427 -7 168 168
1 39998 345 -3482 4 -5 0 0 0 0 -6 -62 4 288 65 N N N N 662 176 -24 -64 -64
1 40001 339 85 0 -2 0 0 0 0 -12 -43 3 172 48 N N N N 1729 471 -36 -178 -178
1 39999 355 -83 -2 1 0 0 0 0 13 42 -3 134 46 N N N N 910 232 -51 -79 -79
1 40001 356 3382 1 3 0 0 0 0 -1 114 0 256 69 N N N N -636 -205 -47 88 88
1 46127 396 -375 0 -10 23 5 0 0 -99 165 37 -41 4 N N N N -1463 -428 -24 171 171
1 40813 344 -293 14 9 0 0 0 0 -139 64 40 -80 -43 N N N N -7815 -2206 12 882 882
1 40002 343 -220 -1 0 0 0 0 0 -114 -1 33 30 -1 N N N N -10000 -2831 3 1199 1199
1 39998 332 -223 4 5 0 0 0 0 -107 -43 28 -86 -19 N N N N -2862 -812 -5 359 359
1 40001 313 -148 3 -1 0 0 0 0 -59 -49 15 -10 -21 N N N N -9737 -2754 13 1263 1263
1 40000 326 -135 -1 -1 0 0 0 0 -42 -56 11 83 8 N N N N -7090 -2010 -8 977 977
1 43705 343 173 -15 -116 -1 -1369 0 -2 60 34 29 57 11 N N N N -9798 -2778 -18 1431 1431
1 40000 314 450 -2 1 0 0 0 0 211 96 -45 268 63 N N N N -5028 -1430 -38 780 780
1 39999 297 446 -2 -3 0 0 0 0 209 -73 -79 128 64 N N N N 1598 444 -45 -238 -238
1 45766 320 400 10 120 -8 1377 0 2 85 -176 -65 178 38 N N N N 2651 745 -17 -400 -400
1 39999 316 -3424 6 -3 0 0 0 0 -9 -92 4 214 63 N N N N 3344 937 -33 -490 -490
1 40000 279 69 1 -3 0 0 0 0 -11 -35 5 126 39 N N N N 1162 323 -24 -165 -165
1 40002 293 131 -4 5 0 0 0 0 -32 -61 7 60 20 N N N N -2020 -575 -21 303 303
1 39999 298 158 1 0 0 0 0 0 -57 -61 14 99 25 N N N N -3712 -1049 -18 561 561
1 43999 331 -218 -14 119 -10 1381 -1 -2 74 94 3 148 57 N N N N -2945 -837 -37 460 460
1 40002 309 3218 3 0 0 0 0 0 31 189 -47 58 21 N N N N -439 -128 -27 74 74
1 41289 323 -414 -7 -135 -1 -1386 0 2 -112 180 50 91 21 N N N N -261 -76 -14 43 43
1 40826 303 -333 12 17 0 0 0 0 -162 59 47 91 18 N N N N 135 37 -9 -19 -19
1 40000 294 -254 0 -7 0 0 0 0 -130 -22 38 55 18 N N N N 681 189 -14 -102 -102
1 40000 300 -216 2 9 0 0 0 0 -94 -57 25 65 20 N N N N -66 -21 -13 13 13
1 40001 295 -149 0 -2 0 0 0 0 -50 -58 14 103 24 N N N N -720 -205 -15 115 115
1 39999 289 -133 2 -4 0 0 0 0 -32 -62 7 77 24 N N N N -199 -58 -16 34 34
1 45061 348 285 -18 -114 1 -1370 -1 -2 87 85 24 194 46 N N N N -698 -201 -32 116 116
1 40000 302 454 0 0 0 0 0 0 215 90 -50 273 78 N N N N -1051 -302 -45 173 173
1 40000 313 442 0 -1 0 0 0 0 204 -77 -82 90 36 N N N N -3147 -886 -31 505 505
1 41880 302 391 34 119 29 1371 -1 2 78 -176 -51 176 47 N N N N -2615 -736 -29 429 429
1 40002 273 -3356 4 -6 0 0 0 0 -21 -126 8 240 70 N N N N -1708 -482 -38 286 286
1 40000 275 -11 1 0 0 0 0 0 2 5 0 110 44 N N N N -703 -200 -32 122 122
1 39998 290 3392 -2 2 0 0 0 0 20 108 -5 66 23 N N N N -1101 -309 -15 185 185
1 40002 277 -282 -2 2 0 0 0 0 -38 142 11 99 31 N N N N -890 -250 -19 152 152
1 40000 288 -327 2 -1 0 0 -2 0 -125 116 33 157 38 N N N N 721 199 -23 -117 -117
1 40001 270 -312 0 -3 0 0 0 0 -160 32 42 95 37 N N N N 774 213 -27 -124 -124
1 40000 267 -330 -3 3 0 0 0 0 -159 -59 39 87 24 N N N N -110 -31 -13 20 20
1 39999 292 -363 3 -3 0 0 0 0 -111 -149 25 136 41 N N N N -764 -216 -29 131 131
1 39999 273 -332 1 0 0 0 0 0 -5 -167 -2 89 25 N N N N -205 -58 -15 37 37
1 45763 387 13 -68 -111 -89 -1378 0 -2 21 -30 10 94 31 N N N N -1614 -452 -22 274 274
1 40473 371 445 -2 -2 0 0 0 0 33 216 36 179 51 N N N N 1903 527 -36 -313 -313
1 40469 364 410 -1 2 0 0 0 0 157 141 -30 177 53 N N N N 1551 428 -33 -251 -251
1 40473 368 439 -1 -5 0 0 0 0 216 9 -83 193 54 N N N N -171 -51 -35 34 34
1 40776 362 411 29 126 44 1372 -2 2 146 -134 -96 136 42 N N N N -484 -138 -28 84 84
1 40809 311 213 16 -5 0 0 0 0 25 -109 0 166 45 N N N N -98 -29 -26 20 20
1 40001 318 -3492 1 -6 0 0 0 0 -3 -57 2 176 52 N N N N -285 -82 -29 52 52
1 39999 293 -46 0 2 0 0 0 0 3 24 -1 198 58 N N N N -1133 -317 -34 192 192
1 40001 301 3466 -3 2 0 0 0 0 -4 71 1 104 38 N N N N -351 -99 -30 63 63
1 39999 292 -192 1 -3 0 0 0 0 -33 95 12 94 28 N N N N 439 119 -18 -70 -70
1 40001 309 -255 -3 4 0 0 -1 0 -89 98 27 102 27 N N N N 698 192 -19 -112 -112
1 39999 297 -277 0 1 0 0 0 0 -134 50 40 109 32 N N N N 89 23 -19 -12 -12
1 40000 283 -329 0 -3 0 0 0 0 -166 -29 51 192 51 N N N N -145 -43 -31 29 29
1 40000 301 -293 -1 1 0 0 0 0 -115 -95 34 161 46 N N N N -813 -227 -29 138 138
1 40000 283 -182 2 3 0 0 0 0 -43 -82 10 148 45 N N N N -830 -232 -34 143 143
1 45355 365 159 -12 -117 0 -1370 -1 -2 38 36 22 202 60 N N N N 15 1 -41 3 3
1 40000 305 439 2 1 0 0 0 0 182 134 -31 171 57 N N N N -178 -52 -37 35 35
1 40000 314 454 -1 -3 0 0 0 0 226 -20 -77 29 15 N N N N -577 -160 -16 98 98
1 43530 352 480 -5 122 -7 1382 0 2 135 -189 -97 144 31 N N N N -493 -136 -11 84 84
1 40002 313 -3454 16 -3 0 0 0 0 2 -77 6 176 50 N N N N -360 -102 -33 64 64
1 39998 321 3534 -7 -2 0 0 0 0 2 35 -3 37 17 N N N N -298 -83 -17 52 52
1 40000 309 -230 6 1 0 0 0 0 -27 117 12 97 26 N N N N -103 -29 -11 19 19
1 40000 311 -283 0 2 0 0 0 0 -93 114 28 98 29 N N N N -74 -22 -22 15 15
1 40001 312 -245 -4 -1 0 0 0 0 -115 52 36 214 55 N N N N -153 -44 -28 30 30
1 46234 388 147 -9 -120 0 -1384 -1 -2 73 -41 27 130 43 N N N N -110 -32 -34 22 22
1 42059 342 444 0 120 -9 1376 0 2 148 -155 -103 125 37 N N N N -82 -24 -28 18 18
1 40000 327 132 10 0 0 0 0 0 13 -69 1 113 34 N N N N -96 -28 -20 19 19
1 40000 305 -88 -1 -1 0 0 0 0 -7 46 2 141 41 N N N N -125 -35 -21 23 23
1 40000 329 -131 -4 1 0 0 0 0 -24 65 7 173 43 N N N N 299 80 -29 -46 -46
1 40000 317 -107 0 1 0 0 0 0 -30 47 10 220 64 N N N N -483 -134 -34 85 85
1 39999 316 -231 2 -1 0 0 0 0 -92 77 30 191 57 N N N N -283 -80 -39 52 52
1 44117 363 4 -9 -119 0 -1382 -1 -2 3 -15 48 99 38 N N N N -217 -61 -33 41 41
1 42237 351 469 -11 123 -10 1381 -1 2 143 -176 -106 77 24 N N N N -278 -77 -18 49 49
1 40000 310 -3334 14 -5 0 0 0 0 -2 -139 6 86 23 N N N N -197 -54 -13 34 34
1 39999 323 184 2 0 0 0 0 0 -39 -89 13 181 45 N N N N 112 29 -22 -16 -16
1 40000 317 80 3 2 0 0 0 0 -25 -34 8 212 61 N N N N -109 -32 -37 23 23
1 40000 302 -96 -6 2 0 0 0 0 30 41 -10 244 72 N N N N -79 -23 -42 18 18
1 40001 308 -75 5 -4 0 0 0 0 18 35 -6 156 50 N N N N 47 10 -37 -3 -3
1 43528 348 3297 -17 119 -10 1390 0 -2 24 154 -20 174 60 N N N N -4 -3 -37 5 5
1 41469 333 -437 -5 -33 1 -215 0 -1 -111 199 8 254 73 N N N N 311 82 -45 -46 -46
1 38533 279 -271 34 -91 37 -1190 -2 3 -130 55 89 161 45 N N N N 304 81 -27 -47 -47
1 39998 290 -246 1 4 0 0 0 0 -127 -4 38 208 64 N N N N 89 22 -37 -10 -10
1 40002 276 -214 1 2 0 0 0 0 -101 -45 28 144 46 N N N N -200 -56 -32 37 37
1 40000 293 -249 1 -2 0 0 0 0 -88 -93 23 256 66 N N N N -115 -33 -35 24 24
1 39999 282 -292 -1 3 0 0 0 0 -43 -141 12 188 61 N N N N 351 92 -42 -53 -53
1 43648 320 47 -9 -118 0 -1366 0 -2 5 -14 5 73 29 N N N N 73 18 -27 -8 -8
1 40000 305 457 -6 2 0 0 0 0 115 202 11 142 36 N N N N 490 131 -24 -77 -77
1 40000 295 453 5 -3 0 0 0 0 218 75 -55 243 60 N N N N 345 91 -33 -52 -52
1 40470 317 412 -3 1 0 0 0 0 188 -80 -78 286 90 N N N N 725 191 -52 -111 -111
1 41823 287 355 4 121 -7 1387 -1 2 75 -159 -61 61 32 N N N N 1526 408 -27 -241 -241
1 39998 290 -3452 8 -3 0 0 0 0 -3 -78 3 107 29 N N N N 1078 289 -16 -169 -169
1 40002 281 4 2 1 0 0 0 0 -1 -2 0 159 43 N N N N 250 65 -22 -36 -36
1 39999 281 3499 0 -5 0 0 0 0 5 53 0 276 73 N N N N 220 55 -40 -29 -29
1 40000 265 -232 -3 1 0 0 0 0 -26 119 7 250 74 N N N N 616 162 -42 -90 -90
1 45353 326 -442 -12 5 -10 -9 -1 0 -165 154 47 117 52 N N N N 1099 290 -44 -165 -165
1 40001 281 -291 6 0 0 0 0 0 -149 15 48 156 37 N N N N 683 181 -19 -102 -102
1 40001 277 -203 -3 -6 0 0 0 0 -99 -34 32 183 52 N N N N 616 161 -30 -90 -90
1 40000 278 -168 4 1 0 0 0 0 -70 -51 20 316 89 N N N N 726 188 -54 -102 -102
1 40000 294 -178 2 2 0 0 0 0 -56 -72 15 250 69 N N N N 182 44 -38 -21 -21
1 43645 328 213 -17 -120 -1 -1373 -1 -2 72 48 26 173 58 N N N N -137 -41 -44 29 29
1 40000 295 461 -2 3 0 0 0 0 220 88 -56 124 40 N N N N 811 211 -37 -117 -117
1 40001 307 448 1 -3 0 0 0 0 202 -85 -88 108 32 N N N N 607 160 -17 -88 -88
1 44235 311 -3143 5 121 -9 1373 0 2 69 -216 -61 187 54 N N N N 565 146 -32 -79 -79
1 40002 289 283 1 2 0 0 0 0 -52 -139 18 188 45 N N N N -203 -57 -23 34 34
1 39999 297 138 5 -5 0 0 0 0 -49 -54 15 160 47 N N N N -199 -57 -33 36 36
1 40000 284 19 4 2 0 0 0 0 -8 -7 2 246 73 N N N N 677 175 -38 -94 -94
1 39999 303 -95 -1 -2 0 0 0 0 36 35 -10 36 26 N N N N 528 136 -26 -74 -74
1 45177 343 -323 -21 125 -10 1402 -1 -2 72 152 -21 175 52 N N N N 458 118 -32 -61 -61
1 40000 321 3168 -2 -1 0 0 0 0 -53 215 -27 232 52 N N N N -121 -36 -24 22 22
1 42999 302 -337 30 -121 30 -1415 -1 2 -140 106 92 202 61 N N N N -220 -64 -45 41 41
1 40001 292 -247 -1 -4 0 0 0 0 -127 16 39 233 69 N N N N 396 100 -37 -51 -51
1 39999 266 -275 4 2 0 0 0 0 -135 -44 39 97 36 N N N N 562 144 -27 -78 -78
1 40001 293 -272 1 -1 0 0 0 0 -99 -99 27 65 20 N N N N 498 130 -15 -70 -70
1 40000 268 -270 -2 3 0 0 0 0 -43 -129 12 131 34 N N N N 280 71 -19 -37 -37
1 45296 343 100 -7 -121 0 -1363 0 -2 10 11 12 201 53 N N N N 87 18 -33 -6 -6
1 39999 297 462 -8 5 0 0 0 0 145 189 -3 140 38 N N N N 116 26 -29 -11 -11
1 39999 308 474 5 -2 0 0 0 0 236 41 -68 184 46 N N N N 95 21 -29 -8 -8
1 43131 313 505 -9 136 -8 1377 -1 2 189 -153 -124 220 66 N N N N 293 71 -39 -35 -35
1 40810 300 -3302 16 -22 0 0 0 0 16 -155 6 254 73 N N N N 475 119 -45 -59 -59
1 40000 293 168 0 4 0 0 0 0 -27 -84 8 105 41 N N N N 422 106 -26 -56 -56
1 40001 290 36 0 1 0 0 0 0 -9 -17 2 169 44 N N N N 269 68 -19 -34 -34
1 39999 287 -179 -2 -3 0 0 0 0 34 88 -11 123 42 N N N N 367 91 -31 -46 -46
1 40000 298 3345 -2 0 0 0 0 0 -3 134 2 255 66 N N N N 282 69 -32 -33 -33
1 47294 352 -429 -25 5 -10 -2 -1 0 -130 177 31 53 32 N N N N 381 94 -35 -47 -47
1 40000 300 -320 18 -3 0 0 0 0 -160 42 58 88 15 N N N N 183 47 -9 -24 -24
1 40000 300 -225 2 1 0 0 0 0 -113 -23 35 225 56 N N N N -42 -16 -27 11 11
1 39998 315 -210 1 0 0 0 0 0 -91 -58 28 174 56 N N N N 403 99 -37 -49 -49
1 40002 314 -226 -2 -5 0 0 0 0 -68 -95 20 47 18 N N N N 177 44 -18 -21 -21
1 40000 311 -260 5 4 0 0 0 0 -28 -128 7 64 18 N N N N -13 -5 -10 4 4
1 44237 363 150 -14 -116 0 -1374 -1 -2 12 37 13 143 35 N N N N 91 20 -23 -8 -8
1 40352 339 458 -5 2 0 0 0 0 139 189 -5 256 68 N N N N 209 48 -38 -21 -21
1 40410 346 457 2 -2 0 0 0 0 225 50 -67 171 49 N N N N 291 69 -38 -33 -33
1 40354 361 409 -5 -2 0 0 0 0 171 -103 -83 149 41 N N N N 46 8 -25 -1 -1
1 41883 331 333 33 114 21 1381 0 2 53 -160 -36 226 54 N N N N 211 49 -31 -22 -22
1 39999 306 -3369 6 6 0 0 0 0 -25 -119 9 196 56 N N N N 343 83 -38 -40 -40
1 40001 335 159 -4 -2 0 0 0 0 -44 -72 11 91 30 N N N N 340 84 -20 -42 -42
1 40000 315 74 2 2 0 0 0 0 -28 -28 8 141 35 N N N N 305 76 -22 -38 -38
1 40002 327 -45 -1 0 0 0 0 0 18 16 -6 216 59 N N N N 394 96 -33 -47 -47
1 44233 367 -375 -17 116 -8 1389 -1 -2 77 180 -25 181 71 N N N N 680 168 -46 -82 -82
1 40354 339 3169 -2 -2 0 0 0 0 -69 211 -22 80 22 N N N N 588 148 -21 -76 -76
1 45647 374 -382 9 -115 0 -1394 -1 2 -170 98 95 166 37 N N N N 58 11 -22 -3 -3
1 39999 333 -276 1 -4 0 0 0 0 -142 -8 44 243 53 N N N N 281 68 -22 -33 -33
1 40000 333 -262 -1 1 0 0 0 0 -118 -64 34 205 63 N N N N 324 75 -45 -33 -33
1 40000 338 -226 4 3 0 0 0 0 -71 -91 18 102 34 N N N N -49 -17 -26 12 12
1 39999 334 -214 -2 0 0 0 0 0 -30 -105 8 117 30 N N N N 321 79 -19 -39 -39
1 45767 407 151 -12 -119 0 -1377 0 -2 21 36 17 187 46 N N N N 486 119 -32 -58 -58
1 40410 362 428 0 -2 0 0 0 0 142 167 -8 212 58 N N N N 180 39 -38 -15 -15
1 40353 349 464 -4 7 0 0 0 0 233 38 -71 167 44 N N N N 274 64 -32 -29 -29
1 40263 352 432 2 24 -4 208 1 -1 170 -124 -88 99 33 N N N N 439 108 -24 -53 -53
1 40089 347 236 8 87 -4 1168 -1 3 35 -116 -29 57 16 N N N N 374 94 -9 -47 -47
1 40001 333 -3 6 -1 0 0 0 0 -1 2 2 136 35 N N N N 332 81 -20 -40 -40
1 39999 341 -179 -6 1 0 0 0 0 -22 91 6 59 19 N N N N 256 63 -13 -30 -30
1 40000 338 -217 -3 0 0 0 0 0 -64 94 19 138 33 N N N N 318 78 -19 -38 -38
1 40000 332 -210 5 1 0 0 0 0 -91 61 30 153 44 N N N N 480 117 -27 -56 -56
1 45355 394 139 -13 -115 0 -1386 -1 -2 63 -49 22 142 34 N N N N 516 128 -23 -62 -62
1 42130 349 423 7 117 -10 1384 0 2 112 -174 -81 93 28 N N N N 272 64 -23 -30 -30
1 39988 326 -3387 2 -2 0 0 0 0 -4 -112 2 225 58 N N N N -39 -17 -35 14 14
1 39999 338 86 4 -1 0 0 0 0 -13 -44 4 167 42 N N N N 397 97 -18 -47 -47
1 40000 316 -3 -4 -1 0 0 0 0 -1 2 -1 233 65 N N N N 534 128 -41 -59 -59
1 40000 318 -116 -1 0 0 0 0 0 17 59 -5 134 46 N N N N 191 41 -33 -17 -17
1 43530 345 3222 -19 121 -10 1397 -1 -2 -33 191 -28 161 51 N N N N -997 -261 -31 136 136
1 43234 344 -335 33 -118 38 -1406 0 2 -128 121 85 107 22 N N N N -2157 -555 -17 286 286
1 40001 267 -204 6 -2 0 0 0 0 -103 29 31 106 30 N N N N -110 -32 -19 19 19
1 40000 291 -249 -3 2 0 0 0 0 -128 -14 35 152 42 N N N N 2422 613 -24 -310 -310
1 40000 272 -195 1 -3 0 0 0 0 -90 -48 25 81 24 N N N N 1346 338 -20 -168 -168
1 40000 273 -261 0 2 0 0 0 0 -86 -102 23 132 35 N N N N 334 81 -19 -38 -38
1 44470 321 118 -12 -118 0 -1371 0 -2 36 14 28 135 31 N N N N -544 -144 -24 76 76
1 39999 282 453 -3 3 0 0 0 0 201 123 -37 135 33 N N N N 222 51 -24 -23 -23
1 40235 279 418 -5 -2 0 0 0 0 208 -36 -73 132 36 N N N N 109 22 -24 -8 -8
1 43473 297 436 0 120 -7 1391 0 2 122 -174 -89 117 35 N N N N 147 33 -19 -14 -14
1 40000 252 -3392 17 -5 0 0 0 0 1 -110 9 182 46 N N N N 696 171 -26 -82 -82
1 39999 265 84 4 3 0 0 0 0 -13 -43 5 137 42 N N N N 45 4 -29 2 2
1 40001 260 -43 -6 3 0 0 0 0 7 22 -4 98 28 N N N N -337 -89 -17 47 47
1 39999 265 -120 0 -1 0 0 0 0 10 63 -4 162 40 N N N N 17 -2 -23 4 4
1 40001 258 3443 1 -4 0 0 0 0 -8 82 4 130 38 N N N N 2002 502 -21 -247 -247
1 46761 303 -402 -28 -10 -10 -11 -2 0 -116 170 32 97 33 N N N N 1949 487 -27 -236 -236
1 40826 278 -252 17 12 0 0 0 0 -122 50 37 102 22 N N N N -1068 -274 -13 136 136
1 40000 259 -175 7 0 0 0 0 0 -92 1 28 131 34 N N N N -6 -6 -21 6 6
1 40000 255 -186 -3 -1 0 0 0 0 -91 -27 28 137 40 N N N N 1980 494 -26 -237 -237
1 39999 257 -249 -1 -1 0 0 0 0 -102 -78 29 47 17 N N N N 2531 635 -14 -305 -305
1 40001 256 -251 -3 2 0 0 0 0 -59 -113 18 52 13 N N N N 1425 357 -10 -169 -169
1 44412 313 134 -8 -120 0 -1385 0 -2 29 24 20 173 43 N N N N 1388 344 -23 -159 -159
1 40000 267 441 -8 3 0 0 0 0 173 151 -22 106 35 N N N N 1442 355 -27 -163 -163
1 40002 280 414 4 -1 0 0 0 0 207 6 -70 86 25 N N N N 1258 313 -16 -143 -143
1 40547 292 397 -5 135 -10 1393 0 2 149 -120 -110 116 27 N N N N 974 240 -17 -109 -109
1 40802 271 216 17 -19 0 0 0 0 32 -109 2 75 17 N N N N 859 212 -12 -96 -96
1 40003 267 -3502 -3 4 0 0 0 0 -1 -52 -1 123 28 N N N N 463 112 -14 -49 -49
1 39999 279 30 4 -9 0 0 0 0 -2 -16 1 135 36 N N N N -120 -37 -21 20 20
1 39999 259 -11 -1 5 0 0 0 0 1 6 -1 101 28 N N N N -385 -104 -22 51 51
1 40002 270 -42 2 -2 0 0 0 0 2 22 1 69 22 N N N N 446 108 -13 -47 -47
1 44117 311 3321 -20 124 -10 1389 -2 -2 -29 141 -27 151 43 N N N N 747 180 -24 -79 -79
1 43411 295 -391 32 -119 38 -1396 0 2 -146 142 84 88 21 N N N N 1552 383 -19 -171 -171
1 40000 255 -261 3 -3 0 0 0 0 -134 26 39 130 35 N N N N 1134 279 -18 -123 -123
1 40000 251 -263 1 -3 0 0 0 0 -133 -34 36 31 11 N N N N 130 28 -11 -11 -11
1 40000 248 -320 -2 5 0 0 0 0 -119 -110 33 29 9 N N N N 201 49 -6 -21 -21
1 40000 257 -293 0 0 0 0 0 0 -45 -143 10 59 11 N N N N -181 -49 -9 23 23
1 44531 279 66 -11 -119 0 -1383 0 -2 7 -4 9 60 15 N N N N -313 -83 -12 39 39
1 40410 287 434 -2 -1 0 0 0 0 113 190 9 98 21 N N N N 38 5 -13 0 0
1 40410 273 424 1 1 0 0 0 0 205 76 -47 76 19 N N N N 830 203 -15 -88 -88
1 40828 274 445 -2 -2 0 0 0 0 205 -81 -82 78 21 N N N N 570 138 -13 -60 -60
1 40941 261 323 5 124 -7 1389 0 2 73 -142 -59 76 18 N N N N -1413 -359 -13 163 163
1 40000 279 -3479 11 -4 0 0 0 0 3 -64 3 108 28 N N N N -2263 -571 -14 261 261
1 39999 269 13 -1 1 0 0 0 0 -1 -7 0 75 21 N N N N -812 -209 -16 97 97
1 40000 265 3458 -5 -3 0 0 0 0 -2 75 -1 64 18 N N N N -100 -28 -9 15 15
1 40000 279 -234 -2 4 0 0 0 0 -46 114 14 134 30 N N N N 334 77 -19 -33 -33
1 39999 264 -207 3 -2 0 0 -1 0 -77 77 23 114 32 N N N N 482 114 -20 -49 -49
1 40000 271 -205 0 -1 0 0 0 0 -98 43 29 86 22 N N N N 371 88 -15 -37 -37
1 40001 286 -233 3 -1 0 0 0 0 -121 6 35 78 22 N N N N 456 108 -16 -47 -47
1 39999 277 -244 -4 2 0 0 0 0 -118 -43 32 149 38 N N N N 2190 539 -22 -240 -240
1 40001 274 -240 1 -1 0 0 0 0 -89 -86 24 79 24 N N N N 3688 915 -17 -403 -403
1 44292 315 67 -12 -118 0 -1374 0 -2 25 -10 34 94 19 N N N N 1572 386 -15 -167 -167
1 40589 321 429 -8 1 0 0 0 0 193 113 -36 57 18 N N N N 492 117 -14 -48 -48
1 40000 295 475 6 2 0 0 0 0 229 -50 -85 179 38 N N N N 497 115 -22 -47 -47
1 44824 326 363 4 116 -8 1366 -1 2 98 -149 -72 150 41 N N N N 1597 389 -24 -164 -164
1 39999 301 -3448 2 4 0 0 0 0 7 -80 -2 96 32 N N N N 1542 374 -23 -156 -156
1 40002 289 68 4 -4 0 0 0 0 -4 -36 2 17 8 N N N N 749 183 -8 -77 -77
1 39999 280 -70 -2 -2 0 0 0 0 4 37 -1 102 20 N N N N 286 68 -9 -27 -27
1 39999 289 3452 -1 2 0 0 0 0 -6 78 2 83 24 N N N N 1378 335 -17 -139 -139
1 44615 335 -366 -15 91 -14 1203 1 -3 -99 164 -12 83 23 N N N N 993 240 -16 -98 -98
1 38973 300 -240 9 -90 3 -1199 -2 3 -111 55 73 43 12 N N N N 1139 280 -9 -115 -115
1 39999 299 -154 2 1 0 0 0 0 -79 11 25 30 6 N N N N -265 -70 -6 30 30
1 40000 302 -94 -1 1 0 0 0 0 -48 -4 14 57 13 N N N N -498 -127 -9 55 55
1 40000 303 -72 5 -2 0 0 0 0 -38 -7 12 162 31 N N N N -91 -29 -13 14 14
1 40000 287 -97 -6 -1 0 0 0 0 -46 -18 14 134 35 N N N N -1879 -476 -24 204 204
1 45355 348 125 -12 -120 0 -1388 0 -2 64 -9 39 95 33 N N N N 246 49 -27 -16 -16
1 40000 308 384 -5 -3 0 0 0 0 194 -6 -67 64 17 N N N N 764 183 -15 -75 -75
1 38438 289 354 1 124 21 1392 1 0 133 -107 -99 86 21 N N N N 500 119 -11 -48 -48
1 41561 290 218 32 0 0 0 -1 2 35 -109 4 54 14 N N N N 499 119 -11 -48 -48
1 40001 282 -3424 2 0 0 0 0 0 -5 -93 1 70 15 N N N N 745 181 -8 -74 -74
1 40000 282 21 0 -5 0 0 0 0 -2 -11 0 44 13 N N N N 1011 246 -10 -100 -100
1 39999 276 -128 -3 1 0 0 0 0 9 67 -3 29 7 N N N N 519 126 -6 -51 -51
1 40001 255 3384 0 -3 0 0 0 0 -21 112 8 135 27 N N N N 272 63 -10 -25 -25
1 48942 359 -366 -14 1 -8 -4 -1 0 -124 143 31 127 35 N N N N -529 -143 -24 63 63
1 39998 284 -209 8 6 0 0 0 0 -102 38 32 101 26 N N N N -486 -130 -22 58 58
1 40000 277 -200 -1 -2 0 0 0 0 -104 0 31 48 15 N N N N 110 23 -10 -8 -8
1 40000 280 -286 -3 3 0 0 0 0 -134 -59 38 91 22 N N N N 375 87 -13 -34 -34
1 40001 276 -295 4 1 0 0 0 0 -94 -118 25 39 11 N N N N 77 13 -12 -3 -3
1 39999 295 -259 -1 -6 0 0 0 0 -25 -131 6 77 18 N N N N 20 2 -9 1 1
1 44237 313 22 -11 -116 0 -1382 0 -2 3 -26 0 35 13 N N N N 602 142 -13 -57 -57
1 40409 309 410 -6 -2 0 0 0 0 74 193 23 107 26 N N N N 1040 250 -14 -101 -101
1 40355 303 414 0 3 0 0 0 0 183 113 -36 62 17 N N N N 931 223 -16 -88 -88
1 40763 319 436 1 0 0 0 0 0 215 -33 -77 57 16 N N N N 424 100 -10 -39 -39
1 42179 308 403 0 120 -10 1390 0 2 119 -155 -90 80 15 N N N N 275 62 -11 -23 -23
1 40000 300 -3372 13 -2 0 0 0 0 6 -120 4 60 12 N N N N 363 86 -7 -34 -34
1 39999 281 92 2 -2 0 0 0 0 -11 -48 4 63 16 N N N N 238 54 -9 -20 -20
1 40001 310 58 -1 3 0 0 0 0 -12 -28 3 63 12 N N N N 65 13 -9 -4 -4
1 39998 285 -42 2 0 0 0 0 0 9 20 -2 59 19 N N N N 462 106 -15 -40 -40
1 40001 299 -125 -5 0 0 0 0 0 15 65 -5 99 21 N N N N 286 65 -11 -25 -25
1 38827 187 -58 319 -52 255 -341 -99 -4 -12 21 90 14 2 N N N N 187 42 -8 -15 -15
1 39880 134 105 -64 15 0 0 -174 0 -5 -54 -13 30 8 N N N N 42 9 -2 -4 -4
1 40063 86 -47 -7 -9 1 0 -168 0 8 25 -9 20 -1 N N N N 41 9 -3 -3 -3
1 56449 -115 -62 252 11 406 0 -194 0 -66 27 130 1 6 N N N N -79 -22 -5 10 10
1 23502 -115 4 3 4 -6 1 -102 0 -2 -1 2 -26 4 N N N N 26 8 2 -3 -3
1 40045 -282 3531 -22 11 1 -1 -169 0 2 42 -3 -47 -11 N N N N -12 0 7 -2 -2
1 39975 -348 -132 -14 8 -1 1 -169 0 -11 73 -10 -72 -13 N N N N -123 -27 8 10 10
1 44436 -418 -218 -88 -122 10 -1373 -100 2 -56 54 19 -105 -26 N N N N -1 7 13 -5 -5
1 38803 -357 -274 50 122 -60 1389 -104 -2 -117 128 -86 -88 -21 N N N N -302 -67 16 24 24
1 39198 -335 -177 -108 6 0 0 -80 4 -78 15 -20 -36 -8 N N N N -304 -70 11 26 26
1 39997 -354 -263 -3 1 0 0 0 0 -136 -23 -33 -90 -23 N N N N -204 -44 12 16 16
1 40002 -356 -311 -5 -3 0 0 0 0 -128 -97 -30 -62 -15 N N N N -285 -65 12 24 24
1 40000 -366 -382 2 4 0 0 0 0 -60 -183 -16 -103 -23 N N N N -98 -19 10 6 6
1 40000 -331 -347 -4 -3 0 0 0 0 57 -166 11 -70 -20 N N N N -712 -167 18 65 65
1 39583 -358 -384 -5 -139 8 -1396 -105 -2 163 -122 -38 -91 -21 N N N N -924 -222 12 89 89
1 40830 -393 -658 9 31 0 0 0 0 321 78 107 -72 -18 N N N N -829 -200 12 80 80
1 39999 -347 3000 1 -7 0 0 0 0 53 287 75 -114 -27 N N N N -384 -87 16 33 33
1 40728 -434 -488 153 117 78 1399 -75 -2 -206 214 -56 -94 -24 N N N N -642 -150 19 59 59
1 41154 -464 -157 -107 1 0 -1 -13 4 -66 12 -21 -177 -47 N N N N -456 -99 31 35 35
1 40000 -433 -107 4 -3 0 0 0 0 -56 -1 -17 -145 -37 N N N N 705 187 27 -81 -81
1 40001 -456 -73 -2 0 0 0 0 0 -37 -7 -11 -82 -20 N N N N 315 84 13 -37 -37
1 40000 -452 -124 -2 8 0 0 0 0 -60 -21 -23 -93 -24 N N N N -1280 -310 15 125 125
1 40000 -444 -20 1 4 0 0 0 0 -10 -4 -5 -104 -25 N N N N -1068 -257 19 104 104
1 45588 -562 578 34 127 0 1372 0 -2 280 23 37 -174 -43 N N N N -636 -148 20 59 59
1 42235 -526 529 -13 -126 8 -1376 -2 2 150 -248 111 -248 -62 N N N N -835 -189 43 71 71
1 39999 -482 -3401 -4 -3 0 0 0 0 -6 -105 -3 -66 -19 N N N N 639 167 20 -73 -73
1 40001 -464 125 -6 0 0 0 0 0 -20 -62 -11 -95 -23 N N N N 1148 292 13 -124 -124
1 40000 -483 131 4 -1 0 0 0 0 -37 -59 -13 -130 -31 N N N N 77 27 19 -15 -15
1 39999 -447 196 -2 -2 0 0 0 0 -79 -67 -27 -115 -29 N N N N -1324 -319 24 130 130
1 43648 -553 -277 8 -131 10 -1410 0 -2 101 65 -3 -145 -35 N N N N -945 -230 10 95 95
1 40235 -486 3008 7 1 0 0 0 0 4 289 75 -214 -56 N N N N -1403 -333 38 134 134
1 37587 -443 -332 -35 130 -38 1402 0 2 -112 165 -78 -124 -34 N N N N -1838 -445 32 184 184
1 39999 -405 65 -5 -2 0 0 0 0 30 -18 11 -132 -33 N N N N -820 -196 20 81 81
1 40001 -410 -70 -9 7 0 0 0 0 -29 21 -14 -195 -50 N N N N -1049 -252 25 105 105
1 39999 -403 -136 7 -5 0 0 0 0 -69 23 -17 -100 -28 N N N N -4621 -1143 28 496 496
1 39999 -407 -34 -2 2 0 0 0 0 -17 3 -5 -180 -46 N N N N -2569 -633 24 279 279
1 44650 -494 476 33 115 -1 1375 -1 -2 193 -101 34 -206 -52 N N N N -1679 -407 36 178 178
1 44238 -488 -3177 -20 -119 6 -1379 0 2 47 -248 39 -140 -37 N N N N -961 -233 23 103 103
1 39999 -425 140 -3 1 0 0 0 0 -23 -70 -9 -187 -50 N N N N 144 45 27 -25 -25
1 40000 -407 4 -4 -1 0 0 0 0 0 -2 -2 -102 -29 N N N N 3324 842 27 -385 -385
1 39999 -411 -31 -1 4 0 0 0 0 7 16 2 -125 -32 N N N N 1783 455 21 -206 -206
1 40000 -420 71 5 -1 0 0 0 0 -17 -34 -4 -59 -15 N N N N -1210 -299 13 131 131
1 44350 -473 3191 23 -136 10 -1405 0 -2 25 162 30 -53 -13 N N N N -427 -103 10 45 45
1 41885 -473 -511 -13 133 0 1412 0 2 -155 251 -63 -152 -36 N N N N -377 -89 16 37 37
1 39997 -439 -65 -5 0 0 0 0 0 -30 13 -10 -135 -34 N N N N -129 -23 26 7 7
1 40002 -419 -62 -2 5 0 0 0 0 -31 10 -12 -136 -35 N N N N -1413 -346 25 151 151
1 39998 -422 -119 2 -2 0 0 0 0 -62 8 -19 -129 -34 N N N N -1194 -293 21 130 130
1 40003 -440 55 -3 1 0 0 0 0 29 -3 9 -180 -47 N N N N -818 -197 27 86 86
1 39999 -444 -8 -8 -5 0 0 0 0 -3 0 2 -100 -28 N N N N 362 99 24 -49 -49
1 43823 -517 456 38 124 0 1388 -1 -2 193 -79 28 -190 -48 N N N N -339 -76 27 30 30
1 43824 -516 -3176 -27 -121 8 -1400 0 2 69 -243 51 -144 -37 N N N N -1199 -293 27 131 131
1 40002 -437 191 4 3 0 0 0 0 -27 -96 -8 -210 -58 N N N N -1557 -382 33 172 172
1 39998 -452 110 -2 -4 0 0 0 0 -29 -51 -11 -81 -20 N N N N -1592 -396 19 182 182
1 40000 -437 56 -3 -1 0 0 0 0 -18 -23 -7 -239 -63 N N N N -2627 -655 31 304 304
1 40000 -448 29 0 -1 0 0 0 0 -10 -12 -5 -167 -47 N N N N -3610 -903 36 429 429
1 43646 -492 -383 22 -132 9 -1388 0 -2 77 136 26 -123 -31 N N N N -712 -175 20 82 82
1 75296 -855 2788 -37 129 -30 1392 0 2 -216 363 -64 -337 -92 N N N N -2442 -603 61 288 288
1 40000 -413 -193 4 7 0 0 0 0 -102 6 -32 -195 -48 N N N N -536 -128 29 60 60
1 40000 -416 -262 -6 2 0 0 0 0 -128 -43 -37 -305 -83 N N N N -360 -80 49 33 33
1 40000 -425 -269 4 -4 0 0 0 0 -99 -97 -28 -185 -52 N N N N -358 -82 35 36 36
1 40000 -432 -306 1 1 0 0 0 0 -46 -148 -14 -189 -53 N N N N -961 -236 38 112 112
1 45647 -504 314 17 104 -1 1390 0 -2 47 151 -22 -143 -37 N N N N 463 124 25 -65 -65
1 40411 -455 692 1 -1 0 0 0 0 311 149 73 -194 -47 N N N N 356 97 26 -52 -52
1 41353 -475 641 -3 -112 4 -1389 0 2 232 -237 129 -164 -50 N N N N -2071 -520 35 257 257
1 40000 -410 -3386 -13 4 0 0 0 0 11 -111 -6 -228 -59 N N N N 353 99 38 -55 -55
1 40000 -429 50 -2 3 0 0 0 0 -4 -25 -3 -338 -91 N N N N 374 106 48 -60 -60
1 39998 -421 -22 -3 2 0 0 0 0 3 12 0 -139 -47 N N N N -123 -22 41 5 5
1 40000 -411 -97 9 -4 0 0 0 0 2 50 6 -243 -60 N N N N -371 -89 25 42 42
1 40003 -431 3464 -7 -1 0 0 0 0 -5 71 -4 -154 -47 N N N N -337 -78 37 35 35
1 46117 -497 -477 32 6 10 8 0 0 -158 194 -38 -130 -35 N N N N 92 29 26 -19 -19
1 39999 -432 -271 -23 -5 0 0 0 0 -130 35 -43 -206 -57 N N N N -520 -126 33 60 60
1 40001 -413 -253 -8 6 0 0 0 0 -128 -25 -39 -151 -43 N N N N -626 -154 29 74 74
1 40000 -434 -158 1 -8 0 0 0 0 -70 -43 -18 -152 -39 N N N N -475 -117 24 57 57
1 39999 -414 -209 4 -2 0 0 0 0 -70 -81 -23 -130 -35 N N N N -440 -107 26 52 52
1 39999 -416 -245 0 -2 0 0 0 0 -39 -118 -14 -229 -58 N N N N -337 -81 29 37 37
1 43295 -489 332 27 124 0 1389 -1 -2 64 153 -29 -219 -60 N N N N -781 -192 43 94 94
1 40001 -464 671 -5 -1 0 0 0 0 310 123 86 -185 -51 N N N N -586 -144 36 69 69
1 43469 -489 673 -1 -123 8 -1388 1 2 218 -273 130 -187 -51 N N N N -567 -139 35 68 68
1 39999 -432 -3344 -6 12 0 0 0 0 -14 -129 -7 -359 -96 N N N N -222 -47 52 18 18
1 40000 -417 206 -8 -6 0 0 0 0 -50 -96 -25 -71 -25 N N N N -473 -117 29 58 57
1 40000 -431 215 -5 -7 0 0 0 0 -87 -73 -31 -163 -45 N N N N -168 -38 28 16 17
1 40000 -416 154 -1 11 0 0 0 0 -76 -26 -19 -204 -55 N N N N -28 -1 31 -3 -3
1 40000 -426 107 1 -7 0 0 0 0 -56 -8 -21 -256 -70 N N N N -512 -125 39 60 60
1 44649 -481 -447 24 -121 9 -1431 0 -2 203 65 26 -245 -68 N N N N -519 -127 46 61 61
1 40000 -458 2977 -4 -2 0 0 0 0 62 293 91 -251 -71 N N N N -346 -82 42 38 38
1 40238 -422 -502 -27 132 -31 1430 -1 2 -174 224 -83 -204 -56 N N N N -490 -120 41 59 59
1 40000 -387 -183 -8 -3 0 0 0 0 -93 16 -26 -134 -34 N N N N -588 -148 23 76 76
1 39999 -384 -248 -1 -6 0 0 0 0 -127 -28 -31 -253 -69 N N N N -219 -50 40 22 22
1 40002 -392 -290 -2 3 0 0 0 0 -118 -91 -34 -225 -66 N N N N -249 -58 45 25 25
1 39998 -369 -301 3 -1 0 0 0 0 -61 -140 -20 -106 -34 N N N N -332 -82 27 40 40
1 40002 -398 -377 2 7 0 0 0 0 35 -186 7 -322 -86 N N N N -144 -30 44 11 11
1 41113 -379 -432 8 -119 8 -1409 -28 -2 170 -144 -14 -236 -72 N N N N -365 -87 46 42 42
1 40354 -398 -656 4 -2 0 0 0 0 317 64 109 -43 -13 N N N N -206 -51 20 24 24
1 40354 -396 2963 -7 1 0 0 0 0 56 305 80 -279 -77 N N N N -166 -36 41 15 15
1 39471 -383 -514 -6 121 0 1407 -30 2 -197 209 -77 -106 -33 N N N N -320 -80 24 40 40
1 39999 -378 -238 -1 -7 0 0 0 0 -124 6 -32 -177 -46 N N N N -319 -80 28 40 40
1 39999 -378 -303 -3 2 0 0 0 0 -144 -62 -39 -276 -72 N N N N -311 -77 27 39 39
1 40001 -381 -301 0 -2 0 0 0 0 -93 -122 -26 -214 -69 N N N N -449 -109 55 53 53
1 39999 -378 -315 -1 0 0 0 0 0 -19 -158 -6 -361 -100 N N N N -428 -105 51 51 51
1 40000 -363 -324 -3 -4 0 0 0 0 71 -148 17 -160 -51 N N N N -444 -110 42 55 55
1 40709 -388 -457 10 -113 8 -1406 -55 -2 209 -113 -9 -208 -64 N N N N -253 -61 41 29 29
1 40351 -406 -687 3 3 0 0 0 0 294 157 121 -419 -114 N N N N -235 -54 51 23 23
1 40352 -399 2941 1 -5 0 0 0 0 -54 317 55 -344 -104 N N N N -883 -223 71 115 115
1 40002 -395 -451 -9 124 0 1410 -32 2 -210 133 -100 -120 -44 N N N N -450 -113 46 58 58
1 39998 -412 -261 -4 -8 0 0 0 0 -133 -28 -32 -143 -43 N N N N -67 -14 27 4 4
1 40000 -392 -282 -3 6 0 0 0 0 -115 -88 -30 -314 -83 N N N N -104 -21 44 7 7
1 40000 -399 -275 1 3 0 0 0 0 -60 -126 -20 -331 -92 N N N N -519 -131 50 68 68
1 40000 -408 -277 4 -1 0 0 0 0 7 -140 0 -242 -79 N N N N -413 -102 60 50 50
1 40000 -418 -335 5 -2 0 0 0 0 93 -142 22 -53 -21 N N N N -496 -130 18 71 71
1 40470 -427 -588 4 -115 8 -1417 0 -2 291 -74 19 -398 -101 N N N N -323 -81 36 41 41
1 40001 -451 -707 7 -1 0 0 0 0 206 264 122 -257 -80 N N N N -832 -214 67 114 114
1 40998 -463 2951 11 120 0 1407 0 2 -180 308 -45 -291 -88 N N N N -739 -190 56 102 102
1 40000 -450 -242 -22 3 0 0 0 0 -118 27 -41 -226 -68 N N N N -346 -88 46 45 45
1 40000 -446 -200 -1 -2 0 0 0 0 -103 -19 -27 -142 -40 N N N N -611 -160 24 90 90
1 40000 -445 -278 -2 2 0 0 0 0 -120 -78 -33 -421 -118 N N N N -880 -229 66 125 125
1 40002 -450 -294 3 -4 0 0 0 0 -73 -131 -20 -228 -73 N N N N -1001 -263 55 147 147
1 39998 -451 -307 0 0 0 0 0 0 3 -155 1 -266 -76 N N N N -781 -205 45 115 115
1 43297 -531 336 15 98 0 1386 0 -2 1 168 -24 -325 -92 N N N N -1780 -475 50 275 275
1 39999 -509 726 11 12 0 0 0 0 278 226 44 -147 -52 N N N N -1915 -512 46 302 302
1 40648 -505 706 5 -136 8 -1391 -1 2 286 -213 156 -196 -54 N N N N -569 -151 34 88 88
1 40824 -499 176 -30 17 0 0 0 0 28 -85 -10 -296 -86 N N N N -490 -129 55 73 73
1 40000 -483 -140 7 0 0 0 0 0 -14 73 -1 -229 -68 N N N N -381 -100 38 57 57
1 40000 -487 -252 2 -1 0 0 0 0 -66 114 -15 -193 -59 N N N N -60 -14 36 6 6
1 39999 -483 -266 -10 4 0 0 0 0 -113 79 -35 -237 -68 N N N N 170 48 45 -34 -34
1 40001 -486 -305 -2 3 0 0 0 0 -158 15 -46 -222 -65 N N N N -120 -30 43 14 14
1 44352 -559 337 25 103 0 1392 0 -2 168 -1 1 -301 -85 N N N N -372 -98 46 56 56
1 37060 -454 600 -35 -117 -20 -1395 0 2 186 -268 90 -344 -102 N N N N -395 -104 59 58 58
1 39999 -475 -3486 -5 11 0 0 0 0 2 -57 -4 -344 -107 N N N N -103 -24 68 9 9
1 39998 -470 3462 -3 -2 0 0 0 0 0 72 -1 -64 -26 N N N N -122 -32 32 17 17
1 40002 -457 -311 7 10 0 0 0 0 -68 151 -14 -60 -17 N N N N 232 64 12 -41 -41
1 39998 -458 -195 6 -7 0 0 0 0 -80 64 -16 -131 -35 N N N N 254 70 20 -45 -45
1 40000 -471 -259 0 5 0 0 0 0 -129 43 -37 -229 -65 N N N N 157 45 40 -31 -31
1 44707 -544 403 28 98 1 1394 0 -2 182 -63 21 -319 -85 N N N N 458 128 47 -82 -82
1 41293 -497 -3112 -30 -108 7 -1398 0 2 92 -262 51 -216 -72 N N N N 551 154 50 -99 -99
1 40003 -458 164 -1 -7 0 0 0 0 -19 -86 -10 -148 -44 N N N N -268 -71 35 40 40
1 39999 -471 130 4 3 0 0 0 0 -35 -59 -8 -471 -129 N N N N 18 8 62 -11 -11
1 39999 -463 73 -2 8 0 0 0 0 -24 -28 -6 -70 -34 N N N N 118 36 43 -25 -25
1 40002 -456 49 -4 -5 0 0 0 0 -19 -19 -6 -50 -15 N N N N 119 33 12 -22 -22
1 44940 -533 3047 11 -112 8 -1385 0 -2 94 229 38 -113 -33 N N N N 52 16 21 -11 -11
1 42059 -492 -635 9 120 0 1396 0 2 -213 275 -60 -76 -20 N N N N 226 63 17 -40 -40
1 39999 -473 -258 -6 1 0 0 0 0 -133 9 -38 -171 -41 N N N N 374 104 17 -65 -65
1 39999 -462 -230 -5 -6 0 0 0 0 -111 -41 -29 -302 -82 N N N N 833 232 44 -146 -146
1 40000 -462 -322 4 7 0 0 0 0 -113 -119 -34 -208 -70 N N N N 555 157 58 -100 -100
1 40002 -460 -340 1 2 0 0 0 0 -32 -168 -11 -119 -36 N N N N -67 -16 26 7 7
1 39998 -448 -337 -1 -3 0 0 0 0 69 -156 18 -148 -43 N N N N -296 -80 29 46 46
1 44236 -505 -656 10 -116 9 -1394 0 -2 310 -113 25 -126 -39 N N N N 802 224 24 -138 -138
1 40355 -469 -703 5 5 0 0 0 0 220 253 125 -166 -42 N N N N 305 86 26 -54 -54
1 41468 -466 2936 10 114 0 1398 -1 2 -170 319 -43 -158 -47 N N N N 350 99 34 -63 -63
1 40001 -445 -263 -23 -10 0 0 0 0 -128 28 -37 -231 -66 N N N N 78 25 37 -19 -19
1 40000 -434 -269 3 -2 0 0 0 0 -136 -32 -40 -238 -70 N N N N 423 121 46 -77 -77
1 39999 -443 -205 0 8 0 0 0 0 -85 -63 -26 -235 -71 N N N N 531 151 42 -94 -94
1 40000 -433 -166 -3 -12 0 0 0 0 -49 -70 -10 -251 -73 N N N N 779 221 45 -136 -136
1 40000 -438 -242 -1 4 0 0 0 0 -32 -118 -13 -183 -60 N N N N 3373 942 46 -556 -556
1 44885 -492 345 35 119 0 1383 1 -2 59 162 -33 -215 -64 N N N N 1729 485 39 -284 -284
1 39999 -469 688 -1 -3 0 0 0 0 314 129 88 -135 -42 N N N N -1697 -468 30 266 266
1 41175 -480 651 -8 -115 10 -1384 0 2 220 -257 126 -279 -76 N N N N 619 178 48 -108 -108
1 40001 -410 -3450 -12 11 0 0 0 0 6 -75 -5 -192 -60 N N N N -3026 -840 34 486 486
1 40000 -431 40 -6 -6 0 0 0 0 -2 -23 -4 -158 -48 N N N N -1381 -382 32 223 223
1 40001 -419 -2 2 1 0 0 0 0 0 1 0 -339 -99 N N N N -362 -96 52 52 52
1 39999 -426 -24 0 -3 0 0 0 0 1 12 2 -222 -70 N N N N -988 -272 58 157 157
1 39999 -407 3458 1 8 0 0 0 0 1 77 0 -338 -98 N N N N 2370 668 45 -404 -404
1 45819 -499 -516 26 9 10 -3 -1 0 -152 220 -42 -141 -50 N N N N 6953 1956 51 -1135 -1135
1 40828 -415 -309 -20 -10 0 0 0 0 -149 38 -47 -182 -53 N N N N 464 135 34 -80 -80
1 39999 -426 -140 1 0 0 0 0 0 -72 -10 -22 -115 -34 N N N N 1175 334 24 -190 -190
1 40000 -426 -61 -2 -4 0 0 0 0 -30 -9 -8 -162 -49 N N N N -70 -15 31 4 4
1 40000 -431 -13 -3 -5 0 0 0 0 -5 -3 -2 -98 -28 N N N N -161 -41 24 21 21
1 40002 -434 -10 2 6 0 0 0 0 -5 -2 -3 -148 -39 N N N N 4724 1333 24 -736 -736
1 44118 -539 541 23 119 0 1395 0 -2 264 6 35 -142 -43 N N N N 787 228 33 -127 -127
1 37235 -430 523 -39 -128 -29 -1407 1 2 154 -252 84 -209 -55 N N N N 4399 1246 34 -664 -664
1 40001 -434 -3433 -5 4 0 0 0 0 -4 -86 -3 -316 -91 N N N N 748 222 45 -121 -121
1 39999 -416 115 3 -1 0 0 0 0 -20 -58 -5 -233 -75 N N N N -4610 -1290 54 672 672
1 40000 -422 -74 2 5 0 0 0 0 13 38 4 -155 -51 N N N N -8092 -2281 43 1252 1252
1 39999 -433 3431 0 3 0 0 0 0 12 89 5 -112 -34 N N N N -5337 -1506 24 870 870
1 40001 -417 -237 6 2 0 0 0 0 -31 121 -7 -33 -10 N N N N 395 112 10 -68 -68
1 45587 -501 -516 -2 -3 9 16 0 0 -208 159 -57 -177 -41 N N N N 5427 1540 23 -891 -891
1 40000 -437 -312 -13 -7 0 0 0 0 -159 -10 -43 -57 -19 N N N N 5668 1609 23 -896 -896
1 40001 -447 -339 6 9 0 0 0 0 -143 -99 -43 258 105 N N N N 15045 4255 -30 -2191 -2191
1 39999 -438 -295 11 -7 0 0 0 0 -60 -137 -21 -39 3 N N N N 21277 6022 -8 -2751 -2751
1 40000 -451 -248 -2 6 0 0 0 0 7 -125 2 -235 -53 N N N N 9433 2682 24 -1115 -1115
1 44179 -536 498 12 106 0 1389 0 -2 38 243 -25 -437 -118 N N N N 2023 608 69 -257 -257
1 39999 -497 715 14 7 0 0 0 0 321 144 74 -123 -42 N N N N -2894 -797 50 311 311
1 42590 -524 636 -9 -118 9 -1391 0 2 221 -246 129 -368 -89 N N N N 2152 640 57 -268 -268
1 40000 -468 -3333 -3 -1 0 0 0 0 -4 -140 -6 -421 -113 N N N N 977 315 73 -139 -139
1 39999 -448 12 -6 4 0 0 0 0 0 -5 -1 -353 -103 N N N N -1239 -322 63 116 116
1 20000 -226 -98 -2 -2 0 0 0 0 12 50 2 -263 -80 N N N N -1286 -337 61 123 123
1 20000 -223 3468 0 1 0 0 0 0 0 70 0 -209 -59 N N N N -1034 -278 35 106 106
1 20000 -226 -126 9 1 0 0 0 0 -17 65 -1 -207 -58 N N N N -1107 -296 44 112 112
1 20000 -206 -125 -9 -6 0 0 0 0 -26 57 -9 -132 -44 N N N N -847 -225 37 86 86
1 20000 -229 -108 5 7 0 0 0 0 -37 47 -11 -209 -56 N N N N -744 -203 22 79 79
1 20000 -217 -100 -7 -6 0 -1 0 0 -37 33 -12 -388 -115 N N N N -1789 -477 79 183 183
1 20000 -215 -65 0 8 0 0 0 0 -29 21 -10 -591 -159 N N N N -1767 -485 51 193 193
1 19999 -225 -129 5 1 0 0 0 0 -63 26 -20 -164 -70 N N N N -2229 -599 98 237 237
1 20002 -233 -172 4 0 0 0 0 0 -89 14 -26 -266 -78 N N N N -2010 -561 46 232 232
1 20000 -224 -158 -10 -3 0 0 0 0 -80 -13 -22 -295 -87 N N N N -1948 -540 56 225 225
1 19999 -226 -180 4 -4 0 0 0 0 -85 -38 -26 -194 -65 N N N N -2215 -618 56 263 263
1 20001 -222 -161 3 5 0 0 0 0 -63 -54 -21 -216 -68 N N N N -2158 -608 43 265 265
1 20000 -220 -157 -2 -4 0 0 0 0 -44 -67 -11 -391 -107 N N N N -2070 -581 50 256 256
1 19998 -215 -151 -5 6 0 0 0 0 -24 -73 -8 -365 -113 N N N N -2894 -813 78 362 362
1 24119 -269 67 16 117 0 1394 0 -2 9 31 -21 -541 -159 N N N N -3480 -978 104 444 444
1 20001 -241 345 11 1 0 0 0 0 97 146 -6 -557 -160 N N N N -2534 -711 90 328 328
1 19999 -236 351 -1 0 0 0 0 0 164 77 44 -441 -141 N N N N -2606 -730 108 341 341
1 20001 -236 387 4 -6 0 0 0 0 189 -36 77 -383 -116 N N N N -2030 -570 87 271 271
1 20687 -224 339 -1 -139 10 -1400 0 2 107 -171 94 -396 -116 N N N N -1631 -459 78 220 220
1 20781 -207 96 -22 25 0 0 0 0 23 -40 -10 -388 -121 N N N N -1456 -409 72 199 199
1 20001 -200 17 -2 -8 0 0 0 0 3 -11 0 -431 -130 N N N N -810 -218 86 99 99
1 20000 -205 -37 -4 0 0 0 0 0 -4 19 -3 -1524 -391 N N N N -1302 -346 159 157 157
1 19999 -201 -41 0 7 0 0 0 0 -5 23 -2 -277 -124 N N N N 592 222 198 -145 -145
1 20000 -205 -6 -3 0 0 0 0 0 0 3 -1 -728 -205 N N N N 767 256 115 -150 -150
1 20000 -193 21 10 -1 0 0 0 0 0 -11 5 -329 -108 N N N N 55 42 110 -38 -38
1 20000 -203 127 -2 3 0 0 0 0 11 -65 3 -999 -257 N N N N -602 -148 131 57 57
1 20000 -208 -3485 -2 -5 0 0 0 0 -2 -62 -3 -256 -111 N N N N 1262 415 151 -237 -237
1 20000 -211 162 -3 -5 0 0 0 0 -24 -83 -11 -334 -101 N N N N 1027 325 64 -177 -177
1 25236 -246 47 0 -121 -1 -1394 0 -2 -12 -53 -40 -509 -129 N N N N 4258 1309 95 -675 -675
1 20354 -225 -286 12 7 0 0 0 0 37 138 51 -1442 -398 N N N N 2251 735 189 -392 -392
1 20294 -210 3286 3 -3 0 0 0 0 -45 155 23 -527 -161 N N N N -1381 -366 180 150 150
1 20973 -223 -275 5 143 1 1401 0 2 -102 147 -69 -849 -259 N N N N -555 -117 180 29 29
1 20791 -212 -176 -16 -17 0 0 0 0 -81 29 -21 -422 -143 N N N N 1801 591 136 -313 -313
1 19999 -200 -121 0 1 0 0 0 0 -63 8 -19 -781 -214 N N N N 2322 751 128 -385 -385
1 19999 -205 -105 1 0 0 0 0 0 -54 -4 -18 -1244 -335 N N N N 4615 1476 167 -727 -727
1 20001 -206 -91 0 -5 0 0 0 0 -46 -11 -13 -890 -274 N N N N 7054 2270 244 -1072 -1072
1 20000 -201 -96 1 6 0 0 0 0 -46 -20 -14 -2109 -541 N N N N 8608 2789 267 -1243 -1243
1 19999 -212 -142 -4 -6 0 0 0 0 -60 -42 -15 -1484 -480 N N N N 5923 2033 374 -898 -898
1 20001 -224 -154 2 3 0 0 0 0 -52 -59 -17 -853 -295 N N N N 6151 2101 311 -878 -878
1 20000 -202 -205 10 -5 0 0 0 0 -42 -95 -19 -2383 -638 N N N N 7557 2626 397 -1052 -1052
1 19999 -223 -93 -3 0 0 0 0 0 -6 -47 -1 -881 -223 N N N N 6684 2282 233 -851 -851
1 24944 -271 -24 9 113 0 1385 -1 -2 -1 -14 -6 -1254 -365 N N N N 10008 3435 318 -1207 -1207
1 19973 -232 150 -5 -1 0 0 0 0 12 75 -7 -2488 -708 N N N N 8350 2959 342 -994 -994
1 20028 -238 268 -2 13 0 0 0 0 67 120 -6 -2939 -944 N N N N 10860 4109 683 -1344 -1344
1 20000 -209 417 15 4 0 0 0 0 185 106 37 -2399 -798 N N N N 9065 3570 635 -1106 -1106
1 20001 -189 417 -14 -9 0 0 0 0 208 -39 81 -2924 -926 N N N N 8229 3334 600 -979 -979
1 20667 -188 263 2 -33 -1 -194 1 -1 91 -103 58 -3081 -964 N N N N 7820 3367 701 -959 -959
1 19332 -137 176 -12 -87 1 -1210 0 3 33 -113 27 -881 -427 N N N N 7295 3066 519 -807 -807
1 20001 -137 -3499 -6 -1 0 0 0 0 6 -53 -2 -3013 -890 N N N N 6602 2594 268 -617 -617
1 19998 -132 6 -3 5 0 0 0 0 1 -2 -2 -2069 -887 N N N N 1771 1584 845 -512 -512
1 20001 -117 69 0 0 0 0 0 0 -3 -36 0 -768 -360 N N N N 814 706 362 -221 -221
1 19999 -138 293 16 1 0 0 0 0 -66 -140 -13 -1695 -491 N N N N -953 31 324 -76 -76
1 20001 -99 179 -7 -8 0 0 0 0 -66 -67 -28 -2554 -607 N N N N -488 345 456 -167 -167
1 19999 -102 26 -13 -1 0 0 0 0 -8 -8 -7 -1226 -565 N N N N 2633 1551 510 -416 -416
1 20001 -106 -21 2 -2 0 0 0 0 8 6 4 -2312 -789 N N N N 7102 3210 498 -716 -716
1 19999 -124 31 -4 1 0 0 0 0 -13 -8 -4 -1550 -646 N N N N 7177 3326 527 -709 -709
1 18709 -115 70 9 6 -1 1 -41 -4 -35 -16 -7 -434 -249 N N N N 6199 2765 339 -545 -545
1 20085 -116 15 -11 -3 2 0 -98 0 -4 -4 -6 -611 -246 N N N N 7074 3036 273 -553 -553
1 19911 -141 53 -11 7 -1 0 -101 0 -25 -8 -4 -718 -234 N N N N 6326 2644 178 -451 -451
1 19961 -173 40 -8 4 0 1 -101 0 -19 -3 -3 -302 -172 N N N N -1405 -236 211 -6 -6
1 20909 -178 -134 -2 -136 0 -1370 -72 2 68 0 -51 -34 -62 N N N N -1512 -415 115 41 41
1 20778 -196 -255 -1 18 0 0 0 0 107 80 49 -63 -42 N N N N -355 -66 50 0 1
1 19999 -185 -244 -3 -5 0 0 0 0 58 109 35 -53 -26 N N N N 99 80 30 -18 -19
1 19999 -185 3349 6 4 0 0 0 0 1 129 31 -193 -57 N N N N 395 179 20 -31 -31
1 20001 -189 -275 -3 -5 0 0 0 0 -64 128 11 -395 -124 N N N N 1065 533 89 -101 -100
1 18790 -173 -303 68 116 65 1395 -26 -2 -149 121 -56 -409 -122 N N N N 749 413 89 -80 -81
1 21213 -219 -186 -18 4 0 0 -28 4 -90 17 -35 -555 -167 N N N N -741 -128 112 -3 -3
1 19996 -201 -95 0 0 0 0 0 0 -49 -4 -16 -872 -190 N N N N -397 111 187 -54 -54
1 20002 -194 -17 -10 -1 0 0 0 0 -7 -1 -2 -990 -284 N N N N 4075 1925 246 -337 -337
1 19998 -197 60 -7 11 0 0 0 0 32 6 4 -1768 -474 N N N N 5059 2554 401 -448 -448
1 20001 -190 93 14 -10 0 0 0 0 45 -2 22 -1124 -274 N N N N 7185 3441 415 -556 -557
1 19999 -177 -132 -11 2 0 0 0 0 -66 -2 -23 -675 -245 N N N N 5011 2336 233 -355 -354
1 20001 -188 72 9 5 0 0 0 0 36 5 8 -1274 -354 N N N N 6396 3085 345 -458 -458
1 20002 -191 316 2 -8 0 0 0 0 157 -42 55 -366 -135 N N N N 5897 2809 279 -395 -395
1 19997 -185 212 -6 -3 0 0 0 0 85 -73 25 -231 -84 N N N N 3480 1591 119 -211 -211
1 18768 -177 119 -1 3 0 0 -45 -4 33 -52 9 -115 -54 N N N N 2476 1122 76 -144 -144
1 17116 -159 -57 10 -121 11 -1406 -15 2 -17 -14 27 -76 -30 N N N N 1304 559 21 -68 -68
1 10001 -94 -101 0 0 0 0 0 0 -32 43 -1 -46 -14 N N N N 486 266 41 -38 -38
1 10392 -103 -108 6 118 -30 1401 0 -2 -44 76 -48 -37 -12 N N N N 523 222 7 -27 -27
1 8620 -89 -63 -17 10 -2 0 -20 0 -23 21 -16 -36 -9 N N N N 282 149 21 -20 -20
1 9674 -75 -33 -20 -4 0 0 -18 0 -10 7 -7 -22 -7 N N N N 526 219 5 -26 -26
1 13305 -141 -30 -9 -5 2 -1 -22 4 -12 6 -3 -8 -4 N N N N 534 231 9 -28 -28
1 10830 -107 -26 -1 -4 0 0 0 0 -12 5 -3 -10 -3 N N N N 364 139 -5 -15 -15
1 9999 -88 -38 4 2 0 0 0 0 -20 7 -5 -4 -2 N N N N 46 58 24 -10 -10
1 10001 -101 -41 -5 4 0 0 0 0 -20 6 -7 -13 -4 N N N N 333 140 3 -17 -17
1 10000 -97 -42 0 4 0 0 0 0 -22 5 -7 -8 -2 N N N N 130 70 10 -10 -10
1 10002 -104 -40 -1 -3 0 0 0 0 -21 2 -4 -13 -2 N N N N 237 104 5 -12 -12
1 10000 -86 -58 3 -1 0 0 0 0 -31 2 -6 -6 -2 N N N N 206 91 5 -11 -11
1 9999 -97 -54 2 0 0 0 0 0 -29 -2 -8 -4 -1 N N N N 3 7 3 -2 -2
1 9999 -106 -52 0 -2 0 0 0 0 -27 -5 -6 -3 0 N N N N 157 67 2 -7 -7
1 10002 -101 -65 -2 6 0 0 0 0 -33 -8 -10 -1 -1 N N N N 181 87 9 -12 -12
1 9999 -94 -60 2 0 0 0 0 0 -30 -9 -10 2 0 N N N N 279 114 1 -13 -13
1 9999 -99 -54 -2 -3 0 0 0 0 -25 -13 -3 -1 -1 N N N N 168 67 -1 -7 -7
1 10001 -92 -46 -1 1 0 0 0 0 -21 -12 -5 -2 0 N N N N 88 31 -2 -3 -3
1 10000 -91 -58 0 -2 0 0 0 0 -25 -17 -6 -1 1 N N N N 157 72 5 -9 -9
1 10000 -94 -61 0 4 0 0 0 0 -23 -21 -9 -3 0 N N N N -12 -7 -2 1 1
1 10001 -98 -69 0 -2 0 0 0 0 -24 -27 -1 -2 0 N N N N 120 62 9 -8 -8
1 9999 -96 -73 0 -1 0 0 0 0 -22 -30 -8 -3 -2 N N N N 72 38 5 -5 -5
1 10000 -91 -69 5 -4 0 0 0 0 -17 -31 -7 -6 0 N N N N 89 40 2 -5 -5
1 10001 -81 -53 -7 6 0 0 0 0 -10 -25 3 -1 -1 N N N N 15 3 -2 0 0
1 10267 -107 -56 1 2 -1 1 -11 -4 -9 -27 -4 -4 0 N N N N 148 72 8 -10 -10
1 9198 -84 -46 2 2 1 1 -47 0 -5 -23 -3 1 0 N N N N 122 53 2 -6 -6
1 15358 -149 -3 4 108 0 1382 -16 2 0 1 -9 -8 -3 N N N N 193 41 -21 -1 -1
1 10354 -100 146 -9 -8 0 0 0 0 21 71 -8 -13 -3 N N N N -15 33 22 -7 -7
1 10000 -96 175 4 -7 0 0 0 0 49 76 1 2 0 N N N N 166 76 5 -10 -10
1 10352 -103 186 15 4 0 0 0 0 72 62 6 -15 -3 N N N N 172 84 8 -10 -10
1 12412 -132 213 -6 -1 0 0 0 0 104 44 18 -18 -6 N N N N 228 98 4 -12 -12
1 10353 -106 170 -2 -4 0 0 0 0 90 7 24 -18 0 N N N N -21 9 10 -3 -3
1 9998 -97 164 -2 2 0 0 0 0 84 -17 25 -14 -4 N N N N 132 50 -2 -5 -5
1 10355 -104 161 1 0 0 0 0 0 72 -40 27 -21 -4 N N N N 85 48 8 -7 -7
1 11941 -124 195 5 1 0 0 0 0 66 -72 33 -36 -8 N N N N -14 13 11 -3 -3
1 13200 -158 171 2 -125 7 -1391 -3 2 33 -117 42 -26 -15 N N N N 272 129 11 -16 -16
1 10799 -91 96 -12 20 0 0 0 0 14 -43 -11 -37 -8 N N N N 3 18 9 -4 -4
1 10002 -102 12 -6 0 0 0 0 0 0 -7 1 -52 -16 N N N N 16 29 13 -5 -5
1 9999 -91 -30 -3 6 0 0 0 0 -1 18 0 -48 -17 N N N N 11 27 13 -6 -6
1 10000 -106 -22 8 -11 0 0 0 0 -2 8 2 -42 -19 N N N N -243 -87 6 9 9
1 10000 -85 -50 -15 7 0 0 0 0 0 28 -9 -42 -6 N N N N -62 29 31 -9 -9
1 10000 -102 -97 13 6 0 0 0 0 -22 50 4 -91 -27 N N N N -5 7 5 -1 -1
1 10000 -95 -146 12 -8 0 0 0 0 -41 64 -5 -61 -19 N N N N 49 58 21 -11 -11
1 9999 -90 -58 0 5 0 0 0 0 -17 26 -11 -47 -15 N N N N -45 7 15 -3 -3
1 10002 -91 -3 -20 20 0 0 0 0 0 4 -8 -17 -6 N N N N -94 7 25 -5 -5
1 10000 -88 23 50 -33 0 0 0 0 -4 -17 28 16 1 N N N N 50 20 0 -2 -2
1 10000 -121 76 -32 9 0 0 0 0 37 -28 -13 78 17 N N N N 116 39 -4 -4 -4
1 10000 -100 43 27 -14 0 0 0 0 12 -21 6 -12 -3 N N N N 191 52 -15 -3 -3
1 9999 -111 -45 15 16 0 0 0 0 -20 24 3 -28 -7 N N N N -2 -14 -7 3 3
