version: 66.14
glider: 195
mission: 21
dive: 397
start: 7 18 105 23 16 29
columns: rec,elaps_tms,depth,heading,pitch,roll,AD_pitch,AD_roll,AD_vbd,GC_phase,mag.x,mag.y,mag.z,sbect.TempFreq,sbect.CondFreq,wlbb2fl.sig470nm,wlbb2fl.sig700nm,wlbb2fl.sig695nm,wlbb2fl.temp,aa4330.O2,aa4330.AirSat,aa4330.Temp,aa4330.CalPhase,aa4330.TCPhase,
data:
0 17225 8 364 -611 145 152 2243 927 6 190 -268 -151 173144 135357 N N N N 248871 98146 25929 29132 30538
1 9999 -16 182 7 -198 0 0 0 0 2 -10 19 -489 -8 N N N N -554 -258 -22 33 33
1 10002 20 -70 -11 69 0 0 0 0 -11 2 -21 -203 -15 N N N N -216 48 75 -19 -19
1 10000 -2 -64 -21 170 0 0 0 0 5 -10 37 345 -5 N N N N -586 36 150 -32 -32
1 9999 2 -81 27 -207 0 0 0 0 27 78 -83 330 -1 N N N N 1026 298 -60 -22 -22
1 10001 1 30 94 110 0 0 0 0 6 -40 64 319 53 N N N N 2948 1149 -10 -124 -124
1 8783 0 -40 -70 21 -3 1 15 -4 -2 11 -22 385 -52 N N N N -3992 -1535 24 164 164
1 9952 -12 275 -44 -132 1 0 245 0 -62 -66 30 -1330 4 N N N N 832 180 -83 -4 -4
1 9950 44 -23 -85 26 -2 0 251 0 -3 4 -17 930 -6 N N N N -3539 242 929 -195 -195
1 9991 14 -239 94 5 1 0 245 0 41 78 -63 -1240 6 N N N N 110 398 201 -79 -79
1 10018 12 154 -112 -248 1 0 254 0 -30 29 -47 159 -16 N N N N 211 210 70 -36 -36
1 10067 62 -160 19 196 0 1 267 0 3 -6 5 369 -12 N N N N 206 137 31 -20 -20
1 9889 68 23 -1 60 0 -1 267 0 4 -30 27 -425 -3 N N N N 311 158 17 -21 -21
1 15841 254 -43 29 -49 1007 0 162 -1 19 35 -15 -524 -26 N N N N -178 -50 13 3 3
1 8443 165 4 332 63 1369 1 109 1 76 -18 150 -36 -4 N N N N 76 36 3 -4 -4
1 9742 129 53 97 -17 -2 -1 407 0 -7 -19 52 17 7 N N N N 54 22 0 -2 -2
1 8245 124 3 -30 81 -7 1412 259 4 0 -1 14 83 20 N N N N -81 -39 -3 4 4
1 15317 258 -119 29 50 -1 -1 1 -2 30 49 -7 63 17 N N N N 51 -20 -23 7 7
1 9999 165 -104 1 -2 0 0 0 0 18 48 -20 14 10 N N N N -2 -14 -8 3 3
1 9999 181 -127 -16 -7 0 0 0 0 10 63 -22 39 11 N N N N 5 -29 -17 6 6
1 10000 177 3487 0 2 0 0 0 0 -3 57 -15 45 16 N N N N -84 -52 -10 7 7
1 10000 165 -98 2 5 0 0 0 0 -13 49 -10 43 15 N N N N 50 -15 -20 6 6
1 10000 175 -115 3 -15 0 0 0 0 -25 57 2 30 9 N N N N 34 -12 -15 3 3
1 16481 287 -201 27 -128 69 -1457 1 2 -65 86 79 45 11 N N N N 36 -10 -14 4 4
1 10814 158 -77 23 15 0 0 0 0 -34 24 12 4 6 N N N N -95 -57 -10 8 8
1 10000 142 -60 16 -8 0 0 0 0 -29 15 15 3 -1 N N N N -1 -13 -7 3 3
1 10000 150 -56 -1 6 0 0 0 0 -27 11 6 3 1 N N N N -31 -14 -1 1 1
1 10001 136 -67 -4 -6 0 0 0 0 -32 8 15 5 1 N N N N -33 -14 0 2 2
1 9999 139 -52 3 -1 0 0 0 0 -26 4 12 5 4 N N N N -57 -33 -6 5 5
1 10000 146 -55 -4 7 0 0 0 0 -27 2 7 7 -2 N N N N 40 11 -3 -1 -1
1 10000 125 -66 8 -3 0 0 0 0 -35 0 13 10 2 N N N N -88 -33 1 3 3
1 9999 140 -84 -7 -6 0 0 0 0 -40 -9 19 2 2 N N N N -106 -53 -5 7 7
1 10002 146 -78 -4 6 0 0 0 0 -37 -10 10 3 -1 N N N N -82 -36 -2 4 4
1 9999 137 -70 8 -7 0 0 0 0 -34 -17 14 0 1 N N N N -16 -9 -1 1 1
1 10000 140 -53 0 -3 0 0 0 0 -22 -15 10 5 1 N N N N -14 -8 -2 2 2
1 10001 131 -59 4 8 0 0 0 0 -27 -14 2 7 0 N N N N -130 -56 -2 6 6
1 9999 146 -77 -7 -5 0 0 0 0 -26 -28 15 3 2 N N N N -1 0 0 0 0
1 10000 136 -89 -3 -3 0 0 0 0 -26 -37 14 4 -1 N N N N -110 -49 -2 6 6
1 10000 141 -81 2 3 0 0 0 0 -22 -34 5 2 0 N N N N 28 8 -2 -1 -1
1 10000 141 -92 -2 8 0 0 0 0 -16 -40 7 9 3 N N N N -50 -22 -1 3 3
1 10001 152 -83 7 -5 0 0 0 0 -12 -43 2 0 -1 N N N N -15 -9 -2 1 1
1 9999 131 -84 -5 -3 0 0 0 0 -4 -43 3 4 -1 N N N N -150 -60 1 7 7
1 15667 239 -120 -3 -136 -1 -1326 1 -2 6 -107 -19 1 -1 N N N N 51 17 -3 -2 -2
1 10801 167 70 0 18 0 0 0 0 -4 40 11 18 2 N N N N -116 -50 -1 6 6
1 20002 308 243 -13 11 0 0 0 0 23 123 23 232 39 N N N N -125 -84 -19 13 13
1 19998 317 167 11 -4 0 0 0 0 35 75 -4 3303 761 N N N N -2110 -1598 -428 254 254
1 20000 294 247 0 2 0 0 0 0 93 88 -20 5142 1361 N N N N -9417 -5673 -1140 875 875
1 20000 272 271 -4 -1 0 0 0 0 130 46 -41 1971 686 N N N N -16466 -7943 -965 1210 1210
1 20532 263 115 1 1 0 0 0 0 58 1 -22 3327 1054 N N N N -11262 -5397 -728 912 912
1 20000 231 233 1 -2 0 0 0 0 109 -34 -48 2573 872 N N N N -4847 -2985 -804 614 615
1 20000 219 102 16 -4 0 0 0 0 41 -30 -14 5682 1707 N N N N -3655 -2781 -1015 651 650
1 20000 208 137 -17 4 0 0 0 0 46 -49 -33 2355 928 N N N N -3925 -2896 -1070 705 705
1 20000 173 31 -4 5 0 0 0 0 9 -12 -8 1914 681 N N N N -1102 -1141 -553 314 314
1 20000 161 45 5 -8 0 0 0 0 11 -21 -3 3107 891 N N N N -1358 -1256 -579 343 343
1 25647 193 225 36 121 41 1391 1 2 27 -111 -17 4251 1331 N N N N -7499 -4079 -1132 992 992
1 20000 137 -3492 5 -5 0 0 0 0 -3 -57 6 2560 962 N N N N -8305 -3634 -645 851 851
1 19998 123 35 3 2 0 0 0 0 -4 -18 1 1439 617 N N N N -6811 -2822 -443 678 678
1 20002 117 42 -2 0 0 0 0 0 -5 -21 3 1838 549 N N N N -6381 -2496 -318 607 607
1 19999 138 34 20 2 0 0 0 0 -7 -17 11 2532 703 N N N N -5063 -2309 -574 645 645
1 20001 137 -8 -12 -3 0 0 0 0 2 4 -6 1659 648 N N N N -10044 -3850 -538 1029 1029
1 19998 135 -70 2 1 0 0 0 0 11 35 -3 469 260 N N N N -11353 -3969 -294 1071 1071
1 20002 153 -52 -2 -4 0 0 0 0 4 27 -2 690 283 N N N N -8774 -2967 -148 832 832
1 20001 175 -44 1 1 0 0 0 0 2 23 -1 439 211 N N N N -8147 -2789 -199 838 838
1 19997 169 3520 -3 1 0 0 0 0 -1 42 -2 228 138 N N N N -7068 -2381 -146 743 743
1 25882 226 -182 -20 121 -8 1369 2 -2 -25 92 -29 968 189 N N N N -7356 -2478 -175 814 814
1 21414 179 -150 -7 -123 0 -1392 0 2 -42 66 36 815 265 N N N N -5647 -1912 -164 660 660
1 20001 169 -98 16 -1 0 0 0 0 -37 36 17 350 156 N N N N -4671 -1562 -122 555 555
1 19998 164 -182 5 1 0 0 0 0 -82 48 25 1091 195 N N N N -4414 -1451 -85 525 525
1 20001 164 -212 1 -1 0 0 0 0 -108 20 32 1926 357 N N N N -4141 -1453 -247 574 574
1 20000 161 -249 -1 4 0 0 0 0 -124 -25 36 664 323 N N N N -4271 -1520 -321 629 629
1 19999 135 -280 3 2 0 0 0 0 -113 -86 33 913 255 N N N N -3768 -1274 -184 523 523
1 20001 112 -117 -1 -2 0 0 0 0 -33 -50 11 1686 319 N N N N -3622 -1261 -269 547 547
1 20001 121 -63 3 -1 0 0 0 0 -12 -30 5 899 395 N N N N -5144 -1697 -228 731 731
1 20001 100 -134 -2 0 0 0 0 0 -19 -65 3 605 238 N N N N -6850 -2182 -176 953 953
1 19998 92 -129 4 2 0 0 0 0 -1 -65 2 342 152 N N N N -5933 -1889 -187 868 868
1 24001 116 31 -16 -120 0 -1374 1 -2 4 -24 0 585 223 N N N N -5419 -1684 -88 790 790
1 19999 80 172 8 -2 0 0 0 0 8 85 12 175 76 N N N N -3980 -1261 -156 627 627
1 20001 91 179 -1 2 0 0 0 0 36 84 5 233 94 N N N N -4454 -1386 -118 699 699
1 20000 113 178 2 -3 0 0 0 0 59 70 -5 102 70 N N N N -2851 -879 -63 454 454
1 20000 91 151 -5 3 0 0 0 0 67 45 -10 -21 62 N N N N -2376 -729 -40 380 380
1 19999 102 177 2 -4 0 0 0 0 86 30 -21 197 72 N N N N -2027 -623 -47 333 333
1 20001 101 182 0 5 0 0 0 0 94 4 -29 215 49 N N N N -974 -299 -24 162 162
1 20000 89 171 0 -3 0 0 0 0 83 -23 -30 134 46 N N N N -616 -193 -30 107 107
1 20000 92 142 -2 2 0 0 0 0 62 -36 -27 205 77 N N N N -1175 -364 -47 201 201
1 20000 107 192 -2 -3 0 0 0 0 62 -73 -34 531 90 N N N N -1042 -331 -84 191 191
1 21236 81 215 -14 116 -9 1365 1 2 34 -100 -47 318 83 N N N N -888 -277 -52 158 158
1 20000 72 -3432 16 6 0 0 0 0 -2 -88 13 -18 40 N N N N -1502 -448 15 243 243
1 20001 91 154 7 -1 0 0 0 0 -27 -76 10 -72 21 N N N N -852 -261 -27 148 148
1 19998 73 156 -1 -5 0 0 0 0 -46 -68 14 -20 -8 N N N N -869 -256 26 140 140
1 20002 89 119 0 4 0 0 0 0 -47 -41 14 397 38 N N N N -851 -257 -7 145 145
1 19999 91 18 2 -1 0 0 0 0 -8 -5 4 547 114 N N N N -582 -186 -64 113 113
1 20000 105 -28 3 -1 0 0 0 0 12 8 -4 555 155 N N N N 356 96 -65 -46 -46
1 20000 97 -58 0 -1 0 0 0 0 24 19 -7 231 109 N N N N 1428 407 -114 -213 -213
1 20000 105 -75 -1 3 0 0 0 0 27 29 -8 55 34 N N N N 1320 379 -83 -198 -198
1 20000 124 -93 0 0 0 0 0 0 28 40 -8 -11 15 N N N N -447 -140 -38 82 82
1 23469 128 -181 -20 122 -11 1404 1 -2 35 91 -8 -14 6 N N N N -1451 -439 -37 249 249
1 20000 114 3463 6 1 0 0 0 0 7 70 -15 98 43 N N N N -1398 -417 -10 235 235
1 20000 133 -147 4 -2 0 0 0 0 -14 75 -12 61 -3 N N N N -1555 -468 -30 270 270
1 20885 131 -161 -2 -33 1 -206 0 -1 -36 77 3 101 45 N N N N -1614 -482 -21 280 280
1 19113 123 -127 4 -86 -1 -1190 0 3 -43 49 40 637 56 N N N N -618 -187 -20 110 110
1 20000 122 -108 3 -1 0 0 0 0 -46 34 13 354 161 N N N N 291 76 -72 -35 -35
1 20000 126 -109 -2 0 0 0 0 0 -50 26 15 347 100 N N N N 1101 314 -82 -171 -171
1 20000 133 -148 0 -4 0 0 0 0 -75 18 23 162 62 N N N N 1412 409 -60 -226 -226
1 20003 128 -162 2 4 0 0 0 0 -83 -3 25 68 38 N N N N 1713 498 -46 -275 -275
1 19999 133 -152 1 -3 0 0 0 0 -75 -23 22 72 40 N N N N 1169 339 -37 -184 -184
1 20000 138 -144 -2 -2 0 0 0 0 -62 -39 20 73 27 N N N N 676 195 -24 -105 -105
1 20001 117 -150 2 3 0 0 0 0 -53 -54 15 91 27 N N N N 795 231 -16 -125 -125
1 19997 146 -130 -3 -2 0 0 0 0 -34 -57 11 54 19 N N N N 1082 315 -20 -170 -170
1 26120 190 -110 -10 -111 0 -1357 1 -2 -14 -91 20 234 63 N N N N 759 221 -13 -118 -118
1 20000 122 102 7 0 0 0 0 0 14 50 2 143 25 N N N N 390 115 -1 -62 -62
1 20000 184 246 2 -5 0 0 0 0 71 102 -2 443 99 N N N N 417 101 -107 -39 -39
1 19998 151 204 -1 2 0 0 0 0 88 61 -16 192 89 N N N N 1496 421 -85 -214 -214
1 20000 161 196 -2 2 0 0 0 0 98 29 -25 122 65 N N N N 1396 402 -32 -208 -208
1 20002 156 187 0 1 0 0 0 0 96 -4 -31 108 50 N N N N 1076 308 -30 -157 -157
1 19998 153 185 -1 1 0 0 0 0 87 -33 -35 14 38 N N N N 682 195 -21 -98 -98
1 20002 149 204 0 -5 0 0 0 0 76 -68 -36 226 41 N N N N 514 144 -29 -70 -70
1 17755 134 173 0 137 23 1375 1 0 41 -72 -48 52 33 N N N N 372 102 -25 -50 -50
1 22245 146 162 23 -18 -1 0 -1 2 13 -84 13 174 22 N N N N 275 82 7 -43 -43
1 19998 138 -3464 5 1 0 0 0 0 -8 -71 3 269 78 N N N N 261 72 -18 -34 -34
1 20002 134 78 0 0 0 0 0 0 -12 -39 5 108 50 N N N N 411 112 -34 -53 -53
1 20000 132 -48 -2 1 0 0 0 0 8 24 -3 103 41 N N N N 560 157 -23 -77 -77
1 19999 129 -143 1 -1 0 0 0 0 12 74 -4 -21 -4 N N N N 312 85 -25 -39 -39
1 20000 129 3458 -1 -4 0 0 0 0 -8 74 1 233 33 N N N N -499 -153 -32 83 83
1 20001 125 -151 4 4 0 0 0 0 -29 74 8 2 35 N N N N -408 -129 -39 72 72
1 19998 127 -138 -3 -1 0 0 0 0 -43 58 9 15 7 N N N N -206 -63 -15 34 34
1 20000 129 -140 -1 -1 0 0 0 0 -57 47 13 123 19 N N N N -1054 -312 -18 163 163
1 24531 149 -89 -15 -117 0 -1380 0 -2 -39 2 62 -11 12 N N N N -1183 -342 7 177 177
1 20411 135 128 11 1 0 0 0 0 57 -29 -20 -14 -6 N N N N -884 -257 5 133 133
1 20355 143 208 2 1 0 0 0 0 74 -74 -34 454 78 N N N N -459 -149 -70 88 88
1 21412 144 202 -9 130 -6 1371 0 2 40 -88 -46 110 49 N N N N 943 264 -45 -131 -131
1 20821 141 -3436 5 -12 0 0 0 0 4 -86 4 216 57 N N N N 1360 391 -16 -201 -201
1 20001 129 135 5 2 0 0 0 0 -16 -69 8 248 82 N N N N 1352 383 -39 -192 -192
1 20001 143 115 0 -1 0 0 0 0 -26 -55 8 158 70 N N N N 1599 454 -34 -226 -226
1 19998 119 69 0 -5 0 0 0 0 -21 -30 5 120 56 N N N N 1868 533 -31 -263 -263
1 20002 140 -50 1 2 0 0 0 0 15 22 -4 250 65 N N N N 1864 533 -23 -261 -261
1 19999 136 -129 1 2 0 0 0 0 31 60 -8 102 45 N N N N 1973 561 -34 -270 -270
1 20000 138 -127 0 -2 0 0 0 0 16 65 -6 127 40 N N N N 2132 604 -39 -285 -285
1 20000 128 3484 2 -2 0 0 0 0 1 61 0 49 31 N N N N 2213 629 -30 -294 -294
1 20001 140 -146 -1 4 0 0 0 0 -17 75 4 108 36 N N N N 1548 438 -26 -202 -202
1 19998 164 -176 -59 -1 -78 0 0 0 -42 80 -15 14 10 N N N N 876 248 -16 -113 -113
1 20001 147 -181 6 1 0 0 0 0 -69 64 25 89 27 N N N N 284 78 -11 -34 -34
1 20001 163 -164 3 0 0 0 0 0 -76 36 27 154 21 N N N N 120 27 -22 -9 -9
1 19998 172 -141 2 0 0 0 0 0 -71 13 24 126 35 N N N N -494 -151 -26 75 75
1 20000 161 -115 -3 -1 0 0 0 0 -58 -3 21 124 32 N N N N -926 -274 -19 130 130
1 20001 167 -155 1 -1 0 0 0 0 -75 -22 27 175 53 N N N N -1127 -334 -30 162 162
1 20001 167 -147 -2 3 0 0 0 0 -63 -37 22 58 27 N N N N -319 -101 -31 53 53
1 19998 167 -131 -2 -3 0 0 0 0 -47 -47 18 70 34 N N N N 46 7 -18 0 0
1 40001 342 -247 8 -3 0 0 0 0 -59 -112 19 79 34 N N N N 697 190 -30 -85 -85
1 44233 361 83 10 -112 30 -1374 0 -2 10 1 11 155 15 N N N N -1971 -572 -21 274 274
1 40000 336 414 1 -1 0 0 0 0 143 155 -16 252 69 N N N N -720 -225 -60 117 117
1 40001 342 412 -3 -1 0 0 0 0 205 35 -62 187 57 N N N N -644 -198 -44 102 102
1 40355 343 397 0 0 0 0 0 0 167 -101 -75 482 121 N N N N 1712 471 -60 -215 -215
1 42354 358 -3231 4 122 -6 1370 0 2 54 -175 -47 387 154 N N N N 8219 2315 -91 -1055 -1055
1 39999 316 231 4 -2 0 0 0 0 -30 -117 13 -71 16 N N N N 5498 1561 -17 -686 -686
1 40000 331 -88 -8 -1 0 0 0 0 17 43 -9 139 18 N N N N -884 -250 5 108 108
1 40000 319 3324 4 -1 0 0 0 0 8 144 -4 436 113 N N N N -254 -102 -74 57 57
1 40002 312 -293 1 1 0 0 0 0 -68 136 21 178 76 N N N N 4517 1259 -60 -532 -532
1 43644 356 18 -8 -115 0 -1361 0 -2 7 -15 31 258 68 N N N N 4611 1290 -45 -532 -532
1 43060 357 -3188 0 115 -9 1370 0 2 66 -193 -56 111 58 N N N N 4475 1248 -47 -499 -499
1 40000 322 76 8 -3 0 0 0 0 -5 -40 7 122 52 N N N N 2786 784 -12 -310 -310
1 39998 332 3347 -5 4 0 0 0 0 -5 132 -4 165 30 N N N N 2894 807 -25 -311 -311
1 40001 317 -302 -4 -1 0 0 0 0 -80 134 25 247 63 N N N N 1286 340 -45 -123 -123
1 40000 343 -289 3 -3 0 0 0 0 -130 73 40 95 36 N N N N 1125 300 -34 -108 -108
1 44001 357 -11 -5 -112 0 -1366 0 -2 -4 -19 57 197 50 N N N N 1927 525 -36 -193 -193
1 40000 342 419 -1 1 0 0 0 0 174 -107 -81 66 29 N N N N -116 -49 -29 24 24
1 42411 342 -3218 -2 113 -9 1350 -1 2 49 -185 -47 153 36 N N N N -349 -108 -16 44 44
1 40001 333 145 10 0 0 0 0 0 -16 -74 12 192 57 N N N N -602 -183 -23 74 74
1 39999 342 -152 -6 1 0 0 0 0 16 78 -10 68 26 N N N N -365 -116 -25 49 49
1 40000 330 3265 -5 0 0 0 0 0 -38 169 10 221 48 N N N N 474 116 -33 -37 -37
1 40000 318 -307 7 -3 0 0 0 0 -113 111 38 122 50 N N N N 1752 471 -40 -171 -171
1 43648 370 78 -7 -114 0 -1360 0 -2 35 -33 32 121 33 N N N N -467 -147 -27 61 61
1 43235 351 452 17 114 29 1367 0 2 115 -188 -74 20 15 N N N N -1824 -524 -19 203 203
1 40000 303 -3356 12 1 0 0 0 0 -13 -127 12 -82 -21 N N N N -4631 -1298 8 501 501
1 40000 297 -6 2 1 0 0 0 0 1 3 1 -15 -18 N N N N -10934 -3070 11 1244 1244
1 40001 281 3312 -2 -3 0 0 0 0 8 150 -4 171 27 N N N N -8418 -2373 -12 1025 1025
1 40000 298 -288 1 0 0 0 0 0 -69 133 18 33 20 N N N N -344 -106 -26 52 52
1 40000 285 -257 1 1 0 0 0 0 -110 77 31 -3 -4 N N N N -948 -268 -4 119 119
1 45001 313 45 -4 -113 0 -1359 -1 -2 22 -27 43 163 24 N N N N -21753 -6118 -16 2934 2934
1 40514 303 450 -4 34 -1 206 1 -1 151 -160 -83 121 35 N N N N -10512 -2957 -29 1582 1582
1 39484 265 -3274 1 85 -4 1161 -1 3 1 -167 -10 105 32 N N N N -193 -57 -18 34 34
1 40001 297 139 6 -2 0 0 0 0 -30 -67 12 176 51 N N N N 608 166 -24 -89 -89
1 40000 273 -236 -5 0 0 0 0 0 40 117 -14 205 52 N N N N -516 -150 -33 87 87
1 40000 288 3289 2 1 0 0 0 0 -28 160 5 204 58 N N N N -1273 -363 -42 207 207
1 40000 269 -325 1 -2 0 0 0 0 -114 124 33 88 43 N N N N -4730 -1328 -33 758 758
1 44469 322 33 -11 -119 0 -1369 -1 -2 16 -24 42 78 21 N N N N -2455 -689 -15 403 403
1 41191 306 428 -9 141 -10 1364 0 2 122 -168 -92 114 39 N N N N -956 -270 -27 162 162
1 40808 286 -3385 17 -22 0 0 0 0 1 -113 12 95 28 N N N N -3357 -939 -14 564 564
1 40000 286 3463 -2 0 0 0 0 0 4 72 -3 67 18 N N N N 1053 293 -9 -176 -176
1 40000 290 -308 -2 0 0 0 0 0 -54 151 14 113 31 N N N N 953 264 -23 -156 -156
1 40001 292 -305 -1 0 0 0 0 0 -123 99 35 49 19 N N N N -189 -54 -17 34 34
1 40000 296 -323 -1 1 0 0 0 0 -163 21 50 30 11 N N N N -1022 -286 -8 172 172
1 43655 335 -29 -3 -117 0 -1372 -1 -2 -14 -31 61 65 14 N N N N -1611 -450 -9 274 274
1 39992 305 457 -5 2 0 0 0 0 226 -30 -80 122 38 N N N N -757 -213 -26 132 132
1 41477 319 466 -8 133 -8 1370 0 2 126 -188 -93 199 49 N N N N 940 260 -27 -156 -156
1 40815 313 -3285 14 -16 0 0 0 0 -24 -162 19 167 43 N N N N 1493 414 -29 -247 -247
1 40000 309 91 4 -3 0 0 0 0 -23 -42 10 176 58 N N N N 6858 1905 -31 -1114 -1114
1 40000 315 -161 -6 1 0 0 0 0 37 76 -15 246 69 N N N N 4542 1257 -39 -703 -703
1 40000 294 3317 1 -2 0 0 0 0 6 148 -3 39 27 N N N N 5380 1489 -28 -807 -807
1 40000 298 -276 -3 2 0 0 0 0 -63 129 17 136 37 N N N N -1139 -320 -23 175 175
1 43649 336 59 -4 -122 0 -1367 -2 -2 19 -32 26 173 44 N N N N -8660 -2407 -28 1338 1338
1 40000 302 -3234 24 122 21 1371 1 2 50 -175 -36 134 38 N N N N -4012 -1117 -30 650 650
1 40001 280 266 4 0 0 0 0 0 -42 -133 16 84 32 N N N N -957 -267 -18 159 159
1 39999 296 35 -2 2 0 0 0 0 -10 -15 3 98 30 N N N N -685 -190 -14 114 114
1 40001 274 -217 -2 -3 0 0 0 0 46 104 -15 97 26 N N N N -396 -112 -19 69 69
1 40000 272 3330 2 0 0 0 0 0 -4 141 0 122 34 N N N N 84 21 -24 -10 -10
1 45059 316 -398 -11 4 -8 1 -3 0 -122 165 27 162 47 N N N N 126 32 -33 -16 -16
1 39998 277 -317 4 -8 0 0 0 0 -157 48 48 95 29 N N N N -73 -22 -18 15 15
1 40002 282 -321 -4 1 0 0 0 0 -158 -39 47 54 22 N N N N -99 -29 -16 19 19
1 40000 293 -353 3 4 0 0 0 0 -122 -129 36 308 61 N N N N -535 -150 -31 93 93
1 39999 290 -397 -1 -2 0 0 0 0 -20 -197 9 94 42 N N N N 898 244 -37 -142 -142
1 45529 328 -178 -6 2 -9 -11 0 0 36 -83 -8 185 56 N N N N 1934 531 -23 -311 -311
1 40001 309 -191 -3 2 0 0 0 0 64 -73 -17 187 60 N N N N 1176 320 -38 -182 -182
1 40000 315 -335 2 -3 0 0 0 0 157 -67 -48 113 36 N N N N 149 38 -29 -18 -18
1 40000 314 -366 4 0 0 0 0 0 183 38 -56 251 59 N N N N -1330 -370 -33 218 218
1 39999 306 -333 -1 0 0 0 0 0 118 126 -37 182 63 N N N N 230 59 -43 -29 -29
1 43412 370 3188 -12 125 -9 1395 0 -2 21 211 -31 143 56 N N N N 347 91 -37 -50 -50
1 42234 334 -404 6 -124 0 -1385 -1 2 -125 167 55 72 27 N N N N -1442 -398 -22 235 235
1 40000 330 -323 1 3 0 0 0 0 -158 47 49 90 20 N N N N -956 -263 -9 156 156
1 39999 317 -333 -5 -2 0 0 0 0 -161 -46 52 146 38 N N N N -6 -4 -22 5 5
1 40000 318 -331 6 -4 0 0 0 0 -113 -125 35 249 63 N N N N -549 -153 -34 94 94
1 40001 327 -325 -2 0 0 0 0 0 -26 -161 11 269 79 N N N N -850 -237 -49 146 146
1 43649 369 18 -5 -114 -1 -1381 -1 -2 1 -29 -7 265 71 N N N N -726 -203 -50 126 126
1 40001 342 491 -7 2 0 0 0 0 83 230 21 182 75 N N N N 1738 470 -53 -275 -275
1 40000 333 470 2 -3 0 0 0 0 213 105 -51 232 66 N N N N -683 -189 -39 117 117
1 41001 342 488 4 0 0 0 0 0 223 -83 -91 196 61 N N N N -141 -42 -36 28 28
1 40000 311 -3128 22 122 30 1385 0 2 71 -221 -47 189 52 N N N N -1017 -280 -38 171 171
1 39999 288 297 8 -2 0 0 0 0 -60 -143 22 143 47 N N N N 208 55 -26 -30 -30
1 40000 304 87 3 -3 0 0 0 0 -31 -34 9 124 44 N N N N -57 -18 -24 13 13
1 39999 309 -220 -3 0 0 0 0 0 68 94 -19 120 33 N N N N -613 -167 -19 102 102
1 40000 294 -211 1 2 0 0 0 0 25 108 -8 246 69 N N N N -157 -46 -41 31 31
1 40000 298 3398 1 0 0 0 0 0 -15 105 3 265 74 N N N N 372 97 -47 -53 -53
1 40000 295 -254 -3 -2 0 0 -1 0 -71 112 16 109 37 N N N N -192 -54 -27 35 35
1 40001 293 -277 5 2 0 0 0 0 -124 75 33 99 36 N N N N -939 -256 -28 156 156
1 40000 297 -277 -1 -6 0 0 0 0 -144 8 40 131 33 N N N N -567 -155 -17 95 95
1 40001 291 -312 -4 0 0 0 0 0 -144 -68 39 229 53 N N N N 1016 272 -35 -161 -161
1 39999 276 -379 0 4 0 0 0 0 -98 -162 28 232 70 N N N N -850 -232 -39 144 144
1 44116 328 65 -6 -118 0 -1378 -1 -2 11 -7 15 225 66 N N N N -234 -66 -46 44 44
1 40413 299 466 -5 5 0 0 0 0 157 180 -9 20 35 N N N N 1622 435 -30 -258 -258
1 40352 306 477 1 -2 0 0 0 0 240 23 -67 128 34 N N N N 778 209 -18 -123 -123
1 40411 293 468 0 3 0 0 0 0 169 -155 -81 214 43 N N N N 329 86 -23 -49 -49
1 43942 309 -3137 1 114 -6 1368 0 2 -12 -232 -12 113 44 N N N N -661 -180 -33 110 110
1 40001 272 239 7 -1 0 0 0 0 -80 -97 25 63 27 N N N N 204 54 -13 -30 -30
1 40000 291 -38 1 0 0 0 0 0 16 12 -4 150 32 N N N N 132 34 -13 -20 -20
1 39999 293 -261 -3 -3 0 0 0 0 76 114 -23 285 71 N N N N -1136 -309 -44 189 189
1 40001 276 3317 -3 2 0 0 0 0 16 147 -6 201 71 N N N N -1660 -448 -42 274 274
1 45881 328 -400 -15 0 -10 1 -1 0 -100 180 19 192 57 N N N N -1839 -496 -45 305 305
1 40000 258 -323 11 -4 0 0 0 0 -154 67 48 99 36 N N N N 535 142 -24 -84 -84
1 40000 283 -330 1 4 0 0 0 0 -166 -25 49 165 38 N N N N 2080 556 -20 -335 -335
1 40001 270 -331 -2 -1 0 0 0 0 -128 -108 37 224 68 N N N N 518 136 -41 -78 -78
1 40000 272 -310 4 -2 0 0 0 0 -49 -149 15 222 64 N N N N -1629 -438 -38 267 267
1 40000 280 -322 -1 -1 0 0 0 0 40 -157 -10 147 47 N N N N -1905 -511 -27 314 314
1 43647 296 -395 -15 127 -10 1392 -1 -2 155 -93 16 329 87 N N N N -659 -178 -52 114 114
1 40001 279 -408 -3 -1 0 0 0 0 207 -18 -64 180 68 N N N N -1158 -311 -55 196 196
1 39999 273 -400 3 4 0 0 0 0 158 117 -76 122 42 N N N N 492 130 -25 -78 -78
1 39611 282 3188 0 -4 0 0 0 0 35 202 -57 133 37 N N N N -245 -66 -24 43 43
1 42861 278 -452 2 -120 0 -1403 -1 2 -133 189 52 119 35 N N N N -612 -163 -17 102 102
1 39998 256 -318 6 -2 0 0 0 0 -158 44 49 233 55 N N N N -164 -45 -29 30 30
1 40001 272 -320 -1 0 0 0 0 0 -157 -43 47 146 50 N N N N 81 21 -36 -9 -9
1 40000 264 -332 1 -5 0 0 0 0 -114 -124 36 120 39 N N N N 97 25 -25 -14 -14
1 40002 260 -318 -1 7 0 0 0 0 -29 -155 10 174 36 N N N N 1326 350 -22 -215 -215
1 44053 297 47 -4 -121 0 -1367 0 -2 1 -16 -2 304 82 N N N N 993 261 -52 -155 -155
1 40001 295 470 -1 4 0 0 0 0 91 217 16 179 53 N N N N 334 87 -35 -50 -50
1 39999 282 481 -4 0 0 0 0 0 225 97 -55 324 95 N N N N -981 -262 -59 166 166
1 40414 269 475 2 -1 0 0 0 0 214 -92 -86 81 43 N N N N -711 -189 -30 118 118
1 40236 278 -3173 19 116 21 1383 -1 2 65 -201 -43 78 21 N N N N -642 -170 -12 106 106
1 40000 259 340 7 -1 0 0 0 0 -68 -164 21 145 36 N N N N 0 -1 -22 2 2
1 40000 265 -14 0 2 0 0 0 0 5 6 0 150 43 N N N N 222 58 -19 -34 -34
1 40000 268 -234 -1 -1 0 0 0 0 54 110 -17 209 49 N N N N -290 -78 -32 50 50
1 40000 272 3313 -2 -1 0 0 0 0 -1 150 -1 205 61 N N N N 245 63 -38 -35 -35
1 40000 269 -304 5 0 0 0 0 0 -83 136 21 89 38 N N N N 364 95 -31 -56 -56
1 43646 311 31 -10 -115 0 -1386 -1 -2 12 -24 33 174 38 N N N N -177 -48 -25 31 31
1 43120 298 -3128 -1 116 -6 1379 0 2 81 -216 -60 193 51 N N N N 342 89 -34 -51 -51
1 39998 294 280 3 -2 0 0 0 0 -50 -138 18 155 53 N N N N 580 151 -27 -90 -90
1 40000 295 -120 -2 4 0 0 0 0 30 56 -10 53 24 N N N N 3695 969 -20 -582 -582
1 40000 297 3299 2 -1 0 0 0 0 17 156 -6 109 23 N N N N 2632 689 -15 -405 -405
1 40000 310 -315 0 1 0 0 0 0 -72 148 18 46 17 N N N N 1163 304 -14 -175 -175
1 44000 343 20 -6 -118 0 -1365 -1 -2 7 -18 32 120 28 N N N N -2895 -761 -19 447 447
1 41588 336 -3172 2 116 -8 1364 1 2 68 -200 -53 159 41 N N N N -1624 -427 -28 256 256
1 40001 309 294 -3 -1 0 0 0 0 -51 -145 16 123 37 N N N N 990 258 -20 -152 -152
1 39998 314 44 1 2 0 0 0 0 -14 -18 6 88 32 N N N N 2208 576 -17 -337 -337
1 39999 329 -212 1 1 0 0 0 0 52 98 -17 154 31 N N N N 408 105 -21 -59 -59
1 40001 321 3316 1 -1 0 0 0 0 8 148 -4 91 31 N N N N 677 175 -23 -100 -100
1 45591 362 -417 -11 -1 -11 0 -2 0 -119 179 28 144 39 N N N N 1046 271 -25 -154 -154
1 39999 321 -334 2 2 0 0 0 0 -163 53 49 70 17 N N N N -165 -44 -12 27 27
1 40001 321 -294 2 -2 0 0 0 0 -147 -32 44 103 27 N N N N -393 -104 -17 62 62
1 39999 333 -347 -3 0 0 0 0 0 -125 -121 41 116 31 N N N N -728 -192 -20 113 113
1 40001 334 -298 1 0 0 0 0 0 -38 -145 12 138 38 N N N N 788 203 -24 -115 -115
1 43647 355 98 -6 -116 0 -1375 -1 -2 6 10 6 106 31 N N N N 392 100 -22 -56 -56
1 39998 342 500 -5 -3 0 0 0 0 140 208 -1 211 56 N N N N 1454 375 -36 -211 -211
1 40001 336 495 6 2 0 0 0 0 243 47 -71 204 53 N N N N 2179 563 -33 -315 -315
1 40354 338 487 0 2 0 0 0 0 184 -149 -87 206 58 N N N N 1308 336 -36 -184 -184
1 42527 327 -3196 24 115 30 1377 0 2 10 -203 -10 -1 24 N N N N 946 243 -19 -133 -133
1 39999 315 143 5 0 0 0 0 0 -34 -68 11 147 26 N N N N -286 -76 -12 43 43
1 40000 300 -117 -4 0 0 0 0 0 29 55 -9 133 29 N N N N -1808 -471 -16 265 265
1 40000 308 3336 5 -2 0 0 0 0 18 137 -5 153 38 N N N N -629 -166 -24 96 96
1 40002 294 -293 -4 -1 0 0 0 0 -57 142 12 136 40 N N N N 998 255 -30 -140 -140
1 39998 317 -341 3 4 0 0 -1 0 -144 104 36 171 47 N N N N 872 222 -28 -121 -121
1 40002 301 -333 -2 -1 0 0 0 0 -172 7 45 58 26 N N N N 1066 273 -21 -149 -149
1 40000 294 -325 -2 -4 0 0 0 0 -144 -83 40 121 28 N N N N -641 -167 -13 94 94
1 40000 296 -339 3 4 0 0 0 0 -81 -149 21 88 21 N N N N -808 -212 -19 120 120
1 39998 309 -313 -3 -1 0 0 0 0 13 -157 -2 161 41 N N N N -129 -36 -24 23 23
1 47355 396 7 -53 -115 -71 -1380 0 -2 17 -34 -2 230 63 N N N N 600 150 -36 -80 -80
1 45236 379 441 25 120 28 1388 -1 2 1 258 9 138 44 N N N N 491 123 -31 -65 -65
1 40002 332 211 6 -4 0 0 0 0 59 86 -21 214 57 N N N N 1217 310 -28 -167 -167
1 39998 334 -140 -5 2 0 0 0 0 -43 -55 14 211 63 N N N N 1774 452 -36 -243 -243
1 40001 323 -308 1 2 0 0 0 0 -43 -148 16 227 63 N N N N 2087 531 -40 -282 -282
1 40000 325 -276 -1 -2 0 0 0 0 32 -136 -8 138 43 N N N N 1840 469 -29 -246 -246
1 44706 353 -454 -9 121 -8 1391 0 -2 174 -114 5 194 59 N N N N 1587 400 -42 -205 -205
1 40000 338 -409 -4 1 0 0 0 0 206 -7 -69 207 49 N N N N 621 153 -32 -76 -76
1 40000 332 -381 -3 2 0 0 0 0 146 115 -78 189 61 N N N N 971 242 -38 -121 -121
1 39998 324 3206 6 -1 0 0 0 0 33 194 -52 93 31 N N N N 369 90 -25 -44 -44
1 42588 330 -407 0 -125 0 -1407 -1 2 -111 178 47 64 24 N N N N 160 39 -9 -19 -19
1 39999 313 -327 9 1 0 0 0 0 -157 61 51 345 76 N N N N 580 140 -43 -66 -66
1 40000 298 -264 -3 0 0 0 0 0 -132 -21 43 57 28 N N N N 986 247 -23 -125 -125
1 40000 304 -354 1 1 0 0 0 0 -139 -111 45 196 42 N N N N 665 165 -22 -81 -81
1 39999 301 -304 1 -4 0 0 0 0 -50 -146 17 22 19 N N N N 348 85 -20 -41 -41
1 40002 295 -329 -2 -2 0 0 0 0 37 -161 -9 37 10 N N N N 310 78 -6 -39 -39
1 44648 352 -426 -15 130 -9 1414 0 -2 167 -100 8 114 31 N N N N 158 36 -19 -15 -15
1 40350 313 -439 4 -1 0 0 0 0 219 -5 -76 228 48 N N N N 240 54 -34 -23 -23
1 40354 309 -426 -6 1 0 0 0 0 150 142 -87 56 31 N N N N 285 68 -21 -32 -32
1 40355 310 3180 4 1 0 0 0 0 2 211 -49 109 30 N N N N 213 50 -16 -23 -23
1 41823 326 -421 5 -122 0 -1404 -1 2 -145 161 70 75 17 N N N N 193 47 -12 -22 -22
1 40001 305 -367 4 -5 0 0 0 0 -185 25 62 167 31 N N N N -230 -62 -16 33 33
1 39999 287 -321 -3 3 0 0 0 0 -144 -70 49 77 25 N N N N -539 -142 -21 75 75
1 40000 307 -332 3 -2 0 0 0 0 -89 -142 30 104 21 N N N N -1913 -491 -15 252 252
1 40001 310 -260 -2 1 0 0 0 0 -5 -131 5 181 46 N N N N -1645 -424 -32 222 222
1 44294 357 174 -7 -121 0 -1382 -1 -2 -1 46 5 26 17 N N N N -2237 -572 -14 300 300
1 40353 333 491 -3 5 0 0 0 0 127 214 -2 79 16 N N N N -827 -213 -13 113 113
1 40352 330 504 -1 1 0 0 0 0 245 57 -75 109 31 N N N N -1462 -374 -15 200 200
1 40353 326 475 -2 0 0 0 0 0 185 -134 -94 93 25 N N N N -28 -10 -21 8 8
1 40469 305 -3226 24 116 19 1379 0 2 26 -189 -20 100 17 N N N N -168 -45 -12 25 25
1 40001 300 305 7 0 0 0 0 0 -74 -141 28 120 30 N N N N -95 -27 -18 17 17
1 39999 300 141 1 -1 0 0 0 0 -57 -48 17 145 37 N N N N -598 -155 -20 85 85
1 40000 308 -106 0 -1 0 0 0 0 44 35 -13 140 38 N N N N -12 -7 -21 6 6
1 40000 302 -234 -2 3 0 0 0 0 70 101 -22 36 19 N N N N -341 -89 -20 50 50
1 43120 335 3208 -18 121 -7 1402 -1 -2 9 201 -35 104 29 N N N N -216 -58 -17 33 33
1 41940 327 -378 8 -125 0 -1408 0 2 -119 156 58 133 28 N N N N -15 -7 -19 6 6
1 40000 310 -296 4 4 0 0 0 0 -144 49 45 182 43 N N N N 894 223 -20 -117 -117
1 40000 315 -341 -1 -1 0 0 0 0 -168 -38 54 140 43 N N N N 1965 492 -31 -257 -257
1 40000 318 -296 2 0 0 0 0 0 -108 -103 34 57 20 N N N N 1740 436 -16 -226 -226
1 40001 302 -287 -2 2 0 0 0 0 -44 -137 16 112 27 N N N N 770 192 -15 -98 -98
1 44235 376 121 -10 -120 0 -1368 0 -2 13 19 12 104 26 N N N N 617 152 -20 -76 -76
1 40410 328 502 -1 -4 0 0 0 0 160 196 -14 128 41 N N N N 1071 265 -26 -133 -133
1 40355 336 495 -2 5 0 0 0 0 246 23 -81 82 30 N N N N 1920 480 -19 -242 -242
1 41286 335 512 2 33 -1 205 0 -1 168 -181 -95 77 26 N N N N 1698 424 -17 -212 -212
1 39536 316 -3282 5 85 -9 1173 0 3 -6 -164 -4 95 9 N N N N 889 222 -9 -110 -110
1 40000 329 147 1 -1 0 0 0 0 -33 -70 12 73 24 N N N N 296 72 -12 -34 -34
1 40000 335 -153 0 2 0 0 0 0 34 73 -12 126 27 N N N N 533 130 -18 -62 -62
1 40002 332 3324 0 0 0 0 0 0 9 144 -6 45 12 N N N N 59 12 -12 -5 -5
1 39998 327 -309 -4 0 0 0 0 0 -72 143 20 63 16 N N N N 46 9 -10 -3 -3
1 45355 374 22 -7 -119 0 -1375 -1 -2 8 -16 32 99 20 N N N N 937 232 -13 -113 -113
1 41940 357 -3164 0 114 -10 1373 0 2 69 -206 -58 167 42 N N N N 998 244 -30 -116 -116
1 40000 352 271 3 5 0 0 0 0 -45 -134 21 15 9 N N N N -809 -206 -8 102 102
1 40000 345 94 6 2 0 0 0 0 -30 -40 11 106 20 N N N N -3135 -789 -7 394 394
1 40000 335 -199 -5 -3 0 0 0 0 55 89 -20 161 44 N N N N -1191 -305 -26 157 157
1 40001 344 3273 -4 -1 0 0 0 0 14 170 -10 63 20 N N N N 793 195 -19 -96 -96
1 43588 357 -380 7 0 21 0 -1 0 -102 167 35 48 16 N N N N 1701 424 -11 -211 -211
1 39999 325 -322 10 -1 0 0 0 0 -154 64 49 162 32 N N N N 1452 360 -17 -176 -176
1 39998 331 -333 0 1 0 0 0 0 -166 -28 53 106 33 N N N N 2493 620 -23 -301 -301
1 40003 317 -366 0 -1 0 0 0 0 -133 -127 42 61 20 N N N N 2326 578 -15 -278 -278
1 39999 319 -358 3 1 0 0 0 0 -33 -176 12 105 18 N N N N 796 196 -11 -92 -92
1 39998 328 -342 -3 2 0 0 0 0 71 -156 -19 95 27 N N N N -832 -214 -20 105 105
1 41708 336 -417 -17 119 -11 1395 0 -2 190 -69 3 103 37 N N N N 210 47 -22 -19 -19
1 40001 327 -418 3 2 0 0 0 0 204 34 -79 92 25 N N N N 1539 380 -18 -179 -179
1 39999 344 -414 -1 -3 0 0 0 0 121 162 -78 73 20 N N N N -208 -55 -11 28 28
1 40000 332 3169 -2 3 0 0 0 0 -32 216 -40 82 25 N N N N 61 10 -19 -2 -2
1 43471 337 -394 9 -123 0 -1398 0 2 -157 129 84 134 24 N N N N 697 169 -15 -79 -79
1 39998 320 -279 4 0 0 0 0 0 -142 14 46 141 32 N N N N 608 146 -19 -66 -66
1 40003 314 -251 -2 1 0 0 0 0 -118 -45 40 76 20 N N N N 86 18 -13 -7 -7
1 39997 316 -279 -2 2 0 0 0 0 -97 -100 32 87 23 N N N N 7 -3 -17 4 4
1 40000 310 -324 4 1 0 0 0 0 -40 -158 15 27 12 N N N N 166 39 -9 -17 -17
1 43765 346 72 -11 -123 0 -1374 -1 -2 3 -6 4 128 24 N N N N 591 142 -16 -65 -65
1 40001 324 505 -3 3 0 0 0 0 126 221 0 12 14 N N N N 1060 261 -12 -120 -120
1 39998 316 478 2 -2 0 0 0 0 231 64 -68 143 27 N N N N 590 141 -17 -64 -64
1 40000 323 493 0 -2 0 0 0 0 198 -132 -94 46 18 N N N N 534 130 -12 -58 -58
1 41650 311 -3177 1 122 -9 1386 0 2 27 -212 -33 111 22 N N N N 311 72 -17 -31 -31
1 40000 322 178 6 0 0 0 0 0 -39 -85 17 104 27 N N N N 224 51 -13 -22 -22
1 40000 298 -24 -3 0 0 0 0 0 7 11 -3 119 31 N N N N 441 105 -17 -46 -46
1 40001 289 -210 1 -2 0 0 0 0 37 103 -14 53 17 N N N N 552 132 -16 -58 -58
1 39999 321 3338 -1 1 0 0 0 0 -9 137 -1 126 28 N N N N 273 62 -18 -26 -26
1 40001 296 -226 17 1 28 -1 -1 0 -59 103 27 61 19 N N N N 773 188 -12 -85 -85
1 40000 278 -254 6 1 0 0 0 0 -107 79 30 85 20 N N N N 691 167 -13 -74 -74
1 39998 285 -248 -1 -1 0 0 0 0 -126 23 37 46 14 N N N N -103 -29 -10 14 14
1 40001 259 -251 -1 2 0 0 0 0 -125 -29 36 102 22 N N N N -60 -19 -13 11 11
1 40001 286 -230 -2 0 0 0 0 0 -92 -70 30 144 32 N N N N 842 202 -21 -89 -89
1 44764 322 162 -4 -122 0 -1389 0 -2 64 17 31 75 22 N N N N 653 155 -20 -67 -67
1 39999 282 472 -6 0 0 0 0 0 234 53 -65 63 20 N N N N -659 -168 -14 78 78
1 40001 282 461 0 2 0 0 0 0 186 -127 -84 75 24 N N N N 0 -5 -13 4 4
1 43646 305 -3175 -1 116 -6 1381 0 2 29 -211 -35 59 10 N N N N 840 205 -9 -91 -91
1 39998 274 324 7 0 0 0 0 0 -87 -145 31 97 21 N N N N 176 39 -13 -16 -16
1 40000 287 167 1 0 0 0 0 0 -72 -49 23 72 21 N N N N -207 -54 -10 26 26
1 40000 277 -39 2 1 0 0 0 0 18 9 -5 71 21 N N N N 524 124 -15 -54 -54
1 40002 267 -185 0 -1 0 0 0 0 75 62 -22 100 22 N N N N 835 202 -15 -88 -88
1 44589 333 -370 -21 121 -10 1395 -1 -2 75 177 -32 5 13 N N N N 1394 340 -12 -151 -151
1 40566 290 3214 1 -29 0 -202 1 -1 -55 192 -17 59 10 N N N N 126 28 -8 -11 -11
1 39435 287 -287 7 -89 0 -1201 -1 3 -115 94 66 95 17 N N N N -405 -103 -8 47 47
1 39999 293 -232 5 -2 0 0 0 0 -117 27 37 58 14 N N N N -243 -64 -12 31 31
1 40000 287 -234 1 0 0 0 0 0 -117 -20 39 39 9 N N N N -515 -129 -6 59 59
1 40000 298 -255 1 2 0 0 0 0 -108 -71 33 58 14 N N N N -727 -183 -9 83 83
1 40000 296 -289 -1 -4 0 0 0 0 -73 -127 26 75 16 N N N N -444 -114 -12 53 53
1 44293 328 64 -8 -118 0 -1368 -1 -2 13 -10 17 51 14 N N N N -346 -90 -12 43 43
1 38743 203 393 278 59 229 876 -100 -2 70 166 -75 48 9 N N N N 31 5 -9 -1 -1
1 39984 157 292 -58 12 1 2 -173 0 159 54 -9 11 0 N N N N 5 0 -3 0 0
1 39987 94 262 32 0 -1 -1 -167 0 140 -19 -19 37 -1 N N N N 28 6 -4 -2 -2
1 58281 -97 88 266 3 485 -3 -198 0 -20 -29 70 2 6 N N N N -122 -32 -4 15 15
1 22635 -107 -12 37 3 -2 3 -98 0 -10 6 -3 -41 7 N N N N 88 23 2 -10 -10
1 39110 -278 -131 -53 3 1 0 -165 0 -54 30 -26 -28 -3 N N N N -55 -12 6 4 4
1 39974 -349 -193 31 -4 2 -1 -165 0 -101 15 -43 -67 -13 N N N N -27 -4 8 1 1
1 44110 -414 -115 -113 130 -1 1370 -114 2 -42 7 -77 -97 -22 N N N N -105 -21 15 7 7
1 40471 -415 579 5 3 0 0 0 0 265 -69 120 -81 -19 N N N N 238 64 15 -31 -31
1 39240 -389 -3136 104 -143 -59 -1367 -56 -2 97 -266 43 -80 -18 N N N N 974 245 11 -112 -112
1 41758 -362 179 -173 20 -1 -1 -41 4 -19 -83 -13 -71 -19 N N N N 354 92 13 -44 -44
1 40002 -348 62 6 6 0 0 0 0 -14 -28 -4 -36 -8 N N N N 535 135 9 -62 -62
1 39998 -324 -42 -6 7 0 0 0 0 11 22 3 -55 -12 N N N N 616 156 8 -70 -70
1 40000 -338 -168 -8 -3 0 0 0 0 27 84 6 -94 -22 N N N N 14 9 15 -7 -7
1 40001 -313 3399 4 -6 0 0 0 0 -6 103 3 -123 -31 N N N N -966 -233 18 102 102
1 38753 -345 -218 155 -4 1 0 -113 -4 -49 112 -14 -113 -29 N N N N -810 -194 19 84 84
1 41248 -324 -98 -166 7 0 0 -42 4 -29 32 -7 -87 -20 N N N N -187 -42 13 17 17
1 39998 -366 192 4 -1 0 0 0 0 59 -82 14 -84 -24 N N N N -811 -195 17 85 85
1 40000 -330 -3317 -5 -2 0 0 0 0 31 -145 1 -98 -21 N N N N -77 -14 14 4 4
1 40000 -343 353 3 0 0 0 0 0 -69 -170 -23 -154 -39 N N N N 351 95 24 -46 -46
1 40001 -327 394 5 0 0 0 0 0 -179 -104 -48 -110 -29 N N N N -697 -165 21 71 71
1 38799 -395 299 199 -25 69 0 -114 -4 -194 26 -61 -76 -21 N N N N -770 -187 13 83 83
1 43438 -460 -342 -148 -91 9 -1429 -19 2 204 -38 11 -106 -30 N N N N 112 34 19 -18 -18
1 40413 -457 -608 0 -1 0 0 0 0 210 197 123 -138 -34 N N N N -733 -174 23 76 76
1 42278 -485 2985 -20 139 -63 1422 -1 2 -90 337 -19 -160 -41 N N N N -543 -128 22 55 55
1 40777 -380 -323 -33 -17 0 0 0 0 -145 63 -39 -124 -29 N N N N -818 -196 23 87 87
1 39999 -376 -265 -14 4 0 0 0 0 -135 -12 -35 -118 -29 N N N N -377 -87 19 37 37
1 40001 -372 -91 3 -3 0 0 0 0 -44 -18 -12 -107 -28 N N N N -222 -49 20 20 20
1 39998 -380 7 -1 1 0 0 0 0 3 1 3 -59 -16 N N N N -343 -81 14 35 35
1 40002 -369 -17 5 -6 0 0 0 0 -9 -5 0 -120 -29 N N N N -652 -157 18 71 71
1 40413 -410 293 18 114 0 1363 -56 -2 145 54 -27 -53 -15 N N N N -1405 -347 10 160 160
1 42476 -443 810 -8 -22 1 -186 1 -1 298 -247 125 -124 -31 N N N N -783 -189 22 85 85
1 34348 -405 -3209 33 -90 76 -1196 -41 3 -56 -225 1 -177 -43 N N N N -15 3 23 -5 -5
1 39999 -470 -22 -1 -7 0 0 0 0 6 8 1 -102 -28 N N N N -516 -122 23 55 55
1 40000 -491 -205 4 5 0 0 0 0 36 102 17 -138 -37 N N N N -611 -146 24 65 65
1 39999 -496 3360 -4 0 0 0 0 0 -6 125 2 -142 -36 N N N N 179 51 19 -27 -27
1 40000 -490 -179 1 7 0 0 0 0 -38 88 -12 -161 -41 N N N N -1505 -369 27 172 172
1 40000 -481 -229 6 -3 0 0 -3 0 -87 82 -23 -130 -31 N N N N -374 -86 27 37 37
1 40001 -495 -231 0 -6 0 0 0 0 -110 44 -33 -120 -32 N N N N 763 197 18 -96 -96
1 40000 -504 -255 -8 3 0 0 0 0 -129 -5 -44 -209 -56 N N N N -1845 -454 32 212 212
1 40000 -509 -296 5 -3 0 0 0 0 -131 -73 -45 -69 -21 N N N N -2871 -715 18 345 345
1 40002 -512 -292 -1 5 0 0 0 0 -76 -125 -29 -253 -57 N N N N -2360 -587 21 286 286
1 43235 -574 430 22 111 0 1395 0 -2 130 172 -9 -28 -14 N N N N -2654 -659 32 325 325
1 39999 -559 788 -7 -3 0 0 0 0 370 -31 141 -257 -61 N N N N 3997 1012 30 -507 -507
1 40000 -539 -2976 -28 -116 -22 -1407 -2 2 65 -339 38 -100 -28 N N N N -40 -4 25 -2 -2
1 40000 -493 193 -4 0 0 0 0 0 -52 -86 -21 -38 -10 N N N N -759 -189 10 92 92
1 40000 -507 -60 6 9 0 0 0 0 18 27 12 -172 -42 N N N N -287 -66 23 30 30
1 39999 -507 -202 -4 -4 0 0 0 0 46 95 13 -72 -18 N N N N -674 -166 18 79 79
1 40001 -514 3358 -1 -1 0 0 0 0 5 126 7 -67 -15 N N N N -259 -62 11 30 30
1 44117 -570 -486 4 2 9 16 0 0 -144 203 -36 -104 -23 N N N N 455 118 14 -61 -61
1 40000 -516 -254 6 0 0 0 0 0 -127 40 -37 -229 -60 N N N N -1359 -335 32 163 163
1 40000 -523 -266 -2 -2 0 0 0 0 -134 -19 -42 -184 -49 N N N N -2662 -664 35 331 331
1 40000 -519 -307 -1 2 0 0 0 0 -126 -91 -41 -162 -44 N N N N -1203 -298 29 149 149
1 40000 -510 -310 4 0 0 0 0 0 -61 -143 -25 -283 -78 N N N N -2491 -621 46 314 314
1 43588 -589 339 9 110 0 1376 0 -2 70 156 -17 -136 -38 N N N N -3063 -769 31 401 401
1 40001 -548 785 3 -2 0 0 0 0 368 86 112 -138 -36 N N N N -982 -245 22 128 128
1 41530 -555 -2907 -8 -113 9 -1394 0 2 148 -335 89 -209 -52 N N N N -192 -43 34 19 19
1 39999 -520 228 1 2 0 0 0 0 -42 -110 -19 -176 -47 N N N N 311 84 31 -49 -49
1 40000 -527 -49 2 -1 0 0 0 0 11 22 7 -68 -18 N N N N 671 173 17 -94 -94
1 40003 -504 -246 -7 2 0 0 0 0 38 124 12 -171 -43 N N N N -832 -208 23 108 108
1 39997 -520 3345 1 3 0 0 0 0 -25 132 -3 -61 -17 N N N N 700 181 18 -99 -99
1 40001 -510 -288 -3 -8 0 0 0 0 -90 116 -24 -88 -17 N N N N 752 193 9 -103 -103
1 44603 -577 390 21 92 1 1194 -1 -2 101 -138 24 -226 -57 N N N N 2088 538 41 -288 -288
1 39864 -504 -3226 -21 -91 7 -1184 1 2 -14 -223 -11 -78 -17 N N N N 2175 557 16 -292 -292
1 40002 -485 -87 0 13 0 0 0 0 15 47 9 -148 -36 N N N N 2010 517 25 -268 -268
1 39998 -490 3346 6 0 0 0 0 0 7 132 8 -156 -39 N N N N 1211 313 22 -163 -163
1 40000 -488 -149 -8 -3 0 0 0 0 -20 74 -9 -124 -33 N N N N 445 119 23 -63 -63
1 40000 -484 -116 3 -5 0 0 0 0 -32 51 -6 -264 -70 N N N N -56 -5 43 -3 -3
1 43837 -531 -3180 11 -3 -30 -5 -1 0 53 -210 14 -91 -28 N N N N -180 -40 26 17 17
1 39987 -448 276 -23 3 0 0 0 0 -44 -133 -28 -120 -29 N N N N -152 -36 15 16 16
1 39999 -430 -47 -8 4 0 0 0 0 16 22 3 -127 -33 N N N N -263 -61 25 28 28
1 40001 -437 -162 -3 0 0 0 0 0 33 79 9 -355 -86 N N N N -426 -100 41 45 45
1 40000 -420 3410 8 -10 0 0 0 0 4 96 9 -62 -27 N N N N -1356 -341 32 170 170
1 39999 -427 -121 -1 10 0 0 0 0 -14 65 -4 -274 -69 N N N N -609 -149 34 72 72
1 40000 -428 -196 -5 -2 -1 0 0 0 -48 90 -12 -264 -77 N N N N -485 -115 47 54 54
1 40001 -402 -239 2 4 0 0 0 0 -98 79 -26 -209 -59 N N N N -564 -136 40 65 65
1 39999 -422 -265 -2 -5 0 0 0 0 -133 33 -37 -253 -68 N N N N -722 -178 39 88 88
1 40000 -415 -172 3 4 0 0 0 0 -90 -12 -25 -312 -86 N N N N -1496 -375 50 190 190
1 40002 -415 -206 -5 0 0 0 0 0 -94 -47 -27 -241 -74 N N N N -2991 -762 52 399 399
1 44883 -475 455 26 104 0 1403 0 -2 219 73 8 -296 -80 N N N N -2587 -660 50 351 351
1 40789 -449 797 7 -126 8 -1396 0 2 251 -313 132 -239 -72 N N N N -2055 -524 46 282 282
1 40799 -409 -3314 -22 14 0 0 0 0 -29 -139 -25 -148 -44 N N N N -656 -166 32 88 88
1 40001 -411 11 -7 3 0 0 0 0 -2 -4 -1 -255 -67 N N N N 922 244 37 -139 -139
1 39999 -407 -37 2 -2 0 0 0 0 8 17 4 -255 -75 N N N N -444 -109 46 55 55
1 40000 -412 -106 -2 6 0 0 0 0 22 53 6 -177 -53 N N N N -1038 -264 39 143 143
1 40001 -408 3371 2 0 0 0 0 0 7 120 5 -188 -47 N N N N 1626 425 25 -239 -239
1 46526 -485 -538 12 -2 9 2 0 0 -164 219 -38 -305 -89 N N N N 33 16 53 -15 -15
1 40000 -417 -200 -3 -2 0 0 0 0 -99 30 -28 -230 -66 N N N N -1460 -374 45 203 203
1 40001 -425 -236 0 -4 0 0 0 0 -121 -10 -37 -331 -91 N N N N -2891 -747 48 415 415
1 40000 -425 -221 3 -1 0 0 0 0 -101 -52 -30 -119 -42 N N N N -1540 -398 38 224 224
1 40001 -412 -237 -4 6 0 0 0 0 -78 -90 -29 -85 -25 N N N N -131 -32 18 16 16
1 39999 -425 -254 6 6 0 0 0 0 -36 -123 -15 -266 -67 N N N N -1709 -443 35 253 253
1 43825 -484 446 21 104 0 1392 0 -2 94 202 -15 -312 -81 N N N N 596 160 45 -97 -97
1 40412 -458 808 -1 5 0 0 0 0 381 42 125 -163 -54 N N N N -4061 -1059 47 617 617
1 42177 -473 -2921 -15 -114 9 -1393 0 2 108 -348 68 -174 -50 N N N N -2333 -609 29 364 364
1 40000 -450 126 -6 -7 0 0 0 0 -26 -62 -12 -150 -41 N N N N 2320 609 26 -369 -369
1 39999 -439 -128 2 2 0 0 0 0 27 62 11 -277 -72 N N N N -1219 -317 41 186 186
1 40001 -441 3415 0 -2 0 0 0 0 12 95 7 -274 -74 N N N N -366 -93 51 52 52
1 39999 -442 -262 7 8 0 0 0 0 -39 134 -5 -86 -32 N N N N -1354 -355 30 212 212
1 40002 -444 -210 -6 -6 0 0 0 0 -68 83 -21 -264 -68 N N N N -436 -113 34 66 66
1 39998 -448 -222 -3 5 0 0 0 0 -101 56 -31 -274 -81 N N N N -549 -142 48 83 83
1 40002 -441 -216 6 0 0 0 0 0 -112 13 -35 -162 -47 N N N N -979 -257 44 155 155
1 39997 -445 -206 -10 -7 0 0 0 0 -101 -26 -30 -136 -38 N N N N -168 -44 19 25 25
1 40002 -462 -269 8 0 0 0 0 0 -109 -84 -35 -240 -65 N N N N 70 20 34 -15 -15
1 43353 -507 431 18 120 0 1390 0 -2 185 120 -5 -249 -72 N N N N 1546 411 56 -257 -257
1 40001 -484 774 1 -1 0 0 0 0 319 -165 144 -466 -130 N N N N 952 255 74 -163 -163
1 43231 -484 -3135 -20 -120 0 -1402 0 2 -5 -276 1 -282 -83 N N N N -1209 -318 48 191 191
1 40001 -455 6 0 -1 0 0 0 0 -2 -3 0 -195 -59 N N N N -662 -174 40 104 104
1 40000 -445 -183 1 12 0 0 0 0 30 95 15 -190 -55 N N N N -616 -163 40 97 97
1 39999 -451 3383 -3 -7 0 0 0 0 -4 111 1 -196 -57 N N N N -356 -93 35 56 56
1 40000 -455 -247 0 5 0 0 0 0 -57 117 -15 -288 -78 N N N N 4 2 41 -5 -5
1 44389 -516 359 8 -21 0 6 0 0 61 -181 21 -364 -104 N N N N 276 76 74 -53 -53
1 40788 -445 -3379 -2 14 0 0 0 0 -16 -109 -14 -153 -49 N N N N 629 169 37 -109 -109
1 40001 -459 -156 -8 3 0 0 0 0 20 81 6 -282 -78 N N N N 292 79 30 -51 -51
1 39999 -440 3432 2 2 0 0 0 0 -8 88 3 -280 -87 N N N N 1515 408 63 -257 -257
1 40002 -461 -178 2 -6 0 0 0 0 -34 85 -6 -307 -87 N N N N -804 -213 47 127 127
1 39999 -455 -265 0 3 0 0 0 0 -96 100 -29 -329 -102 N N N N -291 -75 70 41 41
1 44940 -512 347 21 113 0 1397 0 -2 107 -101 16 -321 -91 N N N N 972 264 60 -168 -168
1 43298 -507 -3150 -19 -113 1 -1399 0 2 5 -267 7 -270 -86 N N N N 2647 715 51 -441 -441
1 39999 -438 -158 -7 9 0 0 0 0 25 83 8 -119 -43 N N N N 1631 442 34 -268 -268
1 40000 -456 3352 4 -5 0 0 0 0 -14 127 2 -195 -53 N N N N 493 135 36 -85 -85
1 40000 -444 -278 6 -2 0 0 0 0 -78 122 -19 -390 -105 N N N N -2676 -719 49 428 428
1 40000 -431 -282 -3 2 0 0 0 0 -127 72 -38 -286 -90 N N N N 362 103 65 -68 -68
1 43117 -506 371 15 115 -1 1404 0 -2 154 -73 12 -213 -64 N N N N -221 -58 42 31 31
1 41586 -456 -3005 -15 -120 0 -1401 0 2 39 -331 35 -261 -73 N N N N 1424 389 45 -240 -240
1 40000 -447 8 -6 3 0 0 0 0 1 -3 -3 -322 -98 N N N N -242 -62 51 33 33
1 40000 -434 -188 1 7 0 0 0 0 25 97 12 -214 -65 N N N N -112 -27 45 12 12
1 40000 -427 3414 -5 -2 0 0 0 0 -5 97 -2 -331 -95 N N N N 349 99 60 -65 -65
1 40000 -443 -198 6 7 0 0 0 0 -45 96 -10 -314 -93 N N N N 356 100 50 -65 -65
1 40000 -417 -246 -2 -11 0 -1 -1 0 -92 85 -23 -327 -95 N N N N 1484 410 59 -251 -251
1 40000 -437 -57 -2 5 0 0 0 0 -26 15 -10 -323 -101 N N N N -738 -197 65 111 111
1 40000 -432 -29 5 3 0 0 0 0 -15 7 -5 -460 -137 N N N N -302 -76 80 37 37
1 40000 -425 -170 -4 -7 0 0 0 0 -85 20 -23 -94 -42 N N N N 1033 287 47 -176 -176
1 40000 -443 -149 4 -5 0 0 0 0 -78 -4 -20 -69 -22 N N N N 126 36 17 -23 -23
1 44061 -493 523 21 115 0 1395 1 -2 246 -45 34 -189 -52 N N N N 1466 405 30 -243 -243
1 41000 -460 -2946 -16 -112 0 -1396 -1 2 82 -346 54 -398 -102 N N N N 1229 341 44 -206 -206
1 39998 -439 219 -4 4 0 0 0 0 -59 -96 -22 -183 -69 N N N N -839 -225 56 127 127
1 40000 -453 8 -7 -6 0 0 0 0 -2 -4 -3 -300 -84 N N N N 1167 326 41 -196 -196
1 40002 -441 -251 6 7 0 0 0 0 66 114 26 -104 -42 N N N N 214 64 46 -42 -42
1 40000 -426 3334 -8 -1 0 0 0 0 12 138 3 -367 -100 N N N N -1681 -459 48 264 264
1 45530 -514 -522 8 6 0 8 1 0 -160 214 -43 -179 -63 N N N N -902 -244 52 140 140
1 40000 -438 -286 -17 -6 0 0 0 0 -141 31 -40 -148 -45 N N N N -71 -17 32 7 7
1 40001 -437 -286 7 1 0 0 0 0 -142 -40 -44 -230 -64 N N N N -277 -74 36 40 40
1 40000 -429 -347 6 4 0 0 0 0 -121 -126 -40 -190 -54 N N N N -122 -30 37 14 14
1 39999 -436 -280 0 -3 0 0 0 0 -31 -137 -11 -159 -50 N N N N -568 -154 39 89 89
1 44118 -495 375 11 111 0 1387 0 -2 55 180 -21 -221 -57 N N N N -122 -31 34 15 15
1 39999 -462 780 10 -1 0 0 0 0 355 123 99 -118 -42 N N N N 12886 3581 36 -2063 -2063
1 43120 -492 -2872 0 -112 0 -1399 0 2 178 -330 110 -391 -107 N N N N 2296 649 62 -362 -362
1 40000 -450 186 -23 -3 0 0 0 0 -20 -94 -20 -311 -101 N N N N -9971 -2766 60 1543 1543
1 39999 -439 3342 3 0 0 0 0 0 30 131 12 -145 -46 N N N N -4458 -1239 31 728 728
1 40001 -439 -260 -1 -6 0 0 0 0 -32 130 -5 -118 -36 N N N N 267 77 27 -49 -49
1 39998 -446 -295 2 8 0 0 0 0 -104 116 -29 -69 -24 N N N N 212 61 20 -38 -38
1 40000 -448 -281 -7 -3 0 0 0 0 -137 45 -40 -115 -32 N N N N -1570 -437 17 260 260
1 44294 -521 315 10 115 0 1398 0 -2 150 -29 -4 -216 -57 N N N N -2779 -773 36 470 470
1 42235 -483 -2983 -5 -115 0 -1392 -1 2 119 -313 75 -131 -40 N N N N 2018 566 27 -350 -350
1 40001 -455 3384 0 4 0 0 0 0 -4 114 3 -208 -64 N N N N 2145 603 41 -368 -368
1 40000 -441 -301 -2 1 0 0 0 0 -73 138 -21 -122 -35 N N N N 5131 1438 23 -849 -849
1 39999 -449 -281 1 0 0 0 0 0 -125 77 -35 -190 -57 N N N N 2344 662 40 -384 -384
1 40001 -459 -374 -1 -1 0 0 0 0 -190 -2 -58 -152 -44 N N N N 1435 406 27 -233 -233
1 44177 -521 285 13 109 0 1395 1 -2 143 31 -13 -200 -57 N N N N -1058 -291 41 159 159
1 40497 -489 710 7 -27 -1 -203 0 -1 244 -236 126 -204 -50 N N N N -7089 -1986 31 1153 1153
1 39853 -446 -3273 -19 -77 1 -1196 0 3 -18 -194 -10 -82 -19 N N N N 13780 3873 15 -2204 -2204
1 39999 -454 -214 -6 -5 0 0 0 0 29 107 7 -57 -20 N N N N 12644 3560 27 -1848 -1848
1 40000 -458 3301 7 9 0 0 0 0 -37 154 -5 80 33 N N N N 9328 2621 -5 -1261 -1261
1 40001 -449 -324 1 -3 0 0 0 0 -117 119 -34 -86 -11 N N N N 16407 4614 2 -2044 -2044
1 40000 -443 -319 -5 -3 0 0 0 0 -160 35 -45 -298 -76 N N N N 8720 2470 38 -1018 -1018
1 44945 -529 291 16 108 0 1404 0 -2 143 -7 -8 -169 -54 N N N N 3605 1042 52 -421 -421
1 41172 -485 -2888 6 -107 0 -1402 0 2 159 -332 102 -259 -70 N N N N 952 290 42 -121 -121
1 40000 -424 205 -21 -4 0 0 0 0 -28 -102 -24 -142 -45 N N N N 1037 312 36 -128 -128
1 40000 -442 -212 -3 0 0 0 0 0 36 105 14 -144 -40 N N N N 940 278 22 -111 -111
1 40002 -431 3299 4 3 0 0 0 0 -20 156 -2 -112 -33 N N N N 579 178 27 -73 -73
1 39998 -435 -314 -2 -3 0 0 0 0 -102 125 -28 -342 -94 N N N N -2380 -646 50 239 239
1 40000 -433 -252 -3 3 0 0 0 0 -120 51 -35 -193 -54 N N N N -1210 -318 46 115 115
1 43297 -474 364 25 114 0 1403 0 -2 158 -57 10 -519 -156 N N N N -4886 -1342 86 514 514
1 41645 -464 -3016 -17 -120 0 -1401 0 2 74 -318 53 -361 -117 N N N N -8095 -2263 79 917 917
1 39999 -432 -107 -5 6 0 0 0 0 11 57 4 -338 -106 N N N N -4083 -1138 55 477 477
1 40000 -415 3262 6 2 0 0 0 0 -37 172 -6 -39 -27 N N N N -5145 -1444 53 627 627
1 40001 -425 -392 -4 -5 0 0 0 0 -151 131 -43 -233 -49 N N N N 2434 694 3 -309 -309
1 40000 -426 -351 1 7 0 0 0 0 -180 12 -57 -506 -170 N N N N -4636 -1282 109 555 555
1 43294 -470 266 16 105 0 1402 0 -2 133 20 -13 -234 -70 N N N N -5855 -1657 49 759 759
1 42664 -462 740 7 -128 0 -1401 0 2 228 -302 130 -339 -115 N N N N -3025 -843 74 391 391
1 40809 -421 -3313 -26 15 0 0 0 0 -24 -140 -25 4 11 N N N N 109 33 8 -18 -18
1 20000 -205 -52 2 1 0 0 0 0 11 25 6 -178 -46 N N N N 858 253 21 -124 -124
1 19999 -197 -150 2 9 0 0 0 0 20 79 7 -68 -24 N N N N 260 82 24 -44 -44
1 20001 -202 3440 0 -2 0 0 0 0 -3 83 3 -190 -53 N N N N -155 -39 19 16 16
1 19999 -208 -161 1 -5 0 0 0 0 -28 78 -6 4 7 N N N N -600 -161 35 71 71
1 20000 -191 -177 1 0 0 0 0 0 -53 76 -16 89 35 N N N N 2581 736 -15 -348 -348
1 20000 -200 -163 -4 6 0 0 0 0 -68 52 -21 -401 -95 N N N N 3569 1034 25 -486 -486
1 20002 -203 -152 -6 -7 0 0 0 0 -71 28 -21 -139 -52 N N N N 667 209 49 -105 -105
1 23941 -252 5 18 117 0 1391 -1 -2 -2 21 -58 -498 -136 N N N N -689 -177 59 72 72
1 20000 -210 321 2 0 0 0 0 0 142 -74 61 -210 -78 N N N N -2670 -746 72 335 335
1 20108 -218 351 4 -25 0 -194 2 -1 76 -164 60 -137 -51 N N N N -2911 -829 37 387 387
1 19891 -212 -3346 -15 -99 0 -1204 -1 3 -8 -165 -7 -114 -30 N N N N -2348 -670 25 320 320
1 20001 -199 96 -1 6 0 0 0 0 -19 -45 -7 -411 -127 N N N N -1466 -406 63 189 189
1 20001 -197 -45 -8 1 0 0 0 0 13 22 0 -387 -122 N N N N -2271 -643 52 311 311
1 19999 -207 -65 0 7 0 0 0 0 12 34 5 -112 -54 N N N N -2840 -808 64 397 397
1 19999 -200 -108 0 -3 0 0 0 0 11 55 5 -56 -18 N N N N -2046 -589 20 300 300
1 20001 -202 3485 5 0 0 0 0 0 -1 60 3 -28 4 N N N N -377 -106 15 53 53
1 20000 -205 -161 -1 -2 0 0 0 0 -21 81 -4 -317 -76 N N N N 1158 343 28 -181 -181
1 19999 -215 -144 2 1 0 0 0 0 -38 66 -10 -705 -204 N N N N 387 135 90 -83 -83
1 20001 -189 -143 -3 5 0 0 0 0 -51 55 -17 -361 -135 N N N N -2265 -635 107 313 313
1 24117 -279 -27 6 103 0 1407 0 -2 -13 33 -48 6 -10 N N N N -2008 -579 34 300 300
1 20001 -226 358 17 6 0 0 0 0 102 -138 65 -181 -59 N N N N -241 -62 40 27 27
1 24114 -278 -3226 -12 -124 0 -1390 0 2 -1 -233 9 -260 -78 N N N N -782 -219 46 111 111
1 20000 -229 145 -19 2 0 0 0 0 -29 -66 -21 -367 -113 N N N N -578 -160 46 79 79
1 20000 -225 -41 9 8 0 0 0 0 9 20 10 -414 -125 N N N N -1774 -501 95 258 258
1 20000 -227 -121 0 -2 0 0 0 0 26 57 9 -327 -94 N N N N -1758 -508 48 271 271
1 20000 -220 -154 2 -6 0 0 0 0 16 77 7 -326 -109 N N N N -1511 -432 72 231 231
1 20002 -230 3463 -11 8 0 0 0 0 -3 74 -2 -199 -69 N N N N -1903 -550 68 300 300
1 19998 -218 -124 9 0 0 0 0 0 -22 62 -2 -180 -60 N N N N -1810 -528 34 298 298
1 20000 -222 -164 -1 3 0 0 0 0 -44 74 -15 -329 -94 N N N N -1469 -427 52 240 240
1 20001 -218 -162 -2 -3 0 0 0 0 -64 54 -16 -234 -66 N N N N -1357 -393 62 223 223
1 19999 -217 -166 -5 2 0 0 0 0 -77 37 -24 -215 -58 N N N N -646 -185 49 103 103
1 25532 -262 -6 20 113 0 1391 0 -2 -8 21 -58 -426 -115 N N N N 758 231 49 -142 -142
1 20353 -231 341 7 -3 0 0 0 0 145 -85 66 -462 -135 N N N N -953 -270 105 147 147
1 20758 -215 387 5 -132 0 -1407 0 2 66 -225 61 -227 -70 N N N N -1704 -499 75 289 289
1 20831 -199 -3367 -23 13 0 0 0 0 -18 -114 -21 -368 -69 N N N N -408 -116 42 66 66
1 19999 -203 97 -2 -1 0 0 0 0 -23 -45 -10 -258 -95 N N N N 513 162 88 -108 -108
1 20001 -188 84 -6 -4 0 0 0 0 -26 -36 -12 -252 -18 N N N N 1186 358 29 -218 -218
1 20000 -204 78 9 3 0 0 0 0 -32 -28 -6 -655 -160 N N N N 1202 372 99 -232 -232
1 20000 -196 -5 -4 8 0 0 0 0 3 5 2 -746 -196 N N N N 1580 490 113 -301 -301
1 19999 -191 -91 6 -3 0 0 0 0 31 33 13 -289 -98 N N N N 2258 698 129 -420 -420
1 20001 -206 -134 -3 3 0 0 0 0 40 59 13 -476 -127 N N N N 2026 624 80 -366 -366
1 20000 -197 -173 3 -3 0 0 0 0 28 85 10 -506 -123 N N N N 2442 756 105 -438 -438
1 20000 -193 3501 -5 7 0 0 0 0 5 54 1 -1364 -322 N N N N 2323 738 175 -430 -430
1 23526 -233 -240 18 -127 1 -1389 0 -2 -35 77 23 -2898 -662 N N N N 4397 1414 336 -807 -807
1 18686 -177 -117 7 122 -1 1415 -20 0 -34 95 -29 -2971 -871 N N N N 5746 1899 519 -1062 -1062
1 21314 -197 -169 -33 4 0 -1 -2 2 -55 62 -28 -936 -408 N N N N 11076 3615 536 -1843 -1843
1 20001 -177 -120 -4 -3 0 0 0 0 -53 30 -16 -878 -313 N N N N 9429 3059 257 -1420 -1420
1 19999 -175 -131 8 -2 0 0 0 0 -67 20 -17 -647 -210 N N N N 5898 1946 194 -862 -862
1 20000 -182 -121 6 4 0 0 0 0 -65 4 -20 -607 -197 N N N N 4793 1592 156 -680 -680
1 20000 -170 -132 -3 0 0 0 0 0 -67 -10 -20 -926 -262 N N N N 4480 1514 176 -631 -631
1 20000 -173 -197 -6 -4 0 0 0 0 -91 -42 -26 -449 -144 N N N N 5397 1815 173 -726 -726
1 20000 -181 -178 -8 1 0 0 0 0 -66 -62 -15 -1674 -420 N N N N 5088 1771 244 -698 -698
1 20000 -177 -185 2 -6 0 0 0 0 -46 -82 -13 -2712 -718 N N N N 10533 3598 318 -1314 -1314
1 20001 -169 -94 9 6 0 0 0 0 -14 -45 -11 -1915 -569 N N N N 10263 3735 561 -1321 -1321
1 18746 -159 -68 6 2 0 -1 -39 -4 -4 -34 -4 -1288 -398 N N N N 10352 3657 330 -1167 -1167
1 20765 -153 -103 14 136 0 1365 -68 2 1 -50 1 -3946 -937 N N N N 8012 3097 523 -983 -983
1 20783 -180 -41 -5 -28 0 0 0 0 3 -20 4 -4826 -1588 N N N N 8806 3740 864 -1175 -1175
1 20002 -163 99 4 6 0 0 0 0 -5 48 -12 -1574 -721 N N N N 8505 3820 938 -1145 -1145
1 19999 -187 87 2 -2 0 0 0 0 3 43 -9 -1474 -545 N N N N 13747 5292 491 -1308 -1308
1 19999 -186 49 -6 1 0 0 0 0 4 25 0 -1621 -673 N N N N 8486 3439 410 -812 -812
1 21943 -212 259 -13 3 0 0 0 0 58 119 1 -4043 -1095 N N N N 4575 2249 536 -567 -567
1 20000 -178 399 1 6 0 0 0 0 170 115 27 -2989 -1096 N N N N 1338 1853 1145 -602 -602
1 20000 -160 207 12 -6 0 0 0 0 105 10 32 -828 -374 N N N N 2470 1478 472 -378 -378
1 20001 -192 286 -4 -1 0 0 0 0 138 -47 51 -967 -454 N N N N 2191 1254 362 -306 -306
1 20000 -114 311 -11 4 0 0 0 0 101 -119 50 -824 -352 N N N N 1750 1005 285 -241 -241
1 18696 -154 -3360 9 -117 -1 -1383 -32 -2 17 -159 32 -654 -265 N N N N 2096 975 153 -204 -204
1 20013 -134 137 -28 -2 1 -1 -100 0 -4 -71 -16 -2225 -718 N N N N 1917 1253 418 -305 -305
1 21290 -164 18 7 -4 0 0 -29 4 -5 -10 1 -1834 -527 N N N N 1599 1248 498 -314 -314
1 19999 -125 53 6 2 0 0 0 0 -13 -25 -1 -2459 -621 N N N N 4732 2693 669 -580 -580
1 20000 -138 139 -15 3 0 0 0 0 -34 -61 -15 -1062 -501 N N N N 5124 2524 404 -481 -481
1 20000 -154 103 -10 0 0 0 0 0 -35 -39 -14 -3463 -991 N N N N 6023 3327 698 -640 -640
1 20000 -144 -40 0 -3 0 0 0 0 15 14 4 -1371 -522 N N N N 9009 4593 709 -790 -790
1 20001 -131 -19 3 6 0 0 0 0 7 8 4 -319 -183 N N N N 7864 3668 350 -556 -556
1 20001 -133 14 9 -4 0 0 0 0 -8 -6 0 -78 -96 N N N N 6090 2653 136 -364 -364
1 19999 -131 80 -8 3 0 0 0 0 -30 -27 -9 -47 -68 N N N N 3838 1693 94 -227 -227
1 20000 -142 50 5 0 0 0 0 0 -22 -16 -6 -18 -38 N N N N 3157 1345 47 -172 -172
1 13991 -89 62 45 -3 72 0 -13 -4 -41 -16 0 -15 -22 N N N N 1348 566 15 -70 -70
1 9450 -76 48 -1 0 0 1 -47 0 -23 -10 -8 1 -12 N N N N 1120 457 4 -55 -55
1 9385 -85 37 -5 2 0 0 -47 0 -17 -6 -5 -20 -12 N N N N 549 254 20 -34 -34
1 8162 -65 27 -4 -4 0 0 -43 0 -13 -4 -5 -3 -3 N N N N 719 313 14 -39 -39
1 9775 -89 8 -6 5 -1 0 -49 0 -2 -1 -2 1 -7 N N N N 987 394 -2 -46 -46
1 8163 -71 -3 -4 1 1 -1 -37 0 2 1 2 -6 -3 N N N N 616 263 9 -32 -32
1 9829 -92 0 -4 3 0 0 -41 0 1 1 2 -3 -2 N N N N 580 231 -1 -27 -27
1 12954 -123 -71 12 -131 10 -1382 -18 2 33 -12 -57 -2 -4 N N N N 685 280 2 -33 -33
1 10821 -104 -136 7 10 0 0 0 0 60 30 34 -1 0 N N N N 423 174 2 -20 -20
1 11941 -114 -162 -4 0 0 0 0 0 64 53 30 -7 -2 N N N N 680 312 23 -40 -40
1 10001 -107 -137 -9 4 0 0 0 0 40 59 23 -12 -6 N N N N 155 74 7 -10 -10
1 10000 -107 -176 7 -7 0 0 0 0 23 83 27 -29 -6 N N N N 419 169 0 -19 -19
1 10000 -107 3438 -3 3 0 0 0 0 -2 84 17 -8 -3 N N N N 193 99 12 -14 -14
1 10000 -77 -134 4 -2 0 0 0 0 -21 66 10 2 -1 N N N N 450 197 9 -24 -24
1 10035 -95 -143 0 21 0 196 -1 -1 -40 72 -2 -5 0 N N N N 220 88 0 -10 -10
1 9378 -82 -94 -17 103 -39 1186 -1 3 -29 70 -45 -11 -5 N N N N 295 129 6 -16 -16
1 10586 -87 -61 -8 -7 0 0 0 0 -22 18 -8 -8 -1 N N N N 597 257 10 -31 -31
1 10000 -96 -34 -1 8 0 0 0 0 -15 12 -6 -2 1 N N N N 45 13 -3 -1 -1
1 10002 -76 -50 -9 -8 0 0 0 0 -22 10 -3 -13 -6 N N N N 255 106 1 -12 -12
1 10000 -102 -46 4 -5 0 0 0 0 -22 10 -4 -37 -10 N N N N -86 -40 -3 5 5
1 9998 -90 -31 12 2 0 0 0 0 -19 5 -2 -12 -3 N N N N 236 88 -4 -9 -9
1 10000 -98 43 -10 5 0 0 0 0 23 -7 3 6 0 N N N N -13 16 12 -4 -4
1 10001 -96 32 -3 7 0 0 0 0 17 -5 -3 -9 -2 N N N N 85 37 2 -5 -5
1 10000 -83 24 1 -16 0 0 0 0 9 -11 15 -16 -5 N N N N 41 16 0 -1 -1
1 10000 -79 64 -2 4 0 0 0 0 31 -16 0 -14 -2 N N N N 280 122 5 -15 -15
1 10000 -100 87 12 15 0 0 0 0 32 -25 6 59 10 N N N N 78 49 10 -8 -8
1 10000 -85 84 -10 -3 0 0 0 0 31 -34 8 8 3 N N N N 67 28 1 -3 -3
1 10000 -110 50 16 -4 0 0 0 0 10 -23 12 8 6 N N N N 151 43 -10 -3 -3
1 9999 -110 15 -11 1 0 0 0 0 9 -6 -7 -4 -3 N N N N -20 -4 2 0 0
1 10001 -121 11 -14 -17 0 0 0 0 9 -9 -2 -47 -10 N N N N 161 58 -4 -6 -6
1 10001 -92 56 17 27 0 0 0 0 5 -19 7 -16 -4 N N N N -136 -48 4 5 5
1 9999 -104 25 1 -14 0 0 0 0 3 -17 8 4 0 N N N N 102 26 -9 -1 -1
1 10000 -102 60 0 -5 0 0 0 0 10 -32 1 -23 -4 N N N N -99 -4 21 -4 -4
1 15388 -146 53 -11 -146 0 -1385 -2 -2 12 -72 -2 -30 -7 N N N N 430 153 -12 -15 -15
1 10788 -112 -50 -8 37 0 0 0 0 -4 37 3 -9 -5 N N N N -21 18 15 -4 -4
1 10000 -99 -80 13 -3 0 0 0 0 -18 37 11 6 0 N N N N -26 3 8 -2 -2
1 9999 -95 -104 -6 -1 0 0 0 0 -21 50 -2 -6 1 N N N N -61 -8 10 -1 -1
1 11587 -119 -76 5 145 -2 1389 -7 -2 -29 76 -37 0 -2 N N N N 101 43 1 -5 -5
1 8989 -94 -35 1 -24 2 -1 -16 4 -15 5 7 12 0 N N N N 133 33 -12 -2 -2
1 10777 -88 -65 -3 -6 0 0 0 0 -24 21 -4 -6 2 N N N N 163 58 -4 -5 -5
1 10000 -112 -14 -18 2 0 0 0 0 3 8 -15 0 -1 N N N N 56 45 13 -8 -8
1 10001 -98 -5 21 16 0 0 0 0 -6 6 -6 -3 0 N N N N 184 67 -4 -7 -7
1 10001 -95 -27 -12 -14 0 0 0 0 -9 5 3 0 3 N N N N 45 25 4 -3 -3
1 9998 -98 2 15 0 0 0 0 0 0 1 -3 1 -2 N N N N 30 5 -5 0 0
1 10000 -123 6 -2 1 0 0 0 0 -2 -5 10 2 0 N N N N -53 -7 9 -1 -1
1 10000 -101 -32 -30 2 0 0 0 0 -9 8 -7 2 3 N N N N 45 6 -7 1 1
1 10000 -101 -86 14 1 0 0 0 0 -44 21 -5 22 4 N N N N 133 41 -8 -3 -3
1 9999 -84 -84 43 20 0 0 0 0 -53 17 -16 1 -1 N N N N 59 19 -2 -2 -2
1 10001 -104 -67 -20 -19 0 0 0 0 -29 3 -2 8 5 N N N N 34 36 12 -6 -6
1 10000 -96 -43 -16 13 0 0 0 0 -22 1 -3 117 5 N N N N 135 57 2 -7 -7
