version: 66.14
glider: 195
mission: 21
dive: 615
start: 9 15 105 4 53 58
columns: rec,elaps_tms,depth,heading,pitch,roll,AD_pitch,AD_roll,AD_vbd,GC_phase,mag.x,mag.y,mag.z,sbect.TempFreq,sbect.CondFreq,wlbb2fl.sig470nm,wlbb2fl.sig700nm,wlbb2fl.sig695nm,wlbb2fl.temp,aa4330.O2,aa4330.AirSat,aa4330.Temp,aa4330.CalPhase,aa4330.TCPhase,
data:
0 17089 23 431 -551 168 153 1798 858 6 199 -289 -96 172712 135153 N N N N 246280 97105 25918 29250 30656
1 9999 8 97 21 -167 0 0 0 0 -3 0 -8 -99 38 N N N N -294 74 108 -28 -28
1 10001 -24 -146 -88 -8 0 0 0 0 23 59 -69 2056 8 N N N N -3561 -559 486 -25 -25
1 10001 18 119 14 70 0 0 0 0 -26 -58 62 -1656 -10 N N N N 3794 540 -549 39 39
1 9999 -9 230 51 -95 0 0 0 0 -50 -43 64 140 18 N N N N -872 -276 38 24 24
1 9999 13 -258 31 68 0 0 0 0 59 51 -68 -220 -40 N N N N 1326 263 -146 -3 -3
1 8932 11 75 -83 -81 -1 0 4 -4 -22 -5 -25 822 1 N N N N -527 -123 48 5 5
1 9700 -10 -64 71 14 -1 0 249 0 17 14 -1 -895 14 N N N N -126 -2 26 -5 -5
1 10090 13 80 -76 3 1 1 247 0 -20 -20 14 -710 -13 N N N N -97 1247 727 -270 -270
1 10013 36 172 -113 45 0 -1 248 0 -43 -41 61 217 -2 N N N N -3372 -403 539 -52 -52
1 10019 41 -60 -86 128 0 0 250 0 -7 -3 11 148 -12 N N N N 244 229 74 -39 -39
1 9964 25 359 35 -322 4 0 267 0 -32 -15 23 438 10 N N N N 572 349 67 -50 -50
1 9989 52 0 67 170 -4 -1 265 0 -7 16 99 -717 -15 N N N N 151 118 32 -19 -19
1 9944 97 -16 -25 -65 0 2 273 0 2 -12 -46 -629 -50 N N N N -122 -21 17 -1 -1
1 15913 323 -16 54 -9 628 0 220 -1 -6 -2 -2 -154 -52 N N N N 105 48 2 -5 -5
1 8911 190 -107 293 45 1744 -1 91 1 -23 -2 20 175 -8 N N N N -122 -33 10 2 2
1 9316 135 -60 172 32 1 1 430 1 -6 4 15 -426 -5 N N N N -82 -23 5 1 1
1 15505 225 -2 10 88 -9 1403 3 1 2 21 51 -25 -8 N N N N 82 54 13 -8 -8
1 10415 138 -153 -52 4 0 0 0 0 82 12 -39 37 2 N N N N -90 -36 0 4 4
1 9999 116 -134 -17 -2 0 0 0 0 60 26 -37 72 7 N N N N 21 -15 -13 4 4
1 10471 138 -173 9 8 0 0 0 0 61 55 -35 33 15 N N N N 99 12 -17 2 2
1 9998 128 -147 21 8 0 0 0 0 39 64 -14 2 11 N N N N -132 -46 5 4 4
1 10412 145 -217 -25 4 0 0 0 0 24 105 -40 -38 1 N N N N 22 -5 -8 2 2
1 10000 152 3452 10 -1 0 0 0 0 -8 77 -8 -96 -18 N N N N 2 15 8 -3 -3
1 10468 167 -79 15 -15 0 0 0 0 -12 42 7 44 -5 N N N N -200 -52 16 3 3
1 9477 150 -118 -8 6 0 0 0 0 -29 55 -6 42 5 N N N N 14 -8 -8 2 2
1 10523 160 -85 16 -4 0 0 0 0 -27 37 17 68 11 N N N N -14 -26 -11 5 5
1 10000 147 -127 2 1 0 0 0 0 -48 44 21 42 10 N N N N -9 -27 -13 5 5
1 10355 151 -132 0 4 0 0 0 0 -59 34 15 16 5 N N N N 95 24 -9 -1 -1
1 9954 146 -117 1 -31 2 -195 4 -1 -58 18 29 -8 12 N N N N -154 -72 -5 9 9
1 9954 137 -106 26 -97 52 -1216 -1 3 -56 -13 75 -10 0 N N N N 37 11 -3 -1 -1
1 10798 143 -105 6 5 0 0 0 0 -53 -7 17 -2 -1 N N N N -238 -97 0 11 11
1 10000 131 -72 -4 -2 0 0 0 0 -33 -12 13 1 2 N N N N -18 -8 0 1 1
1 9998 137 -55 3 1 0 0 0 0 -27 -10 6 6 -3 N N N N 207 80 -2 -9 -9
1 10004 114 -60 4 0 0 0 0 0 -28 -14 6 0 8 N N N N -366 -147 0 16 16
1 9998 138 -64 2 0 0 0 0 0 -27 -18 9 2 1 N N N N -24 -13 -1 2 2
1 10000 126 -56 0 -1 0 0 0 0 -20 -19 8 -3 -20 N N N N -153 -61 0 7 7
1 10000 136 -61 1 3 0 0 0 0 -21 -21 5 2 13 N N N N -189 -76 0 8 8
1 10000 120 -60 -6 1 0 0 0 0 -18 -23 6 1 0 N N N N -66 -27 0 3 3
1 10000 136 -64 2 0 0 0 0 0 -17 -27 5 3 2 N N N N -13 -7 -1 1 1
1 10000 118 -57 4 -3 0 0 0 0 -14 -26 2 3 2 N N N N 44 19 1 -2 -2
1 9999 135 -61 -6 4 0 0 0 0 -10 -27 3 1 0 N N N N -298 -122 -1 13 13
1 10001 118 -38 8 -2 0 0 0 0 -7 -19 0 4 0 N N N N -64 -27 -1 4 4
1 10002 140 -45 -4 0 0 0 0 0 -5 -21 1 2 2 N N N N -90 -38 -1 4 4
1 9998 118 -19 3 -4 0 0 0 0 -1 -11 0 5 -1 N N N N -30 -13 0 1 1
1 10000 121 -33 -2 -2 0 0 0 0 -3 -17 -1 -5 1 N N N N -152 -62 0 7 7
1 10002 128 -36 0 2 0 0 0 0 0 -17 0 1 0 N N N N -52 -21 0 3 3
1 19997 245 -65 3 0 0 0 0 0 0 -32 -4 5 2 N N N N -32 -16 -2 2 2
1 25295 324 115 -18 -122 0 -1374 0 -2 6 11 9 2 0 N N N N -226 -92 -1 10 10
1 20587 270 349 -4 -3 0 0 0 0 71 155 22 12 -1 N N N N -95 -40 0 5 5
1 19999 249 364 -5 -4 0 0 0 0 150 106 -29 -4 -1 N N N N -137 -56 -1 6 6
1 20001 271 341 5 0 0 0 0 0 166 8 -62 7 1 N N N N -131 -56 -1 6 6
1 22000 313 319 1 122 -8 1404 0 2 129 -67 -108 -2 -7 N N N N -244 -105 -4 13 13
1 20001 274 173 11 6 0 0 0 0 42 -78 -15 5 2 N N N N -56 -24 -1 3 3
1 19999 292 99 0 0 0 0 0 0 14 -50 -8 47 -6 N N N N -164 -87 -12 11 11
1 19999 290 -175 -5 9 0 0 0 0 -29 87 9 877 24 N N N N -1338 -751 -121 106 106
1 20001 224 265 -13 -25 0 0 0 0 33 -133 -24 13907 1349 N N N N -545 -4681 -2601 1027 1027
1 19999 188 -159 1 26 0 0 0 0 -12 82 9 8721 2145 N N N N -9626 -7425 -2282 1398 1398
1 20001 178 -46 16 -2 0 0 0 0 -8 22 14 4685 1180 N N N N -11858 -6706 -1523 1268 1268
1 19999 189 -20 -9 -3 0 0 0 0 -4 10 -5 2413 1317 N N N N -8859 -4889 -1174 1008 1008
1 20000 159 191 4 -5 0 0 0 0 23 -97 -9 3205 1940 N N N N -9121 -4515 -952 961 961
1 20000 159 -3558 -1 4 0 0 0 0 1 -22 -1 2002 794 N N N N -10303 -4274 -562 889 889
1 26001 189 301 19 111 32 1377 1 -2 -45 -144 46 2660 1140 N N N N -13789 -5438 -627 1193 1193
1 20000 137 -63 10 6 0 0 0 0 15 29 -5 3183 529 N N N N -8749 -3524 -516 851 851
1 20001 149 -103 1 2 0 0 0 0 19 50 -10 1930 595 N N N N -10832 -4268 -634 1092 1092
1 19999 154 -126 1 2 0 0 0 0 10 64 -13 1666 744 N N N N -14713 -5316 -523 1404 1404
1 20000 148 3543 6 -6 0 0 0 0 -1 30 -2 273 529 N N N N -13384 -4542 -248 1255 1255
1 20000 160 4 -12 -4 0 0 0 0 0 -3 -5 1719 598 N N N N -9786 -3426 -347 1052 1052
1 20000 121 -27 4 1 0 0 0 0 0 14 -1 1160 689 N N N N -12113 -4054 -261 1295 1295
1 22000 145 7 -5 1 0 0 0 0 0 -4 -3 477 440 N N N N -9374 -3069 -146 1038 1038
1 20000 123 -9 2 3 0 0 0 0 -1 5 1 298 362 N N N N -7049 -2303 -120 822 822
1 20000 140 -146 -3 0 0 0 0 0 -19 74 -7 430 494 N N N N -5953 -1921 -76 711 711
1 20000 125 -109 11 -6 0 0 0 0 -27 52 6 769 303 N N N N -4761 -1572 -136 617 617
1 20002 107 -47 -6 2 0 0 0 0 -14 20 -1 559 156 N N N N -3418 -1143 -137 469 469
1 19998 105 -179 -11 13 0 0 0 0 -67 65 4 1292 296 N N N N -3550 -1185 -150 499 499
1 20824 103 -220 6 -129 0 -1378 2 2 -105 31 91 1283 254 N N N N -6028 -1991 -249 864 864
1 20825 117 -52 10 7 0 0 0 0 -28 4 7 550 192 N N N N -5811 -1887 -204 844 844
1 20000 108 -14 -1 -2 0 0 0 0 -7 1 2 306 142 N N N N -6319 -2026 -204 942 942
1 20000 98 160 1 -5 0 0 0 0 80 -18 -22 734 319 N N N N -6897 -2172 -163 1047 1047
1 20000 88 -27 -7 7 0 0 0 0 -12 6 0 1074 194 N N N N -4558 -1425 -100 713 713
1 20001 111 24 0 2 0 0 0 0 12 -4 -4 270 209 N N N N -3372 -1059 -108 551 551
1 20001 89 -92 4 0 0 0 0 0 -46 12 15 1035 101 N N N N -1065 -360 -140 206 206
1 19999 85 84 -1 -8 0 0 0 0 41 -11 -12 358 226 N N N N -233 -132 -242 104 104
1 19999 97 97 6 0 0 0 0 0 45 -20 -13 629 211 N N N N -849 -283 -108 163 163
1 20000 102 108 -1 0 0 0 0 0 46 -31 -16 317 236 N N N N -637 -207 -61 117 117
1 24237 103 55 -12 115 -11 1363 2 -2 22 -13 -53 138 297 N N N N -1221 -375 -28 199 199
1 20293 89 -48 5 3 0 0 0 0 -18 19 6 45 139 N N N N -754 -236 -41 131 131
1 20352 105 -138 -2 -2 0 0 0 0 -59 42 12 36 158 N N N N -889 -275 -36 151 151
1 21354 111 -134 4 -31 1 -209 1 -1 -66 24 31 75 120 N N N N -749 -236 -51 133 133
1 19001 99 -63 -6 -82 0 -1175 -1 3 -30 -8 53 295 105 N N N N -1518 -462 -27 251 251
1 20000 111 2 6 -4 0 0 0 0 0 0 1 140 58 N N N N -2500 -752 -12 413 413
1 20000 107 -33 0 1 0 0 0 0 -17 1 5 55 54 N N N N -3789 -1143 -39 644 644
1 19999 111 -39 6 1 0 0 0 0 -21 1 6 174 54 N N N N -3155 -950 -36 550 550
1 20001 118 -20 -5 -1 0 0 0 0 -9 -1 4 448 56 N N N N -1786 -544 -72 327 327
1 20001 119 -76 -1 2 0 0 0 0 -38 -4 10 364 51 N N N N -218 -80 -111 60 60
1 19998 119 44 0 -3 0 0 0 0 22 3 -5 -433 122 N N N N 693 195 -89 -104 -104
1 20001 113 55 2 3 0 0 0 0 28 1 -9 855 82 N N N N 621 180 -36 -101 -101
1 20000 118 58 1 -1 0 0 0 0 29 0 -10 529 84 N N N N 584 168 -38 -93 -93
1 24724 144 220 -20 -98 -1 -1206 2 -3 110 -48 2 613 129 N N N N 715 199 -95 -103 -103
1 18864 92 130 27 91 21 1210 -1 3 52 -22 -51 340 87 N N N N 1018 294 -49 -163 -163
1 20000 120 124 7 4 0 0 0 0 43 -47 -13 -21 94 N N N N 553 153 -65 -80 -80
1 19998 103 16 -4 -1 0 0 0 0 5 -7 -1 -23 89 N N N N -39 -18 -44 16 16
1 20001 117 -48 4 2 0 0 0 0 -15 20 5 -40 74 N N N N -270 -84 -28 52 52
1 19999 123 -72 -1 3 0 0 0 0 -26 27 9 77 62 N N N N -260 -76 2 43 43
1 20000 124 -87 1 0 0 0 0 0 -35 28 11 56 50 N N N N -181 -58 -23 36 36
1 20001 117 -87 3 -3 0 0 0 0 -40 23 12 -54 56 N N N N -109 -35 -25 23 23
1 20001 137 -46 1 1 0 0 0 0 -22 8 7 -301 41 N N N N 41 10 -10 -5 -5
1 20000 123 32 -3 -2 0 0 0 0 16 -6 -4 215 41 N N N N -132 -42 -20 27 27
1 19999 136 13 4 1 0 -1 0 0 5 -3 -1 -979 20 N N N N -142 -44 -18 28 28
1 19999 124 26 -4 -2 0 0 0 0 13 -6 -4 144 31 N N N N 121 36 2 -21 -21
1 20000 144 2 3 2 0 0 0 0 1 0 0 517 15 N N N N 168 47 -17 -25 -25
1 20001 137 30 0 1 0 0 0 0 13 -8 -4 -156 13 N N N N 186 53 -7 -30 -30
1 20000 144 1 2 -1 0 0 0 0 0 0 0 128 21 N N N N 6 2 -3 0 0
1 20000 124 13 -3 -1 0 0 0 0 7 -3 -2 -936 4 N N N N 473 136 -17 -76 -76
1 20000 142 9 2 2 0 0 0 0 3 -3 -1 517 16 N N N N 195 53 -32 -26 -26
1 20000 141 -13 1 2 0 0 0 0 -6 4 1 -177 10 N N N N 196 54 -21 -28 -28
1 20000 140 9 -2 -2 0 0 0 0 5 -3 0 -620 27 N N N N 246 69 -18 -37 -37
1 24880 174 -21 -14 118 -8 1387 0 -2 -8 17 -55 2342 30 N N N N 929 273 -2 -153 -153
1 20000 127 -138 3 2 0 0 0 0 -66 32 14 304 20 N N N N 815 232 -42 -125 -125
1 26062 189 -148 -1 -119 0 -1396 0 2 -74 -2 82 538 34 N N N N 956 275 -31 -149 -149
1 19999 131 -48 8 -2 0 0 0 0 -27 -1 7 -24 33 N N N N 670 191 -33 -101 -101
1 20000 137 13 -4 2 0 0 0 0 8 0 -2 -88 38 N N N N 408 115 -19 -61 -61
1 20000 150 34 5 -3 0 0 0 0 16 0 -4 -102 41 N N N N 606 176 -13 -94 -94
1 20001 143 5 1 2 0 0 0 0 3 0 0 -548 24 N N N N 517 150 -5 -82 -82
1 20000 138 -6 -2 -1 0 0 0 0 -3 1 0 107 20 N N N N 463 132 -16 -69 -69
1 20001 146 13 0 1 0 0 0 0 7 -1 -1 -140 29 N N N N 317 90 -16 -47 -47
1 19997 143 10 -1 -2 0 0 0 0 5 0 -2 236 14 N N N N 465 133 -18 -69 -69
1 20001 131 42 0 2 0 0 0 0 22 -3 -6 21 47 N N N N 442 121 -41 -59 -59
1 19999 146 32 -1 -4 0 0 0 0 16 -3 -4 -104 22 N N N N 438 124 -18 -64 -64
1 20002 129 -39 2 4 0 0 1 0 -20 4 5 -523 28 N N N N 491 136 -33 -69 -69
1 20001 137 -22 0 0 0 0 0 0 -11 1 3 1558 32 N N N N 582 165 -25 -84 -84
1 19999 133 -49 2 -1 0 0 0 0 -26 2 6 -767 33 N N N N 224 59 -26 -28 -28
1 19998 145 -39 0 -1 0 0 0 0 -20 -1 7 -1002 37 N N N N -353 -109 -29 62 62
1 20000 117 -25 0 1 0 0 0 0 -13 -1 3 381 32 N N N N 193 48 -38 -20 -20
1 20002 125 31 -2 1 0 0 0 0 17 1 -4 1955 64 N N N N 1150 327 -37 -168 -168
1 19998 126 45 -1 1 0 0 0 0 23 1 -7 -442 37 N N N N 1122 320 -28 -163 -163
1 20001 122 115 -2 -4 0 0 0 0 59 -8 -16 738 70 N N N N 1000 283 -31 -143 -143
1 20000 114 111 4 1 0 0 0 0 54 -18 -16 418 41 N N N N 533 152 -10 -78 -78
1 19999 121 72 2 1 0 0 0 0 33 -17 -9 -2033 38 N N N N 483 136 -18 -67 -67
1 20001 121 44 2 -2 0 0 0 0 18 -13 -6 214 36 N N N N 293 82 -14 -40 -40
1 20000 118 15 0 1 0 0 0 0 7 -4 -1 -1602 33 N N N N 341 95 -13 -47 -47
1 20000 116 -9 -1 4 0 0 0 0 -4 2 0 571 20 N N N N 212 60 -6 -30 -30
1 20000 126 15 -1 -4 0 0 0 0 6 -5 -1 -1404 39 N N N N 157 44 -7 -21 -21
1 20000 112 -22 2 2 0 0 0 0 -9 8 2 2021 27 N N N N 91 20 -28 -6 -6
1 19999 118 -31 -2 0 0 0 0 0 -13 8 5 1356 28 N N N N 223 59 -20 -27 -27
1 20002 115 -13 1 -2 0 0 0 0 -6 4 1 -404 25 N N N N 319 88 -18 -42 -42
1 19998 123 -35 0 1 0 0 0 0 -16 9 4 1794 40 N N N N 501 136 -35 -64 -64
1 20002 112 -44 -3 1 0 0 0 0 -20 10 6 157 23 N N N N 162 44 -9 -21 -21
1 20000 119 -58 3 -3 0 0 0 0 -29 11 8 -849 25 N N N N -597 -181 -35 97 97
1 19999 126 -61 -2 1 0 0 0 0 -30 6 10 1050 26 N N N N -396 -119 -17 63 63
1 20001 120 -29 3 3 0 0 0 0 -15 3 4 -12 17 N N N N -433 -128 -12 67 67
1 20000 127 -36 3 0 0 0 0 0 -19 3 5 106 15 N N N N -382 -114 -16 61 61
1 19999 123 4 -2 -4 0 0 0 0 2 -1 0 -288 22 N N N N -235 -71 -12 38 38
1 40000 259 -1 2 3 0 0 0 0 -1 1 -1 -619 33 N N N N -301 -93 -24 51 51
1 40002 276 -56 -3 1 0 0 0 0 -28 1 8 -1411 45 N N N N -850 -250 -24 133 133
1 42175 289 201 -17 -125 0 -1398 0 -2 105 -44 23 2929 30 N N N N -1680 -489 -19 257 257
1 41528 287 240 9 122 -9 1404 0 2 103 -39 -85 -1835 48 N N N N -1021 -300 -29 162 162
1 39998 273 2 3 1 0 0 0 0 1 0 0 682 43 N N N N -809 -239 -28 130 130
1 40002 266 -127 -2 1 0 0 0 0 -52 40 16 713 39 N N N N -680 -202 -28 111 111
1 39998 278 -165 2 -1 0 0 0 0 -79 33 25 652 36 N N N N -359 -110 -34 63 63
1 40002 271 -71 5 1 0 0 0 0 -37 7 10 -7731 42 N N N N -113 -39 -30 25 25
1 40045 293 238 -20 11 -9 -1 1 -2 118 -39 -44 8320 52 N N N N 435 119 -30 -59 -59
1 41721 270 218 8 -11 0 0 -1 2 82 -78 -19 409 38 N N N N -296 -93 -38 54 54
1 40001 282 199 3 0 0 0 0 0 43 -94 -16 -428 42 N N N N -1368 -396 -22 216 216
1 40000 292 125 1 -5 0 0 0 0 9 -65 -5 -2212 52 N N N N -2284 -660 -29 362 362
1 39999 281 -9 0 5 0 0 0 0 0 5 0 -457 35 N N N N -1955 -564 -27 314 314
1 40001 271 -3566 0 0 0 0 0 0 1 -18 -1 -1009 57 N N N N -1204 -352 -47 202 202
1 46114 318 3476 -12 120 -10 1400 0 -2 -5 70 -15 5072 74 N N N N 1971 554 -50 -301 -301
1 40000 283 -282 6 2 0 0 0 0 -66 133 1 137 65 N N N N 1310 370 -26 -200 -200
1 40001 293 -263 -2 2 0 0 0 0 -111 83 18 106 42 N N N N -614 -178 -14 99 99
1 44059 330 -278 3 -122 0 -1411 0 2 -141 5 100 -634 43 N N N N -2105 -602 -10 334 334
1 39998 301 -23 2 -4 0 0 0 0 -12 -3 5 -4840 34 N N N N 1348 378 -37 -204 -204
1 40001 304 -40 -1 3 0 0 0 0 -20 -3 5 -8079 36 N N N N 2936 830 -32 -449 -449
1 40000 313 -23 3 0 0 0 0 0 -12 -3 3 12921 39 N N N N 1111 307 -46 -159 -159
1 39999 305 -38 -1 -1 0 0 0 0 -19 -5 5 -7180 53 N N N N -453 -134 -25 75 75
1 44592 357 227 -17 -124 -1 -1376 0 -2 119 -17 25 8482 40 N N N N -1277 -366 -19 200 200
1 41765 343 350 23 123 22 1396 -1 2 162 -33 -104 -503 44 N N N N -758 -219 -21 122 122
1 40000 301 18 8 1 0 0 0 0 6 -6 -1 -2639 32 N N N N -713 -206 -19 115 115
1 39999 316 -64 4 0 0 0 0 0 -27 20 9 595 22 N N N N -322 -95 -20 55 55
1 39999 312 -39 -2 2 0 0 0 0 -17 11 4 -6493 23 N N N N 1275 357 -24 -192 -192
1 40000 323 -40 3 -2 0 0 0 0 -19 10 6 -6382 41 N N N N 1485 418 -16 -224 -224
1 40000 313 -101 -4 1 0 0 0 0 -48 19 13 13436 36 N N N N 314 85 -21 -43 -43
1 40001 313 -124 1 -1 0 0 0 0 -64 11 17 1944 18 N N N N 1064 298 -20 -156 -156
1 40001 324 -114 2 2 0 0 0 0 -59 -2 15 525 24 N N N N -1485 -424 -14 228 228
1 40000 330 -52 2 2 0 0 0 0 -27 -5 6 -6302 35 N N N N -5786 -1641 -20 904 904
1 39998 320 -29 -3 0 0 0 0 0 -14 -3 3 -5548 23 N N N N 2222 626 -18 -346 -346
1 40000 324 -62 1 -4 0 0 0 0 -31 -10 9 3971 36 N N N N 132 33 -26 -15 -15
1 42059 406 230 -77 -125 -88 -1397 0 -2 132 -12 23 8726 35 N N N N -145 -45 -22 28 28
1 42647 395 314 42 125 49 1387 0 2 144 -14 -104 294 45 N N N N 182 46 -32 -21 -21
1 40000 355 186 12 -1 0 0 0 0 70 -64 -21 -262 41 N N N N 470 129 -23 -68 -68
1 39999 346 187 1 -2 0 0 0 0 46 -86 -17 -1133 41 N N N N 2275 636 -32 -342 -342
1 40002 347 77 -1 6 0 0 0 0 9 -39 -6 -4251 54 N N N N -239 -73 -30 43 43
1 39999 338 28 -4 -2 0 0 0 0 3 -15 -1 1574 39 N N N N -1616 -459 -20 252 252
1 39999 336 -7 4 -1 0 0 0 0 -1 4 0 -4305 37 N N N N -1796 -508 -15 282 282
1 43533 367 -257 -12 121 -8 1402 -1 -2 -47 130 -20 8640 30 N N N N -1270 -362 -23 204 204
1 39998 344 -309 2 0 0 0 0 0 -124 106 22 476 33 N N N N 321 89 -13 -48 -48
1 42001 348 -220 2 -118 0 -1405 0 2 -110 11 91 -2532 21 N N N N 570 158 -14 -86 -86
1 40000 332 41 3 -1 0 0 0 0 21 -2 -5 -93 24 N N N N -426 -122 -15 70 70
1 40001 331 83 -2 -2 0 0 0 0 42 -7 -13 2092 27 N N N N -1701 -483 -30 273 273
1 39997 323 95 2 0 0 0 0 0 47 -14 -14 -8586 37 N N N N -1934 -545 -14 311 311
1 40001 336 100 2 0 0 0 0 0 44 -25 -15 4540 27 N N N N -1231 -348 -22 203 203
1 42788 343 -234 -19 -8 -10 5 -1 0 -108 41 38 5193 40 N N N N -973 -277 -34 164 164
1 40800 340 -191 9 11 0 0 0 0 -98 3 27 -550 44 N N N N -2545 -717 -28 422 422
1 39999 328 -61 3 0 0 0 0 0 -31 -7 8 -55 43 N N N N -3470 -974 -24 585 585
1 40001 339 -15 -1 0 0 0 0 0 -7 -2 3 -616 61 N N N N -3393 -952 -41 588 588
1 40000 350 -24 0 0 0 0 0 0 -12 -4 3 -1092 36 N N N N -2263 -635 -33 400 400
1 40000 328 35 2 -4 0 0 0 0 16 5 -4 -874 45 N N N N -1141 -320 -36 206 206
1 44763 400 312 -18 -128 0 -1406 0 -2 161 -26 5 4115 56 N N N N -724 -203 -37 133 133
1 40003 338 258 12 128 -9 1413 -1 2 114 -34 -96 -4313 61 N N N N -262 -74 -23 49 49
1 39997 343 7 0 0 0 0 0 0 3 -2 0 2357 47 N N N N -87 -25 -25 18 18
1 40001 347 -71 1 -1 0 0 0 0 -29 23 10 1235 45 N N N N 13 3 -24 0 0
1 39999 333 -142 -4 6 0 0 0 0 -64 33 21 -1790 38 N N N N 128 34 -34 -19 -19
1 40001 335 -9 5 -2 0 0 0 0 -5 2 3 -5117 39 N N N N 435 121 -27 -75 -75
1 39998 348 124 0 1 0 0 -1 0 57 -28 -21 -5658 43 N N N N 1290 358 -24 -225 -225
1 40000 359 111 0 -3 0 0 0 0 45 -35 -15 6358 33 N N N N 447 123 -31 -75 -75
1 40002 328 16 1 2 0 0 0 0 6 -6 -2 4113 51 N N N N 1565 433 -25 -268 -268
1 40000 345 -44 -1 2 0 0 0 0 -16 16 6 707 35 N N N N 778 215 -13 -132 -132
1 39999 329 -22 1 0 0 0 0 0 -9 7 3 1715 26 N N N N 397 110 -6 -68 -68
1 44602 371 -267 -13 89 -11 1196 0 -3 -122 70 -7 1684 22 N N N N 122 32 -28 -17 -17
1 39456 309 -154 29 -92 39 -1209 -1 3 -84 -9 75 -4116 36 N N N N -68 -22 -44 18 18
1 40002 315 -49 3 2 0 0 0 0 -25 -3 7 -8306 65 N N N N -840 -235 -53 150 150
1 39998 318 5 -3 -1 0 0 0 0 3 0 -1 2307 73 N N N N -1147 -320 -51 203 203
1 40000 319 9 3 0 0 0 0 0 4 1 -1 4784 63 N N N N -383 -107 -31 70 70
1 40003 297 -2 -3 2 0 0 0 0 0 0 0 3321 58 N N N N 80 21 -24 -11 -11
1 44177 354 299 -21 -129 1 -1374 0 -2 154 -43 6 3229 39 N N N N 1539 423 -29 -260 -260
1 43941 335 303 15 121 -8 1381 0 2 121 -70 -92 -2866 63 N N N N 1659 456 -28 -277 -277
1 40001 306 23 1 3 0 0 0 0 7 -10 -2 167 57 N N N N 1888 517 -30 -311 -311
1 39998 302 -78 0 2 0 0 0 0 -25 33 8 2622 53 N N N N 194 50 -43 -25 -25
1 40000 306 -70 3 -1 0 0 0 0 -27 25 9 -919 61 N N N N -633 -178 -53 112 112
1 40001 309 -11 -1 2 0 0 0 0 -4 3 2 -1508 74 N N N N -349 -99 -47 65 65
1 45075 328 -258 -14 90 -10 1217 0 -2 -118 71 -12 3998 70 N N N N 601 161 -42 -94 -94
1 38983 285 -225 3 -94 0 -1213 -2 2 -115 -10 83 -1575 61 N N N N 676 183 -29 -106 -106
1 40000 302 -74 5 4 0 0 0 0 -37 -9 12 -4709 62 N N N N 57 13 -39 -4 -4
1 40002 284 5 -2 -1 0 0 0 0 3 1 -1 4548 73 N N N N -157 -47 -45 32 32
1 39997 309 -83 4 1 0 0 0 0 -41 -15 10 -2716 54 N N N N -167 -49 -36 33 33
1 40001 293 -16 -2 -1 0 0 0 0 -7 -3 3 -7400 59 N N N N -568 -157 -29 97 97
1 43589 331 287 -19 -126 -1 -1393 0 -2 147 -3 17 12816 43 N N N N 389 103 -40 -58 -58
1 41589 314 336 4 126 -8 1391 0 2 158 -23 -116 -183 48 N N N N 994 269 -19 -158 -158
1 39999 295 87 12 -2 0 0 0 0 33 -29 -8 -1989 37 N N N N 701 189 -28 -109 -109
1 40001 282 115 -2 0 0 0 0 0 38 -47 -13 -5119 62 N N N N 93 22 -33 -10 -10
1 39999 291 -9 1 3 0 0 0 0 -3 4 0 5208 50 N N N N -136 -40 -36 28 28
1 40001 300 35 2 -1 0 0 0 0 10 -15 -3 -1091 38 N N N N -669 -185 -29 112 112
1 39998 306 -49 -2 0 0 0 0 0 -14 21 6 737 49 N N N N -1280 -349 -20 210 210
1 44587 314 -245 -12 124 -10 1402 -1 -2 -92 95 -26 3687 44 N N N N 210 55 -29 -30 -30
1 43296 316 -282 12 -122 30 -1407 0 2 -140 28 102 211 53 N N N N 46 10 -30 -3 -3
1 39999 287 -111 13 2 0 0 0 0 -59 -5 17 -10061 56 N N N N 113 27 -37 -13 -13
1 40000 280 21 0 -5 0 0 0 0 10 1 -2 7339 61 N N N N 54 12 -39 -3 -3
1 39999 287 -63 -3 1 0 0 0 0 -31 -6 9 1813 57 N N N N 192 49 -36 -26 -26
1 40003 288 -82 2 3 0 0 0 0 -40 -13 10 -1007 51 N N N N 883 233 -67 -131 -131
1 40000 293 -77 3 0 0 0 0 0 -36 -16 9 -6862 103 N N N N -1304 -357 -64 218 218
1 44177 326 210 -16 -127 1 -1380 -1 -2 105 -2 31 10256 69 N N N N -350 -99 -51 64 64
1 41217 326 407 -3 127 -7 1388 0 2 200 -3 -125 276 64 N N N N 440 116 -29 -67 -67
1 40782 288 238 12 -4 0 0 0 0 87 -86 -24 -95 68 N N N N -186 -52 -25 34 34
1 40000 304 112 3 -1 0 0 0 0 27 -52 -9 -3771 60 N N N N 627 168 -18 -98 -98
1 40001 293 -4 2 -1 0 0 0 0 -1 2 1 3301 59 N N N N 1502 400 -38 -232 -232
1 39999 302 -78 -5 -1 0 0 0 0 -17 37 4 -1217 71 N N N N 673 176 -49 -98 -98
1 39999 280 -74 0 7 0 0 0 0 -22 32 9 1556 65 N N N N -1215 -330 -44 198 198
1 44119 344 -254 -11 123 -10 1387 0 -2 -101 93 -26 1214 60 N N N N -234 -66 -36 42 42
1 42469 314 -364 0 -124 0 -1394 -1 2 -182 12 114 152 68 N N N N 945 250 -34 -143 -143
1 39999 298 -214 6 0 0 0 0 0 -102 -39 30 61 73 N N N N 472 121 -54 -65 -65
1 40000 297 -64 2 0 0 0 0 0 -28 -18 6 -182 59 N N N N 398 102 -41 -55 -55
1 40000 314 -63 1 -3 0 0 0 0 -25 -21 7 693 56 N N N N 41 8 -33 -1 -1
1 40000 299 -56 -1 1 0 0 0 0 -19 -20 5 129 68 N N N N -354 -98 -35 60 60
1 45178 359 232 -18 -126 0 -1382 0 -2 98 29 30 398 32 N N N N 399 105 -18 -59 -59
1 40000 321 414 5 1 0 0 0 0 204 38 -60 131 27 N N N N 206 52 -15 -29 -29
1 42531 330 306 4 126 -10 1390 0 2 134 -50 -103 -665 36 N N N N 172 46 -8 -25 -25
1 40000 290 122 2 1 0 0 0 0 39 -49 -15 258 18 N N N N 35 8 -10 -4 -4
1 39999 302 103 0 -2 0 0 0 0 24 -49 -8 -2167 24 N N N N -82 -24 -19 16 16
1 40001 292 66 0 -1 0 0 0 0 11 -33 -5 2063 22 N N N N 5 0 -14 1 1
1 40000 297 22 0 1 0 0 0 0 2 -11 -1 -277 24 N N N N 120 31 -13 -16 -16
1 45232 337 -222 -14 125 -10 1395 -1 -2 -45 110 -24 1432 31 N N N N -35 -14 -46 13 13
1 40001 277 -278 4 2 0 0 0 0 -108 100 21 257 56 N N N N -443 -122 -41 75 75
1 43059 315 -288 25 -125 38 -1411 -1 2 -147 18 107 70 66 N N N N -564 -152 -30 91 91
1 39999 283 -128 6 -1 0 0 0 0 -67 -11 17 -144 47 N N N N -317 -87 -34 54 54
1 40000 263 -43 2 -2 0 0 0 0 -22 -7 5 -2129 57 N N N N -17 -9 -39 9 9
1 40000 287 -23 -4 3 0 0 0 0 -9 -4 4 -232 52 N N N N -711 -190 -23 113 113
1 40000 257 -69 3 -3 0 0 0 0 -33 -15 8 278 50 N N N N -224 -61 -28 39 39
1 43942 320 156 -20 -121 0 -1376 0 -2 80 -9 37 3136 51 N N N N 372 94 -46 -51 -51
1 40997 286 411 0 32 1 200 1 -1 204 -4 -80 157 42 N N N N 103 25 -18 -13 -13
1 39002 262 229 12 90 -7 1196 -1 3 90 -58 -68 111 35 N N N N 83 19 -32 -8 -8
1 40000 271 161 3 0 0 0 0 0 42 -73 -14 -2796 52 N N N N 154 38 -32 -18 -18
1 40001 270 78 -1 1 0 0 0 0 13 -39 -4 2174 52 N N N N -184 -51 -22 31 31
1 39999 269 -122 -5 1 0 0 0 0 -22 60 6 977 38 N N N N 4 -1 -25 4 4
1 39999 273 -79 4 1 0 0 0 0 -21 36 8 145 38 N N N N 85 20 -31 -9 -9
1 43592 293 -220 -13 119 -10 1386 -2 -2 -81 89 -27 156 41 N N N N -36 -12 -22 9 9
1 41469 294 -287 -2 -121 0 -1407 0 2 -139 35 96 346 38 N N N N -683 -182 -27 109 109
1 39999 266 -182 8 -2 0 0 0 0 -94 -10 29 -31 47 N N N N -396 -106 -25 64 64
1 40001 282 -68 4 1 0 0 0 0 -34 -10 9 -422 39 N N N N -74 -21 -27 15 15
1 39999 301 63 0 -1 0 0 0 0 31 9 -8 -4108 38 N N N N -67 -21 -35 16 16
1 40000 267 10 0 0 0 0 0 0 5 2 -1 4059 60 N N N N 622 160 -41 -89 -89
1 40000 290 -17 -1 1 0 0 0 0 -8 -2 2 522 66 N N N N 534 136 -32 -77 -77
1 44533 330 228 -18 -125 0 -1376 0 -2 119 -22 22 962 47 N N N N 898 232 -31 -131 -131
1 42645 310 350 -2 127 -8 1391 0 2 161 -43 -114 164 43 N N N N 769 199 -21 -112 -112
1 40000 294 222 14 -3 0 0 0 0 66 -93 -20 -920 35 N N N N 1552 404 -15 -229 -229
1 40000 291 77 0 1 0 0 0 0 14 -38 -7 -2463 35 N N N N 606 156 -18 -86 -86
1 40000 281 3 -1 -1 0 0 0 0 0 -2 0 -889 31 N N N N 374 95 -15 -53 -53
1 40000 303 -60 2 3 0 0 0 0 -10 30 5 2280 24 N N N N 280 72 -13 -38 -38
1 40000 294 -31 -2 0 0 0 0 0 -6 15 2 1112 27 N N N N -23 -8 -22 7 7
1 41471 284 -220 -14 125 -11 1400 -2 -2 -68 98 -28 1399 22 N N N N -621 -164 -17 94 94
1 38255 296 -313 6 -142 39 -1409 1 0 -143 59 107 190 37 N N N N -761 -202 -28 117 117
1 42156 292 -192 26 14 -1 1 -1 2 -104 3 23 -1911 31 N N N N -1128 -294 -11 169 169
1 39998 281 -80 5 3 0 0 0 0 -41 -10 10 -1878 29 N N N N -646 -171 -20 100 100
1 40000 287 -38 1 -1 0 0 0 0 -19 -6 5 2771 41 N N N N -1057 -278 -40 164 164
1 40002 289 -66 -2 1 0 0 0 0 -30 -13 8 -343 43 N N N N -461 -122 -21 73 73
1 39999 282 -43 -6 -2 0 0 0 0 -18 -11 5 949 33 N N N N -46 -13 -16 9 9
1 44120 319 230 -20 -123 0 -1382 0 -2 115 5 29 1111 23 N N N N 650 166 -27 -93 -93
1 41380 326 440 4 119 -7 1387 0 2 214 -14 -124 218 27 N N N N -60 -18 -24 12 12
1 40795 280 302 9 4 0 0 0 0 97 -121 -31 99 39 N N N N 593 152 -24 -85 -85
1 40002 306 127 7 -1 0 0 0 0 19 -64 -6 -2632 38 N N N N 871 224 -15 -127 -127
1 39999 289 -27 1 1 0 0 0 0 -2 14 2 1785 39 N N N N 818 209 -21 -117 -117
1 40001 309 -31 0 -1 0 0 0 0 -5 16 1 698 42 N N N N 892 228 -27 -126 -126
1 39999 304 -28 -2 1 0 0 0 0 -4 14 1 -379 30 N N N N 725 186 -12 -104 -104
1 41940 312 -193 -15 125 -10 1404 -1 -2 -48 95 -28 1009 21 N N N N -9 -4 -18 5 5
1 40000 296 -260 4 1 0 0 0 0 -107 87 19 116 20 N N N N -41 -12 -13 8 8
1 42061 309 -347 -3 -122 0 -1405 0 2 -174 7 110 165 43 N N N N -154 -43 -30 28 28
1 39999 289 -191 5 -3 0 0 0 0 -93 -33 26 -427 31 N N N N -162 -44 -15 26 26
1 39999 308 -133 -1 3 0 0 0 0 -55 -38 13 -2360 26 N N N N 111 26 -19 -13 -13
1 40002 308 -55 3 -1 0 0 0 0 -20 -20 5 1553 29 N N N N 224 56 -21 -29 -29
1 40000 296 21 1 0 0 0 0 0 7 8 -2 -6159 23 N N N N 29 6 -12 -2 -2
1 44058 352 329 -18 -131 0 -1402 -1 -2 149 41 21 7853 13 N N N N -273 -73 -23 43 43
1 40598 327 425 4 31 -2 199 0 -1 210 -6 -83 222 32 N N N N 165 39 -24 -19 -19
1 39402 303 167 8 95 -6 1206 0 3 68 -35 -62 -2750 41 N N N N -1136 -294 -22 168 168
1 40000 306 88 -1 3 0 0 0 0 29 -36 -11 11 25 N N N N -1641 -425 -18 243 243
1 40002 313 45 2 -1 0 0 0 0 12 -20 -4 -1571 36 N N N N -248 -67 -36 42 42
1 39998 297 -25 0 -1 0 0 0 0 -7 11 3 3348 52 N N N N -264 -71 -32 44 44
1 40000 310 -17 1 -1 0 0 0 0 -5 8 1 363 48 N N N N 25 4 -29 1 1
1 46295 335 -231 -12 126 -10 1395 -1 -2 -85 92 -27 1360 50 N N N N 395 99 -19 -55 -55
1 43058 314 -302 12 -121 30 -1410 0 2 -149 33 103 138 37 N N N N 206 53 -7 -29 -29
1 40001 280 -149 12 -2 0 0 0 0 -79 -8 22 -1098 17 N N N N 119 29 -10 -16 -16
1 40000 303 -76 5 -2 0 0 0 0 -39 -12 9 -867 15 N N N N 83 20 -10 -11 -11
1 40001 296 49 -3 1 0 0 0 0 25 8 -6 -826 25 N N N N 650 164 -30 -90 -90
1 39999 292 58 1 0 0 0 0 0 29 7 -7 -620 31 N N N N 644 163 -19 -89 -89
1 40000 291 30 1 -1 0 0 0 0 15 2 -4 -4289 35 N N N N 469 117 -24 -64 -64
1 44174 335 300 -26 -122 1 -1369 0 -2 157 -44 6 8337 30 N N N N 240 58 -26 -30 -30
1 44236 320 317 18 127 -7 1383 -1 2 124 -77 -92 -433 38 N N N N -79 -23 -27 16 16
1 40001 296 136 0 -4 0 0 0 0 33 -63 -11 -792 39 N N N N 449 111 -31 -59 -59
1 40000 304 40 2 -4 0 0 0 0 8 -20 -1 9 49 N N N N 640 161 -22 -88 -88
1 39999 285 -63 -2 5 0 0 0 0 -12 31 3 1490 38 N N N N 510 129 -13 -70 -70
1 39999 285 -102 2 -2 0 0 0 0 -25 48 9 -657 18 N N N N 318 79 -11 -43 -43
1 41296 306 -264 -14 124 -10 1393 -1 -2 -99 103 -25 1016 23 N N N N 209 51 -17 -27 -27
1 42527 310 -295 -1 -118 0 -1394 0 2 -146 25 98 -2736 28 N N N N -349 -90 -11 52 52
1 40000 288 -117 7 -2 0 0 0 0 -61 -6 18 2596 20 N N N N -225 -59 -13 34 34
1 40000 307 -21 3 -4 0 0 0 0 -12 -2 4 33 18 N N N N -101 -28 -15 17 17
1 40000 297 13 -1 0 0 0 0 0 7 1 -2 -1675 18 N N N N 5 0 -12 1 1
1 40000 306 -33 -2 1 0 0 0 0 -15 -5 6 1405 17 N N N N 70 17 -9 -8 -8
1 41414 308 164 -19 -123 0 -1384 0 -2 87 -22 32 874 18 N N N N 440 110 -20 -59 -59
1 42647 317 419 1 121 -10 1388 0 2 195 -42 -124 201 25 N N N N 1092 275 -19 -150 -150
1 40000 306 191 13 3 0 0 0 0 60 -78 -19 -86 27 N N N N 1337 337 -19 -182 -182
1 39998 302 68 -2 -2 0 0 0 0 14 -33 -4 -447 31 N N N N 410 101 -19 -54 -54
1 39999 301 12 3 -3 0 0 0 0 2 -6 -1 533 31 N N N N -143 -39 -17 24 24
1 40001 299 -30 2 4 0 0 0 0 -5 15 3 -263 27 N N N N -150 -40 -18 24 24
1 40001 315 -55 -2 0 0 0 0 0 -13 26 4 -232 27 N N N N -25 -9 -16 6 6
1 43650 315 -291 -13 126 -10 1391 0 -2 -101 119 -22 1094 28 N N N N 832 207 -27 -109 -109
1 40000 305 -302 21 -121 39 -1394 -1 2 -151 34 103 80 27 N N N N 1154 291 -8 -157 -157
1 40000 288 -147 9 -2 0 0 0 0 -77 -9 22 -153 19 N N N N 191 48 -8 -24 -24
1 39998 282 -59 4 3 0 0 0 0 -30 -7 7 142 14 N N N N -1177 -301 -15 164 164
1 40000 300 -2 -2 -3 0 0 0 0 -1 -1 0 -900 19 N N N N -743 -190 -17 105 105
1 40001 279 94 2 -2 0 0 0 0 47 11 -10 -109 21 N N N N -98 -28 -18 17 17
1 40000 295 15 -1 1 0 0 0 0 8 1 -3 -429 31 N N N N 135 33 -12 -16 -16
1 44233 342 263 -20 -125 0 -1388 0 -2 138 -37 16 1849 11 N N N N 211 52 -11 -27 -27
1 42237 303 354 11 122 -7 1396 0 2 146 -78 -100 18 22 N N N N 223 54 -14 -28 -28
1 39999 293 107 3 -1 0 0 0 0 28 -48 -10 -965 15 N N N N 370 91 -17 -47 -47
1 40002 292 21 1 -1 0 0 0 0 5 -10 -1 -425 32 N N N N 414 102 -14 -54 -54
1 39999 306 -156 -2 5 0 0 0 0 -42 70 14 1527 29 N N N N 386 95 -17 -49 -49
1 40000 296 -149 0 2 0 0 0 0 -57 53 18 -818 25 N N N N 198 48 -17 -24 -24
1 46861 355 -258 -16 -6 -9 -7 -1 0 -120 50 37 1394 29 N N N N 309 73 -28 -36 -36
1 40786 312 -227 9 6 0 0 0 0 -118 -2 31 39 39 N N N N 468 114 -22 -59 -59
1 40000 307 -68 2 0 0 0 0 0 -34 -11 9 -1064 29 N N N N 275 68 -13 -34 -34
1 40000 305 -93 0 -2 0 0 0 0 -43 -20 13 1178 28 N N N N 139 32 -15 -16 -16
1 40001 306 -58 -6 0 0 0 0 0 -24 -14 7 -1978 23 N N N N 1383 344 -23 -180 -180
1 40000 323 141 4 -1 0 0 0 0 63 32 -17 1238 21 N N N N 1629 408 -16 -212 -212
1 44529 375 377 -17 -130 -1 -1390 0 -2 193 -20 -1 1219 25 N N N N 2455 613 -21 -316 -316
1 39999 291 312 9 131 -8 1392 0 2 133 -59 -100 -145 31 N N N N 525 131 -8 -67 -67
1 40000 341 73 4 0 0 0 0 0 23 -30 -6 -595 14 N N N N -151 -41 -13 23 23
1 40000 328 45 1 1 0 0 0 0 12 -20 -6 719 26 N N N N 1295 322 -17 -163 -163
1 40001 346 1 0 -3 0 0 0 0 0 -1 1 -1140 23 N N N N 149 36 -7 -17 -17
1 39999 334 1 0 2 0 0 0 0 1 0 -1 1094 16 N N N N -1453 -367 -11 189 189
1 44587 363 -279 -13 123 -10 1400 0 -2 -98 114 -22 473 18 N N N N -793 -203 -17 107 107
1 43354 359 -287 22 -123 42 -1407 0 2 -143 35 101 64 21 N N N N -471 -121 -15 64 64
1 39998 305 -203 8 2 0 0 0 0 -105 -12 26 -6 21 N N N N 244 59 -13 -28 -28
1 40000 333 -76 3 -2 0 0 0 0 -38 -14 9 -1334 22 N N N N 171 40 -14 -19 -19
1 40001 325 -73 2 -3 0 0 0 0 -34 -17 8 1298 16 N N N N 422 104 -8 -53 -53
1 39999 328 -36 -3 5 0 0 0 0 -15 -9 3 -703 19 N N N N 1714 426 -16 -217 -217
1 40000 334 2 6 -2 0 0 0 0 0 0 0 -2244 22 N N N N 2078 518 -14 -261 -261
1 41942 348 282 -21 -129 0 -1386 0 -2 140 14 27 3412 6 N N N N 1229 306 -10 -152 -152
1 41422 344 344 4 36 0 199 -1 -1 172 -12 -67 215 16 N N N N -783 -201 -21 103 103
1 38991 369 262 -34 93 -69 1190 0 3 105 -70 -89 -176 31 N N N N 288 69 -14 -32 -32
1 40001 345 190 2 0 0 0 0 0 41 -90 -17 -463 24 N N N N -581 -149 -14 76 76
1 40001 347 42 3 -4 0 0 0 0 6 -21 -3 263 24 N N N N -2301 -578 -15 295 295
1 39999 367 -9 -3 1 0 0 0 0 -2 4 1 341 21 N N N N -539 -138 -13 72 72
1 40000 365 -50 2 2 0 0 0 0 -6 26 4 205 27 N N N N -59 -18 -18 12 12
1 44119 382 -261 -12 123 -11 1388 -1 -2 -68 121 -21 260 18 N N N N -117 -31 -10 17 17
1 41074 358 -311 2 -31 0 -208 0 -1 -137 85 50 164 21 N N N N 256 59 -20 -28 -28
1 38924 318 -221 26 -89 39 -1180 0 3 -116 -7 85 24 26 N N N N 591 145 -17 -71 -71
1 40000 344 -69 3 -1 0 0 0 0 -35 -8 11 -95 27 N N N N 1816 450 -9 -228 -228
1 40001 306 -44 0 3 0 0 0 0 -21 -7 5 57 17 N N N N 581 143 -12 -70 -70
1 39999 325 -33 -2 -3 0 0 0 0 -16 -6 5 -1018 19 N N N N 444 107 -15 -52 -52
1 40002 327 -25 1 -2 0 0 0 0 -12 -5 4 744 23 N N N N -192 -52 -18 29 29
1 43585 362 223 -17 -126 0 -1390 0 -2 114 -7 26 767 17 N N N N 124 27 -18 -11 -11
1 42177 347 360 -1 123 -8 1397 0 2 174 -12 -119 147 26 N N N N 577 140 -16 -68 -68
1 40001 313 156 12 1 0 0 0 0 60 -52 -18 -125 21 N N N N 647 158 -10 -78 -78
1 40000 297 74 2 1 0 0 0 0 23 -31 -8 -963 22 N N N N 1031 253 -16 -124 -124
1 39999 326 -9 1 3 0 0 0 0 -3 4 1 1122 26 N N N N 1061 261 -13 -126 -126
1 40000 286 -86 -1 1 0 0 0 0 -28 35 10 131 28 N N N N -7 -6 -17 5 5
1 40000 303 -106 -3 1 0 0 0 0 -40 37 13 57 16 N N N N 258 62 -7 -30 -30
1 46649 328 -301 -24 -1 -11 -5 -1 0 -139 53 45 121 12 N N N N 449 110 -7 -53 -53
1 38751 199 -121 313 53 252 445 -112 -4 -132 3 2 -37 -1 N N N N 872 212 -17 -101 -101
1 39985 171 -54 -1 -6 0 0 -175 0 -28 -7 5 66 0 N N N N 307 74 -9 -35 -35
1 39962 123 -106 -52 9 -2 -1 -168 0 -39 -15 4 -166 -15 N N N N -38 -10 -3 5 5
1 55339 -9 -58 316 10 491 0 -184 0 -81 -18 -91 -237 -9 N N N N -9 -6 -14 5 5
1 24732 -94 -22 -11 -7 -3 0 -106 0 -5 -4 -3 336 24 N N N N -22 -4 4 2 2
1 39942 -248 -14 12 8 2 0 -166 0 -9 -7 -3 261 50 N N N N 78 20 2 -10 -10
1 40066 -320 -151 -1 5 0 0 -164 0 -52 -52 -13 -26 26 N N N N -83 -19 6 8 8
1 41162 -382 -173 -119 101 -1 1395 -108 2 -34 -56 -50 -136 -3 N N N N 99 29 18 -17 -17
1 40001 -379 271 -13 2 0 0 0 0 87 108 14 -33 -13 N N N N -225 -53 12 25 25
1 40000 -414 401 1 1 0 0 0 0 186 74 59 -50 -9 N N N N -579 -142 6 68 68
1 39047 -367 351 138 -79 -69 -1401 -39 -2 146 -55 113 -110 -24 N N N N -448 -107 18 50 50
1 41248 -329 -134 -201 -47 3 0 -22 4 -24 14 -10 -111 -10 N N N N 324 84 13 -43 -43
1 39998 -362 -87 -5 -5 0 0 0 0 -41 14 -11 -69 -19 N N N N -570 -138 16 65 65
1 40003 -339 -26 -1 1 0 0 0 0 -13 3 -5 -88 -22 N N N N -1018 -249 17 121 121
1 39998 -348 -41 4 -1 0 0 0 0 -22 5 -5 -92 -22 N N N N -982 -241 14 117 117
1 40000 -348 -19 2 1 0 0 0 0 -10 2 -4 -113 -23 N N N N -836 -204 19 99 99
1 38703 -336 -38 -13 5 0 0 -111 0 -17 2 -7 -98 -37 N N N N -564 -137 15 67 67
1 41298 -370 -29 -2 -3 0 0 -4 0 -14 1 -4 -87 -20 N N N N -76 -15 18 5 5
1 40000 -354 8 0 0 0 0 0 0 4 -1 2 -56 -20 N N N N 563 143 9 -73 -73
1 39999 -348 0 0 0 0 0 0 0 0 0 -1 -85 -22 N N N N -35 -5 15 1 1
1 40000 -350 -4 3 -1 0 0 0 0 -3 0 0 -111 -20 N N N N -1262 -312 16 154 154
1 40000 -351 22 -1 -2 0 0 0 0 12 0 4 -62 -23 N N N N -346 -83 14 40 40
1 75000 -669 -34 -15 0 0 0 -111 0 -15 0 -3 -207 -52 N N N N -2027 -499 32 249 249
1 39999 -354 -35 3 4 0 0 0 0 -19 0 -7 -121 -26 N N N N -1055 -260 19 131 131
1 40000 -357 -13 -3 0 0 0 0 0 -6 -1 -2 -87 -27 N N N N 1873 472 18 -243 -243
1 40001 -360 -6 2 -2 0 0 0 0 -3 0 -1 -135 -22 N N N N 1166 296 21 -153 -153
1 40000 -337 -41 -4 2 0 0 0 0 -21 -3 -4 -47 -22 N N N N 1452 366 12 -186 -186
1 38369 -385 -106 62 123 91 1411 -107 0 -63 -8 -86 -120 -45 N N N N 992 253 17 -128 -128
1 45452 -482 377 1 11 0 -6 1 -2 187 21 58 -153 -42 N N N N -1312 -323 26 158 158
1 36943 -381 308 -36 -127 -34 -1397 -42 2 142 -107 105 -114 -33 N N N N -2772 -690 21 346 346
1 40001 -418 -103 5 -1 0 0 0 0 -41 36 -11 -150 -30 N N N N -1448 -359 23 181 181
1 39998 -389 -85 -4 -8 0 0 0 0 -34 24 -11 -72 -19 N N N N -61 -12 15 4 4
1 40001 -399 -69 -1 0 0 0 0 0 -32 15 -10 -96 -27 N N N N 1650 418 16 -216 -216
1 40001 -413 -2 1 4 0 0 0 0 -1 2 -2 -95 -27 N N N N 523 135 19 -71 -71
1 39998 -405 -73 -2 -2 0 0 0 0 -36 11 -10 -60 -19 N N N N -127 -30 10 14 14
1 40000 -394 -35 4 1 0 1 -2 0 -18 5 -6 -122 -23 N N N N -184 -42 19 19 19
1 40000 -408 -27 0 -1 0 0 0 0 -14 3 -4 -173 -30 N N N N -228 -52 25 23 23
1 40000 -402 -8 -2 -1 0 0 0 0 -4 -1 0 -141 -42 N N N N -2402 -599 27 304 304
1 40001 -406 7 0 2 0 0 0 0 4 0 0 -125 -33 N N N N -2878 -721 21 373 373
1 39999 -424 3 2 -1 0 0 0 0 1 0 2 -118 -28 N N N N -816 -202 21 104 104
1 41263 -448 214 7 103 0 1199 0 -3 102 -15 -16 -114 -40 N N N N -495 -122 17 63 63
1 39854 -409 21 2 -98 7 -1204 0 3 8 -27 51 -174 -32 N N N N -624 -153 25 78 78
1 40000 -410 -62 -7 -5 0 0 0 0 -26 14 -8 -107 -36 N N N N -272 -64 26 31 31
1 39999 -435 7 -4 -1 0 0 0 0 4 -2 1 -76 -26 N N N N -585 -145 16 76 76
1 40001 -421 7 2 -1 0 0 0 0 3 -2 1 -126 -29 N N N N -457 -113 20 58 58
1 39999 -426 -6 2 -1 0 0 0 0 -3 2 -1 -97 -28 N N N N -486 -120 18 63 63
1 40000 -432 -21 1 4 0 0 0 0 -10 6 -4 -139 -26 N N N N -435 -107 20 55 55
1 40000 -420 -35 -3 -1 0 0 0 0 -16 7 -5 -196 -44 N N N N -684 -168 32 87 87
1 40000 -447 -34 1 2 0 0 0 0 -16 7 -7 -94 -26 N N N N 940 241 17 -132 -132
1 40001 -439 0 0 -4 0 0 0 0 0 -1 2 -69 -25 N N N N 701 180 17 -99 -99
1 39999 -439 25 0 -2 0 0 0 0 12 -6 4 -93 -22 N N N N 228 60 13 -33 -33
1 40001 -447 11 -5 4 0 0 0 0 6 -1 0 -128 -30 N N N N -215 -51 24 24 24
1 40000 -440 13 6 -3 0 0 0 0 5 -3 4 -139 -31 N N N N -953 -239 20 126 126
1 39999 -437 22 -4 0 0 0 0 0 11 -5 3 -229 -51 N N N N -208 -47 38 22 22
1 40000 -453 1 1 2 0 0 0 0 0 0 0 -104 -36 N N N N 176 48 21 -29 -29
1 40000 -445 56 -1 2 0 0 0 0 26 -13 8 -113 -34 N N N N -1117 -280 23 150 150
1 43237 -479 -134 13 -122 10 -1381 0 -2 -67 -6 39 -118 -36 N N N N -1322 -334 16 181 181
1 43120 -461 -165 -2 121 0 1390 0 2 -82 48 -86 -63 -23 N N N N -618 -156 15 83 83
1 39999 -452 -24 0 -3 0 0 0 0 -12 1 -4 -154 -27 N N N N -478 -118 26 63 63
1 39999 -457 -40 -5 3 0 0 0 0 -20 -2 -6 -65 -28 N N N N -81 -19 14 9 9
1 40000 -429 -23 5 -2 0 0 0 0 -13 -2 -2 -76 -19 N N N N 263 69 12 -39 -39
1 40002 -437 20 -3 2 0 0 0 0 11 2 2 -88 -22 N N N N 15 6 15 -5 -5
1 43234 -495 192 14 126 0 1391 0 -2 95 13 -35 -160 -29 N N N N -218 -53 21 27 27
1 43115 -501 297 -22 -119 -17 -1393 0 2 139 -91 104 -216 -46 N N N N -423 -103 41 52 52
1 40000 -408 -43 -3 -6 0 0 0 0 -16 13 -4 -222 -50 N N N N -547 -136 30 73 73
1 40000 -437 48 -3 1 0 0 0 0 20 -16 5 -104 -39 N N N N -19 -2 25 -2 -2
1 39999 -408 39 -1 -2 0 0 0 0 14 -16 5 -162 -47 N N N N -445 -110 29 58 58
1 40000 -435 12 2 -2 0 0 0 0 3 -5 2 -243 -47 N N N N -605 -151 36 81 81
1 43296 -451 -177 7 -121 7 -1390 0 -2 -72 22 31 -94 -52 N N N N -735 -186 22 102 102
1 41591 -432 -247 12 120 0 1389 0 2 -122 79 -88 -38 -25 N N N N -359 -90 13 50 50
1 39999 -422 20 -12 1 0 0 0 0 13 -1 2 -109 -18 N N N N -267 -67 16 36 36
1 40000 -420 7 -1 4 0 0 0 0 4 1 0 -142 -29 N N N N -336 -84 22 46 46
1 40001 -407 8 2 -3 0 0 0 0 3 -3 4 -222 -40 N N N N -355 -88 30 47 47
1 39999 -416 27 4 4 0 0 0 0 13 -2 2 -232 -53 N N N N -358 -88 41 45 45
1 40001 -400 -24 -3 -7 0 0 0 0 -12 2 1 -150 -53 N N N N -869 -220 33 123 123
1 40000 -400 -55 -2 2 0 0 0 0 -27 3 -12 -198 -47 N N N N 999 260 34 -152 -152
1 40000 -423 8 -2 -1 0 0 0 0 5 1 1 -146 -51 N N N N 572 151 28 -89 -89
1 40001 -393 44 1 1 0 0 0 0 22 -3 7 -149 -41 N N N N 870 227 29 -132 -132
1 39998 -405 17 -2 0 0 0 0 0 9 -2 2 -177 -48 N N N N 752 197 27 -114 -114
1 40001 -413 -22 3 1 0 0 0 0 -12 2 -3 -216 -45 N N N N 16 8 34 -8 -8
1 40000 -381 -42 3 -2 1 0 0 0 -22 3 -5 -185 -56 N N N N 99 30 35 -20 -20
1 39999 -404 27 -8 4 0 0 0 0 15 -2 3 -121 -44 N N N N 477 126 27 -74 -74
1 40001 -398 38 7 -3 0 0 0 0 18 -3 7 -142 -38 N N N N 281 76 22 -45 -45
1 39999 -406 2 -2 1 0 0 0 0 1 -1 0 -163 -41 N N N N -626 -159 31 86 86
1 40002 -401 12 2 -3 0 0 0 0 6 -2 3 -252 -54 N N N N -782 -198 39 107 107
1 39998 -385 38 -4 2 0 -1 0 0 20 -4 4 -166 -55 N N N N -859 -219 30 122 122
1 40000 -407 38 4 1 0 0 0 0 18 -6 5 -115 -43 N N N N -496 -127 23 70 70
1 40000 -375 -33 -3 -1 0 0 0 0 -16 4 -3 -263 -50 N N N N -943 -241 43 133 133
1 40000 -400 -1 -1 -1 0 0 0 0 0 1 -1 -200 -62 N N N N -210 -50 40 25 25
1 40001 -387 12 5 0 0 0 0 0 5 -2 3 -118 -44 N N N N 1195 313 21 -181 -181
1 40000 -383 16 -4 1 0 1 -18 0 9 -2 0 -247 -54 N N N N 1570 413 39 -240 -240
1 39999 -377 41 -2 0 0 0 0 0 20 -8 7 -114 -47 N N N N 274 74 24 -44 -44
1 40001 -379 34 1 2 0 0 0 0 15 -8 5 -118 -42 N N N N 181 50 25 -31 -31
1 40000 -381 5 3 -4 0 0 0 0 2 -2 2 -58 -25 N N N N 279 74 14 -44 -44
1 40001 -375 27 -1 3 0 0 0 0 12 -6 3 -215 -32 N N N N 6 5 26 -5 -5
1 40349 -389 -8 2 -119 10 -1393 -49 -2 -5 -35 50 -269 -67 N N N N -447 -112 39 59 59
1 39188 -381 -164 70 126 0 1388 -15 -2 -92 72 -79 -268 -64 N N N N -1375 -355 44 197 197
1 42636 -393 -96 -81 -6 0 0 -30 4 -32 4 -12 -289 -76 N N N N -1550 -400 62 223 223
1 40001 -388 9 4 1 0 0 0 0 4 0 0 -263 -72 N N N N -1342 -347 47 197 197
1 40000 -394 28 0 2 0 0 0 0 14 -1 5 -261 -82 N N N N -205 -50 49 24 24
1 39998 -369 -24 -3 -5 0 0 0 0 -11 1 -4 -126 -61 N N N N 343 93 30 -57 -57
1 40002 -391 -11 -3 2 0 0 0 0 -6 0 0 -111 -46 N N N N 90 26 23 -17 -17
1 40471 -408 74 18 133 0 1417 -34 -2 34 15 -60 -131 -40 N N N N 96 27 21 -18 -18
1 40763 -387 254 -3 -123 10 -1422 -25 2 120 -71 104 -209 -50 N N N N 44 15 39 -12 -12
1 39999 -394 -117 -6 -8 0 0 0 0 -50 29 -14 -153 -47 N N N N 133 38 26 -25 -25
1 40001 -393 29 -5 1 0 0 0 0 14 -7 3 -294 -63 N N N N -375 -95 49 50 50
1 40000 -393 104 1 -5 0 0 0 0 45 -31 16 -239 -71 N N N N -1450 -379 47 218 218
1 39999 -395 48 2 2 0 0 0 0 18 -16 6 -126 -51 N N N N -650 -170 24 98 98
1 40000 -375 53 4 -1 0 0 0 0 18 -20 7 -167 -41 N N N N -103 -25 27 13 13
1 36179 -373 -60 3 -117 9 -1381 -25 -2 -22 -15 35 -223 -55 N N N N 942 252 33 -152 -152
1 39888 -396 -310 1 129 1 1406 2 -2 -142 112 -91 -334 -72 N N N N 431 117 44 -74 -74
1 40111 -396 -136 -5 -9 -1 0 -16 4 -68 5 -18 -227 -80 N N N N 557 154 62 -96 -96
1 40001 -410 -11 -3 4 0 0 0 0 -5 1 -3 -140 -61 N N N N 990 265 32 -159 -159
1 39999 -433 -10 2 -2 0 0 0 0 -6 -1 0 -77 -40 N N N N 556 150 18 -89 -89
1 40001 -400 6 -2 3 0 0 0 0 4 2 -2 -180 -39 N N N N 130 37 25 -24 -24
1 40001 -416 2 -1 -5 0 0 0 0 1 -2 3 -163 -51 N N N N 84 25 33 -18 -18
1 45882 -516 206 15 129 0 1390 -1 -2 102 8 -34 -286 -61 N N N N 235 67 43 -43 -43
1 41470 -436 251 -2 -123 4 -1411 0 2 110 -85 103 -180 -52 N N N N 277 78 37 -49 -49
1 40001 -420 -71 -8 -5 0 0 0 0 -25 22 -11 -379 -75 N N N N -54 -9 58 -1 -1
1 39999 -436 -28 2 -1 0 0 0 0 -12 9 -3 -357 -94 N N N N -566 -145 63 78 78
1 40001 -429 -4 0 -3 0 0 0 0 -2 0 0 -377 -106 N N N N -756 -196 67 107 107
1 40000 -442 35 -6 4 0 0 0 0 16 -10 3 -399 -120 N N N N 908 251 78 -154 -154
1 43941 -501 -101 13 -124 10 -1381 -1 -2 -48 -9 42 -353 -124 N N N N -615 -159 59 87 87
1 37290 -420 -166 -22 118 -40 1386 1 2 -76 61 -79 -136 -62 N N N N -680 -180 38 101 101
1 40000 -440 38 -7 2 0 0 0 0 21 -4 4 -413 -78 N N N N -1227 -324 67 185 185
1 40002 -445 37 -4 6 0 0 0 0 19 -3 3 -366 -97 N N N N 218 64 71 -45 -45
1 39998 -440 28 -4 -5 0 0 0 0 15 -6 5 -383 -109 N N N N 361 104 66 -68 -68
1 40002 -448 84 6 2 0 0 0 0 39 -17 11 -304 -108 N N N N 598 167 66 -106 -106
1 39998 -454 36 3 -4 0 0 0 0 16 -10 5 -305 -90 N N N N 745 208 56 -127 -127
1 45418 -520 -150 6 -88 6 -1183 -1 -3 -74 8 26 -293 -127 N N N N 591 165 52 -103 -103
1 39410 -446 -52 -6 92 2 1189 1 3 -24 31 -53 -110 -49 N N N N 156 46 34 -30 -30
1 40001 -454 59 5 -1 0 0 0 0 28 -8 9 -251 -63 N N N N -2117 -572 43 332 332
1 39998 -459 36 1 -1 0 0 0 0 18 -6 5 -137 -64 N N N N -526 -141 30 81 81
1 40000 -454 -3 -1 0 0 0 0 0 -1 1 0 -218 -38 N N N N -245 -64 29 36 36
1 40000 -457 86 0 4 0 0 0 0 41 -18 10 -204 -46 N N N N -404 -107 36 60 60
1 40001 -436 -24 1 -3 -1 0 0 0 -11 5 -3 -373 -81 N N N N -438 -115 58 64 64
1 40000 -437 34 -3 1 0 0 0 0 16 -8 4 -378 -98 N N N N 528 149 61 -96 -96
1 40000 -431 32 0 -2 0 0 0 0 14 -9 6 -195 -107 N N N N 202 60 63 -42 -42
1 40001 -432 3 -1 1 0 0 0 0 1 -1 0 -163 -72 N N N N -155 -40 37 20 20
1 39999 -424 57 6 3 0 0 0 0 23 -17 6 -240 -61 N N N N 283 82 40 -53 -53
1 44765 -460 -204 10 -130 10 -1393 0 -2 -95 15 33 -193 -73 N N N N -612 -166 33 97 97
1 43762 -445 -181 1 127 0 1393 -1 2 -92 52 -87 -247 -62 N N N N -163 -41 44 20 20
1 40001 -408 12 -11 1 0 0 0 0 8 -1 4 -282 -71 N N N N 725 203 50 -127 -127
1 40000 -400 96 2 0 0 0 0 0 49 -6 14 -307 -87 N N N N -435 -115 65 62 62
1 40000 -400 30 1 -2 0 0 0 0 15 -3 5 -455 -117 N N N N -2267 -620 73 371 371
1 40000 -397 19 -2 0 0 0 0 0 10 -3 3 -218 -97 N N N N -1669 -458 58 277 277
1 40001 -388 23 -1 -3 1 0 1 0 12 -4 3 -134 -61 N N N N -877 -241 32 147 147
1 39998 -370 56 5 2 0 0 0 0 26 -10 8 -160 -50 N N N N -256 -70 27 41 41
1 40001 -396 79 -4 5 0 0 0 0 37 -19 9 -249 -60 N N N N 231 66 49 -45 -45
1 40001 -368 75 -1 -5 0 0 0 0 32 -24 11 -190 -61 N N N N 814 228 37 -146 -146
1 39999 -378 37 4 8 0 0 0 0 12 -11 5 -211 -64 N N N N 2009 560 38 -349 -349
1 36235 -332 -70 5 -121 8 -1396 -48 -2 -29 -14 38 -222 -65 N N N N 1422 398 34 -246 -246
1 38817 -365 -295 19 118 -1 1399 -19 -2 -144 93 -90 -64 -40 N N N N 465 131 20 -82 -82
1 42534 -402 -137 -29 0 1 0 -34 4 -65 -1 -20 -108 -42 N N N N -1381 -383 30 230 230
1 40000 -386 34 -5 0 0 0 0 0 19 2 5 -84 -32 N N N N -413 -113 22 68 68
1 40000 -375 38 2 -2 0 0 0 0 19 0 6 -173 -24 N N N N -1109 -308 17 188 188
1 39999 -392 50 2 0 0 0 0 0 26 0 6 -172 -53 N N N N -2454 -682 40 422 422
1 40000 -376 57 0 2 0 0 0 0 29 -5 8 -231 -53 N N N N -1257 -349 41 218 218
1 40001 -383 41 -4 -2 0 -1 -37 0 22 -4 6 -137 -52 N N N N -566 -158 28 98 98
1 39999 -401 77 -1 5 0 0 0 0 38 -13 9 -368 -78 N N N N -135 -36 55 19 19
1 40002 -396 100 -5 0 0 0 0 0 48 -24 12 -235 -79 N N N N 2526 709 51 -455 -455
1 39999 -386 34 5 -3 0 0 0 0 13 -11 7 -289 -80 N N N N 4457 1253 60 -781 -781
1 40000 -402 105 -4 -4 0 0 0 0 42 -37 12 -170 -74 N N N N 3624 1020 37 -617 -617
1 44472 -494 -168 66 -123 84 -1396 -2 -2 -87 16 45 -182 -68 N N N N 3152 889 28 -525 -525
1 37402 -425 -198 -30 122 -45 1390 0 2 -87 73 -88 -231 -60 N N N N 2943 833 46 -483 -483
1 40010 -431 34 -7 4 0 0 0 0 19 -3 2 -52 -41 N N N N 1838 521 29 -298 -298
1 40001 -454 61 -1 -4 0 0 0 0 31 -9 11 -112 -32 N N N N 605 174 20 -100 -100
1 40000 -442 66 2 6 0 0 0 0 30 -13 9 -260 -53 N N N N -52 -9 38 1 1
1 40002 -442 73 -2 -1 0 0 0 0 34 -18 11 -37 -40 N N N N 1236 352 24 -199 -199
1 39998 -440 95 -2 0 0 0 0 0 38 -31 14 -93 -27 N N N N 2249 637 17 -353 -353
1 43293 -485 -147 11 -121 7 -1386 0 -2 -65 7 33 -210 -49 N N N N 1526 436 31 -241 -241
1 41060 -454 -211 3 117 0 1389 0 2 -102 70 -87 -63 -35 N N N N -1895 -530 21 286 286
1 39998 -438 -2 -2 4 0 0 0 0 -1 1 -1 -145 -29 N N N N -1267 -355 23 192 192
1 39999 -458 60 -5 -5 0 0 0 0 32 -6 11 -170 -45 N N N N -2132 -597 35 328 328
1 40001 -454 83 -6 5 0 0 0 0 41 -13 13 -116 -37 N N N N 511 148 22 -86 -86
1 39999 -436 102 5 2 0 0 0 0 46 -23 14 -220 -50 N N N N 327 99 37 -59 -59
1 43541 -496 -179 5 -95 8 -1172 1 -3 -86 11 19 -261 -64 N N N N 3234 923 37 -514 -514
1 39815 -436 -127 8 94 1 1175 -1 3 -65 33 -69 -173 -56 N N N N 248 77 42 -48 -48
1 40000 -448 -48 -5 1 0 0 0 0 -24 -1 -7 -125 -54 N N N N -49 -7 36 -1 -1
1 40000 -451 -1 -1 -2 0 0 0 0 0 0 -1 -117 -32 N N N N -775 -216 22 115 115
1 40000 -454 -17 5 1 0 0 0 0 -9 -1 -4 -290 -63 N N N N 1218 356 51 -200 -200
1 40000 -460 -43 -6 2 0 0 0 0 -21 -3 -6 -230 -67 N N N N 1545 448 44 -248 -248
1 44529 -503 99 14 130 0 1400 0 -2 46 19 -53 -166 -74 N N N N 1281 373 42 -206 -206
1 40001 -482 251 -8 -2 0 0 0 0 127 -17 48 -233 -57 N N N N 665 198 38 -110 -110
1 44118 -512 60 3 -131 10 -1416 0 2 26 -39 76 -477 -123 N N N N -2190 -608 86 313 313
1 39997 -451 -41 -1 -1 0 0 0 0 -18 10 -6 -137 -64 N N N N -3179 -903 33 489 489
1 40000 -456 -51 5 -2 0 0 0 0 -24 11 -9 -430 -102 N N N N -874 -238 75 121 121
1 40002 -446 24 -6 5 0 0 0 0 12 -5 2 -235 -89 N N N N 458 142 60 -86 -86
1 39998 -457 0 -2 -1 0 0 0 0 1 0 0 -111 -52 N N N N 2431 703 31 -390 -390
1 40001 -459 -8 -3 0 0 0 0 0 -4 2 0 -255 -63 N N N N -50 -5 45 -3 -3
1 40001 -440 -28 3 -1 0 0 0 0 -13 6 -5 -191 -59 N N N N 143 48 39 -31 -31
1 39998 -451 -25 2 -5 0 0 0 0 -12 3 -3 -187 -54 N N N N -212 -54 36 24 24
1 40001 -467 30 0 2 0 0 0 0 14 -5 5 -43 -29 N N N N 580 170 19 -95 -95
1 39999 -460 -35 1 5 0 0 0 0 -18 6 -7 -62 -21 N N N N 1753 509 15 -276 -276
1 40000 -468 -54 2 -1 0 0 0 0 -27 7 -9 -132 -20 N N N N 2170 629 19 -338 -338
1 40002 -484 -37 -2 -1 0 0 0 0 -18 3 -6 -345 -71 N N N N 980 296 57 -163 -163
1 19999 -234 -13 -3 -1 0 0 0 0 -6 2 -2 69 -6 N N N N 540 156 4 -83 -83
1 19999 -259 5 2 3 0 0 0 0 2 -1 -1 -88 -11 N N N N 1175 342 11 -179 -179
1 20000 -244 7 0 -4 0 0 0 0 4 0 3 -132 -28 N N N N 1003 295 21 -155 -155
1 20002 -239 27 0 4 0 0 0 0 13 -3 3 -230 -42 N N N N 256 83 35 -48 -48
1 19998 -245 18 -5 -2 0 0 0 0 10 -2 4 -250 -61 N N N N -204 -49 42 19 19
1 20000 -257 36 -1 1 0 0 0 0 19 -3 5 -134 -50 N N N N -156 -37 35 14 14
1 20000 -244 51 -1 -2 0 0 0 0 25 -10 8 -165 -54 N N N N -249 -62 41 26 26
1 20000 -245 69 3 4 0 0 0 0 31 -14 11 -145 -44 N N N N -400 -109 30 52 52
1 20003 -247 33 1 0 0 0 0 0 14 -9 6 -382 -70 N N N N -382 -97 61 41 41
1 19997 -235 -56 1 -6 0 0 0 0 -25 13 -7 -347 -91 N N N N -612 -165 55 78 78
1 20000 -241 22 0 5 0 0 0 0 10 -4 2 -370 -104 N N N N -1034 -283 77 137 137
1 20001 -235 -17 -1 1 0 0 0 0 -8 4 -2 -231 -91 N N N N -1396 -396 53 202 202
1 20000 -232 -24 6 -5 0 0 0 0 -12 4 -3 -56 -56 N N N N -1222 -351 27 183 183
1 20000 -229 -11 5 2 0 0 0 0 -7 3 -1 -123 -46 N N N N -1067 -306 28 161 161
1 19999 -230 -30 -9 1 0 0 0 0 -12 6 -7 -335 -62 N N N N -706 -199 38 103 103
1 20001 -225 16 -2 -3 0 0 0 0 9 -4 3 -193 -86 N N N N -1480 -421 61 222 222
1 20001 -230 35 -1 1 0 0 0 0 16 -7 7 -137 -58 N N N N -999 -288 31 154 154
1 19999 -226 28 6 -2 0 0 0 0 12 -6 6 -180 -50 N N N N -1246 -359 37 195 195
1 20002 -219 -11 -4 2 0 0 0 0 -4 3 -4 -212 -62 N N N N -978 -280 40 152 152
1 20000 -222 19 -2 6 0 0 0 0 8 -4 1 -94 -41 N N N N -991 -286 29 159 159
1 19998 -235 -50 5 -4 0 0 0 0 -23 12 -6 -211 -35 N N N N -1499 -436 35 244 244
1 19999 -217 -48 -4 2 0 0 0 0 -23 8 -9 -145 -34 N N N N -1052 -305 27 173 173
1 20001 -230 -64 -4 -4 0 0 0 0 -30 9 -10 -299 -51 N N N N -762 -217 54 119 119
1 19999 -219 9 11 5 0 0 0 0 2 0 -1 -666 -104 N N N N 70 31 79 -27 -27
1 20001 -233 -6 -9 0 0 0 0 0 -1 0 -1 -412 -136 N N N N -302 -74 110 30 30
1 20000 -231 23 -2 -2 0 0 0 0 12 -3 4 -502 -139 N N N N -1158 -331 97 183 183
1 20000 -232 17 15 -2 0 0 0 0 5 -2 5 -574 -146 N N N N -1654 -476 124 269 269
1 20000 -220 -41 -4 -3 0 0 0 0 -20 4 -4 -437 -138 N N N N -2256 -664 73 393 393
1 20002 -276 -25 -5 2 0 0 0 0 -11 3 -7 -281 -122 N N N N -1810 -532 80 319 319
1 19997 -206 -46 1 -4 0 0 0 0 -23 2 -7 -378 -90 N N N N -930 -271 83 161 161
1 20001 -255 -38 -8 1 0 0 0 0 -18 2 -6 -136 -59 N N N N 2598 782 52 -490 -490
1 20002 -241 40 1 10 0 0 0 0 20 0 2 -351 -81 N N N N 2742 829 68 -510 -510
1 21412 -269 93 33 129 -1 1407 1 -2 38 12 -48 -1378 -190 N N N N 2869 882 161 -542 -542
1 20000 -258 -6 -24 0 0 0 0 0 3 -1 -4 -1262 -319 N N N N 2281 724 249 -452 -452
1 21941 -273 201 -9 -127 -20 -1405 -1 2 96 -61 99 -1480 -253 N N N N 614 231 292 -170 -170
1 19999 -209 10 -4 4 0 0 0 0 5 -2 -1 -525 -253 N N N N 2320 739 188 -446 -446
1 20000 -212 2 9 -6 0 0 0 0 -1 -2 5 -1147 -205 N N N N 1496 483 140 -290 -290
1 20000 -207 -149 -17 -9 0 0 0 0 -63 34 -22 -1585 -419 N N N N 1879 635 298 -394 -394
1 20000 -218 74 1 8 0 0 0 0 34 -14 8 -682 -286 N N N N 4388 1427 316 -819 -819
1 20000 -188 21 2 8 0 0 0 0 10 -3 -1 -605 -186 N N N N 6163 1951 130 -1037 -1037
1 20001 -203 -185 5 -9 0 0 0 0 -90 32 -26 -598 -213 N N N N 3320 1074 134 -561 -561
1 19999 -172 -138 8 -1 0 0 0 0 -72 6 -22 -1326 -164 N N N N 4518 1473 183 -747 -747
1 20000 -188 -34 -5 4 0 0 0 0 -17 -1 -6 -1356 -277 N N N N 7468 2441 256 -1181 -1181
1 20001 -199 -2 -6 -2 0 0 0 0 1 0 0 -1895 -497 N N N N 9119 3061 415 -1414 -1414
1 18790 -197 58 -14 4 0 -1 -44 -4 32 2 9 -458 -369 N N N N 7997 2652 211 -1128 -1128
1 25871 -288 230 30 98 0 1192 -18 1 109 -4 -11 -4601 -450 N N N N 11886 4180 651 -1722 -1722
1 15700 -163 -72 2 -97 8 -1187 -34 3 -36 -7 36 -2886 -443 N N N N 9460 3373 471 -1285 -1285
1 20815 -212 -138 -11 -3 0 0 0 0 -67 11 -22 -1269 -865 N N N N 17121 6091 626 -2081 -2081
1 20001 -192 -157 -4 -7 0 0 0 0 -79 -10 -21 -3131 -655 N N N N 13736 4975 480 -1532 -1532
1 19999 -204 -33 -14 5 0 0 0 0 -14 -3 -5 -1493 -840 N N N N 13164 5042 656 -1461 -1461
1 20000 -187 100 3 2 0 0 0 0 50 12 12 -2231 -814 N N N N 11315 4609 735 -1264 -1264
1 20000 -159 -44 8 -4 0 0 0 0 -24 -6 -4 -4540 -724 N N N N 10276 4459 821 -1164 -1164
1 20001 -104 2 20 3 0 0 0 0 -2 2 -6 -12171 -618 N N N N 6180 3342 1013 -908 -908
1 20000 -98 -169 -9 0 0 0 0 0 -80 -29 -23 -8347 -2112 N N N N 2034 3712 2526 -1254 -1254
1 20000 -78 -20 -6 -5 0 0 0 0 -8 -6 2 -2178 -1647 N N N N 12535 6892 1703 -1571 -1571
1 20000 -81 55 -1 6 0 0 0 0 25 14 4 -1249 -1494 N N N N 10180 5333 1015 -1057 -1056
1 18659 -108 145 51 3 74 2 -43 -4 63 23 11 -292 -1194 N N N N 8987 4335 547 -748 -749
1 20082 -102 6 -20 -1 -1 0 -88 0 6 -1 6 -67 -1026 N N N N 8128 3598 236 -549 -549
1 20013 -137 -60 -2 -2 0 -1 -54 0 -30 -6 -9 -94 -942 N N N N 5772 2563 162 -373 -373
1 19930 -166 8 -2 2 1 -1 -42 0 5 1 0 -37 -489 N N N N 4935 2108 78 -287 -287
1 20048 -184 -78 -5 4 0 -2 -74 0 -37 -12 -13 -5 -405 N N N N 3649 1581 70 -212 -212
1 19995 -188 -55 -12 -5 -2 3 -86 0 -24 -12 -3 11 -246 N N N N 2674 1137 36 -147 -147
1 19984 -214 -10 -7 9 1 1 -87 0 -4 -2 -2 -18 -161 N N N N 2390 980 10 -121 -121
1 26462 -287 190 35 115 0 1409 -21 2 86 39 -40 -64 -116 N N N N 2378 1075 70 -141 -141
1 20000 -238 184 -31 7 0 0 0 0 98 10 32 17 -49 N N N N 1198 519 20 -66 -66
1 20592 -254 223 7 -25 1 -214 0 -1 106 -32 59 10 -29 N N N N 992 421 12 -51 -51
1 19409 -218 136 -28 -108 -35 -1193 0 3 63 -68 63 8 -16 N N N N 968 369 -13 -41 -41
1 20000 -234 -11 -8 6 0 0 0 0 -1 6 -6 -17 -25 N N N N 417 173 3 -21 -21
1 20001 -225 -97 3 -9 0 0 0 0 -41 29 -8 -7 -8 N N N N 435 186 6 -23 -23
1 19997 -215 -48 -4 11 0 0 0 0 -20 16 -12 -7 -6 N N N N 587 237 0 -27 -27
1 10001 -103 32 15 -4 0 0 0 0 9 -10 10 1 8 N N N N 268 74 -21 -5 -5
1 9999 -128 -8 -9 -2 0 0 0 0 0 2 -3 2 -7 N N N N 251 108 4 -14 -14
1 10001 -115 -50 -8 -3 0 0 0 0 -20 12 -8 -7 0 N N N N 239 133 22 -19 -19
1 10001 -118 13 -12 3 0 0 0 0 8 -3 0 0 -4 N N N N 35 5 -6 1 1
1 9999 -112 -26 17 -1 0 0 0 0 -15 6 -3 1 2 N N N N 287 126 6 -16 -16
1 10000 -122 36 -11 5 0 0 0 0 20 -6 1 9 0 N N N N 96 42 2 -5 -5
1 10002 -112 -37 10 -8 0 0 0 0 -21 6 2 -1 -4 N N N N 334 135 0 -16 -16
1 9998 -121 2 -12 6 0 0 0 0 5 1 -7 4 -5 N N N N 213 105 11 -14 -14
1 10001 -93 -47 3 -3 0 0 0 0 -25 8 0 5 -1 N N N N 45 -2 -12 3 3
1 9999 -102 -57 3 -3 0 0 0 0 -29 9 -8 -1 4 N N N N 77 66 21 -12 -12
1 9778 -120 -38 -3 5 0 0 -2 0 -18 5 -9 -2 -1 N N N N 446 167 -8 -17 -17
1 10813 -90 -56 10 4 0 0 0 0 -32 4 -8 -9 -2 N N N N 269 99 -6 -11 -11
1 10000 -112 -65 10 -7 0 0 0 0 -34 1 -11 -2 -6 N N N N 105 67 15 -10 -10
1 10000 -106 -20 -16 3 0 0 0 0 -8 0 -2 0 2 N N N N 76 20 -7 -1 -1
1 10000 -106 -30 2 1 0 0 0 0 -16 -1 -3 -1 -9 N N N N 236 86 -5 -9 -9
1 9999 -112 -7 3 2 0 0 0 0 -4 0 -3 7 8 N N N N 356 134 -6 -14 -14
1 10001 -123 -38 -2 -2 0 0 0 0 -19 -3 -5 0 3 N N N N 4 0 -1 0 0
1 10000 -96 -5 -9 -1 0 0 0 0 -1 -1 2 3 0 N N N N 84 24 -6 -2 -2
1 10001 -100 -75 26 -7 0 0 0 0 -42 -11 -11 -3 0 N N N N 106 55 7 -7 -7
1 9999 -118 -2 -13 8 0 0 0 0 1 1 -2 -1 -2 N N N N 120 54 3 -7 -7
1 10001 -123 21 -12 3 0 0 0 0 12 3 6 1 -1 N N N N 309 115 -5 -12 -12
1 9999 -117 -18 21 -9 0 0 0 0 -12 -4 -2 4 1 N N N N 171 61 -5 -6 -6
1 10000 -114 -16 -11 7 0 0 0 0 -5 -1 -9 1 1 N N N N 81 60 16 -10 -10
1 10000 -113 -24 4 -1 0 0 0 0 -13 -5 0 -3 -1 N N N N 107 21 -13 0 0
1 10000 -115 -35 -3 -1 0 0 0 0 -16 -8 -2 -2 11 N N N N 150 63 1 -7 -7
1 10001 -113 -27 4 -2 0 0 0 0 -13 -6 -4 2 -6 N N N N 70 36 5 -5 -5
1 10000 -132 -16 -5 -5 0 0 0 0 -6 -4 -1 2 -14 N N N N 103 51 5 -7 -7
1 10000 -109 70 -33 11 0 0 0 0 37 17 13 3 12 N N N N 94 22 -10 -1 -1
1 13378 -151 56 31 134 0 1403 -1 -2 22 16 -68 2 6 N N N N 401 172 7 -20 -20
1 10800 -120 80 4 -25 0 0 0 0 40 12 19 0 3 N N N N 12 24 11 -5 -5
1 9998 -108 140 -9 12 0 0 0 0 73 8 16 -1 -8 N N N N 42 24 3 -3 -3
1 9999 -98 188 -7 -7 0 0 0 0 97 -17 33 6 6 N N N N 128 55 2 -7 -7
1 13757 -147 274 48 -116 7 -1416 0 2 96 -103 110 5 8 N N N N 351 148 4 -17 -17
1 10830 -104 113 -36 -11 0 0 0 0 49 -53 -4 -1 0 N N N N -29 -11 0 1 1
1 10000 -116 63 1 12 0 0 0 0 7 -27 10 0 9 N N N N 104 28 -8 -2 -2
1 10000 -99 -31 28 -9 0 0 0 0 -12 13 6 -7 -2 N N N N 211 88 2 -10 -10
1 10001 -116 14 -15 2 0 0 0 0 3 -7 1 -1 -2 N N N N 99 43 1 -5 -5
1 9999 -125 -28 12 -9 0 0 0 0 -8 11 0 1 -4 N N N N 193 77 0 -9 -9
1 10000 -118 -61 -28 3 0 0 0 0 -2 29 -19 1 2 N N N N 46 21 1 -2 -2
1 10000 -123 -19 19 6 0 0 0 0 -7 12 -3 1 3 N N N N 106 41 -1 -5 -5
1 10000 -113 -39 -1 13 0 0 0 0 -7 21 -17 -3 -2 N N N N 26 17 4 -2 -2
1 10000 -127 0 -15 -1 0 0 0 0 -3 -2 8 8 -2 N N N N 100 42 1 -5 -5
1 10000 -102 -39 7 -7 0 0 0 0 -17 13 2 125 -5 N N N N 287 129 7 -16 -16
