version: 66.14
glider: 195
mission: 21
dive: 330
start: 7 1 105 4 3 8
columns: rec,elaps_tms,depth,heading,pitch,roll,AD_pitch,AD_roll,AD_vbd,GC_phase,mag.x,mag.y,mag.z,sbect.TempFreq,sbect.CondFreq,wlbb2fl.sig470nm,wlbb2fl.sig700nm,wlbb2fl.sig695nm,wlbb2fl.temp,aa4330.O2,aa4330.AirSat,aa4330.Temp,aa4330.CalPhase,aa4330.TCPhase,
data:
0 16750 19 627 -673 89 164 2116 994 6 130 -326 -81 170856 134695 N N N N 250769 97830 25338 29275 30681
1 10000 4 -42 37 -93 0 0 0 0 19 24 -47 288 14 N N N N -268 -115 -6 14 14
1 10000 4 -56 -43 85 0 0 0 0 3 0 3 -236 9 N N N N 40 14 -1 -1 -1
1 10000 -4 153 24 -102 0 0 0 0 -23 -20 25 -165 -13 N N N N -537 -217 -4 25 25
1 10001 6 -146 0 122 0 0 0 0 9 10 -17 49 -10 N N N N 415 256 53 -39 -39
1 10001 -11 -10 62 -31 0 0 0 0 17 9 -1 -363 1 N N N N 491 76 -65 4 4
1 8687 -2 69 -39 -44 0 -1 34 -4 -16 -9 3 219 9 N N N N -205 -102 -12 13 13
1 9991 17 67 -19 -21 -2 0 250 0 -5 -8 21 137 -44 N N N N 8 4 1 0 0
1 9974 30 -221 6 95 1 -1 262 0 27 36 -57 -502 2 N N N N -5984 975 1877 -448 -448
1 10089 13 69 -10 -90 -1 1 250 0 -12 -2 -11 -10 0 N N N N -126 195 139 -46 -46
1 9994 34 27 -88 -57 0 1 273 0 -21 9 -32 21 -13 N N N N 336 465 186 -84 -84
1 9995 48 269 3 -218 0 -1 271 0 -28 -25 17 -45 2 N N N N 95 185 82 -34 -34
1 10015 85 -78 -23 155 1 2 275 0 3 -14 29 -73 -5 N N N N 50 98 44 -18 -18
1 15863 334 55 84 96 986 0 173 -1 -2 -24 88 1306 377 N N N N 294 40 -44 3 3
1 8472 220 -5 320 20 1456 0 120 1 -8 -2 69 163 83 N N N N 633 -55 -176 37 37
1 9739 150 22 136 -6 0 0 456 1 -23 -1 29 130 57 N N N N 402 -4 -94 17 17
1 15652 262 -79 -9 138 -8 1395 46 1 38 28 43 135 60 N N N N 283 -16 -73 15 15
1 10000 179 -140 10 -9 0 0 0 0 65 23 -30 38 17 N N N N 181 -1 -41 7 7
1 10000 183 -153 -6 3 0 0 0 0 60 44 -34 106 37 N N N N 74 -7 -21 5 5
1 10000 172 -152 -3 -1 0 0 0 0 46 58 -32 55 19 N N N N 229 37 -31 1 1
1 10000 169 -150 -5 0 0 0 0 0 27 68 -29 26 10 N N N N 89 7 -16 2 2
1 10000 170 3440 5 0 0 0 0 0 7 80 -23 29 12 N N N N -80 -53 -11 8 8
1 10000 167 -144 6 -4 0 0 0 0 -13 74 -10 27 8 N N N N -106 -60 -10 8 8
1 9999 164 -159 -2 5 0 0 0 0 -36 75 -4 31 13 N N N N -83 -50 -10 7 7
1 9405 151 -148 2 -5 0 0 0 0 -50 61 8 40 15 N N N N -66 -43 -9 7 7
1 11619 201 -197 -3 -17 0 -218 3 -1 -85 58 31 12 6 N N N N -146 -79 -11 10 10
1 9078 143 -97 10 -108 37 -1221 0 3 -47 10 72 2 1 N N N N -34 -19 -3 3 3
1 10779 151 -90 12 -6 0 0 0 0 -47 4 22 -3 -3 N N N N -68 -32 -3 4 4
1 10000 162 -57 1 2 0 0 0 0 -30 1 8 7 3 N N N N -157 -65 0 7 7
1 10001 137 -38 8 -3 0 0 0 0 -20 -3 9 6 2 N N N N -226 -94 -3 11 11
1 9999 147 -34 0 5 0 0 0 0 -17 -2 4 7 5 N N N N -43 -20 -1 2 2
1 10001 149 -41 -4 -2 0 0 0 0 -19 -5 8 4 -1 N N N N -46 -23 -2 3 3
1 9999 139 -15 1 0 0 0 0 0 -8 -2 2 4 1 N N N N -191 -78 -1 9 9
1 10000 144 3 2 -1 0 0 0 0 1 0 0 6 0 N N N N -8 -6 -2 1 1
1 10000 136 9 -4 2 0 0 0 0 5 2 -2 14 2 N N N N -171 -73 -2 8 8
1 10000 137 18 3 -1 0 0 0 0 8 2 -4 32 12 N N N N -117 -53 -3 6 6
1 10001 166 -6 -1 2 0 0 0 0 -3 0 0 12 4 N N N N -103 -56 -8 8 8
1 9999 141 -5 1 0 0 0 0 0 -2 -1 1 3 2 N N N N -77 -36 -3 4 4
1 10000 143 0 -2 0 0 0 0 0 0 1 -1 3 0 N N N N -271 -113 -2 13 13
1 10000 148 16 2 -2 0 0 0 0 8 0 0 43 15 N N N N -96 -43 -3 5 5
1 10000 158 0 -8 1 0 0 0 0 2 0 1 29 10 N N N N -220 -109 -12 14 14
1 10001 156 4 4 3 0 0 0 0 1 2 -3 5 6 N N N N -128 -61 -5 8 8
1 20000 285 -12 6 -6 0 0 0 0 -8 -3 3 36 16 N N N N -298 -133 -8 16 16
1 23177 361 122 -7 -121 0 -1338 1 -2 63 -17 38 15 4 N N N N -449 -195 -7 23 23
1 20000 320 276 3 2 0 0 0 0 136 -18 -55 11 4 N N N N -269 -118 -6 14 14
1 20952 328 306 -12 113 -7 1379 0 2 116 -90 -97 23 2 N N N N -680 -286 -7 33 33
1 20811 319 143 6 9 0 0 0 0 32 -67 -11 19 3 N N N N -457 -196 -7 23 23
1 20000 313 128 6 0 0 0 0 0 13 -66 -2 53 7 N N N N -568 -243 -9 28 28
1 20002 284 -3543 -4 3 0 0 0 0 1 -30 -2 161 28 N N N N -1020 -447 -21 54 54
1 20000 265 3524 0 -2 0 0 0 0 -2 40 0 655 122 N N N N -2514 -1199 -110 156 156
1 19999 247 -38 0 -4 0 0 0 0 -3 20 2 874 152 N N N N -5806 -2699 -220 354 354
1 20001 225 103 5 4 0 0 0 0 5 -54 1 1018 236 N N N N -9533 -4234 -265 565 565
1 19998 229 -3451 2 0 0 0 0 0 -10 -77 4 546 225 N N N N -7298 -3213 -200 451 451
1 20000 260 -42 7 0 0 0 0 0 6 21 2 1246 382 N N N N -4935 -2359 -267 366 366
1 20000 261 3366 -4 1 0 0 0 0 -3 122 -2 954 340 N N N N -4405 -2155 -281 352 352
1 25767 308 -265 -15 120 -11 1392 0 -2 -62 120 -25 1411 460 N N N N -4748 -2475 -424 437 437
1 19998 263 15 3 -2 0 0 0 0 5 -6 2 2376 712 N N N N -3336 -1844 -384 349 349
1 20002 259 -14 3 -1 0 0 0 0 -5 6 0 1367 498 N N N N -3868 -2148 -469 421 421
1 20511 250 -324 -3 -117 0 -1390 1 2 -136 93 88 2294 770 N N N N -2155 -1745 -670 410 410
1 20781 240 -279 10 -1 0 0 0 0 -142 6 51 802 323 N N N N -2015 -1243 -355 273 273
1 20000 206 -148 6 -2 0 0 0 0 -72 -24 26 1134 333 N N N N -990 -828 -338 205 205
1 20000 214 -68 5 -1 0 0 0 0 -32 -17 9 1102 360 N N N N -3386 -1509 -186 291 291
1 20000 196 -275 -5 3 0 0 0 0 -96 -98 32 1753 564 N N N N -4203 -2126 -436 457 457
1 20001 183 -310 -3 -3 0 0 0 0 -42 -151 15 1227 428 N N N N -4425 -2157 -416 472 472
1 19999 166 -258 0 2 0 0 0 0 30 -126 -9 2058 626 N N N N -3004 -1464 -296 332 332
1 20000 151 -85 18 -2 0 0 0 0 15 -38 -16 2637 808 N N N N -2289 -1454 -512 383 383
1 20000 160 257 -6 7 0 0 0 0 -45 123 19 1521 626 N N N N -2643 -1712 -636 467 467
1 20000 155 292 -2 1 0 0 0 0 17 146 -6 570 252 N N N N -2709 -1431 -399 370 370
1 24532 192 330 -16 -132 0 -1384 0 -2 104 93 21 1765 549 N N N N -2057 -1056 -285 277 277
1 20411 157 276 5 8 0 0 0 0 126 66 -36 2154 679 N N N N -2055 -1266 -477 365 365
1 20294 146 277 1 0 0 0 0 0 140 1 -49 2049 627 N N N N -1877 -1276 -555 391 391
1 20413 160 166 0 -3 0 0 0 0 76 -32 -32 1154 387 N N N N -3828 -1699 -349 446 446
1 18613 155 172 7 123 22 1392 2 0 65 -49 -68 1356 415 N N N N -3621 -1565 -309 417 417
1 21737 156 153 25 -6 0 0 -2 2 39 -69 1 2667 689 N N N N -7223 -2793 -337 722 722
1 20001 156 86 10 2 0 0 0 0 14 -43 0 981 464 N N N N -7213 -2854 -440 793 793
1 19999 150 12 0 0 0 0 0 0 2 -6 1 380 208 N N N N -7656 -2755 -219 755 755
1 20000 158 -3458 6 -2 0 0 0 0 6 -74 0 1113 297 N N N N -3894 -1461 -189 431 431
1 20000 150 63 -10 -2 0 0 0 0 -3 -33 -3 1164 348 N N N N -4735 -1798 -273 554 554
1 20000 153 17 5 5 0 0 0 0 -2 -9 3 453 223 N N N N -3736 -1397 -204 439 439
1 20000 137 87 1 -8 0 0 0 0 -12 -44 3 1506 411 N N N N -3800 -1392 -186 445 445
1 20000 134 162 2 7 0 0 0 0 -40 -75 11 1016 323 N N N N -4849 -1856 -357 634 634
1 20000 149 182 -2 -1 0 0 0 0 -68 -67 15 255 188 N N N N -4314 -1561 -225 532 532
1 24060 159 107 -14 120 -8 1382 1 -2 -46 -11 64 203 123 N N N N -4264 -1423 -69 468 468
1 20002 139 -28 -1 0 0 0 0 0 13 6 -5 766 223 N N N N -1976 -686 -74 239 239
1 19999 139 -77 10 1 0 0 0 0 33 19 -11 1811 458 N N N N -2522 -925 -170 342 342
1 19999 119 -142 -4 1 0 0 0 0 55 46 -26 2482 640 N N N N -2487 -1050 -390 436 436
1 20002 120 -110 -2 -4 0 0 0 0 33 44 -20 372 240 N N N N -2698 -1105 -393 463 463
1 20000 121 -113 2 1 0 0 0 0 24 52 -17 802 325 N N N N -2907 -1029 -187 400 400
1 19999 130 3402 2 1 0 0 0 0 14 100 -22 1107 326 N N N N -3101 -1161 -321 483 483
1 20000 125 -202 -1 3 0 0 0 0 -25 102 -15 812 290 N N N N -2838 -1011 -224 416 416
1 20000 129 -220 -5 -5 0 0 0 0 -66 95 -2 409 177 N N N N -2744 -940 -163 385 385
1 21354 137 -310 -13 -122 0 -1408 1 2 -140 71 83 2233 405 N N N N -2467 -863 -192 368 368
1 19999 116 -168 16 1 0 0 0 0 -89 6 27 824 308 N N N N -2893 -1021 -258 447 447
1 20001 134 -225 8 -2 0 0 0 0 -114 -31 29 1295 355 N N N N -3340 -1108 -179 475 475
1 19999 142 -204 3 1 0 0 0 0 -86 -61 21 1017 383 N N N N -3255 -1135 -308 520 520
1 20001 151 -107 3 1 0 0 0 0 -34 -43 7 262 140 N N N N -1493 -527 -167 250 250
1 20000 147 -56 0 4 0 0 0 0 -16 -23 3 138 80 N N N N -209 -94 -70 52 52
1 20000 172 -69 -2 -4 0 0 0 0 -15 -33 4 33 42 N N N N -650 -217 -48 100 100
1 20000 158 -89 -3 2 0 0 0 0 -11 -43 4 1 21 N N N N -1288 -389 -5 164 164
1 20000 160 -90 6 -3 0 0 0 0 -8 -46 -1 24 12 N N N N -1272 -393 -26 172 172
1 19999 156 -43 1 3 0 0 0 0 -1 -21 1 382 58 N N N N -1344 -415 -25 181 181
1 24470 190 80 -17 -117 0 -1360 1 -2 7 4 9 244 54 N N N N -6233 -1893 -64 843 843
1 20000 143 129 0 3 0 0 0 0 16 64 10 276 89 N N N N -5322 -1632 -108 765 765
1 20000 140 77 -2 0 0 0 0 0 15 37 2 709 163 N N N N -3809 -1156 -56 554 554
1 20000 123 113 0 -2 0 0 0 0 32 48 2 839 195 N N N N -2886 -896 -119 453 453
1 20001 107 173 -1 -2 0 0 0 0 66 62 -4 962 274 N N N N -861 -315 -200 186 186
1 20000 103 230 8 4 0 0 0 0 107 53 -22 377 186 N N N N -67 -71 -176 63 63
1 20000 97 199 -6 -2 0 0 0 0 104 10 -27 376 154 N N N N 133 0 -133 20 20
1 20531 103 161 -1 1 0 0 0 0 81 -18 -27 287 94 N N N N 361 87 -68 -31 -31
1 19999 82 157 4 -3 0 0 0 0 69 -37 -28 713 176 N N N N 744 190 -94 -78 -78
1 21469 105 170 -10 120 -9 1374 1 2 60 -53 -66 527 162 N N N N 1156 320 -62 -145 -145
1 20000 88 94 16 0 0 0 0 0 23 -43 1 222 93 N N N N 2404 689 -45 -322 -322
1 20000 86 58 2 0 0 0 0 0 11 -29 -1 302 81 N N N N 2195 621 -60 -283 -283
1 20000 104 32 4 -4 0 0 0 0 4 -16 1 156 55 N N N N 1715 493 -23 -225 -225
1 20001 90 22 -2 6 0 0 0 0 3 -11 -2 220 64 N N N N 946 252 -69 -104 -104
1 20001 94 42 0 -3 0 0 0 0 4 -22 -1 68 37 N N N N 468 124 -33 -52 -52
1 19998 88 61 1 -3 0 0 0 0 2 -32 -1 27 18 N N N N 256 66 -25 -25 -25
1 20001 104 -3554 3 0 0 0 0 0 0 -24 2 34 17 N N N N 171 47 -8 -20 -20
1 19999 86 33 1 2 0 0 0 0 -2 -17 1 164 40 N N N N 165 40 -22 -15 -15
1 20000 99 25 1 3 0 0 0 0 -2 -13 1 135 36 N N N N 271 73 -16 -30 -30
1 25763 163 -60 -73 123 -91 1391 -1 -2 3 27 -37 167 72 N N N N 465 108 -73 -37 -37
1 20001 140 3456 -4 0 0 0 0 0 -5 74 -14 203 52 N N N N 672 182 -35 -76 -76
1 20000 136 -177 2 1 0 0 0 0 -31 87 -7 126 40 N N N N 583 155 -39 -63 -63
1 20000 155 -173 -4 -4 0 0 0 0 -56 73 5 264 70 N N N N 538 140 -40 -56 -56
1 20065 133 -179 37 -119 47 -1397 0 2 -78 53 85 552 148 N N N N 1501 406 -74 -168 -168
1 19934 124 -126 1 2 0 0 0 0 -62 21 18 299 118 N N N N 2313 649 -47 -278 -278
1 20000 125 -177 -3 -1 0 0 0 0 -90 4 30 366 122 N N N N 2856 790 -81 -327 -327
1 20001 128 -148 2 0 0 0 0 0 -74 -17 24 82 38 N N N N 3295 920 -66 -378 -378
1 20001 115 -115 3 1 0 0 0 0 -53 -26 16 50 32 N N N N 2122 600 -21 -247 -247
1 19999 127 -83 5 -1 0 0 0 0 -36 -25 10 87 19 N N N N 1146 327 -6 -134 -134
1 20000 134 -48 0 0 0 0 0 0 -19 -16 5 75 16 N N N N 794 225 -8 -91 -91
1 19999 123 -11 3 -1 0 0 0 0 -4 -5 2 99 25 N N N N 395 111 -5 -44 -44
1 40002 263 55 -2 1 0 0 0 0 21 20 -7 101 36 N N N N 442 105 -45 -35 -35
1 44648 323 256 -9 -119 0 -1364 1 -2 118 30 22 427 107 N N N N 627 130 -103 -33 -33
1 39999 266 421 -3 1 0 0 0 0 211 -6 -72 399 105 N N N N 1955 515 -92 -191 -191
1 41411 264 350 5 118 -7 1371 -1 2 127 -111 -92 351 119 N N N N 2669 720 -83 -270 -270
1 39999 285 132 2 -3 0 0 0 0 24 -65 -6 109 35 N N N N 2359 671 -3 -263 -263
1 40001 275 47 1 3 0 0 0 0 5 -24 -1 88 25 N N N N 1866 520 -22 -196 -196
1 40000 290 31 3 -1 0 0 0 0 3 -16 0 143 36 N N N N 1361 373 -28 -138 -138
1 39999 278 -25 -2 1 0 0 0 0 -2 13 2 204 55 N N N N 78 0 -40 8 8
1 44472 342 -319 -15 121 -10 1392 0 -2 -70 148 -29 280 81 N N N N 498 97 -80 -22 -22
1 41529 320 -398 3 -119 0 -1388 0 2 -176 98 101 193 55 N N N N 735 185 -44 -61 -61
1 39999 317 -237 3 -1 0 0 0 0 -121 -6 39 41 19 N N N N -636 -183 -4 70 70
1 40000 313 -251 0 -1 0 0 0 0 -113 -59 39 62 22 N N N N -130 -45 -14 20 20
1 40000 322 -97 5 0 0 0 0 0 -37 -34 10 218 49 N N N N 14 -7 -20 6 6
1 40001 326 162 2 3 0 0 0 0 62 55 -21 173 48 N N N N -1163 -353 -44 144 144
1 44353 376 363 -9 -122 0 -1376 0 -2 179 23 3 263 73 N N N N -3386 -996 -70 399 399
1 40001 341 420 0 -1 0 0 0 0 193 -70 -81 74 26 N N N N 733 183 -46 -63 -63
1 44295 369 283 2 123 -9 1381 0 2 75 -117 -65 216 53 N N N N 55 10 -10 -2 -2
1 39999 341 74 -2 -1 0 0 0 0 8 -38 -4 283 74 N N N N -1969 -569 -28 229 229
1 39999 343 -121 -1 1 0 0 0 0 -16 61 6 73 29 N N N N -985 -298 -38 125 125
1 40002 337 -77 2 -3 0 0 0 0 -17 37 6 155 41 N N N N -305 -98 -25 44 44
1 39999 338 -133 -1 -1 0 0 0 0 -40 56 13 114 37 N N N N -156 -61 -33 30 30
1 40000 333 -27 4 1 1 0 -1 0 -11 10 3 127 36 N N N N 729 193 -24 -72 -72
1 40000 327 38 -4 0 0 0 0 0 15 -14 -5 100 27 N N N N -1732 -501 -28 205 205
1 40001 334 58 2 0 0 0 0 0 18 -24 -6 203 57 N N N N -2571 -734 -24 301 301
1 39999 320 111 -2 0 0 0 0 0 29 -50 -10 199 62 N N N N -280 -103 -50 51 51
1 40001 313 -30 2 4 0 0 0 0 -7 14 3 107 33 N N N N 1298 351 -27 -138 -138
1 44645 357 -294 -12 90 -11 1162 2 -3 -101 115 -12 107 32 N N N N 1496 400 -40 -153 -153
1 39472 303 -154 26 -94 31 -1180 -4 3 -74 31 72 38 12 N N N N 115 33 2 -14 -14
1 39999 297 79 -6 -4 0 0 0 0 39 -15 -12 194 51 N N N N -594 -175 -19 74 74
1 40001 304 129 0 4 0 0 0 0 57 -35 -19 108 34 N N N N -1628 -474 -37 198 198
1 39999 305 34 12 -6 0 0 0 0 13 -12 3 40 10 N N N N -1406 -398 -9 164 164
1 40003 296 28 -1 1 0 0 0 0 11 -9 -5 68 18 N N N N -988 -284 -16 119 119
1 39998 320 110 2 5 0 1 0 0 37 -44 -11 14 8 N N N N -663 -192 -14 82 82
1 40000 308 5 -3 0 0 0 0 0 2 -2 -2 56 11 N N N N -346 -101 -9 44 44
1 39999 316 -8 0 -1 0 0 0 0 -3 3 2 14 5 N N N N -38 -13 -5 6 6
1 40002 335 32 3 1 0 0 0 0 9 -14 -3 58 13 N N N N 132 33 -11 -11 -11
1 39998 314 6 3 0 0 0 0 0 2 -3 3 250 61 N N N N -502 -155 -31 69 69
1 47459 406 -294 -18 88 -8 1174 -2 -3 -109 110 -16 18 26 N N N N 1483 398 -34 -158 -158
1 37836 325 -191 0 -88 0 -1163 0 3 -92 30 70 23 0 N N N N 494 140 5 -59 -59
1 40000 356 -153 4 0 0 0 0 0 -79 3 25 45 9 N N N N -134 -39 -3 17 17
1 40000 340 -114 4 0 0 0 0 0 -59 -10 16 88 21 N N N N -657 -188 -12 80 80
1 39998 357 -71 -2 -4 0 0 0 0 -35 -12 12 46 14 N N N N -657 -190 -15 81 81
1 40000 354 35 4 7 0 0 0 0 17 7 -8 26 4 N N N N -1300 -366 -7 153 153
1 44472 411 275 -9 -122 0 -1387 0 -2 142 -9 18 175 43 N N N N -3451 -976 -32 418 418
1 40510 371 435 -2 30 -2 211 1 -1 193 -90 -91 58 16 N N N N -5606 -1570 -21 685 685
1 39491 372 222 5 91 -7 1169 -2 3 52 -98 -44 41 10 N N N N -1435 -398 2 176 176
1 39999 370 114 0 -4 0 0 0 0 10 -59 -2 174 42 N N N N -289 -87 -16 41 41
1 40000 351 -3554 4 2 0 0 0 0 1 -24 1 105 37 N N N N -848 -249 -36 118 118
1 40000 368 43 -1 -1 0 0 0 0 -2 -23 0 132 34 N N N N -1334 -379 -21 174 174
1 40002 353 3551 4 0 0 0 0 0 2 26 2 157 47 N N N N -808 -234 -26 111 111
1 45353 420 -260 -23 123 -11 1384 -1 -2 -32 129 -29 116 34 N N N N -1734 -493 -34 231 231
1 40363 383 -394 15 -122 30 -1389 -1 2 -146 141 80 59 18 N N N N -2355 -658 -14 307 307
1 39989 324 -99 20 3 0 0 0 0 -52 16 16 226 59 N N N N -362 -107 -18 52 52
1 39997 341 -97 -2 -3 0 0 0 0 -50 7 15 203 60 N N N N 214 45 -45 -13 -13
1 40000 332 -144 3 -3 0 0 0 0 -75 -5 23 92 34 N N N N -541 -160 -31 80 80
1 40000 329 -127 0 3 0 0 0 0 -63 -18 16 92 25 N N N N -395 -116 -19 57 57
1 40000 325 -110 1 0 0 0 0 0 -50 -27 13 90 29 N N N N -520 -150 -19 73 73
1 45238 381 201 -16 -115 1 -1366 0 -2 98 14 30 72 23 N N N N -466 -134 -16 66 66
1 40000 338 455 3 -1 0 0 0 0 228 -20 -72 102 28 N N N N -1445 -406 -24 197 197
1 42295 352 361 4 116 -7 1384 -1 2 120 -127 -83 327 87 N N N N -1043 -300 -38 149 149
1 40000 325 82 6 1 0 0 0 0 14 -41 -2 43 19 N N N N 0 -7 -25 8 8
1 40000 329 -70 -7 1 0 0 0 0 -11 35 2 146 38 N N N N 397 105 -14 -48 -48
1 40000 313 -47 7 -2 0 0 0 0 -9 23 5 114 36 N N N N 2080 563 -32 -263 -263
1 40000 319 -69 1 0 0 0 0 0 -19 31 6 69 24 N N N N 474 124 -21 -56 -56
1 47234 385 -372 -26 0 -10 -2 -2 0 -148 119 35 149 45 N N N N -1409 -394 -20 190 190
1 39998 320 -128 13 3 0 0 0 0 -66 15 21 37 10 N N N N -1181 -330 -15 160 160
1 40000 343 -63 -1 0 0 0 0 0 -33 3 9 155 38 N N N N -678 -192 -20 95 95
1 40000 330 -73 3 -3 0 0 0 0 -38 -3 12 19 11 N N N N -31 -13 -15 9 9
1 40000 318 -31 -1 6 0 0 0 0 -15 -2 4 105 24 N N N N 418 112 -9 -53 -53
1 40001 339 -6 2 -6 0 0 0 0 -4 -1 3 262 75 N N N N 493 122 -45 -51 -51
1 43706 375 208 -16 -119 0 -1391 -1 -2 110 -22 24 278 86 N N N N -1872 -529 -51 262 262
1 40973 353 424 -1 134 -9 1396 0 2 182 -91 -123 65 28 N N N N -432 -127 -28 66 66
1 40792 323 222 4 -14 0 0 0 0 50 -105 -6 113 27 N N N N -1532 -424 -16 209 209
1 40000 340 57 5 4 0 0 0 0 6 -29 -2 124 32 N N N N -1219 -339 -19 170 170
1 40000 316 -23 2 -4 0 0 0 0 -2 12 3 198 52 N N N N -876 -247 -25 126 126
1 40001 340 -49 -3 6 0 0 0 0 -6 25 -1 67 30 N N N N -772 -218 -28 112 112
1 40000 333 -16 -2 -4 0 0 0 0 -2 8 0 101 26 N N N N -514 -145 -15 75 75
1 44821 371 -240 -12 120 -10 1368 -1 -2 -61 108 -27 252 61 N N N N 180 43 -26 -18 -18
1 40001 341 -351 27 -120 38 -1383 -1 2 -158 92 96 79 37 N N N N -2628 -728 -42 373 373
1 39999 275 -207 12 -3 0 0 0 0 -109 4 32 179 41 N N N N -1790 -493 -20 255 255
1 40000 294 -139 0 0 0 0 0 0 -70 -18 19 116 38 N N N N -4624 -1269 -34 667 667
1 40001 282 -120 2 -5 0 0 0 0 -57 -29 14 252 62 N N N N -2791 -765 -26 413 413
1 39998 300 -127 -2 0 0 0 0 0 -50 -42 14 156 50 N N N N -3634 -996 -41 550 550
1 47001 364 321 -17 -110 0 -1378 -1 -2 147 55 17 115 48 N N N N -1849 -509 -36 287 287
1 40000 325 458 3 0 0 0 0 0 229 -21 -73 111 25 N N N N -1725 -471 -20 268 268
1 41532 333 336 4 115 -7 1379 0 2 116 -115 -80 151 42 N N N N -1328 -363 -16 209 209
1 40001 324 157 5 3 0 0 0 0 23 -79 -3 157 46 N N N N -877 -242 -33 142 142
1 39999 320 -3473 3 -3 0 0 0 0 2 -67 1 154 45 N N N N -907 -250 -28 147 147
1 40001 324 -1 -3 0 0 0 0 0 0 1 -1 120 33 N N N N 704 188 -26 -106 -106
1 39999 331 3497 1 -6 0 0 0 0 -1 54 0 185 52 N N N N 94 23 -26 -10 -10
1 44881 387 -333 -22 125 -10 1392 -1 -2 -66 159 -29 195 61 N N N N -720 -200 -45 120 120
1 41528 366 -336 11 -118 0 -1397 0 2 -147 94 84 149 45 N N N N -783 -215 -23 127 127
1 40002 351 -120 4 0 0 0 0 0 -62 10 18 201 54 N N N N 174 44 -34 -22 -22
1 39998 355 -15 3 -1 0 0 0 0 -8 1 3 223 66 N N N N 469 122 -41 -66 -66
1 40000 353 -3 -4 0 0 0 0 0 -1 0 0 197 59 N N N N -1214 -332 -41 197 197
1 40002 364 -29 -2 0 0 0 0 0 -15 0 4 88 29 N N N N -1217 -330 -21 195 195
1 44883 406 284 -10 -119 0 -1377 -1 -2 144 -50 10 184 51 N N N N -400 -111 -32 68 68
1 41412 388 370 2 123 -8 1388 0 2 130 -122 -93 226 67 N N N N 26 4 -38 2 2
1 40000 372 95 4 -4 0 0 0 0 17 -47 -2 142 39 N N N N -32 -11 -28 9 9
1 40000 372 -20 -3 0 0 0 0 0 -2 10 0 133 41 N N N N -189 -53 -27 34 34
1 40000 373 -2 2 4 0 0 0 0 -1 1 1 91 29 N N N N -367 -101 -21 61 61
1 40000 364 57 4 -4 0 0 0 0 7 -29 -2 221 53 N N N N -292 -81 -26 51 51
1 44883 446 -272 -22 123 -11 1380 -1 -2 -59 127 -29 475 135 N N N N 187 44 -78 -18 -18
1 41527 399 -341 7 -123 0 -1391 -1 2 -146 98 88 119 45 N N N N 232 60 -31 -32 -32
1 40000 367 -118 6 -2 0 0 0 0 -61 10 19 259 76 N N N N 156 36 -54 -17 -17
1 40000 385 -65 -3 0 0 0 0 0 -33 2 11 0 6 N N N N 130 34 -12 -18 -18
1 40001 378 4 0 3 0 0 0 0 2 0 -2 155 38 N N N N 25 6 -12 -2 -2
1 39998 368 40 4 0 0 0 0 0 20 1 -8 135 38 N N N N 43 8 -31 -2 -2
1 44944 428 319 -11 -117 0 -1379 -1 -2 157 -66 1 189 55 N N N N 341 88 -38 -48 -48
1 41409 386 370 6 116 -9 1387 1 2 112 -140 -84 169 47 N N N N 38 8 -25 -2 -2
1 40000 370 59 -2 4 0 0 0 0 8 -30 -3 190 52 N N N N -122 -35 -30 24 24
1 40000 380 -116 -3 -1 0 0 0 0 -18 58 5 315 86 N N N N -230 -66 -47 43 43
1 40000 341 13 3 0 0 0 0 0 3 -6 -1 199 63 N N N N -251 -71 -47 46 46
1 40000 359 47 2 -3 0 0 0 0 8 -23 -1 38 15 N N N N -384 -104 -21 63 63
1 44885 392 -216 -22 122 -10 1394 -1 -2 -53 97 -31 127 37 N N N N -481 -129 -18 78 78
1 40000 343 -279 32 -117 38 -1404 0 2 -118 87 85 433 119 N N N N -159 -47 -60 34 34
1 40000 303 -137 7 -5 0 0 0 0 -70 20 22 74 29 N N N N 2563 676 -32 -392 -392
1 40001 307 -166 1 0 0 0 0 0 -86 0 27 98 27 N N N N 3073 812 -18 -464 -464
1 39999 303 -147 5 0 0 0 0 0 -75 -20 19 178 41 N N N N -21 -8 -20 6 6
1 39999 318 -129 0 -5 0 0 0 0 -59 -33 17 284 83 N N N N 2369 620 -54 -342 -342
1 40000 306 -132 1 4 0 0 0 0 -51 -44 13 219 64 N N N N 937 243 -35 -132 -132
1 44354 353 235 -20 -119 0 -1382 -1 -2 102 39 28 201 67 N N N N -889 -241 -47 140 140
1 40409 330 470 1 4 0 0 0 0 237 21 -70 190 59 N N N N -844 -228 -44 132 132
1 42178 323 410 2 119 -7 1402 0 2 155 -123 -100 153 41 N N N N -1502 -399 -26 228 228
1 40001 314 103 10 -1 0 0 0 0 20 -50 -1 140 35 N N N N -1239 -329 -19 189 189
1 40000 308 -13 -4 1 0 0 0 0 -2 6 -1 218 60 N N N N -1132 -301 -32 176 176
1 40000 299 -69 0 -3 0 0 0 0 -13 34 5 228 67 N N N N 44 8 -41 0 0
1 39999 317 -87 4 2 0 0 0 0 -23 40 6 48 19 N N N N 491 126 -23 -71 -71
1 40001 310 -16 2 2 0 0 0 0 -4 7 3 193 47 N N N N 416 107 -18 -59 -59
1 47810 383 -259 -18 91 -9 1182 0 -3 -101 93 -20 705 193 N N N N 487 118 -93 -57 -57
1 37364 309 -226 4 -91 -1 -1193 -2 3 -111 31 76 153 60 N N N N 1586 407 -63 -224 -224
1 40000 323 -85 5 -1 0 0 0 0 -45 2 14 191 56 N N N N 242 59 -37 -28 -28
1 40000 312 -48 -3 -6 0 0 0 0 -25 -3 9 132 39 N N N N -70 -21 -23 14 14
1 40000 323 -40 2 6 0 0 0 0 -20 -3 5 280 76 N N N N 296 72 -43 -36 -36
1 40001 312 -31 1 -2 0 0 0 0 -16 -3 5 41 19 N N N N 562 143 -26 -77 -77
1 43648 360 255 -13 -117 0 -1384 0 -2 133 -18 16 132 33 N N N N 166 41 -18 -21 -21
1 41153 359 423 -4 128 -9 1390 0 2 182 -94 -119 22 18 N N N N 197 49 -19 -25 -25
1 40845 313 190 5 -6 0 0 0 0 45 -89 -8 255 56 N N N N -81 -24 -20 16 16
1 40000 326 116 5 -6 0 0 0 0 11 -60 -1 196 56 N N N N -22 -10 -32 9 9
1 40001 324 -3487 -1 0 0 0 0 0 -1 -60 -1 132 40 N N N N 1068 273 -32 -148 -148
1 39999 321 76 1 4 0 0 0 0 -8 -39 4 1 4 N N N N 197 50 -13 -26 -26
1 40001 307 68 -2 2 0 0 0 0 -12 -34 3 205 46 N N N N -237 -64 -16 37 37
1 44766 366 3314 -15 116 -9 1384 -1 -2 19 145 -24 155 43 N N N N -23 -11 -32 9 9
1 40001 337 -342 -2 1 0 0 0 0 -75 162 -9 355 91 N N N N -465 -125 -36 74 74
1 41000 332 -353 27 -122 29 -1396 0 2 -160 90 99 293 95 N N N N 1677 425 -68 -227 -227
1 39999 291 -125 4 1 0 0 0 0 -66 6 18 132 40 N N N N 668 168 -34 -87 -87
1 40001 288 -145 1 -2 0 0 0 0 -75 -11 22 206 53 N N N N 598 150 -30 -79 -79
1 40000 284 -70 0 4 0 0 0 0 -34 -11 9 134 44 N N N N 583 145 -34 -74 -74
1 40000 295 -90 1 0 0 0 0 0 -42 -20 12 156 39 N N N N 264 65 -20 -33 -33
1 45058 353 241 -11 -119 0 -1374 -1 -2 120 13 25 134 48 N N N N 869 218 -37 -113 -113
1 40000 306 406 -2 0 0 0 0 0 202 -33 -70 258 62 N N N N 715 178 -34 -92 -92
1 43177 314 343 7 120 -6 1387 0 2 112 -124 -79 193 59 N N N N -330 -92 -42 55 55
1 39997 286 133 0 -2 0 0 0 0 18 -68 -4 185 48 N N N N 12 0 -21 2 2
1 40000 306 -3467 1 1 0 0 0 0 1 -70 0 166 43 N N N N 272 65 -26 -32 -32
1 40002 288 -9 -1 -4 0 0 0 0 0 5 -1 76 31 N N N N 478 118 -32 -58 -58
1 39999 288 -33 0 4 0 0 0 0 2 17 1 141 35 N N N N 611 154 -18 -80 -80
1 44884 345 3222 -16 119 -10 1386 -1 -2 -61 185 -29 376 102 N N N N 1877 470 -58 -241 -241
1 41588 314 -368 3 -123 0 -1400 -1 2 -156 105 90 239 75 N N N N 1790 450 -46 -228 -228
1 40000 297 -147 4 2 0 0 0 0 -76 12 22 74 25 N N N N 1193 301 -21 -153 -153
1 40000 278 -86 -3 -2 0 0 0 0 -44 -3 14 76 21 N N N N 674 169 -13 -86 -86
1 40000 305 -26 8 0 0 0 0 0 -15 -2 3 126 31 N N N N 397 97 -21 -46 -46
1 40000 298 13 -2 0 0 0 0 0 7 0 -1 114 33 N N N N 492 121 -21 -60 -60
1 44942 337 302 -12 -121 0 -1370 0 -2 156 -33 7 147 37 N N N N 624 154 -26 -74 -74
1 42882 335 394 25 124 20 1386 0 2 152 -114 -94 140 45 N N N N 478 116 -26 -56 -56
1 39999 287 192 3 3 0 0 0 0 33 -95 -7 180 46 N N N N 652 160 -27 -77 -77
1 39999 271 -3498 3 -5 0 0 0 0 4 -54 1 96 24 N N N N 411 101 -17 -48 -48
1 40001 290 61 1 1 0 0 0 0 -3 -32 1 62 19 N N N N 333 81 -17 -39 -39
1 39998 281 14 -2 1 0 0 0 0 -1 -7 -1 66 17 N N N N 161 38 -13 -17 -17
1 40001 278 3495 -2 -3 0 0 0 0 4 55 -2 135 33 N N N N 205 47 -19 -21 -21
1 44413 338 -342 -15 118 -7 1391 0 -2 -60 167 -27 50 19 N N N N 425 105 -14 -51 -51
1 42586 315 -391 5 -116 0 -1410 -1 2 -168 110 88 132 33 N N N N 554 137 -20 -65 -65
1 40002 294 -169 4 -2 0 0 0 0 -89 7 26 105 27 N N N N 463 113 -16 -55 -55
1 39999 294 -101 0 0 0 0 0 0 -52 -8 15 102 26 N N N N 585 144 -18 -69 -69
1 39999 312 -34 1 1 0 0 0 0 -17 -4 4 52 16 N N N N 417 104 -11 -49 -49
1 40001 295 -60 -3 1 0 0 0 0 -29 -10 8 116 27 N N N N 153 34 -16 -15 -15
1 44295 339 223 -12 -118 0 -1375 0 -2 116 -2 26 108 31 N N N N 322 76 -24 -34 -34
1 40410 343 415 1 -5 0 0 0 0 198 -59 -74 121 31 N N N N 613 150 -22 -70 -70
1 45649 353 321 8 124 -9 1392 0 2 89 -129 -69 20 9 N N N N 751 188 -7 -92 -92
1 40001 319 70 1 1 0 0 0 0 9 -36 -3 37 7 N N N N 249 62 -5 -29 -29
1 39999 317 19 -2 -4 0 0 0 0 1 -10 1 212 48 N N N N 126 28 -17 -11 -11
1 40000 319 -15 1 1 0 0 0 0 -1 8 0 184 48 N N N N 891 217 -32 -101 -101
1 40000 306 32 -1 -1 0 0 0 0 2 -17 -1 199 51 N N N N 937 229 -30 -106 -106
1 45766 366 -199 -17 127 -11 1387 -1 -2 -28 98 -28 103 40 N N N N 1278 313 -33 -146 -146
1 41938 364 -414 -7 -123 1 -1392 0 2 -153 147 75 86 23 N N N N 1029 254 -23 -118 -118
1 40000 343 -113 15 2 0 0 0 0 -58 18 19 20 7 N N N N 457 115 -2 -54 -54
1 40000 325 -20 0 -5 0 0 0 0 -10 2 5 83 14 N N N N 226 55 -6 -25 -25
1 40000 318 -34 3 4 0 0 0 0 -18 2 4 127 35 N N N N 352 82 -22 -36 -36
1 40000 342 -74 -2 -4 0 0 0 0 -38 0 14 67 18 N N N N 614 150 -17 -68 -68
1 40000 321 21 1 -1 0 0 0 0 10 1 -4 177 43 N N N N 453 108 -22 -47 -47
1 43707 388 282 -11 -119 0 -1392 0 -2 143 -51 9 83 31 N N N N 533 126 -27 -56 -56
1 40471 334 333 23 119 29 1391 -1 2 119 -108 -80 77 19 N N N N 300 72 -10 -32 -32
1 40001 297 71 10 3 0 0 0 0 15 -34 0 112 25 N N N N 338 80 -17 -35 -35
1 39999 308 -7 1 -1 0 0 0 0 -1 4 0 187 45 N N N N 607 145 -25 -64 -64
1 40001 311 10 4 -1 0 0 0 0 2 -5 0 103 31 N N N N 518 122 -25 -52 -52
1 39999 311 -50 -5 -2 0 0 0 0 -10 24 2 37 14 N N N N 279 67 -10 -30 -30
1 40001 293 -95 2 1 0 0 0 0 -25 44 8 72 15 N N N N 229 54 -11 -23 -23
1 46528 371 -349 -27 5 -8 -7 -1 0 -142 109 30 71 20 N N N N 379 90 -16 -39 -39
1 40002 311 -139 19 -5 0 0 0 0 -74 15 24 85 20 N N N N 391 95 -10 -42 -42
1 39998 304 -138 1 0 0 0 0 0 -72 -1 22 121 28 N N N N 352 84 -15 -37 -37
1 40000 293 -135 1 1 0 0 0 0 -68 -17 18 24 11 N N N N 521 126 -14 -56 -56
1 40000 320 -123 4 -4 0 0 0 0 -58 -30 16 84 16 N N N N 339 83 -7 -36 -36
1 40000 317 -179 -3 2 0 0 0 0 -69 -60 19 121 32 N N N N 136 26 -23 -9 -9
1 46237 377 197 -14 -113 0 -1387 0 -2 82 33 29 116 33 N N N N 438 102 -24 -42 -42
1 39997 335 433 -1 -3 0 0 0 0 216 50 -55 73 18 N N N N 323 76 -12 -33 -33
1 40701 332 420 -8 130 -9 1392 0 2 181 -94 -119 91 25 N N N N -31 -13 -17 8 8
1 40831 339 129 15 -13 0 0 0 0 33 -59 1 105 23 N N N N 375 89 -13 -38 -39
1 40001 327 -2 2 4 0 0 0 0 0 1 1 179 45 N N N N 747 179 -23 -78 -77
1 39999 334 -40 -3 -2 0 0 0 0 -9 19 0 113 32 N N N N 737 178 -20 -77 -77
1 40000 324 -49 0 1 0 0 0 0 -13 22 5 48 13 N N N N 521 125 -15 -54 -54
1 40000 331 -53 0 0 0 0 0 0 -16 23 4 59 20 N N N N 411 98 -12 -42 -42
1 46760 404 -263 -23 -7 -11 -4 -1 0 -105 85 27 112 23 N N N N 401 94 -17 -39 -39
1 40828 361 -164 11 5 0 0 0 0 -82 26 26 92 23 N N N N 158 35 -12 -14 -14
1 39999 363 -76 3 -1 0 0 0 0 -40 3 12 61 15 N N N N 85 17 -13 -6 -6
1 40001 334 -30 -2 0 0 0 0 0 -15 1 5 117 23 N N N N 168 38 -9 -15 -15
1 39999 380 -43 3 2 0 0 0 0 -22 -2 7 82 28 N N N N 178 37 -22 -13 -13
1 40001 335 -11 -2 2 0 0 0 0 -6 0 0 74 17 N N N N 248 57 -12 -24 -24
1 43704 431 262 -7 -128 0 -1388 0 -2 135 -35 18 73 20 N N N N 290 66 -19 -26 -26
1 42000 383 384 -1 122 -8 1391 0 2 153 -103 -108 62 19 N N N N 222 50 -13 -20 -20
1 40002 373 171 4 3 0 0 0 0 35 -83 -10 126 27 N N N N 421 100 -14 -42 -42
1 40000 378 70 -2 0 0 0 0 0 7 -36 -3 19 4 N N N N 154 35 -9 -14 -14
1 39998 370 57 -5 0 0 0 0 0 2 -30 -3 43 10 N N N N -52 -15 -6 7 7
1 40000 371 -3581 6 -1 0 0 0 0 0 -10 2 50 11 N N N N 59 11 -8 -4 -4
1 40002 375 34 -2 1 0 0 0 0 -1 -18 0 67 14 N N N N 90 19 -9 -6 -6
1 43998 417 3379 -14 125 -10 1395 -1 -2 -14 111 -23 114 27 N N N N 208 45 -20 -17 -17
1 40516 408 -374 0 -27 -1 -204 -1 -1 -117 158 18 77 20 N N N N 985 239 -15 -103 -103
1 39486 395 -185 4 -96 1 -1190 0 3 -86 38 72 51 14 N N N N 796 195 -8 -84 -84
1 40000 379 -114 4 -4 0 0 0 0 -59 9 21 60 13 N N N N 418 100 -8 -42 -42
1 40000 392 -99 2 3 0 0 0 0 -51 -1 16 85 20 N N N N 268 62 -14 -25 -25
1 40000 392 -84 -5 1 0 0 0 0 -41 -8 14 203 47 N N N N 270 56 -27 -20 -20
1 40000 394 -63 1 -3 0 0 0 0 -31 -10 12 58 18 N N N N 518 123 -15 -51 -51
1 46233 488 265 -6 -127 0 -1385 0 -2 135 -7 17 137 36 N N N N 490 111 -26 -44 -44
1 40509 404 430 -4 29 -1 209 1 -1 193 -78 -98 99 24 N N N N 328 75 -16 -30 -30
1 39491 407 200 -1 98 -9 1189 -1 3 53 -85 -52 114 28 N N N N 370 85 -15 -34 -34
1 40001 398 112 3 0 0 0 0 0 15 -57 -5 65 16 N N N N 261 60 -12 -24 -24
1 39999 399 -27 -4 2 0 0 0 0 -2 14 0 119 31 N N N N 323 72 -19 -28 -28
1 38673 248 109 374 -89 283 -516 -102 -4 -6 -70 98 39 11 N N N N 507 120 -14 -49 -49
1 40130 156 -3391 -29 20 0 1 -178 0 -23 -110 -11 5 -2 N N N N 189 45 -6 -18 -18
1 39981 135 223 -55 6 -2 0 -171 0 -69 -100 -10 12 -1 N N N N 71 16 -2 -7 -7
1 52663 11 111 236 9 404 0 -182 0 -107 -42 68 10 2 N N N N 67 15 -3 -6 -6
1 27333 -91 -33 25 -2 -4 -2 -119 0 9 9 8 -9 6 N N N N 44 12 2 -5 -5
1 39961 -241 -148 -11 9 0 0 -171 0 62 57 26 -25 -4 N N N N -41 -9 2 3 3
1 40075 -310 -167 -18 8 -1 1 -171 0 48 82 18 -51 -10 N N N N 20 8 6 -4 -4
1 45010 -394 3385 -107 -117 2 -1355 -78 2 19 75 6 -139 -34 N N N N -295 -66 19 25 25
1 40471 -386 -509 9 -3 0 0 0 0 -124 227 20 -82 -19 N N N N -369 -86 12 35 35
1 38766 -357 -240 123 109 -45 1370 -106 -2 -120 97 -95 -138 -37 N N N N -380 -84 25 32 32
1 41878 -320 -126 -189 29 -1 0 -67 4 -46 4 -15 -61 -15 N N N N -442 -104 15 42 42
1 40001 -340 -34 5 -6 0 0 0 0 -19 -1 -2 -121 -31 N N N N -202 -42 18 16 16
1 40001 -330 -54 -2 3 0 0 0 0 -28 -4 -8 -76 -19 N N N N -330 -77 12 31 31
1 40000 -336 -92 5 -2 0 0 0 0 -47 -12 -14 -183 -47 N N N N -484 -109 28 43 43
1 39998 -352 -141 -6 3 0 0 0 0 -66 -31 -17 -83 -22 N N N N -414 -96 18 38 38
1 38740 -330 -91 108 -12 0 3 -122 -4 -49 -38 -14 -52 -13 N N N N -245 -57 10 23 23
1 46499 -433 431 -92 140 0 1373 -15 2 215 101 -9 -104 -24 N N N N -524 -125 15 52 52
1 40188 -424 550 7 -100 4 -1387 0 -2 246 -138 125 -79 -21 N N N N -941 -229 11 99 99
1 36106 -329 232 -27 -23 1 -1 -106 4 54 -119 6 -69 -17 N N N N -579 -139 13 59 59
1 40000 -375 58 -8 1 0 0 0 0 7 -30 -3 -69 -16 N N N N -425 -101 14 42 42
1 40001 -376 -58 0 -2 0 0 0 0 -4 30 0 -24 -6 N N N N -160 -37 8 15 15
1 39998 -365 -172 4 2 0 0 0 0 -32 85 -4 -51 -10 N N N N 205 53 5 -24 -24
1 40000 -380 -204 -5 -6 0 0 0 0 -66 83 -13 -115 -26 N N N N 89 28 15 -15 -15
1 39999 -379 -205 0 3 0 0 0 0 -95 54 -20 -95 -26 N N N N -453 -106 18 44 44
1 37529 -412 -33 65 129 76 1380 -58 -2 -31 28 -63 -70 -16 N N N N -372 -88 13 37 37
1 38398 -519 521 18 -118 10 -1385 -27 0 184 -201 130 -110 -29 N N N N -353 -81 18 33 33
1 41601 -560 187 -9 -8 -1 -2 -3 2 20 -99 2 -185 -48 N N N N -406 -90 31 35 35
1 40000 -545 -3542 -3 4 0 0 0 0 -1 -29 -1 -136 -33 N N N N -267 -58 22 22 22
1 40001 -546 28 5 -11 0 0 0 0 -3 -18 -1 -131 -32 N N N N -250 -56 19 22 22
1 39999 -560 137 -2 14 0 0 0 0 -17 -65 -7 -67 -16 N N N N -244 -54 18 22 22
1 40000 -548 111 4 -9 0 0 0 0 -28 -54 -13 -134 -32 N N N N -206 -47 13 19 19
1 43826 -581 3238 -28 -132 -22 -1362 0 -2 57 138 9 -267 -69 N N N N -1013 -238 42 100 100
1 40939 -504 -594 5 27 0 199 0 -1 -167 260 4 -121 -33 N N N N -984 -237 27 102 102
1 39473 -458 -204 -17 107 0 1165 0 3 -99 59 -79 -97 -24 N N N N -479 -114 18 49 49
1 39998 -461 90 7 5 0 0 0 0 45 -7 11 -167 -42 N N N N -380 -86 25 35 35
1 40001 -464 186 7 -5 0 0 0 0 87 -40 31 -96 -26 N N N N -427 -100 23 42 42
1 40000 -470 107 -3 2 0 0 0 0 45 -34 11 -112 -26 N N N N -313 -74 13 32 32
1 40000 -495 184 -4 -1 0 0 0 0 59 -78 16 -142 -38 N N N N -621 -147 26 63 63
1 43903 -520 -317 13 -109 9 -1162 1 -3 -117 86 15 -93 -24 N N N N -702 -170 18 75 75
1 39332 -433 -99 -37 113 -40 1169 -1 3 -38 56 -67 -89 -21 N N N N -433 -104 16 45 45
1 40001 -411 66 -5 -4 0 0 0 0 33 -15 10 -78 -20 N N N N -193 -43 15 18 18
1 40000 -399 -17 -1 -4 0 0 0 0 -7 4 -2 -204 -48 N N N N -203 -45 19 18 18
1 39999 -397 -19 -4 4 0 0 0 0 -9 5 -3 -134 -38 N N N N -763 -182 33 79 79
1 40000 -405 -85 0 -4 0 0 0 0 -43 13 -9 -76 -21 N N N N -681 -166 17 74 74
1 44782 -469 377 24 96 0 1182 0 -3 158 -82 14 -182 -45 N N N N -403 -93 26 40 40
1 39393 -396 267 -19 -90 1 -1192 0 3 61 -152 36 -129 -35 N N N N -615 -148 25 65 65
1 40000 -406 -5 -3 -2 0 0 0 0 1 2 -2 -147 -41 N N N N -793 -192 25 86 86
1 39999 -394 -140 -1 2 0 0 0 0 -23 71 -4 -63 -16 N N N N -266 -63 13 28 28
1 40001 -401 -118 1 2 0 0 0 0 -31 54 -8 -42 -9 N N N N -344 -84 9 38 38
1 40000 -389 -158 -3 -9 0 0 0 0 -60 56 -10 -72 -18 N N N N -333 -81 11 37 37
1 40000 -451 -211 51 5 79 -1 0 0 -110 51 -21 -238 -62 N N N N -867 -209 32 94 94
1 40000 -501 3 8 -1 0 0 0 0 0 -1 0 -216 -58 N N N N -1333 -326 41 150 150
1 40001 -491 2 -2 -3 0 0 0 0 2 0 2 -222 -61 N N N N -1374 -337 39 156 156
1 39998 -484 61 4 8 0 0 0 0 28 -10 7 -76 -22 N N N N -1048 -261 18 124 124
1 40000 -488 130 -4 -2 0 0 0 0 59 -34 21 -106 -25 N N N N -775 -191 18 90 90
1 40001 -437 144 -35 -1 -48 1 0 0 64 -52 7 -193 -50 N N N N -600 -145 28 67 67
1 39999 -400 49 0 -6 0 0 0 0 17 -22 4 -189 -50 N N N N -422 -100 28 45 45
1 40000 -386 55 0 4 0 0 0 0 16 -23 4 -135 -38 N N N N -717 -175 28 82 82
1 40000 -387 42 -8 3 0 0 0 0 10 -19 0 -122 -35 N N N N -845 -208 27 99 99
1 40000 -380 -78 6 -9 0 0 0 0 -20 33 -2 -72 -19 N N N N -598 -149 11 73 73
1 41106 -389 -253 14 -93 8 -1161 -36 -3 -99 65 18 -149 -38 N N N N -399 -96 25 44 44
1 40012 -401 -148 -9 99 1 1161 -23 3 -68 62 -62 -75 -20 N N N N -215 -51 14 24 24
1 40000 -367 38 2 3 0 0 0 0 19 -6 3 -142 -35 N N N N -275 -66 18 30 30
1 40000 -392 103 -4 4 0 0 0 0 49 -23 13 -322 -88 N N N N -659 -155 53 71 71
1 40000 -367 86 -6 -7 0 0 0 0 38 -28 11 -153 -41 N N N N -748 -184 29 88 88
1 40000 -361 23 3 -1 0 0 0 0 9 -8 4 -260 -74 N N N N -970 -238 43 115 115
1 40002 -379 16 -5 5 0 0 -59 0 8 -4 -3 -123 -36 N N N N -737 -183 27 89 89
1 40000 -368 5 7 1 0 0 0 0 -1 -2 4 -181 -51 N N N N -1048 -261 35 129 129
1 40000 -375 160 -8 -4 0 0 0 0 53 -68 13 -278 -73 N N N N -747 -183 37 89 89
1 39998 -382 85 7 -6 0 0 0 0 20 -41 5 -243 -74 N N N N -2302 -580 51 295 295
1 40000 -385 -30 -8 2 0 0 0 0 -5 15 -4 -196 -54 N N N N -1825 -464 23 241 241
1 40355 -395 -224 13 -120 8 -1361 -50 -2 -71 58 26 -163 -46 N N N N -781 -194 38 98 98
1 40000 -416 -375 -13 128 0 1362 -40 2 -175 119 -91 -414 -111 N N N N -728 -178 53 88 88
1 40000 -400 -2 3 -5 0 0 0 0 -2 -1 2 -182 -55 N N N N -454 -109 45 53 53
1 39999 -408 -43 -4 0 0 0 0 0 -21 3 -7 -206 -58 N N N N -666 -165 42 83 83
1 40002 -416 26 4 2 0 0 0 0 12 -2 4 -288 -80 N N N N -545 -132 51 66 66
1 39999 -421 -94 1 5 0 0 0 0 -49 1 -17 -202 -57 N N N N -434 -108 29 55 55
1 40000 -430 -59 -1 -6 0 0 0 0 -30 -6 -6 -611 -168 N N N N -1623 -405 94 210 210
1 44118 -503 458 32 130 0 1385 -1 -2 222 -18 11 -280 -85 N N N N -1471 -373 60 198 198
1 41058 -492 454 -27 -128 7 -1384 0 2 134 -223 84 -28 -12 N N N N 158 44 25 -28 -28
1 40000 -461 76 0 0 0 0 0 0 4 -40 0 -122 -32 N N N N 426 112 11 -63 -63
1 40000 -458 -31 -6 -1 0 0 0 0 1 16 -2 -213 -55 N N N N 1083 286 32 -160 -160
1 40000 -463 -17 7 -3 0 0 0 0 -4 8 3 -150 -44 N N N N 903 240 33 -135 -135
1 40000 -455 42 1 7 0 0 0 0 2 -20 1 -167 -47 N N N N -978 -249 34 132 132
1 44177 -546 -442 11 -128 11 -1364 0 -2 -100 165 21 -211 -57 N N N N -1147 -294 32 158 158
1 40942 -502 -390 -12 128 0 1364 0 2 -182 118 -98 -186 -53 N N N N -142 -33 32 15 15
1 40001 -486 -85 2 -1 0 0 0 0 -45 -1 -13 -240 -64 N N N N -1114 -285 44 153 153
1 39999 -483 -34 -1 -4 0 0 0 0 -17 -2 -5 -428 -120 N N N N -1403 -358 58 194 194
1 39998 -481 -41 0 2 0 0 0 0 -21 -3 -7 -611 -173 N N N N -1152 -290 101 153 153
1 40001 -475 -66 -4 -2 0 0 0 0 -33 -9 -8 -419 -125 N N N N -388 -93 80 44 44
1 44119 -579 434 36 130 0 1383 0 -2 214 13 5 -272 -87 N N N N -1698 -439 67 244 244
1 41351 -545 521 -22 -127 9 -1381 0 2 173 -228 107 -223 -64 N N N N 1765 470 46 -274 -274
1 40000 -513 118 -9 2 0 0 0 0 10 -61 -2 -106 -32 N N N N 1177 312 20 -179 -179
1 40000 -494 -34 6 -4 0 0 0 0 -3 17 3 -593 -164 N N N N 929 256 90 -154 -154
1 40000 -494 31 -2 -1 0 0 0 0 2 -17 -2 -356 -107 N N N N 1279 348 75 -203 -203
1 40000 -498 -3530 3 2 0 0 0 0 -3 -36 0 -271 -80 N N N N -2004 -524 50 288 288
1 44058 -575 3169 18 -130 10 -1367 0 -2 -66 169 28 -183 -54 N N N N -3449 -910 37 517 517
1 42236 -523 -509 -30 128 -33 1365 0 2 -224 158 -108 -290 -81 N N N N -1508 -396 42 226 226
1 40000 -457 -241 -6 0 0 0 0 0 -122 -24 -34 -86 -27 N N N N -410 -106 32 59 59
1 40000 -466 -216 -1 -4 0 0 0 0 -94 -60 -25 -123 -34 N N N N 185 51 22 -32 -32
1 40001 -471 -248 3 7 0 0 0 0 -71 -104 -26 -490 -136 N N N N 319 92 72 -61 -61
1 39999 -478 -64 -2 -1 0 0 0 0 -11 -31 -2 -96 -31 N N N N 195 55 36 -36 -36
1 44236 -564 542 32 124 -1 1382 0 -2 178 206 -13 -173 -47 N N N N 955 256 22 -152 -152
1 40000 -524 663 -1 -2 0 0 0 0 320 -43 115 -439 -127 N N N N -837 -216 75 119 119
1 43943 -549 415 -23 -122 6 -1386 0 2 94 -224 63 -184 -52 N N N N -715 -188 33 107 107
1 40000 -499 -3422 -5 1 0 0 0 0 -7 -93 -8 -611 -169 N N N N -307 -75 79 36 36
1 39998 -483 -119 2 3 0 0 0 0 9 63 5 -367 -121 N N N N -117 -24 91 5 5
1 40000 -470 3499 -4 2 0 0 0 0 -1 54 0 -425 -126 N N N N -382 -95 83 48 48
1 40001 -489 -104 2 -7 0 0 0 0 -12 51 -2 -126 -43 N N N N 414 115 42 -72 -72
1 44678 -564 -493 26 2 10 3 0 0 -180 183 -40 -156 -44 N N N N 94 27 28 -19 -19
1 40790 -498 -189 -25 -7 0 0 0 0 -90 21 -29 -217 -60 N N N N -40 -8 35 1 1
1 40002 -492 -108 6 6 0 0 0 0 -58 -1 -18 -332 -92 N N N N -103 -23 53 9 9
1 40000 -485 -71 -3 3 0 0 0 0 -36 -7 -12 -226 -70 N N N N 570 158 49 -99 -99
1 39998 -489 -41 3 1 0 0 0 0 -21 -6 -7 -170 -50 N N N N -123 -30 36 14 14
1 40002 -476 8 1 -4 0 0 0 0 4 1 3 -197 -58 N N N N 210 60 33 -38 -38
1 45294 -581 433 28 133 0 1383 0 -2 213 10 5 -346 -100 N N N N 1382 380 61 -230 -230
1 41527 -545 465 -23 -130 10 -1389 0 2 163 -202 103 -159 -48 N N N N 128 39 38 -27 -27
1 40000 -488 116 0 -4 0 0 0 0 13 -61 3 -184 -53 N N N N 560 155 33 -94 -94
1 40002 -503 -3515 -1 -4 0 0 0 0 2 -46 -1 -201 -56 N N N N 813 225 34 -134 -134
1 39999 -483 138 1 7 0 0 0 0 -14 -69 -5 -216 -63 N N N N 2050 562 45 -329 -329
1 39999 -490 182 5 1 0 0 0 0 -44 -85 -12 -241 -68 N N N N 1778 489 37 -282 -282
1 43708 -544 -339 9 -131 8 -1361 0 -2 52 124 18 -170 -53 N N N N 1345 373 44 -214 -214
1 40351 -530 3036 3 2 0 0 0 0 -132 254 18 -237 -63 N N N N 1659 456 27 -258 -258
1 43121 -488 -359 -35 128 -40 1368 0 2 -170 90 -107 -83 -25 N N N N 9150 2504 36 -1350 -1350
1 39997 -446 -178 0 1 0 0 0 0 -92 -19 -23 -267 -75 N N N N 3808 1049 34 -544 -544
1 40002 -415 -68 -8 -3 0 0 0 0 -32 -13 -6 -169 -52 N N N N -947 -250 40 122 122
1 39998 -421 37 5 4 0 0 0 0 17 8 2 -161 -45 N N N N 1978 548 29 -283 -283
1 40003 -426 41 2 -3 0 0 0 0 20 8 6 -206 -61 N N N N 1762 492 39 -253 -253
1 45646 -501 465 32 120 0 1380 0 -2 230 6 12 -100 -28 N N N N 2594 717 22 -358 -358
1 41647 -459 511 -30 -122 7 -1391 0 2 164 -232 91 -266 -76 N N N N 1325 375 41 -190 -190
1 39999 -436 91 -2 6 0 0 0 0 7 -46 -1 -199 -58 N N N N 731 212 38 -108 -108
1 40000 -404 -7 1 -3 0 0 0 0 -1 3 1 -232 -70 N N N N -673 -171 48 76 76
1 40001 -417 -103 0 -2 0 0 0 0 -7 53 -2 -110 -33 N N N N -103 -22 22 7 7
1 39999 -427 -82 7 1 0 0 0 0 -15 41 0 -163 -49 N N N N 794 228 35 -116 -116
1 44333 -476 -395 6 -98 0 -1137 0 -3 -136 126 8 -182 -50 N N N N 1080 307 30 -153 -153
1 39491 -413 -163 -9 99 1 1156 0 3 -79 57 -64 -243 -75 N N N N 229 77 47 -44 -44
1 39998 -422 45 -4 0 0 0 0 0 24 -5 6 -189 -57 N N N N -1085 -289 38 133 133
1 40000 -413 51 5 0 0 0 0 0 24 -10 7 -96 -27 N N N N -84 -16 21 5 5
1 40000 -412 118 -3 -7 0 0 0 0 57 -30 15 -246 -68 N N N N 1439 409 39 -203 -203
1 40003 -428 30 1 -1 0 0 0 0 12 -10 5 -145 -46 N N N N 881 253 32 -127 -127
1 39999 -405 -24 -5 10 0 0 0 0 -9 10 -7 -101 -29 N N N N 1476 416 23 -201 -201
1 40001 -420 42 2 -6 0 0 0 0 17 -15 7 -176 -52 N N N N 529 157 32 -79 -79
1 39998 -418 -109 6 1 0 0 0 0 -48 33 -14 -170 -50 N N N N 183 61 33 -34 -34
1 39999 -427 -41 -2 2 0 0 0 0 -20 9 -6 -73 -21 N N N N 2391 669 18 -316 -316
1 40000 -426 86 -2 -3 0 0 0 0 40 -22 13 -160 -43 N N N N 426 127 25 -63 -63
1 40002 -426 -55 1 2 0 0 0 0 -25 15 -8 -193 -58 N N N N -29 4 35 -7 -7
1 39998 -436 -42 -1 -2 0 0 0 0 -20 9 -4 -186 -56 N N N N -1256 -337 36 151 151
1 40000 -427 -86 2 2 0 0 0 0 -43 15 -13 -126 -34 N N N N 2002 566 28 -267 -267
1 40002 -451 13 -6 0 0 0 0 0 7 -3 3 -38 -11 N N N N 2897 812 15 -373 -373
1 39999 -439 7 1 -4 0 0 0 0 4 -1 2 -30 -4 N N N N 2920 814 6 -366 -366
1 46385 -534 452 32 13 0 -7 0 0 171 -142 55 -186 -50 N N N N 4997 1405 31 -620 -620
1 40792 -474 241 -28 -7 0 0 0 0 45 -122 -3 -86 -25 N N N N 2000 566 19 -245 -245
1 40001 -457 -12 0 -6 0 0 0 0 -1 4 1 -28 -5 N N N N 1259 354 8 -151 -151
1 39999 -458 -91 -3 2 0 0 0 0 -7 48 -3 -141 -39 N N N N -53 -4 24 -3 -3
1 40002 -443 -14 5 0 0 0 0 0 -4 7 3 -66 -14 N N N N 1764 495 7 -209 -209
1 39999 -456 -17 -2 8 0 0 0 0 0 11 -5 -219 -64 N N N N -438 -103 42 36 36
1 43918 -512 -414 10 -104 0 -1164 0 -3 -138 136 14 -24 -7 N N N N -983 -269 13 110 110
1 39903 -455 -273 -11 100 0 1171 0 3 -133 70 -83 -61 -17 N N N N -115 -29 8 11 11
1 40000 -428 -94 -1 3 0 0 0 0 -50 0 -14 -150 -40 N N N N 1147 332 25 -144 -144
1 40003 -444 -118 4 -2 0 0 0 0 -60 -13 -19 -214 -58 N N N N 1326 384 30 -166 -166
1 39999 -423 -58 -2 -8 0 0 0 0 -28 -12 -3 -97 -30 N N N N 2440 698 31 -293 -293
1 40000 -423 46 -2 7 0 0 0 0 22 10 4 -103 -29 N N N N 601 180 24 -78 -78
1 43650 -507 480 31 129 0 1376 0 -2 237 4 12 -219 -60 N N N N -584 -152 25 58 58
1 42348 -486 485 -26 -124 8 -1390 0 2 155 -222 93 -212 -61 N N N N -2127 -571 55 225 225
1 40002 -439 -3441 -4 2 0 0 0 0 7 -83 0 -258 -68 N N N N 6447 1826 34 -748 -748
1 39998 -433 219 5 -8 0 0 0 0 -33 -113 -10 -141 -48 N N N N 835 256 41 -109 -109
1 40001 -438 180 1 4 0 0 0 0 -56 -75 -17 -240 -69 N N N N -1275 -339 38 127 127
1 40000 -448 112 -1 -6 0 0 0 0 -46 -39 -15 -181 -50 N N N N -1158 -310 32 118 118
1 43651 -504 -495 17 -122 10 -1362 0 -2 127 178 38 -201 -55 N N N N -49 9 47 -12 -12
1 40000 -482 2974 -1 1 0 0 0 0 -136 282 23 -335 -95 N N N N 1961 584 62 -245 -245
1 43056 -504 -397 -14 133 0 1371 0 2 -197 83 -112 -197 -56 N N N N 3187 925 47 -373 -373
1 39999 -459 -87 1 -11 0 0 0 0 -44 -10 -9 -177 -48 N N N N 1346 397 31 -160 -160
1 40001 -469 27 2 0 0 0 0 0 13 3 5 -221 -62 N N N N 715 224 41 -94 -94
1 39998 -462 76 -6 3 0 0 0 0 40 6 11 -126 -38 N N N N -1691 -463 29 174 174
1 40001 -456 119 8 -2 0 0 0 0 61 0 18 -226 -58 N N N N 687 218 45 -94 -94
1 44915 -544 506 23 8 -21 -13 0 0 212 -132 68 -198 -53 N N N N 1209 365 40 -148 -148
1 40794 -444 214 -43 -10 0 0 0 0 55 -106 -2 -190 -52 N N N N 768 235 31 -96 -96
1 40000 -407 -64 -2 5 0 0 0 0 -7 34 -4 -265 -70 N N N N -816 -207 46 70 70
1 39998 -421 -52 2 -5 0 0 0 0 -10 24 -1 -432 -120 N N N N -2369 -636 70 233 233
1 40001 -378 -132 2 6 0 0 0 0 -35 62 -9 -577 -166 N N N N -4172 -1131 116 423 423
1 39999 -402 25 4 0 0 0 0 0 6 -11 4 -361 -103 N N N N -3044 -835 73 323 323
1 45933 -462 -326 20 0 7 7 0 0 -136 107 -31 -287 -79 N N N N -1184 -311 60 116 116
1 40832 -416 -200 -18 0 0 0 0 0 -98 24 -31 -588 -178 N N N N -1058 -268 76 96 96
1 40000 -396 3 -3 -8 0 0 0 0 2 -2 5 -1252 -372 N N N N -7581 -2081 229 837 837
1 20000 -205 -28 3 6 0 0 0 0 -15 2 -8 -238 -87 N N N N -3231 -897 92 375 375
1 20000 -205 -28 -3 -4 0 0 0 0 -14 -1 -2 -177 -60 N N N N -2296 -649 44 281 281
1 20000 -213 -33 2 2 0 0 0 0 -18 -1 -4 -146 -40 N N N N -1447 -404 37 176 176
1 20000 -204 -71 2 1 0 0 0 0 -37 -5 -12 -219 -65 N N N N -806 -220 37 93 93
1 19999 -208 -64 -4 1 0 0 0 0 -32 -9 -8 -182 -49 N N N N -809 -219 44 93 93
1 23297 -262 133 18 115 0 1386 0 -2 65 26 -44 -765 -201 N N N N -827 -208 92 80 80
1 20000 -225 333 14 10 0 0 0 0 165 -20 54 -421 -138 N N N N -2633 -732 103 322 322
1 21429 -249 344 -2 -130 9 -1388 0 2 126 -152 98 -1089 -325 N N N N -2981 -819 161 362 362
1 20803 -240 228 -15 6 0 0 0 0 38 -112 0 -1252 -336 N N N N -4211 -1170 219 533 533
1 20001 -218 -3456 1 2 0 0 0 0 -4 -75 -2 -605 -199 N N N N -1812 -489 161 218 218
1 19999 -229 3 -3 -8 0 0 0 0 0 -4 -2 -1103 -325 N N N N -1477 -386 188 165 165
1 20000 -217 -62 -4 5 0 0 0 0 6 34 1 -736 -213 N N N N -134 11 195 -36 -36
1 20001 -228 3517 -1 -8 0 0 0 0 1 41 0 -86 -32 N N N N 4673 1422 101 -724 -724
1 20000 -223 -75 -3 10 0 0 0 0 -6 42 -2 -111 -42 N N N N 5946 1787 33 -861 -861
1 20000 -219 -38 -2 -6 0 0 0 0 -3 18 -2 -53 -15 N N N N 4686 1411 29 -656 -656
1 19999 -223 -118 7 4 0 0 0 0 -26 58 -2 -888 -227 N N N N 3181 967 40 -441 -441
1 20001 -223 -75 -4 2 0 0 0 0 -20 34 -6 -1622 -438 N N N N -869 -170 236 33 33
1 24825 -276 137 6 -122 11 -1368 0 -2 33 -102 28 -2613 -751 N N N N 2397 925 508 -499 -499
1 20000 -218 -162 -2 -1 0 0 0 0 -41 75 3 -1179 -394 N N N N 4329 1462 335 -694 -694
1 20248 -225 -213 2 25 -2 203 0 -1 -85 83 -14 -1301 -397 N N N N 4324 1462 295 -667 -667
1 19752 -200 -85 0 98 2 1173 0 3 -40 48 -53 -1523 -443 N N N N 3574 1237 277 -557 -557
1 20000 -185 -65 -1 -2 0 0 0 0 -32 11 -8 -690 -242 N N N N 3930 1339 230 -576 -576
1 20000 -199 -130 1 1 0 0 0 0 -67 11 -20 -2797 -793 N N N N 3470 1309 419 -587 -587
1 20000 -194 -28 -9 1 0 0 0 0 -13 1 -5 -1317 -449 N N N N 3726 1441 473 -636 -636
1 20000 -194 141 13 -3 0 0 0 0 71 -9 23 -636 -223 N N N N 3651 1269 182 -500 -500
1 20001 -203 113 -11 1 0 0 0 0 58 -20 14 -3291 -918 N N N N 3016 1195 378 -504 -504
1 19999 -206 -173 11 -5 0 0 0 0 -89 24 -22 -782 -319 N N N N 7212 2612 435 -986 -986
1 20001 -189 -299 6 5 0 0 0 0 -154 -17 -49 -2749 -785 N N N N 4567 1835 504 -708 -708
1 19999 -202 -368 -5 1 0 0 0 0 -143 -119 -44 -2618 -761 N N N N 7386 2823 528 -997 -997
1 24411 -251 -302 9 116 0 1386 0 -2 -46 -146 -22 -1086 -453 N N N N 11209 4151 516 -1328 -1328
1 20001 -200 48 -1 -3 0 0 0 0 2 24 -4 -1162 -391 N N N N 7313 2715 295 -809 -809
1 20001 -219 80 0 0 0 0 0 0 8 40 -5 -1628 -543 N N N N 6839 2634 348 -763 -763
1 20528 -220 75 3 -1 0 0 0 0 12 36 -3 -962 -343 N N N N 5975 2353 328 -658 -658
1 20001 -197 50 -5 3 0 0 0 0 11 24 0 -1549 -504 N N N N 4382 1801 299 -498 -498
1 20000 -183 155 -8 4 0 0 0 0 46 66 4 -1173 -427 N N N N 4586 1967 372 -538 -538
1 20000 -204 295 2 5 0 0 0 0 126 88 19 -986 -344 N N N N 3152 1371 260 -366 -366
1 22058 -193 303 2 0 0 0 0 0 156 20 42 -894 -326 N N N N 2412 1117 255 -302 -302
1 20000 -191 263 -2 1 0 0 0 0 126 -47 47 -3040 -923 N N N N 1666 1009 388 -303 -303
1 18777 -179 247 5 -130 5 -1390 -21 -2 79 -129 81 -1179 -442 N N N N 1885 1344 612 -417 -417
1 23165 -191 61 -10 1 1 -1 -33 4 16 -29 -1 -1776 -599 N N N N 2905 1533 436 -410 -410
1 20000 -179 -38 1 1 0 0 0 0 -7 19 -3 -1085 -364 N N N N 1721 954 291 -256 -256
1 20000 -137 -8 -8 -9 0 0 0 0 1 1 -1 -926 -325 N N N N 748 563 252 -166 -166
1 19999 -165 14 -4 2 0 0 0 0 4 -6 -1 -412 -208 N N N N 963 643 252 -180 -180
1 20001 -172 -12 -3 3 0 0 0 0 -2 7 -2 -1999 -633 N N N N 1318 788 261 -209 -209
1 20000 -167 -100 4 3 0 0 0 0 -28 46 -6 -1266 -466 N N N N 1914 1220 433 -326 -326
1 19999 -160 -19 7 2 0 0 0 0 -8 8 0 -922 -320 N N N N 3890 1764 263 -385 -385
1 20001 -169 93 -2 0 0 0 0 0 27 -41 7 -827 -274 N N N N 3700 1758 303 -382 -382
1 19999 -155 -20 5 -8 0 0 0 0 -7 7 3 -1501 -395 N N N N 2850 1323 201 -276 -276
1 20001 -153 -221 -11 3 0 0 0 0 -73 88 -24 -2036 -683 N N N N 1861 1313 478 -326 -326
1 18741 -139 -257 13 4 -1 1 -35 -4 -125 57 -33 -1253 -430 N N N N 1677 1399 588 -356 -356
1 19995 -144 -236 -14 1 1 0 -99 0 -121 1 -34 -1165 -382 N N N N 3453 1704 285 -339 -339
1 21734 -163 -108 13 114 0 1382 -45 2 -56 -10 -72 -562 -262 N N N N 3478 1809 345 -360 -360
1 19999 -151 157 -8 -2 0 0 0 0 80 25 20 -409 -170 N N N N 3762 1819 258 -335 -335
1 20000 -156 273 2 6 0 0 0 0 141 -8 38 -272 -126 N N N N 2627 1216 135 -213 -212
1 23011 -189 411 6 -21 0 -187 0 -1 160 -132 77 -534 -170 N N N N 1968 945 124 -164 -165
1 15836 -109 8 -29 -91 1 -1195 -54 -1 8 -30 16 -855 -260 N N N N 1336 725 141 -135 -135
1 19938 -143 -188 -11 0 -2 -4 -73 0 -56 79 -19 -849 -208 N N N N 3728 1791 223 -303 -303
1 19949 -155 -275 1 2 0 3 -76 0 -126 72 -29 -726 -172 N N N N 4803 2275 253 -369 -369
1 21266 -157 -291 2 -5 1 0 -12 4 -154 2 -31 -672 -168 N N N N 6696 3014 231 -451 -451
1 20002 -157 -204 -7 -7 0 0 0 0 -98 -42 -16 -521 -136 N N N N 5589 2506 175 -359 -359
1 19999 -150 -65 -9 -5 0 0 0 0 -27 -20 -1 -205 -83 N N N N 6499 2831 142 -380 -380
1 19999 -164 26 -4 1 0 0 0 0 11 9 1 17 -12 N N N N 5007 2113 63 -267 -267
1 20000 -144 70 3 -2 0 0 0 0 31 19 8 25 4 N N N N 2925 1205 18 -146 -146
1 20001 -154 55 -2 2 0 0 0 0 26 14 4 -6 -3 N N N N 1457 593 5 -70 -70
1 20000 -155 60 5 0 0 0 0 0 29 11 6 -74 -32 N N N N 1216 509 12 -61 -61
1 20001 -141 32 -3 0 0 0 0 0 17 5 2 25 12 N N N N 656 274 6 -33 -33
1 19999 -166 -61 5 5 0 0 0 0 -32 -10 -7 -7 1 N N N N 691 284 4 -33 -33
1 18820 -156 -96 63 4 86 0 -28 -4 -52 -20 -32 -24 -9 N N N N 632 248 -4 -28 -28
1 19948 -218 -106 -11 4 1 0 -82 0 -43 -32 -11 6 5 N N N N 730 297 2 -34 -34
1 19963 -226 -91 -10 5 -1 0 -89 1 -31 -34 -8 18 14 N N N N 407 136 -16 -13 -13
1 25741 -341 232 27 122 0 1386 -12 1 89 78 -37 11 11 N N N N 657 313 28 -41 -41
1 19999 -262 326 7 1 0 0 0 0 161 44 45 2 2 N N N N 567 224 -2 -25 -25
1 21940 -306 355 3 -3 0 0 0 0 167 -56 70 -6 4 N N N N 359 153 5 -18 -18
1 21942 -286 321 -27 -118 -27 -1388 -1 2 100 -165 69 -3 5 N N N N 537 226 6 -26 -26
1 20000 -228 -3399 -24 -9 0 0 0 0 17 -107 -3 -47 -16 N N N N 553 236 8 -28 -28
1 10000 -116 64 -2 5 0 0 0 0 -3 -32 -3 -8 -3 N N N N 30 12 0 -1 -1
1 10000 -108 58 4 -5 0 0 0 0 -8 -31 -2 0 1 N N N N 194 90 7 -12 -12
1 9999 -115 55 -3 4 0 0 0 0 -9 -26 -3 7 7 N N N N 73 22 -5 -1 -1
1 10001 -101 50 -3 3 0 0 0 0 -10 -23 -4 -3 -2 N N N N 340 137 0 -16 -16
1 9999 -118 51 2 -6 0 0 0 0 -15 -25 -3 -16 -5 N N N N 144 65 5 -8 -8
1 10001 -102 52 -4 -1 0 0 0 0 -13 -23 -8 -11 -3 N N N N 113 58 7 -7 -7
1 9999 -114 36 3 0 0 0 0 0 -13 -15 -2 11 7 N N N N 184 76 1 -9 -9
1 10001 -107 45 0 4 0 0 0 0 -17 -16 -2 3 1 N N N N 135 57 2 -7 -7
1 10000 -113 54 1 -2 0 0 0 0 -22 -19 -6 -10 -2 N N N N 204 77 -3 -8 -8
1 9999 -109 60 1 -8 0 0 0 0 -26 -21 -10 2 7 N N N N 336 138 1 -15 -15
1 10001 -104 53 -7 6 0 0 0 0 -22 -13 -6 32 16 N N N N -48 -17 1 1 1
1 10000 -107 64 3 -1 0 0 0 0 -33 -13 -6 -66 -24 N N N N 176 68 -1 -7 -7
1 9999 -100 64 2 3 0 0 0 0 -32 -11 -8 -11 -1 N N N N 146 84 14 -12 -12
1 10001 -114 58 -3 -3 0 0 0 0 -30 -6 -8 45 29 N N N N 199 85 3 -10 -10
1 10000 -102 54 3 5 0 0 0 0 -30 -2 -3 103 45 N N N N 110 16 -16 2 2
1 15288 -176 63 5 -132 7 -1363 0 -2 -34 -13 -81 85 43 N N N N 486 154 -24 -13 -13
1 10830 -123 -79 1 14 0 0 0 0 41 0 20 63 44 N N N N 41 -23 -22 6 6
1 9999 -112 -131 2 1 0 0 0 0 68 10 20 91 41 N N N N 148 21 -22 2 2
1 10352 -111 -146 7 -3 0 0 0 0 67 28 26 1 7 N N N N 67 -5 -18 4 4
1 10000 -109 -139 -2 2 0 0 0 0 58 43 24 -6 7 N N N N 199 78 -1 -9 -9
1 10471 -117 -154 -3 1 0 0 0 0 48 62 27 -15 1 N N N N 103 36 -3 -3 -3
1 10002 -129 -147 4 -8 0 0 0 0 25 67 21 -14 -3 N N N N -3 1 1 -1 -1
1 10353 -103 3449 1 1 0 0 0 0 9 77 18 -11 -2 N N N N 79 36 3 -4 -4
1 9999 -130 -147 -5 2 0 0 0 0 -14 75 13 -17 -4 N N N N 107 44 0 -5 -5
1 10295 -118 -153 -3 3 0 0 0 0 -35 73 6 -25 -8 N N N N 123 68 11 -9 -9
1 10000 -127 -144 2 -3 0 0 0 0 -49 58 -1 -84 -31 N N N N -38 -15 0 1 1
1 14346 -161 -234 2 28 1 205 0 -1 -109 71 -25 -9 -5 N N N N 84 82 27 -14 -14
1 8395 -98 -101 12 100 -1 1167 -1 3 -53 38 -64 31 18 N N N N -156 -60 2 7 7
1 10789 -141 -80 -13 -3 0 0 0 0 -40 1 -8 -95 -29 N N N N 224 94 2 -11 -11
1 9999 -105 -19 -11 -5 0 0 0 0 -8 -1 1 -66 -23 N N N N 39 21 3 -3 -3
1 9999 -111 47 6 1 0 0 0 0 24 0 4 -366 -125 N N N N -173 21 51 -11 -11
1 10001 -109 74 9 -8 0 0 0 0 37 -5 14 -310 -131 N N N N -207 42 71 -17 -17
1 10002 -121 68 -6 -1 0 0 0 0 35 -10 12 -117 -47 N N N N -421 -15 87 -14 -14
1 9999 -90 51 -4 7 0 0 0 0 29 -5 -3 -6 -11 N N N N -280 -39 43 -4 -4
1 9999 -118 53 2 6 0 0 0 0 24 -11 6 -4 -7 N N N N -118 -25 12 1 1
1 10000 -101 -4 -8 -9 0 0 0 0 1 0 0 -82 -32 N N N N 30 43 18 -8 -8
1 10000 -101 51 0 2 0 0 0 0 21 -15 9 -20 -18 N N N N -13 11 9 -3 -3
1 10001 -99 26 11 -3 0 0 0 0 9 -8 8 13 4 N N N N -113 -24 12 1 1
1 10000 -102 13 -4 0 0 0 0 0 6 -4 1 18 7 N N N N 16 3 -2 0 0
1 10000 -103 -1 6 3 0 0 0 0 2 3 -7 -24 -10 N N N N 130 56 2 -7 -7
1 10000 -120 26 -7 6 0 0 0 0 13 -6 -2 -2 -1 N N N N -40 -7 5 0 0
1 9999 -102 -5 3 -23 0 0 0 0 -4 -5 11 -11 -6 N N N N -85 -24 6 2 2
1 10001 -120 -33 -8 10 0 0 0 0 -18 9 1 2 -3 N N N N 31 16 2 -3 -3
1 10001 -97 -49 38 -5 0 0 0 0 -29 14 2 80 -1 N N N N -48 -31 -6 5 5
