version: 66.14
glider: 195
mission: 21
dive: 194
start: 5 21 105 16 31 25
columns: rec,elaps_tms,depth,heading,pitch,roll,AD_pitch,AD_roll,AD_vbd,GC_phase,mag.x,mag.y,mag.z,sbect.TempFreq,sbect.CondFreq,wlbb2fl.sig470nm,wlbb2fl.sig700nm,wlbb2fl.sig695nm,wlbb2fl.temp,aa4330.O2,aa4330.AirSat,aa4330.Temp,aa4330.CalPhase,aa4330.TCPhase,
data:
0 17371 78 1206 -700 -5 165 2213 1680 6 1 -312 130 174679 136454 43 90 67 533 246158 97968 26433 29060 30466
1 9985 15 43 -15 155 0 0 0 0 -8 68 77 422 -3 N N N N 872 294 -30 -27 -27
1 10000 -20 -25 81 -53 0 0 0 0 -24 -31 -28 -126 17 N N N N 1155 319 -79 -21 -21
1 10000 17 69 -10 -114 0 0 0 0 1 -15 -18 338 -7 N N N N -922 -219 83 9 9
1 10016 -5 -158 -42 135 0 0 0 0 35 -5 -6 -571 -1 44 102 67 533 -169 -25 24 -1 -1
1 9984 -6 157 -28 -179 0 0 0 0 -6 -9 -14 -152 3 N N N N 2034 264 -305 26 26
1 8751 -1 -325 95 211 0 1 29 -4 29 -21 -38 -23 -4 N N N N -883 -24 183 -31 -31
1 9915 30 -346 -96 81 -1 -1 244 0 61 -17 -139 1102 -13 N N N N -1132 -191 145 -5 -5
1 10066 37 140 -34 -181 0 0 253 0 -6 -2 -21 -1372 -17 44 97 68 532 70 50 12 -8 -8
1 9932 58 -190 -2 169 1 1 263 0 18 8 -12 255 -8 N N N N 105 53 7 -7 -7
1 16244 215 371 82 -237 796 1 192 -1 -55 -16 74 -300 -20 N N N N 275 120 5 -14 -14
1 8478 158 1 328 32 1698 -1 74 1 -39 4 45 -12 -8 N N N N -237 -106 -6 13 13
1 9344 135 -21 123 6 0 0 381 0 -7 1 4 15 0 44 99 70 532 -129 -37 8 3 3
1 17216 257 69 -3 -148 -1 -1403 191 2 -38 -12 -70 1 -3 N N N N 79 26 -3 -3 -3
1 10408 195 91 18 13 0 0 0 0 -46 9 28 1 1 N N N N -75 -30 0 4 4
1 10001 172 119 -11 -12 0 0 0 0 -52 19 21 -6 -3 N N N N -141 -57 0 6 6
1 10487 192 109 10 3 0 0 0 0 -47 29 22 -4 -2 45 90 75 532 77 31 0 -4 -4
1 10998 189 114 -3 84 52 1413 4 0 -39 57 54 3 -1 N N N N -50 -19 0 3 3
1 9949 167 80 17 55 0 0 -1 2 -27 50 18 -12 -3 N N N N -4 -3 -1 0 0
1 10802 155 33 6 -2 0 0 0 0 -9 14 2 2 -1 N N N N -16 -7 0 1 1
1 10017 142 -30 2 -1 0 0 0 0 5 -14 -6 1 0 42 90 77 532 -43 -15 1 1 1
1 9983 139 -4 5 -5 0 0 0 0 0 -3 -3 1 -1 N N N N 89 35 0 -4 -4
1 10000 152 19 -7 1 0 0 0 0 -1 9 6 1 0 N N N N -34 -11 1 2 2
1 10001 147 -14 2 -1 0 0 0 0 2 -7 -2 3 0 N N N N -139 -58 -1 6 6
1 10016 141 8 10 6 0 0 0 0 -6 5 -4 4 0 42 91 75 532 -12 -5 0 1 1
1 9983 134 -2 -6 -6 0 0 0 0 3 -2 2 22 13 N N N N -24 -12 -2 1 1
1 10000 127 -59 -1 -3 0 0 0 0 16 -27 -5 140 36 N N N N 84 7 -14 2 2
1 10000 134 -40 -2 5 0 0 0 0 14 -15 -1 105 30 N N N N -249 -148 -28 21 21
1 10017 127 -7 8 3 0 0 0 0 -1 -2 -4 159 47 42 87 77 531 -178 -111 -23 17 17
1 9983 127 -17 0 2 0 0 0 0 7 -6 1 203 63 N N N N -209 -170 -49 28 28
1 10001 119 -26 -2 -11 0 0 0 0 9 -13 -5 296 86 N N N N -338 -233 -55 36 36
1 9999 110 -24 7 6 0 0 0 0 7 -7 -3 245 74 N N N N -399 -275 -66 42 42
1 10016 119 2 -5 -1 0 0 0 0 0 0 1 349 97 44 89 83 531 -462 -308 -71 48 48
1 9983 107 4 0 -1 0 0 0 0 -2 1 -2 332 98 N N N N -496 -363 -94 58 58
1 10001 120 14 3 0 0 0 0 0 -5 6 1 273 92 N N N N -594 -399 -94 62 62
1 9999 116 10 0 4 0 0 0 0 -4 4 3 517 148 N N N N -519 -364 -91 58 58
1 10016 112 0 2 -6 0 0 0 0 0 -1 -2 498 145 44 86 88 531 -900 -573 -125 89 89
1 9984 102 25 10 14 0 0 0 0 -11 13 3 346 98 N N N N -930 -614 -143 97 97
1 10001 108 -17 -11 -5 0 0 0 0 8 -8 1 179 66 N N N N -940 -523 -90 78 78
1 9999 95 -13 1 -10 0 0 0 0 5 -7 -4 167 48 N N N N -871 -474 -76 70 70
1 10017 106 -23 1 2 0 0 0 0 7 -9 -4 810 239 43 89 95 531 -763 -423 -73 64 64
1 9983 89 9 -2 2 0 0 0 0 -3 4 2 723 242 N N N N -256 -399 -175 79 79
1 10001 93 22 5 1 0 0 0 0 -8 9 2 1254 433 N N N N -570 -548 -191 102 102
1 10001 107 20 0 -4 0 0 0 0 -7 7 1 636 201 N N N N -431 -660 -289 134 134
1 10015 85 16 0 -1 0 0 0 0 -5 6 1 251 76 43 86 102 531 -1182 -774 -188 130 130
1 9985 91 30 1 4 0 0 0 0 -10 13 3 329 37 N N N N -1263 -674 -112 105 105
1 9998 93 58 1 -1 0 0 0 0 -17 25 4 581 131 N N N N -1063 -578 -102 91 91
1 10001 90 54 -1 0 0 0 0 0 -12 25 3 753 255 N N N N -1253 -726 -148 120 120
1 13860 135 -12 -5 119 -10 1411 1 -2 4 29 24 54 49 40 82 94 531 -2665 -1358 -207 214 214
1 11024 135 -106 5 9 0 0 0 0 27 -45 3 102 0 N N N N -2774 -1146 -56 159 158
1 10174 98 -152 6 -6 0 0 0 0 54 -60 -4 346 -44 N N N N -3325 -1406 -89 204 205
1 9626 98 -93 -10 -23 0 -207 1 -1 42 -35 -12 -10 -93 N N N N -2136 -922 -71 138 137
1 10742 95 -29 -2 -99 0 -1232 -1 3 13 -32 -47 -11 -32 42 80 87 531 777 266 -17 -33 -32
1 9983 102 -9 5 1 0 0 0 0 3 -2 -2 15 -8 N N N N 1538 562 -13 -73 -73
1 10001 89 -1 3 0 0 0 0 0 0 0 -1 15 -4 N N N N 1453 544 -4 -72 -72
1 9999 87 -4 0 -1 0 0 0 0 2 -1 0 31 -5 N N N N 1343 492 -10 -63 -64
1 10016 97 -7 -2 1 0 0 0 0 3 -2 -1 32 -4 41 86 97 531 1433 527 -10 -67 -67
1 9984 93 -3 -1 0 0 0 0 0 2 0 -1 21 -1 N N N N 1295 474 -9 -60 -59
1 10000 83 8 1 1 0 0 0 0 -4 1 2 24 -1 N N N N 1128 414 -8 -53 -54
1 10002 99 6 2 -1 0 0 0 0 -3 2 1 7 -3 N N N N 1030 376 -8 -47 -46
1 10015 97 12 -3 0 0 0 0 0 -5 3 2 -2 -4 42 86 101 531 838 312 -3 -39 -39
1 9983 93 15 0 -1 0 0 0 0 -7 3 1 -11 -6 N N N N 851 315 -5 -40 -40
1 10002 94 10 -2 4 0 0 0 0 -5 3 2 -8 -6 N N N N 694 265 2 -34 -34
1 9998 120 11 5 -1 0 0 0 0 -5 3 1 -17 -9 N N N N 346 134 2 -17 -18
1 10017 103 20 -1 0 0 0 0 0 -9 5 3 -25 -13 42 96 97 531 263 100 0 -13 -12
1 9982 113 25 -1 -2 0 0 0 0 -10 7 3 -50 -30 N N N N 317 126 4 -16 -16
1 10002 104 18 -1 -2 0 0 0 0 -8 5 1 -13 -6 N N N N 93 50 9 -9 -9
1 9999 100 31 0 -4 0 0 0 0 -12 10 2 -9 -8 N N N N 60 29 4 -4 -4
1 10015 104 14 5 5 0 0 0 0 -7 5 2 -43 -23 47 86 94 531 180 73 3 -10 -11
1 9986 95 4 -7 0 0 0 0 0 -1 1 1 -25 -12 N N N N -11 8 7 -2 -1
1 9999 109 -1 4 0 0 0 0 0 0 0 0 -64 -40 N N N N 158 73 7 -11 -11
1 10000 99 10 6 -2 0 0 0 0 -5 3 -1 -37 -23 N N N N 37 34 12 -6 -6
1 10016 107 10 -5 -1 0 0 0 0 -3 3 2 -47 -27 41 81 90 531 71 45 11 -8 -8
1 9984 92 -9 2 5 0 0 0 0 3 -2 0 -49 -33 N N N N 10 24 12 -5 -5
1 10000 100 8 -1 1 0 0 0 0 -3 3 2 -77 -43 N N N N -20 12 12 -4 -4
1 10000 96 15 -3 -7 0 0 0 0 -4 4 0 -20 -18 N N N N -50 9 17 -5 -5
1 10016 104 -9 1 4 0 0 0 0 3 -2 0 -28 -18 43 83 87 531 -102 -21 10 1 1
1 9985 99 -13 2 1 0 0 0 0 4 -5 -2 -13 -10 N N N N -34 1 8 -2 -2
1 9999 93 -17 0 2 0 0 0 0 7 -5 -1 -26 -18 N N N N -63 -14 6 1 1
1 10000 100 -12 1 0 0 0 0 0 4 -4 -2 -41 -24 N N N N 25 21 7 -4 -4
1 10017 105 -6 0 -3 0 0 0 0 3 -3 -1 -34 -19 43 82 85 531 -74 -12 9 0 0
1 9984 88 -7 -2 1 0 0 0 0 3 -2 0 -28 -18 N N N N -10 10 9 -3 -3
1 7745 78 -10 1 -1 0 1 1 0 4 -3 -2 -30 -21 N N N N -23 4 7 -2 -2
1 12254 120 -10 -2 3 0 -2 0 0 4 -3 0 -53 -30 N N N N -209 -63 10 6 6
1 10017 95 -1 6 -2 0 0 0 0 0 0 -2 -48 -31 45 90 80 531 38 35 12 -7 -7
1 9984 93 -25 -8 -1 0 0 0 0 12 -8 -2 -16 -13 N N N N -18 12 12 -4 -4
1 9999 104 -5 3 2 0 0 0 0 2 -1 1 3 -1 N N N N -141 -41 7 4 4
1 10001 88 0 0 -6 0 0 0 0 0 -1 -2 -5 -5 N N N N 36 18 2 -3 -3
1 10016 102 -21 2 1 0 0 0 0 8 -6 -4 1 -1 42 84 76 531 -86 -29 3 4 4
1 9982 88 -34 -1 2 0 0 0 0 16 -8 -3 -3 -2 N N N N -19 -6 0 0 0
1 10001 86 -20 2 2 0 0 0 0 9 -4 -2 0 0 N N N N -13 -3 1 0 0
1 10000 93 -1 -1 -3 0 0 0 0 1 -1 -1 0 -4 N N N N -141 -54 0 7 7
1 10016 92 -3 0 4 0 0 0 0 1 0 1 -2 1 41 84 77 531 -50 -18 1 2 2
1 9985 100 -19 0 -8 0 0 0 0 10 -5 -4 2 -1 N N N N 45 18 1 -2 -2
1 10000 109 -7 0 7 0 0 0 0 2 -1 0 -1 -3 N N N N -39 -15 0 2 2
1 9999 91 -12 7 6 0 0 0 0 5 -1 2 -5 -2 N N N N -34 -14 -1 2 2
1 10016 83 -13 -9 -5 0 0 0 0 8 -3 -4 -1 1 44 85 76 531 -80 -30 0 4 4
1 9984 95 -12 1 -1 0 0 0 0 6 -3 -2 -3 -5 N N N N -21 -5 2 0 0
1 9999 86 -5 0 -1 0 0 0 0 2 -1 -1 -2 -2 N N N N -18 -6 0 1 1
1 10002 100 5 -1 1 0 0 0 0 -2 1 1 -1 0 N N N N -56 -20 1 2 2
1 10016 93 -7 2 1 0 0 0 0 3 -1 -1 0 1 42 82 75 531 -44 -16 0 2 2
1 9984 96 -3 2 -1 0 0 0 0 1 -1 -1 -3 -3 N N N N 69 26 0 -3 -3
1 9999 98 2 -3 4 0 0 0 0 -1 1 2 -12 -6 N N N N -87 -34 0 4 4
1 10002 90 -4 -2 -1 0 0 0 0 3 0 0 10 3 N N N N -15 -3 1 0 0
1 10015 96 -7 3 -5 0 0 0 0 3 -2 -4 -5 -3 41 82 78 531 9 2 -1 0 0
1 9983 102 7 3 -3 0 0 0 0 -4 0 0 -9 -3 N N N N 18 9 1 -1 -1
1 10000 93 2 -2 3 0 0 0 0 -1 1 1 -1 -2 N N N N -5 0 2 -1 -1
1 10000 105 -9 0 2 0 0 0 0 5 -1 0 5 2 N N N N -139 -52 0 7 7
1 10016 99 -14 1 2 0 0 0 0 6 -2 -2 0 -2 41 81 75 531 23 8 0 -1 -1
1 9986 93 -14 2 1 0 0 0 0 7 -2 -1 3 1 N N N N 59 21 -1 -3 -3
1 10000 98 -3 -2 0 0 0 0 0 2 0 0 -1 -2 N N N N -126 -49 -1 7 7
1 9998 89 7 -2 0 0 0 0 0 -3 1 1 0 1 N N N N 31 11 0 -2 -2
1 10016 104 -15 1 -1 0 0 0 0 7 -2 -3 0 0 40 79 76 531 -35 -12 1 2 2
1 17629 190 3 -8 -115 0 -1367 2 -2 0 -13 -57 3 -2 N N N N 82 31 0 -4 -4
1 10829 123 65 5 -3 0 0 0 0 -34 7 7 -1 2 N N N N -202 -77 -1 10 10
1 10000 96 83 -1 -6 0 0 0 0 -39 15 11 0 -1 N N N N -76 -32 -1 4 4
1 10015 109 68 1 0 0 0 0 0 -30 16 13 -7 -5 40 84 76 531 67 26 -1 -3 -3
1 10282 109 84 -4 26 -3 211 0 -1 -33 29 26 -4 -3 N N N N -14 -4 2 0 0
1 10230 114 45 -2 97 -6 1193 0 3 -15 37 44 8 5 N N N N 22 10 1 -1 -1
1 10000 119 18 -2 4 0 0 0 0 -7 7 2 8 1 N N N N -60 -23 -1 3 2
1 10014 123 10 5 -4 0 0 0 0 -3 4 -1 35 16 41 85 77 532 -58 -25 -2 3 3
1 9986 101 1 1 1 0 0 0 0 -2 0 0 36 13 N N N N -73 -44 -9 7 8
1 10000 119 -15 2 1 0 0 0 0 5 -6 -1 -8 -3 N N N N -127 -58 -6 9 9
1 9999 99 -22 -2 -1 0 0 0 0 9 -8 -1 -63 -30 N N N N -152 -55 2 7 7
1 10016 114 -9 -6 0 0 0 0 0 4 -4 0 -7 -1 41 79 73 532 28 26 9 -5 -5
1 9984 116 1 4 4 0 0 0 0 -2 1 0 5 4 N N N N 3 6 3 -2 -2
1 10000 114 -7 0 -8 0 0 0 0 4 -3 -2 -10 -6 N N N N 85 32 0 -4 -4
1 10000 116 -11 -2 2 0 0 0 0 4 -4 -2 8 1 N N N N 32 16 2 -2 -2
1 10017 112 -10 3 0 0 0 0 0 3 -4 0 19 8 41 86 73 532 -12 -7 -2 1 1
1 9983 126 1 0 0 0 0 0 0 0 1 0 -6 -3 N N N N -82 -37 -3 5 5
1 10001 118 -4 1 5 0 0 0 0 0 -1 -1 11 5 N N N N -23 -11 -1 2 2
1 10000 116 -5 4 -6 0 0 0 0 2 -3 -2 1 2 N N N N 1 -2 -2 1 1
1 10015 110 -3 -1 4 0 0 0 0 1 0 2 -8 -4 43 82 72 532 -52 -20 0 2 2
1 9985 119 -1 -5 -2 0 0 0 0 2 -1 1 13 3 N N N N -75 -28 0 4 4
1 10001 114 -19 2 2 0 0 0 0 6 -6 -4 -6 -3 N N N N 13 3 -1 -1 -1
1 9997 105 -24 -2 -1 0 0 0 0 11 -8 -1 7 4 N N N N 177 67 0 -8 -8
1 10017 113 -3 1 -2 0 0 0 0 1 -1 -2 15 5 42 83 75 532 -331 -127 -1 16 16
1 9984 115 -2 2 0 0 0 0 0 0 -1 -1 -3 1 N N N N 27 5 -3 0 0
1 10000 119 -5 -3 0 0 0 0 0 3 -2 1 13 2 N N N N -31 -13 -1 2 1
1 10002 106 -7 1 11 0 0 0 0 2 0 2 0 1 N N N N -3 -5 -2 1 2
1 10014 111 -4 -4 -11 0 0 0 0 3 -3 -3 8 3 39 84 73 532 -62 -25 -1 3 3
1 9984 115 -23 9 -1 0 0 0 0 8 -7 -5 -1 -1 N N N N -84 -36 -2 6 6
1 10001 106 -35 -6 1 0 0 0 0 17 -9 -2 -2 -3 N N N N -5 -2 0 0 0
1 9999 111 -29 2 7 0 0 0 0 12 -7 -3 8 4 N N N N -70 -28 -1 3 3
1 10017 107 -22 1 -2 0 0 0 0 11 -5 -2 12 2 40 79 93 532 -148 -56 0 8 7
1 9983 113 -11 5 1 0 0 0 0 4 -2 -2 -3 -2 N N N N -51 -22 -2 3 3
1 10000 92 -20 -9 -3 0 0 0 0 11 -5 -3 5 0 N N N N 0 -3 -2 0 0
1 10000 112 -12 3 -2 0 0 0 0 5 -2 -4 2 -2 N N N N -41 -18 -1 3 3
1 9672 110 -9 2 3 0 0 1 0 5 -1 1 87 34 41 90 73 532 -77 -31 -1 4 5
1 10801 124 -30 -2 -2 0 0 0 0 15 -6 -4 128 50 N N N N -129 -76 -16 13 13
1 10001 105 -44 -1 3 0 0 0 0 22 -6 -6 198 67 N N N N -136 -94 -26 17 16
1 10000 108 -25 3 0 0 0 0 0 12 -2 -4 610 226 N N N N -608 -313 -50 50 51
1 10015 100 20 2 -3 0 0 0 0 -10 2 3 1348 458 41 86 73 532 -866 -522 -117 90 89
1 9985 102 15 5 0 0 0 0 0 -9 1 1 2174 709 N N N N -2205 -1297 -284 225 226
1 10000 72 -47 -2 1 0 0 0 0 25 -4 -6 5979 1721 N N N N -3829 -2279 -524 408 408
1 10000 72 -86 4 -1 0 0 0 0 44 -4 -14 574 423 N N N N -7214 -4128 -932 768 768
1 10016 68 -103 2 0 0 0 0 0 54 4 -13 442 209 42 83 66 532 -13656 -5575 -402 925 925
1 9983 81 -117 0 -2 0 0 0 0 60 16 -17 523 219 N N N N -10785 -4305 -286 761 761
1 10001 73 -160 1 -2 0 0 0 0 74 41 -18 1403 421 N N N N -7835 -3174 -265 604 604
1 10000 79 -166 0 4 0 0 0 0 62 62 -17 934 318 N N N N -7323 -3095 -371 640 640
1 10014 66 -179 3 -4 0 0 0 0 43 83 -13 745 245 41 76 61 532 -5933 -2448 -274 523 523
1 9985 71 -137 0 2 0 0 0 0 14 71 -4 752 252 N N N N -5184 -2104 -227 463 463
1 10000 54 3482 -2 0 0 0 0 0 -1 62 0 574 187 N N N N -4651 -1843 -177 413 413
1 10000 76 -76 1 2 0 0 0 0 -9 39 0 530 182 N N N N -3743 -1478 -145 341 341
1 10016 75 -16 1 -1 0 0 0 0 -3 8 1 488 174 39 77 66 532 -3058 -1233 -147 296 296
1 9985 57 44 2 5 0 0 0 0 7 -22 -2 554 185 N N N N -2202 -906 -127 225 225
1 10000 64 101 5 -1 0 0 0 0 7 -53 3 1367 399 N N N N -1932 -834 -150 218 218
1 10000 70 -3501 -3 -4 0 0 0 0 -2 -52 1 137 77 N N N N -2798 -1173 -193 306 306
1 10016 68 80 -2 -2 0 0 0 0 -9 -41 2 24 31 40 77 63 532 -2761 -1127 -166 296 296
1 9983 76 72 2 -1 0 0 0 0 -13 -36 5 -21 14 N N N N -2801 -1035 -69 258 258
1 10001 79 66 1 4 0 0 0 0 -15 -31 5 -6 8 N N N N -2294 -833 -43 208 208
1 10000 71 73 -2 0 0 0 0 0 -22 -32 6 14 6 N N N N -1685 -599 -19 148 148
1 10016 79 98 -2 -2 0 0 0 0 -35 -38 9 125 5 39 75 65 532 -1187 -426 -19 109 109
1 9983 70 112 5 5 0 0 0 0 -48 -36 13 624 118 N N N N -1004 -379 -35 100 100
1 10000 64 97 1 -1 0 0 0 0 -46 -23 12 475 143 N N N N -1254 -506 -78 143 143
1 10000 80 95 -4 1 0 0 0 0 -48 -15 12 410 97 N N N N -1910 -759 -110 214 214
1 10017 48 76 2 -2 0 0 0 0 -40 -6 10 354 97 38 77 65 532 -1921 -733 -82 203 203
1 9983 64 54 0 -1 0 0 0 0 -29 -2 5 453 108 N N N N -1699 -652 -78 185 185
1 15253 87 -81 -9 -120 0 -1386 0 -2 44 -5 -73 3094 802 N N N N -2879 -1140 -176 336 336
1 10805 76 -49 4 3 0 0 0 0 25 6 -4 1075 424 N N N N -1775 -842 -272 284 284
1 10017 52 0 0 -1 0 0 0 0 0 0 0 1507 462 38 73 61 533 -1542 -830 -356 302 302
1 10866 57 6 2 2 0 0 0 0 -4 0 0 625 229 N N N N -1467 -685 -225 236 236
1 10002 64 -5 -1 -4 0 0 0 0 3 0 -2 1529 454 N N N N -522 -382 -244 159 159
1 9999 50 -44 1 0 0 0 0 0 23 7 -3 1133 424 N N N N -720 -422 -216 165 165
1 10016 49 -62 -3 3 0 0 0 0 31 12 -5 1290 458 37 72 56 533 -331 -336 -270 153 153
1 10748 60 -46 2 -1 0 0 0 0 22 12 -4 641 271 N N N N -577 -473 -339 208 208
1 10000 51 -39 -1 0 0 0 0 0 18 11 -2 522 210 N N N N -492 -387 -271 169 169
1 9998 46 -25 5 0 0 0 0 0 11 7 -1 866 271 N N N N -1310 -566 -170 200 200
1 10019 41 -12 0 -1 0 0 0 0 5 4 -1 677 256 38 69 56 533 -1063 -453 -134 160 160
1 10453 56 -1 1 -1 0 0 0 0 1 0 0 379 184 N N N N -739 -376 -170 147 147
1 10001 49 -3 0 1 0 0 0 0 1 1 -1 290 128 N N N N -1142 -467 -125 165 165
1 9998 53 -10 -1 1 0 0 0 0 4 4 1 348 129 N N N N -1228 -475 -103 163 163
1 10018 44 -21 -2 -3 0 0 0 0 9 7 -1 370 127 38 74 52 533 -903 -348 -75 121 121
1 12571 67 -34 2 2 0 0 0 0 14 12 -1 773 235 N N N N -747 -346 -138 134 134
1 10000 37 38 5 -3 0 0 0 0 -16 -14 3 574 174 N N N N -669 -295 -105 112 112
1 10001 60 82 2 3 0 0 0 0 -36 -26 4 125 69 N N N N -994 -421 -137 158 158
1 10546 44 116 0 1 0 0 0 0 -57 -27 9 262 78 40 69 52 533 -2079 -776 -156 273 273
1 10808 49 118 -2 0 0 0 0 0 -61 -17 11 314 110 N N N N -2119 -746 -105 256 256
1 10000 44 97 0 -3 0 0 0 0 -51 -4 12 66 46 N N N N -1611 -571 -86 199 199
1 10000 40 84 -3 3 0 0 0 0 -44 3 12 190 45 N N N N -1143 -395 -50 137 137
1 10015 44 58 -1 0 0 0 0 0 -30 5 7 355 78 38 72 53 533 -1032 -351 -37 120 120
1 10748 35 24 1 1 0 0 0 0 -12 4 5 424 104 N N N N -864 -300 -42 107 107
1 10000 38 3 -3 -3 0 0 0 0 -1 0 -1 556 128 N N N N -570 -212 -45 78 78
1 9999 40 -13 -2 0 0 0 0 0 7 -2 -2 262 124 N N N N -720 -250 -37 90 90
1 10016 28 -8 3 2 0 0 0 0 3 -1 -2 437 131 40 72 50 534 -874 -304 -45 110 110
1 10458 45 27 4 -1 0 0 0 0 -14 4 5 526 165 N N N N -385 -186 -95 81 81
1 9998 48 69 -4 0 0 0 0 0 -33 12 10 166 85 N N N N -310 -156 -86 70 70
1 10001 39 89 5 1 0 0 0 0 -41 22 14 511 133 N N N N -565 -221 -67 88 88
1 9934 58 96 2 36 -1 207 2 0 -39 35 28 401 130 39 70 47 534 -520 -263 -150 119 119
1 9425 42 63 -7 82 -7 1162 0 2 -20 41 39 53 75 N N N N -474 -225 -115 100 100
1 10641 62 64 5 -1 0 0 0 0 -20 27 2 154 50 N N N N -506 -199 -64 80 80
1 10000 36 59 -3 -3 0 0 0 0 -14 26 4 122 41 N N N N -804 -281 -49 106 106
1 10014 67 49 2 1 0 0 0 0 -12 23 1 117 48 38 69 48 534 -473 -156 -15 56 56
1 9984 42 48 -1 3 0 0 0 0 -8 24 2 154 53 N N N N -638 -215 -28 79 79
1 10001 61 47 1 -2 0 0 0 0 -6 23 1 62 51 N N N N -499 -178 -38 69 69
1 10001 59 43 1 1 0 0 0 0 -5 22 1 124 45 N N N N -342 -119 -21 45 45
1 10014 69 37 -2 0 0 0 0 0 -1 19 0 294 85 38 67 47 534 -203 -72 -14 28 28
1 9985 49 37 -1 1 0 0 0 0 -1 19 0 79 58 N N N N -199 -84 -36 37 37
1 40000 225 172 4 -3 0 0 0 0 13 87 -5 1140 317 N N N N -341 -234 -200 122 122
1 39999 212 -40 1 1 0 0 0 0 -6 -20 1 2019 540 N N N N 23 -148 -242 102 102
1 40002 211 -61 -4 -1 0 0 0 0 -6 -31 2 642 292 N N N N 293 -118 -322 108 108
1 39999 200 -177 2 1 0 0 0 0 3 -91 1 498 148 N N N N -2164 -744 -142 289 289
1 39999 208 -157 -2 1 0 0 0 0 27 -76 -5 785 250 N N N N -1296 -482 -149 201 201
1 40001 192 -82 2 0 0 0 0 0 23 -36 -5 362 130 N N N N -158 -110 -101 60 60
1 40015 203 -125 2 1 0 0 0 0 42 -49 -10 1196 328 39 72 42 537 442 5 -206 40 40
1 39986 225 -83 2 -1 0 0 0 0 34 -27 -7 1508 456 N N N N -123 -161 -201 99 99
1 39999 243 -41 -2 -1 0 0 0 0 19 -11 -4 454 179 N N N N 163 -105 -248 88 88
1 40001 254 211 2 2 0 0 0 0 -85 71 17 789 238 N N N N 40 -80 -148 59 59
1 39998 257 16 0 1 0 0 0 0 -5 7 2 801 220 N N N N 262 -10 -141 32 32
1 40001 240 -114 -2 0 0 0 0 0 40 -44 -10 816 240 N N N N 178 -48 -160 49 49
1 39999 241 -88 1 -4 0 0 0 0 38 -28 -7 608 207 N N N N 370 -3 -178 38 38
1 40000 200 -56 3 3 0 0 0 0 25 -14 -6 562 163 N N N N 2562 675 -111 -217 -217
1 40017 199 -47 -3 0 0 0 0 0 23 -11 -5 1160 309 38 74 39 540 3686 982 -133 -314 -314
1 39983 153 -125 3 -5 0 0 0 0 64 -18 -14 361 185 N N N N 6326 1683 -209 -526 -526
1 40001 163 -115 0 7 0 0 0 0 60 -5 -14 78 60 N N N N 5821 1618 -78 -514 -514
1 39998 145 -48 1 1 0 0 0 0 26 0 -5 55 3 N N N N 2484 703 -14 -221 -221
1 40001 161 10 -3 -5 0 0 0 0 -5 0 0 118 12 N N N N -292 -97 -17 34 34
1 40001 160 -163 3 -1 0 0 0 0 85 20 -19 336 90 N N N N -441 -195 -89 81 81
1 39999 146 -146 0 0 0 0 0 0 69 36 -16 195 54 N N N N 279 48 -44 -6 -6
1 40001 156 -146 -1 4 0 0 0 0 58 52 -12 390 109 N N N N 1288 324 -57 -91 -91
1 43662 186 76 -1 -119 -1 -1375 0 -2 -29 -31 -41 190 23 40 68 42 542 3694 1024 -42 -312 -312
1 40457 160 276 0 -2 0 0 0 0 -129 -74 16 34 -8 N N N N 3744 995 -91 -287 -287
1 40469 134 289 1 1 0 0 0 0 -153 -8 34 0 -11 N N N N 2030 567 -14 -169 -169
1 40044 129 281 -3 34 -2 207 0 -1 -131 64 55 147 22 N N N N 583 146 -25 -39 -39
1 40367 93 95 26 83 32 1179 0 3 -41 51 32 -79 -28 N N N N 327 102 11 -33 -33
1 40000 99 -39 3 1 0 0 0 0 13 -15 -3 -26 -20 N N N N -210 -50 12 13 13
1 40000 121 -111 0 -3 0 0 0 0 45 -39 -8 3 -9 N N N N -1239 -347 8 102 102
1 40000 95 -89 1 4 0 0 0 0 40 -24 -6 -4 -8 N N N N -1317 -381 -7 118 118
1 40015 111 3 -2 0 0 0 0 0 -1 1 1 30 -8 40 71 41 545 -1942 -543 12 164 164
1 39984 124 63 1 0 0 0 0 0 -29 17 4 43 6 N N N N -1452 -436 -27 140 140
1 40000 142 66 2 2 0 0 0 0 -29 21 4 41 10 N N N N -1233 -359 -11 114 114
1 40002 157 46 1 -2 0 0 0 0 -18 16 3 71 21 N N N N -786 -237 -17 78 78
1 39999 159 46 1 -1 0 0 0 0 -17 17 2 57 10 N N N N -834 -247 -12 80 80
1 39999 190 84 -2 0 0 0 0 0 -27 35 4 215 59 N N N N -742 -237 -33 82 82
1 40001 183 39 1 2 0 0 0 0 -11 18 2 152 43 N N N N -79 -62 -53 31 31
1 40000 192 -29 -2 -1 0 0 0 0 8 -14 -1 -46 -10 N N N N -754 -219 -6 71 71
1 40015 193 -44 2 -2 0 0 0 0 13 -19 -2 -14 -3 38 71 42 547 -503 -146 -3 47 47
1 39985 191 -94 0 1 0 0 0 0 33 -37 -5 -241 -97 N N N N -1058 -288 16 89 89
1 40000 179 -66 0 -1 0 0 0 0 26 -23 -4 -20 -20 N N N N -5580 -1565 27 505 505
1 39999 194 -55 0 2 0 0 0 0 24 -17 -4 -53 -32 N N N N -4403 -1248 4 417 417
1 40001 240 -50 -66 0 -97 0 -1 0 37 -12 10 73 10 N N N N -4561 -1302 -8 449 449
1 39999 283 -99 -4 1 0 0 0 0 48 -20 -13 48 13 N N N N -3136 -890 3 312 312
1 40000 305 -84 3 2 0 0 0 0 42 -12 -12 25 8 N N N N -1836 -521 1 185 185
1 40000 306 -54 1 0 0 0 0 0 28 -3 -9 94 24 N N N N -333 -100 -9 38 38
1 40016 331 -76 -2 -3 0 0 0 0 41 0 -11 144 42 38 69 40 548 406 107 -14 -35 -35
1 39984 331 -115 0 0 0 0 0 0 60 8 -18 177 58 N N N N 1585 422 -44 -142 -142
1 40001 317 -71 3 -1 0 0 0 0 35 12 -10 41 17 N N N N 2284 633 -24 -218 -218
1 40001 302 -57 -2 0 0 0 0 0 28 12 -8 84 22 N N N N 1334 370 -12 -127 -127
1 42410 273 130 42 -118 69 -1384 -2 -2 -69 -31 -36 166 43 N N N N 1200 312 -42 -100 -100
1 40000 231 235 1 -1 0 0 0 0 -126 -10 26 261 69 N N N N 291 54 -44 -9 -9
1 40001 218 277 0 1 0 0 0 0 -135 48 38 111 38 N N N N -4094 -1186 -42 422 422
1 47176 258 212 1 119 -4 1375 0 2 -76 100 67 114 44 N N N N -1997 -582 -28 213 213
1 40017 203 35 0 -2 0 0 0 0 -10 15 1 75 26 39 72 41 550 555 152 -9 -52 -52
1 39982 221 19 1 2 0 0 0 0 -5 9 1 56 17 N N N N 1139 312 -15 -108 -108
1 40001 199 24 0 -2 0 0 0 0 -5 11 1 49 17 N N N N 1216 337 -10 -117 -117
1 40000 208 7 1 3 0 0 0 0 -2 4 0 171 52 N N N N 1553 422 -24 -143 -143
1 40001 204 -49 -1 -1 0 0 0 0 11 -23 -2 46 13 N N N N 685 183 -16 -60 -60
1 40000 191 -82 0 0 0 0 0 0 24 -36 -4 -2 -1 N N N N -2498 -710 -8 249 249
1 39999 180 -101 0 -1 0 0 0 0 36 -39 -7 26 3 N N N N -2631 -743 -3 265 265
1 40001 161 -92 1 2 -1 0 -3 0 38 -30 -8 27 8 N N N N -3410 -967 -9 351 351
1 40016 169 -94 0 -1 0 0 0 0 44 -24 -9 15 -3 38 73 42 551 -4518 -1274 0 471 471
1 39984 154 -35 1 2 0 0 0 0 17 -7 -3 89 26 N N N N -3810 -1082 -16 412 412
1 40001 167 3 -1 -2 0 0 0 0 -1 1 0 61 16 N N N N -1178 -338 -12 133 133
1 40000 164 -4 -1 0 0 0 0 0 2 -1 -1 111 34 N N N N -739 -217 -15 86 86
1 39997 186 -84 -1 0 0 0 0 0 43 -13 -9 66 22 N N N N 734 194 -25 -70 -70
1 40002 191 -91 3 3 0 0 0 0 48 -7 -9 145 42 N N N N -319 -100 -18 42 42
1 40000 203 -5 -1 0 0 0 0 0 3 0 -1 187 53 N N N N -541 -167 -29 71 70
1 43939 205 209 -3 -122 0 -1377 -1 -2 -109 10 -37 198 51 N N N N -242 -89 -39 42 43
1 42136 224 274 -3 122 -8 1392 0 2 -114 102 84 117 50 37 70 42 552 -263 -96 -42 45 45
1 39983 197 59 1 0 0 0 0 0 -18 25 4 91 27 N N N N -150 -47 -9 20 20
1 40000 205 26 0 -3 0 0 0 0 -8 11 1 74 26 N N N N -153 -52 -17 23 23
1 40002 197 57 -3 4 0 0 0 0 -14 27 3 133 36 N N N N -147 -52 -21 25 25
1 39997 207 41 3 -4 0 0 0 0 -8 19 1 149 45 N N N N -405 -128 -28 55 55
1 40001 229 31 1 4 0 0 0 0 -6 16 1 142 43 N N N N -441 -141 -33 62 62
1 40000 213 28 -3 -5 0 0 0 0 -3 13 0 42 15 N N N N -454 -133 -12 54 54
1 39999 235 42 3 4 0 0 0 0 -6 22 1 115 32 N N N N -273 -84 -15 36 36
1 40019 231 54 -2 -3 0 0 0 0 -3 27 0 70 22 37 70 42 553 -167 -57 -19 26 26
1 45627 273 -119 -6 126 -11 1397 -3 -2 13 -27 17 79 22 N N N N -16 -14 -20 9 9
1 40000 259 -272 4 1 0 0 0 0 73 -121 11 84 24 N N N N 46 1 -23 4 4
1 41941 257 -257 -1 -125 -1 -1415 -1 2 114 -105 -65 14 9 N N N N 264 70 -8 -26 -26
1 40000 231 -89 -1 -1 0 0 0 0 46 -14 -10 19 4 N N N N 340 96 3 -38 -38
1 39999 247 -86 0 1 0 0 0 0 46 -5 -10 47 11 N N N N 458 126 -3 -49 -49
1 40002 248 -43 -1 -1 0 0 0 0 23 -1 -6 99 27 N N N N 883 240 -13 -91 -91
1 40001 244 37 3 2 0 0 0 0 -21 1 4 289 82 N N N N 733 186 -35 -66 -66
1 40014 267 14 0 -2 0 0 0 0 -7 0 2 154 51 38 70 41 553 516 121 -42 -39 -39
1 39984 238 -47 -4 -3 0 0 0 0 26 -1 -6 58 20 N N N N 322 78 -22 -26 -26
1 40001 258 -63 3 4 0 0 0 0 33 3 -8 134 37 N N N N 301 72 -21 -24 -24
1 44119 293 200 -6 -123 1 -1373 -1 -2 -106 -9 -38 190 54 N N N N 413 95 -37 -29 -29
1 40696 272 282 0 34 -1 205 1 -1 -134 63 55 47 18 N N N N -354 -111 -24 47 47
1 39541 218 83 26 89 29 1183 -1 3 -36 47 35 65 22 N N N N -60 -20 -6 9 9
1 39999 230 -45 -1 -1 0 0 0 0 17 -17 -2 91 27 N N N N 733 194 -19 -71 -71
1 40000 223 -75 -1 -1 0 0 0 0 30 -26 -6 141 41 N N N N 910 241 -21 -88 -88
1 40017 230 -103 3 0 0 0 0 0 47 -28 -8 71 25 36 69 40 554 510 132 -17 -48 -48
1 39983 230 -30 0 1 0 0 0 0 15 -6 -3 163 44 N N N N -7 -16 -26 12 12
1 40000 235 25 -6 -2 0 0 0 0 -12 4 2 281 84 N N N N -117 -54 -39 28 28
1 39999 227 -85 5 3 0 0 0 0 42 -16 -7 206 67 N N N N 151 14 -49 4 4
1 40001 244 -38 2 1 0 0 0 0 19 -5 -4 23 12 N N N N -225 -71 -18 31 31
1 44704 275 154 -6 -122 0 -1394 -1 -2 -76 13 -42 30 5 N N N N -432 -126 -11 50 50
1 43178 307 228 -48 117 -79 1375 0 2 -80 93 91 4 2 N N N N -905 -253 -5 98 98
1 40000 317 121 -2 -1 0 0 0 0 -33 53 8 71 14 N N N N -1356 -376 -2 145 145
1 39998 336 76 0 2 0 0 0 0 -15 37 4 24 6 N N N N -3498 -972 -9 383 383
1 40001 330 -120 0 -1 0 0 0 0 26 -57 -6 221 60 N N N N -2532 -708 -18 286 286
1 40000 321 -78 -2 1 0 0 0 0 23 -33 -6 199 59 N N N N -752 -233 -50 103 103
1 39999 314 32 0 1 0 0 0 0 -11 13 3 87 27 N N N N -1042 -296 -18 123 123
1 40000 316 6 3 0 0 0 0 0 -1 3 0 134 41 N N N N 108 17 -26 -2 -2
1 40001 299 -101 1 2 0 0 0 0 32 -41 -9 154 47 N N N N 1623 435 -26 -171 -171
1 39999 248 -66 37 -1 58 0 -3 0 18 -23 -18 196 57 N N N N 3416 923 -36 -361 -361
1 40000 242 -10 2 0 0 0 0 0 4 -3 0 141 45 N N N N 2904 784 -28 -301 -301
1 40000 225 18 0 3 0 0 0 0 -8 6 1 48 15 N N N N 1312 351 -18 -132 -132
1 40003 226 95 -2 -6 0 0 0 0 -35 34 7 98 26 N N N N -1670 -468 -16 184 184
1 39999 231 52 -1 5 0 0 0 0 -18 22 3 101 28 N N N N -3989 -1107 -22 439 439
1 39998 218 -7 5 -1 0 0 0 0 2 -3 0 110 29 N N N N -3877 -1072 -14 434 434
1 40002 211 -23 -1 0 0 0 0 0 7 -10 -2 117 36 N N N N -4832 -1339 -28 558 558
1 39998 221 -60 -2 -1 0 0 0 0 22 -23 -4 119 31 N N N N -3500 -967 -16 412 412
1 40002 220 -81 1 1 -1 0 -1 0 32 -28 -7 58 19 N N N N -3179 -880 -20 383 383
1 40000 212 -88 0 -4 0 0 0 0 40 -26 -8 18 6 N N N N -1793 -495 -8 218 218
1 39998 200 -56 0 4 0 0 0 0 27 -12 -4 487 129 N N N N -1928 -548 -53 252 252
1 40000 211 37 -1 -2 0 0 0 0 -18 8 3 121 45 N N N N -1835 -519 -46 241 241
1 40001 214 56 2 1 0 0 0 0 -26 15 5 41 19 N N N N -651 -186 -19 87 87
1 39999 205 27 -4 -4 0 0 0 0 -11 7 2 81 22 N N N N -227 -66 -14 32 32
1 40000 211 -49 2 5 0 0 0 0 21 -13 -4 213 60 N N N N -826 -237 -29 112 112
1 40000 223 -20 3 0 0 0 0 0 9 -5 -1 199 58 N N N N -586 -169 -29 82 82
1 40002 222 -31 -2 -1 1 0 -2 0 15 -8 -4 166 51 N N N N -207 -72 -44 41 41
1 39998 209 0 1 1 0 0 0 0 0 0 1 50 19 N N N N -1908 -526 -16 244 244
1 40001 209 41 0 -1 0 0 0 0 -20 9 4 25 9 N N N N -1758 -482 -11 227 227
1 40000 225 16 -1 1 0 0 0 0 -8 4 1 17 3 N N N N -1183 -324 -4 152 152
1 39999 214 28 -3 -2 0 0 0 0 -11 9 3 25 5 N N N N -1074 -294 -4 140 140
1 40002 222 30 3 2 0 0 0 0 -14 9 1 24 6 N N N N -821 -225 -6 108 108
1 39999 220 -11 1 -1 0 0 0 0 5 -3 0 232 58 N N N N -1569 -433 -19 211 211
1 40001 222 -94 -1 0 0 0 0 0 43 -26 -8 116 35 N N N N -4407 -1207 -30 595 595
1 39998 215 -75 2 0 0 0 -1 0 37 -15 -8 272 79 N N N N -3386 -930 -39 471 471
1 40002 232 -55 -1 0 0 0 0 0 29 -7 -6 42 19 N N N N -2236 -615 -30 318 318
1 39998 215 -78 1 2 0 0 0 0 41 -7 -9 64 18 N N N N -1222 -334 -11 174 174
1 40000 224 -35 -1 -1 0 0 0 0 19 -1 -3 103 29 N N N N -741 -204 -15 108 108
1 40000 214 25 -1 -4 0 0 0 0 -13 0 3 118 35 N N N N -881 -244 -25 131 131
1 40001 215 16 1 2 0 0 0 0 -9 1 1 50 14 N N N N -1214 -332 -11 176 176
1 39999 216 -32 0 1 0 0 0 0 17 -2 -4 121 33 N N N N -1215 -333 -20 179 179
1 40000 221 -70 0 -1 0 0 0 0 38 1 -7 94 26 N N N N -1173 -321 -16 173 173
1 46059 262 152 -5 -120 -1 -1369 -1 -2 -81 -8 -45 182 49 N N N N -2594 -708 -30 387 387
1 40001 217 277 3 -2 0 0 0 0 -134 53 38 80 26 N N N N -227 -65 -26 38 38
1 44354 245 103 -3 121 -5 1385 -1 2 -39 57 60 106 31 N N N N -119 -35 -16 21 21
1 40001 213 -116 1 5 0 0 0 0 44 -41 -8 77 24 N N N N -570 -157 -15 88 88
1 39998 232 -102 -2 0 0 0 0 0 47 -28 -10 102 29 N N N N -510 -140 -18 79 79
1 40002 220 45 0 -1 0 0 0 0 -21 11 4 352 93 N N N N -847 -235 -36 134 134
1 39998 225 101 -1 1 0 0 0 0 -43 32 9 253 82 N N N N -1525 -420 -63 241 241
1 40000 237 70 0 -2 0 0 0 0 -27 25 5 46 20 N N N N -1062 -289 -22 165 165
1 40000 214 60 0 2 0 0 0 0 -20 25 5 58 15 N N N N -424 -116 -11 66 66
1 40001 244 47 4 0 0 0 0 0 -14 21 3 52 15 N N N N -277 -76 -11 44 44
1 43528 277 -169 -6 123 -11 1396 -1 -2 59 -36 33 56 11 N N N N -173 -48 -11 29 29
1 41295 272 -248 0 -123 0 -1402 -1 2 113 -97 -68 327 90 N N N N -49 -17 -30 13 13
1 40000 240 -177 -3 1 0 0 0 0 94 -15 -21 241 73 N N N N 455 116 -47 -61 -61
1 40000 253 -69 2 -1 0 0 0 0 37 2 -9 296 90 N N N N 1621 427 -60 -232 -232
1 40001 256 -90 -2 -3 0 0 0 0 48 10 -11 20 13 N N N N 1411 375 -25 -205 -205
1 40000 254 -71 2 2 0 0 0 0 36 11 -8 -1 1 N N N N 500 133 -5 -73 -73
1 39999 266 -65 -1 -2 0 0 0 0 32 15 -8 19 2 N N N N 106 28 -2 -15 -15
1 40000 262 -87 1 3 0 0 0 0 39 25 -9 207 55 N N N N 63 14 -16 -6 -6
1 40000 255 -43 1 -2 0 0 0 0 18 15 -3 291 83 N N N N 1120 293 -46 -154 -155
1 45118 321 199 -6 -120 0 -1382 0 -2 -91 -61 -40 273 78 N N N N 1614 423 -53 -223 -222
1 39999 257 300 -1 -3 0 0 0 0 -158 -27 33 184 58 N N N N 708 181 -45 -92 -92
1 40001 275 245 -1 3 0 0 0 0 -123 37 36 138 43 N N N N 386 98 -28 -49 -49
1 45941 314 145 -1 121 -8 1392 -1 2 -59 67 69 70 26 N N N N 937 246 -21 -129 -129
1 40001 269 -107 2 1 0 0 0 0 43 -36 -9 89 24 N N N N 390 102 -12 -52 -52
1 39999 269 -117 1 0 0 0 0 0 54 -31 -12 42 14 N N N N 188 47 -14 -23 -23
1 40000 280 -96 0 0 0 0 0 0 48 -17 -11 20 6 N N N N 154 40 -6 -21 -21
1 40001 266 -92 -1 0 0 0 0 0 49 -9 -11 67 15 N N N N 22 4 -10 0 0
1 39999 267 23 0 -2 0 0 0 0 -12 2 3 85 23 N N N N 216 56 -10 -29 -29
1 40000 254 64 0 4 0 0 0 0 -34 7 7 112 32 N N N N 235 59 -18 -29 -29
1 40000 254 50 2 -4 0 0 0 0 -26 7 6 345 93 N N N N 383 93 -44 -43 -43
1 40000 246 76 -2 2 0 0 -1 0 -37 15 9 412 118 N N N N 622 153 -65 -71 -71
1 40001 242 55 -2 0 0 0 0 0 -26 14 5 109 43 N N N N 215 47 -45 -20 -20
1 39999 247 -57 4 0 0 0 0 0 26 -14 -6 87 28 N N N N -110 -33 -19 20 20
1 40001 237 1 -1 -3 0 0 0 0 1 1 0 158 44 N N N N -62 -21 -25 15 15
1 40000 248 9 0 1 0 0 0 0 -5 1 1 106 33 N N N N -83 -26 -20 16 16
1 39999 236 -69 -2 2 0 0 0 0 34 -14 -7 203 55 N N N N 416 103 -29 -51 -51
1 40000 250 -9 3 0 0 0 0 0 4 -2 -1 213 65 N N N N 612 155 -37 -75 -75
1 40001 242 14 0 -2 0 0 0 0 -7 2 1 117 35 N N N N 562 143 -28 -71 -71
1 39999 245 25 1 4 0 0 0 0 -13 6 3 102 29 N N N N 21 1 -22 3 3
1 40000 242 104 -2 -2 0 0 0 0 -48 26 11 97 29 N N N N 217 53 -20 -25 -25
1 40000 242 121 0 1 0 0 0 0 -49 41 11 167 45 N N N N -90 -28 -21 17 17
1 40001 247 9 1 -2 0 0 0 0 -4 2 1 208 61 N N N N 1255 323 -37 -161 -161
1 39999 236 -93 1 1 0 0 0 0 37 -32 -8 111 33 N N N N 846 217 -27 -107 -107
1 40000 253 -155 -3 -1 0 0 0 0 72 -41 -16 132 41 N N N N 386 95 -26 -46 -46
1 40000 236 -108 2 0 0 0 0 0 55 -16 -13 148 40 N N N N 698 179 -24 -87 -87
1 40000 223 -55 -1 3 0 0 0 0 29 -4 -7 237 69 N N N N 1037 263 -36 -128 -128
1 44177 273 149 -7 -126 0 -1387 -1 -2 -77 1 -44 382 97 N N N N 1957 503 -47 -245 -245
1 41079 256 217 1 121 -8 1388 0 2 -97 76 85 50 30 N N N N 2671 689 -43 -334 -334
1 40802 250 36 2 1 0 0 0 0 -14 13 3 39 14 N N N N 1396 364 -9 -175 -175
1 40000 250 -91 -1 1 0 0 0 0 36 -31 -8 90 25 N N N N 1137 294 -14 -140 -140
1 40000 234 -100 1 2 0 0 0 0 45 -28 -10 92 24 N N N N 974 250 -16 -118 -118
1 40000 247 -42 -3 0 0 0 0 0 21 -9 -5 123 37 N N N N 701 178 -20 -82 -82
1 40000 242 30 2 -2 0 0 0 0 -15 6 3 92 26 N N N N 1176 303 -16 -141 -141
1 39999 246 62 2 -1 0 0 0 0 -29 16 7 106 31 N N N N 811 206 -19 -95 -95
1 40001 218 34 -4 3 0 0 0 0 -15 10 4 54 14 N N N N 544 137 -16 -62 -62
1 40000 224 -2 3 0 0 0 0 0 0 -1 -1 352 94 N N N N 751 184 -40 -80 -80
1 40000 196 -67 23 0 34 0 -1 0 26 -18 -12 188 58 N N N N 1311 328 -43 -146 -146
1 40001 179 -94 1 -1 0 0 0 0 47 -20 -8 154 47 N N N N 961 241 -32 -106 -106
1 39999 174 -77 1 2 0 0 0 0 39 -11 -8 168 47 N N N N 906 226 -28 -100 -100
1 40001 160 -38 0 -2 0 0 0 0 21 -3 -4 63 25 N N N N 323 77 -22 -32 -32
1 39999 182 -54 -2 2 0 0 0 0 29 -3 -6 35 11 N N N N 523 133 -9 -59 -59
1 40000 180 11 2 -4 0 0 0 0 -6 0 1 68 16 N N N N 400 101 -8 -45 -45
1 40001 177 37 -2 6 0 0 0 0 -20 2 4 67 20 N N N N -89 -28 -15 15 15
1 40000 173 -18 1 -8 0 0 0 0 10 -1 -2 58 15 N N N N 909 233 -11 -104 -104
1 44294 215 177 -3 -116 0 -1396 0 -2 -93 7 -42 170 40 N N N N 582 144 -19 -62 -62
1 42530 188 274 -4 118 -6 1391 -1 2 -116 100 83 208 59 N N N N -9 -14 -32 11 11
1 39999 194 26 2 2 0 0 0 0 -9 11 2 160 49 N N N N -60 -26 -31 17 17
1 40000 182 -69 0 -1 0 0 0 0 24 -28 -5 88 31 N N N N 590 144 -25 -61 -61
1 40001 188 -86 -1 1 0 0 0 0 35 -29 -6 47 15 N N N N 713 181 -12 -79 -79
1 39999 203 -72 1 0 0 0 0 0 32 -21 -6 60 15 N N N N 400 101 -8 -44 -44
1 40000 193 -19 -1 0 0 0 0 0 9 -5 -2 196 52 N N N N 369 86 -24 -35 -35
1 40000 199 10 3 0 0 0 0 0 -5 3 1 60 21 N N N N 293 68 -22 -27 -27
1 40001 183 28 -2 -1 0 0 0 0 -13 7 2 29 8 N N N N 724 184 -8 -81 -81
1 40001 200 67 1 3 0 0 0 0 -30 20 6 114 31 N N N N 514 128 -14 -54 -54
1 39998 211 74 2 -1 0 -1 -1 0 -29 27 5 107 27 N N N N 516 127 -18 -53 -53
1 40000 195 88 -1 -1 0 0 0 0 -30 35 6 166 47 N N N N 531 127 -26 -52 -52
1 40000 190 -8 1 -2 0 0 0 0 3 -4 0 47 15 N N N N 383 93 -16 -38 -38
1 40000 226 -81 -2 2 0 0 0 0 28 -32 -5 49 16 N N N N 323 80 -9 -34 -34
1 40001 211 -94 -1 0 0 0 0 0 38 -32 -8 40 10 N N N N 152 35 -11 -13 -13
1 39999 214 -69 0 -1 0 0 0 0 31 -20 -6 28 9 N N N N 226 56 -5 -24 -24
1 40000 232 -81 1 -1 0 0 0 0 39 -19 -8 69 16 N N N N 58 12 -8 -4 -4
1 40001 179 -36 0 2 0 0 0 0 18 -6 -3 105 26 N N N N 175 39 -16 -14 -14
1 39999 246 -27 0 0 0 0 -1 0 14 -4 -4 148 40 N N N N 206 45 -20 -17 -17
1 40000 220 -115 -2 -1 0 0 0 0 62 -10 -12 93 29 N N N N 727 177 -27 -72 -72
1 40002 227 -125 -2 1 0 0 0 0 68 2 -13 160 41 N N N N 722 178 -22 -73 -73
1 39998 222 -98 2 -1 0 0 0 0 51 12 -12 64 21 N N N N 444 107 -16 -44 -44
1 40000 240 -32 1 0 0 0 0 0 16 6 -3 105 27 N N N N 338 80 -15 -33 -33
1 40000 235 -16 1 2 0 0 0 0 8 3 -1 7 4 N N N N 219 52 -10 -20 -20
1 40000 240 -21 1 1 0 0 0 0 11 4 -2 10 4 N N N N 31 8 -2 -3 -3
1 40002 246 21 0 -2 0 0 0 0 -11 -4 2 51 10 N N N N -43 -14 -6 6 6
1 44233 287 199 -4 -120 0 -1382 -1 -2 -105 -34 -44 54 12 N N N N -64 -21 -13 12 12
1 40292 265 245 3 -4 0 0 0 0 -130 15 30 -1 0 N N N N -297 -78 -4 35 35
1 41135 255 233 -8 123 -9 1384 0 2 -103 81 84 1 -3 N N N N -210 -55 -1 23 23
1 40811 261 64 4 2 0 0 0 0 -24 25 4 8 2 N N N N -166 -41 1 18 18
1 39998 246 12 -1 1 0 0 0 0 -4 5 1 25 5 N N N N -34 -10 -2 5 5
1 40000 259 38 1 0 0 0 0 0 -12 16 2 124 30 N N N N 136 28 -14 -11 -11
1 40001 256 -63 -2 -2 0 0 0 0 21 -27 -3 123 33 N N N N 319 77 -17 -29 -29
1 39999 259 -86 -1 -3 0 0 0 0 33 -32 -6 46 15 N N N N 319 74 -17 -30 -30
1 40000 248 -81 2 4 0 0 0 0 34 -25 -8 45 11 N N N N 641 162 -8 -68 -68
1 40000 239 -100 0 -1 0 0 0 0 48 -24 -10 89 23 N N N N 1196 301 -14 -126 -126
1 39999 241 -58 -3 -2 0 0 0 0 30 -11 -6 141 35 N N N N 1471 371 -15 -155 -155
1 40002 262 58 3 -1 0 0 -1 0 -30 10 6 97 33 N N N N 272 59 -26 -20 -20
1 39999 250 12 2 5 0 0 0 0 -7 3 1 31 7 N N N N -453 -120 -8 52 52
1 40000 254 -12 -5 -7 0 0 0 0 8 -3 -1 191 41 N N N N -1165 -302 -9 129 129
1 40001 247 10 2 4 0 0 0 0 -6 3 1 176 54 N N N N -1830 -488 -41 215 215
1 39999 245 3 3 3 0 0 0 0 -2 1 1 201 54 N N N N -884 -240 -37 110 110
1 40000 239 -11 -2 -4 0 0 0 0 6 -3 -2 90 28 N N N N -1530 -400 -22 178 178
1 40000 233 -72 -1 -1 0 0 0 0 37 -13 -7 135 33 N N N N -1322 -344 -16 153 153
1 40001 240 -87 2 3 0 0 0 0 45 -9 -10 123 33 N N N N -3285 -849 -26 380 380
1 44056 278 102 -4 -120 0 -1392 0 -2 -54 -4 -51 163 43 N N N N -3386 -875 -27 399 399
1 40805 233 229 -1 29 -1 205 1 -1 -107 56 47 149 41 N N N N -2727 -705 -27 328 328
1 39489 241 82 0 89 -6 1184 -1 3 -30 47 44 44 16 N N N N -1142 -296 -16 140 140
1 40000 241 -57 -2 1 0 0 0 0 21 -22 -4 154 40 N N N N -620 -163 -17 78 78
1 40001 228 -40 0 1 0 0 0 0 16 -13 -3 66 24 N N N N 349 82 -20 -35 -35
1 39999 230 -18 1 -2 0 0 0 0 8 -6 -2 85 18 N N N N 878 220 -13 -100 -100
1 40000 239 0 0 2 0 0 0 0 0 0 0 124 33 N N N N 639 158 -15 -71 -71
1 40000 231 -30 0 0 0 0 0 0 13 -9 -2 88 24 N N N N 292 68 -20 -29 -29
1 40000 225 -92 -1 0 0 0 0 0 43 -24 -9 55 16 N N N N 117 25 -13 -9 -9
1 40000 242 -91 1 1 0 0 0 0 46 -16 -10 184 47 N N N N 164 35 -19 -14 -14
1 44823 277 159 -3 -123 0 -1380 -1 -2 -78 15 -39 86 27 N N N N 1215 300 -28 -133 -133
1 42060 242 207 1 121 -9 1372 0 2 -82 90 73 31 10 N N N N 877 220 -8 -99 -99
1 40002 229 75 -2 -2 0 0 0 0 -22 32 5 145 34 N N N N 108 24 -9 -10 -10
1 39999 252 42 0 1 0 0 0 0 -10 20 3 156 43 N N N N 493 115 -30 -47 -47
1 40000 243 -9 1 1 0 0 0 0 2 -4 -1 124 39 N N N N 2200 549 -26 -244 -244
1 39998 236 -71 0 1 0 0 0 0 19 -32 -4 45 15 N N N N 1964 493 -13 -217 -217
1 40002 256 1 -1 0 0 0 0 0 -1 0 0 113 28 N N N N 1580 395 -15 -172 -172
1 40000 246 43 -2 -1 0 0 0 0 -12 19 2 48 14 N N N N 2015 504 -15 -218 -218
1 39998 250 20 1 -2 0 0 0 0 -5 9 1 9 3 N N N N 1451 366 -5 -158 -158
1 44415 283 -162 -6 125 -9 1415 -1 -2 53 -35 33 63 14 N N N N 1228 308 -8 -131 -131
1 40057 248 -250 30 -117 42 -1411 -1 2 104 -105 -69 85 22 N N N N 1222 303 -16 -126 -126
1 40000 208 -22 3 -7 0 0 0 0 12 -4 -2 251 63 N N N N 1584 390 -25 -162 -162
1 39999 205 34 -4 3 0 0 0 0 -17 7 3 45 21 N N N N 1082 262 -24 -106 -106
1 40002 195 -60 3 -1 0 0 0 0 30 -11 -6 42 11 N N N N 384 93 -10 -37 -37
1 39998 207 -64 -2 1 0 0 0 0 34 -8 -6 89 19 N N N N 270 65 -7 -26 -26
1 40002 202 -30 2 2 0 0 0 0 16 -2 -3 127 37 N N N N 813 196 -23 -78 -78
1 40000 202 -33 -2 -2 0 0 0 0 18 -2 -3 55 17 N N N N 1092 269 -15 -109 -109
1 39999 196 -76 3 1 0 0 0 0 41 0 -8 48 15 N N N N 460 111 -10 -44 -44
1 39999 201 -58 -2 0 0 0 0 0 32 4 -6 26 6 N N N N 151 35 -6 -14 -14
1 46589 247 149 -5 -124 0 -1382 0 -2 -81 -15 -50 40 6 N N N N 250 60 -7 -23 -23
1 40000 204 254 3 -1 0 0 0 0 -130 35 32 23 6 N N N N 228 55 -5 -22 -22
1 42058 192 195 -2 124 -5 1392 0 2 -80 83 71 96 23 N N N N 232 54 -9 -21 -21
1 39999 211 19 1 0 0 0 0 0 -6 8 2 124 33 N N N N 419 97 -19 -36 -36
1 40001 195 -62 -1 1 0 0 0 0 22 -24 -4 125 34 N N N N 610 146 -17 -57 -57
1 40002 187 -46 0 -2 0 0 0 0 18 -17 -3 87 26 N N N N 679 160 -25 -61 -61
1 39997 186 -32 0 0 0 0 0 0 13 -11 -2 16 6 N N N N 531 130 -7 -52 -52
1 40001 190 -28 -1 1 0 0 0 0 12 -9 -3 42 10 N N N N 255 62 -5 -24 -24
1 40000 171 -31 1 0 0 0 0 0 15 -8 -2 32 7 N N N N 222 53 -6 -20 -20
1 39999 185 -26 -3 -3 0 0 0 0 12 -8 -2 33 10 N N N N 272 64 -7 -25 -25
1 40002 183 3 4 3 0 0 -1 0 -2 2 0 48 11 N N N N 321 78 -7 -31 -31
1 40001 177 24 -4 -2 0 0 0 0 -11 5 1 138 33 N N N N 241 55 -13 -19 -19
1 39997 185 -64 3 0 0 0 0 0 30 -16 -5 102 28 N N N N 889 213 -21 -83 -83
1 40000 184 -60 0 2 0 0 0 0 30 -11 -6 24 10 N N N N 398 94 -12 -35 -35
1 40000 181 -58 1 -2 0 0 0 0 30 -10 -5 24 6 N N N N 141 33 -4 -13 -13
1 40004 191 -60 0 2 0 0 0 0 32 -6 -6 11 3 N N N N 112 26 -5 -9 -9
1 39997 171 -51 -2 0 0 0 0 0 28 -2 -6 7 1 N N N N 68 17 -1 -7 -7
1 40001 188 -60 1 0 0 0 0 0 32 0 -7 4 0 N N N N 80 19 -2 -7 -7
1 44235 266 104 -46 -123 -64 -1389 -1 -2 -49 -11 -51 6 -2 N N N N 37 9 0 -4 -4
1 40001 265 206 -3 -2 0 0 0 0 -104 26 33 216 40 N N N N 16 2 -4 0 0
1 40000 246 197 29 120 32 1378 1 2 -88 82 70 97 40 N N N N -206 -72 -40 36 36
1 40002 204 46 -1 -1 0 0 0 0 -16 18 3 19 7 N N N N -618 -159 -9 65 65
1 39998 206 -11 2 4 0 0 0 0 3 -4 0 14 5 N N N N -588 -150 -5 61 61
1 40001 226 -65 -1 -2 0 0 0 0 23 -26 -5 48 9 N N N N -403 -104 -5 43 43
1 39999 232 -102 1 2 0 0 0 0 43 -33 -9 171 41 N N N N -189 -56 -18 26 26
1 39999 223 -88 1 -2 0 0 0 0 41 -23 -9 65 20 N N N N -536 -143 -19 61 61
1 40000 224 4 0 4 0 0 0 0 -3 1 1 80 22 N N N N -424 -112 -10 47 47
1 40000 223 50 -2 -4 0 0 0 0 -23 12 4 44 12 N N N N -289 -78 -14 35 35
1 40000 234 -9 4 1 0 0 0 0 4 -2 -1 5 1 N N N N -253 -65 -3 27 27
1 40000 231 -14 -2 -2 0 0 -1 0 7 -4 -1 31 5 N N N N -271 -70 -5 29 29
1 40000 230 -4 -1 0 0 0 0 0 2 -1 0 12 5 N N N N -283 -73 -3 30 30
1 40001 228 7 -3 2 0 0 0 0 -3 2 0 24 2 N N N N -239 -61 -3 26 26
1 39999 236 -25 3 -2 0 0 0 0 11 -7 -2 16 2 N N N N -379 -97 -4 40 40
1 40000 233 -97 0 0 0 0 0 0 49 -18 -11 43 9 N N N N -359 -92 -5 39 39
1 40000 223 -86 -1 1 0 0 0 0 45 -10 -10 290 68 N N N N -1028 -268 -23 114 114
1 40000 228 0 1 1 0 0 0 0 0 0 0 38 20 N N N N 347 73 -31 -25 -25
1 40000 224 -16 2 0 0 0 0 0 8 -1 -2 7 2 N N N N 173 41 -5 -16 -16
1 45353 277 143 -8 -119 0 -1373 0 -2 -74 2 -43 43 9 N N N N -140 -37 -5 16 16
1 42174 237 247 -1 116 -6 1375 -1 2 -108 86 86 82 18 N N N N -118 -35 -10 16 16
1 40000 228 48 2 3 0 0 0 0 -18 19 4 78 22 N N N N 52 8 -13 -1 -1
1 40000 248 7 0 -1 0 0 0 0 -3 2 0 158 41 N N N N 27 -5 -24 6 6
1 40000 255 -27 -1 0 0 0 0 0 10 -10 -2 15 6 N N N N -384 -100 -10 44 44
1 40001 249 -60 0 1 0 0 0 0 23 -22 -4 209 49 N N N N 198 41 -18 -14 -14
1 39999 228 -77 2 2 0 0 0 0 31 -25 -8 102 31 N N N N -249 -76 -30 36 36
1 40000 244 -91 -1 -2 0 0 0 0 43 -24 -9 106 27 N N N N -878 -225 -14 96 96
1 40000 248 -6 1 2 0 0 0 0 2 -2 -1 33 10 N N N N -684 -175 -11 74 74
1 40001 250 91 0 -3 0 0 0 0 -42 24 9 175 42 N N N N -261 -74 -20 34 34
1 39999 254 51 -1 2 0 0 -1 0 -22 16 5 43 15 N N N N -129 -40 -18 20 20
1 40000 248 40 -3 -1 0 0 0 0 -15 14 4 27 7 N N N N -170 -45 -6 20 20
1 40000 239 36 5 1 0 0 0 0 -15 13 3 120 27 N N N N -243 -66 -14 30 30
1 40000 259 11 -2 -1 0 0 0 0 -3 4 1 50 16 N N N N 68 11 -12 -3 -3
1 40001 263 80 1 3 0 0 0 0 -27 34 5 72 19 N N N N 282 64 -14 -24 -24
1 40000 242 85 1 -2 0 0 0 0 -22 38 5 31 7 N N N N 400 96 -8 -39 -39
1 40000 256 57 1 -1 0 0 0 0 -13 27 2 2 0 N N N N -195 -50 -2 21 21
1 39999 240 45 -1 -2 0 0 0 0 -7 22 2 8 1 N N N N -237 -59 -2 25 25
1 45295 309 -117 -5 130 -10 1403 0 -2 24 -22 23 96 17 N N N N -1052 -266 -9 113 113
1 40535 247 -316 -1 -33 -2 -204 4 -1 115 -130 -10 76 17 N N N N -1389 -350 -14 150 150
1 39467 254 -151 -2 -93 2 -1200 -4 3 73 -56 -58 123 35 N N N N 373 84 -19 -32 -32
1 39998 256 0 -1 1 0 0 0 0 0 0 0 48 15 N N N N 1115 271 -12 -113 -113
1 40001 254 1 1 -4 0 0 0 0 0 1 0 27 6 N N N N 893 219 -5 -90 -90
1 39999 241 27 3 1 0 0 0 0 -15 3 3 48 11 N N N N 377 91 -7 -37 -37
1 40000 261 14 -1 3 0 0 0 0 -7 3 2 119 30 N N N N 124 25 -12 -9 -9
1 40000 252 -41 1 -1 0 0 0 0 21 -7 -5 52 14 N N N N 676 161 -15 -64 -64
1 40000 248 -41 -1 3 0 0 0 0 21 -5 -5 47 14 N N N N 1243 304 -10 -124 -124
1 40000 254 -45 0 -7 0 0 0 0 25 -4 -6 17 3 N N N N 1120 274 -6 -112 -112
1 45295 300 128 -6 -119 0 -1388 0 -2 -67 0 -46 76 15 N N N N 140 32 -7 -12 -12
1 40537 264 200 -4 49 -1 205 0 0 -91 55 53 90 23 N N N N 67 10 -14 -1 -1
1 39463 269 65 5 74 -8 1178 0 2 -25 38 38 39 11 N N N N 1219 296 -12 -119 -119
1 39999 265 49 -1 0 0 0 0 0 -17 19 4 41 11 N N N N 1053 258 -6 -104 -104
1 40000 270 10 -1 0 0 0 0 0 -3 5 1 88 20 N N N N 668 160 -9 -63 -63
1 38787 161 14 198 -47 191 -439 -111 -4 -34 4 -59 26 8 N N N N 201 44 -13 -16 -16
1 39935 73 57 11 3 -6 -1 -177 0 -15 26 6 -9 3 N N N N 10 1 -3 0 0
1 40036 37 30 8 3 1 0 -173 0 -7 15 8 24 -1 N N N N -75 -19 0 8 8
1 48347 -144 -26 244 12 342 -1 -170 0 -14 -5 -110 -9 2 N N N N -186 -48 -4 20 20
1 31686 -173 -82 7 3 0 0 -136 0 22 -35 2 -40 -5 N N N N 33 10 4 -5 -5
1 39942 -316 -61 16 -11 1 0 -171 0 16 -21 5 -84 -22 N N N N 210 59 14 -26 -26
1 40014 -369 -38 -55 2 -2 0 -171 0 18 -20 8 -65 -17 N N N N -37 -2 13 -1 -1
1 41254 -426 20 -91 10 1 -1 -60 4 1 -1 1 -126 -32 N N N N -1501 -364 17 144 144
1 40001 -440 21 1 0 0 0 0 0 -8 8 -2 -71 -17 N N N N -931 -223 15 89 89
1 40000 -433 42 -1 -1 0 0 0 0 -14 17 -5 -84 -20 N N N N -688 -165 13 64 64
1 40001 -451 31 1 -1 0 0 0 0 -10 13 -2 -157 -40 N N N N -1870 -452 23 183 183
1 39998 -424 2 0 1 0 0 0 0 -1 0 -1 -59 -15 N N N N -676 -162 13 65 65
1 40000 -446 61 -2 2 0 0 0 0 -17 27 -4 -204 -52 N N N N -1135 -271 25 108 108
1 40000 -442 69 1 0 0 0 0 0 -17 32 -4 -121 -30 N N N N -1807 -436 28 179 179
1 40000 -432 -34 -6 -4 0 0 0 0 9 -16 2 -12 -2 N N N N 1494 373 5 -158 -158
1 45329 -462 -405 -18 -104 -23 -1184 -5 -3 152 -143 -3 -76 -17 N N N N 897 226 7 -95 -95
1 39438 -295 -128 -24 105 -41 1207 -2 3 68 -20 71 -186 -44 N N N N -477 -109 20 42 42
1 39999 -308 -84 1 3 0 0 0 0 46 -5 10 -35 -13 N N N N -488 -113 21 44 44
1 39999 -300 -100 1 -6 0 0 0 0 53 3 13 -63 -13 N N N N 25 10 8 -6 -6
1 40001 -298 -94 -2 2 0 0 0 0 50 11 12 -163 -43 N N N N 177 55 24 -27 -27
1 40000 -281 -45 2 -2 0 0 0 0 23 8 5 -132 -35 N N N N 32 17 21 -10 -10
1 39999 -294 -67 0 3 0 0 0 0 33 16 8 -146 -37 N N N N 679 178 20 -78 -78
1 40000 -287 -69 0 1 0 0 0 0 32 19 8 -179 -51 N N N N 1254 330 38 -144 -144
1 40000 -300 -16 -1 -1 0 0 0 0 7 5 2 -82 -19 N N N N -48 -8 8 3 3
1 40001 -302 136 4 129 0 1374 -23 -2 -64 -7 45 -181 -49 N N N N 360 104 32 -49 -49
1 40000 -319 372 -1 -1 0 0 0 0 -197 -28 -44 -100 -27 N N N N -227 -47 22 16 16
1 43999 -343 444 -2 -121 0 -1395 0 2 -190 115 -100 -16 -3 N N N N 224 60 8 -26 -26
1 40001 -277 97 -3 -1 0 0 0 0 -23 45 -4 -3 1 N N N N 258 65 1 -27 -27
1 40001 -288 25 0 0 0 0 0 0 -5 12 -2 -46 -11 N N N N 290 73 2 -31 -31
1 39938 -281 74 -1 -1 0 0 0 0 -11 37 -1 -299 -77 N N N N -976 -225 42 86 86
1 40061 -296 31 0 1 0 0 0 0 -3 16 0 -31 -10 N N N N 524 138 16 -60 -60
1 39999 -270 -41 -1 -2 0 0 0 0 4 -21 0 -23 -6 N N N N 712 182 6 -76 -76
1 39940 -293 -50 2 -2 0 0 0 0 7 -25 2 -11 1 N N N N 413 104 3 -43 -43
1 40062 -273 -49 -1 6 0 0 0 0 10 -24 1 -33 -8 N N N N 264 68 4 -29 -29
1 39998 -283 -32 2 -1 0 0 0 0 7 -15 2 -12 -1 N N N N 326 84 4 -35 -35
1 36472 -267 -120 -11 -128 0 -1401 -58 -2 35 -52 -31 -92 -21 N N N N 330 88 11 -37 -37
1 74999 -536 -364 3 125 0 1403 -49 2 162 -104 71 -226 -58 N N N N 661 177 25 -77 -77
1 40001 -280 50 -1 1 0 0 0 0 -26 8 -5 -72 -20 N N N N 713 191 26 -82 -82
1 39998 -293 -10 -1 -3 0 0 0 0 5 -2 1 -29 -7 N N N N 365 95 7 -40 -40
1 40001 -286 -67 1 2 0 0 0 0 35 -9 8 -25 -5 N N N N 359 92 5 -38 -38
1 40001 -304 -72 0 2 0 0 0 0 39 -6 8 -48 -9 N N N N 584 150 6 -61 -61
1 39999 -280 -69 1 -1 0 0 0 0 37 -1 8 -276 -76 N N N N 737 206 42 -91 -91
1 39999 -297 -26 -3 -1 0 0 0 0 15 0 3 -1 -1 N N N N 360 94 8 -39 -39
1 40001 -279 -22 4 1 0 0 0 0 11 2 3 -3 2 N N N N 128 33 1 -13 -13
1 40883 -307 178 3 122 0 1387 -32 -2 -96 23 41 0 1 N N N N 51 13 2 -6 -6
1 39089 -319 441 71 -119 -1 -1397 -16 -2 -198 111 -100 -27 -4 N N N N 114 30 2 -12 -12
1 41263 -276 129 -77 -2 1 -1 -17 4 -29 53 -4 -131 -31 N N N N -88 -17 10 5 5
1 39998 -293 -29 -3 4 0 0 0 0 6 -14 1 -155 -42 N N N N -511 -113 32 40 40
1 40000 -296 23 1 -3 0 0 0 0 -5 11 -1 -60 -18 N N N N -666 -160 14 62 62
1 40002 -286 23 1 2 0 0 0 0 -4 11 -1 -82 -21 N N N N -618 -150 13 58 58
1 40000 -314 -6 0 0 0 0 0 0 0 -3 1 -16 -3 N N N N -340 -82 7 32 32
1 39998 -284 13 -1 0 0 0 0 0 -2 6 -1 -60 -14 N N N N -158 -37 5 14 14
1 40000 -313 10 1 -1 0 0 0 0 -2 5 0 -156 -41 N N N N -496 -113 26 41 41
1 40000 -292 -21 -2 -2 0 0 0 0 4 -10 1 -132 -35 N N N N -518 -121 20 46 46
1 43941 -313 -397 -6 -125 0 -1389 0 -2 136 -157 -31 -164 -44 N N N N -955 -226 30 87 87
1 40295 -290 -278 5 125 0 1400 -15 2 144 -38 85 -22 -6 N N N N -554 -136 9 54 54
1 40000 -300 -40 1 1 0 0 0 0 22 0 4 -34 -8 N N N N -164 -39 4 15 15
1 40000 -295 12 -3 0 0 0 0 0 -6 0 -1 -88 -23 N N N N -172 -37 14 13 13
1 40000 -294 -26 0 -1 0 0 0 0 14 0 3 -65 -16 N N N N -344 -81 11 31 31
1 40000 -302 -70 1 2 0 0 0 0 38 5 8 -219 -55 N N N N -619 -149 17 59 59
1 40000 -309 -15 -1 -2 0 0 0 0 8 2 1 -294 -84 N N N N -1255 -288 64 108 108
1 40000 -294 0 0 0 0 0 0 0 0 -1 1 -51 -17 N N N N -1413 -351 14 144 144
1 40001 -307 -26 -1 0 0 0 0 0 14 3 3 -13 -3 N N N N -1692 -425 9 177 177
1 45824 -372 337 7 123 0 1393 0 -2 -181 25 21 -85 -22 N N N N -2015 -505 11 213 213
1 41238 -326 387 -4 -119 0 -1395 -1 2 -161 107 -87 -88 -22 N N N N -2364 -593 14 252 252
1 39998 -306 75 0 1 0 0 0 0 -20 34 -4 -77 -21 N N N N -1125 -279 14 119 119
1 39999 -311 34 0 -3 0 0 0 0 -6 17 -2 -58 -15 N N N N -960 -240 10 103 103
1 40001 -320 -24 -3 1 0 0 0 0 5 -12 2 -337 -89 N N N N -2449 -609 33 263 263
1 39999 -320 -49 4 0 0 0 0 0 11 -23 1 -60 -21 N N N N -2589 -643 36 282 282
1 40000 -313 -46 -2 -3 0 0 0 0 13 -20 3 -37 -9 N N N N -847 -214 5 95 95
1 40001 -319 -34 0 6 0 0 0 0 10 -15 2 -348 -92 N N N N -611 -142 36 59 59
1 39999 -327 -15 1 -2 0 0 0 0 5 -6 1 -150 -45 N N N N -1620 -397 44 174 174
1 40001 -316 26 0 -4 0 0 -1 0 -9 10 -2 -83 -24 N N N N -705 -173 20 77 77
1 39999 -331 -13 -2 4 0 0 0 0 5 -5 1 -64 -16 N N N N -172 -40 12 16 16
1 40001 -321 -22 1 0 0 0 0 0 7 -9 2 -214 -56 N N N N 110 37 28 -21 -21
1 39999 -335 -5 -1 -1 0 0 0 0 2 -2 0 -127 -35 N N N N 861 229 28 -110 -110
1 40002 -324 22 -3 -1 0 0 0 0 -7 9 -2 -97 -27 N N N N 49 18 15 -10 -10
1 39998 -321 15 5 1 0 0 0 0 -5 7 0 -70 -18 N N N N -496 -122 13 54 54
1 40000 -333 22 0 2 0 0 0 0 -7 9 -2 -297 -75 N N N N 3247 842 40 -389 -389
1 40001 -319 11 0 -2 0 0 0 0 -3 5 0 -257 -72 N N N N 4546 1180 46 -532 -532
1 43231 -354 -338 -7 -104 -1 -1202 1 -3 137 -117 -23 -331 -91 N N N N 2049 550 65 -251 -251
1 39886 -304 -141 1 103 1 1198 -1 3 73 -19 62 -26 -11 N N N N 2216 572 13 -250 -250
1 39999 -307 -66 3 0 0 0 0 0 36 -3 7 -42 -10 N N N N 1668 431 6 -184 -184
1 40000 -310 -79 -1 0 0 0 0 0 43 0 9 -144 -38 N N N N 918 244 20 -107 -107
1 40001 -317 -38 2 -2 0 0 0 0 20 2 4 -91 -24 N N N N 731 194 16 -85 -85
1 40001 -320 -21 0 2 0 0 0 0 12 2 2 -99 -28 N N N N -162 -32 21 10 10
1 39999 -295 -37 -1 2 0 0 0 0 20 4 4 -46 -12 N N N N -1340 -340 11 142 142
1 40002 -301 -67 1 -5 0 0 0 0 34 11 8 -41 -10 N N N N -1205 -306 7 129 129
1 39998 -304 -36 -3 2 0 0 0 0 19 8 3 -203 -52 N N N N -591 -143 23 57 57
1 43294 -341 374 8 122 0 1398 0 -2 -200 -2 20 -26 -10 N N N N -831 -204 21 85 85
1 41412 -323 458 -5 -121 0 -1400 0 2 -196 118 -96 -33 -7 N N N N -239 -59 6 24 24
1 39999 -285 -8 -1 2 0 0 0 0 2 -4 0 -46 -12 N N N N 156 42 6 -19 -19
1 40002 -285 -82 -3 -1 0 0 0 0 26 -34 6 -38 -8 N N N N 208 55 7 -25 -25
1 39998 -289 -72 2 0 0 0 0 0 27 -27 4 -21 -6 N N N N 221 61 6 -27 -27
1 40000 -284 -57 -1 0 0 0 0 0 24 -19 5 -8 2 N N N N 163 41 1 -18 -18
1 40002 -269 -40 3 1 0 0 0 0 18 -12 2 -215 -58 N N N N -36 3 26 -5 -5
1 39999 -281 39 -2 -1 0 0 0 0 -18 11 -2 -151 -43 N N N N -297 -65 29 23 23
1 40001 -273 67 1 -2 0 0 0 0 -28 23 -5 -278 -77 N N N N -521 -118 40 44 44
1 39998 -292 60 0 0 0 0 0 0 -22 23 -4 -117 -35 N N N N -1149 -284 32 117 117
1 40001 -281 36 -5 2 0 0 -61 0 -12 14 -1 -45 -15 N N N N -435 -107 12 45 45
1 39999 -267 27 0 0 0 0 0 0 -8 12 -1 -26 -5 N N N N -189 -47 5 20 20
1 40001 -277 41 3 -3 0 0 0 0 -12 18 -2 -57 -14 N N N N -138 -32 9 12 12
1 39999 -275 -36 -5 3 0 0 0 0 11 -16 2 -146 -40 N N N N -302 -69 22 27 27
1 40001 -279 -80 0 1 0 0 0 0 26 -33 5 -135 -35 N N N N -314 -74 20 29 29
1 39999 -265 -65 3 1 0 0 0 0 24 -24 4 -41 -14 N N N N -459 -113 14 47 47
1 40000 -270 -42 -2 1 0 0 0 0 18 -14 3 -186 -49 N N N N -848 -210 23 89 89
1 40000 -266 -24 2 -1 0 0 0 0 11 -7 1 -217 -62 N N N N -979 -238 41 99 99
1 40000 -270 -16 -6 0 0 0 -90 0 7 -5 4 -58 -18 N N N N -591 -148 16 62 62
1 40002 -282 67 0 -1 0 0 0 0 -29 21 -5 -188 -51 N N N N -224 -49 24 18 18
1 39998 -275 32 0 2 0 0 0 0 -13 11 -2 -296 -85 N N N N -1289 -316 49 134 134
1 40000 -279 -12 -2 -2 0 0 0 0 5 -4 1 -177 -52 N N N N 61 30 38 -19 -19
1 40000 -273 7 4 -2 0 0 0 0 -3 3 0 -133 -39 N N N N -124 -23 26 6 6
1 40001 -271 2 -2 5 0 0 0 0 -1 0 0 -76 -22 N N N N -902 -229 17 100 100
1 39999 -279 -10 -2 -2 0 0 0 0 4 -4 0 -153 -41 N N N N -694 -173 22 75 75
1 40001 -303 79 0 1 0 0 0 0 -29 30 -5 -120 -35 N N N N -950 -238 25 104 104
1 40000 -378 119 53 -2 75 -1 -58 0 -38 51 -32 -204 -57 N N N N -507 -124 26 53 53
1 39999 -442 61 3 3 0 0 0 0 -14 29 -4 -419 -117 N N N N -1036 -247 66 103 103
1 40000 -449 -75 0 0 0 0 0 0 18 -35 5 -132 -42 N N N N -1762 -448 38 201 201
1 40000 -461 -41 -2 -1 0 0 0 0 12 -18 3 -232 -67 N N N N -1420 -358 42 161 161
1 40000 -453 128 1 1 0 0 0 0 -32 59 -8 -188 -52 N N N N -963 -242 31 109 109
1 40000 -458 71 3 0 0 0 0 0 -11 35 -4 -208 -59 N N N N -2124 -545 37 253 253
1 40001 -460 32 2 -1 0 0 0 0 -4 16 0 -403 -115 N N N N -1291 -323 53 147 147
1 39999 -481 168 -5 1 0 0 0 0 -3 87 -1 -362 -108 N N N N -4765 -1230 80 589 589
1 42413 -427 -270 -37 -130 -34 -1397 -4 -2 18 -138 1 -476 -135 N N N N -3249 -836 77 408 408
1 42235 -390 -561 17 129 0 1409 -1 2 218 -185 64 -90 -31 N N N N -2473 -643 41 322 322
1 40000 -369 -81 -8 0 0 0 0 0 44 -6 12 -100 -29 N N N N -444 -115 9 59 59
1 40000 -375 7 0 0 0 0 0 0 -4 0 -1 -225 -64 N N N N 484 136 37 -75 -75
1 40001 -392 43 3 -4 0 0 0 0 -24 3 -6 -328 -93 N N N N -210 -45 49 16 16
1 39999 -383 82 -3 4 0 0 0 0 -42 10 -9 -82 -27 N N N N -863 -221 32 110 110
1 40001 -385 -27 0 1 0 0 0 0 14 -4 3 -251 -71 N N N N -800 -204 39 101 101
1 39998 -398 4 2 0 0 0 0 0 -2 1 -1 -102 -30 N N N N -390 -98 24 48 48
1 40000 -389 -21 -3 0 0 0 0 0 11 -3 3 -106 -31 N N N N 19 9 22 -8 -8
1 40001 -388 9 2 -3 0 0 0 0 -5 2 -1 -586 -162 N N N N 236 75 59 -47 -47
1 44112 -454 354 2 17 0 -16 -1 0 -158 98 -31 -246 -80 N N N N -605 -144 83 65 65
1 40828 -392 186 0 -14 0 0 0 0 -51 82 -15 -261 -76 N N N N -423 -104 44 49 49
1 40001 -396 124 -2 0 0 0 0 0 -17 62 -3 -72 -25 N N N N -575 -148 25 74 74
1 39999 -393 107 0 -1 0 0 0 0 -4 55 -1 -71 -19 N N N N -404 -104 16 53 53
1 40000 -389 104 2 1 0 0 0 0 6 54 2 -32 -8 N N N N -301 -79 8 41 41
1 40000 -387 110 -3 0 0 0 0 0 18 54 5 -73 -18 N N N N -300 -79 8 41 41
1 40001 -400 82 2 0 0 0 0 0 20 38 5 -559 -158 N N N N -569 -139 67 65 65
1 39999 -391 68 -2 -2 0 0 0 0 21 29 5 -348 -108 N N N N -2362 -617 82 321 321
1 40001 -395 3 0 0 0 0 0 0 1 1 0 -203 -62 N N N N -676 -174 45 89 89
1 43234 -421 -373 -8 -129 0 -1387 0 -2 -66 -181 -11 -431 -122 N N N N -881 -225 67 115 115
1 39999 -381 -551 1 3 0 0 0 0 126 -246 -30 -372 -114 N N N N -2287 -602 81 322 322
1 43000 -405 -279 0 127 0 1404 0 2 140 -53 82 -114 -38 N N N N -2027 -542 26 301 301
1 39999 -384 -35 3 -1 0 0 0 0 18 -2 4 -50 -14 N N N N -454 -120 14 66 66
1 40001 -380 -9 3 1 0 0 0 0 5 0 1 -150 -41 N N N N -93 -23 17 11 11
1 40002 -406 -81 -2 1 0 0 0 0 44 0 10 -459 -131 N N N N 284 86 72 -56 -56
1 39998 -383 25 2 0 0 0 0 0 -14 -1 -3 -151 -48 N N N N 1494 409 46 -236 -236
1 40000 -405 66 1 -3 0 0 0 0 -36 1 -8 -143 -42 N N N N 1414 386 24 -218 -218
1 40000 -400 43 1 1 0 0 0 0 -23 3 -6 -200 -56 N N N N -239 -60 32 30 30
1 40000 -388 59 -4 1 0 0 0 0 -31 6 -6 -276 -80 N N N N 2730 747 52 -418 -418
1 46224 -467 339 6 8 0 -8 0 0 -153 93 -31 -231 -66 N N N N 3599 982 42 -535 -535
1 40776 -408 171 -4 -7 0 0 0 0 -49 74 -11 -406 -119 N N N N 1670 465 60 -255 -255
1 40000 -375 104 -1 0 0 0 0 0 -18 51 -5 -151 -48 N N N N 2451 676 52 -361 -361
1 40001 -395 55 -3 0 0 0 0 0 -6 28 0 -189 -53 N N N N 2087 574 28 -300 -300
1 39999 -402 60 3 0 0 0 0 0 -3 31 -1 -47 -14 N N N N 5032 1376 26 -697 -697
1 40000 -403 71 -2 0 0 0 0 0 0 37 0 -4 1 N N N N 2351 640 3 -316 -316
1 40001 -400 72 -1 0 0 0 0 0 7 37 2 -19 -3 N N N N 1172 320 2 -156 -156
1 40001 -410 79 4 -2 0 0 0 0 11 39 2 -213 -58 N N N N 4749 1302 30 -627 -627
1 39998 -399 35 -1 2 0 0 0 0 7 17 2 -248 -71 N N N N 2434 677 42 -323 -323
1 44862 -448 -326 -12 -129 0 -1396 0 -2 -21 -167 -10 -353 -103 N N N N -688 -168 58 69 69
1 40534 -407 -587 4 23 0 205 0 -1 188 -231 -5 -486 -139 N N N N -1534 -394 76 172 172
1 39429 -383 -89 5 106 0 1195 0 3 46 -11 59 -200 -66 N N N N 5937 1645 60 -769 -769
1 40001 -393 115 -1 -1 0 0 0 0 -59 20 -12 -196 -59 N N N N 5226 1448 43 -654 -654
1 40000 -402 95 3 -3 0 0 0 0 -45 25 -9 -17 -4 N N N N 4160 1147 13 -499 -499
1 40001 -377 24 -1 1 0 0 0 0 -10 7 -2 -40 -10 N N N N 1851 511 7 -218 -218
1 39999 -384 -7 0 0 0 0 0 0 3 -2 1 -56 -14 N N N N 2034 563 12 -240 -240
1 39999 -364 39 1 -3 0 0 0 0 -17 12 -4 -223 -60 N N N N 3653 1017 30 -426 -426
1 40001 -373 44 1 5 0 0 0 0 -17 16 -3 -209 -60 N N N N 5794 1609 35 -654 -654
1 40000 -379 -12 -1 -2 0 0 0 0 4 -5 1 -34 -13 N N N N 1403 398 24 -161 -161
1 40000 -364 -12 -1 2 0 0 -1 0 5 -4 1 -91 -25 N N N N 727 206 11 -83 -83
1 40001 -369 37 -2 0 0 0 0 0 -14 13 -4 -139 -39 N N N N -277 -64 22 21 21
1 39998 -358 77 2 -5 0 0 0 0 -27 31 -6 -149 -45 N N N N -2065 -555 28 213 213
1 40001 -362 92 -1 6 0 0 0 0 -26 40 -5 -111 -36 N N N N -3456 -940 24 372 372
1 40000 -361 102 0 0 0 0 0 0 -21 49 -4 -83 -23 N N N N -2907 -793 18 319 319
1 40000 -347 85 1 -1 0 0 0 0 -10 43 -2 -75 -23 N N N N -1673 -452 19 184 184
1 40001 -369 110 1 -3 0 0 0 0 -4 57 0 -52 -12 N N N N 480 137 12 -59 -59
1 40015 -337 141 -3 4 0 0 0 0 12 72 3 -164 -40 37 69 41 558 4388 1215 7 -498 -498
1 44219 -397 -403 -8 -127 0 -1399 1 -2 15 -205 -22 -139 -42 N N N N 6094 1706 46 -684 -684
1 41060 -348 -539 14 127 1 1393 0 2 217 -170 68 -71 -21 N N N N 1585 448 18 -177 -177
1 39999 -322 -28 -7 -1 0 0 0 0 15 -3 4 -457 -133 N N N N 304 111 50 -52 -52
1 40000 -334 -24 0 -2 0 0 0 0 13 -2 3 -335 -107 N N N N 114 75 80 -44 -44
1 40000 -353 34 -1 1 0 0 0 0 -18 3 -4 -240 -76 N N N N 189 80 51 -41 -41
1 40001 -333 88 2 2 0 0 0 0 -46 12 -10 -184 -55 N N N N -439 -104 33 34 34
1 39999 -336 57 0 0 0 0 0 0 -29 11 -6 -151 -48 N N N N -452 -104 40 32 32
1 40013 -340 70 1 -1 0 0 0 0 -33 18 -7 -130 -41 38 71 42 558 -322 -80 18 28 28
1 39987 -325 -29 -2 -1 0 0 0 0 14 -8 3 -96 -27 N N N N -203 -43 26 11 11
1 40001 -350 -5 0 1 0 0 0 0 2 -1 0 -37 -11 N N N N -117 -26 12 8 8
1 39997 -337 28 0 1 -1 1 0 0 -13 7 -2 -351 -104 N N N N -377 -79 49 21 21
1 40002 -334 26 -1 -1 0 0 0 0 -12 7 -2 -98 -32 N N N N -1114 -295 29 109 109
1 40000 -349 -23 2 -4 0 0 0 0 10 -6 2 -147 -42 N N N N -1477 -396 31 150 150
1 39999 -354 -22 -3 3 0 0 0 0 11 -6 2 -215 -65 N N N N -798 -204 37 73 73
1 39999 -342 -41 3 -1 0 0 0 0 19 -10 4 -140 -42 N N N N -146 -25 30 5 5
1 40018 -350 -14 0 3 0 0 0 0 7 -3 2 -39 -13 36 71 43 558 36 17 14 -10 -10
1 39982 -365 -24 -2 0 0 0 0 0 12 -5 2 -60 -17 N N N N 145 45 9 -19 -19
1 40002 -336 -64 1 0 0 0 0 0 33 -10 8 -225 -63 N N N N 361 117 31 -53 -53
1 44350 -499 503 67 106 0 1183 -2 -3 -200 162 -51 -217 -70 N N N N 541 172 41 -75 -75
1 39004 -443 180 -61 -104 0 -1181 0 3 -27 91 2 -315 -92 N N N N 149 77 66 -43 -43
1 39998 -359 167 -6 -2 0 0 0 0 3 86 2 -296 -89 N N N N -12 19 45 -16 -16
1 40001 -375 79 0 -1 0 0 0 0 10 40 3 -135 -43 N N N N 302 109 46 -51 -51
1 39999 -369 107 -4 1 0 0 0 0 23 51 6 -111 -37 N N N N 1591 457 18 -182 -182
1 40017 -385 34 5 0 0 0 0 0 9 15 1 -173 -48 39 70 45 557 930 281 36 -116 -116
1 39986 -377 35 -1 1 0 0 0 0 10 15 2 21 9 N N N N 2791 789 5 -303 -303
1 39999 -378 36 1 -1 0 0 0 0 12 15 3 16 9 N N N N 3278 923 -1 -347 -347
1 39998 -380 16 -2 0 0 0 0 0 6 6 1 -154 -39 N N N N 4249 1203 9 -444 -444
1 43178 -398 -332 -9 -128 1 -1401 0 -2 -72 -159 -2 -114 -36 N N N N 761 236 37 -93 -93
1 40000 -355 -578 2 -1 0 0 0 0 110 -263 -41 -52 -15 N N N N -703 -190 13 66 66
1 40706 -345 -345 7 125 0 1401 0 2 168 -68 85 -138 -41 N N N N -615 -163 16 57 57
1 40000 -341 -65 -3 2 0 0 0 0 36 -2 6 -311 -93 N N N N -715 -179 39 57 57
1 40015 -319 131 4 2 0 0 0 0 -71 7 -14 -126 -43 40 72 45 557 40 41 49 -25 -25
1 39986 -322 119 -5 -3 0 0 0 0 -61 19 -13 -80 -25 N N N N 201 67 18 -28 -28
1 39998 -318 123 3 1 0 0 0 0 -58 32 -10 -91 -30 N N N N -338 -85 18 28 28
1 40000 -338 163 0 1 0 0 0 0 -62 59 -13 -112 -31 N N N N -699 -185 20 64 64
1 40000 -344 196 -1 -2 0 0 0 0 -49 89 -10 -138 -40 N N N N 1029 307 26 -118 -118
1 40001 -357 167 -1 1 0 0 0 0 -16 85 -3 -195 -58 N N N N 1159 345 28 -131 -131
1 43705 -379 -339 -6 -126 0 -1400 0 -2 57 -165 -24 -90 -30 N N N N -1073 -285 31 97 97
1 42118 -383 -421 5 122 0 1397 0 2 185 -118 72 -39 -1 N N N N -771 -204 26 70 70
1 40016 -351 -69 1 6 0 0 0 0 37 -6 8 108 50 37 72 41 556 6785 1910 -25 -681 -681
1 39983 -326 -44 0 -3 0 0 0 0 24 -2 4 32 23 N N N N 5710 1613 -11 -557 -557
1 40001 -305 -1 1 0 0 0 0 0 0 0 1 -39 -3 N N N N 4392 1247 2 -421 -421
1 39999 -276 -66 1 0 0 0 0 0 36 2 7 -139 -30 N N N N 2066 604 25 -205 -205
1 40000 -292 -9 0 2 0 0 0 0 5 0 1 -70 -2 N N N N 2542 722 0 -235 -235
1 40002 -296 119 0 -1 0 0 0 0 -65 0 -13 -54 -12 N N N N 2878 838 27 -276 -276
1 39998 -352 67 2 -2 0 0 0 0 -36 6 -8 13 9 N N N N 1878 535 2 -170 -170
1 46528 -447 454 8 9 0 -14 0 0 -195 132 -40 103 51 N N N N 1930 540 -10 -168 -168
1 40843 -396 210 -12 -8 0 0 0 0 -41 100 -6 108 89 39 71 40 556 3344 927 -28 -281 -281
1 39983 -388 198 0 0 0 0 0 0 -3 102 0 -313 -50 N N N N 1234 380 36 -124 -124
1 40001 -391 45 2 -3 0 0 0 0 5 23 0 -526 -135 N N N N -3551 -938 90 269 269
1 40000 -376 121 -1 3 0 0 0 0 21 59 6 -279 -79 N N N N -5125 -1408 67 429 429
1 39999 -350 61 -1 3 0 0 0 0 15 28 3 -239 -42 N N N N -56 0 22 -5 -5
1 40000 -324 -87 -1 -4 0 0 0 0 -21 -40 -4 -441 -128 N N N N -1505 -361 91 97 97
1 40001 -316 60 0 2 0 0 0 0 14 28 5 -1298 -379 N N N N -4906 -1258 202 367 367
1 39999 -305 213 -4 2 0 0 0 0 71 86 14 -709 -208 N N N N -5537 -1475 169 459 459
1 14118 -100 18 -3 -122 0 -1379 0 -2 9 -8 50 -353 -108 37 71 41 556 -970 -244 53 72 72
1 11291 -89 -89 -7 -7 0 0 0 0 -35 -30 -9 -350 -103 N N N N -1083 -271 63 80 80
1 10002 -56 -129 3 1 0 0 0 0 -41 -51 -20 -195 -59 N N N N -1368 -355 61 110 110
1 10000 -78 -137 3 0 0 0 0 0 -29 -62 -21 -76 -29 N N N N -1265 -340 41 109 109
1 10015 -68 -139 0 -1 0 0 0 0 -12 -69 -18 -222 -66 39 70 41 556 -1037 -280 32 92 92
1 10868 -86 -148 6 3 0 0 0 0 7 -74 -18 -533 -144 N N N N -1200 -317 48 102 102
1 10001 -76 -138 0 0 0 0 0 0 25 -66 -11 -271 -84 N N N N -1142 -280 83 82 82
1 10000 -70 -129 0 2 0 0 0 0 37 -57 -4 -252 -79 N N N N -1161 -306 51 98 98
1 10016 -77 -147 -3 0 0 0 0 0 58 -53 -1 -254 -75 38 71 42 556 -829 -209 52 65 65
1 13234 -101 -148 11 119 0 1394 0 2 69 -35 63 -144 -51 N N N N -1008 -256 63 79 79
1 10809 -92 -51 -9 2 0 0 0 0 27 -8 8 -452 -120 N N N N -409 -101 31 30 30
1 10000 -76 -15 -2 0 0 0 0 0 8 -2 3 -466 -137 N N N N 193 94 63 -46 -46
1 10017 -63 -11 -1 1 0 0 0 0 6 -2 0 -334 -103 41 72 44 556 11 51 79 -35 -35
1 9984 -79 -3 -1 -1 0 0 0 0 2 0 1 -625 -183 N N N N -149 8 85 -20 -20
1 9999 -79 -12 0 2 0 0 0 0 6 -2 2 -390 -119 N N N N -205 1 101 -20 -20
1 10001 -74 -30 -1 1 0 0 0 0 16 -3 3 -453 -143 N N N N -366 -59 81 4 4
1 10016 -84 -33 -1 0 0 0 0 0 18 -2 4 -497 -150 38 69 43 556 44 64 84 -40 -40
1 9984 -83 -32 -3 0 0 0 0 0 18 -1 3 -668 -202 N N N N -195 5 105 -23 -23
1 9999 -84 -26 3 0 0 0 0 0 14 0 2 -205 -75 N N N N -420 -55 115 -3 -3
1 10003 -71 -18 -3 0 0 0 0 0 10 0 2 -165 -57 N N N N -294 -46 69 3 3
1 10014 -80 -25 2 -3 0 0 0 0 13 1 2 -176 -61 37 71 42 556 -134 -8 55 -9 -9
1 9983 -80 -29 1 3 0 0 0 0 16 1 4 -246 -75 N N N N 72 51 48 -28 -28
1 10001 -78 -20 -1 -1 0 0 0 0 11 2 2 -78 -36 N N N N 133 66 44 -33 -33
1 9999 -89 -21 1 1 0 0 0 0 11 2 2 -117 -35 N N N N 122 55 31 -26 -26
1 10016 -72 -27 -2 0 0 0 0 0 15 3 3 -100 -42 39 76 44 556 45 32 32 -18 -18
1 9985 -82 -39 3 0 0 0 0 0 20 6 3 -420 -95 N N N N 64 38 31 -20 -20
1 9999 -74 -27 -2 0 0 0 0 0 14 5 3 -1382 -392 N N N N 216 113 81 -58 -58
1 10001 -75 -21 -3 -2 0 0 0 0 11 4 2 -397 -128 N N N N 412 233 181 -120 -120
1 10016 -72 -2 2 -1 0 0 0 0 1 0 -1 -463 -147 40 73 44 556 933 343 101 -144 -144
1 9984 -77 4 0 2 0 0 0 0 -2 -1 0 -273 -95 N N N N 654 259 100 -113 -113
1 10000 -79 16 2 -4 0 0 0 0 -9 -3 -2 -297 -104 N N N N 413 177 85 -80 -80
1 9999 -61 62 -5 3 0 0 0 0 -31 -10 -6 -428 -133 N N N N 139 91 78 -48 -48
1 10016 -64 53 4 0 0 0 0 0 -29 -6 -5 -282 -92 39 73 47 556 -215 -19 75 -9 -9
1 9985 -56 33 0 -1 0 0 0 0 -18 -3 -3 -373 -122 N N N N -417 -83 72 15 15
1 9999 -67 32 -3 1 0 0 0 0 -17 -1 -4 -519 -152 N N N N -319 -48 79 0 0
1 10000 -65 40 2 1 0 0 0 0 -22 0 -4 -312 -100 N N N N -219 -9 94 -16 -16
1 10018 -57 37 -3 -2 0 0 0 0 -20 1 -3 -291 -95 42 74 46 556 -85 23 79 -24 -24
1 9983 -62 22 3 1 0 0 0 0 -12 1 -2 -218 -72 N N N N 0 40 66 -28 -28
1 9999 -47 3 0 -3 0 0 0 0 -2 0 -1 -402 -123 N N N N 27 50 69 -32 -32
1 10000 -45 30 -7 3 0 0 0 0 -15 3 -1 -1357 -380 N N N N 63 70 81 -41 -41
1 10264 -58 31 4 0 1 1 1 -4 -17 3 -5 -201 -84 37 74 50 556 275 216 213 -121 -121
1 9837 -59 37 -4 -2 -1 1 -46 0 -19 5 -3 -327 -124 N N N N 549 217 76 -92 -92
1 8614 -40 69 -4 -2 -1 -1 -43 0 -35 12 -5 -971 -286 N N N N 491 208 91 -92 -92
1 9987 -61 75 3 6 1 0 -49 0 -36 19 -6 -1007 -287 N N N N 408 244 186 -124 -124
1 10079 -44 52 -6 0 0 0 -52 0 -23 15 -1 -770 -241 39 76 50 555 1241 511 196 -219 -219
1 9929 -48 46 -3 -1 -3 0 -50 0 -18 16 -3 -930 -294 N N N N 1305 516 166 -212 -212
1 11292 -45 74 -2 -5 3 -1 -15 4 -29 26 -4 -2399 -707 N N N N 2110 812 226 -323 -323
1 9999 -52 97 -3 1 0 0 0 0 -32 40 -4 -2151 -668 N N N N 1766 840 419 -370 -370
1 10013 -38 93 0 0 0 0 0 0 -22 43 -3 -1163 -407 38 75 59 555 2505 1059 379 -429 -429
1 9985 -65 87 2 -3 0 0 0 0 -14 43 0 -1380 -510 N N N N 2767 1117 320 -428 -428
1 10002 -37 108 0 -2 0 0 0 0 -10 55 -2 -3067 -968 N N N N 1769 870 410 -363 -363
1 9999 -51 79 -3 5 0 0 0 0 1 41 1 -1145 -416 N N N N 1596 918 537 -400 -400
1 10016 -51 54 -1 5 0 0 0 0 4 28 3 -1211 -431 38 79 64 555 1094 606 329 -257 -257
1 9984 -50 48 -3 -5 0 0 0 0 7 24 3 -995 -368 N N N N 618 453 327 -208 -208
1 10000 -44 58 -2 1 0 0 0 0 10 28 2 -283 -155 N N N N 676 416 251 -179 -179
1 10001 -53 54 0 2 0 0 0 0 12 26 1 -114 -87 N N N N 1165 491 130 -175 -175
1 10014 -53 66 -2 -2 0 0 0 0 17 30 4 -377 -121 40 79 66 555 1122 449 91 -153 -153
1 9984 -48 82 1 0 0 0 0 0 26 34 4 -230 -74 N N N N 1198 486 104 -165 -165
1 10003 -46 96 -2 -3 0 0 0 0 38 34 6 -411 -99 N N N N 1704 653 96 -210 -210
1 9998 -57 107 -1 1 0 0 0 0 48 32 7 -467 -111 N N N N 1874 723 109 -231 -231
1 10017 -33 127 3 -6 0 0 0 0 63 25 10 -582 -150 41 79 62 555 2452 929 116 -287 -287
1 9986 -63 93 2 13 0 0 0 0 49 12 2 -1230 -359 N N N N 2346 918 141 -286 -286
1 9998 -39 3 -1 0 0 0 0 0 2 0 -1 -2362 -589 N N N N 2490 1056 238 -338 -338
1 10000 -57 -56 -1 5 0 0 0 0 -30 -5 -7 -1204 -392 N N N N 2529 1229 410 -417 -417
1 10015 -65 -79 1 -6 0 0 0 0 -41 -12 -2 -3034 -822 42 86 62 555 4443 1882 377 -569 -569
1 9980 -48 -54 -19 1 0 0 0 0 -25 -11 0 -832 -315 N N N N 4594 2187 617 -679 -679
1 10005 -61 -39 -14 0 0 0 0 0 -17 -10 3 -824 -266 N N N N 7152 2864 339 -756 -756
1 9999 -67 -36 -1 -8 0 0 0 0 -17 -11 4 -865 -234 N N N N 6187 2469 259 -617 -617
1 10015 -75 33 -7 2 0 0 0 0 16 10 0 -223 -136 41 84 63 555 4463 1760 155 -418 -418
1 9985 -52 31 8 -6 0 0 0 0 14 7 3 -615 -178 N N N N 2899 1241 183 -304 -304
1 10002 -71 46 11 5 0 0 0 0 22 10 -3 -62 -142 N N N N 2806 1188 160 -282 -282
1 10000 -66 66 -7 6 0 0 0 0 35 12 2 22 -68 N N N N 2592 1003 60 -218 -218
1 10014 -74 100 4 -9 0 0 0 0 53 10 8 -120 -64 41 82 65 555 2137 833 54 -180 -180
1 9984 -69 102 -2 6 0 0 0 0 56 2 2 -37 -47 N N N N 2406 940 59 -199 -199
1 10000 -70 93 -6 2 0 0 0 0 51 -7 4 8 -21 N N N N 1875 716 32 -147 -147
1 10000 -65 67 9 0 0 0 0 0 34 -11 5 -648 -102 N N N N 1345 511 20 -104 -104
1 11440 -82 56 59 -7 116 1 -11 -4 18 -12 17 -1758 -434 47 83 63 555 1326 696 179 -171 -171
1 9353 -76 44 29 -6 1 -1 -47 1 16 -12 13 -2173 -721 N N N N 1920 1011 257 -246 -246
1 15617 -139 31 -3 -108 5 -1396 -6 1 15 -35 47 -2554 -1066 N N N N 6407 3196 676 -726 -726
1 10000 -90 -109 -15 8 0 0 0 0 -50 29 -12 -425 -319 N N N N 7254 3224 408 -643 -643
1 10016 -86 -138 1 1 0 0 0 0 -71 22 -12 -134 -145 43 85 62 555 7197 3048 265 -558 -558
1 10457 -112 -138 14 5 0 0 0 0 -76 6 -19 -14 -75 N N N N 7426 2999 150 -503 -503
1 9999 -85 -129 9 -11 0 0 0 0 -68 -11 -15 -27 -52 N N N N 6448 2548 84 -402 -401
1 10000 -106 -124 6 -7 0 0 0 0 -60 -24 -19 -38 -41 N N N N 4483 1780 61 -272 -273
1 10016 -89 -117 -7 -1 0 0 0 0 -50 -32 -18 -27 -28 39 84 62 555 3573 1383 24 -202 -202
1 10867 -117 -134 0 1 0 0 0 0 -47 -48 -24 -5 -15 N N N N 2907 1110 8 -158 -158
1 11883 -121 -143 0 -2 0 0 0 0 -35 -62 -22 0 -8 N N N N 1954 749 8 -105 -105
1 9999 -104 -113 1 -2 0 0 0 0 -17 -54 -16 8 0 N N N N 1037 411 13 -59 -59
1 10016 -98 -131 1 3 0 0 0 0 -3 -65 -17 1 -3 43 91 60 555 941 360 3 -50 -50
1 10747 -107 -113 -3 -1 0 0 0 0 9 -57 -10 0 -3 N N N N 809 311 3 -43 -43
1 10706 -114 -129 3 0 0 0 0 0 25 -61 -8 -4 -3 N N N N 449 160 -6 -20 -20
1 10000 -103 -117 -1 0 0 0 0 0 34 -51 -4 -5 -4 N N N N 507 207 10 -30 -30
1 10016 -102 -118 1 -1 0 0 0 0 43 -45 2 -2 0 41 93 64 555 315 123 3 -17 -17
1 9738 -103 -120 -1 26 1 199 -2 -1 54 -37 16 0 0 N N N N 395 158 6 -23 -23
1 10745 -90 -71 -16 103 -34 1196 -2 3 36 -13 62 -7 -1 N N N N 263 108 5 -15 -15
1 9973 -93 -25 -2 0 0 0 0 0 13 -4 2 1 -2 N N N N 290 88 -14 -9 -9
1 10016 -79 -7 4 0 0 0 0 0 3 -1 1 -2 0 44 83 64 555 82 49 12 -9 -9
1 9985 -96 5 -2 0 0 0 0 0 -2 1 -1 0 0 N N N N 230 77 -6 -9 -9
1 9999 -90 10 0 2 0 0 0 0 -5 2 -1 2 0 N N N N 170 64 0 -9 -10
1 10000 -88 16 2 -2 0 0 0 0 -9 2 -1 -42 -17 N N N N 117 52 4 -8 -7
1 10016 -72 13 -1 1 0 0 0 0 -6 3 -1 -67 -25 42 87 63 554 216 108 17 -17 -17
1 9984 -101 18 1 -1 0 0 0 0 -9 4 -3 -32 -16 N N N N 293 128 10 -19 -19
1 10001 -71 25 0 1 0 0 0 0 -12 5 -2 -22 -13 N N N N 215 101 13 -16 -16
1 9999 -105 22 1 0 0 0 0 0 -11 5 -3 -11 -1 N N N N 262 105 4 -15 -15
1 10017 -83 22 -2 1 0 0 0 0 -10 5 -3 -45 -20 40 92 63 554 168 77 8 -12 -12
1 9983 -88 15 -3 -2 0 0 0 0 -7 4 -1 -61 -27 N N N N 141 88 22 -16 -16
1 10000 -81 21 6 -2 0 0 0 0 -10 6 -2 14 4 N N N N 312 129 6 -18 -18
1 10000 -105 30 0 2 0 0 0 0 -13 9 -3 -77 -30 N N N N 112 48 4 -7 -8
1 10016 -69 30 -5 -3 0 0 0 0 -12 10 -3 -47 -23 41 81 64 554 355 179 27 -29 -28
1 9985 -80 27 4 6 0 0 0 0 -11 9 -2 -33 -15 N N N N 356 147 8 -21 -21
1 10001 -99 33 0 -3 0 0 0 0 -13 12 -2 -4 -1 N N N N 279 126 13 -19 -19
1 9998 -77 54 2 0 0 0 0 0 -19 21 -6 -104 -43 N N N N 246 102 5 -15 -15
1 10016 -89 47 -3 3 0 0 0 0 -15 19 -2 -51 -24 42 92 63 554 151 91 21 -16 -16
1 9985 -81 56 2 -3 0 0 0 0 -15 25 -5 -46 -21 N N N N 415 178 13 -25 -26
1 9999 -91 63 -3 0 0 0 0 0 -15 29 -3 -73 -27 N N N N 396 176 16 -26 -25
1 10000 -86 54 3 0 0 0 0 0 -10 26 -2 -33 -15 N N N N 279 144 23 -24 -24
1 10016 -91 52 0 -1 0 0 0 0 -7 26 -2 -85 -30 44 86 67 553 444 182 8 -25 -25
1 9985 -88 57 -3 3 0 0 0 0 -4 29 -1 -41 -15 N N N N 208 118 24 -20 -20
1 10000 -81 56 1 -2 0 0 0 0 -2 29 0 -15 -4 N N N N 324 149 16 -22 -22
1 9999 -85 51 0 2 0 0 0 0 0 26 0 -1 -1 N N N N 324 133 6 -18 -18
1 10016 -89 62 -4 -2 0 0 0 0 4 32 2 -26 -5 43 85 66 553 301 119 3 -17 -18
1 9984 -94 58 3 1 0 0 0 0 8 29 2 -6 -2 N N N N 231 100 7 -14 -13
1 10002 -87 51 0 -1 0 0 0 0 8 25 1 1 0 N N N N 297 122 6 -17 -18
1 9998 -77 40 -3 0 0 0 0 0 9 19 4 5 3 N N N N 273 104 0 -13 -12
1 12326 -117 38 -1 -112 3 -1392 -2 -2 9 13 26 37 18 41 87 68 553 214 75 -3 -9 -9
1 10791 -91 -63 -3 -11 0 0 0 0 -15 -30 -2 47 22 N N N N 212 67 -8 -7 -7
1 10000 -88 -106 -1 -1 0 0 0 0 -16 -51 -13 -13 -3 N N N N 30 14 1 -2 -2
1 10001 -89 -100 4 1 0 0 0 0 -7 -49 -15 320 150 N N N N 44 11 -4 -1 -1
1 10015 -85 -113 -2 0 0 0 0 0 3 -57 -10 24 23 42 108 72 553 153 -39 -58 17 16
1 10926 -100 -133 -1 -1 0 0 0 0 20 -65 -11 83 43 N N N N -257 -130 -19 20 21
1 10001 -96 -133 -3 0 0 0 0 0 34 -60 -4 29 16 N N N N -143 -86 -20 15 15
1 9999 -93 -136 3 -1 0 0 0 0 48 -53 -2 60 30 N N N N 5 -13 -9 3 3
1 9584 -75 -143 -4 24 0 201 0 0 64 -43 15 -12 0 42 83 73 552 -113 -67 -15 12 12
1 9782 -83 -90 16 103 0 1191 0 2 43 -15 55 -61 -20 N N N N 44 19 2 -3 -3
1 10634 -104 -47 -6 -2 0 0 0 0 25 -6 7 -44 1 N N N N 73 27 -1 -3 -3
1 10001 -87 -17 2 3 0 0 0 0 9 -2 2 -163 -46 N N N N 19 22 10 -5 -5
1 10015 -99 -15 0 -2 0 0 0 0 8 -2 1 61 43 41 86 76 552 164 109 28 -19 -19
1 9985 -91 -11 0 -1 0 0 0 0 5 0 3 -11 14 N N N N 324 134 7 -19 -19
1 10000 -96 -14 -1 2 0 0 0 0 8 -1 1 68 44 N N N N 279 99 -4 -12 -12
1 10000 -98 -22 0 -2 0 0 0 0 12 -2 2 56 39 N N N N 167 46 -11 -4 -5
1 10015 -104 -17 0 3 0 0 0 0 9 0 3 11 17 42 90 84 551 223 71 -8 -7 -6
1 9985 -96 -13 -2 -3 0 0 0 0 7 -1 2 53 31 N N N N 233 76 -7 -8 -8
1 9999 -87 -20 0 0 0 0 0 0 11 0 2 51 33 N N N N 50 -2 -13 2 2
1 10001 -92 -23 1 0 0 0 0 0 12 0 3 49 28 N N N N 45 -10 -16 5 5
1 10016 -92 -16 -2 0 0 0 0 0 9 1 1 47 26 41 84 87 551 25 -8 -11 3 3
1 9984 -106 -23 3 1 0 0 0 0 12 1 4 64 36 N N N N 76 11 -10 1 1
1 10000 -95 -18 -2 -1 0 0 0 0 10 1 2 34 22 N N N N -13 -31 -16 7 6
1 10000 -87 -18 -1 0 0 0 0 0 10 1 2 25 16 N N N N 30 -6 -10 2 3
1 10016 -103 -11 2 1 0 0 0 0 5 2 2 26 16 41 84 91 550 -62 -37 -9 7 6
1 9984 -83 -9 0 -1 0 0 0 0 5 1 1 18 12 N N N N -9 -17 -8 3 3
1 10000 -102 -5 -2 0 0 0 0 0 3 0 0 19 13 N N N N 43 11 -3 -1 0
1 10000 -89 -12 0 0 0 0 0 0 6 2 2 17 12 N N N N -48 -31 -7 6 6
1 10015 -89 -17 0 -1 0 0 0 0 9 2 1 -6 2 43 83 95 550 -15 -13 -5 2 2
1 9985 -87 -10 1 1 0 0 0 0 5 1 2 7 5 N N N N 91 35 1 -4 -5
1 10000 -103 -7 -3 1 0 0 0 0 4 2 1 9 6 N N N N -76 -31 -2 4 5
1 10000 -88 -9 0 0 0 0 0 0 5 1 1 11 6 N N N N 146 49 -4 -5 -5
1 10015 -87 -12 2 -1 0 0 0 0 6 2 1 -15 -1 40 82 97 549 -51 -19 0 2 2
1 9985 -102 -5 -3 1 0 0 0 0 3 1 1 -7 -2 N N N N -53 -15 4 1 1
1 10000 -92 -12 2 1 0 0 0 0 6 2 1 -31 -9 N N N N 100 42 2 -5 -6
1 9999 -95 -17 -2 1 0 0 0 0 9 4 2 -32 -11 N N N N 29 22 7 -5 -4
1 10017 -96 -20 3 -3 0 0 0 0 9 3 2 -50 -17 42 81 98 549 27 24 8 -4 -5
1 9984 -86 -9 0 3 0 0 0 0 5 3 1 -21 -7 N N N N 88 50 10 -8 -7
1 10000 -94 -13 -1 -2 0 0 0 0 6 3 1 -36 -13 N N N N 73 42 9 -8 -8
1 12783 -125 16 3 111 0 1391 0 -2 -8 22 50 -27 -8 N N N N 155 69 6 -10 -10
1 10820 -109 93 0 11 0 0 0 0 -47 -16 -2 -33 -10 39 83 94 548 59 38 9 -6 -6
1 10455 -107 117 1 2 0 0 0 0 -62 -14 -12 -32 -9 N N N N 260 118 12 -17 -18
1 10000 -100 120 -2 -3 0 0 0 0 -65 -1 -14 -27 -9 N N N N 185 85 9 -13 -12
1 9999 -88 122 -1 0 0 0 0 0 -63 13 -17 -15 0 N N N N 182 83 8 -12 -12
1 10016 -102 124 2 3 0 0 0 0 -59 25 -19 -15 -2 40 82 91 548 49 29 7 -5 -6
1 10229 -97 146 -4 -23 1 -198 -1 -1 -60 42 -29 -21 -3 N N N N 140 63 6 -9 -8
1 10697 -103 103 1 -102 -1 -1203 0 3 -33 34 -44 -47 -13 N N N N 51 31 6 -5 -5
1 10001 -91 73 -2 1 0 0 0 0 -19 33 -3 -18 1 N N N N 189 78 5 -11 -12
1 10015 -91 72 -2 2 0 0 0 0 -14 34 -4 -32 3 42 82 92 547 105 47 4 -7 -6
1 9985 -90 40 -1 0 0 0 0 0 -6 20 0 -30 24 N N N N 178 87 11 -13 -13
1 10000 -90 30 4 -2 0 0 0 0 -4 15 -2 14 16 N N N N 65 34 6 -6 -6
1 10000 -92 31 0 0 0 0 0 0 -2 16 -1 3 2 N N N N -26 -8 1 1 1
1 10016 -93 49 -5 -1 0 0 0 0 -2 25 0 66 39 40 79 92 547 90 32 -2 -3 -3
1 9984 -91 92 5 -1 0 0 0 0 1 47 0 199 252 N N N N -635 -267 -15 36 36
1 10000 -90 162 0 0 0 0 0 0 21 81 5 -312 93 N N N N -6627 -2548 -24 333 333
1 10000 -74 143 -3 1 0 0 0 0 37 64 9 -209 -10 N N N N -6759 -2468 58 317 317
1 10015 -85 103 -1 0 0 0 0 0 36 40 9 -132 -3 41 83 108 547 -2546 -895 44 114 114
1 9985 -72 58 -6 0 0 0 0 0 24 20 4 -89 27 N N N N -83 17 31 -9 -9
1 10000 -83 28 0 1 0 0 0 0 12 9 2 -36 -1 N N N N 1209 501 27 -73 -73
1 10000 -72 20 1 -1 0 0 0 0 9 6 2 -102 -29 N N N N 1066 428 15 -61 -61
1 10016 -90 50 1 0 0 0 0 0 23 13 5 -148 -16 43 92 116 546 1298 543 31 -80 -81
1 9984 -78 93 0 -3 0 0 0 0 46 19 10 -93 0 N N N N 1707 698 31 -99 -98
1 10000 -73 114 1 2 0 0 0 0 59 14 13 -204 -54 N N N N 1603 660 31 -93 -94
1 10000 -91 106 -2 1 0 0 0 0 57 3 11 -389 -138 N N N N 1291 578 54 -87 -86
1 10016 -59 90 -1 0 0 0 0 0 48 -6 10 -878 -307 43 93 114 545 1211 619 97 -99 -100
1 9984 -70 77 0 -2 0 0 0 0 40 -12 8 -1572 -519 N N N N 832 664 211 -126 -125
1 10001 -63 69 -4 -1 0 0 0 0 36 -13 5 -444 -204 N N N N 355 668 323 -148 -148
1 9999 -84 72 2 3 0 0 0 0 33 -18 8 -351 -152 N N N N 1045 682 170 -118 -118
1 10016 -65 64 -2 0 0 0 0 0 27 -21 5 -252 -107 41 87 109 545 1063 618 124 -101 -101
1 9985 -63 57 -1 0 0 0 0 0 24 -19 3 -178 -72 N N N N 637 397 90 -66 -66
1 9998 -59 53 -5 0 0 0 0 0 19 -21 5 -225 -86 N N N N 503 332 82 -57 -57
1 10001 -74 45 5 0 0 0 0 0 15 -19 1 -143 -48 N N N N 436 296 76 -50 -50
1 10015 -72 26 -1 0 0 0 0 0 8 -11 1 -111 -33 43 85 103 544 483 285 58 -46 -46
1 9984 -61 20 1 0 0 0 0 0 5 -9 2 -73 -27 N N N N 344 211 45 -34 -34
1 10000 -58 13 -1 0 0 0 0 0 4 -6 1 -47 -10 N N N N 471 235 31 -34 -34
1 10002 -74 18 0 0 0 0 0 0 4 -9 2 -15 11 N N N N 361 170 17 -24 -24
1 9854 -64 22 -1 0 0 2 -1 -4 6 -10 -1 -28 22 41 85 88 544 488 211 12 -28 -28
1 9906 -57 13 -2 0 0 1 -51 0 4 -6 -2 -228 -27 N N N N 368 180 22 -26 -26
1 8936 -63 0 -2 6 0 -2 -49 0 -1 1 1 -624 -169 N N N N 465 281 58 -44 -44
1 15303 -101 47 9 113 0 1399 -11 2 7 1 -17 -723 -226 N N N N 858 649 184 -112 -112
1 10016 -78 85 -1 1 0 0 0 0 11 -41 12 -568 -177 46 99 90 543 473 472 168 -87 -87
1 10451 -74 -3504 1 -4 0 0 0 0 4 -50 12 -369 -130 N N N N 1086 698 158 -111 -111
1 10000 -75 99 -1 3 0 0 0 0 -6 -50 11 -263 -97 N N N N 1149 636 105 -93 -93
1 10000 -84 105 -1 0 0 0 0 0 -14 -53 6 -176 -60 N N N N 1056 593 101 -87 -87
1 10016 -62 103 -2 4 0 0 0 0 -23 -49 3 -194 -70 52 99 86 543 1042 524 64 -72 -72
1 10457 -86 96 0 0 0 0 0 0 -31 -41 5 -138 -45 N N N N 795 429 65 -60 -60
1 10000 -70 98 -3 -4 0 0 0 0 -39 -37 0 -78 -30 N N N N 709 364 47 -50 -50
1 10000 -77 103 -2 0 0 0 0 0 -46 -32 -3 -43 -17 N N N N 649 317 33 -42 -42
1 12075 -88 137 2 1 0 0 0 0 -70 -28 -6 -54 -20 43 98 84 542 709 330 28 -41 -41
1 10749 -75 115 -2 2 0 0 0 0 -60 -13 -11 -38 -14 N N N N 599 271 18 -34 -34
1 9998 -79 125 -1 0 0 0 0 0 -68 0 -12 -40 -13 N N N N 327 159 16 -21 -21
1 10000 -79 133 -2 -1 0 0 0 0 -69 16 -16 -11 -5 N N N N 221 110 13 -14 -14
1 10016 -84 132 2 -1 0 0 0 0 -62 30 -18 -10 -3 44 95 78 542 334 149 9 -18 -18
1 10722 -90 152 0 -21 1 -197 -2 -1 -60 46 -30 -18 -5 N N N N 190 88 7 -11 -11
1 9108 -56 82 -1 -99 -1 -1191 -1 3 -25 26 -38 -19 -5 N N N N 72 39 5 -5 -5
1 10626 -66 75 -9 2 0 0 0 0 -18 35 4 -10 -4 N N N N 99 41 2 -5 -5
1 10016 -68 59 2 0 0 0 0 0 -12 28 -2 -8 -1 45 99 73 541 120 54 3 -7 -7
1 9985 -58 56 -2 0 0 0 0 0 -7 28 3 -33 -9 N N N N 114 51 3 -6 -6
1 9999 -82 49 -1 -1 0 0 0 0 -5 24 -5 -1 0 N N N N 128 63 7 -8 -8
1 10000 -60 47 6 2 0 0 0 0 -4 24 -2 -3 1 N N N N 106 45 1 -5 -5
1 10016 -66 44 -6 1 0 0 0 0 1 23 -1 -2 -3 46 96 70 541 53 32 7 -5 -5
1 9984 -73 37 0 -2 0 0 0 0 1 19 3 -2 0 N N N N 112 48 1 -5 -5
1 10000 -62 44 0 -1 0 0 0 0 3 22 0 -5 -2 N N N N 18 10 2 -2 -2
1 10001 -67 31 3 1 0 0 0 0 3 16 -1 -6 0 N N N N 63 30 3 -4 -4
1 10015 -59 43 -2 -1 0 0 0 0 6 21 5 -12 -5 46 95 67 540 82 37 2 -4 -4
1 9984 -72 41 1 2 0 0 0 0 7 20 -2 -8 -3 N N N N 129 57 3 -7 -7
1 10000 -67 33 -3 0 0 0 0 0 7 16 2 -5 -1 N N N N -9 7 6 -2 -2
1 10000 -67 30 5 -1 0 0 0 0 6 14 -2 -14 -5 N N N N 19 10 2 -1 -1
1 10017 -57 25 -1 1 0 0 0 0 7 11 3 -12 -4 48 95 64 540 22 15 3 -3 -3
1 9983 -82 29 1 0 0 0 0 0 8 13 -1 -8 -2 N N N N 34 22 5 -3 -3
1 10000 -71 39 -4 -2 0 0 0 0 12 17 5 0 0 N N N N -46 -10 4 0 0
1 10000 -63 49 1 1 0 0 0 0 17 19 2 -9 -3 N N N N -62 -22 2 3 3
1 10017 -77 50 1 -2 0 0 0 0 18 19 4 -20 -5 46 93 63 540 110 50 3 -6 -6
1 9982 -62 40 -6 3 0 0 0 0 17 14 1 -12 -3 N N N N 12 13 5 -3 -3
1 10003 -64 40 -2 0 0 0 0 0 17 13 2 -8 -2 N N N N -4 5 4 -1 -1
1 9999 -75 50 9 -3 0 0 0 0 21 14 6 -9 -3 N N N N -38 -8 4 0 0
1 10015 -69 54 -2 1 0 0 0 0 26 13 5 -7 -4 44 95 60 540 44 19 1 -2 -2
1 9984 -67 38 3 1 0 0 0 0 19 8 0 -14 -3 N N N N 77 35 2 -4 -4
1 10000 -61 46 -4 -2 0 0 0 0 24 10 0 -297 -91 N N N N 2 19 10 -4 -4
1 9999 -70 60 2 -3 0 0 0 0 31 6 9 -137 -33 N N N N -208 -9 42 -7 -7
1 10017 -75 92 3 9 0 0 0 0 48 7 9 -94 -38 43 93 58 539 -102 57 54 -16 -16
1 9984 -69 52 -4 -13 0 0 0 0 30 0 5 -36 -13 N N N N -173 -6 36 -5 -5
1 10001 -74 32 8 16 0 0 0 0 16 0 -3 -18 -7 N N N N 3 29 15 -6 -6
1 9999 -61 35 -19 -25 0 0 0 0 22 -5 13 -82 -28 N N N N -13 20 14 -5 -5
1 11287 -83 88 65 20 100 -3 -23 -4 35 -9 7 -172 -51 43 91 55 539 -28 41 29 -10 -10
1 17242 -174 10 21 -146 7 -1401 -34 2 -3 -41 83 -247 -89 N N N N -183 85 89 -25 -25
1 9999 -109 -144 19 -11 0 0 0 0 -65 31 -39 -5 -8 N N N N -239 -52 25 1 1
1 10000 -19 1 -175 39 0 0 0 0 16 -15 27 83 135464 N N N N 136 67 6 -8 -8
1 10016 0 31 35 -28 0 0 0 0 20 25 -56 28 -135330 41 100 52 538 3 8 4 -2 -2
