version: 66.14
glider: 195
mission: 21
dive: 210
start: 5 26 105 17 46 35
columns: rec,elaps_tms,depth,heading,pitch,roll,AD_pitch,AD_roll,AD_vbd,GC_phase,mag.x,mag.y,mag.z,sbect.TempFreq,sbect.CondFreq,wlbb2fl.sig470nm,wlbb2fl.sig700nm,wlbb2fl.sig695nm,wlbb2fl.temp,aa4330.O2,aa4330.AirSat,aa4330.Temp,aa4330.CalPhase,aa4330.TCPhase,
data:
0 16911 48 620 -600 80 169 2216 1183 6 129 -324 -77 174920 136840 44 97 61 532 253685 98700 25191 29205 30611
1 9983 15 -86 -4 10 0 0 0 0 5 12 -42 -147 1 N N N N -626 -94 83 -4 -4
1 10016 3 285 -18 -316 0 0 0 0 -43 -13 -19 18 -4 46 98 61 532 -477 -308 -68 46 46
1 9986 -10 -110 52 70 0 0 0 0 14 10 -10 144 1 N N N N 1323 270 -135 -5 -5
1 10014 1 109 -128 123 0 0 0 0 -23 -30 86 -106 1 47 98 62 532 -161 17 44 -10 -10
1 9984 -7 -161 96 68 0 0 0 0 48 21 -14 -28 -1 N N N N -1774 -293 220 -8 -8
1 8780 17 -98 -78 4 0 0 39 -4 3 19 -61 61 -1 51 99 58 532 -397 -11 79 -13 -13
1 9977 13 -320 -1 241 0 -1 266 0 25 38 -41 -103 -2 N N N N 2012 817 17 -94 -94
1 9987 24 670 -6 -582 -2 1 253 0 -69 -55 39 17 -5 46 69 61 531 -4718 -588 702 -63 -63
1 9916 17 -480 35 198 1 -3 266 0 60 99 -96 -142 -4 N N N N 547 457 135 -74 -74
1 10108 52 -94 -72 134 0 4 279 0 -13 -6 -4 -37 -4 49 100 64 531 169 155 48 -26 -26
1 9913 56 -191 -52 80 -1 -2 270 0 0 54 -36 -8 -4 N N N N 190 134 33 -20 -20
1 15058 205 -103 87 -174 768 2 165 -1 39 128 -9 -6 -5 47 96 61 531 21 60 29 -12 -12
1 10385 195 3516 422 93 1722 -3 145 1 127 13 181 10 -3 N N N N -134 -43 6 3 3
1 8619 111 8 70 7 0 3 361 0 8 -2 50 -6 -3 44 96 63 531 30 13 0 -1 -1
1 17848 253 -3460 -12 -172 0 -1408 179 2 -5 -64 -22 3 -6 N N N N 88 40 2 -5 -5
1 10015 155 131 2 20 0 0 0 0 -22 -67 -3 8 -1 44 97 67 531 -294 -126 -4 15 15
1 11104 183 126 -4 -10 0 0 0 0 -33 -57 -7 1 -2 N N N N -11 -8 -3 1 1
1 10393 166 105 12 23 1 212 3 0 -37 -45 17 0 -1 46 97 71 531 33 8 -2 0 0
1 10605 156 61 31 102 53 1185 -1 2 -25 -23 57 3 -3 N N N N -32 -13 0 1 1
1 10839 157 40 -4 1 0 0 0 0 -17 -11 7 -1 1 45 94 73 531 -28 -15 -2 2 2
1 9985 134 -1 7 3 0 0 0 0 0 0 4 -1 -3 N N N N -10 -5 -1 1 1
1 10016 139 -6 -12 5 0 0 0 0 3 1 -6 0 -1 47 94 73 531 2 1 0 0 0
1 9984 119 -10 10 -2 0 0 0 0 4 4 4 -1 -2 N N N N 12 4 0 -1 -1
1 10017 140 -8 -7 -1 0 0 0 0 4 2 -5 -1 -3 45 93 74 531 -83 -32 0 4 4
1 9983 135 -4 5 6 0 0 0 0 2 1 5 2 -1 N N N N -19 -8 0 1 1
1 10016 143 -15 -6 -12 0 0 0 0 6 5 -10 -2 0 43 98 79 531 37 15 0 -2 -2
1 9983 139 -1 5 4 0 0 0 0 0 0 3 -3 -1 N N N N -50 -20 0 2 2
1 10015 135 8 0 6 0 0 0 0 -3 -3 3 4 0 44 96 78 531 -32 -11 1 1 1
1 9985 115 -3 2 5 0 0 0 0 1 2 3 -1 -3 N N N N -50 -21 -1 3 3
1 10016 142 -14 0 -5 0 0 0 0 6 4 -5 -2 -1 43 96 79 531 20 9 1 -1 -1
1 9985 133 -3 0 3 0 0 0 0 2 1 3 4 -2 N N N N 16 7 0 -1 -1
1 10015 128 28 1 -10 0 0 0 0 -13 -9 -1 1 -2 48 96 79 531 -13 -6 0 0 0
1 9984 141 28 1 8 0 0 0 0 -12 -8 7 8 -3 N N N N -149 -63 -2 8 8
1 10016 128 9 -6 -2 0 0 0 0 -4 -3 -3 5 -5 44 94 80 531 -50 -23 -2 3 3
1 9985 125 49 -5 -5 0 0 0 0 -22 -12 5 10 -7 N N N N -10 -6 -1 0 0
1 10015 139 4 10 0 0 0 0 0 -2 -1 4 -3 -1 45 98 80 531 -114 -50 -3 6 6
1 9984 120 46 0 0 0 0 0 0 -23 -10 4 36 -11 N N N N -128 -52 -1 6 6
1 10017 143 69 -1 0 0 0 0 0 -34 -11 11 55 -15 45 96 89 530 -84 -46 -7 7 7
1 9983 100 82 2 3 0 0 0 0 -42 -7 16 105 -28 N N N N -236 -124 -16 16 16
1 10016 122 72 -2 -4 0 0 0 0 -38 -3 7 115 -53 42 109 104 531 -447 -219 -23 28 28
1 9984 114 30 -2 5 0 0 0 0 -16 1 6 -56 -34 N N N N -739 -332 -22 41 41
1 10015 112 6 3 0 0 0 0 0 -3 1 2 -80 -46 46 103 109 530 -854 -335 2 37 37
1 9986 127 11 2 2 0 0 0 0 -6 0 2 287 93 N N N N -709 -263 11 27 27
1 10015 126 35 0 -3 0 0 0 0 -18 2 5 155 59 44 98 113 530 -599 -347 -62 50 50
1 9984 123 8 -5 -2 0 0 0 0 -3 0 1 113 43 N N N N -823 -401 -42 53 53
1 20016 228 -40 5 4 0 0 0 0 19 -3 -6 473 177 42 94 110 530 -1119 -626 -105 90 90
1 19984 228 -91 0 -2 0 0 0 0 48 0 -14 333 128 N N N N -735 -440 -85 66 66
1 24076 305 -139 -2 130 -9 1432 1 -2 73 33 42 368 148 41 89 106 530 -1432 -794 -132 115 115
1 20453 256 -198 -1 -2 0 0 0 0 92 40 -38 211 89 N N N N -755 -443 -85 67 67
1 20016 245 -196 -1 3 0 0 0 0 70 68 -38 218 84 43 87 104 530 -597 -367 -76 57 57
1 22100 250 -70 36 -126 50 -1434 0 2 18 26 -25 245 55 N N N N -590 -346 -67 53 53
1 20016 206 59 0 -3 0 0 0 0 -16 -27 4 48 -2 40 80 86 530 -1072 -493 -42 66 66
1 19986 205 -20 0 4 0 0 0 0 6 9 1 -1 -3 N N N N -659 -285 -15 37 37
1 20014 206 -39 -1 -5 0 0 0 0 10 18 -4 -137 -92 38 78 73 530 -497 -171 14 18 18
1 19986 203 -80 1 2 0 0 0 0 16 39 -4 -66 -64 N N N N -152 -26 19 -1 -1
1 20013 191 -40 1 2 0 0 0 0 7 20 -1 7 -4 43 75 76 530 379 170 13 -22 -22
1 19987 189 10 0 -1 0 0 0 0 -1 -5 0 56 19 N N N N 263 96 -5 -11 -11
1 20016 201 10 1 -1 0 0 0 0 -2 -5 0 158 59 41 77 71 530 401 114 -25 -9 -9
1 19982 186 10 -2 1 0 0 0 0 -1 -5 1 385 71 N N N N 503 106 -53 -2 -2
1 20018 205 -20 2 1 0 0 0 0 2 10 0 267 76 41 75 63 530 179 -102 -101 31 31
1 19982 174 -41 -1 -1 0 0 0 0 5 21 -2 -29 -15 N N N N 395 80 -43 -2 -2
1 20018 202 -80 0 -1 0 0 0 0 6 42 -2 78 16 40 73 58 530 314 98 -14 -9 -9
1 19985 194 3515 4 0 0 0 0 0 -2 45 0 64 11 N N N N 372 106 -23 -8 -8
1 20013 197 -79 0 -3 0 0 0 0 -7 41 1 123 26 39 74 56 530 244 53 -25 -2 -2
1 19984 200 -75 -1 4 0 0 0 0 -12 38 2 156 47 N N N N 489 121 -40 -7 -7
1 20017 190 -74 1 -3 0 0 0 0 -18 35 3 172 53 38 74 56 530 337 47 -49 4 4
1 24398 251 35 -4 -125 1 -1369 1 -2 9 -22 23 648 151 N N N N 112 -49 -54 16 16
1 20312 217 158 8 6 0 0 0 0 26 -78 -16 431 132 40 73 53 530 510 -86 -165 41 41
1 21043 213 -3477 -4 -1 0 0 0 0 3 -63 -15 309 107 N N N N -1144 -697 -147 110 110
1 20247 232 152 2 0 0 0 0 0 -15 -78 -11 54 27 39 73 53 530 -1633 -730 -58 99 99
1 21338 214 198 3 -1 0 0 0 0 -52 -92 -6 20 13 N N N N -672 -301 -24 41 41
1 23721 256 185 -10 122 -6 1393 0 2 -73 -62 53 7 6 38 72 51 530 -388 -163 -7 21 21
1 19985 194 134 5 0 0 0 0 0 -64 -31 17 323 38 N N N N -290 -194 -49 33 33
1 20015 210 95 -3 2 0 0 0 0 -49 -13 11 195 43 37 74 50 530 -1805 -772 -44 103 103
1 19986 205 29 4 1 0 0 0 0 -16 -2 4 150 40 N N N N -1650 -743 -64 104 104
1 20014 225 -12 -4 -5 0 0 0 0 7 1 -3 82 20 40 73 49 530 -1265 -544 -35 74 74
1 19985 189 -102 5 1 0 0 0 0 52 12 -12 156 42 N N N N -1073 -463 -30 64 64
1 20016 204 -120 -1 0 0 0 0 0 59 26 -13 173 46 40 72 47 530 -739 -358 -44 54 54
1 19983 199 -155 0 1 0 0 0 0 66 50 -13 274 81 N N N N -644 -345 -59 55 55
1 20016 183 -159 2 -1 0 0 0 0 50 68 -12 128 40 41 74 49 530 117 -56 -61 19 19
1 19985 184 -143 1 1 0 0 0 0 27 70 -7 169 37 N N N N 472 122 -37 -8 -8
1 20016 184 3468 -1 -1 0 0 0 0 9 69 -3 312 80 40 74 50 530 45 -86 -62 23 22
1 19983 174 -129 2 -2 0 0 0 0 -8 68 0 105 34 N N N N -596 -336 -66 55 55
1 20016 174 -77 0 5 0 0 0 0 -12 39 2 244 75 39 75 49 531 -744 -383 -60 61 61
1 19985 179 -25 -2 -1 0 0 0 0 -5 12 1 91 34 N N N N -955 -453 -54 69 70
1 20015 174 -17 2 1 0 0 0 0 -4 8 2 30 12 38 70 48 531 -1329 -537 -18 74 74
1 19984 171 -33 1 -3 0 0 0 0 -8 16 1 225 63 N N N N -948 -385 -15 53 53
1 23956 187 44 -2 -112 0 -1391 1 -2 10 -27 20 548 154 38 73 45 531 -1115 -590 -103 98 98
1 20457 147 -3246 -1 2 0 0 0 0 20 -179 -37 3152 848 N N N N -3171 -1919 -451 346 346
1 20016 131 318 -5 2 0 0 0 0 -80 -147 -10 2037 615 39 76 47 531 -8367 -4027 -572 680 681
1 24629 152 266 10 113 -7 1378 0 2 -120 -72 72 1238 430 N N N N -8863 -4039 -504 706 705
1 20018 117 78 11 -2 0 0 0 0 -42 -11 9 750 263 37 70 44 531 -7761 -3290 -301 581 581
1 19982 114 49 6 -8 0 0 0 0 -27 -5 2 605 207 N N N N -6863 -2793 -200 504 504
1 20016 132 56 4 1 0 0 0 0 -31 -2 5 417 153 39 69 46 531 -5058 -2048 -150 383 383
1 19986 134 43 0 -1 0 0 0 0 -23 1 5 683 204 N N N N -3703 -1557 -160 309 309
1 20014 116 -2 -4 -1 0 0 0 0 2 0 -1 578 181 37 69 47 531 -3193 -1330 -134 269 269
1 19984 129 -76 -2 -1 0 0 0 0 41 0 -9 532 164 N N N N -1870 -861 -146 189 189
1 20018 126 -65 6 0 0 0 0 0 34 5 -6 817 220 36 69 44 531 -2722 -1211 -184 266 266
1 19982 131 -44 4 0 0 0 0 0 23 5 -2 382 143 N N N N -2933 -1256 -165 276 276
1 20016 139 13 -16 3 0 0 0 0 -5 -1 1 691 227 37 68 47 531 -4156 -1688 -165 366 366
1 19984 124 -188 6 -2 0 0 0 0 92 39 -20 3651 953 N N N N -3579 -1503 -193 344 344
1 20019 114 -8 -1 9 0 0 0 0 4 3 5 6143 1887 41 69 46 531 -6939 -3662 -1082 1004 1004
1 19981 99 187 0 -3 0 0 0 0 -92 -40 16 746 448 N N N N -9641 -4214 -827 1130 1130
1 20016 107 -4 2 -5 0 0 0 0 2 -1 -3 1107 339 38 69 47 531 -8946 -3549 -497 966 966
1 19986 103 -67 1 3 0 0 0 0 34 12 -5 479 223 N N N N -5531 -2107 -245 588 588
1 20016 113 -12 0 2 0 0 0 0 6 3 -1 -8 81 38 73 47 531 -2712 -1066 -165 315 315
1 27042 136 -109 -1 122 -9 1409 0 -2 53 44 42 1401 353 N N N N -2689 -976 -79 278 278
1 20016 103 -145 -4 -1 0 0 0 0 59 46 -25 1045 315 37 71 46 531 -1230 -656 -278 238 238
1 22519 124 -89 2 -125 0 -1422 0 2 28 25 -44 2149 665 N N N N -1579 -824 -345 301 301
1 20835 96 42 1 3 0 0 0 0 -13 -18 3 651 311 38 70 48 531 -1910 -921 -340 331 331
1 19985 81 89 1 0 0 0 0 0 -31 -36 7 492 181 N N N N -967 -430 -132 150 150
1 20016 88 71 0 1 0 0 0 0 -30 -24 5 65 68 37 71 49 532 -841 -405 -155 149 149
1 19983 67 52 -1 -3 0 0 0 0 -23 -16 3 764 216 N N N N -834 -341 -82 115 115
1 20016 73 -117 -1 -3 0 0 0 0 50 38 -10 1119 208 38 74 47 532 -543 -290 -137 113 113
1 19985 75 -166 2 -1 0 0 0 0 55 69 -10 551 316 N N N N -619 -338 -168 135 135
1 20016 66 -115 -2 4 0 0 0 0 25 56 -4 551 178 40 75 47 532 -569 -369 -227 157 157
1 19984 73 -34 5 -1 0 0 0 0 6 17 0 798 185 N N N N -619 -324 -154 128 128
1 20017 77 18 -2 4 0 0 0 0 -3 -9 1 730 236 37 70 50 532 -556 -299 -150 121 121
1 19983 81 46 3 -2 0 0 0 0 -8 -23 2 516 218 N N N N -1245 -488 -111 169 169
1 20016 76 16 -3 1 0 0 0 0 -3 -8 1 395 158 40 70 48 532 -951 -398 -118 144 144
1 19985 86 43 -1 3 0 0 0 0 -10 -20 2 226 96 N N N N -646 -278 -92 104 104
1 20014 93 94 3 -3 0 0 0 0 -27 -43 4 617 168 41 71 50 533 -603 -236 -55 84 84
1 19987 111 105 -4 0 0 0 0 0 -38 -41 7 425 157 N N N N -369 -241 -159 107 107
1 20014 89 105 4 -1 0 0 0 0 -45 -34 8 489 136 40 70 48 533 -410 -200 -91 81 81
1 19985 118 68 -93 -4 -112 -1 1 0 -24 -18 -17 568 185 N N N N -259 -215 -174 103 103
1 20015 142 0 16 3 0 0 0 0 -2 0 3 644 216 39 70 50 533 -48 -102 -113 56 56
1 19985 149 -49 1 1 0 0 0 0 23 13 -5 1545 456 N N N N 399 45 -106 9 9
1 20016 145 84 -3 -2 0 0 0 0 -39 -21 10 1440 421 39 72 46 533 -521 -343 -235 156 156
1 19983 148 107 6 0 0 0 0 0 -54 -16 17 1078 324 N N N N -1413 -629 -248 249 249
1 20017 148 86 -2 0 0 0 0 0 -45 -6 13 321 196 37 69 47 534 -2632 -995 -240 365 365
1 19984 142 111 2 0 0 0 0 0 -58 2 18 669 193 N N N N -3048 -1031 -120 357 357
1 20015 151 85 -4 -3 0 0 0 0 -42 9 13 1162 345 40 70 44 534 -2350 -824 -141 299 299
1 19985 156 -112 1 3 0 0 0 0 57 -11 -16 938 305 N N N N -1723 -698 -246 284 284
1 20016 147 -76 5 -1 0 0 0 0 39 0 -12 533 193 38 70 43 534 -1054 -478 -229 208 208
1 19982 165 -60 0 0 0 0 0 0 31 3 -10 466 145 N N N N -1282 -465 -112 181 181
1 20017 141 0 0 1 0 0 0 0 0 0 0 1686 475 39 68 44 535 -897 -363 -136 152 152
1 19983 149 25 1 0 0 0 0 0 -13 -2 4 443 168 N N N N -758 -370 -216 172 172
1 20017 145 80 0 0 0 0 0 0 -42 -2 12 150 80 38 69 43 535 -1233 -466 -146 192 192
1 19983 129 40 -1 -2 0 0 0 0 -20 2 7 66 40 N N N N -853 -320 -100 132 132
1 25603 138 -31 49 130 77 1430 1 -2 9 25 60 1 22 36 69 42 535 -723 -271 -85 113 113
1 61456 281 -346 1 2 0 0 0 0 177 35 -48 743 188 N N N N -1507 -569 -189 240 240
1 81707 337 -280 2 -123 0 -1378 0 2 104 88 -74 1168 318 N N N N -2681 -870 -117 335 335
1 79998 315 -15 3 0 0 0 0 0 4 7 2 1405 468 N N N N 850 31 -365 63 63
1 80016 342 -122 1 0 0 0 0 0 27 59 -6 528 185 38 68 44 539 1566 381 -131 -110 -110
1 79985 386 -137 2 2 0 0 0 0 12 71 -4 617 187 N N N N -38 -98 -141 64 64
1 79999 395 3111 -2 -2 0 0 0 0 -99 231 15 659 147 N N N N -893 -361 -163 163 163
1 84294 434 181 -3 -128 0 -1433 0 -2 61 -82 16 673 221 N N N N -1168 -445 -173 195 195
1 80412 401 -3302 -1 4 0 0 0 0 39 -147 -36 545 124 N N N N 1696 454 -63 -151 -151
1 81767 379 561 0 127 -8 1418 0 2 -147 -243 36 728 230 N N N N -562 -274 -183 136 136
1 80001 326 -67 0 -2 0 0 0 0 30 20 -6 90 3 N N N N -2479 -726 -14 267 267
1 79999 320 -143 3 0 0 0 0 0 54 54 -11 677 174 N N N N -2653 -833 -116 331 331
1 80016 326 -123 0 0 0 0 0 0 34 56 -9 364 119 37 70 43 544 -876 -328 -133 149 149
1 79984 357 -17 0 -2 0 0 0 0 4 8 1 704 186 N N N N 782 156 -121 -35 -35
1 80001 399 -105 1 1 0 1 -1 0 18 53 -4 441 118 N N N N 1688 444 -68 -151 -151
1 79998 425 3391 1 0 0 0 0 0 3 110 -3 316 92 N N N N 5815 1590 -118 -555 -555
1 80001 425 -242 0 2 0 0 0 0 -48 118 7 51 15 N N N N 3243 912 -20 -320 -320
1 80001 417 -226 2 0 0 0 0 0 -87 84 15 195 43 N N N N 1417 385 -29 -128 -128
1 85821 503 539 -2 -124 0 -1421 -2 -2 138 -244 -20 158 32 N N N N 2139 550 -90 -172 -172
1 84233 464 -3017 -4 122 -8 1403 -1 2 -141 -257 28 322 65 N N N N 109 17 -21 -2 -2
1 80016 459 -205 0 -1 0 0 0 0 81 74 -16 174 56 37 69 40 548 1553 403 -57 -126 -126
1 79985 497 -198 3 1 0 0 0 0 48 93 -11 5 0 N N N N -957 -272 -1 93 93
1 79999 478 3436 -1 1 0 0 0 0 13 86 -4 503 144 N N N N -5429 -1592 -80 572 572
1 80000 464 -3549 -2 0 0 0 0 0 -1 -27 0 124 39 N N N N -5163 -1485 -37 541 541
1 84495 473 385 -2 -96 -2 -1186 -2 -3 -87 -185 -15 365 114 N N N N -4564 -1343 -89 515 515
1 79564 353 -70 27 92 31 1191 0 3 24 31 40 -7 -13 N N N N -6797 -1923 -5 737 737
1 80000 325 -11 0 4 0 0 0 0 4 5 -1 447 126 N N N N -2282 -670 -50 273 273
1 80000 356 -91 0 -4 0 0 0 0 26 41 -5 137 45 N N N N 1186 306 -56 -110 -110
1 80015 329 -35 -1 3 0 0 0 0 8 17 -1 281 76 35 69 42 551 -659 -207 -41 89 89
1 79985 334 -212 -1 -3 0 0 -3 0 25 109 -5 378 126 N N N N 1884 489 -79 -177 -177
1 79999 315 3490 2 1 0 0 0 0 -4 58 0 139 46 N N N N 2362 645 -35 -243 -243
1 80001 296 -131 2 0 0 0 0 0 -20 67 2 166 52 N N N N -640 -201 -40 85 85
1 80000 308 -111 -2 1 0 0 0 0 -30 51 3 56 17 N N N N -684 -201 -16 81 81
1 84176 544 -3168 -73 -124 -105 -1411 -2 -2 51 -216 -54 212 52 N N N N -224 -82 -38 39 39
1 86000 615 376 19 120 23 1406 -1 2 -96 -174 47 280 84 N N N N -1096 -337 -58 143 143
1 80000 548 -146 -2 5 0 0 0 0 51 59 -13 117 21 N N N N -6697 -1877 -7 751 751
1 80018 557 -61 0 -3 0 0 0 0 16 28 -5 174 49 37 72 42 552 -4309 -1223 -39 512 512
1 79982 562 -189 0 -1 0 0 0 0 31 95 -8 183 49 N N N N -7798 -2189 -27 943 943
1 80000 588 3526 3 1 0 0 0 0 3 39 -1 255 75 N N N N -3944 -1121 -54 508 508
1 86295 665 -3042 -4 0 -6 -1 -3 0 -138 -250 35 343 103 N N N N -4204 -1200 -79 560 560
1 80000 617 -55 -3 0 0 0 0 0 24 18 -6 386 116 N N N N 1783 475 -60 -209 -209
1 80000 595 -197 -1 2 0 0 0 0 69 78 -19 133 41 N N N N 5912 1630 -35 -725 -725
1 80001 611 -142 4 2 0 0 0 0 32 68 -8 383 109 N N N N 4043 1103 -46 -472 -472
1 80000 615 -29 0 0 0 0 0 0 4 15 -2 406 124 N N N N 8156 2224 -83 -916 -916
1 85253 680 390 -4 -4 -9 1 -2 0 -114 -169 30 343 112 37 73 43 553 2177 559 -88 -211 -211
1 79983 623 155 -2 1 0 0 0 0 -73 -39 19 89 24 N N N N 177 41 -17 -14 -14
1 80001 600 10 1 0 0 0 0 0 -5 -2 2 139 39 N N N N -104 -42 -28 22 22
1 79999 587 -124 -1 -2 0 0 0 0 60 29 -16 137 36 N N N N -461 -139 -24 61 61
1 80000 594 -124 0 4 0 0 0 0 51 41 -14 121 34 N N N N 211 46 -24 -15 -15
1 80000 568 -135 -1 -3 0 0 -3 0 45 56 -13 212 59 N N N N 214 43 -34 -10 -10
1 80001 557 21 0 2 0 0 0 0 -6 -9 2 266 74 N N N N -9 -27 -49 19 19
1 79999 563 -166 0 0 0 0 0 0 38 79 -12 140 46 N N N N -2420 -684 -40 286 286
1 80000 579 3358 -2 -1 0 0 0 0 10 127 -4 42 8 N N N N -669 -188 -8 79 79
1 85705 631 -3150 2 -123 0 -1398 -1 -2 -62 -223 -20 167 41 N N N N -14601 -4025 -36 1736 1736
1 84118 619 186 -3 124 -8 1389 0 2 -72 -68 58 144 37 N N N N 528 136 -23 -57 -57
1 80000 603 51 0 -1 0 0 0 0 -23 -14 6 322 89 N N N N -12893 -3551 -48 1664 1664
1 80000 635 -35 0 1 0 0 0 0 16 9 -4 218 63 N N N N -3339 -927 -44 462 462
1 79999 638 -58 -1 0 0 0 0 0 26 18 -6 269 75 N N N N -6911 -1902 -47 971 971
1 80002 641 -26 -1 0 0 0 -1 0 11 8 -3 286 83 N N N N -2102 -587 -58 315 315
1 79999 659 53 -1 -6 0 0 0 0 -22 -17 6 654 191 N N N N -2830 -792 -104 434 434
1 80000 661 -102 3 5 0 0 0 0 41 35 -12 270 85 N N N N -2176 -604 -67 334 334
1 80000 658 10 1 2 0 0 0 0 -4 -4 1 356 100 N N N N -1674 -465 -59 261 261
1 80000 651 -4 1 -3 0 0 -2 0 2 1 0 420 128 N N N N -1776 -495 -87 284 284
1 80000 665 15 -2 1 0 0 0 0 -7 -4 2 316 93 N N N N -1792 -494 -61 283 283
1 79999 657 -143 1 -1 0 0 0 0 49 58 -14 234 60 N N N N -875 -239 -18 137 137
1 80001 652 -92 -2 0 0 0 0 0 23 43 -7 241 76 N N N N -867 -244 -73 146 146
1 79999 638 -37 5 3 0 1 -2 0 8 18 -2 253 73 N N N N 145 34 -38 -15 -15
1 80001 607 -4 -3 -2 0 0 0 0 1 2 0 337 95 N N N N -94 -33 -63 26 26
1 80000 597 3408 2 2 0 0 0 0 16 100 -6 606 181 N N N N -254 -81 -106 58 58
1 79999 579 -275 -1 1 0 0 0 0 -37 140 8 384 116 N N N N -3051 -828 -75 482 482
1 84060 641 -3250 -4 -129 0 -1392 -1 -2 35 -178 -15 608 166 N N N N -3546 -958 -92 571 571
1 81823 586 488 22 121 23 1397 -1 2 -135 -215 52 204 69 N N N N -101 -31 -62 25 25
1 79999 492 143 1 6 0 0 0 0 -69 -34 17 542 160 N N N N -114 -38 -91 31 31
1 80001 489 -159 -2 -4 0 0 0 0 76 39 -18 355 106 N N N N 123 27 -67 -10 -10
1 80000 495 -214 0 3 0 0 0 0 80 81 -20 287 85 N N N N 865 225 -58 -127 -127
1 80001 500 -129 2 -2 0 0 0 0 31 61 -7 243 70 N N N N 990 260 -42 -147 -147
1 79999 515 6 -1 2 0 1 -1 0 -1 -3 0 162 48 N N N N 540 139 -37 -78 -78
1 80000 514 15 -2 -3 0 0 0 0 -3 -7 0 301 82 N N N N 545 140 -46 -76 -76
1 80000 528 148 4 1 0 0 0 0 -40 -68 11 613 170 N N N N 406 100 -80 -50 -50
1 80001 561 4 0 4 0 0 0 0 -1 -2 1 417 133 N N N N -93 -36 -107 32 32
1 80000 546 -78 -2 -2 0 0 -1 0 24 34 -7 150 46 N N N N 107 25 -36 -11 -11
1 79999 541 -128 1 -2 0 0 0 0 27 63 -6 413 108 N N N N -477 -130 -47 80 80
1 80001 578 16 0 0 0 0 0 0 -3 -8 0 300 93 N N N N 71 11 -77 2 2
1 79999 556 -48 1 4 0 0 0 0 7 24 -2 199 53 N N N N 247 62 -27 -33 -33
1 87764 639 404 -5 -2 -5 2 -1 0 -119 -174 28 297 83 N N N N 267 65 -53 -32 -32
1 80001 600 -180 -2 -1 0 0 0 0 69 67 -17 164 51 N N N N 423 106 -40 -57 -57
1 79999 573 -229 0 3 0 0 0 0 51 110 -14 225 56 N N N N 1154 299 -29 -167 -167
1 80000 602 3431 2 -2 0 0 0 0 8 89 -2 583 171 N N N N 1663 422 -103 -228 -228
1 80001 612 -177 0 2 0 0 0 0 -22 91 4 263 80 N N N N 2222 572 -60 -312 -312
1 84471 674 -3201 -2 -125 0 -1392 -1 -2 6 -207 -21 370 93 N N N N 828 208 -53 -109 -109
1 81117 614 315 -2 122 -8 1395 -1 2 -94 -137 45 531 162 N N N N 3916 1002 -101 -532 -532
1 80000 650 -165 1 2 0 0 0 0 59 65 -15 262 76 N N N N 3411 876 -51 -458 -458
1 80000 644 38 -2 1 0 0 0 0 -12 -16 3 208 56 N N N N 1253 317 -37 -161 -161
1 80000 635 -80 0 0 0 0 0 0 24 35 -7 295 83 N N N N 2473 629 -50 -319 -319
1 80000 659 -136 3 -1 0 0 0 0 28 67 -7 230 60 N N N N 2537 649 -32 -326 -326
1 86705 725 358 -7 1 -8 5 -2 0 -105 -156 26 431 120 N N N N 850 202 -76 -91 -91
1 80001 655 -21 2 1 0 0 0 0 8 7 -2 388 111 N N N N 5695 1450 -68 -706 -706
1 80000 637 -8 -3 -4 0 0 0 0 4 3 -1 300 85 N N N N 2143 536 -56 -250 -250
1 79999 639 175 -1 3 0 0 0 0 -79 -49 21 276 79 N N N N -753 -209 -56 109 109
1 80001 625 -86 1 2 0 0 0 0 40 21 -11 213 57 N N N N 1347 334 -37 -155 -155
1 79999 619 -105 1 0 -1 -1 -1 0 45 34 -11 126 31 N N N N 1984 504 -18 -237 -237
1 80001 622 -27 0 0 0 0 0 0 10 10 -3 138 39 N N N N -164 -52 -33 30 30
1 80000 628 -32 1 0 0 0 0 0 12 12 -3 270 68 N N N N -1443 -382 -41 187 187
1 80000 584 39 -3 -1 0 0 0 0 -14 -15 4 218 61 N N N N -1040 -277 -39 138 138
1 80000 581 -37 1 0 1 1 0 0 14 14 -4 456 124 N N N N 1896 463 -72 -210 -210
1 79999 563 -126 0 -1 0 0 0 0 39 55 -11 170 49 N N N N 1089 265 -42 -119 -119
1 80000 572 -211 1 -2 0 0 0 0 35 106 -11 284 77 N N N N -277 -83 -42 45 45
1 80001 545 3432 3 4 0 0 0 0 -2 89 0 331 91 N N N N 1214 290 -60 -127 -127
1 85009 597 -3078 -6 -96 -1 -1185 0 -3 -79 -257 -12 165 43 N N N N 1018 248 -35 -110 -110
1 79519 495 31 23 89 24 1174 -1 3 -12 -11 45 77 22 N N N N 251 59 -13 -26 -26
1 80000 468 -103 -1 2 0 0 0 0 37 41 -8 129 32 N N N N -508 -136 -23 67 67
1 80000 480 -178 1 3 0 0 0 0 43 84 -11 301 79 N N N N -561 -154 -37 77 77
1 80000 468 65 -3 -2 0 0 0 0 -12 -32 3 85 30 N N N N 4938 1241 -34 -566 -566
1 80000 460 -12 5 2 -1 0 -1 0 2 6 0 150 36 N N N N 3551 892 -20 -398 -398
1 80000 474 37 4 8 0 0 0 0 -8 -18 7 36 10 N N N N 1383 344 -15 -150 -150
1 79999 449 -21 -9 -9 0 0 0 0 5 10 -7 200 49 N N N N -1358 -353 -26 160 160
1 80001 465 -79 3 -7 0 0 0 0 16 39 -3 269 71 N N N N -1042 -277 -39 130 130
1 87589 540 342 -6 9 -5 2 -1 0 -104 -148 22 181 53 N N N N 3824 950 -42 -414 -414
1 80001 478 40 1 -4 0 0 0 0 -17 -13 4 229 61 N N N N 519 118 -33 -46 -46
1 80000 502 -41 -1 4 0 0 0 0 18 13 -3 162 44 N N N N 2732 675 -34 -288 -288
1 79999 498 -179 1 0 0 0 0 0 65 70 -17 102 27 N N N N 437 102 -20 -40 -40
1 80000 498 -108 1 -3 0 0 0 0 27 51 -6 140 35 N N N N 423 98 -20 -39 -39
1 80000 502 -20 0 1 0 -1 -1 0 4 10 -1 65 17 N N N N 1781 441 -16 -186 -186
1 80000 510 -28 1 0 0 0 0 0 5 14 -1 83 20 N N N N 403 95 -17 -37 -37
1 80000 524 -111 -2 1 0 0 0 0 13 58 -4 -6 -8 N N N N -2479 -624 -1 266 266
1 80000 528 3485 -3 1 0 0 0 0 1 61 -1 135 31 N N N N -2572 -653 -16 285 285
1 85227 600 -3123 0 -96 0 -1184 0 -3 -82 -235 -15 161 39 N N N N -473 -131 -31 62 62
1 79184 549 67 -2 96 -8 1185 -1 3 -26 -23 42 128 33 N N N N -1687 -431 -18 192 192
1 80000 551 32 2 -4 0 0 0 0 -13 -11 2 120 30 N N N N -274 -76 -20 37 37
1 79999 581 -93 -2 3 0 0 0 0 38 33 -8 227 58 N N N N -1638 -425 -36 194 194
1 80000 580 -114 1 0 0 0 0 0 37 48 -10 102 24 N N N N -1108 -284 -20 130 130
1 80001 579 14 0 0 1 0 -1 0 -4 -6 1 235 58 N N N N 895 211 -34 -89 -89
1 79999 588 -21 -2 -3 0 0 0 0 7 9 -1 101 30 N N N N -569 -151 -26 71 71
1 80000 598 14 1 3 0 0 0 0 -5 -6 0 213 53 N N N N -2279 -581 -31 267 267
1 80001 585 -114 2 1 0 0 0 0 28 54 -7 220 57 N N N N -55 -26 -33 16 16
1 79999 607 -81 -1 0 -1 0 -1 0 13 41 -4 187 47 N N N N -509 -138 -34 68 68
1 80000 594 -108 0 -4 0 0 0 0 8 57 -2 143 37 N N N N -139 -45 -29 25 25
1 80000 605 3506 1 2 0 0 0 0 -3 50 0 170 44 N N N N 156 28 -31 -8 -8
1 80000 607 -112 0 0 0 0 0 0 -14 58 3 91 21 N N N N 221 50 -15 -21 -21
1 84058 653 -3193 -8 -121 0 -1397 -1 -2 -7 -211 -23 143 33 N N N N 257 56 -25 -21 -21
1 81119 623 293 4 121 -7 1408 0 2 -94 -124 50 103 27 N N N N 165 34 -19 -13 -13
1 80000 595 -113 -1 1 0 0 0 0 44 42 -11 94 20 N N N N -455 -117 -11 55 55
1 80000 602 -168 -2 -1 0 0 0 0 48 75 -14 200 48 N N N N 504 115 -31 -47 -47
1 80000 591 -166 1 0 0 0 0 0 24 85 -6 151 41 N N N N -25 -17 -32 13 13
1 80000 602 3493 1 2 0 0 0 0 1 57 -1 166 39 N N N N 22 -3 -22 4 4
1 86116 670 -3212 -1 -122 -1 -1405 -1 -2 -56 -195 -23 174 42 N N N N 306 64 -36 -23 -23
1 80001 529 166 19 122 24 1398 0 2 -62 -64 60 140 38 N N N N 647 153 -21 -66 -66
1 80000 500 -80 1 -2 0 0 0 0 32 29 -6 68 17 N N N N 656 157 -16 -68 -68
1 78743 213 97 223 -50 158 -459 -292 -4 -60 -46 24 -4 8 N N N N 172 39 -9 -16 -16
1 79987 -27 80 275 4 347 -1 -305 0 -98 -25 61 50 2 N N N N 49 10 -5 -4 -4
1 80054 -517 -67 -20 12 -1 0 -355 0 48 20 2 -60 -10 N N N N 17 9 11 -5 -5
1 81216 -801 -36 -166 16 0 0 -209 4 31 21 9 -204 -49 N N N N -685 -160 31 66 66
1 80001 -880 -118 -1 -2 0 0 0 0 44 44 15 -260 -65 N N N N -899 -209 37 89 89
1 80000 -879 2 2 0 0 0 0 0 -1 -1 0 -270 -66 N N N N -310 -63 41 22 22
1 79999 -919 93 1 -2 0 0 0 0 -35 -36 -11 -216 -55 N N N N 173 58 44 -33 -33
1 80000 -759 27 -40 4 -56 0 -8 0 -1 -8 -14 -94 -21 N N N N -324 -75 17 31 31
1 80000 -720 -19 -4 -2 0 0 0 0 8 6 1 -136 -31 N N N N 156 46 19 -23 -23
1 80000 -700 -133 3 1 0 0 0 0 49 52 13 -126 -31 N N N N -400 -91 24 37 37
1 80000 -707 -108 1 0 0 0 0 0 30 49 9 -244 -62 N N N N -361 -77 38 29 29
1 80000 -691 -76 -1 2 0 0 -1 0 15 38 4 -139 -35 N N N N -317 -71 24 29 29
1 79999 -683 -90 -1 -2 0 0 0 0 11 46 4 -140 -32 N N N N -73 -10 24 1 1
1 80001 -693 -80 -2 -2 0 0 0 0 4 42 1 -220 -57 N N N N 624 168 37 -82 -82
1 80000 -678 3428 -1 -2 0 0 0 0 -14 89 0 -208 -53 N N N N -577 -133 33 55 55
1 84084 -714 -2929 9 13 4 17 -2 0 -101 -318 -27 -144 -34 N N N N 3287 831 24 -378 -378
1 80800 -673 84 -1 -4 0 0 0 0 -37 -27 -12 -180 -47 N N N N 689 186 35 -89 -89
1 80000 -649 39 1 0 0 0 0 0 -19 -10 -4 -141 -34 N N N N -56 -6 23 0 0
1 79999 -622 23 -3 -5 0 0 0 0 -11 -6 -4 -199 -52 N N N N -1272 -308 32 132 132
1 80000 -637 -64 1 5 0 0 0 0 31 17 9 -193 -49 N N N N 1893 487 33 -223 -223
1 85472 -611 -435 2 -6 0 12 0 0 138 179 36 -78 -19 N N N N -384 -91 15 38 38
1 80000 -597 -116 -4 2 0 0 0 0 11 61 3 -210 -50 N N N N 2550 653 32 -293 -293
1 80001 -563 20 3 -1 0 0 0 0 0 -11 1 -116 -29 N N N N 3670 932 25 -409 -409
1 79999 -545 3510 -2 0 0 0 0 0 1 48 0 -138 -33 N N N N 2575 654 13 -282 -282
1 80000 -574 -63 -1 0 0 0 0 0 -4 33 0 -220 -59 N N N N -1895 -460 42 190 190
1 81176 -623 -3101 3 126 0 1377 -39 -2 -71 -213 19 -217 -58 N N N N -2166 -532 34 223 223
1 77115 -572 247 -6 -123 0 -1402 -42 2 -104 -113 -68 -125 -34 N N N N -2638 -653 30 281 281
1 80000 -588 6 -1 0 0 0 0 0 -3 -1 -1 -168 -42 N N N N 383 105 23 -50 -50
1 80000 -599 -62 2 0 0 0 0 0 30 15 7 -199 -54 N N N N -2628 -649 39 281 281
1 80000 -600 5 -2 2 0 0 0 0 -2 -1 0 -163 -40 N N N N -655 -156 27 65 65
1 80000 -611 -108 -1 -2 0 0 0 0 48 33 11 -209 -56 N N N N -1266 -308 32 134 134
1 80001 -617 -59 -1 0 0 0 -2 0 23 22 6 -73 -19 N N N N -2405 -601 23 268 268
1 80001 -629 -24 3 0 0 0 0 0 9 9 3 -363 -95 N N N N -2780 -691 40 312 312
1 80000 -607 -16 -1 -3 0 0 0 0 5 6 1 -255 -73 N N N N -615 -137 58 55 55
1 79998 -626 -16 -1 1 0 0 0 0 5 7 1 -90 -22 N N N N 308 84 21 -42 -42
1 80002 -630 -31 2 3 0 0 -1 0 10 14 3 -78 -17 N N N N 977 253 13 -120 -120
1 79998 -605 139 0 -1 0 0 0 0 -50 -55 -13 -358 -95 N N N N -1459 -356 47 158 158
1 80001 -610 13 -5 -2 0 0 0 0 -5 -5 -2 -204 -58 N N N N -1294 -315 47 141 141
1 80002 -619 -1 1 0 0 0 0 0 1 0 1 -247 -65 N N N N -556 -129 39 55 55
1 79998 -627 -2 4 2 0 0 0 0 0 1 0 -300 -80 N N N N 2820 734 48 -350 -350
1 79999 -630 -33 -3 0 0 0 0 0 14 12 3 -390 -111 N N N N -3856 -964 68 441 441
1 80001 -626 -75 0 -3 0 0 0 0 27 29 7 -158 -41 N N N N -1631 -407 33 189 189
1 80001 -639 -13 0 4 0 0 0 0 5 6 1 -264 -72 N N N N 1436 381 45 -188 -188
1 79998 -623 -95 0 -2 0 0 0 0 27 42 7 -167 -45 N N N N 975 259 33 -127 -127
1 80002 -601 -31 0 1 0 0 0 0 8 15 2 -171 -44 N N N N -1080 -269 26 123 123
1 79998 -605 -143 -1 0 0 0 0 0 24 72 6 -276 -74 N N N N -775 -187 39 83 83
1 80000 -589 3470 4 0 0 0 0 0 4 69 3 -200 -56 N N N N 577 162 47 -84 -84
1 85178 -653 -2976 -6 2 0 0 0 0 -153 -277 -41 -415 -115 N N N N -509 -112 67 44 44
1 80000 -593 42 2 -2 0 0 0 0 -21 -11 -5 -418 -121 N N N N -3855 -973 71 459 459
1 80000 -564 -2 -1 0 0 0 0 0 1 1 0 -199 -55 N N N N -3491 -892 38 435 435
1 80002 -570 -40 -1 -1 0 0 0 0 19 10 4 -363 -102 N N N N -3002 -760 66 374 374
1 79998 -567 -111 2 4 0 0 0 0 49 35 13 -111 -32 N N N N -3305 -851 23 433 433
1 80000 -570 -70 -4 -5 0 -1 -39 0 28 25 6 -245 -64 N N N N -1358 -344 38 174 174
1 79999 -559 224 0 3 0 0 0 0 -97 -71 -23 -492 -139 N N N N -353 -79 62 34 34
1 80001 -587 28 1 -1 0 0 0 0 -14 -6 -4 -560 -166 N N N N -3668 -932 117 480 480
1 80001 -555 -91 -3 -3 0 0 0 0 44 22 10 -316 -90 N N N N -3079 -794 52 424 424
1 81821 -572 -432 -3 2 0 9 -92 0 138 181 31 -646 -187 N N N N -4129 -1063 112 577 577
1 80003 -563 -100 -1 3 0 0 0 0 9 53 3 -251 -78 N N N N -1729 -444 66 244 244
1 79999 -592 71 -1 0 0 0 0 0 -6 -37 -2 -197 -52 N N N N 248 68 29 -41 -41
1 79998 -597 -81 1 -2 0 0 0 0 6 42 2 -289 -83 N N N N 273 77 51 -50 -50
1 80000 -615 3510 0 1 0 0 0 0 0 48 0 -410 -114 N N N N -1571 -405 62 225 225
1 77294 -647 -2925 1 -1 0 0 -22 0 -166 -298 -39 -366 -108 N N N N -849 -215 82 116 115
1 80002 -620 94 -5 2 0 0 0 0 -47 -18 -10 -301 -88 N N N N 30 13 55 -14 -13
1 79998 -635 -27 3 -3 0 0 0 0 13 4 2 -484 -136 N N N N 304 88 75 -58 -58
1 80002 -641 111 -2 1 0 0 0 0 -58 -15 -12 -338 -99 N N N N 338 96 66 -62 -62
1 79998 -640 1 2 0 0 0 0 0 -1 0 0 -218 -63 N N N N 351 97 41 -61 -61
1 84532 -680 -712 -4 0 0 -4 -2 0 257 252 55 -311 -90 N N N N -442 -110 67 57 57
1 80000 -638 -82 1 -4 0 0 0 0 4 42 2 -69 -17 N N N N -192 -51 16 27 27
1 80000 -634 3592 -1 3 0 0 0 0 0 5 0 -600 -173 N N N N -1190 -306 92 169 169
1 80000 -613 -3509 2 1 0 0 0 0 -5 -48 -1 -508 -144 N N N N -2071 -545 76 312 312
1 80000 -627 3512 0 -2 0 0 0 0 5 46 1 -390 -120 N N N N -249 -59 90 27 27
1 85119 -676 -2923 1 3 0 -14 0 0 -196 -280 -45 -728 -212 N N N N -827 -212 126 114 114
1 80000 -604 220 -1 -1 0 0 0 0 -117 -22 -25 -261 -81 N N N N 1255 341 59 -209 -209
1 80002 -598 91 1 -3 0 0 0 0 -49 4 -11 -161 -49 N N N N 2371 640 39 -380 -380
1 79998 -587 4 -5 2 0 0 0 0 -2 0 1 -229 -57 N N N N 1057 285 16 -168 -168
1 80000 -601 51 3 1 0 0 0 0 -27 6 -6 -379 -116 N N N N 3 10 89 -15 -15
1 85940 -632 -870 7 -3 0 14 0 0 374 202 84 -105 -31 N N N N -453 -119 29 66 66
1 80001 -565 3400 -9 3 0 0 0 0 17 105 1 -432 -125 N N N N 584 165 66 -102 -102
1 80000 -578 -105 1 0 0 0 0 0 -9 55 -1 -334 -100 N N N N 1054 291 64 -176 -176
1 79999 -570 38 -2 -1 0 0 0 0 5 -20 2 -400 -116 N N N N 527 151 75 -95 -95
1 80000 -568 87 1 -1 0 0 0 0 4 -46 -1 -365 -106 N N N N 1653 456 66 -268 -268
1 79087 -591 -3006 -6 2 0 -9 -94 -2 -151 -262 -35 -205 -62 N N N N 1281 353 43 -205 -205
1 81322 -576 116 2 4 0 0 -3 2 -57 -26 -12 -326 -94 N N N N 917 257 55 -150 -150
1 80003 -568 128 -1 -5 0 0 0 0 -68 -16 -15 -409 -123 N N N N 3530 973 81 -549 -549
1 79999 -602 -402 -41 -6 0 0 0 0 201 93 22 -190 -48 N N N N 3488 958 42 -524 -524
1 79999 -619 762 20 1 0 0 0 0 -387 -56 -54 -167 -44 N N N N 1770 488 28 -264 -264
1 80472 -751 -545 42 -104 83 -1398 -19 -2 278 -25 2 -434 -130 N N N N 2297 643 75 -347 -348
1 83646 -818 2645 -10 116 0 1410 0 2 136 445 86 -220 -64 N N N N 1408 395 46 -212 -211
1 80000 -789 66 10 -9 0 0 0 0 14 -33 10 -118 -35 N N N N 512 147 33 -80 -80
1 80000 -780 -3021 -1 0 0 0 0 0 -23 -292 -12 -271 -66 N N N N 1136 317 25 -167 -167
1 80002 -775 634 0 -7 0 0 0 0 -298 -131 -72 -198 -65 N N N N 3715 1034 62 -531 -531
1 79999 -771 535 -7 14 0 0 0 0 -228 150 -44 -444 -126 N N N N 2617 737 68 -375 -375
1 83176 -799 -912 32 -101 0 -1408 0 -2 420 -127 51 -118 -39 N N N N 1698 479 42 -240 -240
1 81000 -785 3008 -5 125 0 1403 0 2 153 284 89 -70 -14 N N N N 12131 3340 7 -1562 -1562
1 80000 -793 -3538 -3 -2 0 0 0 0 -2 -33 1 -206 -48 N N N N 12949 3578 32 -1553 -1553
1 80001 -776 104 -1 4 0 0 0 0 -11 -53 -1 -151 -41 N N N N 2825 793 31 -332 -332
1 80016 -788 -134 4 -2 0 0 0 0 12 69 1 -409 -117 37 69 42 559 1135 345 67 -153 -153
1 79984 -755 2 -2 -1 0 0 0 0 0 -1 -1 -368 -106 N N N N 1322 394 59 -171 -171
1 84468 -864 486 1 2 0 -4 0 0 -119 -221 -22 -292 -87 N N N N -757 -176 69 59 59
1 80000 -786 -13 1 -1 0 0 0 0 5 4 1 -292 -87 N N N N -324 -62 57 14 14
1 80000 -809 242 1 0 0 0 0 0 -115 -59 -28 -541 -164 N N N N -5154 -1398 70 563 563
1 80001 -802 -206 -2 -2 0 0 0 0 100 47 24 -482 -152 N N N N -10266 -2802 128 1186 1186
1 79999 -816 48 -3 1 0 0 0 0 -21 -14 -6 -392 -118 N N N N -552 -124 80 41 41
1 84119 -863 -555 -2 1 0 6 0 0 151 242 31 -488 -140 N N N N 1676 495 70 -232 -232
1 80017 -820 37 3 -2 0 0 0 0 -2 -20 0 -104 -23 36 70 41 558 11475 3228 42 -1384 -1384
1 79983 -824 -45 0 1 0 0 0 0 2 24 0 -444 -136 N N N N -591 -128 80 38 38
1 80000 -803 28 3 -4 0 0 0 0 -2 -16 0 -89 -6 N N N N 5163 1459 24 -598 -598
1 80001 -790 140 1 -2 0 0 0 0 -17 -73 -1 -113 -26 N N N N 5629 1594 25 -632 -632
1 80000 -784 174 -2 2 0 0 0 0 -45 -80 -10 -536 -155 N N N N 818 277 89 -124 -124
1 79998 -793 62 1 -1 0 0 0 0 -21 -25 -6 -687 -210 N N N N -1381 -325 120 102 102
1 80001 -799 256 -1 -5 0 0 0 0 -114 -77 -28 -343 -101 N N N N -3026 -817 72 307 307
1 80000 -802 72 -2 4 0 0 0 0 -36 -11 -10 -764 -216 N N N N 4132 1244 141 -513 -513
1 86370 -865 -664 2 -1 0 -1 0 0 231 244 54 -245 -73 39 72 41 558 9396 2710 75 -1029 -1029
1 79986 -798 1 -1 -6 0 0 0 0 -1 -2 0 -574 -122 N N N N 5996 1753 78 -643 -643
1 79997 -758 222 0 4 0 0 0 0 -42 -108 -9 -923 -245 N N N N -6754 -1815 178 614 614
1 80000 -715 -97 -1 -1 0 0 0 0 24 45 6 -950 -260 N N N N -5956 -1599 186 557 557
1 80000 -679 -179 0 -1 0 0 0 0 22 92 4 -1211 -323 N N N N 2356 807 227 -347 -347
1 84942 -769 731 -2 3 0 -1 0 0 -241 -272 -58 -1431 -402 N N N N 673 375 312 -201 -201
1 80001 -688 227 3 -1 0 0 0 0 -121 -4 -33 -884 -259 N N N N -97 57 146 -50 -50
1 79998 -683 153 -2 -1 0 0 0 0 -77 24 -21 -2129 -620 N N N N -1467 -192 413 -12 -12
1 80017 -680 -188 -4 1 0 0 0 0 96 -26 28 -3448 -1043 38 70 44 557 1425 796 646 -423 -423
1 19983 -160 60 1 -6 0 0 0 0 -32 5 -10 -249 -75 N N N N 708 282 120 -128 -128
1 20017 -168 111 -4 6 0 0 0 0 -55 18 -13 -377 -120 37 70 45 557 590 232 94 -104 -104
1 25102 -211 39 -3 -130 0 -1403 0 -2 -19 5 -65 -1220 -358 N N N N 615 262 129 -121 -121
1 20016 -175 -181 0 -1 0 0 0 0 91 -34 14 -1418 -410 40 69 46 557 935 471 313 -234 -234
1 20454 -170 -273 0 12 0 0 0 0 146 2 42 -930 -290 N N N N 2018 731 192 -300 -300
1 20016 -148 -261 0 -3 0 0 0 0 120 63 42 -1166 -353 40 73 45 557 1601 647 253 -280 -280
1 21129 -181 -291 12 128 0 1404 0 2 79 155 73 -851 -274 N N N N 1946 737 219 -302 -302
1 20811 -174 -125 -12 -8 0 0 0 0 16 63 -3 -1132 -352 39 70 46 556 1490 562 158 -226 -226
1 19985 -149 -22 -3 3 0 0 0 0 1 12 -3 -1236 -396 N N N N 1511 617 226 -257 -257
1 20015 -157 19 3 -2 0 0 0 0 -1 -10 3 -2150 -653 37 70 47 556 1562 746 385 -331 -331
1 19984 -153 3527 1 -1 0 0 0 0 1 38 -2 -591 -240 N N N N 2110 867 297 -349 -349
1 20016 -146 -35 2 -1 0 0 0 0 -2 18 0 -741 -243 38 71 49 556 2152 768 126 -276 -276
1 19985 -159 -149 -4 1 0 0 0 0 -20 76 -7 -1544 -470 N N N N 1376 649 299 -273 -273
1 20015 -144 -138 -5 1 0 0 0 0 -35 63 -12 -780 -256 38 74 45 556 1119 513 216 -209 -209
1 19984 -159 -115 2 -7 0 0 0 0 -42 43 -6 -1413 -414 N N N N 754 380 189 -160 -160
1 20017 -142 54 -4 7 0 0 0 0 22 -18 0 -2862 -860 39 75 44 556 87 331 414 -192 -192
1 19984 -146 -138 5 -3 0 0 0 0 -58 46 -11 -1012 -342 N N N N 753 597 475 -287 -287
1 20015 -148 -293 1 0 0 0 0 0 -147 49 -34 -1782 -526 37 72 43 556 576 484 395 -234 -234
1 19984 -132 -186 5 -4 0 0 0 0 -99 -9 -23 -3219 -863 N N N N 842 627 464 -291 -291
1 20017 -130 -127 -7 -5 0 0 0 0 -63 -24 -10 -3261 -934 38 71 46 556 2380 1345 715 -557 -557
1 19983 -140 -147 -6 -6 0 0 0 0 -64 -43 -11 -1758 -534 N N N N 5293 2317 651 -810 -810
1 20016 -118 -65 -5 -8 0 0 0 0 -24 -24 -2 -2939 -550 40 75 46 556 4479 1929 468 -637 -637
1 18800 -100 180 -10 9 1 1 -39 -4 75 59 17 -1519 -1030 N N N N 4790 2279 707 -762 -762
1 21246 -141 239 -2 131 -1 1379 -73 2 121 47 -45 -498 -384 37 69 44 556 8311 3228 334 -891 -891
1 20766 -129 296 19 -2 0 0 0 0 153 -14 40 -646 -283 N N N N 7809 3061 306 -800 -800
1 20014 -135 270 7 -1 0 0 0 0 115 -76 45 -622 -200 38 72 44 556 5988 2323 190 -571 -571
1 20453 -122 219 1 0 0 0 0 0 55 -96 35 -427 -142 N N N N 4285 1694 156 -406 -406
1 20015 -138 -3409 -4 -7 0 0 0 0 14 -99 22 -187 -78 40 70 46 556 3226 1250 87 -287 -287
1 22691 -142 147 1 0 0 0 0 0 -15 -75 14 -1042 -258 N N N N 2436 1022 135 -244 -244
1 20015 -113 108 -5 -1 0 0 0 0 -20 -54 1 -514 -190 39 68 47 556 2579 1132 182 -273 -273
1 20457 -140 58 -5 3 0 0 0 0 -15 -26 0 -1033 -314 N N N N 2973 1294 193 -303 -303
1 18747 -120 71 -2 -112 0 -1391 -1 -2 -24 -59 -33 -747 -257 38 74 48 555 3940 1718 248 -392 -392
1 20022 -118 -40 -18 3 1 -3 -90 0 18 17 -3 -1063 -332 N N N N 3621 1536 182 -333 -333
1 18305 -109 -158 1 10 -1 0 -45 4 43 75 7 -1174 -368 39 73 49 555 4301 1949 307 -428 -428
1 19984 -109 3352 -9 1 0 0 0 0 22 129 -2 -1214 -410 N N N N 6581 2899 376 -599 -599
1 20016 -127 -355 3 -5 0 0 0 0 -72 169 -17 -3858 -1101 39 76 47 555 7296 3468 574 -709 -709
1 19984 -90 -130 2 -6 0 0 0 0 -52 45 -8 -748 -298 N N N N 11541 5164 597 -943 -943
1 20016 -109 34 0 1 0 0 0 0 14 -11 4 -490 -180 39 77 48 555 8300 3552 279 -584 -584
1 19984 -101 99 1 -2 0 0 0 0 38 -37 9 -253 -96 N N N N 6420 2690 163 -414 -414
1 20016 -102 104 -3 -9 0 0 0 0 33 -47 6 -140 -51 40 75 54 555 3924 1646 97 -246 -246
1 19985 -105 109 -8 -1 0 0 0 0 25 -53 1 -2 13 N N N N 3068 1272 63 -184 -184
1 20015 -104 155 -6 -4 0 0 0 0 17 -81 -2 -229 -69 41 77 53 555 1243 542 42 -80 -80
1 19985 -118 -3395 8 2 0 0 0 0 -18 -106 1 -117 -52 N N N N 991 451 45 -68 -69
1 20015 -116 231 -1 1 0 0 0 0 -63 -105 -13 -60 -25 38 74 57 555 924 413 37 -62 -61
1 19984 -101 225 -5 -4 0 0 0 0 -98 -71 -19 -25 -14 N N N N 780 337 23 -48 -49
1 20016 -114 207 6 1 0 0 0 0 -110 -29 -17 -33 -11 39 76 55 554 659 275 14 -38 -37
1 19984 -122 187 2 -2 0 0 0 0 -101 8 -18 -20 -10 N N N N 495 221 19 -33 -33
1 20016 -123 189 -4 -3 0 0 0 0 -93 39 -14 -7 -4 38 72 58 554 341 143 8 -20 -21
1 19985 -118 200 4 8 0 0 0 0 -79 70 -11 -29 -6 N N N N 509 186 -5 -23 -22
1 18710 -122 182 53 -4 82 0 -46 -4 -49 82 -34 0 -4 41 77 58 554 324 173 29 -28 -28
1 20010 -133 256 -10 10 -3 0 -99 0 -15 130 3 -18 -6 N N N N 735 284 2 -36 -36
1 24707 -176 63 5 -118 8 -1371 -34 2 5 30 12 -71 -19 39 76 61 554 420 153 -6 -19 -19
1 21161 -150 -198 11 -5 0 0 0 0 -4 -98 -28 -10 -2 N N N N 354 159 14 -23 -23
1 20605 -194 -193 -2 4 0 0 0 0 29 -94 -11 -152 -51 40 78 58 554 145 73 11 -11 -11
1 23335 -189 -300 5 16 0 0 0 0 103 -117 10 -214 -16 N N N N 692 411 88 -69 -69
1 20254 -161 -323 -16 -10 0 0 0 0 162 -58 29 8 6 40 77 61 553 163 86 14 -14 -14
1 20924 -155 -241 18 3 0 0 0 0 123 16 39 -4 1 N N N N 105 34 -4 -3 -3
1 20369 -169 -226 -17 -9 0 0 0 0 104 60 30 -1 0 39 77 59 553 61 60 23 -12 -12
1 35984 -287 -337 -22 128 -43 1392 -2 2 90 181 58 -77 -15 N N N N 407 153 -3 -19 -19
1 20015 -144 -12 -4 3 0 0 0 0 2 7 0 -91 -24 41 82 59 552 154 86 16 -14 -14
1 19984 -146 163 4 -3 0 0 0 0 -28 -83 -4 -401 -103 N N N N 587 369 86 -63 -63
1 20017 -134 139 -1 -3 0 0 0 0 -41 -62 -8 -238 -76 40 77 60 552 1010 494 63 -73 -73
1 19984 -154 160 -5 5 0 0 0 0 -63 -56 -14 -193 -56 N N N N 859 468 82 -74 -74
1 20016 -144 111 6 -8 0 0 0 0 -55 -29 -11 -90 -29 40 77 58 552 849 370 24 -50 -50
1 19983 -142 125 4 0 0 0 0 0 -66 -19 -12 -118 -34 N N N N 431 223 34 -33 -33
1 20016 -134 140 -5 0 0 0 0 0 -74 -4 -17 -184 -49 39 74 61 551 222 164 46 -29 -29
1 19985 -149 105 0 0 0 0 0 0 -56 8 -11 -118 -34 N N N N 292 163 30 -26 -26
1 20015 -127 102 1 2 0 0 0 0 -51 17 -12 -171 -48 39 77 62 551 145 132 44 -24 -24
1 19984 -138 83 -1 4 0 0 0 0 -39 22 -3 -89 -35 N N N N 462 264 50 -42 -42
1 20017 -146 65 -2 -4 0 0 0 0 -28 18 -8 -160 -47 39 77 64 550 143 122 40 -22 -22
1 19984 -135 49 3 -1 0 0 0 0 -20 17 -4 -185 -53 N N N N 426 248 48 -39 -39
1 20016 -139 50 -5 2 0 0 0 0 -18 18 -4 -122 -39 39 77 64 550 272 190 49 -32 -32
1 19983 -134 28 -2 4 0 0 0 0 -9 12 0 -79 -28 N N N N 442 222 30 -32 -32
1 18768 -139 28 4 -2 0 0 -51 -3 -10 11 -3 -76 -21 39 75 62 549 261 145 25 -22 -22
1 25939 -179 -200 2 -131 0 -1404 -15 1 75 -76 -40 -88 -28 N N N N 67 100 43 -20 -20
1 20016 -155 -251 -2 8 0 0 0 0 124 -53 17 -83 -20 41 78 65 549 -97 9 28 -6 -6
1 20924 -142 -209 -4 -1 0 0 0 0 113 -2 22 -188 -39 N N N N 115 86 24 -15 -15
1 20015 -151 -179 -8 -4 0 0 0 0 93 28 19 -272 -45 40 78 72 548 -578 -94 77 -3 -3
1 21634 -147 -285 -2 -3 0 0 0 0 112 96 42 -81 -7 N N N N -623 -143 59 6 6
1 18707 -139 -254 18 128 -1 1406 -28 0 42 151 52 -17 -8 41 79 78 548 -286 -75 22 5 5
1 21293 -135 3479 -13 -2 1 0 -5 2 4 63 -6 -16 -6 N N N N -169 -80 -8 11 11
1 20015 -151 -49 0 2 0 0 0 0 -4 26 -2 -17 -9 41 81 79 547 -164 -53 6 5 5
1 19984 -132 -32 -4 -3 0 0 0 0 -3 16 0 -31 -13 N N N N -194 -58 11 5 5
1 20016 -132 31 2 1 0 0 0 0 3 -16 -1 -47 37 41 82 86 547 -262 -66 21 4 4
1 19985 -145 71 -1 3 0 0 0 0 6 -36 1 38 42 N N N N -492 -199 -4 24 24
1 20015 -135 -3529 2 -6 0 0 0 0 -1 -39 2 -38 2 42 83 101 546 -184 -72 1 9 9
1 19985 -143 15 1 5 0 0 0 0 -1 -7 1 -164 -22 N N N N 178 93 13 -14 -14
1 20014 -125 3536 -3 -4 0 0 0 0 2 33 -2 -250 -65 45 87 109 546 510 308 64 -49 -49
1 19987 -142 -79 -3 2 0 0 0 0 -3 42 -2 -135 -44 N N N N 838 412 49 -58 -58
1 20015 -126 -71 3 3 0 0 0 0 -10 37 -2 -58 -25 45 90 116 545 603 300 37 -42 -42
1 19984 -149 -56 -1 -3 0 0 0 0 -10 27 -2 -30 -16 N N N N 450 209 19 -29 -29
1 20016 -137 -41 -4 5 0 0 0 0 -8 21 -4 -32 -13 42 91 118 545 264 125 13 -17 -17
1 19983 -127 -29 1 -2 0 0 0 0 -8 13 -2 -16 -8 N N N N 152 78 10 -11 -11
1 20017 -150 -25 3 -5 0 0 0 0 -7 10 0 -23 -11 45 91 121 544 223 97 6 -12 -12
1 19983 -136 -25 -4 4 0 0 0 0 -9 11 -1 -9 -5 N N N N 173 82 8 -11 -11
1 18744 -130 -28 3 -3 1 0 -34 -4 -8 12 -2 -19 -7 41 93 123 544 89 43 5 -6 -6
1 23784 -183 94 3 125 -1 1380 -38 2 27 -17 -27 -25 -10 N N N N 257 119 10 -16 -16
1 20017 -164 211 2 -4 0 0 0 0 34 -102 31 -13 -4 43 92 116 543 318 141 10 -18 -18
1 20456 -156 -3363 0 3 0 0 0 0 -13 -120 26 -12 -7 N N N N 86 42 4 -6 -6
1 20016 -168 257 2 -4 0 0 0 0 -72 -116 13 1 1 44 88 117 543 163 72 5 -10 -10
1 24276 -180 234 -12 -120 0 -1403 -1 2 -102 -101 -63 -7 0 N N N N 115 44 -1 -4 -4
1 10016 -93 38 2 -2 0 0 0 0 -20 -8 -3 -2 -2 42 94 121 542 -149 -61 -1 7 7
1 9982 -65 31 -2 -2 0 0 0 0 -16 -5 -3 -8 -2 N N N N 99 40 0 -5 -5
1 10018 -80 23 4 0 0 0 0 0 -12 -5 -4 -6 -2 42 93 117 542 -9 -2 1 0 0
1 9985 -73 23 -3 2 0 0 0 0 -12 -1 0 -10 -3 N N N N 19 14 4 -2 -2
1 10015 -68 8 -1 2 0 0 0 0 -4 -1 -1 -127 -36 44 96 117 542 152 68 4 -9 -9
1 9984 -78 -19 0 -2 0 0 0 0 10 2 2 -365 -121 N N N N 283 174 37 -27 -27
1 10015 -63 -40 1 2 0 0 0 0 21 6 3 -363 -123 44 96 117 542 374 262 66 -43 -43
1 9985 -73 -35 -4 1 0 0 0 0 19 6 3 -117 -50 N N N N 333 277 84 -47 -47
1 10017 -68 -28 2 -4 0 0 0 0 13 5 3 -63 -31 45 100 121 541 302 204 49 -33 -33
1 9984 -67 -17 -3 6 0 0 0 0 9 5 4 -35 -18 N N N N 457 246 38 -35 -35
1 10015 -75 -5 -3 1 0 0 0 0 4 1 -1 -18 -10 49 105 120 541 496 229 19 -30 -30
1 9986 -64 -2 5 1 0 0 0 0 0 0 1 -11 -6 N N N N 413 191 15 -24 -24
1 10014 -81 -3 -3 0 0 0 0 0 2 1 0 -28 -14 44 103 115 541 187 87 8 -12 -12
1 9985 -60 -4 3 -1 0 0 0 0 1 1 1 -83 -34 N N N N 255 120 11 -15 -15
1 10015 -71 9 -2 -7 0 0 0 0 -4 -3 -4 -174 -66 48 103 114 541 254 142 24 -21 -21
1 9984 -81 10 -2 6 0 0 0 0 -4 -2 0 -137 -52 N N N N 138 128 42 -22 -22
1 10014 -61 12 5 -3 0 0 0 0 -7 -3 -1 -61 -26 47 103 111 540 234 148 31 -22 -22
1 9985 -65 9 0 0 0 0 0 0 -5 -1 0 -19 -11 N N N N 186 121 27 -19 -19
1 10017 -53 3 -1 -2 0 0 0 0 -2 -1 -1 -24 -11 47 103 108 540 151 84 14 -12 -12
1 9984 -76 5 -3 0 0 0 0 0 -1 -2 -3 -9 -6 N N N N 293 129 7 -16 -16
1 10016 -70 2 1 6 0 0 0 0 -2 2 6 -16 -7 45 100 107 540 135 71 10 -9 -9
1 9984 -68 9 -2 1 0 0 0 0 -4 -2 -1 -42 -17 N N N N 85 45 7 -7 -7
1 10017 -69 9 1 -3 0 0 0 0 -4 -3 -5 -27 -11 48 99 105 540 189 95 11 -13 -13
1 9983 -68 9 2 -4 0 0 0 0 -6 -1 0 -16 -7 N N N N 154 74 7 -9 -9
1 10016 -71 12 0 2 0 0 0 0 -6 -2 -1 -22 -9 47 106 101 540 56 36 8 -6 -6
1 9985 -54 -3 -3 1 0 0 0 0 2 1 2 -55 -18 N N N N 197 92 8 -11 -11
1 10016 -77 -59 5 3 0 0 0 0 29 11 8 -117 21 47 103 92 539 31 35 13 -7 -7
1 9983 -67 -68 -2 -1 0 0 0 0 34 16 1 -52 35 N N N N 141 101 25 -15 -15
1 10016 -67 -71 -3 4 0 0 0 0 33 22 7 -48 30 46 99 88 539 408 196 19 -26 -26
1 8791 -51 -64 11 0 112 -1 1 -4 25 21 7 -30 26 N N N N 581 260 17 -32 -32
1 9953 -92 -68 79 -7 0 -1 -38 0 5 26 30 -12 20 45 100 83 539 629 259 4 -29 -29
1 10008 -103 -79 -12 -2 1 2 -47 4 28 33 1 -8 18 N N N N 614 258 8 -30 -30
1 11249 -134 -78 4 -1 -1 -1 -5 0 18 36 8 -2 14 45 104 79 539 613 255 6 -29 -29
1 9985 -104 -59 -3 -3 0 0 0 0 12 28 2 5 9 N N N N 512 211 5 -24 -24
1 10014 -107 -58 6 -3 0 0 0 0 7 29 2 5 11 46 100 77 539 273 113 2 -13 -13
1 9984 -132 -48 -1 1 0 0 0 0 4 25 4 -10 2 N N N N 337 131 -2 -14 -14
1 10015 -113 -31 -6 5 0 0 0 0 4 18 -4 -4 2 46 101 75 539 273 117 5 -14 -14
1 9985 -120 -30 1 0 0 0 0 0 -1 16 3 1 3 N N N N 156 67 3 -7 -7
1 10016 -115 3567 0 -1 0 0 0 0 0 17 -1 -11 -2 45 100 72 538 58 23 -1 -3 -3
1 9984 -111 -34 6 1 0 0 0 0 -2 18 1 -10 -1 N N N N 32 17 3 -2 -2
1 10016 -109 -37 -7 -1 0 0 0 0 -2 19 -2 2 2 46 101 67 538 217 88 1 -10 -10
1 9984 -121 -15 2 4 0 0 0 0 -2 9 0 -3 1 N N N N -94 -33 2 3 3
1 10015 -111 -48 -6 -2 0 0 0 0 -4 24 -5 -64 -21 46 101 69 538 93 42 3 -5 -5
1 9985 -107 -50 5 -1 0 0 0 0 -12 24 3 -80 -17 N N N N -132 -29 13 1 1
1 10016 -108 -79 -7 2 0 0 0 0 -12 39 -14 -128 -41 45 98 67 538 114 89 24 -14 -14
1 9984 -135 -86 24 2 0 0 0 0 -32 38 -1 -78 -26 N N N N -140 -18 22 -2 -2
1 10016 -107 -49 -20 3 0 0 0 0 -15 19 -7 -75 -23 44 95 63 538 -56 37 32 -10 -10
1 9982 -92 -107 3 3 0 0 0 0 -39 39 -22 -82 -29 N N N N -85 -6 16 -2 -2
1 10018 -111 -83 -10 -5 0 0 0 0 -40 19 -2 -145 -40 46 98 62 538 -22 51 33 -12 -12
1 9984 -111 -66 9 -16 0 0 0 0 -31 12 -5 -13 -14 N N N N -205 -30 29 -2 -2
1 10015 -103 -19 8 11 0 0 0 0 -8 7 -13 27 16 46 98 62 537 43 43 14 -7 -7
1 9985 -119 51 -3 -4 0 0 0 0 20 -13 22 -66 -19 N N N N -111 -50 -3 6 6
1 10018 -114 -89 -20 -4 0 0 0 0 -37 17 -22 -35 -17 45 96 57 537 35 51 21 -9 -9
1 9981 -121 -77 20 -1 0 0 0 0 -46 6 -2 -12 -2 N N N N -45 -1 9 -2 -2
1 10018 -123 -106 -4 -9 0 0 0 0 -51 3 -23 24 -1 42 96 58 537 -58 -7 9 0 0
1 9983 -117 -61 -24 -24 0 0 0 0 -20 4 -31 81 -4 N N N N 135 57 2 -7 -7
