version: 66.14
glider: 195
mission: 21
dive: 55
start: 4 17 105 10 59 56
columns: rec,elaps_tms,depth,heading,pitch,roll,AD_pitch,AD_roll,AD_vbd,GC_phase,mag.x,mag.y,mag.z,sbect.TempFreq,sbect.CondFreq,wlbb2fl.sig470nm,wlbb2fl.sig700nm,wlbb2fl.sig695nm,wlbb2fl.temp,aa4330.O2,aa4330.AirSat,aa4330.Temp,aa4330.CalPhase,aa4330.TCPhase,
data:
0 12441 40 811 -548 178 157 2191 986 6 38 -343 38 178639 137434 41 95 121 534 263049 98650 23224 29578 30984
1 4950 -7 -28 54 -73 0 0 0 0 3 -7 -50 -8 1 5 -2 2 0 -772 -154 73 3 3
1 5300 8 67 -161 2 0 0 0 0 -11 1 25 -36 -1 -3 6 1 -1 267 25 -41 5 5
1 5109 -6 -123 178 32 0 0 0 0 37 5 -24 -41 0 1 -6 0 1 987 236 -71 -13 -13
1 5148 -1 212 -67 -165 0 0 0 0 -60 -10 5 74 -1 2 1 -5 -1 -841 -309 3 34 34
1 5102 -8 -33 -5 76 0 0 0 0 8 4 24 -19 0 -2 -1 7 0 453 131 -20 -11 -11
1 5441 14 18 -37 -25 0 0 0 0 7 0 -1 -1 1 2 8 -3 0 -183 -58 5 6 6
1 5160 -6 -26 -51 -86 0 0 0 0 12 -1 -60 -13 2 -3 -8 5 0 -8 38 22 -9 -9
1 5101 0 20 91 -54 0 0 0 0 -6 -2 -8 39 -2 5 3 -7 0 417 77 -42 -1 -1
1 5064 4 -107 -45 169 0 0 0 0 14 2 25 99 0 -3 -3 4 0 -5704 -1094 568 16 16
1 5591 18 236 29 -125 0 0 0 0 -54 1 50 -172 2 -2 0 -3 0 4594 1038 -375 -46 -46
1 5170 -15 -282 -111 271 0 0 0 0 50 3 -9 20 -4 5 3 -2 0 -769 -321 -18 40 40
1 8222 -8 107 87 -164 5 1 3 -4 1 -2 -14 103 5 -5 2 -1 0 802 133 -90 2 2
1 6605 15 -114 14 43 -6 -2 163 0 26 5 -31 -122 2 1 -1 2 0 -4119 -771 421 7 7
1 7699 11 -129 7 11 0 2 197 0 25 12 -56 -13 -1 0 10 1 0 4166 881 -371 -29 -29
1 6610 -7 417 -10 -227 0 -1 169 0 -99 -24 75 -27 2 2 -5 3 0 9 14 5 -3 -3
1 6579 13 -103 -27 156 -1 1 158 0 15 4 26 153 -3 3 -6 1 0 832 128 -98 5 5
1 6599 18 -179 -86 267 -1 0 168 0 37 16 43 -78 2 -5 0 -2 0 -8459 -567 1433 -205 -205
1 8081 35 536 -80 -492 2 1 215 0 -60 -3 11 -6 -2 1 1 3 0 -4427 -1219 271 87 87
1 6608 17 0 -12 39 -1 -2 173 0 3 7 19 38 -1 0 -1 -6 0 -2195 -677 98 59 59
1 6631 30 -388 10 402 0 1 168 0 31 7 10 -98 -2 1 70 6 0 -919 -286 39 25 25
1 6613 -3 104 72 -139 -1 0 164 0 -14 -6 -14 57 3 0 -72 3 -1 -971 -239 78 13 13
1 7829 37 16 -18 -31 0 0 204 0 -6 -5 -9 -30 -3 -3 -2 -8 1 -515 -144 32 11 11
1 6630 78 96 -38 -96 2 0 189 0 -1 -1 -2 -78 -11 2 10 -2 0 -115 -23 12 0 0
1 13093 283 -74 -14 125 82 1 199 -1 10 12 25 -64 -24 -1 -9 -2 0 -402 -91 37 4 4
1 6924 239 71 173 -93 1809 -4 2 1 -45 -5 -11 -6 -4 0 3 1 0 -156 -40 12 2 2
1 12179 372 29 310 -122 533 -1401 150 2 -77 -9 -79 30 4 0 1 -3 -1 -313 -106 10 11 11
1 5264 114 13 11 -25 0 0 0 0 -6 1 -8 -16 -4 -1 -3 2 0 -418415 -162870 1 -270000 -270000
1 4978 92 46 23 43 0 0 0 0 -23 14 31 20 3 1 -1 1 0 418540 162931 5 269992 269992
1 5076 108 100 -10 -48 0 0 0 0 -40 21 0 17 3 0 1 0 0 -141 -57 -1 6 6
1 5239 96 47 1 11 0 0 0 0 -16 15 18 -28 -4 0 -2 -1 0 -1 -6 -3 2 2
1 5175 119 56 10 -29 0 0 0 0 -22 16 -3 -34 -9 0 9 -2 0 -53 -14 4 1 1
1 5084 109 59 -28 35 0 0 0 0 -7 25 39 1 -2 1 -8 2 0 -36 -2 7 -1 -1
1 5171 118 22 32 1 0 0 0 0 -16 12 -8 -2 -1 1 5 4 0 -25 -3 3 -1 -1
1 5349 120 15 -25 11 0 0 0 0 4 7 15 -1 -1 -1 -4 -4 0 -34 -8 3 1 1
1 5103 111 45 16 -15 0 0 0 0 -15 17 0 17 5 -1 2 -2 0 27 12 1 -2 -2
1 5165 119 -1 -1 -44 0 0 0 0 1 -10 -12 89 14 1 -2 1 0 -55 -24 -1 3 3
1 5113 112 6 -16 21 0 0 0 0 4 5 13 132 33 2 -1 1 0 19 -25 -19 6 6
1 5630 151 -42 20 81 0 0 0 0 1 2 6 -93 -24 -5 2 1 0 -35 -42 -16 8 8
1 5170 109 -59 -22 -37 0 0 0 0 23 -34 -14 139 32 3 0 -1 0 -180 -73 -2 9 9
1 4981 118 57 -6 -7 0 0 0 0 -11 21 14 -31 -5 0 -1 0 0 -76 -60 -17 10 10
1 5073 121 -72 38 11 0 0 0 0 6 -24 -27 197 40 -2 0 0 0 -15 -16 -6 3 3
1 5227 103 -43 -20 -26 0 0 0 0 18 -22 -12 47 8 1 4 2 0 -264 -163 -34 25 25
1 5167 108 -68 -15 19 0 0 0 0 25 -21 -6 -48 -5 3 -2 0 0 -52 -52 -18 10 10
1 5082 99 -29 20 8 0 0 0 0 7 -7 -7 105 22 -2 0 0 0 -178 -66 2 7 7
1 5167 107 14 -19 -19 0 0 0 0 0 1 0 12 3 -2 -2 -1 0 -161 -94 -19 15 15
1 7195 142 -24 10 -11 0 0 0 0 6 -8 -13 0 2 3 3 31 0 -290 -130 -10 17 17
1 5705 134 31 20 18 0 0 0 0 -16 13 10 68 15 -3 -5 -30 0 67 20 -3 -2 -2
1 5178 101 53 -31 22 0 0 0 0 -10 19 31 5 2 0 7 -2 0 -118 -78 -18 13 13
1 5111 111 34 28 -59 0 0 0 0 -19 4 -25 -11 -2 1 -5 0 0 -41 -24 -5 3 3
1 5129 89 -14 13 34 0 0 0 0 0 2 4 76 15 1 0 1 0 -205 -77 1 9 9
1 5160 103 42 -35 18 0 0 0 0 -2 16 29 15 7 1 3 -1 0 -56 -51 -17 9 9
1 5027 100 -37 12 -40 0 0 0 0 8 -20 -27 52 12 -1 -2 -1 -1 -143 -60 -2 8 8
1 5166 96 -16 -16 6 0 0 0 0 8 -5 1 78 20 0 0 1 1 -15 -35 -17 7 7
1 5236 115 16 7 10 0 0 0 0 -6 7 8 17 2 -1 0 -1 0 -102 -61 -12 9 9
1 5314 106 24 9 -1 0 0 0 0 -10 9 2 26 4 2 -1 1 -1 -48 -42 -14 8 8
1 4969 103 29 4 -10 0 0 0 0 -8 10 2 -10 -3 -1 6 1 1 -222 -99 -7 13 13
1 4970 99 16 -25 17 0 0 0 0 1 8 16 26 7 -1 -10 -2 -1 -105 -44 -2 5 5
1 5585 131 19 29 -28 0 0 0 0 -12 4 -13 -5 -1 -2 4 0 0 -6 -9 -4 2 2
1 5171 110 15 -26 28 0 0 0 0 3 9 21 21 5 3 -2 0 0 -59 -31 -4 5 5
1 4979 115 10 8 -2 0 0 0 0 -5 5 -2 9 3 0 2 0 0 -111 -53 -6 7 7
1 5036 114 12 9 1 0 0 0 0 -5 6 -1 -19 -5 1 -1 0 0 -65 -28 -2 4 4
1 11292 275 76 -7 -57 0 0 0 0 -12 19 6 -166 -39 -4 1 1 1 -176 -75 -4 9 9
1 10526 209 -58 5 67 0 0 0 0 9 -9 2 238 55 -2 -2 -1 -1 -127 -31 11 2 2
1 10945 241 -99 8 9 0 0 0 0 22 -39 -20 472 114 3 3 -3 0 -71 -174 -85 36 36
1 10469 227 -43 8 -42 0 0 0 0 10 -23 -28 126 38 2 -1 1 1 -544 -301 -52 46 46
1 11059 243 -133 -21 27 0 0 0 0 53 -39 -14 495 121 -1 -4 -4 -1 -526 -374 -99 63 63
1 10528 225 -17 31 4 0 0 0 0 1 -2 -9 240 51 -3 0 -1 0 -602 -332 -59 51 51
1 11059 189 50 -23 0 0 0 0 0 -16 12 17 199 67 3 3 0 1 -912 -525 -101 83 83
1 10472 192 17 -2 15 0 0 0 0 -6 8 9 503 133 0 -3 -2 -1 -720 -426 -87 68 68
1 11058 246 11 12 -18 0 0 0 0 -6 1 -6 224 60 -1 -1 -4 0 -1076 -530 -69 78 78
1 10469 186 -59 -4 6 0 0 0 0 23 -17 -10 589 155 1 -4 -4 1 -1023 -585 -114 94 94
1 11000 212 0 5 -7 0 0 0 0 -1 0 -6 491 125 0 5 1 -1 -1385 -816 -171 134 134
1 10531 190 49 3 -4 0 0 0 0 -20 14 9 -249 -128 -2 9 -6 0 -1932 -834 -58 117 117
1 12906 215 89 3 79 54 1419 4 0 -30 45 48 -214 -106 -1 -14 -2 0 -1623 -569 31 66 66
1 10020 166 4 36 45 0 -1 0 2 -10 12 3 -196 -111 0 1 -9 0 -801 -267 23 30 30
1 10779 134 -94 1 9 0 0 0 0 32 -34 -8 526 111 4 -3 -3 0 -1121 -377 31 42 42
1 10001 140 -102 -2 1 0 0 0 0 42 -32 -14 272 103 -6 -2 1 0 -1751 -833 -101 128 128
1 10000 135 -64 1 -4 0 0 0 0 29 -17 -11 204 75 3 1 -1 0 -2434 -1023 -59 146 146
1 9999 129 -78 2 2 0 0 0 0 36 -15 -13 165 60 0 1 -1 0 -2173 -917 -57 133 133
1 9999 114 -53 -1 -3 0 0 0 0 27 -8 -10 640 212 -1 -3 -1 0 -1731 -768 -69 117 117
1 10001 126 -137 5 3 0 0 0 0 69 -8 -25 2389 740 0 8 -6 0 -1820 -909 -139 152 152
1 10001 101 -159 -2 4 0 0 0 0 81 13 -27 651 271 3 -6 0 0 -3630 -2186 -528 409 409
1 9999 103 -94 4 -3 0 0 0 0 45 18 -17 737 218 -4 0 1 0 -3792 -1703 -186 283 283
1 10000 101 -29 -2 -1 0 0 0 0 14 7 -4 531 173 1 -2 -4 1 -4151 -1873 -218 320 320
1 10002 100 4 2 2 0 0 0 0 -2 -1 1 402 136 -2 -1 1 -1 -2929 -1329 -164 235 235
1 9998 98 14 0 -8 0 0 0 0 -7 -3 -2 273 104 2 0 -1 0 -2814 -1258 -149 224 224
1 10001 100 39 -3 1 0 0 0 0 -17 -9 8 235 87 -1 2 -2 0 -2681 -1107 -82 191 191
1 10001 117 46 4 -2 0 0 0 0 -23 -9 6 131 55 -1 -2 2 0 -2103 -867 -64 151 151
1 9998 108 23 0 3 0 0 0 0 -11 -3 7 189 69 1 8 -2 0 -1564 -659 -59 119 119
1 10000 132 26 -2 -1 0 0 0 0 -13 -4 3 191 69 1 -5 0 0 -1338 -582 -65 108 108
1 10002 135 29 4 2 0 0 0 0 -15 -3 6 249 82 2 -1 -3 1 -1624 -666 -50 120 120
1 9998 137 39 -4 -1 0 0 0 0 -20 -3 6 283 97 0 2 2 -1 -1087 -482 -61 93 93
1 20000 284 90 2 -1 0 0 0 0 -46 -3 17 731 237 -2 -3 -2 0 -2288 -1055 -160 210 210
1 20001 278 90 -3 2 0 0 0 0 -47 6 15 519 179 0 4 -1 1 -2609 -1170 -162 234 234
1 19999 266 151 3 -2 0 0 0 0 -74 24 24 965 315 -1 -2 -1 0 -2664 -1214 -186 251 251
1 20002 244 143 1 -2 0 0 0 0 -61 41 21 1722 544 1 -1 -3 0 -3867 -1744 -265 367 367
1 19999 216 175 6 1 0 0 0 0 -61 68 19 1732 541 -1 2 1 0 -4740 -2237 -421 502 502
1 20001 195 226 0 -1 0 0 0 0 -41 109 13 4249 1199 2 -3 -2 0 -7555 -3280 -481 736 736
1 25353 229 420 6 -122 0 -1415 1 -2 41 180 15 4602 1499 -2 2 -1 0 -17056 -7719 -1565 1976 1976
1 20468 176 163 1 0 0 0 0 0 55 67 -4 724 322 1 -5 1 0 -11048 -4200 -404 1075 1075
1 20473 192 137 -1 2 0 0 0 0 59 44 -11 920 328 -1 -3 -6 0 -8185 -3019 -242 810 810
1 20763 212 186 -2 2 0 0 0 0 92 37 -23 515 194 0 2 2 0 -5206 -2008 -270 586 586
1 22415 192 121 -2 125 -6 1419 0 2 62 23 -83 1098 281 1 4 -1 0 -4875 -1792 -170 524 524
1 19998 166 -7 -1 3 0 0 0 0 -3 0 0 1143 324 -2 1 0 0 -3800 -1482 -246 470 470
1 20002 156 -52 -2 -1 0 0 0 0 -27 0 9 947 270 0 -5 -1 0 -3771 -1426 -205 455 455
1 19998 159 -48 0 0 0 0 0 0 -25 -3 9 617 203 2 0 1 0 -3626 -1360 -195 445 445
1 20000 164 -38 2 0 0 0 0 0 -20 -3 5 606 182 1 7 1 0 -3225 -1168 -128 382 382
1 20000 136 -38 -2 1 0 0 0 0 -18 -5 8 3168 722 -3 -6 -3 0 -2587 -1038 -250 375 375
1 20000 140 -199 4 1 0 0 0 0 -94 -44 29 871 419 1 -2 0 1 -2355 -1114 -475 454 454
1 20000 135 -68 -2 -1 0 0 0 0 -27 -22 10 1548 502 3 2 -1 0 -4684 -1745 -320 636 636
1 20000 160 169 5 -2 0 0 0 0 72 48 -24 1386 410 -5 -4 0 0 -3760 -1406 -289 533 533
1 20001 139 184 0 -2 0 0 0 0 91 27 -30 871 301 3 1 -1 0 -2576 -1033 -322 422 422
1 19999 157 83 0 2 0 0 0 0 43 2 -15 347 196 -1 2 0 0 -2202 -834 -212 336 336
1 20000 142 48 -2 1 0 0 0 0 26 -1 -7 163 104 0 -4 -2 0 -2028 -690 -72 260 260
1 20000 151 81 2 -2 0 0 0 0 41 -8 -13 245 69 0 7 -1 0 -1368 -475 -69 185 185
1 20000 141 144 -2 1 0 0 0 0 70 -27 -23 677 184 -2 -6 0 0 -636 -269 -113 121 121
1 20000 135 90 1 0 0 0 0 0 40 -25 -12 164 106 2 0 -1 1 -814 -320 -107 138 138
1 19999 126 50 1 -1 0 0 0 0 20 -17 -6 231 77 1 -1 2 0 -722 -261 -58 108 108
1 24588 154 13 -10 122 -10 1381 2 -2 4 -16 -51 544 99 -3 0 -1 0 -578 -225 -75 98 98
1 20527 149 -89 0 3 0 0 0 0 -36 31 5 530 172 3 -1 -3 0 -442 -198 -104 95 95
1 20473 120 -135 -1 -1 0 0 0 0 -62 37 13 243 69 -4 5 1 0 -480 -205 -95 95 95
1 20823 130 -218 0 3 0 0 0 0 -110 28 32 1047 282 1 -4 0 0 -117 -123 -154 77 77
1 22265 115 -116 0 -131 0 -1435 1 2 -60 -9 87 136 101 1 2 -1 0 153 -49 -172 53 53
1 20795 126 -30 5 3 0 0 0 0 -15 -3 5 73 45 -1 -4 -1 1 -182 -59 -5 23 23
1 20000 122 8 -1 -1 0 0 0 0 4 0 -2 178 67 1 4 3 0 -127 -48 -15 21 21
1 20000 128 34 2 0 0 0 0 0 17 5 -5 35 23 1 -3 -2 0 -179 -71 -26 31 31
1 20000 129 126 1 0 0 0 0 0 65 5 -21 217 60 -2 2 0 0 -101 -56 -45 30 30
1 20000 140 147 -4 0 0 0 0 0 76 -12 -25 204 61 0 0 2 0 -348 -154 -83 75 75
1 20000 128 97 2 -3 0 0 0 0 47 -18 -15 470 102 2 1 -4 0 -822 -282 -48 115 115
1 20000 140 -48 4 4 0 0 0 0 -23 10 7 700 228 2 -1 1 1 -462 -196 -97 94 94
1 20000 143 -80 0 1 0 0 0 0 -40 12 13 230 98 -2 2 0 -1 -343 -164 -108 84 84
1 20000 144 -54 -2 1 0 0 0 0 -27 5 9 111 48 -2 0 -1 1 -384 -153 -62 70 70
1 20001 168 -45 3 -1 0 0 0 0 -24 3 8 240 80 2 -2 3 0 -394 -137 -29 59 59
1 19998 165 -34 -1 0 0 0 0 0 -18 0 5 215 73 -2 1 -1 0 -124 -65 -51 35 35
1 20001 172 -31 1 1 0 0 0 0 -16 0 5 151 59 3 1 -1 0 -17 -37 -58 25 25
1 20000 183 -37 -1 0 0 0 0 0 -19 -2 6 347 111 -2 3 3 1 -30 -37 -52 25 25
1 19999 206 -36 3 -1 0 0 0 0 -19 -3 6 148 53 2 -5 -2 0 100 4 -51 9 9
1 20001 198 -27 -2 -1 0 0 0 0 -14 -2 5 191 67 0 2 3 0 176 21 -60 3 3
1 20000 213 8 0 2 0 0 0 0 5 1 -1 307 86 -2 0 -4 0 296 76 -28 -23 -23
1 20000 208 50 1 -2 0 0 0 0 25 4 -8 615 196 1 -1 1 0 1156 307 -84 -101 -101
1 20001 209 30 1 2 0 0 0 0 16 2 -6 107 51 -1 1 3 0 2730 779 -99 -273 -273
1 19998 222 30 2 -1 0 0 0 0 15 0 -5 -26 -2 0 -2 -4 1 2399 704 -46 -251 -251
1 20001 226 42 0 0 0 0 0 0 22 0 -7 63 14 1 2 2 0 -34 -15 -8 7 7
1 20000 215 85 -2 -4 0 0 0 0 44 -5 -13 48 12 -1 2 1 0 -954 -302 -20 115 115
1 20001 214 158 0 1 0 0 0 0 78 -28 -23 170 38 0 4 -1 0 -1526 -485 -38 188 188
1 19999 205 101 0 1 0 0 0 0 45 -28 -15 378 104 -1 -6 0 0 -2995 -931 -37 359 359
1 19999 194 24 2 1 0 0 0 0 10 -8 -3 138 64 1 -1 1 0 -1896 -609 -62 245 245
1 20001 195 0 0 -2 0 0 0 0 -1 0 0 118 35 1 2 -2 1 -1266 -401 -33 163 163
1 20000 174 -24 1 2 0 0 0 0 -9 8 4 132 42 -1 5 2 0 -706 -233 -36 97 97
1 20000 195 -22 0 2 0 0 0 0 -9 7 2 71 26 0 -5 -1 0 -333 -113 -24 49 49
1 20000 158 7 -1 0 0 0 0 0 3 -2 -1 81 27 0 -1 -2 0 -164 -59 -18 27 27
1 19999 176 60 1 -3 0 0 0 0 24 -20 -7 127 37 1 0 1 1 -418 -136 -19 57 57
1 20001 151 96 -2 1 0 0 0 0 35 -37 -11 233 56 -1 0 -2 0 -1069 -339 -30 140 140
1 25471 208 -6 -7 131 -11 1441 0 -2 -3 -10 -44 643 196 2 -1 0 0 -3231 -1027 -104 431 431
1 20471 173 -91 1 -5 0 0 0 0 -33 37 3 396 134 -2 4 2 0 -5174 -1602 -95 679 679
1 20470 171 -122 1 2 0 0 0 0 -52 40 8 323 102 1 -1 -1 0 -4687 -1442 -76 629 629
1 20824 175 -112 1 0 0 0 0 0 -54 26 12 321 100 1 -3 -2 1 -3867 -1192 -77 537 537
1 20472 164 -94 -2 1 0 0 0 0 -47 15 12 190 71 1 0 2 0 -3783 -1156 -61 532 532
1 20469 168 -87 1 1 0 0 0 0 -45 7 14 155 54 -2 2 -2 0 -1507 -467 -42 221 221
1 20822 176 -90 0 -1 0 0 0 0 -47 0 15 104 37 -1 -2 1 0 -542 -174 -36 87 87
1 27178 223 -88 6 -122 0 -1397 1 2 -45 -14 78 21 13 2 2 1 0 242 63 -24 -25 -25
1 19999 151 -12 -2 -4 0 0 0 0 -6 -2 3 6 5 -1 -1 0 0 483 141 -11 -63 -63
1 20001 172 -54 -1 2 0 0 0 0 -26 -10 8 133 35 2 -1 0 1 283 83 -6 -37 -37
1 20000 169 -55 2 1 0 0 0 0 -26 -13 8 48 16 -3 2 -1 0 172 45 -17 -18 -18
1 20003 180 -55 0 0 0 0 0 0 -24 -15 8 20 5 1 -4 2 0 412 118 -14 -52 -52
1 19999 177 -38 2 -1 0 0 0 0 -17 -12 5 92 26 0 3 2 0 670 196 -9 -88 -88
1 19998 183 -20 1 -2 0 0 0 0 -8 -7 3 82 27 0 -1 -5 0 1306 383 -21 -170 -170
1 20002 185 -2 -5 2 0 0 0 0 0 0 1 23 6 0 0 1 0 1865 550 -15 -245 -245
1 19999 197 5 5 -2 0 0 0 0 1 1 -1 15 7 0 2 3 1 1860 552 -7 -243 -243
1 19998 182 0 -1 5 0 0 0 0 1 1 -1 -4 -4 1 -3 -3 0 1186 351 -7 -153 -153
1 20002 188 7 -1 -2 0 0 0 0 3 2 0 6 4 -2 4 0 0 767 225 -7 -97 -97
1 19999 180 1 2 -2 0 0 0 0 0 0 0 0 -2 -1 0 0 0 628 185 -6 -79 -79
1 20000 186 -31 -2 1 0 0 0 0 -13 -10 3 131 31 3 -1 1 0 407 122 1 -53 -53
1 20000 185 -16 3 0 0 0 0 0 -6 -6 2 289 91 -3 7 0 0 3389 990 -45 -415 -415
1 20000 187 69 -3 1 0 0 0 0 28 23 -8 79 29 0 -4 1 0 3605 1054 -41 -432 -432
1 19999 179 54 1 -1 0 0 0 0 23 16 -8 150 44 1 -2 -2 1 1403 407 -22 -163 -163
1 24532 208 82 -8 -122 0 -1371 -1 -2 39 -2 46 149 46 3 0 -2 0 1277 363 -34 -141 -141
1 20469 188 100 2 0 0 0 0 0 50 19 -13 55 16 -1 3 5 0 755 214 -21 -82 -82
1 20893 193 123 0 26 -1 207 0 0 64 17 -30 7 7 1 0 -2 0 1125 325 -19 -127 -127
1 19579 157 68 25 93 24 1162 0 2 33 11 -59 8 5 1 0 1 0 827 244 -2 -97 -97
1 20000 148 56 -1 -2 0 0 0 0 29 -5 -8 -1 0 -3 2 -1 0 714 211 -1 -84 -84
1 19999 155 56 -2 4 0 0 0 0 30 -6 -8 46 8 2 -3 -1 0 391 113 -7 -43 -43
1 20001 159 35 1 0 0 0 0 0 17 -7 -5 189 47 -3 1 -1 1 -409 -126 -9 51 51
1 19999 157 -8 1 -1 0 0 0 0 -4 2 0 219 64 0 -2 -1 0 -1570 -488 -45 203 203
1 20000 138 -33 1 1 0 0 0 0 -17 5 5 163 44 1 -1 4 0 -2340 -713 -42 296 296
1 20001 160 -16 1 -2 0 0 0 0 -8 3 3 87 23 -2 3 -2 0 -2120 -640 -27 267 267
1 19999 137 -22 -3 1 0 0 0 0 -11 2 3 49 35 3 0 -1 0 -1765 -531 -20 224 224
1 20000 150 -15 2 1 0 0 0 0 -8 2 2 33 11 -3 -2 0 0 -1236 -371 -12 158 158
1 20000 161 0 0 1 0 0 0 0 0 -1 0 42 10 4 -1 0 0 -877 -264 -11 113 113
1 20000 156 8 -2 0 0 0 0 0 4 0 -2 33 10 -2 5 2 1 -685 -206 -7 89 89
1 20001 154 6 1 -2 0 0 0 0 3 -1 0 58 24 0 -2 0 0 -648 -197 -12 86 86
1 20000 171 3 0 1 0 0 0 0 2 0 0 24 8 2 2 0 0 -650 -196 -10 86 86
1 20000 169 10 1 -2 0 0 0 0 5 -1 -2 14 2 -3 -4 1 0 -433 -130 -5 56 56
1 20000 154 24 -1 1 0 0 0 0 12 -4 -3 25 8 1 4 -1 0 -441 -133 -6 59 59
1 24528 228 -22 -6 123 -6 1402 -1 -2 -12 0 -62 44 11 10 -2 -1 0 -315 -95 -5 42 42
1 20764 187 -53 -2 1 0 0 0 0 -27 7 7 82 29 -10 0 -2 0 -414 -127 -12 57 57
1 20470 191 -55 1 2 0 0 0 0 -29 5 7 53 13 2 6 2 0 -1067 -320 -12 141 141
1 20471 193 -46 0 1 0 0 0 0 -24 2 8 47 13 -3 -3 0 1 -1272 -380 -12 169 169
1 20765 204 -32 -1 0 0 0 0 0 -17 0 4 111 35 0 6 0 0 -1418 -424 -14 190 190
1 21554 211 -26 3 -28 2 -212 0 0 -14 -1 18 72 22 2 -12 0 0 -1840 -551 -19 249 249
1 18915 183 54 3 -97 -3 -1191 -1 2 29 -1 43 103 31 -1 0 1 0 -1564 -468 -21 216 216
1 20000 183 94 -1 -4 0 0 0 0 49 -3 -14 230 60 0 2 -1 0 -1907 -570 -25 265 265
1 20001 182 106 -2 4 0 0 0 0 56 -11 -15 312 97 0 2 -1 0 -2436 -733 -46 349 349
1 19999 186 78 0 -2 0 0 0 0 38 -15 -11 389 114 -1 0 3 0 -3222 -965 -56 466 466
1 20000 167 8 2 2 0 0 0 0 4 -2 -2 396 129 0 -1 -1 0 -3410 -1029 -93 514 514
1 20001 184 -29 3 -1 0 0 0 0 -14 7 4 37 26 0 -1 -1 0 -3259 -968 -46 488 488
1 30000 277 -52 -1 1 0 0 0 0 -26 9 8 66 29 0 3 -2 0 -1709 -508 -27 261 261
1 29999 295 -48 0 1 0 0 0 0 -24 7 7 11 8 0 -3 1 1 198 55 -14 -26 -26
1 30000 268 -81 -3 -2 0 0 0 0 -43 6 12 77 22 3 -2 0 0 573 164 -14 -81 -81
1 30001 286 -81 4 2 0 0 0 0 -43 2 10 71 20 -2 0 3 0 1113 322 -12 -160 -160
1 29999 287 -77 0 -1 0 0 0 0 -41 -5 12 29 9 -1 26 -2 0 1541 447 -11 -222 -222
1 30000 279 -57 -1 -2 0 0 0 0 -29 -7 9 110 35 1 -17 1 0 2086 604 -22 -294 -294
1 30000 285 11 -1 2 0 0 -1 0 6 1 -2 17 5 1 -9 -1 0 1921 558 -11 -269 -269
1 30000 276 9 1 -2 0 0 0 0 4 1 -2 34 9 -2 2 1 1 787 228 -5 -109 -109
1 30000 291 11 1 3 0 0 0 0 6 2 0 165 46 1 -1 1 0 543 152 -23 -69 -69
1 30000 280 42 -1 -1 0 0 0 0 22 4 -7 82 26 2 1 0 0 1015 288 -23 -133 -133
1 30000 286 -71 -2 0 0 0 0 0 -37 -8 10 197 59 -2 2 -3 0 646 179 -30 -80 -80
1 30000 290 5 2 2 0 0 0 0 3 0 -1 71 23 0 0 1 0 609 172 -19 -77 -77
1 30000 290 73 -1 -3 0 0 0 0 38 8 -9 690 189 1 -2 -1 0 363 91 -42 -37 -37
1 30000 287 -84 3 1 0 0 0 0 -44 -9 11 353 131 -1 -2 3 0 -1535 -489 -132 253 253
1 30000 299 -169 1 3 0 0 0 0 -81 -37 22 1077 315 -1 1 -2 0 -1870 -580 -119 296 296
1 30000 300 -93 0 -2 0 0 0 0 -39 -30 12 449 164 1 -2 2 1 -1908 -601 -164 316 316
1 35472 345 5 -8 -122 0 -1376 -2 -2 4 -24 47 617 187 1 -2 -1 0 -2342 -704 -103 361 361
1 30471 295 160 2 0 0 0 0 0 69 51 -11 409 150 -2 3 0 0 -661 -226 -129 132 132
1 30470 292 163 -3 -4 0 0 0 0 82 29 -17 95 32 0 -1 -1 0 -239 -78 -34 44 44
1 30471 289 31 2 1 0 0 0 0 16 4 -4 765 233 2 -2 0 0 84 -3 -100 17 17
1 34294 332 75 0 122 -8 1377 0 2 39 20 -74 267 96 0 1 0 0 -1482 -449 -96 238 238
1 30000 270 105 3 -3 0 0 0 0 55 -6 -14 499 141 1 3 0 0 -1554 -459 -62 240 240
1 30000 262 79 -2 3 0 0 0 0 41 -11 -12 573 179 -2 -1 3 0 -2613 -769 -104 409 409
1 30001 269 48 -1 1 0 0 0 0 24 -9 -7 134 61 -1 -2 0 0 -2439 -711 -81 381 381
1 30000 254 63 2 0 0 0 0 0 30 -14 -8 74 26 0 -1 -4 1 -1108 -319 -23 171 171
1 29999 256 107 -1 -2 0 0 0 0 46 -33 -13 363 105 2 2 1 0 -600 -180 -48 102 102
1 30001 270 87 2 2 0 0 0 0 33 -32 -9 90 33 -3 -2 2 0 -239 -76 -38 45 45
1 30001 257 93 -1 -3 0 0 0 0 29 -40 -8 210 61 0 1 -1 0 -83 -29 -31 20 20
1 29999 258 114 -1 2 0 0 0 0 26 -54 -8 187 54 1 -3 0 0 -45 -20 -30 14 14
1 30000 255 97 0 0 0 0 0 0 14 -50 -2 352 108 -1 2 0 0 -336 -108 -67 67 67
1 29999 266 80 2 3 0 0 0 0 5 -42 0 603 183 3 0 0 0 592 148 -91 -67 -67
1 35355 333 -42 -9 126 -10 1399 -2 -2 -3 11 -10 100 44 0 0 1 0 1680 459 -61 -233 -233
1 30467 286 -107 2 1 0 0 0 0 -11 55 -8 283 82 0 0 -1 0 858 234 -32 -118 -118
1 30475 293 -133 -1 -1 0 0 0 0 -28 65 -8 191 62 0 -1 -2 0 1430 389 -55 -193 -193
1 30526 274 -139 0 -4 0 0 0 0 -46 59 0 335 96 -2 1 2 0 1032 278 -48 -136 -136
1 30472 249 -114 -2 2 0 0 0 0 -46 41 4 312 97 1 -2 -1 1 687 178 -61 -82 -82
1 32647 270 -103 -3 0 0 0 0 0 -48 28 8 615 176 -1 -1 -1 0 557 136 -80 -57 -57
1 30527 253 -102 4 3 0 0 0 0 -51 20 11 1012 291 -1 0 1 0 -771 -250 -142 147 147
1 30472 262 -162 4 0 0 0 0 0 -85 13 23 469 160 0 1 1 0 -3367 -972 -156 522 522
1 32295 265 -84 -2 -127 0 -1403 -1 2 -44 -7 77 260 91 1 1 -1 0 -3719 -1045 -72 560 560
1 30000 256 -37 2 0 0 0 0 0 -19 -4 6 309 97 -1 0 -1 0 -2252 -633 -56 348 348
1 30001 232 -42 1 0 0 0 0 0 -21 -6 8 216 68 0 -1 3 0 -835 -239 -50 136 136
1 29998 236 -16 -2 0 0 0 0 0 -8 -3 1 435 126 0 -1 1 0 3 -11 -63 14 14
1 30000 232 -11 0 -1 0 0 0 0 -6 -2 1 430 136 2 1 -1 0 1254 329 -92 -167 -167
1 30001 236 5 0 1 0 0 0 0 3 1 0 318 102 1 0 -2 1 2244 605 -61 -315 -315
1 30001 221 64 1 -1 0 0 0 0 32 10 -10 131 47 -2 4 -1 -1 2532 686 -45 -355 -355
1 29999 243 65 1 2 0 0 0 0 34 6 -9 -1 10 -1 -5 1 1 1458 396 -17 -203 -203
1 29999 233 93 -3 -3 0 0 0 0 49 4 -13 44 9 1 0 1 0 652 177 -8 -90 -90
1 30001 239 64 -2 2 0 0 0 0 34 -3 -12 24 6 0 1 1 0 308 83 -6 -42 -42
1 29999 219 82 3 -5 0 0 0 0 42 -8 -11 36 10 1 0 -1 0 164 43 -7 -22 -22
1 35824 273 -41 12 130 22 1415 -2 -2 -22 3 -57 12 3 -3 2 0 0 128 34 -6 -16 -16
1 30471 216 -64 1 0 0 0 0 0 -34 6 8 239 62 4 -2 2 0 198 49 -21 -22 -22
1 30471 218 -85 0 1 0 0 0 0 -45 4 11 121 38 -2 0 -3 0 711 187 -34 -91 -91
1 34646 237 -110 0 -124 1 -1406 -1 2 -57 -11 81 138 42 0 1 2 1 646 170 -29 -82 -82
1 30002 212 -23 3 -2 0 0 0 0 -13 -3 3 75 24 2 2 -1 0 301 77 -21 -36 -36
1 29998 215 5 -1 0 0 0 0 0 3 1 -1 105 30 -3 -4 -1 0 54 11 -16 -3 -3
1 30001 197 -21 1 0 0 0 0 0 -11 -3 3 230 63 2 3 0 0 -65 -26 -30 17 17
1 30000 211 -48 0 0 0 0 0 0 -24 -9 7 129 45 -3 -3 -1 0 196 45 -35 -18 -18
1 29998 218 -56 0 2 0 0 0 0 -26 -13 7 136 42 1 2 1 0 724 191 -29 -91 -91
1 30002 199 5 0 0 0 0 0 0 2 1 -1 42 16 3 6 1 0 1077 289 -14 -144 -144
1 30001 201 37 0 -3 0 0 0 0 17 8 -5 36 11 -2 -8 -3 0 995 269 -9 -132 -132
1 29999 211 66 1 1 0 0 0 0 33 13 -8 100 26 0 4 5 0 822 222 -9 -108 -108
1 30000 208 107 1 0 0 0 0 0 56 12 -14 103 32 -1 -4 -3 0 1003 267 -21 -128 -128
1 29999 198 65 -2 -2 0 0 0 0 34 2 -10 12 5 2 1 1 0 573 152 -13 -73 -73
1 30001 211 29 2 3 -1 0 -2 0 16 -1 -4 3 1 -1 0 -1 0 190 51 -3 -24 -24
1 29999 213 13 -1 -1 0 0 0 0 7 0 -1 1 0 0 2 1 0 109 29 -3 -14 -14
1 30001 190 11 -1 1 0 0 0 0 6 0 -2 0 -1 1 -4 -1 0 68 18 0 -9 -9
1 30001 209 19 1 -1 0 0 0 0 10 -1 -2 10 1 -1 2 2 0 18 5 -3 -2 -2
1 29999 208 4 -1 0 0 0 0 0 2 -1 -1 7 1 0 0 -2 0 -56 -16 -2 9 9
1 30000 215 -9 1 0 0 0 0 0 -5 1 1 3 1 -1 1 1 1 49 13 -2 -6 -6
1 29999 216 -32 1 -1 0 0 0 0 -17 1 5 48 8 2 1 1 0 131 35 -1 -18 -18
1 30001 218 -103 0 1 0 0 0 0 -55 -2 13 463 128 0 -1 -1 0 385 90 -50 -36 -36
1 29999 226 6 1 -1 0 0 0 0 3 2 -1 238 75 -1 -1 -1 0 1018 262 -52 -119 -119
1 30000 213 71 -3 1 0 0 0 0 38 1 -9 157 53 0 -1 0 0 904 232 -45 -104 -104
1 30001 227 22 1 0 1 0 -1 0 12 0 -3 22 12 2 -1 0 0 607 159 -18 -73 -73
1 30000 222 -45 2 0 0 0 0 0 -24 0 6 91 27 0 3 4 0 335 87 -13 -40 -40
1 30000 227 -66 -1 0 0 0 0 0 -35 -3 9 47 14 -3 -3 -2 0 262 67 -13 -30 -30
1 30000 243 -53 1 0 0 0 0 0 -28 -6 8 17 4 3 2 -1 0 110 27 -7 -12 -12
1 30000 231 -63 -2 1 0 0 0 0 -32 -9 8 35 8 -1 0 -1 0 -98 -28 -5 14 14
1 29999 244 -67 0 0 0 0 0 0 -33 -14 8 57 14 -1 -2 0 0 -247 -69 -8 35 35
1 30001 247 -9 1 -2 0 0 0 0 -4 -2 2 92 24 1 5 3 0 -819 -226 -15 110 110
1 30000 234 74 -1 0 0 0 0 0 36 16 -9 228 62 -3 -2 -3 0 -1423 -392 -23 192 192
1 30000 253 88 1 2 0 0 0 0 45 12 -13 229 69 4 -4 0 0 -720 -207 -43 106 106
1 30000 241 79 1 0 0 0 0 0 42 5 -11 183 55 -3 3 1 1 135 26 -35 -7 -7
1 30000 295 120 -55 -4 -82 -1 -2 0 67 -3 -20 387 108 -1 -2 0 0 685 171 -51 -75 -75
1 30000 319 101 0 4 0 0 0 0 51 -12 -19 450 135 1 4 0 0 1202 301 -77 -133 -133
1 30000 336 -34 1 3 0 0 0 0 -17 6 5 201 72 2 -3 0 0 1952 505 -63 -231 -231
1 30000 343 -32 0 -4 0 0 0 0 -16 3 7 2 5 -2 3 1 0 1249 330 -18 -152 -152
1 30000 339 -35 -1 4 0 0 0 0 -18 4 5 4 2 0 -3 -1 0 466 123 -5 -57 -57
1 30000 355 -24 1 -6 0 0 0 0 -13 1 5 21 3 1 -2 0 0 262 70 -4 -32 -32
1 30000 348 -1 1 2 0 0 0 0 0 1 1 22 4 -1 1 1 0 216 55 -7 -25 -25
1 29999 338 -18 0 3 0 0 0 0 -9 1 2 17 5 1 1 0 0 161 42 -3 -19 -19
1 30000 344 -3 -1 -3 0 0 0 0 -2 0 1 32 7 0 0 0 0 183 48 -5 -21 -21
1 30000 331 -4 1 1 0 0 0 0 -2 -1 1 161 40 -2 2 -3 0 329 84 -14 -37 -37
1 30000 322 66 24 -1 37 0 -2 0 33 -4 -9 273 80 0 -2 2 0 744 183 -47 -78 -78
1 30001 303 47 1 2 0 0 0 0 24 -5 -8 32 12 0 -2 1 0 811 210 -21 -94 -94
1 29999 286 85 0 -3 0 0 0 0 42 -15 -11 94 28 3 -1 1 0 526 135 -17 -59 -59
1 30001 296 37 1 1 0 0 0 0 18 -8 -6 2 1 0 4 -2 0 390 103 -8 -45 -45
1 30000 299 19 -3 0 0 0 0 0 9 -4 -3 -1 -1 2 -1 1 0 192 50 -1 -23 -23
1 30000 294 7 4 1 0 0 0 0 3 -2 -2 8 0 -2 5 -1 0 68 18 -2 -8 -8
1 30001 285 44 0 0 0 0 0 0 20 -12 -5 214 55 -3 -6 0 1 31 4 -12 0 0
1 29999 294 44 -2 0 0 0 0 0 19 -14 -6 156 44 2 0 0 0 697 174 -35 -74 -74
1 30000 290 59 1 2 0 0 0 0 24 -20 -7 169 53 -2 1 -1 0 838 211 -36 -90 -90
1 30000 288 52 1 -1 0 0 0 0 19 -20 -5 95 28 1 -2 1 0 738 190 -21 -82 -82
1 34589 335 -24 -13 125 -8 1432 -1 -2 -10 -3 -46 165 47 0 1 1 0 654 166 -23 -71 -71
1 30526 294 -93 2 2 0 0 0 0 -36 35 5 201 56 2 0 -3 0 778 195 -33 -82 -82
1 30473 312 -131 -3 -2 0 0 0 0 -59 39 9 183 55 -3 2 1 0 805 201 -38 -83 -83
1 30470 290 -108 1 1 0 0 0 0 -54 21 13 89 24 2 -1 0 0 622 159 -17 -68 -68
1 30472 307 -112 -2 1 0 0 0 0 -58 12 16 117 36 -1 -1 -1 0 503 124 -24 -51 -51
1 33729 318 -123 4 -24 -1 -209 -2 0 -64 2 34 90 28 1 7 3 0 607 154 -20 -64 -64
1 28799 292 -53 5 -101 1 -1220 0 2 -27 -10 61 111 28 -1 -9 -1 0 406 103 -13 -44 -44
1 30000 288 7 1 -3 0 0 0 0 3 1 0 121 39 0 3 1 0 556 137 -28 -55 -55
1 30000 299 40 -1 2 0 0 0 0 21 4 -7 37 12 0 1 -3 0 571 146 -13 -62 -62
1 30000 293 42 0 0 0 0 0 0 22 3 -7 91 22 1 -3 2 0 359 93 -7 -39 -39
1 30000 293 95 -1 -3 0 0 0 0 49 1 -16 88 27 -2 1 0 0 593 148 -23 -60 -60
1 30000 286 73 -2 1 0 0 0 0 39 -4 -11 84 22 4 1 0 0 504 129 -11 -54 -54
1 29999 283 126 1 1 0 0 0 0 63 -21 -20 292 83 -1 -3 0 0 891 219 -43 -88 -88
1 30001 275 92 -1 -1 0 0 0 0 43 -22 -13 111 35 -1 0 0 0 995 252 -28 -103 -103
1 30000 278 70 2 3 0 0 0 0 30 -22 -10 39 12 0 1 1 0 773 198 -16 -82 -82
1 30001 266 17 1 -4 0 0 0 0 6 -6 -2 39 12 0 -1 0 0 622 161 -8 -67 -67
1 35470 337 -76 -13 128 -10 1398 -1 -2 -32 15 -47 17 4 -2 1 -3 0 442 114 -6 -47 -47
1 30470 296 -77 1 -1 0 0 0 0 -35 22 8 15 2 1 -1 0 0 193 50 -4 -21 -21
1 30471 298 -103 3 -3 0 0 0 0 -51 23 12 456 114 1 4 0 1 549 133 -27 -51 -51
1 30470 305 -180 2 3 0 0 0 0 -93 17 28 448 133 0 -2 2 0 1107 259 -75 -96 -96
1 34119 332 -126 0 -124 0 -1405 -1 2 -64 -12 86 185 64 1 -2 -1 0 748 166 -70 -57 -57
1 29999 280 4 1 0 0 0 0 0 2 0 -1 530 134 -1 3 1 0 859 209 -38 -81 -81
1 30000 260 30 -1 -1 0 0 0 0 15 4 -5 165 75 -2 0 1 0 2147 524 -90 -200 -200
1 30000 275 64 2 0 0 0 0 0 33 5 -10 7 7 1 -2 -3 0 1353 348 -15 -139 -139
1 30000 270 50 -3 0 0 0 0 0 26 1 -9 277 72 1 -1 -1 0 56 3 -23 2 2
1 30001 279 -15 2 0 0 0 0 0 -8 0 2 126 37 2 2 4 0 989 243 -35 -92 -92
1 29998 273 -89 -1 2 0 0 0 0 -46 -4 15 1237 324 -2 -1 -2 0 774 157 -95 -46 -46
1 30000 265 -119 0 -1 0 0 0 0 -60 -17 20 172 84 1 5 1 0 1880 427 -130 -149 -149
1 30002 277 -102 0 0 0 0 0 0 -47 -25 16 113 41 -2 -4 -1 0 1194 289 -43 -107 -107
1 30000 268 -95 2 1 0 0 0 0 -40 -29 13 136 40 0 0 0 0 694 167 -26 -61 -61
1 29999 263 -98 -2 -4 0 0 0 0 -36 -38 12 133 42 0 0 0 0 415 95 -25 -33 -34
1 35235 317 42 -6 -120 0 -1377 -1 -2 17 -12 40 85 26 1 1 1 0 417 96 -24 -34 -33
1 30528 283 135 1 -4 0 0 0 0 53 48 -9 27 10 -1 0 -1 0 194 45 -12 -16 -16
1 30472 285 171 -2 3 0 0 0 0 81 43 -19 24 5 0 -3 3 0 88 20 -4 -7 -7
1 31577 290 145 -5 116 -9 1384 0 2 74 33 -82 13 3 2 2 -4 0 122 29 -6 -10 -10
1 30776 277 32 7 5 0 0 0 0 16 1 -9 2 -2 -1 0 2 0 -96 -26 -2 11 11
1 30001 293 -12 1 0 0 0 0 0 -6 1 3 5 -2 -1 0 1 0 -159 -41 0 16 16
1 29999 271 -36 -1 1 0 0 0 0 -19 -1 6 77 18 -1 2 -2 0 -162 -46 -7 19 19
1 30001 270 -43 0 -1 0 0 0 0 -22 -3 7 431 112 3 -5 1 0 -80 -44 -45 26 26
1 29999 300 -36 1 1 0 0 0 0 -19 -3 6 141 47 -2 3 0 0 529 115 -43 -38 -38
1 30002 270 -25 0 -1 0 0 0 0 -13 -3 4 409 111 0 2 0 0 699 153 -55 -50 -50
1 29998 288 -48 0 2 0 0 0 0 -23 -8 8 126 44 -1 -4 0 1 1446 352 -40 -130 -130
1 30000 294 -28 -1 -1 0 0 0 0 -14 -5 5 31 13 2 1 0 -1 1173 293 -18 -110 -110
1 30000 296 21 2 -1 0 0 0 0 10 4 -3 11 5 -2 0 -2 1 363 91 -7 -34 -34
1 30001 288 27 -2 3 0 0 0 0 14 5 -4 3 -2 0 1 4 0 175 44 -2 -16 -16
1 29999 294 25 -1 0 0 1 0 0 13 3 -5 0 -1 3 2 -4 0 106 27 -1 -10 -10
1 30000 298 25 3 -5 0 0 0 0 11 3 -4 4 -1 -3 -5 3 0 32 7 -2 -3 -3
1 30000 297 41 -1 1 0 0 0 0 22 4 -6 70 15 1 3 -2 0 -92 -26 -3 11 11
1 30000 299 91 -2 0 0 0 0 0 47 3 -17 178 43 0 -2 -2 0 77 11 -17 -1 -1
1 30000 296 102 2 1 0 0 0 0 53 -5 -17 116 38 0 3 4 0 636 145 -35 -50 -50
1 30000 307 21 -1 2 0 0 0 0 11 -3 -4 6 3 0 -1 1 0 723 182 -8 -68 -68
1 30002 301 13 0 1 0 0 0 0 7 -2 -2 1 -1 2 -1 -2 0 294 74 -3 -28 -28
1 29998 304 1 2 -3 0 0 0 0 0 0 0 0 -1 -1 2 0 0 99 25 -1 -9 -9
1 30000 308 11 -1 2 0 0 0 0 6 -1 -2 21 2 1 -2 -2 0 64 16 -2 -6 -6
1 30000 316 66 0 -2 0 0 0 0 32 -11 -11 52 11 -2 0 2 0 -84 -26 -7 11 11
1 35059 359 -34 -11 127 -6 1418 -1 -2 -17 0 -58 147 36 2 7 -4 0 -177 -55 -17 24 24
1 30469 323 -83 2 0 0 0 0 0 -42 14 11 108 29 -2 -5 5 0 -45 -22 -19 13 13
1 30472 325 -129 2 0 0 0 0 0 -66 10 23 288 73 0 2 -1 0 26 -13 -35 11 11
1 33471 344 -95 23 -126 26 -1427 -2 2 -52 -8 80 147 47 1 -2 -2 0 432 92 -35 -29 -29
1 29998 285 -37 -1 -1 0 0 0 0 -19 -5 6 128 37 -1 -1 -2 0 777 185 -26 -65 -65
1 30002 267 -32 -1 2 0 0 0 0 -15 -5 5 188 49 2 1 6 0 560 131 -23 -46 -46
1 30001 290 2 2 2 0 0 0 0 1 1 0 123 38 -3 0 -2 0 191 29 -35 -4 -4
1 30000 322 -44 -2 0 0 0 0 0 -22 -8 6 96 27 1 -3 -2 0 -11 -12 -16 8 8
1 29999 250 -17 1 -1 0 0 0 0 -8 -4 3 74 21 0 1 0 0 -56 -22 -15 11 11
1 30001 278 41 0 0 0 0 0 0 20 8 -6 157 39 1 4 3 0 -170 -55 -19 24 24
1 29998 278 85 1 -3 0 0 0 0 42 13 -13 174 48 -1 0 -3 0 -134 -53 -34 26 26
1 30002 266 91 1 2 0 0 0 0 48 6 -14 51 16 2 -3 0 1 -193 -58 -16 26 26
1 29997 298 63 0 -1 0 0 0 0 33 0 -10 40 11 -2 0 1 0 -325 -88 -7 34 34
1 30000 274 69 0 -1 0 0 0 0 36 -5 -11 42 10 0 0 1 0 -428 -116 -11 46 46
1 30002 267 32 -1 3 0 0 -1 0 17 -3 -6 27 6 2 -2 -2 -1 -524 -137 -7 54 54
1 29998 271 52 -1 -1 0 0 0 0 26 -8 -8 78 19 -2 2 2 0 -240 -67 -9 27 27
1 30003 276 83 0 -1 0 0 0 0 41 -16 -12 392 100 0 -1 3 1 -31 -26 -32 16 16
1 29997 258 23 2 1 0 0 0 0 10 -7 -3 178 55 0 2 -6 0 1025 238 -44 -82 -82
1 30000 277 8 -1 0 0 0 0 0 4 -1 -2 589 159 1 0 2 0 1472 334 -73 -114 -114
1 30004 297 -21 -1 2 0 0 0 0 -9 5 4 38 24 0 -3 -1 0 1530 360 -52 -126 -126
1 29996 262 -7 3 -4 0 0 0 0 -4 2 1 18 8 2 0 0 0 354 84 -10 -29 -29
1 30002 274 -6 -2 4 0 0 0 0 -3 1 0 18 4 -2 1 1 0 105 24 -5 -9 -9
1 29999 269 -17 0 -2 0 0 0 0 -8 4 3 8 3 -1 0 0 -1 -112 -32 -6 14 14
1 29999 283 -31 1 0 0 0 0 0 -15 6 5 23 3 0 -1 0 1 -171 -45 -2 17 17
1 35295 327 -143 -9 127 -8 1425 -1 -2 -73 18 -45 100 20 0 4 1 0 -239 -66 -9 26 26
1 30470 297 -134 0 -3 0 0 0 0 -70 6 23 148 39 -1 -1 -2 0 -222 -69 -23 30 30
1 32000 311 -47 3 -122 0 -1419 -1 2 -24 -7 72 57 19 2 -3 2 0 100 15 -17 -2 -2
1 30000 264 31 0 -1 0 0 0 0 16 3 -5 54 14 -3 9 -1 0 272 63 -10 -22 -22
1 30000 266 38 0 0 0 0 0 0 20 1 -6 29 7 2 -7 1 0 241 57 -8 -20 -20
1 30000 269 7 -1 1 0 0 0 0 4 1 0 10 2 0 -1 -3 0 207 50 -4 -18 -18
1 29999 273 -7 1 -2 0 0 0 0 -4 -1 0 7 1 1 0 3 0 102 25 -3 -8 -8
1 30001 274 11 -1 -2 0 0 0 0 5 1 -2 -2 0 -2 0 -1 0 161 40 -1 -15 -15
1 30000 277 20 3 3 0 0 0 0 11 0 -3 5 -4 2 3 -1 0 39 9 0 -4 -4
1 29999 256 23 -2 -1 0 0 0 0 12 1 -3 3 -1 -2 -1 1 0 -24 -6 -2 3 3
1 30001 276 -13 0 3 0 0 0 0 -7 -1 0 9 2 -1 -3 1 0 53 12 -1 -4 -4
1 30000 268 -33 -1 -2 0 0 0 0 -17 0 6 16 1 2 2 1 0 38 9 -1 -4 -4
1 29999 281 -92 1 2 0 0 0 0 -48 -6 15 143 36 0 -1 0 0 114 20 -16 -4 -4
1 30001 270 -49 -2 -5 0 0 -1 0 -26 -6 8 56 14 -1 0 -3 0 138 27 -14 -7 -7
1 30000 260 -48 -1 3 0 0 0 0 -23 -8 8 64 17 3 -1 3 0 64 10 -10 -2 -2
1 30000 279 -70 5 1 0 0 0 0 -33 -16 10 68 17 -2 0 -3 0 86 16 -10 -4 -4
1 30000 275 -87 -2 0 0 0 0 0 -39 -24 13 52 12 0 2 3 0 20 -1 -10 2 2
1 30000 271 -73 2 -4 0 0 0 0 -29 -26 10 59 17 1 -3 -2 1 151 32 -11 -10 -10
1 29999 258 -79 -1 5 0 0 0 0 -28 -29 9 107 26 -2 2 -1 -1 179 37 -14 -11 -11
1 30000 280 -73 -1 -1 0 0 0 0 -21 -32 7 85 22 2 1 0 1 234 49 -17 -15 -15
1 30000 261 -57 0 -2 0 0 0 0 -15 -27 5 55 17 1 -1 1 0 332 77 -13 -26 -26
1 30000 261 -15 0 1 0 0 0 0 -3 -7 1 7 2 -3 1 2 -1 270 65 -6 -23 -23
1 30000 255 -1 1 1 0 0 0 0 0 0 0 13 2 0 1 -1 1 82 19 -2 -7 -7
1 34590 338 59 -7 -126 1 -1388 0 -2 15 -3 27 149 35 3 -3 1 0 274 62 -12 -21 -21
1 30471 284 124 -2 2 0 0 0 0 39 54 -1 128 33 -4 0 -2 0 383 84 -22 -27 -27
1 30471 300 156 -1 -2 0 0 0 0 62 56 -10 31 11 2 13 -1 0 411 94 -17 -31 -31
1 30471 284 174 1 2 0 0 0 0 83 42 -18 13 4 1 -12 0 0 237 56 -5 -20 -20
1 33295 312 160 -2 116 -9 1396 0 2 82 32 -85 32 6 0 1 1 0 153 36 -5 -12 -12
1 30823 287 44 1 7 0 0 0 0 23 -1 -10 19 3 1 -3 -1 0 52 11 -4 -4 -4
1 30000 293 20 5 -2 0 0 0 0 10 -1 -3 46 11 -5 4 2 0 45 7 -7 -1 -1
1 30000 284 22 1 -3 0 0 0 0 11 -1 -3 109 24 5 -2 -1 0 68 12 -8 -3 -3
1 29999 293 25 -1 3 0 0 0 0 13 -3 -5 224 57 -2 -1 1 0 32 -8 -27 8 8
1 29999 290 -11 -3 1 0 0 0 0 -5 1 2 65 22 0 -1 -2 0 92 7 -27 3 3
1 30001 292 -36 5 1 0 0 0 0 -19 3 6 53 15 0 1 1 0 -319 -89 -14 35 35
1 30000 276 -1 -3 -4 0 0 0 0 -1 0 0 59 13 1 3 0 0 -422 -109 -5 41 41
1 30000 294 39 1 3 0 0 0 0 21 -3 -6 20 6 0 2 2 0 -74 -25 -10 11 11
1 30000 267 52 0 -5 0 0 0 0 26 -6 -8 58 12 1 -2 -1 0 -97 -29 -7 12 12
1 30000 275 29 1 3 0 0 0 0 15 -4 -5 91 23 -4 -2 -2 0 -23 -12 -12 7 7
1 34649 329 -63 -10 127 -6 1395 -2 -2 -32 6 -55 181 44 3 1 0 0 -71 -32 -22 16 16
1 30527 295 -56 2 1 0 0 0 0 -29 6 8 204 56 -2 -2 -1 0 -230 -78 -34 35 35
1 30471 308 -89 -1 1 0 0 0 0 -46 6 15 10 7 2 0 5 0 13 -6 -16 5 5
1 32118 294 -79 2 -126 0 -1415 -1 2 -41 -7 79 23 5 0 1 -3 0 -10 -6 -5 3 3
1 30000 278 45 1 -1 0 0 0 0 23 3 -8 156 37 -1 2 -1 0 81 12 -15 -1 -1
1 30000 286 58 3 0 0 0 0 0 30 2 -10 60 18 1 0 0 0 246 51 -18 -15 -15
1 30001 269 22 1 0 0 0 0 0 12 0 -3 117 30 0 -2 2 0 161 30 -18 -8 -8
1 29999 278 8 -4 -2 0 0 0 0 4 -1 -2 55 15 -1 0 -2 0 222 48 -12 -16 -16
1 30002 267 -17 1 3 0 0 0 0 -9 1 3 124 30 0 3 2 0 171 33 -16 -9 -9
1 29999 277 1 0 -1 0 0 0 0 1 -1 0 213 56 2 -3 0 0 -99 -42 -29 21 21
1 30000 274 39 1 0 0 0 0 0 20 -1 -6 70 22 -1 0 0 0 -144 -49 -21 22 22
1 29999 272 44 2 1 0 0 0 0 23 -3 -8 46 12 0 3 1 0 271 62 -11 -21 -21
1 30002 271 22 0 -2 0 0 0 0 11 -2 -4 92 23 -2 4 1 0 353 81 -13 -27 -27
1 29998 284 -43 -1 2 0 0 0 0 -22 4 8 59 16 2 -5 -2 0 308 69 -12 -23 -23
1 30001 261 -69 -1 3 0 0 0 0 -36 4 10 82 18 -1 -3 -1 0 94 17 -11 -5 -5
1 29999 277 -79 1 -2 0 0 0 0 -41 -4 14 248 70 0 1 1 0 614 130 -38 -40 -40
1 30002 283 -19 0 0 0 0 0 0 -10 -1 3 42 12 -1 0 -1 0 820 196 -15 -69 -69
1 29997 266 2 1 -4 0 0 0 0 0 0 0 88 21 2 -1 1 0 464 110 -10 -38 -38
1 30002 271 8 -1 3 0 0 0 0 5 1 -1 114 29 0 1 0 0 417 92 -19 -30 -31
1 30000 269 18 0 -1 0 0 0 0 9 1 -3 39 12 0 -1 -2 0 652 154 -14 -54 -53
1 30000 271 49 1 -1 0 0 0 0 26 2 -8 57 15 -1 -1 2 0 463 111 -7 -39 -39
1 30000 272 50 -1 -1 0 0 0 0 26 0 -8 30 7 0 4 -1 1 159 35 -8 -10 -10
1 29998 267 36 -2 1 0 0 0 0 19 -3 -6 33 9 -1 -4 0 -1 237 55 -6 -19 -19
1 30002 260 65 1 1 0 0 0 0 34 -6 -11 30 5 1 2 2 0 390 93 -7 -33 -33
1 34644 315 -15 -11 126 -10 1436 -1 -2 -8 -2 -63 42 10 1 -1 -3 1 214 50 -5 -17 -17
1 30470 300 -61 1 0 0 0 0 0 -32 7 9 179 40 -3 -1 1 0 85 12 -14 -1 -1
1 30473 278 -84 0 2 0 0 0 0 -43 5 14 59 21 2 3 0 -1 42 -4 -24 6 6
1 30194 276 -90 27 -127 38 -1435 0 2 -50 -6 79 33 9 -2 0 2 0 -40 -16 -9 7 7
1 30805 249 -44 7 0 0 0 0 0 -23 -7 7 11 3 3 -2 0 1 -106 -29 -5 12 12
1 28723 163 17 232 -60 189 -484 -67 -4 -14 -4 5 12 2 -1 2 -1 0 -2 -4 -4 2 2
1 30051 82 43 -21 6 0 0 -141 0 25 5 0 10 0 1 -1 0 0 -5 0 0 0 0
1 29927 59 29 -24 3 -2 1 -130 0 18 3 -1 2 3 -1 5 0 0 -5 -2 -1 1 1
1 30056 18 6 0 2 1 0 -135 0 3 1 -1 6 -1 -2 -6 0 0 -6 -2 0 1 1
1 29944 -47 -41 -59 13 356 -1 -106 0 -17 -2 -2 -1 0 2 1 -1 -1 32 5 -4 -2 -2
1 30050 -190 -25 418 -7 45 0 -119 0 -40 -4 -41 -12 1 -1 2 1 1 -15 -3 1 1 1
1 29950 -244 -33 -72 1 0 0 -134 0 -12 -3 -2 -20 -4 2 -3 1 0 6 5 5 -2 -2
1 30027 -320 -1 -13 11 -1 -1 -134 0 -2 -1 0 -13 0 -1 -1 -2 0 -16 -3 3 0 0
1 29978 -373 8 -2 0 0 1 -133 0 5 2 0 -44 -9 1 1 -1 0 -4 3 6 -2 -2
1 31297 -411 -50 -87 7 0 -1 -74 4 -20 -6 -6 -220 -55 -2 -1 2 0 121 46 24 -21 -21
1 29998 -431 -57 -1 -3 0 0 0 0 -26 -12 -10 -54 -15 -1 1 1 0 100 36 17 -16 -16
1 30000 -446 -39 3 2 0 0 0 0 -18 -10 -7 -49 -10 5 8 -1 0 -14 2 9 -3 -3
1 30000 -429 -41 -6 0 0 0 0 0 -18 -11 -6 -65 -15 -1 -5 -2 0 -468 -112 7 39 39
1 30000 -444 -42 4 -1 0 0 0 0 -18 -13 -6 -53 -12 1 2 3 0 -165 -35 11 11 11
1 30000 -431 3 1 1 0 0 0 0 1 1 0 -176 -45 -2 -3 -2 0 -599 -136 21 45 45
1 30000 -433 18 -2 1 0 0 0 0 8 5 2 -81 -20 -1 -1 2 0 -686 -159 19 54 54
1 30000 -450 93 3 1 0 0 0 0 41 26 14 -303 -79 1 1 -1 0 -631 -137 34 43 43
1 30000 -437 118 -3 0 0 0 0 0 57 22 21 -112 -32 -1 -1 1 0 -1184 -278 30 96 96
1 30001 -431 26 3 -4 0 0 0 0 13 4 6 -100 -27 1 1 -1 0 -579 -131 21 44 44
1 29999 -448 -37 -2 3 0 0 -6 0 -19 -5 -6 -157 -39 2 1 -1 0 -721 -170 19 59 59
1 30000 -440 0 -2 0 0 0 0 0 1 -1 -1 -238 -64 -3 -2 1 0 -293 -49 40 11 11
1 30000 -439 1 2 -2 0 0 0 0 0 0 1 -118 -31 2 1 -1 0 54 29 25 -16 -16
1 30000 -423 -6 0 0 0 0 0 0 -3 0 -2 -133 -32 -3 -1 2 0 -179 -31 22 8 8
1 30001 -435 -51 -1 1 0 0 0 0 -25 -9 -8 -183 -51 1 1 0 0 -379 -76 33 22 22
1 29998 -438 -2 2 1 0 0 0 0 -1 -1 -1 -39 -10 1 0 -3 0 -221 -51 8 17 17
1 30003 -433 -43 -2 0 0 0 0 0 -21 -8 -7 -265 -67 0 -3 3 0 -303 -57 32 15 15
1 29997 -425 12 1 -1 0 0 0 0 6 2 2 -154 -42 -2 3 0 0 222 75 33 -34 -34
1 30001 -438 -19 0 0 0 0 0 0 -9 -4 -3 -91 -23 1 -2 -4 0 114 42 21 -19 -19
1 30000 -427 -28 0 0 0 0 0 0 -13 -7 -5 -75 -20 2 1 3 0 84 30 15 -14 -14
1 36176 -498 238 -12 126 -28 1402 -1 -2 118 39 -25 -85 -20 -1 -1 1 0 214 62 13 -25 -25
1 35529 -455 170 -2 -122 7 -1404 0 2 90 -4 94 -357 -94 2 1 -3 0 441 142 52 -63 -63
1 30000 -374 22 0 1 0 0 0 0 11 -4 3 -38 -11 -3 -2 -1 0 98 35 17 -16 -16
1 30000 -403 3 0 0 0 0 0 0 1 0 2 -31 -6 2 2 2 0 77 24 7 -10 -10
1 30000 -377 -18 -2 -4 0 0 0 0 -8 2 -3 -26 -7 -2 1 -2 0 -23 -3 5 0 0
1 30000 -386 -18 3 3 0 0 0 0 -10 2 -3 -38 -6 2 0 2 0 -31 -4 5 1 1
1 30000 -383 -16 -1 -1 0 0 0 0 -8 2 -3 -204 -53 -2 0 2 0 -292 -60 25 17 17
1 30000 -376 -6 -1 -1 0 0 0 0 -3 0 -1 -90 -25 1 -2 -2 0 -572 -130 24 43 43
1 30000 -377 23 0 2 0 0 0 0 12 -2 3 -29 -8 -1 1 1 0 -265 -62 8 22 22
1 30000 -372 96 0 -3 0 0 0 0 49 -13 16 -164 -42 0 -1 2 0 -350 -80 14 27 27
1 29999 -373 87 2 3 0 0 0 0 42 -18 13 -154 -41 2 0 -1 0 -564 -124 32 40 40
1 30002 -373 51 -2 1 0 0 0 0 23 -13 7 -72 -19 -3 3 -1 0 -414 -95 16 32 32
1 34294 -445 -117 7 -135 10 -1398 -1 -2 -55 1 46 -123 -31 1 -2 -1 0 -194 -38 20 11 11
1 30881 -403 -202 1 2 0 0 0 0 -104 28 -29 -128 -33 1 2 0 0 -175 -33 19 9 9
1 32176 -390 -139 1 123 0 1406 0 2 -73 13 -87 -63 -17 -1 -1 -1 0 -169 -32 19 8 8
1 30001 -400 -22 -3 5 0 0 0 0 -11 -4 -5 -2 0 1 9 3 0 -218 -52 4 19 19
1 29999 -402 -6 1 -1 0 0 0 0 -3 0 -2 -1 3 -1 -9 -2 0 -46 -11 2 3 3
1 30001 -383 -6 3 3 0 0 0 0 -4 -1 -1 -8 0 1 1 4 0 -20 -5 0 2 2
1 29999 -400 -24 -4 0 0 0 0 0 -11 -4 -4 -20 -1 -1 1 -3 0 -41 -8 4 3 3
1 30000 -377 -38 1 -1 0 0 0 0 -19 -6 -7 -87 -22 1 -4 0 0 -194 -43 11 14 14
1 30001 -407 16 -3 -1 0 0 0 0 8 3 3 -204 -52 1 1 1 0 -466 -106 21 35 35
1 30000 -395 78 1 2 0 0 0 0 39 11 13 -49 -13 -2 1 0 0 -267 -54 23 16 16
1 29999 -379 82 3 -3 0 0 0 0 43 7 14 -72 -19 1 -2 -1 0 128 40 13 -17 -17
1 30001 -386 25 -1 2 0 0 0 0 13 0 4 0 1 -3 0 0 0 229 60 4 -23 -23
1 30000 -391 2 -1 -1 0 0 0 0 1 0 1 -67 -14 2 1 -1 0 147 42 8 -18 -18
1 30000 -390 93 0 2 0 0 -1 0 49 -2 15 -617 -160 0 0 1 0 51 37 42 -22 -22
1 29999 -368 64 0 -1 0 0 0 0 33 -6 12 -539 -156 0 -1 -2 0 -1412 -302 100 95 95
1 30000 -384 -42 -2 0 0 0 0 0 -22 4 -6 -112 -41 1 1 1 0 -2086 -497 62 177 177
1 30001 -396 -40 1 -4 0 0 0 0 -20 3 -8 -50 -15 1 -1 1 0 -660 -160 16 58 58
1 29999 -412 -56 0 4 0 0 0 0 -30 1 -10 -56 -12 -3 1 -1 0 362 101 15 -41 -41
1 30000 -382 -59 0 -2 0 0 0 0 -31 -1 -10 -236 -63 1 -1 0 0 448 123 16 -50 -50
1 30001 -397 -50 0 3 0 0 0 0 -26 -4 -8 -176 -49 0 3 0 0 499 156 50 -69 -69
1 30000 -392 45 -1 -2 0 0 0 0 24 4 6 -139 -38 2 -2 1 0 324 96 22 -40 -40
1 30000 -395 34 2 0 0 0 0 0 17 1 7 -270 -73 1 6 -3 0 144 61 43 -31 -31
1 29999 -402 56 -2 2 0 0 0 0 30 0 9 -227 -63 -4 -7 1 0 110 47 34 -24 -24
1 30001 -393 45 1 0 0 0 -1 0 23 -2 8 -176 -50 1 0 1 0 -692 -159 32 54 54
1 29999 -400 22 1 -2 0 0 0 0 12 -1 5 -245 -69 -1 1 3 0 -869 -199 44 68 68
1 30000 -413 -57 -1 -2 0 0 0 0 -30 3 -10 -173 -49 2 1 -4 0 -395 -81 37 24 24
1 30001 -408 -56 1 3 0 0 0 0 -30 1 -10 -88 -24 0 -1 1 0 -70 -6 23 -3 -3
1 30000 -402 -38 -1 -4 0 0 0 0 -19 -1 -6 -2 1 -2 0 0 0 194 54 6 -21 -21
1 30000 -405 -24 2 1 0 0 0 0 -13 -3 -4 0 0 1 1 2 0 229 60 2 -23 -23
1 30000 -394 4 -3 2 0 0 0 0 2 1 0 -9 2 0 -1 -2 0 108 29 1 -12 -12
1 29999 -401 -58 1 -1 0 0 0 0 -30 -5 -9 -192 -50 -1 0 1 0 -246 -54 18 17 17
1 30000 -405 -61 -1 -1 0 0 0 0 -31 -9 -10 -148 -42 0 8 -2 0 -952 -228 32 82 82
1 30000 -411 -32 2 0 0 0 0 0 -15 -7 -6 -24 -5 0 -7 2 0 -536 -131 13 48 48
1 30001 -389 -22 -2 1 -1 0 0 0 -10 -5 -4 -8 -1 1 0 -2 0 -82 -20 3 7 7
1 29999 -393 -31 1 0 0 0 0 0 -15 -7 -5 -10 0 -1 2 1 0 -72 -17 3 6 6
1 30001 -400 51 -2 3 0 0 0 0 24 12 8 -168 -43 2 -2 -1 0 110 36 13 -17 -17
1 29999 -400 39 3 0 0 0 0 0 19 7 6 -414 -115 1 2 0 0 -1538 -361 67 127 127
1 30000 -388 42 -3 -2 0 0 0 0 21 6 8 -256 -76 -2 -4 3 -1 -1327 -324 38 119 119
1 30001 -394 76 3 1 0 0 0 0 39 8 12 -373 -104 0 5 -2 1 -1120 -254 69 87 87
1 29999 -397 28 0 -1 0 0 0 0 15 2 5 -32 -12 0 -1 1 0 -366 -82 25 27 27
1 30001 -391 3 -1 -2 0 0 0 0 2 1 1 -1 0 0 -4 -2 0 171 47 5 -19 -19
1 29999 -384 1 0 3 0 0 0 0 0 -1 0 -13 -2 2 5 2 0 205 55 3 -22 -22
1 30001 -383 5 -1 -1 0 0 0 0 3 1 1 -61 -12 -2 -2 1 -1 116 34 7 -14 -14
1 29999 -401 101 0 2 1 0 -1 0 53 -2 17 -124 -34 2 -2 -3 0 -105 -18 19 3 3
1 30000 -374 108 2 -2 0 0 0 0 56 -11 17 -186 -52 -2 1 1 0 -285 -60 26 19 19
1 30001 -370 99 1 -1 0 0 0 0 48 -21 17 -165 -46 0 -2 1 0 -263 -52 31 15 15
1 30000 -362 76 -2 3 0 0 0 0 34 -20 11 -530 -158 0 4 0 0 -385 -83 34 26 26
1 29999 -371 106 1 -2 0 0 0 0 43 -37 13 -920 -259 0 -2 0 0 -1940 -406 197 125 125
1 30000 -367 35 2 2 0 0 0 0 12 -13 4 -297 -93 -1 0 0 0 -1947 -474 71 177 177
1 30000 -369 -4 -4 -3 0 0 0 0 0 2 0 3 -3 2 -1 -1 0 -887 -226 15 88 88
1 30001 -380 28 0 1 0 0 0 0 9 -12 2 -727 -203 -1 3 0 0 -1232 -280 89 98 98
1 30000 -390 59 -1 2 0 0 0 0 18 -25 6 -236 -77 0 -2 -1 0 -1920 -478 58 185 185
1 30000 -364 63 3 -1 0 0 0 0 16 -29 5 -492 -142 0 -2 1 0 -1657 -403 73 153 153
1 34295 -434 -162 -5 -131 0 -1403 0 -2 -48 37 27 -406 -125 0 1 2 0 -975 -212 100 71 71
1 30468 -375 -234 1 -2 0 0 0 0 -100 76 -13 -8 -5 1 1 -1 0 -1091 -281 17 115 115
1 30472 -380 -244 -1 -1 0 0 0 0 -124 36 -33 -24 -6 0 -2 -2 0 -541 -140 7 57 57
1 31765 -397 -211 4 132 0 1388 0 2 -110 -2 -102 -157 -42 0 1 1 0 -496 -124 16 50 50
1 30000 -378 -107 -2 -1 0 0 0 0 -49 -26 -17 -341 -95 0 1 -1 0 -867 -212 40 82 82
1 30000 -360 -64 -1 4 0 0 0 0 -28 -19 -10 -73 -26 1 -1 3 0 -1376 -349 36 143 143
1 29999 -360 -39 3 -3 0 0 0 0 -15 -13 -6 -134 -40 -1 1 -2 0 -1164 -297 31 122 122
1 30001 -369 -15 -4 -1 0 0 0 0 -6 -5 -2 -73 -21 -3 -1 1 0 -659 -171 9 72 72
1 29999 -379 5 5 0 0 0 0 0 2 2 0 -194 -53 0 2 0 0 -949 -237 35 97 97
1 30000 -376 1 -3 0 0 0 0 0 0 0 1 -147 -45 2 1 0 0 -739 -186 28 76 76
1 30000 -375 -43 3 -1 0 0 0 0 -16 -16 -5 -177 -49 1 0 0 0 -776 -195 28 80 80
1 30000 -395 -72 -2 0 0 0 0 0 -23 -29 -9 -218 -63 -1 -2 0 0 -600 -146 35 59 59
1 30001 -378 -74 1 4 0 0 0 0 -21 -33 -7 -283 -84 -1 -1 -1 -1 -987 -244 50 99 99
1 30000 -384 -38 -3 -3 0 0 0 0 -8 -18 -4 -58 -18 3 3 1 0 -1067 -274 26 117 117
1 34999 -452 147 9 130 -1 1401 0 -2 40 53 -30 -290 -84 -3 -3 1 0 -969 -241 47 100 100
1 30470 -414 256 1 0 0 0 0 0 104 88 18 -81 -22 -1 2 -2 1 -842 -220 15 96 96
1 31029 -433 261 1 -22 1 -211 0 0 132 41 49 -181 -53 2 -2 2 -1 -905 -228 38 97 97
1 29444 -378 37 -10 -100 0 -1176 0 2 20 -5 62 -22 -6 2 2 -2 0 -494 -129 8 57 57
1 29999 -394 -36 -1 -4 0 0 0 0 -19 1 -5 -46 -13 -1 0 -1 0 -345 -89 10 39 39
1 30000 -398 -63 -2 0 0 0 0 0 -32 -2 -12 -107 -26 -1 0 3 0 -206 -53 6 23 23
1 30000 -387 -42 1 2 0 0 0 0 -23 -3 -6 -272 -79 0 1 -2 0 -733 -181 43 76 76
1 30000 -393 1 -2 -1 0 0 0 0 1 1 0 -157 -46 0 -1 -2 0 -878 -222 37 96 96
1 30000 -398 64 5 3 0 0 0 0 33 3 9 -101 -31 1 -2 3 0 -870 -225 27 99 99
1 30000 -387 27 -1 0 0 0 0 0 14 1 5 -37 -10 0 0 0 0 -655 -172 11 78 78
1 30000 -386 37 -1 -1 0 0 0 0 20 0 6 -24 -5 -2 9 0 0 -354 -93 6 42 42
1 30001 -388 78 2 0 0 0 0 0 41 -5 13 -35 -10 2 -8 0 0 -312 -81 7 37 37
1 29999 -398 103 0 2 0 0 0 0 52 -14 17 -297 -81 -2 3 0 0 -471 -117 30 50 50
1 35117 -461 -217 -3 -142 0 -1428 0 -2 -111 -1 35 -655 -192 0 -4 -1 0 -1747 -438 98 191 191
1 32297 -413 -227 2 133 0 1417 -1 2 -117 -6 -105 -443 -136 2 2 1 0 -2134 -549 87 247 247
1 29999 -373 -91 -1 -1 0 0 0 0 -42 -22 -14 -238 -74 -2 0 -1 0 -1662 -432 59 199 199
1 30000 -370 -13 -1 6 0 0 0 0 -6 -3 -4 -124 -40 0 0 1 0 1142 321 39 -161 -161
1 30002 -385 73 0 3 0 0 0 0 33 19 10 -23 -7 1 2 1 -1 886 243 12 -118 -118
1 30000 -364 86 -2 -5 0 0 0 0 43 17 14 -31 -9 3 -1 0 1 636 174 6 -84 -84
1 30000 -379 115 5 2 0 0 0 0 58 13 19 -98 -25 -2 1 0 -1 407 113 11 -55 -55
1 29999 -369 39 -2 -3 0 0 0 0 21 2 8 -193 -55 1 -2 -2 0 -89 -16 25 4 4
1 29999 -370 -48 0 -1 0 0 0 0 -25 -4 -8 -372 -110 -1 0 2 0 -822 -204 63 87 87
1 30001 -365 136 -2 3 0 0 0 0 71 2 22 -393 -117 -2 -2 -1 0 -1084 -272 75 119 119
1 29999 -379 34 0 0 0 0 0 0 18 -3 6 -9 -7 1 3 0 0 -964 -255 24 119 119
1 29999 -365 -2 1 -2 0 0 0 0 -1 1 1 3 2 3 1 0 0 -403 -108 4 52 52
1 30001 -366 -11 0 2 0 1 1 0 -6 1 -2 1 2 -1 7 -1 0 -109 -30 0 14 14
1 30001 -375 -34 -2 1 0 0 0 0 -18 2 -6 -38 -10 0 -9 2 0 -50 -12 4 6 6
1 29999 -361 -61 1 -2 0 0 0 0 -32 1 -10 -103 -28 0 2 -1 0 6 6 16 -5 -5
1 29999 -366 -56 1 -2 0 0 0 0 -29 -2 -10 -107 -28 2 10 0 0 -427 -110 21 50 50
1 30002 -374 -36 0 3 0 0 0 0 -20 -3 -5 -67 -20 -3 -11 -3 0 -928 -249 13 120 120
1 29999 -362 41 1 1 0 0 0 0 22 3 5 -193 -57 0 1 4 0 -1722 -461 30 223 223
1 30001 -369 24 -1 -3 0 0 0 0 13 1 5 -347 -101 2 0 -2 0 -1758 -468 45 226 226
1 30000 -364 -47 -2 0 0 0 0 0 -25 -3 -7 -224 -67 -3 2 1 0 -333 -78 52 32 32
1 29999 -361 -22 0 0 0 0 0 0 -11 -2 -4 -297 -89 0 -1 -2 0 -425 -103 52 44 44
1 30001 -361 -3 1 2 0 0 0 0 -2 -1 -1 -93 -31 3 0 0 0 -1031 -274 33 134 134
1 30002 -374 -67 0 -2 0 -1 -1 0 -34 -8 -10 -63 -21 -4 -3 3 0 -678 -182 15 90 90
1 29997 -362 -58 0 -1 0 0 0 0 -29 -10 -9 -20 -3 0 2 -1 0 -354 -95 10 47 47
1 30001 -365 -40 -1 1 0 0 0 0 -19 -9 -7 -5 2 2 2 0 0 -152 -41 2 21 21
1 29999 -367 -73 1 -2 0 0 0 0 -32 -21 -10 -70 -22 0 1 -1 -1 -126 -32 11 15 15
1 30000 -366 -52 2 1 0 0 0 0 -22 -16 -9 -100 -25 -2 -4 2 1 -393 -104 14 51 51
1 30001 -361 -15 -1 1 0 0 0 0 -6 -5 -2 -264 -76 3 0 -4 0 -1373 -367 44 184 184
1 29999 -374 12 -1 2 0 0 0 0 5 4 1 -411 -123 0 11 2 0 -1836 -493 46 251 251
1 30001 -366 -8 1 0 0 0 0 0 -3 -3 -1 -445 -131 -3 -9 2 -1 -2457 -661 74 339 339
1 30000 -375 49 0 1 0 0 0 0 20 16 7 -382 -122 3 3 -1 0 -2304 -617 94 320 320
1 29999 -373 -40 -2 -2 0 0 0 0 -17 -13 -4 -312 -94 0 -2 0 0 -967 -257 57 133 133
1 33941 -445 206 9 127 0 1398 0 -2 93 50 -35 -183 -61 -2 -4 0 0 259 82 58 -52 -52
1 32060 -418 307 0 -123 0 -1414 0 2 160 17 113 -848 -237 0 3 0 0 970 280 66 -161 -161
1 29999 -382 70 -10 -2 0 0 0 0 36 -10 14 -1399 -418 0 0 -1 0 6354 1819 271 -1002 -1002
1 30001 -364 -40 -1 -2 0 0 0 0 -20 6 -6 -548 -183 3 10 0 0 2723 794 141 -429 -429
1 29999 -380 124 4 1 0 0 0 0 61 -23 18 -475 -155 -4 -12 1 0 -189 -28 108 -1 -1
1 30001 -366 129 -3 1 0 0 0 0 58 -36 18 -432 -135 0 0 1 0 -1851 -505 58 252 252
1 30000 -341 45 2 -3 0 0 0 0 18 -16 6 -429 -136 2 3 -2 0 -2217 -597 119 295 295
1 30000 -355 -40 -1 2 0 0 0 0 -16 14 -5 -243 -78 2 -2 3 0 -1031 -281 46 142 142
1 29999 -361 -90 0 -3 0 0 0 0 -39 27 -11 -264 -82 -1 0 0 0 -409 -102 66 46 46
1 30002 -345 -70 -1 1 0 0 0 0 -33 17 -11 -373 -111 0 2 -4 0 -440 -115 47 55 55
1 29998 -351 -68 0 -1 0 0 0 0 -34 12 -10 -139 -48 -2 -1 2 0 31 21 61 -20 -20
1 30001 -353 -43 1 1 0 0 0 0 -22 6 -7 -625 -188 -1 6 1 0 342 108 57 -65 -65
1 30001 -364 -5 -4 2 0 -2 0 0 -2 1 -1 -1410 -429 2 -3 -1 0 3816 1139 249 -634 -634
1 29998 -333 78 4 -1 0 0 0 0 39 -12 12 -462 -164 -1 -3 -1 0 4172 1230 157 -654 -654
1 30000 -354 5 -2 1 0 0 0 0 3 0 1 -506 -160 2 2 0 0 494 162 81 -94 -94
1 30002 -333 39 3 0 0 0 0 0 19 -7 6 -727 -227 0 -3 2 -1 391 147 133 -94 -94
1 30000 -303 6 -2 -3 0 0 0 0 3 -3 1 -1212 -371 1 20 -1 1 1764 566 213 -315 -315
1 29999 -317 115 -3 5 0 0 0 0 52 -30 15 -488 -174 -1 -17 -2 -1 2341 714 128 -372 -372
1 30001 -332 -35 1 -3 0 0 0 0 -15 10 -4 -503 -170 1 4 2 0 3198 968 131 -489 -489
1 29998 -322 -43 3 -2 0 0 0 0 -19 12 -5 -85 -35 -1 0 -1 0 1399 421 44 -207 -207
1 30000 -349 23 0 3 0 0 0 0 10 -6 2 -201 -63 0 -3 1 0 411 126 20 -63 -63
1 30001 -332 -8 -1 -2 0 0 0 0 -4 2 0 -241 -73 1 1 0 0 -485 -123 56 49 49
1 34292 -400 -156 -4 -132 0 -1376 0 -2 -75 6 40 -47 -17 0 4 0 0 -1003 -282 32 129 129
1 30471 -339 -209 4 -1 0 0 0 0 -110 16 -32 -45 -13 0 -5 1 0 -976 -280 15 132 132
1 31120 -366 -68 -1 132 0 1396 0 2 -36 10 -77 -92 -28 0 3 -2 0 -1632 -473 14 226 226
1 29998 -355 107 2 4 0 0 0 0 56 9 15 -93 -30 -1 2 -1 0 -2534 -734 21 357 357
1 30000 -348 111 0 -3 0 0 0 0 59 -3 20 -72 -22 1 -3 2 0 -2469 -716 18 354 354
1 30001 -370 119 -4 3 0 0 0 0 61 -16 18 -141 -42 0 1 -1 0 -2186 -634 19 320 320
1 29999 -360 57 2 -1 0 0 0 0 27 -12 10 -528 -159 0 0 3 0 -956 -261 75 123 123
1 30000 -389 -94 -2 -1 0 0 0 0 -46 18 -14 -618 -194 -4 -2 -2 0 3279 992 121 -524 -524
1 30000 -386 -117 2 -1 0 0 0 0 -61 11 -19 -311 -105 4 3 -1 0 6253 1864 88 -932 -932
1 30000 -382 -63 0 -1 0 0 0 0 -33 2 -11 -65 -24 1 0 1 0 4429 1314 33 -629 -629
1 30000 -365 -74 1 -1 0 0 0 0 -39 -4 -12 -90 -27 -1 2 -2 0 2619 780 23 -365 -365
1 20000 -254 -41 -2 0 0 0 0 0 -21 -4 -6 -20 -7 1 -6 -1 0 1583 469 7 -216 -216
1 20000 -239 -32 -2 2 0 0 0 0 -17 -3 -5 -27 -8 -3 3 1 -1 1116 331 7 -151 -151
1 20000 -264 -2 1 2 0 1 0 0 -1 -1 -1 -104 -31 -1 -5 1 0 1084 325 14 -148 -148
1 20000 -243 -25 -2 -4 0 0 0 0 -12 -4 -4 -88 -24 3 3 -1 0 1510 451 14 -203 -203
1 20000 -239 -48 2 1 0 0 0 0 -24 -9 -7 -84 -26 0 2 2 0 1446 435 22 -196 -196
1 20001 -267 -47 0 -1 0 0 0 0 -22 -11 -7 -43 -14 -1 -3 -1 0 1076 324 14 -143 -143
1 19999 -253 -28 -1 -1 0 0 0 0 -13 -7 -4 -37 -11 1 4 -1 0 907 271 10 -120 -120
1 20000 -238 -13 2 4 0 0 0 0 -6 -4 -2 -117 -35 0 0 1 0 869 263 15 -116 -116
1 20000 -257 -17 -2 -2 0 0 0 0 -7 -5 -3 -257 -78 -1 -1 -1 -1 1364 417 32 -185 -185
1 20001 -253 -42 -1 0 0 0 0 0 -18 -13 -5 -283 -88 0 0 0 1 2308 709 61 -311 -311
1 19999 -251 -22 1 3 0 0 0 0 -9 -7 -4 -26 -12 0 1 -1 -1 3154 947 28 -398 -398
1 20000 -244 -15 -3 0 0 0 0 0 -6 -5 -2 -27 -6 1 -3 3 0 2152 642 9 -264 -264
1 20000 -240 5 3 -3 0 0 0 0 2 2 1 -29 -7 -1 1 -2 0 1069 321 9 -131 -131
1 20002 -237 -26 1 -1 0 0 0 0 -10 -9 -3 -162 -48 2 3 -1 0 -212 -54 19 18 18
1 19999 -250 -62 -2 0 0 0 0 0 -22 -24 -7 -185 -57 -2 -3 2 0 -932 -258 37 98 98
1 19999 -241 -79 2 0 0 0 0 0 -25 -33 -8 -243 -76 -1 -1 1 0 -497 -133 30 48 48
1 20000 -249 37 1 4 0 0 0 0 11 16 2 -250 -77 0 -1 -2 0 976 320 62 -142 -142
1 24765 -303 129 5 123 0 1390 1 -2 46 40 -36 -9 -2 0 1 0 0 -4516 -1332 26 541 541
1 21058 -276 168 1 2 0 0 0 0 73 52 13 -14 3 0 -2 3 0 -3055 -904 8 379 379
1 21059 -273 152 1 -2 0 0 0 0 76 28 20 -43 0 0 0 -2 0 -2714 -805 7 344 344
1 21765 -266 105 -6 -118 0 -1405 -1 2 56 5 81 -38 -3 0 4 -1 -1 -2149 -637 7 276 276
1 20000 -239 -16 -3 -6 0 0 0 0 -8 -1 0 -104 -58 0 -4 3 1 -1568 -461 14 201 201
1 20001 -241 0 -3 2 0 0 0 0 0 0 -1 -53 -9 0 2 -3 -1 -1182 -346 16 151 151
1 20000 -234 22 4 0 0 0 0 0 11 0 4 -35 -8 0 -2 1 0 -1387 -409 10 182 182
1 20000 -236 27 -1 -3 0 0 0 0 15 0 5 -10 -10 0 -1 2 0 -1386 -411 6 185 185
1 20000 -251 37 -2 3 0 0 0 0 19 -3 5 -18 5 2 3 0 0 -946 -281 3 128 128
1 20000 -247 53 3 -2 0 0 0 0 28 -5 9 -45 -12 -2 -3 -1 0 -595 -175 6 80 80
1 20000 -220 58 0 2 0 0 0 0 29 -8 9 -178 -53 -1 -1 -1 0 -657 -187 25 82 82
1 20000 -246 46 0 -1 0 0 0 0 23 -9 7 -8 -4 -1 2 -1 0 -663 -192 17 86 86
1 20000 -238 42 0 -2 0 0 0 0 20 -10 6 -36 -9 3 2 1 0 -750 -222 4 103 103
1 20000 -240 42 0 1 0 0 0 0 19 -11 7 -181 -57 0 -2 -1 0 -550 -159 17 71 71
1 19999 -243 47 -2 1 0 0 0 0 21 -14 5 -189 -57 -1 0 2 0 -1036 -298 32 136 136
1 20001 -230 82 0 1 0 0 0 0 33 -28 10 -378 -117 0 12 -2 0 -1265 -359 58 160 160
1 20000 -245 87 2 -1 0 0 0 0 30 -35 9 -341 -109 4 1 0 0 1107 352 65 -178 -178
1 19999 -231 75 -2 3 0 0 0 0 21 -33 5 -461 -145 -4 -10 2 0 2676 831 87 -404 -404
1 20001 -226 32 2 -4 0 0 0 0 8 -16 2 -408 -129 1 -2 0 0 4475 1374 81 -642 -642
1 24881 -291 -148 -5 -136 0 -1415 1 -2 -41 33 29 -323 -106 -1 -1 0 -1 6546 2010 102 -903 -903
1 20471 -236 -153 0 0 0 0 0 0 -61 56 -4 -159 -51 2 -1 2 0 4792 1465 45 -628 -628
1 20470 -241 -139 -2 2 0 0 0 0 -66 37 -10 -120 -41 -1 1 -2 0 3025 926 29 -387 -387
1 20884 -255 -144 1 0 0 0 0 0 -74 22 -18 -195 -61 0 1 -2 0 1518 475 34 -199 -199
1 20900 -241 -184 -2 20 -1 205 0 0 -97 5 -38 -499 -147 1 -3 2 0 782 265 61 -118 -118
1 19570 -215 -105 6 111 1 1232 0 2 -53 -5 -74 -159 -52 -4 2 -1 0 687 241 66 -109 -109
1 19999 -206 -47 -2 2 0 0 0 0 -22 -10 -9 -41 -11 5 1 -1 0 2326 721 33 -293 -293
1 20000 -203 -19 1 2 0 0 0 0 -9 -5 -2 22 8 -3 1 -2 0 3049 930 10 -363 -363
1 20001 -205 42 -1 0 0 0 0 0 20 10 5 -185 -50 2 -2 3 0 3026 924 13 -356 -356
1 19999 -205 3 2 -1 0 0 0 0 1 1 1 -319 -97 -1 0 -2 0 1698 544 50 -214 -214
1 20000 -202 3 -2 0 0 0 0 0 2 0 1 -394 -128 -2 -1 1 0 -923 -250 54 83 83
1 20000 -209 54 0 2 0 0 0 0 26 11 7 -592 -187 2 -2 1 0 -2202 -611 107 210 210
1 20000 -196 69 -1 -1 0 0 0 0 35 10 11 -201 -79 -1 1 3 0 -2288 -656 78 236 236
1 20002 -229 90 1 0 0 0 0 0 47 7 14 -408 -136 1 0 -4 0 -1286 -352 79 121 121
1 19999 -201 66 -1 0 0 0 0 0 35 0 11 -359 -116 -1 -4 1 0 -932 -240 87 77 77
1 19999 -238 83 -1 2 0 0 0 0 44 -6 12 -396 -125 1 3 1 0 -23 23 59 -21 -21
1 20000 -210 142 4 1 0 0 0 0 70 -24 21 -807 -246 -1 3 -2 0 -71 33 107 -34 -34
1 20000 -222 -21 -3 -5 0 0 0 0 -9 5 -1 -356 -124 0 -3 2 0 223 151 161 -91 -91
1 20000 -228 -83 -3 -1 0 0 0 0 -41 14 -12 -291 -96 0 2 -2 0 611 229 78 -104 -104
1 20000 -214 -49 3 1 0 0 0 0 -26 6 -8 -178 -64 0 -5 0 -1 245 103 51 -50 -50
1 20000 -224 -2 -1 3 0 0 0 0 -1 0 -1 -30 -13 -1 13 3 1 15 17 25 -12 -12
1 20000 -226 5 0 -3 0 0 0 0 3 0 1 -277 -77 2 -11 -1 -1 431 156 42 -68 -68
1 20001 -223 164 1 4 0 0 0 0 82 -27 23 -1222 -365 1 2 -1 0 555 253 154 -129 -129
1 19999 -251 76 -1 -1 0 0 0 0 35 -21 11 -855 -258 -1 0 2 1 -505 -47 209 -23 -23
1 20000 -249 -9 -2 -1 0 0 0 0 -4 2 -1 -375 -113 -2 0 2 0 59 84 124 -57 -57
1 20000 -245 -57 0 -2 0 0 0 0 -26 15 -8 -269 -86 2 0 -2 -1 87 63 69 -38 -38
1 20002 -244 -70 -1 1 0 0 0 0 -34 16 -9 -707 -204 0 1 1 0 47 75 115 -52 -52
1 19998 -251 -25 0 -1 0 0 0 0 -12 4 -4 -377 -121 -1 1 2 0 253 147 126 -81 -81
1 20000 -245 -24 0 -1 0 0 0 0 -12 4 -3 -405 -129 0 -2 -2 0 240 112 69 -57 -57
1 20000 -243 -114 3 1 0 0 0 0 -60 10 -18 -1031 -315 2 6 2 0 148 118 133 -71 -71
1 20002 -229 -67 -6 -2 0 0 0 0 -35 1 -9 -2675 -752 -3 -3 4 0 507 274 212 -147 -147
1 19999 -249 201 1 2 0 0 0 0 105 -15 29 -4079 -1210 3 0 3 0 1628 998 874 -553 -553
1 19999 -238 180 -1 1 0 0 0 0 85 -42 24 -672 -282 -3 1 0 0 7831 2847 509 -1138 -1138
1 20000 -229 207 0 0 0 0 0 0 76 -79 20 -1172 -367 2 -2 -3 0 5043 1838 288 -697 -697
1 20000 -221 236 3 0 0 0 0 0 45 -116 11 -677 -206 -1 0 -1 0 4126 1528 250 -564 -564
1 24236 -242 -3358 1 -125 0 -1403 0 -2 -8 -154 -24 -957 -288 2 3 2 0 4067 1515 239 -542 -542
1 20530 -185 87 -4 -6 0 0 0 0 -15 -42 -18 -876 -248 -3 -4 1 0 2937 1118 193 -395 -395
1 20471 -211 -82 -11 -3 0 0 0 0 17 40 9 -508 -183 3 2 0 0 3723 1353 144 -448 -448
1 20882 -216 3386 -4 -4 0 0 0 0 12 108 28 -794 -261 2 1 1 0 2662 1033 183 -351 -351
1 20470 -183 -195 1 -2 0 0 0 0 -28 97 19 -1477 -441 -4 2 0 0 2295 968 249 -339 -339
1 20471 -203 -54 -3 4 0 0 0 0 -14 26 3 -2514 -759 2 4 2 0 4194 1764 424 -600 -600
1 20882 -190 62 11 2 0 0 0 0 14 -29 -1 -1858 -585 0 -5 0 0 8214 3342 616 -1051 -1051
1 20469 -162 45 -5 1 0 0 0 0 9 -22 -4 -3130 -920 -2 0 3 -1 7898 3055 349 -866 -866
1 20473 -140 29 -4 1 0 0 0 0 7 -13 -6 -1765 -575 2 2 1 0 8227 3490 632 -987 -987
1 20883 -127 -13 -1 -5 0 0 0 0 -2 5 2 -512 -227 -1 -3 0 0 8418 3435 445 -882 -882
1 20495 -113 -13 -2 3 0 0 0 0 -2 7 2 -1053 -346 1 6 -3 0 5914 2346 221 -557 -557
1 20504 -116 -77 0 -1 0 0 0 0 -17 37 5 -871 -299 -2 -6 4 0 4146 1750 240 -419 -419
1 20883 -114 -69 4 2 0 0 0 0 -19 32 3 -645 -226 2 4 1 0 4656 1931 224 -441 -441
1 20468 -126 -75 1 -1 0 0 0 0 -26 31 2 -437 -167 -1 3 1 0 3936 1644 189 -364 -364
1 20472 -110 -67 1 -1 0 0 0 0 -25 26 0 -452 -153 1 -9 -3 0 3039 1241 117 -264 -264
1 19575 -123 -68 4 129 0 1399 -19 -2 -30 51 -55 -463 -158 1 1 0 0 2727 1144 126 -243 -243
1 19998 -134 -63 -10 3 0 -1 -100 0 -28 17 -9 -261 -107 1 4 4 0 2218 922 94 -191 -191
1 20049 -128 -49 -6 0 -1 1 -96 0 -23 12 -7 -278 -101 4 36 0 0 1963 827 88 -170 -170
1 19980 -141 -64 -6 2 0 0 -100 0 -32 11 -10 -332 -122 -6 -36 -2 0 1484 641 78 -132 -132
1 10074 -87 -33 -3 1 1 0 -50 2 -17 5 -4 -178 -61 0 5 5 0 876 358 30 -70 -70
1 11206 -76 -13 2 1 0 -1 -10 2 -7 1 -2 -238 -78 0 -1 1 0 844 396 68 -85 -85
1 9999 -79 -16 0 -1 0 0 0 0 -8 2 -3 -127 -52 2 -3 -1 -1 760 367 69 -80 -80
1 10002 -80 -23 -3 -2 0 0 0 0 -12 2 -2 -70 -30 -2 -2 -1 0 1122 452 31 -86 -86
1 10000 -89 -26 3 3 0 0 0 0 -15 2 -2 -93 -35 1 3 2 0 993 417 41 -81 -81
1 9999 -91 -25 0 1 0 0 0 0 -13 1 -5 -63 -28 -4 -2 0 0 887 382 42 -75 -75
1 10001 -72 -29 -2 -5 0 0 0 0 -15 0 -3 -61 -21 3 1 -2 0 873 351 24 -66 -66
1 10000 -83 -18 2 2 0 0 0 0 -10 0 -2 -95 -32 -1 -1 2 0 932 382 29 -72 -72
1 10001 -90 -22 0 2 0 0 0 0 -12 -1 -3 -127 -41 -1 2 2 0 696 295 30 -56 -56
1 9999 -82 -29 -3 -2 0 0 0 0 -15 -1 -4 -106 -33 1 1 0 0 915 380 32 -71 -71
1 9998 -80 -30 2 1 0 0 0 0 -17 -2 -3 -114 -35 1 1 -1 0 744 307 25 -58 -58
1 10000 -74 -27 -1 1 0 0 0 0 -14 -3 -3 -205 -56 1 -3 0 0 702 319 45 -62 -62
1 9999 -82 -19 -1 1 0 0 0 0 -10 -3 -2 -516 -139 0 9 3 0 567 275 48 -56 -56
1 10003 -80 -25 -3 -2 0 0 0 0 -13 -3 -1 -437 -112 -1 -8 -1 0 729 406 101 -89 -89
1 9998 -62 -43 4 3 0 0 0 0 -22 -7 -8 -168 -68 0 -1 1 0 697 389 97 -84 -84
1 10000 -71 -79 0 -3 0 0 0 0 -38 -19 -8 -750 -209 0 -1 1 0 973 461 73 -91 -91
1 10002 -75 -62 -3 0 0 0 0 0 -28 -16 -7 -171 -69 -2 1 -1 0 834 524 156 -117 -117
1 10000 -50 -43 2 1 0 0 0 0 -19 -14 -4 -556 -181 1 1 4 -1 1406 617 68 -114 -114
1 10000 -75 -24 -1 -4 0 0 0 0 -10 -7 -1 -608 -208 1 2 0 1 1031 544 115 -110 -110
1 9998 -59 -24 -2 6 0 0 0 0 -9 -9 -4 -609 -217 -3 -3 1 -1 1855 940 175 -185 -185
1 10000 -63 -30 -2 -8 0 0 0 0 -12 -11 0 -565 -211 3 0 1 0 2081 966 132 -177 -177
1 10000 -59 47 1 5 0 0 0 0 18 17 4 -332 -134 0 2 0 0 2487 1169 163 -212 -212
1 10002 -62 46 -2 1 0 0 0 0 20 15 4 -114 -64 0 4 2 0 2166 985 116 -172 -172
1 10000 -53 34 1 1 0 0 0 0 14 11 3 -87 -42 1 0 0 0 2272 975 79 -160 -160
1 9997 -76 18 1 -2 0 0 0 0 8 5 3 -35 -24 -1 -4 -2 0 1745 731 47 -117 -117
1 10003 -61 10 0 -2 0 0 0 0 5 3 0 -16 -16 -1 4 2 0 1715 726 52 -116 -116
1 9997 -73 9 -2 0 0 0 0 0 4 2 2 -151 -56 7 -5 1 0 1230 487 14 -73 -73
1 10003 -65 20 1 2 0 0 0 0 9 6 2 -376 -136 -4 -3 -2 0 833 402 57 -68 -68
1 10000 -64 29 -1 1 0 0 0 0 14 6 3 -332 -104 0 3 1 0 1005 484 67 -82 -82
1 9998 -82 37 0 -4 0 0 0 0 19 8 4 6 13 -1 27 -2 0 1407 657 80 -108 -108
1 10000 -67 51 0 2 0 0 0 0 25 9 7 66 45 1 -21 4 0 1205 501 28 -76 -76
1 8792 -61 46 8 0 95 -3 -1 -4 24 6 3 4 18 -2 -5 3 0 1193 459 3 -64 -64
1 9951 -101 49 63 2 1 4 -43 0 22 5 0 -80 -9 -1 7 0 -1 800 316 8 -45 -45
1 9927 -105 41 -14 -1 -1 -2 -51 0 23 3 7 -101 -26 3 -8 -2 1 977 374 1 -52 -52
1 10070 -106 34 3 3 0 2 -53 0 17 0 5 -30 -8 -2 0 0 -1 954 414 32 -63 -63
1 9982 -112 33 1 -1 0 0 -55 0 18 0 5 -8 11 3 5 -2 0 910 359 8 -50 -50
1 10023 -117 19 -3 1 1 0 -52 4 10 0 3 -21 16 -4 10 3 0 650 275 18 -40 -40
1 11257 -136 -5 1 1 -1 -1 -11 0 -3 -1 0 -102 -5 3 -10 4 0 445 211 25 -34 -34
1 10000 -129 2 -1 2 0 0 0 0 1 0 -1 -51 -5 -2 -2 -3 0 579 260 25 -39 -39
1 10000 -119 21 -1 -1 0 0 0 0 11 -1 4 -220 -43 3 -3 3 0 535 235 19 -35 -35
1 10000 -126 20 -1 3 0 0 0 0 10 -1 3 -31 -1 -1 7 -3 0 699 335 43 -53 -53
1 9998 -133 11 2 -1 0 0 0 0 6 -1 2 -102 -1 2 1 3 0 826 358 27 -53 -53
1 10000 -127 17 1 0 0 0 0 0 9 -2 1 -42 5 -3 0 2 0 1074 446 22 -63 -63
1 10002 -128 -30 -4 -2 0 0 0 0 -15 3 -3 -275 -60 0 -3 3 0 1122 486 35 -70 -70
1 9998 -127 -31 1 -5 0 0 0 0 -16 2 -5 -217 -63 3 2 -3 0 1342 597 52 -88 -89
1 10002 -128 -6 0 3 0 0 0 0 -3 0 -2 -144 -44 -2 39 1 0 1126 533 62 -80 -79
1 10000 -126 46 -1 -4 0 0 0 0 24 -3 11 -341 -86 -2 -37 1 0 1009 464 46 -69 -69
1 10000 -115 55 -1 3 0 0 0 0 28 -6 8 -93 -23 1 0 1 0 955 482 70 -74 -74
1 10000 -131 23 2 6 0 0 0 0 11 -3 1 -191 -45 0 2 0 0 887 394 33 -56 -56
1 10000 -121 4 -5 1 0 0 0 0 3 0 0 -78 -24 3 -1 -1 -1 678 372 66 -59 -59
1 9997 -123 -3 5 -2 0 0 0 0 -2 0 1 -19 -8 0 -1 0 0 829 368 30 -52 -52
1 10003 -115 -28 -1 -8 0 0 0 0 -14 3 -2 -125 -33 -1 0 2 0 509 220 14 -30 -30
1 9999 -136 -19 0 3 0 0 0 0 -10 2 -4 -110 -31 -1 -1 -1 0 505 261 40 -40 -40
1 7348 -79 2 0 -1 0 0 0 0 1 0 0 -75 -16 3 -1 -1 0 422 202 23 -29 -29
1 5136 -62 18 -3 3 0 0 0 0 10 -1 1 -79 -21 0 1 -3 0 363 167 16 -24 -24
1 5117 -68 24 0 3 0 0 0 0 12 -3 4 -80 -21 -1 0 4 0 276 144 22 -22 -22
1 5177 -61 15 3 1 0 0 0 0 7 -3 2 -55 -19 0 2 0 -1 104 76 21 -13 -13
1 4984 -60 5 -1 -2 0 0 0 0 3 -1 0 -116 -27 -3 4 -3 0 325 160 21 -24 -24
1 5640 -75 -3 0 -5 0 0 0 0 -1 0 2 -21 -6 2 -6 3 0 335 183 32 -28 -28
1 5179 -63 3 -1 2 0 0 0 0 1 0 1 -32 -9 -2 1 1 0 381 172 15 -24 -24
1 4975 -56 3 1 2 0 0 0 0 2 0 -2 -16 -5 1 4 -2 0 166 87 13 -13 -13
1 5117 -64 5 -1 0 0 0 0 0 2 -2 1 -23 -6 2 -3 1 0 298 138 13 -19 -19
1 5132 -61 9 0 -1 0 0 0 0 4 -1 4 -49 -14 -2 0 -2 0 346 148 8 -20 -20
1 5181 -77 -7 1 -1 0 0 0 0 -3 1 -2 -64 -12 2 2 1 0 207 103 14 -15 -15
1 5088 -69 -13 3 -2 0 0 0 0 -7 2 0 -45 -10 0 -1 0 0 111 71 16 -11 -11
1 6034 -79 -23 1 -9 0 0 0 0 -12 2 1 -103 -23 -2 0 1 0 294 141 16 -21 -21
1 5141 -59 -36 -2 13 0 0 0 0 -18 7 -13 -74 -22 2 0 0 0 -37 40 32 -10 -10
1 5078 -84 -35 -5 -5 0 0 0 0 -18 2 -3 -194 -47 -3 1 0 0 387 156 4 -20 -20
1 5167 -62 -16 10 3 0 0 0 0 -9 2 -5 -111 -24 4 -1 2 0 69 79 30 -15 -15
1 5108 -62 -24 -11 -8 0 0 0 0 -11 1 -1 -29 -5 -3 0 -3 0 278 175 40 -29 -29
1 5627 -80 -37 1 15 0 0 0 0 -20 3 -12 50 5 1 2 0 -1 239 128 20 -19 -19
1 5175 -68 -37 1 -5 0 0 0 0 -19 -1 -6 -50 -12 -1 -4 0 0 143 74 11 -10 -10
1 4981 -63 -27 -14 2 0 0 0 0 -14 -1 -3 -50 -10 1 2 0 0 308 141 13 -20 -20
1 5089 -65 -25 -3 -17 0 0 0 0 -13 -3 6 -77 -18 6 15 -1 0 161 76 7 -10 -10
1 5353 -49 0 10 -5 0 0 0 0 0 1 0 -8 -3 -4 -16 0 0 71 59 19 -11 -11
1 5176 -69 14 8 18 0 0 0 0 6 1 -5 -15 -4 0 0 2 0 277 115 4 -14 -14
1 5076 -60 -18 -6 18 0 0 0 0 -9 0 -13 -10 -5 0 -2 -1 0 -7 33 21 -8 -8
1 6036 -74 12 4 -11 0 0 0 0 6 1 7 -17 -3 -1 9 1 0 314 115 -5 -13 -13
1 5249 -65 25 -5 0 0 0 0 0 14 1 4 -2 -3 2 -3 -1 0 4 42 24 -9 -9
1 5076 -62 14 17 8 0 0 0 0 6 0 -3 3 0 -3 -3 1 0 161 59 -2 -7 -7
1 5179 -82 15 -21 -7 0 0 0 0 9 1 8 -19 -3 0 0 0 0 151 80 12 -12 -12
1 7930 -105 25 8 -7 -39 0 -2 0 14 0 5 -8 -3 1 -2 -3 0 147 42 -8 -3 -3
1 9624 -109 68 -54 9 0 0 -1 0 40 -3 6 -16 -4 -1 4 2 0 29 44 19 -9 -9
1 5174 -53 7 11 8 0 0 0 0 3 0 -4 -30 -4 0 1 -2 -1 258 90 -6 -9 -9
1 4973 -44 -34 21 2 0 0 0 0 -20 2 -5 7 -3 -1 1 2 0 39 33 10 -6 -6
1 5108 -39 24 1 -9 0 0 0 0 13 -2 8 -8 1 1 -7 1 0 44 3 -8 1 1
1 5710 -71 33 -9 8 0 0 0 0 18 -2 0 -23 -6 -1 3 -2 0 128 79 17 -12 -12
1 5173 -52 21 4 -11 0 0 0 0 11 -3 8 -2 -1 0 15 -1 0 147 69 6 -10 -10
1 5111 -62 8 -1 -1 0 0 0 0 4 -1 3 -29 -6 0 -19 1 0 50 17 -1 -1 -1
1 5050 -55 -1 0 -24 0 0 0 0 -1 -3 14 -34 -4 2 17 -2 0 -2 12 8 -3 -3
1 5232 -64 11 8 12 0 0 0 0 5 0 -6 10 6 -1 -12 4 0 124 59 6 -8 -8
1 5175 -59 -22 -27 32 0 0 0 0 -8 7 -23 59 8 -1 4 0 0 12 15 5 -3 -3
1 5058 -50 35 12 -10 0 0 0 0 16 -7 13 -36 -10 0 1 -2 0 164 18 -26 3 3
1 5175 -43 -17 6 -14 0 0 0 0 -9 2 5 -63 -11 0 -8 -2 0 -52 16 21 -6 -6
1 5235 -63 3 -1 1 0 0 0 0 1 -1 1 38 4 0 -2 0 -1 32 16 2 -2 -2
1 5330 -52 10 6 -11 0 0 0 0 6 -2 4 32 9 3 5 3 0 90 40 3 -6 -6
1 4966 -50 28 -15 33 0 0 0 0 14 -1 -9 -11 -3 -3 -2 0 0 19 11 2 -1 -1
1 4969 -34 -27 -6 -21 0 0 0 0 -11 3 0 5 1 0 0 1 0 21 2 -3 0 0
1 5502 -45 -6 7 -13 0 0 0 0 -5 -2 11 -28 -5 2 0 1 0 87 39 3 -5 -5
1 5169 -60 -11 3 8 0 0 0 0 -6 3 -5 -31 -5 0 1 -3 0 5 9 4 -2 -2
1 5109 -43 -10 21 -11 0 0 0 0 -7 0 4 37 6 -2 3 0 0 94 46 5 -6 -6
1 6771 -76 14 -15 8 0 0 0 0 9 -1 -4 20 5 2 -3 3 0 -26 -2 5 -1 -1
1 5139 -58 13 0 -27 0 0 0 0 6 -6 17 -5 -2 2 -2 -3 0 137 36 -10 -2 -2
1 5174 -45 -4 12 16 0 0 0 0 -3 3 -8 -3 2 -2 -1 -2 0 65 34 5 -5 -5
1 4971 -71 10 -9 8 0 0 0 0 6 -1 -3 5 0 -2 5 -1 0 -221 -84 1 9 9
1 6704 -75 12 1 5 0 0 0 0 5 -1 2 -9 -2 0 -2 5 0 166 61 -2 -6 -6
1 5663 -80 16 0 -3 0 0 0 0 10 -2 -1 -12 -1 2 -3 -4 0 138 59 3 -8 -8
1 5169 -80 55 -9 19 0 0 0 0 27 -9 -1 -2 0 -1 4 0 -1 -24 -4 3 0 0
1 5108 -71 20 9 4 0 0 0 0 9 -4 1 -2 -1 0 0 0 0 36 13 -1 -1 -1
1 5078 -65 -1 -13 1 0 0 0 0 1 0 -3 -4 1 0 -3 0 0 41 10 -3 -1 -1
1 5347 -75 8 3 -19 0 0 0 0 4 -4 10 -3 -1 0 2 0 0 1 5 3 -1 -1
1 5173 -66 -30 -9 3 0 0 0 0 -13 7 -7 -18 -5 2 -3 2 0 60 33 5 -5 -5
1 5085 -36 -12 -11 -9 0 0 0 0 -4 2 -1 1 1 -3 2 0 0 -38 -15 0 2 2
1 5182 -54 -10 12 4 0 0 0 0 -7 3 1 -20 -3 -1 1 -2 0 149 57 -1 -7 -7
1 5359 -44 4 7 2 0 0 0 0 0 -2 3 -2 -1 0 4 2 0 -9 10 8 -2 -2
1 5077 -40 -6 -2 0 0 0 0 0 -2 2 -2 4 1 2 -4 -1 0 -23 -11 -1 1 1
1 5170 -49 -22 3 -1 0 0 0 0 -13 3 2 7 1 1 -1 -1 0 86 46 7 -6 -6
1 5113 -57 -18 -3 -5 0 0 0 0 -6 4 -9 2 0 0 6 1 0 55 15 -3 -1 -1
1 5695 -49 9 -4 10 0 0 0 0 4 -1 0 4 1 -1 -3 0 -1 -35 -13 0 1 1
1 5170 -55 26 23 -7 0 0 0 0 10 -5 10 -9 0 2 0 -1 0 57 23 0 -3 -3
1 5110 -60 10 -16 0 0 0 0 0 8 -2 -4 -2 -1 -2 -3 1 0 66 33 4 -4 -4
1 5038 -66 23 11 7 0 0 0 0 8 -5 7 7 1 -1 0 0 0 164 62 0 -7 -7
1 5233 -59 18 -4 10 0 0 0 0 8 -3 -1 -4 -1 2 1 -2 0 -65 -26 -1 3 3
1 5185 -58 -19 -16 -14 0 0 0 0 -3 4 -9 16 6 0 3 0 0 -2 -4 -2 1 1
1 5028 -47 -15 9 8 0 0 0 0 -8 5 -6 6 1 2 -2 0 0 -47 -21 -1 2 2
1 5171 -53 8 -12 7 0 0 0 0 3 -2 4 -1 2 -3 0 -3 0 97 38 0 -4 -4
1 5228 -42 -4 8 1 0 0 0 0 -1 1 -7 0 -1 2 -1 0 0 -17 -4 1 0 0
1 5316 -42 23 -9 -9 0 0 0 0 12 -6 5 0 0 -3 10 3 0 16 1 -3 0 0
1 4975 -35 19 27 -28 0 0 0 0 3 -10 29 0 0 2 -12 -3 0 95 43 4 -5 -5
1 4972 -42 47 -15 22 0 0 0 0 26 -7 -11 -7 -3 0 7 2 0 111 40 -2 -4 -4
1 5580 -66 15 7 -3 0 0 0 0 0 -8 17 -10 -2 -1 -3 1 -1 -69 -26 0 2 2
1 5268 -77 10 15 1 0 0 0 0 12 1 -19 -5 1 0 -3 -1 0 101 48 6 -6 -6
1 5161 -47 5 -29 4 0 0 0 0 1 -3 6 2 1 3 -2 -1 0 20 7 -1 -1 -1
1 5024 -55 -39 13 -19 0 0 0 0 -15 10 -6 2 0 1 9 0 0 -77 -22 4 2 2
1 5237 -58 5 -1 7 0 0 0 0 -4 -3 15 -1 0 -6 -7 -1 0 -26 -16 -3 2 2
1 6037 -67 -14 -29 -28 0 0 0 0 1 2 -1 22 1 0 -2 -1 0 67 29 2 -3 -3
1 5069 -11 16 -106 44 0 0 0 0 17 -1 -37 132 141379 4 5 3 0 202 53 -15 -4 -4
