version: 66.14
glider: 195
mission: 21
dive: 669
start: 9 30 105 4 54 10
columns: rec,elaps_tms,depth,heading,pitch,roll,AD_pitch,AD_roll,AD_vbd,GC_phase,mag.x,mag.y,mag.z,sbect.TempFreq,sbect.CondFreq,wlbb2fl.sig470nm,wlbb2fl.sig700nm,wlbb2fl.sig695nm,wlbb2fl.temp,aa4330.O2,aa4330.AirSat,aa4330.Temp,aa4330.CalPhase,aa4330.TCPhase,
data:
0 17250 44 189 -533 -63 151 1795 865 6 278 -132 -176 172199 135160 N N N N 244913 98119 26799 28978 30384
1 10001 -18 -31 -45 142 0 0 0 0 -21 -26 -21 250 8 N N N N 1236 -906 -790 244 244
1 9998 -9 57 20 -54 0 0 0 0 -5 -13 3 -79 -7 N N N N 309 -154 -156 45 45
1 10001 6 113 -13 -11 0 0 0 0 -12 -46 27 266 -7 N N N N 523 90 -66 2 2
1 10000 -2 89 91 -194 0 0 0 0 -25 1 -38 939 -1 N N N N 674 -6 -152 29 29
1 10000 7 -177 -178 40 0 0 0 0 17 92 -40 -1155 -27 N N N N 28 -103 -64 23 23
1 8750 3 67 34 25 2 0 4 -4 17 -42 46 3 34 N N N N 170 22 -25 2 2
1 9976 -8 -140 -53 64 -3 0 252 0 -19 48 -46 -773 -27 N N N N -1721 -200 268 -26 -26
1 9939 40 161 -43 28 0 0 247 0 -34 -86 12 302 1 N N N N -4693 -13 1055 -190 -190
1 9989 15 9 61 -162 -1 0 248 0 11 50 -19 -62 -5 N N N N 1006 951 312 -163 -163
1 10113 36 -51 -118 127 5 0 251 0 -20 -14 -10 426 -5 N N N N -116 203 143 -48 -48
1 9920 34 132 68 -10 -6 1 265 0 2 -60 43 -395 -17 N N N N 275 180 39 -26 -26
1 9966 59 92 48 -40 -2 0 269 0 -7 -28 26 -318 -10 N N N N 63 83 33 -15 -15
1 15969 200 -25 -36 77 974 0 154 -1 5 -8 13 -445 -52 N N N N 133 102 27 -16 -16
1 8449 144 -76 358 -12 1403 -1 107 1 64 17 106 -54 -21 N N N N -224 -63 16 4 4
1 9772 132 -34 53 18 -1 1 384 0 12 11 23 -42 -15 N N N N 85 36 1 -4 -4
1 8081 151 1 47 3 2 0 350 1 0 -1 24 -3 -15 N N N N -147 -47 7 4 4
1 15548 285 -57 25 108 -9 1405 10 1 17 31 40 201 -30 N N N N 186 89 8 -12 -12
1 10001 170 -180 -39 28 0 0 0 0 38 80 -44 -143 -17 N N N N -156 -55 5 6 6
1 10000 163 3443 16 -8 0 0 0 0 9 81 -12 -91 -11 N N N N -83 -27 4 2 2
1 9999 155 -129 -2 1 0 0 0 0 -9 67 -9 -15 7 N N N N 69 36 4 -5 -5
1 10000 174 -6 18 -21 0 0 0 0 -1 5 13 -21 5 N N N N -67 -20 4 2 2
1 10001 151 -148 -18 22 0 0 0 0 -30 70 -13 -11 -6 N N N N 56 30 4 -4 -4
1 10000 134 -123 0 -14 0 0 0 0 -37 53 11 0 -3 N N N N -96 -35 3 3 3
1 9336 146 -133 -32 21 0 0 0 0 -49 44 -4 9 -14 N N N N -21 -3 3 0 0
1 10664 152 -98 43 -23 0 0 0 0 -48 28 34 0 -3 N N N N -77 -28 2 2 2
1 10000 140 -65 -13 -3 0 0 0 0 -28 12 11 -18 0 N N N N -16 -4 1 1 1
1 10000 154 -104 -7 19 0 0 0 0 -49 14 8 -10 3 N N N N 15 9 2 -2 -2
1 10000 127 -93 22 -15 0 0 0 0 -51 4 26 155 -14 N N N N -10 -2 1 0 0
1 10522 134 -157 11 -23 1 -196 3 -1 -76 -16 47 -146 -3 N N N N -14 -4 1 1 1
1 8962 95 -106 7 -101 53 -1204 -1 3 -48 -49 65 -25 -3 N N N N -81 -31 1 3 3
1 10810 123 -119 -10 6 0 0 0 0 -46 -31 13 0 1 N N N N 8 4 0 -1 -1
1 9999 106 -89 7 2 0 0 0 0 -32 -32 8 8 2 N N N N -139 -55 1 6 6
1 10002 113 -60 13 -3 0 0 0 0 -21 -25 4 -8 -8 N N N N 48 21 0 -2 -2
1 9999 98 -4 16 -9 0 0 0 0 -9 -4 -4 61 -1 N N N N -65 -26 1 3 3
1 9999 101 11 -12 17 0 0 0 0 8 10 -1 224 16 N N N N -46 -18 0 2 2
1 10001 96 15 -17 -5 0 0 0 0 11 4 5 -10 0 N N N N -7 -3 0 0 0
1 10000 110 4 7 -3 0 0 0 0 -2 1 -2 -204 -5 N N N N -10 -3 1 0 0
1 10000 100 21 25 -1 0 0 0 0 -2 8 -8 339 0 N N N N -51 -19 1 2 2
1 9999 99 -62 -26 6 0 0 0 0 -8 -23 12 -218 -1 N N N N -129 -52 0 6 6
1 10001 107 -76 -2 -7 0 0 0 0 -19 -35 5 -99 -9 N N N N 50 19 0 -2 -2
1 10000 109 -83 6 2 0 0 0 0 -16 -38 2 -72 -22 N N N N -75 -32 -1 3 3
1 10000 103 -66 -8 2 0 0 0 0 -6 -30 5 -16 4 N N N N -103 -41 0 5 5
1 10000 99 -60 15 -8 0 0 0 0 -11 -32 -7 53 -2 N N N N 58 24 0 -3 -3
1 10000 107 -98 -13 9 0 0 0 0 5 -45 4 -55 6 N N N N 118 48 0 -5 -5
1 9999 103 -105 -32 15 0 0 0 0 22 -45 9 16 2 N N N N -280 -112 1 12 12
1 10002 113 -20 27 -12 0 0 0 0 -10 -14 -13 3 -6 N N N N -12 -5 0 1 1
1 9998 121 -35 14 -4 0 0 0 0 1 -17 -8 388 4 N N N N -97 -38 1 4 4
1 14475 173 -29 3 -137 0 -1394 0 -2 3 -58 -38 -323 -5 N N N N 165 67 0 -8 -8
1 10818 120 75 -30 23 0 0 0 0 1 37 29 55 4 N N N N -185 -80 -3 10 10
1 20177 246 327 -21 -21 0 0 0 0 11 143 46 -33 15 N N N N 84 14 -11 0 0
1 20000 269 257 30 18 0 0 0 0 47 123 -7 -32 0 N N N N -38 -19 -2 3 3
1 20001 246 223 -3 -6 0 0 0 0 87 70 -12 87 6 N N N N -118 -71 -14 10 10
1 20560 254 259 16 21 1 199 2 -1 119 48 -45 452 10 N N N N 43 -154 -98 34 34
1 19439 220 149 28 103 45 1193 -1 3 68 22 -70 1021 35 N N N N 509 -203 -234 65 65
1 20000 206 206 5 -5 0 0 0 0 96 -42 -28 990 96 N N N N 24 -514 -299 111 111
1 20001 198 158 -5 1 0 0 0 0 62 -53 -24 589 143 N N N N 310 -250 -215 67 67
1 20000 230 129 5 -1 0 0 0 0 36 -56 -11 127 241 N N N N -417 -342 -100 56 56
1 19999 193 157 -1 -5 0 0 0 0 26 -78 -10 98 156 N N N N -595 -295 -34 40 40
1 20000 227 42 3 3 0 0 0 0 2 -22 0 35 107 N N N N -544 -272 -32 37 37
1 20001 212 -122 -25 7 0 0 0 0 -12 63 -7 1256 90 N N N N -1012 -957 -321 169 169
1 20000 186 102 11 -11 0 0 0 0 12 -52 -1 5842 132 N N N N -2882 -3107 -1156 583 583
1 20000 167 16 2 10 0 0 0 0 1 -8 0 5712 213 N N N N -4736 -4083 -1356 770 769
1 23000 212 -3394 -6 105 -8 1396 1 -2 -10 -102 9 5767 602 N N N N -5677 -4280 -1327 833 834
1 20354 142 -129 -7 15 0 0 0 0 11 66 -16 6752 863 N N N N -3641 -3381 -1296 741 741
1 20293 175 -17 16 -8 0 0 0 0 -1 10 8 4430 819 N N N N 1051 -2013 -1520 612 612
1 20295 166 3444 1 8 0 0 0 0 -10 81 -10 2120 1042 N N N N -3243 -2394 -820 539 539
1 20352 163 63 -4 -8 0 0 0 0 7 -33 1 1788 941 N N N N -2389 -1688 -571 389 389
1 20236 145 -75 6 3 0 0 0 0 -9 39 0 3487 1074 N N N N -5475 -2870 -686 617 617
1 20353 146 9 -2 -4 0 0 0 0 2 -5 -1 3051 855 N N N N -8304 -3771 -704 802 802
1 20353 113 44 1 3 0 0 0 0 5 -22 3 1089 915 N N N N -8773 -3605 -529 774 774
1 22527 125 72 -3 -3 0 0 0 0 5 -38 3 1421 897 N N N N -11819 -4352 -398 932 932
1 20354 97 16 -1 3 0 0 0 0 1 -8 0 910 814 N N N N -9372 -3370 -286 758 758
1 20354 96 -55 5 4 0 0 0 0 -3 29 -2 711 733 N N N N -11587 -3997 -250 932 932
1 20352 96 -115 -3 -3 0 0 0 0 -15 58 -5 1413 738 N N N N -12738 -4348 -275 1083 1083
1 20355 107 -237 2 9 0 0 0 0 -66 106 1 213 701 N N N N -17775 -5908 -296 1586 1586
1 20235 116 -73 3 -5 0 0 0 0 -29 26 7 1044 573 N N N N -14483 -4677 -139 1355 1355
1 20350 110 -78 1 0 0 0 0 0 -34 24 6 1171 549 N N N N -10836 -3544 -189 1126 1126
1 21134 109 -59 -7 -129 0 -1409 2 2 -26 -2 65 719 544 N N N N -10745 -3440 -117 1154 1154
1 20811 122 73 0 5 0 0 0 0 33 -15 -14 402 402 N N N N -9660 -3136 -203 1141 1141
1 20001 109 181 6 -5 0 0 0 0 71 -60 -21 365 408 N N N N -9787 -3100 -112 1183 1183
1 20000 134 35 1 2 0 0 0 0 11 -14 -4 326 350 N N N N -6918 -2192 -100 888 888
1 20001 134 8 2 1 0 0 0 0 3 -3 0 148 297 N N N N -6137 -1927 -67 812 812
1 19998 143 -46 -4 2 0 0 0 0 -15 19 2 96 243 N N N N -6520 -2033 -47 890 890
1 20002 130 117 -2 -2 0 0 0 0 35 -50 -13 931 316 N N N N -4341 -1369 -81 632 632
1 19998 135 49 0 -5 0 0 0 0 11 -23 -4 454 217 N N N N -2967 -956 -127 465 465
1 20000 130 -72 2 7 0 0 0 0 -18 33 7 559 231 N N N N -4506 -1419 -111 694 694
1 20001 133 49 0 -1 0 0 0 0 13 -22 -5 75 216 N N N N -4136 -1276 -32 633 633
1 20821 144 57 -18 121 -10 1410 1 -2 13 -22 -35 24 168 N N N N -4334 -1341 -57 690 690
1 20000 123 151 10 -5 0 0 0 0 15 -77 13 -2 129 N N N N -3706 -1137 -15 597 597
1 20000 112 -70 2 6 0 0 0 0 -4 37 -4 168 112 N N N N -2645 -815 -33 442 442
1 20000 149 -80 5 4 0 0 0 0 -12 41 0 265 130 N N N N -1775 -554 -58 310 310
1 20530 108 39 -2 -6 0 0 0 0 6 -20 1 169 66 N N N N -1989 -614 -41 346 346
1 20000 141 -30 0 1 0 0 0 0 -4 15 -3 341 101 N N N N -1172 -374 -97 222 222
1 19997 94 -52 1 4 0 0 0 0 -11 26 1 365 92 N N N N -2008 -624 -82 365 365
1 20000 123 -23 2 -1 0 0 0 0 -5 11 0 647 75 N N N N -1642 -511 -84 305 305
1 20003 110 14 0 0 0 0 0 0 3 -7 1 364 73 N N N N -979 -305 -59 184 184
1 19998 104 5 -1 -2 0 0 0 0 2 -2 -1 88 107 N N N N -898 -282 -79 175 175
1 20000 114 -69 -3 4 0 0 0 0 -17 32 -1 177 97 N N N N -631 -197 -46 121 121
1 20002 111 -91 1 -1 0 0 0 0 -29 39 2 380 86 N N N N -489 -153 -46 96 96
1 20000 102 -99 2 0 0 0 0 0 -37 37 6 210 85 N N N N -178 -59 -36 39 39
1 20000 111 -108 0 -4 0 0 0 0 -47 32 9 56 101 N N N N -131 -43 -32 30 30
1 19998 106 -104 0 3 0 0 0 0 -50 22 11 -67 97 N N N N -418 -127 -5 76 76
1 21399 111 -79 -12 -120 0 -1397 1 2 -36 -8 70 162 74 N N N N -429 -134 -46 85 85
1 20778 96 -75 5 -3 0 0 0 0 -39 4 14 451 73 N N N N -348 -112 -58 73 73
1 20002 97 -33 7 0 0 0 0 0 -18 -1 6 287 74 N N N N 153 39 -59 -16 -16
1 19999 102 71 1 -3 0 0 0 0 35 -1 -11 -108 78 N N N N 252 70 -44 -37 -37
1 20000 90 42 -2 1 0 0 0 0 22 -2 -7 4 66 N N N N 437 125 -45 -69 -69
1 20000 88 23 3 0 0 0 0 0 11 -3 -2 874 69 N N N N 593 170 -61 -93 -93
1 20000 88 -22 -2 0 0 0 0 0 -11 2 3 71 58 N N N N 851 251 -24 -145 -145
1 19999 99 -58 1 2 0 0 0 0 -29 3 9 159 91 N N N N 772 225 -43 -126 -126
1 20001 81 -9 1 0 0 0 0 0 -5 1 0 171 82 N N N N 739 212 -56 -116 -116
1 20000 100 103 1 -3 0 0 0 0 52 -7 -14 375 83 N N N N 909 265 -40 -148 -148
1 21705 100 -2 -13 120 -10 1398 1 -2 1 18 -62 -29 78 N N N N 1008 293 -41 -163 -163
1 20001 107 -89 4 6 0 0 0 0 -46 9 11 488 44 N N N N 835 242 -40 -132 -132
1 19999 94 -105 -1 -1 0 0 0 0 -53 3 16 84 71 N N N N 691 200 -36 -108 -108
1 21333 121 -95 -2 -126 0 -1390 0 2 -45 -36 81 -5 86 N N N N 434 124 -27 -66 -66
1 20784 99 -145 5 9 0 0 0 0 -68 -26 14 43 76 N N N N -149 -45 -6 26 26
1 20001 116 33 0 -4 0 0 0 0 14 7 -3 51 55 N N N N 17 2 -18 1 1
1 20001 109 48 1 2 0 0 0 0 22 10 -7 264 28 N N N N 451 122 -64 -61 -61
1 20000 107 87 -1 -2 0 0 0 0 42 13 -11 343 65 N N N N 390 108 -44 -54 -54
1 19997 115 52 0 1 0 0 0 0 26 6 -7 -29 49 N N N N 524 151 -23 -81 -81
1 20003 96 -8 4 -3 0 0 0 0 -6 -1 0 -205 55 N N N N -185 -55 0 30 30
1 19998 115 10 1 0 0 0 0 0 5 1 -1 -83 57 N N N N -1219 -360 4 201 201
1 20002 109 7 -1 1 0 0 0 0 4 0 -1 -57 44 N N N N -2853 -843 1 478 478
1 20001 110 66 -1 -1 0 0 0 0 33 3 -10 -205 48 N N N N -2628 -777 -3 451 451
1 19996 114 21 2 2 0 0 1 0 11 0 -3 -538 15 N N N N -2386 -706 0 417 417
1 20003 105 8 -3 -2 0 0 0 0 4 1 -2 147 45 N N N N -1506 -446 -12 269 269
1 19997 122 -19 2 1 0 0 0 0 -10 0 3 299 -1 N N N N -1253 -372 -10 226 226
1 20000 108 -48 0 0 0 0 0 0 -24 -2 8 231 3 N N N N -1267 -375 -10 231 231
1 20000 123 -41 2 5 0 0 0 0 -21 -2 4 427 -1 N N N N -706 -209 -8 130 130
1 20003 106 100 -3 -3 0 0 0 0 51 4 -14 398 11 N N N N -996 -298 -46 190 190
1 19999 133 95 1 2 0 0 0 0 48 -5 -15 153 42 N N N N -1667 -493 -11 310 310
1 20001 105 68 -2 -3 0 0 0 0 34 -8 -10 -57 23 N N N N -1387 -410 -18 262 262
1 19997 123 78 2 0 0 0 0 0 37 -14 -12 -28 23 N N N N -846 -250 -7 161 161
1 21297 130 -17 -12 116 -10 1382 0 -2 -7 17 -55 81 33 N N N N -955 -282 -11 183 183
1 20409 123 -100 1 5 0 0 0 0 -48 19 11 192 4 N N N N -425 -125 -3 82 82
1 20353 113 -148 2 -4 0 0 0 0 -75 12 23 412 28 N N N N -288 -87 -44 60 60
1 21357 134 -161 3 -28 0 -194 1 -1 -81 -13 41 146 47 N N N N -96 -30 -38 23 23
1 18998 106 -92 23 -89 39 -1191 -1 3 -48 -40 54 69 34 N N N N 148 42 -32 -25 -25
1 20001 117 -86 4 5 0 0 0 0 -39 -20 7 -1333 25 N N N N 520 152 -32 -95 -95
1 20000 110 30 1 -6 0 0 0 0 12 7 -2 -1000 30 N N N N 671 195 -34 -124 -124
1 20000 120 -19 1 3 0 0 0 0 -8 -5 2 -2565 24 N N N N 626 183 -25 -115 -115
1 20000 107 24 0 -1 0 0 0 0 11 6 -2 -4888 38 N N N N 88 24 -28 -13 -13
1 19999 118 9 2 2 0 0 0 0 3 3 -2 -12032 21 N N N N -254 -75 -13 50 50
1 20002 120 40 2 -2 0 0 0 0 17 9 -4 -5720 17 N N N N -316 -94 -20 62 62
1 19999 113 67 2 -2 0 0 0 0 31 13 -7 1699 23 N N N N -396 -117 -25 77 77
1 20001 129 29 -3 2 0 0 0 0 15 5 -4 17054 14 N N N N 483 140 -24 -88 -88
1 20001 109 18 2 1 0 0 1 0 8 3 -2 -9543 33 N N N N 1102 321 -35 -201 -201
1 19998 120 4 -3 2 0 0 0 0 3 1 -1 2519 -4 N N N N 1367 399 -13 -251 -251
1 20000 129 67 0 -6 0 0 0 0 33 6 -7 -6465 31 N N N N 1305 379 -35 -234 -234
1 20000 119 -10 1 4 0 0 0 0 -5 0 0 7511 3 N N N N 1145 333 -13 -205 -205
1 19999 125 53 0 -2 0 0 0 0 27 3 -6 -243 38 N N N N 492 141 -26 -84 -84
1 20001 125 39 1 0 0 0 0 0 20 0 -5 -6819 35 N N N N 88 24 -21 -13 -13
1 20000 120 25 0 3 0 0 0 0 13 1 -4 6624 26 N N N N 763 222 -13 -134 -134
1 19999 126 77 1 -6 0 0 0 0 39 -5 -9 -2542 48 N N N N 75 20 -16 -11 -11
1 20000 123 13 -1 6 0 0 0 0 7 -1 -3 13302 19 N N N N -1254 -366 -10 226 226
1 25292 176 -11 -72 118 -104 1394 0 -2 7 19 -71 4319 69 N N N N -2435 -711 -15 442 442
1 20000 131 -130 0 1 0 0 0 0 -64 9 23 1582 33 N N N N -1649 -481 -10 305 305
1 20573 143 -141 3 -32 1 -205 1 -1 -69 -13 44 395 45 N N N N -1404 -409 -16 263 263
1 19427 126 -69 31 -88 60 -1203 -1 3 -40 -34 53 106 51 N N N N -1020 -298 -20 193 193
1 20000 128 -67 10 -1 0 0 0 0 -33 -15 7 -571 35 N N N N -783 -228 -14 150 150
1 20000 125 -54 -2 0 0 0 0 0 -22 -15 7 -931 34 N N N N -422 -124 -7 81 81
1 20002 123 -28 3 -1 0 0 0 0 -13 -8 3 727 32 N N N N 23 6 -29 -2 -2
1 19998 122 -45 1 2 0 0 0 0 -17 -14 3 -1660 29 N N N N 679 197 -23 -126 -126
1 40000 268 27 0 0 0 0 0 0 10 9 -2 364 38 N N N N 4324 1254 -30 -797 -797
1 40000 255 10 3 0 0 0 0 0 4 2 -2 -7290 42 N N N N 5061 1466 -32 -898 -898
1 40828 270 202 -21 -128 -1 -1386 0 -2 94 8 33 9713 34 N N N N 2530 729 -47 -430 -430
1 39998 265 280 4 125 -5 1399 0 2 138 54 -98 778 90 N N N N 1179 336 -43 -192 -192
1 39999 264 106 12 0 0 0 0 0 50 -12 -15 -521 64 N N N N 1399 402 -22 -232 -232
1 40000 263 30 -1 3 0 0 0 0 14 -5 -6 -829 52 N N N N 912 262 -15 -149 -149
1 40002 263 31 -1 -5 0 0 0 0 15 -7 -4 313 53 N N N N -99 -32 -24 21 21
1 39998 266 59 0 3 0 0 0 0 27 -13 -9 656 42 N N N N -1492 -437 -39 257 257
1 40000 266 156 0 -2 0 0 0 0 62 -51 -22 886 42 N N N N -1071 -311 -19 184 184
1 47353 327 -97 -11 124 -10 1399 -1 -2 -36 44 -40 93 35 N N N N -739 -217 -25 130 130
1 40001 290 -249 4 4 0 0 0 0 -115 60 28 402 47 N N N N -740 -219 -48 135 135
1 39999 284 -243 5 -4 0 0 0 0 -124 7 37 136 54 N N N N -566 -167 -40 103 103
1 43588 315 -117 -4 -121 0 -1414 0 2 -54 -44 80 -1014 61 N N N N 1258 359 -28 -209 -209
1 40001 283 88 1 -2 0 0 0 0 42 14 -11 -355 36 N N N N 2936 843 -13 -489 -489
1 40000 281 25 3 1 0 0 0 0 11 4 -4 792 41 N N N N 876 249 -21 -141 -141
1 39999 282 -25 -3 -1 0 0 0 0 -11 -4 4 -2888 30 N N N N 214 60 -13 -32 -32
1 40002 282 -41 1 2 0 0 0 0 -21 -5 4 -4224 38 N N N N 21 4 -11 -1 -1
1 39999 296 41 2 -2 0 -1 0 0 20 5 -4 -5415 33 N N N N -269 -79 -13 47 47
1 40000 293 -51 -2 2 0 0 0 0 -24 -7 6 12990 13 N N N N 101 27 -16 -14 -14
1 39999 286 11 3 -1 0 0 0 0 4 2 -2 -5697 22 N N N N 706 198 -30 -109 -109
1 40001 311 38 1 -2 0 0 0 0 18 5 -5 2147 34 N N N N -236 -72 -30 44 44
1 39999 308 -8 -2 1 0 0 0 0 -3 -1 2 1483 33 N N N N -1300 -376 -22 218 218
1 40003 312 -3 3 0 0 0 0 0 -2 -1 0 2302 37 N N N N -649 -188 -16 110 110
1 39997 312 14 -5 1 0 0 0 0 8 3 -1 -2726 31 N N N N 66 14 -32 -4 -4
1 40001 324 152 -1 0 0 0 0 0 76 9 -24 2946 29 N N N N -265 -79 -28 49 49
1 39999 318 147 4 -2 0 0 0 0 73 -9 -23 859 34 N N N N -519 -152 -27 91 91
1 40001 327 101 2 2 0 0 0 0 48 -17 -15 -5281 43 N N N N -535 -156 -24 93 93
1 41292 341 -150 -14 121 -10 1412 -1 -2 -71 41 -42 5715 41 N N N N -438 -130 -45 81 81
1 40356 348 -240 6 1 0 0 0 0 -122 4 38 555 56 N N N N 152 36 -53 -15 -15
1 44118 355 -134 1 -122 0 -1406 0 2 -62 -51 82 -504 69 N N N N 1849 521 -48 -296 -296
1 40000 348 75 2 -1 0 0 0 0 34 15 -10 -10196 60 N N N N 1632 459 -43 -257 -257
1 39998 328 12 0 0 0 0 0 0 6 2 -2 6251 56 N N N N 694 194 -23 -107 -107
1 40000 337 69 0 0 0 0 0 0 34 9 -9 -3120 52 N N N N 376 103 -26 -55 -55
1 40000 331 63 0 0 0 0 0 0 31 5 -10 1660 59 N N N N -17 -9 -23 8 8
1 40001 324 -23 1 0 0 -1 0 0 -12 -1 4 -1637 53 N N N N -395 -117 -36 70 70
1 39999 327 56 -1 1 0 0 0 0 29 2 -9 -6409 48 N N N N -303 -91 -28 55 55
1 40001 330 67 1 -3 0 0 0 0 33 0 -11 -905 44 N N N N 2651 748 -26 -416 -416
1 40000 323 12 -2 2 0 0 0 0 6 0 -3 3810 42 N N N N 926 257 -30 -138 -138
1 40000 318 -31 3 1 0 0 0 0 -16 1 5 -1677 43 N N N N 1217 339 -31 -182 -182
1 42966 334 -215 -5 0 22 -1 -1 0 -105 -16 34 14262 48 N N N N 70 16 -25 -5 -5
1 40798 308 -137 18 1 0 0 0 0 -68 -29 14 -1577 60 N N N N -186 -56 -16 32 32
1 40000 302 -59 2 0 0 0 0 0 -26 -16 6 -12200 41 N N N N -646 -185 -14 103 103
1 40001 304 -11 1 0 0 0 0 0 -4 -4 0 -2073 31 N N N N -1508 -429 -20 240 240
1 40000 288 61 -2 1 0 0 0 0 26 18 -5 -2698 32 N N N N -1214 -347 -20 195 195
1 39998 288 114 -1 0 0 0 0 0 52 26 -13 361 32 N N N N -959 -274 -28 158 158
1 46764 337 327 -14 -2 -7 23 0 0 166 16 -48 18770 38 N N N N -778 -222 -17 127 127
1 39999 272 223 8 1 0 0 0 0 104 -42 -32 -1945 37 N N N N -381 -110 -18 65 65
1 40000 278 151 2 0 0 0 0 0 59 -50 -19 -12713 30 N N N N -720 -205 -15 118 118
1 40001 278 25 1 -5 0 0 0 0 8 -10 -3 1490 35 N N N N -580 -167 -20 98 98
1 40000 271 -27 1 8 0 0 0 0 -9 11 3 -6242 24 N N N N -191 -57 -27 36 36
1 40000 281 27 0 0 0 0 0 0 9 -11 -3 6688 36 N N N N -219 -65 -22 39 39
1 44533 303 -154 -11 114 -10 1376 -1 -2 -56 66 -33 12715 33 N N N N -201 -58 -15 36 36
1 39999 280 -243 2 5 0 0 0 0 -115 55 25 772 36 N N N N -170 -50 -17 30 30
1 42176 287 -288 -2 -30 1 -193 0 -1 -145 -5 59 56 36 N N N N -654 -186 -19 110 110
1 37825 257 -152 2 -93 -1 -1204 -1 3 -68 -56 66 -1347 22 N N N N -1107 -315 -32 186 186
1 39998 272 -77 2 -2 0 0 0 0 -32 -23 8 -2046 32 N N N N -1725 -489 -38 291 291
1 40001 279 -107 2 4 0 0 0 0 -39 -36 8 -343 35 N N N N -1428 -404 -41 244 244
1 40000 283 -9 2 -2 0 0 0 0 -4 -4 1 -13097 43 N N N N -768 -218 -28 133 133
1 40000 285 44 0 -1 0 0 0 0 15 16 -4 3508 51 N N N N -207 -62 -44 42 42
1 44059 320 196 -23 -123 0 -1371 0 -2 86 15 33 14071 35 N N N N 614 169 -33 -98 -98
1 42647 289 296 5 121 -9 1378 0 2 141 79 -94 218 76 N N N N 766 212 -25 -123 -123
1 39999 286 46 11 0 0 0 0 0 20 -2 -7 -16567 49 N N N N 578 160 -8 -94 -94
1 40001 277 -9 1 1 0 0 0 0 -4 0 2 9857 36 N N N N 306 84 -13 -48 -48
1 39999 284 -21 -3 1 0 0 0 0 -10 1 3 4439 28 N N N N 197 51 -38 -26 -26
1 40001 285 -28 1 3 0 0 0 0 -14 0 4 -5999 32 N N N N -40 -13 -25 10 10
1 39998 267 -4 0 -2 0 0 0 0 -2 1 1 -8085 46 N N N N -678 -191 -20 115 115
1 46207 301 -195 3 3 23 -1 -2 0 -97 -17 29 16992 36 N N N N -292 -85 -31 53 53
1 40792 259 -219 10 1 0 0 0 0 -99 -54 22 -155 44 N N N N -33 -12 -28 10 10
1 40001 261 -57 4 -1 0 0 0 0 -22 -20 4 -11450 43 N N N N 131 35 -24 -17 -17
1 40002 245 -44 -6 -2 0 0 0 0 -13 -17 5 9988 31 N N N N 150 38 -28 -20 -20
1 40000 260 -101 7 6 0 0 0 0 -32 -39 3 -9672 35 N N N N 58 13 -38 -4 -4
1 39998 258 194 -2 -6 0 0 0 0 63 72 -12 12208 52 N N N N -49 -17 -30 13 13
1 41825 269 289 -22 -127 -1 -1389 0 -2 135 26 25 47 48 N N N N -439 -126 -44 80 80
1 41765 260 297 14 123 -8 1394 -1 2 146 39 -100 -7123 94 N N N N 86 21 -26 -10 -10
1 40000 249 2 4 6 0 0 0 0 0 -1 -1 -6096 39 N N N N -100 -30 -24 20 20
1 40001 252 105 -3 -1 0 0 0 0 51 -19 -15 11009 39 N N N N 579 154 -62 -85 -85
1 39999 264 121 2 -2 0 0 0 0 52 -34 -16 -1002 51 N N N N 1125 307 -45 -174 -174
1 40000 235 19 0 2 0 0 0 0 7 -6 -5 -4163 64 N N N N 1111 303 -33 -173 -173
1 43646 264 -132 -12 121 -11 1385 0 -2 -54 51 -38 7838 54 N N N N 730 195 -50 -107 -107
1 40002 251 -167 6 3 0 0 0 0 -82 33 18 1700 62 N N N N 498 130 -60 -68 -68
1 40001 252 -231 -4 2 0 0 0 0 -116 5 34 38 83 N N N N 768 207 -36 -115 -115
1 43939 280 -201 2 -124 0 -1394 -1 2 -94 -62 89 -13993 97 N N N N 591 158 -31 -86 -86
1 40002 254 12 5 -2 0 0 0 0 4 2 -1 -2365 68 N N N N 441 116 -41 -61 -61
1 39998 250 70 -3 -1 0 0 0 0 33 15 -7 5519 57 N N N N 506 134 -36 -72 -72
1 40000 257 39 -1 1 0 0 0 0 18 8 -6 3818 52 N N N N 359 96 -15 -52 -52
1 40000 259 52 4 -3 0 0 0 0 24 7 -6 1989 59 N N N N 173 44 -25 -22 -22
1 40001 254 -2 -3 4 0 0 0 0 0 1 -1 3297 47 N N N N 92 18 -51 -4 -4
1 39998 268 25 1 0 0 0 0 0 12 2 -4 -11876 51 N N N N 263 66 -42 -32 -32
1 40002 262 -19 -3 -4 0 0 0 0 -9 -2 4 6193 43 N N N N 403 106 -29 -56 -56
1 40001 268 -22 2 4 0 0 0 0 -11 -2 2 -7989 44 N N N N 475 124 -40 -64 -64
1 39998 288 80 2 1 0 0 0 0 39 9 -12 1419 44 N N N N 622 163 -41 -86 -86
1 40001 280 115 -1 -3 0 0 -2 0 59 3 -15 12462 50 N N N N 98 21 -35 -7 -7
1 39999 286 58 -5 2 0 0 0 0 30 -3 -11 -3116 56 N N N N -209 -61 -29 37 37
1 40000 302 79 4 -3 0 0 0 0 39 -9 -9 1703 66 N N N N 94 21 -32 -7 -7
1 40001 309 -35 0 1 0 0 0 0 -18 5 3 4629 64 N N N N 437 113 -35 -59 -59
1 39998 309 -86 -1 -2 0 0 0 0 -43 7 14 95 55 N N N N 181 41 -51 -16 -16
1 41850 307 -232 -12 95 -10 1213 2 -3 -114 8 -12 1039 68 N N N N 831 219 -39 -116 -116
1 39445 323 -161 32 -93 38 -1218 -2 3 -80 -60 62 -1141 71 N N N N 641 170 -24 -90 -90
1 40000 313 -92 1 2 0 0 0 0 -37 -28 6 1238 59 N N N N 458 119 -28 -61 -61
1 39999 320 -87 2 0 0 0 0 0 -31 -31 6 -2298 57 N N N N 214 52 -39 -23 -23
1 40001 334 -18 1 -1 0 0 0 0 -6 -8 1 107 45 N N N N 355 85 -61 -39 -39
1 40000 325 -81 0 1 0 0 0 0 -23 -33 4 -10867 55 N N N N -1106 -303 -27 168 168
1 45765 384 274 -21 -125 0 -1379 0 -2 101 55 32 13602 52 N N N N -2322 -633 -40 352 352
1 41346 350 350 2 121 -6 1388 0 2 165 97 -92 938 76 N N N N -1108 -302 -21 170 170
1 40830 336 243 14 -1 0 0 0 0 119 -24 -32 -4215 60 N N N N -1045 -285 -18 161 161
1 40002 333 82 0 2 0 0 0 0 38 -19 -13 -4120 54 N N N N -667 -181 -14 104 104
1 40001 335 119 -4 3 0 0 0 0 49 -38 -15 7276 41 N N N N -630 -173 -23 100 100
1 39999 328 109 3 -3 0 0 0 0 36 -44 -11 -5961 50 N N N N -167 -50 -40 33 33
1 39999 336 72 1 -3 0 0 0 0 19 -32 -7 -4322 38 N N N N 529 139 -22 -76 -76
1 41941 346 -155 -16 122 -10 1397 -1 -2 -44 76 -32 11055 35 N N N N 468 123 -25 -67 -67
1 40647 321 -268 6 6 0 0 0 0 -116 81 22 1101 45 N N N N 310 80 -20 -42 -42
1 39998 325 -274 0 3 0 0 0 0 -139 22 34 -65 45 N N N N 289 76 -15 -41 -41
1 44297 356 -220 -5 -124 0 -1404 -1 2 -103 -59 93 -6967 50 N N N N 454 119 -19 -64 -64
1 40000 299 -94 5 -2 0 0 0 0 -41 -27 9 6731 40 N N N N 1011 267 -28 -146 -146
1 39998 309 -86 5 -1 0 0 0 0 -35 -28 7 -14 34 N N N N 66 17 -10 -7 -7
1 40001 300 8 -2 1 0 0 0 0 4 3 0 -6412 29 N N N N -671 -185 -32 106 106
1 40000 299 51 -4 -1 0 0 0 0 20 17 -4 -3692 30 N N N N -1041 -282 -21 159 159
1 47458 361 418 -14 -94 -3 -1178 0 -3 199 45 -7 11056 30 N N N N -578 -160 -46 95 95
1 37777 268 183 10 92 -5 1193 -1 3 89 13 -72 -173 34 N N N N 397 102 -30 -53 -53
1 39999 282 197 2 2 0 0 0 0 89 -47 -28 -3966 51 N N N N 545 141 -29 -76 -76
1 40000 290 85 1 -2 0 0 0 0 32 -30 -10 -4752 49 N N N N 776 204 -24 -111 -111
1 40000 278 16 0 -1 0 0 0 0 6 -6 -2 3401 37 N N N N -255 -70 -15 41 41
1 40001 278 9 2 3 0 0 0 0 3 -3 -1 -4600 30 N N N N -3120 -833 1 467 467
1 44528 294 -160 -12 118 -11 1386 0 -2 -61 66 -35 9996 35 N N N N -4546 -1213 -4 699 699
1 40000 251 -251 -4 6 0 0 0 0 -119 51 28 964 30 N N N N -1860 -497 -18 295 295
1 43591 278 -315 -2 -126 0 -1402 -1 2 -155 -42 110 257 33 N N N N -1535 -412 -33 248 248
1 39998 244 -78 9 5 0 0 0 0 -37 -17 8 -8791 37 N N N N -971 -260 -24 159 159
1 40001 242 142 0 0 0 0 0 0 65 29 -19 -2532 36 N N N N 869 229 -32 -135 -135
1 40000 241 110 2 -3 0 0 0 0 54 11 -14 2747 38 N N N N 947 250 -25 -147 -147
1 40001 251 52 2 2 0 0 0 0 26 2 -9 -4164 25 N N N N -112 -31 -20 21 21
1 39998 253 57 -1 -2 0 0 0 0 29 -1 -8 7268 23 N N N N -108 -30 -20 20 20
1 44648 281 -168 -13 126 -10 1405 -1 -2 -82 20 -38 5759 16 N N N N 725 191 -20 -112 -112
1 44411 265 -205 3 -123 0 -1394 0 2 -95 -64 90 -5798 65 N N N N -379 -105 -57 68 68
1 39998 245 -33 3 0 0 0 0 0 -15 -9 3 -694 48 N N N N -485 -131 -25 80 80
1 40001 261 -28 -2 -2 0 0 0 0 -12 -8 3 5968 39 N N N N 289 74 -34 -41 -41
1 40000 257 49 2 -1 0 0 0 0 20 14 -5 -7995 45 N N N N -738 -197 -21 119 119
1 39999 260 47 1 3 0 0 0 0 21 12 -6 2571 34 N N N N -929 -247 -25 150 150
1 45207 280 291 -19 -96 -2 -1185 1 -3 146 9 4 7514 41 N N N N -773 -208 -61 131 131
1 39443 263 207 28 95 23 1190 -1 3 97 9 -74 -3322 65 N N N N 1124 294 -43 -173 -173
1 40000 247 134 4 0 0 0 0 0 60 -31 -19 3356 56 N N N N 310 80 -24 -45 -45
1 40000 264 160 1 -4 0 0 0 0 61 -56 -19 -3254 69 N N N N 224 57 -31 -31 -31
1 40000 262 37 -1 3 0 0 0 0 12 -15 -5 -9443 49 N N N N -632 -168 -20 102 102
1 39999 264 33 -2 -2 0 0 0 0 10 -14 -4 6348 35 N N N N -402 -107 -24 66 66
1 42529 269 -177 -14 126 -9 1385 -1 -2 -59 79 -32 6914 20 N N N N -275 -74 -19 46 46
1 40001 276 -281 10 -1 0 0 0 0 -131 69 30 665 52 N N N N -105 -30 -37 21 21
1 41403 274 -308 -3 -29 2 -193 0 -1 -154 -8 60 -14 66 N N N N -146 -39 -20 26 26
1 38833 271 -215 -3 -89 -2 -1200 -1 3 -92 -74 71 -4698 61 N N N N 241 61 -39 -33 -33
1 39998 269 14 1 -4 0 0 0 0 4 4 -1 -8907 56 N N N N 634 164 -33 -96 -96
1 40001 285 -24 3 0 0 0 0 0 -10 -8 1 5367 45 N N N N 327 83 -37 -46 -46
1 40000 294 66 5 -3 0 0 0 0 25 19 -6 -5851 43 N N N N 99 24 -30 -11 -11
1 39999 295 62 -3 3 0 0 0 0 28 17 -7 10811 42 N N N N 633 165 -19 -96 -96
1 44353 317 274 -22 -94 -2 -1171 0 -3 139 9 8 4036 38 N N N N 700 182 -12 -106 -106
1 39001 286 201 15 91 -7 1177 -1 3 96 12 -75 -5543 50 N N N N 368 93 -43 -51 -51
1 39999 318 80 2 -1 0 0 0 0 38 -15 -11 -7303 45 N N N N 791 204 -29 -116 -116
1 40000 292 -49 0 0 0 0 0 0 -23 11 6 11403 41 N N N N 634 162 -40 -91 -91
1 40000 324 -58 2 2 0 0 0 0 -29 9 8 -9172 44 N N N N 451 115 -30 -64 -64
1 40001 285 48 -3 -2 0 0 0 0 24 -8 -6 4685 46 N N N N 564 145 -20 -81 -81
1 44648 351 -231 -9 125 -10 1394 0 -2 -114 41 -29 6738 51 N N N N -427 -112 -3 64 64
1 41823 310 -227 14 -123 30 -1404 -1 2 -114 -51 95 434 43 N N N N -505 -133 -20 79 79
1 39999 297 -77 7 2 0 0 0 0 -36 -18 7 -6127 38 N N N N 318 81 -21 -44 -44
1 39999 309 -57 6 1 0 0 0 0 -25 -16 5 -2934 30 N N N N 490 125 -20 -71 -71
1 40002 299 28 -2 -3 0 0 0 0 11 8 -2 -3175 21 N N N N 272 70 -14 -38 -38
1 39999 303 25 2 -3 0 0 0 0 10 6 -2 -1534 28 N N N N 182 45 -18 -25 -25
1 40000 314 46 -5 3 0 0 0 0 22 13 -4 3246 26 N N N N 302 77 -15 -43 -43
1 48218 366 287 -18 -93 0 -1175 1 -3 145 9 5 10674 19 N N N N 256 66 -13 -36 -36
1 37663 288 236 11 92 -7 1179 -1 3 114 2 -79 -7540 36 N N N N -328 -87 -9 51 51
1 40000 302 -7 3 4 0 0 0 0 -3 3 1 2126 28 N N N N -39 -10 -7 7 7
1 40000 292 -69 2 -2 0 0 0 0 -34 11 11 1307 21 N N N N 116 29 -6 -17 -17
1 40002 308 4 0 -3 0 0 0 0 2 -1 0 -6943 17 N N N N -42 -11 -9 8 8
1 40000 303 -46 0 4 0 0 0 0 -23 6 6 3469 12 N N N N 430 108 -33 -59 -59
1 40881 294 -183 -12 119 -10 1399 -1 -2 -91 27 -35 7868 16 N N N N 443 113 -17 -63 -63
1 42472 304 -277 -3 -117 0 -1399 0 2 -128 -71 99 -37 31 N N N N 313 77 -32 -40 -40
1 39999 289 -65 3 -3 0 0 0 0 -28 -20 6 -7174 43 N N N N 232 57 -33 -29 -29
1 40002 279 -87 5 3 0 0 0 0 -33 -29 6 -2748 34 N N N N 115 27 -22 -13 -13
1 40000 305 -14 2 1 0 0 0 0 -5 -5 1 -2995 37 N N N N -1038 -268 -2 153 153
1 39998 252 53 -1 -4 0 0 0 0 18 18 -4 -54 22 N N N N -952 -248 -14 143 143
1 40944 294 301 -24 -124 0 -1387 -1 -2 138 34 22 13762 12 N N N N -426 -111 -8 65 65
1 42352 292 329 14 122 -9 1395 0 2 160 39 -106 -639 26 N N N N -142 -38 -22 24 24
1 40000 254 128 3 1 0 0 0 0 60 -26 -19 -9272 33 N N N N 335 84 -21 -47 -47
1 40001 267 59 1 1 0 0 0 0 25 -17 -8 581 26 N N N N 1013 259 -24 -146 -146
1 39997 263 -23 1 -4 0 0 0 0 -10 7 3 2878 32 N N N N -323 -84 -7 49 49
1 40001 244 -91 -3 7 0 0 0 0 -40 23 12 -1668 19 N N N N -1518 -392 -11 227 227
1 40883 247 -204 -10 119 -10 1394 0 -2 -99 45 -32 8573 13 N N N N -1204 -312 -19 183 183
1 41031 228 -268 20 -123 38 -1402 -1 2 -137 -42 105 1005 31 N N N N -277 -74 -30 46 46
1 40794 232 -121 12 1 0 0 0 0 -58 -28 10 -8828 45 N N N N 666 169 -37 -95 -95
1 39997 214 -29 -1 2 0 0 0 0 -12 -8 3 -2914 38 N N N N 903 230 -17 -132 -132
1 40000 200 -18 1 0 0 0 0 0 -7 -6 1 -665 30 N N N N 513 131 -15 -73 -73
1 40002 220 2 1 0 0 0 0 0 0 1 -1 -449 27 N N N N 457 115 -25 -64 -64
1 39998 226 51 0 -1 0 0 0 0 21 15 -4 1484 24 N N N N 512 129 -21 -72 -72
1 44118 238 204 -20 -123 0 -1387 0 -2 101 1 33 11312 20 N N N N 532 134 -26 -74 -74
1 42236 209 269 10 122 -7 1397 0 2 133 40 -94 823 45 N N N N 294 74 -19 -39 -39
1 39999 216 167 3 -3 0 0 0 0 80 -30 -24 -6 42 N N N N 704 179 -9 -101 -101
1 40000 214 104 1 4 0 0 0 0 44 -31 -13 -7275 31 N N N N -31 -8 -7 5 5
1 40001 219 64 0 1 0 0 0 0 24 -23 -8 -5085 31 N N N N 312 78 -16 -42 -42
1 40000 220 77 -2 -3 0 0 0 0 26 -31 -9 7066 18 N N N N 319 79 -21 -43 -43
1 43528 231 -161 -13 122 -10 1382 -1 -2 -56 72 -35 5364 26 N N N N 254 61 -35 -30 -30
1 40001 219 -263 3 2 0 0 0 0 -123 63 27 469 34 N N N N 364 92 -18 -50 -50
1 42724 232 -292 4 -29 0 -196 0 -1 -148 -3 58 224 44 N N N N 419 104 -22 -56 -56
1 37275 237 -169 0 -90 -1 -1193 0 3 -77 -57 67 -8360 38 N N N N 393 98 -21 -52 -52
1 39999 229 68 1 -2 0 0 0 0 30 16 -8 -3015 33 N N N N 714 179 -28 -97 -97
1 40000 246 -16 0 -1 0 0 0 0 -7 -4 3 1060 29 N N N N 894 225 -23 -122 -122
1 40000 259 -13 -1 0 0 0 0 0 -6 -3 1 2871 33 N N N N 1148 289 -28 -156 -156
1 40000 258 -35 2 1 0 0 0 0 -15 -9 4 -2870 33 N N N N 1397 351 -36 -187 -187
1 45002 308 258 -18 -127 1 -1384 -1 -2 126 8 24 10985 34 N N N N 1799 453 -35 -240 -240
1 44530 297 332 7 124 -9 1380 0 2 163 12 -108 104 54 N N N N 1005 252 -23 -132 -132
1 40000 279 155 4 0 0 0 0 0 66 -43 -21 -118 45 N N N N 884 222 -13 -117 -117
1 40000 303 33 2 -4 0 0 0 0 12 -12 -3 -8461 47 N N N N 849 212 -22 -110 -110
1 39999 288 -24 0 5 0 0 0 0 -8 9 3 -1727 39 N N N N 1122 281 -24 -144 -144
1 40000 291 -36 2 -3 0 0 0 0 -15 12 4 -536 45 N N N N 941 235 -22 -120 -120
1 44707 340 -250 -19 130 -11 1402 0 -2 -112 72 -29 11440 43 N N N N 1052 262 -23 -134 -134
1 40596 298 -307 6 -35 0 -192 0 -1 -156 -1 65 474 38 N N N N 1748 438 -29 -221 -221
1 39404 293 -150 27 -94 38 -1210 -1 3 -76 -54 62 -7745 39 N N N N 1946 489 -17 -247 -247
1 40001 309 103 0 3 0 0 0 0 48 23 -11 7583 31 N N N N 941 235 -15 -117 -117
1 39999 316 113 3 -2 0 0 0 0 54 16 -14 -5453 35 N N N N -52 -15 -10 9 9
1 40000 309 -13 3 2 0 0 0 0 -7 -1 1 -2661 25 N N N N -102 -27 -7 15 15
1 39999 311 53 -3 -4 0 0 0 0 27 3 -6 2497 19 N N N N 98 22 -11 -10 -10
1 40000 320 -61 -2 3 0 0 0 0 -30 -4 7 -999 23 N N N N 414 101 -14 -49 -49
1 40000 311 -54 3 0 0 0 0 0 -27 -8 7 -3776 21 N N N N 237 58 -9 -28 -28
1 40000 308 -35 -1 0 0 0 0 0 -17 -6 4 -1116 17 N N N N -131 -36 -13 20 20
1 40001 312 -90 1 1 0 0 0 0 -41 -19 10 5217 13 N N N N 346 84 -17 -40 -40
1 40001 332 -54 0 4 0 0 0 0 -23 -14 4 -1539 13 N N N N 757 188 -11 -93 -93
1 41353 322 210 -20 -128 0 -1379 0 -2 102 5 34 8295 6 N N N N 259 63 -14 -29 -29
1 42704 339 302 9 124 -6 1385 0 2 150 40 -98 565 29 N N N N 276 66 -13 -31 -31
1 40001 312 182 6 -3 0 0 0 0 85 -37 -24 -1913 24 N N N N 328 79 -18 -37 -37
1 40000 322 5 -1 0 0 0 0 0 2 -2 -1 -1509 26 N N N N 442 108 -11 -52 -52
1 40000 311 -82 0 1 0 0 0 0 -37 21 11 2020 18 N N N N 160 39 -6 -19 -19
1 39999 304 -103 0 1 0 0 0 0 -50 19 14 -2831 16 N N N N 167 40 -11 -17 -17
1 40883 305 -252 -16 123 -10 1389 -1 -2 -125 29 -27 4379 12 N N N N 381 88 -29 -40 -40
1 40882 275 -269 2 -120 0 -1393 0 2 -124 -77 96 -2552 27 N N N N 795 196 -20 -94 -94
1 40000 303 -152 3 -1 0 0 0 0 -57 -52 13 -2509 29 N N N N 622 151 -23 -70 -70
1 40000 276 -52 3 1 0 0 0 0 -18 -20 2 -4686 25 N N N N 824 202 -17 -97 -97
1 40002 302 29 2 -2 0 0 0 0 9 11 -1 1229 29 N N N N 1002 245 -26 -115 -115
1 39998 270 -27 -2 0 0 0 0 0 -8 -11 1 5912 34 N N N N 914 224 -23 -104 -104
1 40883 276 119 -18 -123 0 -1382 0 -2 46 -1 35 3489 30 N N N N 464 111 -20 -51 -51
1 40000 290 341 4 -2 0 0 0 0 149 85 -25 350 32 N N N N 599 146 -16 -68 -68
1 36294 236 227 8 122 -10 1388 0 2 112 38 -90 -5270 36 N N N N 642 158 -11 -73 -73
1 40000 266 29 2 3 0 0 0 0 15 -2 -4 -4260 30 N N N N 515 128 -5 -60 -60
1 40000 251 -39 -2 2 0 0 0 0 -19 4 5 816 21 N N N N 285 70 -6 -33 -33
1 39999 253 66 3 -1 0 0 0 0 32 -7 -11 -2732 16 N N N N 272 64 -12 -28 -28
1 40001 236 22 0 -1 0 0 0 0 11 -3 -2 1659 19 N N N N 297 69 -19 -30 -30
1 41468 250 -248 -16 120 -10 1388 -1 -2 -123 38 -27 9779 19 N N N N 269 62 -17 -27 -27
1 41943 229 -291 1 -119 0 -1404 0 2 -135 -74 104 -302 23 N N N N 224 54 -10 -24 -24
1 39999 225 7 4 -1 0 0 0 0 1 2 -1 -9174 27 N N N N 136 30 -11 -13 -13
1 39999 229 3 5 -1 0 0 0 0 0 0 -1 579 22 N N N N -29 -14 -24 11 11
1 40001 235 -58 -4 -2 0 0 0 0 -23 -17 7 6352 21 N N N N 175 36 -24 -14 -14
1 39998 237 -59 2 2 0 0 0 0 -24 -18 5 -888 27 N N N N 449 108 -16 -48 -48
1 41415 238 185 -19 -124 1 -1373 -1 -2 84 9 33 3344 19 N N N N 356 84 -17 -37 -37
1 42645 246 334 3 122 -10 1382 0 2 161 73 -103 1086 39 N N N N 256 59 -16 -25 -25
1 39999 233 193 9 -1 0 0 0 0 92 -27 -31 -968 29 N N N N 342 82 -10 -37 -37
1 40001 228 111 1 3 0 0 0 0 49 -29 -17 -3982 25 N N N N 193 44 -14 -18 -18
1 40001 252 49 0 -1 0 0 0 0 19 -16 -6 -2890 28 N N N N 434 101 -24 -44 -44
1 40001 237 -48 3 1 0 0 0 0 -19 16 7 -532 22 N N N N 352 82 -17 -36 -36
1 39998 241 28 0 0 0 0 0 0 11 -9 -4 -731 31 N N N N 324 76 -16 -32 -32
1 40942 250 -252 -17 125 -11 1401 0 -2 -111 75 -26 9493 23 N N N N 398 95 -14 -42 -42
1 41017 239 -351 4 -31 0 -195 0 -1 -176 -3 73 249 27 N N N N 386 92 -12 -41 -41
1 38981 265 -222 0 -91 0 -1203 -1 3 -94 -79 74 -2427 27 N N N N 466 113 -9 -51 -51
1 40002 264 -24 7 -1 0 0 0 0 -10 -9 2 -5604 20 N N N N 458 113 -5 -51 -51
1 40000 276 102 -2 -3 0 0 0 0 40 31 -10 2247 15 N N N N 463 109 -18 -47 -47
1 40000 273 42 0 1 0 0 0 0 18 11 -5 -2860 18 N N N N 263 64 -6 -28 -28
1 39998 281 -25 -1 -1 0 0 0 0 -11 -6 3 -1209 10 N N N N 84 18 -8 -7 -7
1 44693 334 294 -19 -94 -1 -1194 1 -5 145 18 2 9804 14 N N N N 522 124 -17 -54 -54
1 39425 284 217 35 93 26 1184 -1 5 100 15 -77 -687 15 N N N N 539 131 -10 -58 -58
1 40000 292 122 3 0 0 0 0 0 57 -25 -17 -5003 16 N N N N 392 95 -7 -42 -42
1 40000 298 28 0 1 0 0 0 0 12 -8 -5 -3556 15 N N N N 18 1 -10 1 1
1 40002 302 4 0 1 0 0 0 0 2 -1 0 3697 12 N N N N -42 -12 -5 6 6
1 40000 314 -15 0 -3 0 0 0 0 -6 5 2 -1763 15 N N N N -2 -2 -4 2 2
1 44826 349 -254 -16 126 -8 1404 0 -2 -120 61 -28 7966 9 N N N N 128 28 -9 -12 -12
1 43705 346 -276 -6 -126 0 -1401 -1 2 -135 -39 109 136 10 N N N N -240 -62 -9 30 30
1 39999 313 -124 16 4 0 0 0 0 -60 -27 12 -7352 16 N N N N -455 -117 -12 55 55
1 40000 331 -39 -3 0 0 0 0 0 -15 -11 5 -1420 10 N N N N -191 -50 -6 23 23
1 40000 329 60 1 -1 0 0 0 0 24 16 -8 7456 8 N N N N -93 -25 -6 13 13
1 40000 350 95 0 -3 0 0 0 0 43 21 -11 -5761 16 N N N N 167 38 -11 -16 -16
1 40000 337 -37 0 4 0 0 0 0 -17 -7 4 -814 9 N N N N 184 41 -14 -17 -17
1 45353 400 256 -19 4 -11 5 0 0 129 30 -42 8130 10 N N N N 424 100 -14 -43 -43
1 40822 367 255 10 -6 0 0 0 0 124 -29 -36 -1009 16 N N N N 234 54 -12 -22 -22
1 40000 337 98 1 -1 0 0 0 0 43 -25 -15 -6436 18 N N N N 177 40 -11 -17 -17
1 40001 361 -27 1 3 0 0 0 0 -11 9 3 -951 15 N N N N 187 44 -6 -19 -19
1 38740 266 4 256 55 244 446 -107 -4 -41 14 31 3322 1 N N N N 186 44 -8 -18 -18
1 40015 256 -7 16 2 0 0 -175 0 -5 4 -3 -3248 -12 N N N N 61 13 -6 -5 -5
1 39957 179 -15 23 1 -1 -1 -165 0 -9 6 -4 4194 -26 N N N N -66 -18 -3 8 8
1 57213 70 -171 146 -14 480 1 -176 0 -136 21 34 2967 -23 N N N N 96 20 -12 -7 -7
1 22824 -33 13 56 9 -2 0 -73 0 -7 1 -3 1066 19 N N N N 93 24 2 -11 -11
1 40012 -150 -35 34 10 2 1 -158 0 -25 5 -14 524 59 N N N N -16 -3 3 1 1
1 39932 -222 -152 -17 -9 1 -1 -155 0 -69 0 -29 -21 49 N N N N -60 -13 8 4 4
1 40081 -262 -137 -40 7 -1 0 -153 0 -59 -16 -21 -44 28 N N N N -113 -25 7 11 11
1 41227 -272 -155 -75 -15 0 -1 -18 4 -53 -26 -17 -62 16 N N N N 29 9 6 -6 -6
1 40000 -300 -61 -3 -2 0 0 0 0 -24 -19 -7 -68 2 N N N N -144 -31 13 12 12
1 39999 -299 -19 0 1 0 0 0 0 -8 -5 -3 -79 -4 N N N N -95 -18 14 7 7
1 40000 -293 -42 -1 2 0 0 0 0 -15 -15 -5 -91 -9 N N N N -100 -20 15 7 7
1 40000 -303 -66 7 -2 0 0 0 0 -23 -24 -8 -95 -15 N N N N -304 -71 14 29 29
1 38764 -332 -32 108 21 -1 1 -104 -4 -21 -28 -2 -43 -18 N N N N -405 -96 11 42 42
1 42470 -328 -79 -111 110 1 1397 -124 2 -10 -17 -40 -42 -18 N N N N -368 -89 8 40 40
1 40001 -390 235 -13 -1 0 0 0 0 76 93 7 -109 -16 N N N N -226 -52 13 21 21
1 40770 -379 385 -1 -132 11 -1407 1 -2 180 59 114 -67 -15 N N N N 266 71 13 -34 -34
1 76229 -702 -160 -16 7 -1 -1 -146 4 -77 -12 -26 -110 -34 N N N N 427 111 16 -53 -53
1 39999 -391 -107 -5 -2 0 0 0 0 -50 -19 -13 -78 -15 N N N N 348 92 15 -44 -44
1 40002 -389 -30 0 -1 0 0 0 0 -13 -7 -4 -104 -16 N N N N 33 14 16 -9 -9
1 39999 -406 -37 1 1 0 0 0 0 -16 -11 -4 -64 -18 N N N N -579 -140 14 61 61
1 40001 -402 -48 3 -2 0 0 0 0 -20 -13 -7 -19 -19 N N N N -598 -146 7 66 66
1 43531 -454 155 7 134 0 1410 -3 -2 65 49 -45 -158 -16 N N N N -39 -3 20 -2 -2
1 37321 -405 169 -14 -126 -19 -1405 -1 2 86 13 87 -15 -16 N N N N -140 -32 10 13 13
1 40032 -381 -119 -6 -5 0 0 0 0 -58 -14 -13 -71 -16 N N N N -378 -90 10 40 40
1 39999 -403 -34 -6 0 0 0 0 0 -15 -5 -5 -133 -13 N N N N -528 -126 17 55 55
1 40000 -409 -20 6 1 0 0 0 0 -11 -4 -3 -126 -16 N N N N -474 -112 20 48 48
1 40000 -409 -12 -1 -3 0 0 0 0 -5 -3 0 -171 -23 N N N N -542 -126 28 54 54
1 40002 -406 -47 -2 0 0 0 0 0 -21 -11 -6 -114 -29 N N N N -531 -125 23 54 54
1 41351 -455 124 13 135 0 1407 -1 -2 55 36 -53 -113 -33 N N N N -505 -121 16 54 54
1 41649 -427 305 -5 -125 7 -1397 0 2 156 -4 108 -84 -32 N N N N -371 -87 19 37 37
1 40000 -411 -160 3 -7 0 0 0 0 -82 7 -21 -86 -30 N N N N -342 -81 13 36 36
1 39999 -425 -77 -6 -1 0 0 0 0 -38 -5 -10 -262 -27 N N N N -326 -72 32 29 29
1 40000 -421 -12 -1 1 0 0 0 0 -6 -2 -2 -117 -35 N N N N -671 -159 30 70 70
1 39999 -419 -33 2 -3 0 0 0 0 -17 -3 -4 -54 -40 N N N N -204 -46 14 20 20
1 40000 -428 0 -2 1 0 0 0 0 1 -1 0 -112 -33 N N N N -94 -19 16 6 6
1 40002 -425 -10 3 1 0 0 0 0 -6 -1 -2 -116 -26 N N N N -174 -38 19 15 15
1 40000 -418 -9 -2 -1 0 0 0 0 -4 -2 0 -88 -29 N N N N -177 -38 20 15 15
1 39998 -421 -50 4 2 0 0 0 0 -25 -7 -9 -33 -28 N N N N -308 -75 8 34 34
1 40000 -411 -18 -1 -4 0 0 0 0 -8 -4 -1 -124 -23 N N N N -142 -32 14 13 13
1 44670 -498 238 10 -2 10 2 0 0 116 24 36 -113 -25 N N N N -767 -186 19 85 85
1 40800 -414 -98 2 10 0 0 0 0 -50 -3 -21 -215 -24 N N N N -573 -137 25 62 62
1 40000 -416 -64 -9 -5 0 0 0 0 -30 -9 -6 -136 -26 N N N N -628 -149 30 66 66
1 40000 -420 -18 0 0 0 0 0 0 -9 -2 -2 -152 -38 N N N N -919 -223 29 103 103
1 40000 -413 -23 -3 -2 0 0 0 0 -10 -4 -3 -95 -36 N N N N -755 -185 20 85 85
1 39999 -419 -8 5 2 0 0 0 0 -5 -1 -2 -81 -33 N N N N -650 -160 14 75 75
1 43403 -481 182 12 103 1 1193 2 -3 88 33 -30 -173 -37 N N N N -756 -184 24 86 86
1 39363 -365 4 -20 -97 -20 -1197 -2 3 6 -13 55 -62 -30 N N N N -841 -207 18 99 99
1 39999 -400 -67 -11 -1 0 0 0 0 -32 -4 -7 -64 -27 N N N N -508 -125 12 59 59
1 39998 -379 -11 1 -3 0 0 0 0 -6 -1 -1 -120 -26 N N N N -281 -66 18 30 30
1 40002 -403 8 2 -3 0 0 0 0 4 1 2 -72 -25 N N N N -339 -82 16 38 38
1 40001 -395 -46 -1 2 0 0 0 0 -23 -5 -6 -119 -25 N N N N -297 -71 16 32 32
1 39999 -381 -49 0 -1 0 0 -16 0 -24 -7 -7 -79 -25 N N N N -525 -128 17 61 61
1 40000 -405 -18 -1 -1 0 0 0 0 -9 -3 -2 -111 -23 N N N N -590 -145 17 69 69
1 40000 -396 39 0 0 0 0 0 0 19 6 6 -124 -25 N N N N -640 -156 22 75 75
1 39998 -384 -10 1 0 0 0 0 0 -5 -2 -1 -74 -26 N N N N -534 -132 15 63 63
1 40001 -397 -7 3 -1 0 0 0 0 -4 -1 -2 -131 -26 N N N N -510 -124 20 60 60
1 40000 -388 10 -6 4 0 0 -12 0 6 2 1 -73 -25 N N N N -104 -23 14 9 9
1 39999 -394 -47 -3 -2 0 0 0 0 -22 -8 -4 -78 -26 N N N N 489 127 15 -65 -65
1 40000 -393 1 4 -1 0 0 0 0 0 0 -1 -191 -22 N N N N 333 90 24 -49 -49
1 40003 -399 -29 -2 0 0 0 0 0 -14 -5 -3 -158 -31 N N N N -1107 -274 28 134 134
1 40000 -410 -30 3 1 0 0 0 0 -14 -6 -6 -228 -36 N N N N -2101 -526 33 261 261
1 44939 -454 104 12 126 0 1397 -1 -2 47 30 -53 -221 -48 N N N N -1687 -421 34 210 210
1 41178 -426 113 -1 -118 7 -1401 0 2 57 2 77 -85 -48 N N N N -1910 -480 30 244 244
1 39998 -382 -182 -5 -7 0 0 0 0 -89 -26 -20 -221 -44 N N N N -1141 -285 25 146 146
1 40002 -407 -119 -3 4 0 0 0 0 -52 -29 -14 -238 -46 N N N N -1133 -281 40 142 142
1 39998 -401 -104 3 -4 0 0 0 0 -41 -34 -9 -204 -54 N N N N -1619 -405 44 209 209
1 40001 -411 16 -2 0 0 0 0 0 6 6 2 -190 -58 N N N N -1811 -457 34 240 240
1 44355 -457 170 12 130 0 1411 0 -2 68 58 -46 -202 -63 N N N N -1620 -409 29 218 218
1 41764 -451 323 3 -125 10 -1401 0 2 159 26 104 -103 -53 N N N N -1414 -357 29 191 191
1 40001 -394 54 -5 -1 0 0 0 0 29 -3 8 -211 -45 N N N N -968 -244 28 131 131
1 39998 -404 -43 -2 -4 0 0 0 0 -21 2 -5 -161 -45 N N N N -771 -194 27 104 104
1 40000 -407 -1 1 0 0 0 0 0 -1 0 1 -106 -44 N N N N -623 -156 28 84 84
1 40000 -414 10 -1 1 0 0 0 0 5 -1 1 -87 -44 N N N N -559 -141 18 77 77
1 40000 -422 5 -4 -3 0 0 0 0 4 0 2 -24 -34 N N N N -437 -111 8 61 61
1 43856 -451 -234 15 -88 11 -1190 2 -3 -122 -29 8 -218 -35 N N N N -59 -12 24 4 4
1 39790 -380 -201 -2 90 -1 1185 -2 3 -90 -27 -72 -108 -31 N N N N -462 -116 23 63 63
1 40000 -403 -78 -5 -3 0 0 0 0 -30 -25 -5 -183 -32 N N N N -316 -78 28 41 41
1 39999 -403 -63 -5 2 0 0 0 0 -21 -23 -5 -137 -36 N N N N -571 -144 29 78 78
1 40001 -402 -28 3 1 0 0 0 0 -10 -10 -3 -155 -37 N N N N -471 -118 23 65 65
1 40000 -398 -51 3 1 0 0 0 0 -15 -21 -5 -264 -36 N N N N -403 -101 35 53 53
1 43826 -453 90 13 128 0 1401 0 -2 25 39 -43 -120 -52 N N N N -1278 -325 37 183 183
1 39999 -416 288 -2 0 0 0 0 0 119 87 17 -178 -51 N N N N -993 -253 25 143 143
1 37353 -380 243 -22 -126 -27 -1409 0 2 127 11 99 -130 -41 N N N N -203 -50 27 26 26
1 39999 -369 -50 -5 0 0 0 0 0 -25 0 -5 -129 -40 N N N N -138 -34 25 17 17
1 40001 -363 -6 -5 0 0 0 0 0 -2 0 -1 -114 -38 N N N N -257 -65 19 36 36
1 39999 -364 33 0 -4 0 0 0 0 17 -1 6 26 -38 N N N N 250 66 10 -39 -39
1 40001 -365 50 0 -2 0 0 0 0 26 -1 8 -125 -24 N N N N 987 256 11 -149 -149
1 40001 -367 16 -1 3 0 0 0 0 8 -1 1 -264 -23 N N N N 1148 300 35 -176 -176
1 35024 -317 15 -5 -121 7 -1374 -83 -2 9 -35 62 -313 -30 N N N N 667 177 42 -105 -105
1 40797 -380 -201 10 3 0 0 0 0 -105 6 -29 -117 -65 N N N N -283 -69 42 35 35
1 36069 -331 -181 2 122 0 1381 -75 2 -88 -4 -83 -90 -57 N N N N -646 -166 15 93 93
1 40817 -384 -66 -14 -6 0 0 0 0 -26 -18 -2 -95 -40 N N N N -644 -165 22 93 93
1 39999 -361 41 -7 2 0 0 0 0 18 12 5 -168 -36 N N N N -349 -88 23 49 49
1 40000 -391 93 1 0 0 0 0 0 43 20 11 -51 -35 N N N N -79 -19 19 9 8
1 40000 -364 38 5 -2 0 0 0 0 18 7 3 -168 -32 N N N N 214 57 23 -36 -35
1 40001 -370 9 1 -1 0 0 0 0 4 1 1 -88 -31 N N N N 198 54 21 -33 -33
1 40000 -408 -67 46 4 81 1 -59 0 -39 -13 -20 -217 -40 N N N N 46 14 26 -11 -11
1 39999 -429 68 -4 1 0 0 0 0 32 13 11 -35 -43 N N N N -841 -216 25 123 123
1 40000 -431 61 -3 -3 0 0 0 0 31 7 11 -182 -31 N N N N 491 130 23 -78 -78
1 40001 -424 6 4 -2 0 0 0 0 2 1 1 -204 -32 N N N N 81 23 25 -16 -16
1 40000 -418 12 3 0 0 0 0 0 5 1 2 -178 -42 N N N N -46 -8 42 1 1
1 40000 -408 63 -24 3 -33 0 -2 0 37 4 10 -282 -46 N N N N 122 36 40 -25 -25
1 40000 -404 87 -4 1 0 0 0 0 46 1 12 -194 -52 N N N N -521 -133 41 73 73
1 40001 -400 -13 4 -2 0 0 0 0 -8 -1 1 -253 -63 N N N N -1173 -303 44 172 172
1 39998 -397 9 2 3 0 0 0 0 4 1 0 -272 -63 N N N N -575 -147 45 82 82
1 40000 -413 3 -3 0 0 0 0 0 2 -1 0 -344 -63 N N N N -604 -154 54 86 86
1 43392 -440 -222 10 -88 9 -1189 1 -3 -114 -30 10 -275 -96 N N N N -995 -257 54 147 147
1 39782 -391 -168 6 91 -1 1201 -1 3 -78 -18 -69 -170 -71 N N N N -695 -181 37 104 104
1 40001 -416 -32 -8 -1 0 0 0 0 -12 -9 0 -129 -77 N N N N -281 -72 27 41 41
1 40000 -405 9 -1 0 0 0 0 0 4 3 0 -223 -53 N N N N -159 -40 35 21 21
1 39999 -421 41 0 -1 0 0 0 0 17 11 6 -280 -55 N N N N 52 17 47 -14 -14
1 39999 -426 -44 5 0 0 0 0 0 -19 -13 -6 -284 -66 N N N N -182 -45 47 22 22
1 44650 -494 247 10 125 0 1378 0 -2 111 63 -35 -274 -85 N N N N -55 -11 54 2 2
1 41705 -447 497 -4 -115 10 -1393 -1 2 241 -65 141 -309 -76 N N N N -32 -6 57 -2 -2
1 40001 -428 -75 -1 -12 0 0 0 0 -31 19 -7 -84 -73 N N N N -39 -8 26 3 3
1 40001 -445 -27 -5 -1 0 0 0 0 -11 6 -5 -255 -59 N N N N 201 55 40 -37 -37
1 39999 -440 -74 3 4 0 0 0 0 -36 16 -11 -273 -57 N N N N 1018 273 40 -167 -167
1 40000 -434 -93 1 -4 0 0 0 0 -45 13 -15 -154 -67 N N N N -188 -47 41 24 24
1 44412 -499 -111 2 -119 10 -1405 0 -2 -57 -25 42 -190 -75 N N N N -139 -35 32 18 18
1 75000 -853 -315 7 123 0 1420 -1 2 -153 -13 -110 -497 -108 N N N N -176 -42 79 18 18
1 39999 -467 -40 4 -4 0 0 0 0 -17 -11 -6 -119 -65 N N N N -393 -102 36 58 58
1 40000 -469 17 -11 -3 0 0 0 0 8 5 7 -23 -48 N N N N 2046 546 13 -329 -329
1 40001 -466 -9 3 2 0 0 0 0 -4 -3 -1 -31 -29 N N N N 4900 1308 8 -766 -766
1 39999 -481 27 -1 0 0 0 0 0 12 7 3 -322 -28 N N N N 3282 882 46 -507 -507
1 45941 -548 221 9 135 0 1396 0 -2 101 53 -39 -141 -52 N N N N 825 224 29 -130 -130
1 45001 -526 108 -20 -128 -30 -1419 0 2 59 -7 86 -454 -49 N N N N 767 214 64 -127 -127
1 39999 -441 -93 -9 -6 0 0 0 0 -45 -5 -11 -128 -58 N N N N -117 -26 37 10 10
1 40000 -475 28 -1 0 0 0 0 0 14 2 5 -301 -63 N N N N -1603 -422 55 232 232
1 40000 -443 -19 2 1 0 0 0 0 -10 -1 -4 -172 -71 N N N N -1638 -437 31 244 244
1 40000 -449 -9 2 2 0 0 0 0 -5 -1 -1 -160 -66 N N N N -1229 -326 33 184 184
1 40001 -447 -36 -1 0 0 0 0 0 -18 -3 -5 -164 -56 N N N N -630 -166 29 93 93
1 40000 -453 11 -4 -1 0 0 0 0 6 1 2 -178 -52 N N N N 356 100 38 -62 -62
1 40000 -446 89 -1 2 0 0 0 0 46 6 11 -128 -51 N N N N 467 128 25 -77 -77
1 39999 -440 63 2 -3 0 0 0 0 32 -1 10 -139 -48 N N N N 1148 313 28 -182 -182
1 40001 -416 1 6 0 0 0 0 0 -1 0 1 -39 -40 N N N N 2025 547 12 -312 -312
1 43882 -453 -77 0 -121 8 -1370 0 -2 -39 -29 48 -328 -40 N N N N 2464 669 32 -379 -379
1 41026 -438 -123 3 33 3 200 1 -1 -63 1 -34 -444 -54 N N N N 1622 449 71 -256 -256
1 39383 -376 -179 4 91 -3 1184 -1 3 -83 -19 -70 -292 -70 N N N N 614 177 68 -105 -105
1 40003 -407 -40 -4 -2 0 0 0 0 -16 -12 -2 -98 -77 N N N N 686 191 32 -109 -109
1 39997 -376 -7 0 0 0 0 0 0 -3 -2 -1 -177 -67 N N N N 205 61 32 -37 -37
1 40002 -387 58 -4 -1 0 0 0 0 25 17 7 -375 -63 N N N N -177 -39 54 15 15
1 39998 -357 68 1 1 0 0 0 0 30 16 9 -391 -74 N N N N -658 -165 81 80 80
1 40298 -385 78 12 132 -1 1392 -40 -2 34 25 -58 -394 -93 N N N N -875 -229 61 118 118
1 35351 -320 103 -6 -124 12 -1402 -52 2 53 3 77 -239 -87 N N N N -203 -45 61 18 18
1 40826 -363 -147 -8 -4 0 0 0 0 -71 -20 -16 -314 -104 N N N N -860 -226 60 118 118
1 39999 -365 -100 4 -6 0 0 0 0 -46 -24 -11 -357 -103 N N N N -1112 -295 61 158 158
1 40000 -352 -13 -2 -2 0 0 0 0 -5 -3 -2 -280 -103 N N N N -548 -142 59 72 72
1 39999 -351 43 -1 6 0 0 0 0 19 11 4 -92 -94 N N N N 35 14 28 -10 -10
1 40000 -338 46 -1 2 0 0 0 0 21 11 5 -344 -75 N N N N -93 -20 44 5 5
1 35177 -301 58 -6 1 0 0 -108 0 29 10 8 -254 -69 N N N N -166 -39 45 17 17
1 40823 -361 -66 0 -6 0 0 0 0 -32 -13 -4 -570 -91 N N N N -525 -131 102 62 62
1 40000 -354 19 -7 4 0 0 0 0 10 5 1 -216 -115 N N N N -705 -187 57 100 100
1 40000 -369 -15 3 2 0 0 0 0 -7 -4 -2 -347 -109 N N N N -1280 -346 55 192 192
1 40000 -354 4 2 -10 0 0 0 0 1 1 3 -165 -103 N N N N -1029 -279 48 156 156
1 40001 -373 -5 2 3 0 0 0 0 -2 -2 -2 -292 -89 N N N N -1169 -317 50 180 180
1 40706 -395 28 13 135 0 1403 -86 -2 10 16 -65 -304 -92 N N N N -1054 -287 54 162 162
1 38716 -404 323 -14 -120 4 -1402 -39 -2 166 12 106 -425 -89 N N N N -130 -28 81 8 8
1 42637 -438 -74 -13 -7 -2 0 -30 4 -35 2 -7 -217 -102 N N N N 98 32 52 -24 -24
1 39999 -411 12 -4 -4 0 0 0 0 7 -2 4 -86 -84 N N N N 78 24 23 -17 -17
1 40000 -436 55 -1 -3 0 0 0 0 29 -3 8 -249 -66 N N N N -29 -4 42 -2 -2
1 40000 -427 -36 11 -1 0 0 0 0 -21 3 -5 -421 -72 N N N N -297 -75 76 36 36
1 40000 -436 55 -5 5 0 0 0 0 29 -4 6 -329 -85 N N N N -750 -205 50 117 117
1 46000 -515 -142 9 -124 8 -1382 -1 -2 -75 -25 42 -335 -119 N N N N -661 -178 72 99 99
1 41825 -485 -226 50 123 65 1401 0 2 -119 1 -105 -216 -114 N N N N -457 -125 34 72 72
1 39998 -519 -104 -17 4 0 0 0 0 -43 -26 -9 -393 -93 N N N N 173 56 82 -42 -42
1 40002 -507 -29 1 -1 0 0 0 0 -12 -9 -3 -71 -95 N N N N 1236 351 37 -214 -214
1 39999 -516 -58 1 -1 0 0 0 0 -22 -19 -7 -58 -67 N N N N 369 105 16 -64 -64
1 40000 -539 -9 -2 -2 0 0 0 0 -3 -3 0 -397 -56 N N N N 922 265 64 -165 -165
1 40000 -539 -9 -2 0 0 0 0 0 -3 -3 0 -151 -74 N N N N 1769 503 36 -299 -299
1 43412 -605 213 9 133 0 1388 -1 -2 85 68 -39 -168 -70 N N N N 1089 310 33 -184 -184
1 37352 -522 407 -23 -120 -27 -1405 0 2 207 13 123 -73 -38 N N N N 1275 362 19 -211 -211
1 40000 -530 -116 -1 -10 0 0 0 0 -58 8 -14 -236 -38 N N N N 1230 352 31 -205 -205
1 39999 -528 6 2 -3 0 0 0 0 3 -1 2 -176 -50 N N N N 302 91 42 -57 -57
1 40001 -533 40 -3 3 0 0 0 0 20 -1 6 -168 -49 N N N N 1311 376 35 -216 -216
1 40001 -535 -11 5 -4 0 0 0 0 -6 0 0 -241 -52 N N N N 778 227 44 -133 -133
1 40000 -539 33 -7 3 0 0 0 0 18 -2 4 -333 -57 N N N N -31 0 56 -7 -7
1 43295 -560 -188 9 -118 7 -1379 0 -2 -97 -23 28 -239 -91 N N N N 312 97 54 -61 -61
1 41646 -537 -243 4 117 -1 1381 0 2 -116 -19 -92 -319 -77 N N N N -206 -51 51 22 22
1 39998 -500 -30 4 -2 0 0 0 0 -13 -8 -4 -299 -72 N N N N -227 -55 60 24 24
1 40002 -496 -46 -3 1 0 0 0 0 -18 -14 -5 -671 -96 N N N N -3096 -867 105 479 479
1 40000 -492 28 -5 -1 0 0 0 0 11 9 6 -135 -130 N N N N -1684 -472 65 266 266
1 39998 -496 18 -4 -3 0 0 0 0 8 6 3 -232 -96 N N N N -331 -90 40 48 48
1 41474 -524 158 9 131 1 1399 -1 -2 69 46 -47 -278 -98 N N N N 1192 348 57 -209 -209
1 41703 -520 298 12 -116 10 -1404 0 2 147 5 106 -104 -76 N N N N 832 242 29 -143 -143
1 40001 -466 -181 -10 -8 0 0 0 0 -89 -1 -26 -368 -70 N N N N 871 257 51 -154 -154
1 39999 -482 -25 -1 -7 0 0 0 0 -12 -2 -2 -148 -80 N N N N 1191 350 52 -205 -205
1 40001 -465 -26 4 7 0 0 0 0 -14 -3 -6 -147 -65 N N N N 579 171 32 -101 -101
1 39999 -463 -34 -6 0 0 0 0 0 -16 -4 -4 -321 -55 N N N N -1139 -322 42 177 177
1 40000 -461 -23 3 -3 0 0 0 0 -11 -4 -3 -319 -68 N N N N -1474 -414 70 230 230
1 40000 -466 -48 -2 -3 0 0 0 0 -22 -10 -6 -315 -82 N N N N -520 -142 59 75 75
1 40000 -457 -44 -1 2 0 0 0 0 -20 -9 -6 -122 -90 N N N N 80 29 43 -22 -22
1 39999 -469 -36 0 3 0 0 0 0 -16 -8 -6 -255 -64 N N N N 653 194 40 -117 -117
1 40001 -451 -32 2 -1 0 0 0 0 -14 -9 -4 -222 -63 N N N N -1715 -490 48 279 279
1 44238 -532 271 6 133 0 1404 0 -2 125 62 -33 -338 -88 N N N N -4984 -1438 54 851 851
1 24822 -300 120 0 -120 10 -1390 0 2 61 -8 84 -230 -51 N N N N -2923 -843 50 513 513
1 20002 -225 -130 1 -6 0 0 0 0 -66 -5 -18 -165 -47 N N N N -2204 -638 36 397 397
1 19998 -239 -55 2 -1 0 0 0 0 -27 -6 -10 -85 -45 N N N N -2214 -642 22 408 408
1 20001 -236 -26 -2 -7 0 0 0 0 -12 -4 0 -154 -42 N N N N -1277 -370 26 238 238
1 20001 -229 9 -2 3 0 0 0 0 4 2 1 -150 -45 N N N N -808 -234 34 150 150
1 19999 -250 6 0 1 0 0 0 0 3 0 1 -139 -45 N N N N -694 -202 30 130 130
1 20000 -236 7 -2 -2 0 0 0 0 4 1 2 -204 -49 N N N N 672 197 38 -133 -133
1 19999 -247 -1 3 0 0 0 0 0 -1 0 -1 -90 -43 N N N N 3702 1080 26 -701 -701
1 20001 -231 8 -1 1 0 0 0 0 4 2 0 -113 -46 N N N N 2231 653 22 -414 -414
1 20000 -248 -4 -1 1 0 0 0 0 -2 -1 0 -134 -46 N N N N 1583 463 21 -291 -291
1 19999 -246 -33 3 -2 0 0 0 0 -16 -5 -5 -256 -44 N N N N 170 53 37 -36 -36
1 20002 -257 -16 -3 -1 0 0 0 0 -7 -3 -2 -102 -54 N N N N -916 -265 37 161 161
1 19999 -262 -21 -1 -1 0 0 0 0 -10 -3 -2 -189 -42 N N N N -1664 -485 28 301 301
1 19999 -250 12 4 4 0 0 0 0 5 2 0 -246 -49 N N N N -927 -268 49 165 165
1 20001 -264 -18 -3 -4 0 0 0 0 -8 -4 0 -258 -61 N N N N 4 3 39 -5 -5
1 20001 -261 6 -3 1 0 0 0 0 3 1 1 -225 -65 N N N N -741 -214 53 132 132
1 19998 -279 5 -4 2 0 0 0 0 3 1 1 -132 -61 N N N N -948 -277 40 174 174
1 20000 -272 11 -3 0 0 0 0 0 6 3 1 -231 -56 N N N N -624 -181 52 113 113
1 20000 -283 1 8 1 0 0 0 0 -1 0 -2 -236 -64 N N N N -362 -105 43 65 65
1 20002 -272 -8 0 2 0 0 0 0 -4 -1 -2 -266 -61 N N N N 147 45 47 -34 -34
1 20000 -275 -65 2 0 0 0 0 0 -30 -13 -9 -92 -58 N N N N 272 82 31 -56 -56
1 20000 -280 -28 3 0 0 0 0 0 -13 -7 -4 -150 -61 N N N N 94 29 27 -21 -21
1 20000 -284 -1 -7 -3 0 0 0 0 1 -1 2 169 -51 N N N N 615 180 2 -118 -118
1 19999 -283 -26 9 0 0 0 0 0 -13 -6 -6 -166 -7 N N N N 4477 1323 1 -840 -840
1 20001 -278 7 -3 7 0 0 0 0 4 2 -1 -410 -13 N N N N 4398 1305 60 -806 -806
1 19999 -293 -30 2 -9 0 0 0 0 -13 -9 -1 -690 -42 N N N N 2363 708 85 -433 -433
1 20001 -285 -63 -10 3 0 0 0 0 -25 -18 -5 -431 -77 N N N N 466 149 86 -98 -98
1 20001 -277 -91 5 2 0 0 0 0 -33 -32 -9 -506 -98 N N N N 9 17 109 -23 -23
1 21410 -302 -3 27 123 0 1392 0 -2 -3 -2 -55 -680 -118 N N N N -291 -70 137 25 25
1 20000 -287 68 -15 6 0 0 0 0 24 27 6 -469 -145 N N N N -1156 -333 101 187 187
1 20000 -278 132 -2 -4 0 0 0 0 54 42 8 -531 -138 N N N N -914 -262 106 146 146
1 20000 -279 141 5 8 0 0 0 0 63 33 10 -445 -130 N N N N -1096 -318 99 182 182
1 20254 -281 114 3 -27 2 -202 1 -1 57 14 29 -820 -159 N N N N -1814 -533 138 313 313
1 19746 -232 -2 -22 -99 -28 -1210 -1 3 3 -11 55 -817 -98 N N N N -547 -153 141 80 80
1 20000 -246 -44 -5 -8 0 0 0 0 -21 -5 -2 -643 -141 N N N N 301 107 175 -85 -85
1 20000 -230 -44 -4 -5 0 0 0 0 -21 -5 -4 -154 -138 N N N N 652 206 90 -138 -138
1 19999 -233 -158 1 -15 0 0 0 0 -75 -31 -14 -737 -118 N N N N 1076 333 53 -211 -211
1 20000 -258 94 4 26 0 0 0 0 43 23 -1 -1398 -116 N N N N 3154 997 301 -641 -641
1 20000 -249 -54 -18 -2 0 0 0 0 -23 -11 -1 -1558 -158 N N N N 6722 2114 315 -1276 -1276
1 20001 -241 13 5 0 0 0 0 0 6 2 1 -1602 -203 N N N N 7331 2335 328 -1339 -1339
1 19999 -237 -23 5 2 0 0 0 0 -12 -4 -6 -1771 -256 N N N N 7507 2412 287 -1304 -1304
1 20001 -223 0 1 1 0 0 0 0 0 0 -1 -1455 -235 N N N N 16290 5250 397 -2571 -2571
1 25941 -248 59 34 123 0 1420 0 -2 22 18 -61 -1603 -301 N N N N 23956 7716 282 -3224 -3224
1 20000 -201 119 -9 5 0 0 0 0 59 20 15 -2468 -264 N N N N 16525 5502 383 -2037 -2037
1 24233 -225 -80 -8 -132 7 -1408 0 2 -37 -21 58 -3163 -426 N N N N 24724 8458 648 -2755 -2755
1 20001 -168 -29 10 6 0 0 0 0 -16 -4 -9 -4203 -378 N N N N 17144 6265 732 -1845 -1845
1 19999 -185 -8 -18 -4 0 0 0 0 -1 -1 4 -717 -618 N N N N 12520 4778 622 -1299 -1299
1 19999 -189 107 -5 13 0 0 0 0 53 16 10 -1143 -735 N N N N 15800 5711 374 -1351 -1351
1 20000 -178 -181 27 -19 0 0 0 0 -90 -32 -23 -8124 -719 N N N N 8898 4561 1280 -1208 -1208
1 20001 -179 199 -9 10 0 0 0 0 96 33 28 -4386 -708 N N N N 6373 3363 912 -838 -838
1 20001 -171 -15 -13 -11 0 0 0 0 -5 -4 5 -4760 -1082 N N N N 2852 2761 1352 -787 -787
1 20000 -151 62 12 4 0 0 0 0 28 5 8 -8432 -920 N N N N 1874 2810 1616 -822 -822
1 19999 -144 -26 0 -1 0 0 0 0 -12 -1 -6 -2456 -1189 N N N N 5318 3963 1449 -941 -941
1 20001 -153 -64 -8 -2 0 0 0 0 -31 -6 -7 -623 -1424 N N N N 6436 3465 704 -672 -672
1 18649 -162 137 -4 8 0 -1 -31 -4 70 9 18 -1674 -1317 N N N N 5078 2534 386 -447 -447
1 20100 -180 61 -2 -2 0 2 -45 0 31 -2 11 -265 -1154 N N N N 3935 2236 468 -407 -408
1 19898 -166 -29 -8 -1 0 -1 -44 0 -12 1 -5 -154 -1020 N N N N 6073 2657 171 -394 -393
1 19994 -178 -24 -6 -5 0 0 -46 0 -11 0 -1 -78 -1034 N N N N 4516 1962 111 -280 -280
1 21824 -198 33 4 -114 9 -1382 -39 2 16 -30 62 -107 -863 N N N N 4146 1782 86 -245 -245
1 20831 -194 -67 4 0 0 0 0 0 -35 3 -10 -670 -637 N N N N 2546 1114 65 -152 -152
1 19754 -149 -7 4 2 0 0 0 0 -5 0 -1 -2121 -431 N N N N 1696 1161 298 -199 -199
1 20834 -167 17 -9 -4 0 0 0 0 11 0 4 -311 -451 N N N N 296 756 390 -164 -164
1 20000 -183 3 -12 -4 0 0 0 0 4 -2 3 -20 -420 N N N N 844 647 187 -112 -112
1 20000 -168 -59 6 2 0 0 0 0 -31 1 -11 4 -319 N N N N 1654 790 74 -107 -107
1 10174 -87 -52 17 -9 0 0 0 0 -30 -5 -5 -23 -158 N N N N 473 212 12 -28 -28
1 10896 -99 -8 3 153 1 1400 -2 -2 -5 29 -77 -14 -156 N N N N 493 230 18 -30 -30
1 8146 -73 -41 5 -20 0 0 -29 0 -21 -8 3 -6 -103 N N N N 359 160 9 -21 -21
1 9736 -96 -41 -12 0 0 0 -42 0 -18 -6 -3 -3 -111 N N N N 343 160 13 -21 -21
1 10007 -93 -21 -9 0 -1 0 -46 2 -8 -4 -1 0 -104 N N N N 320 151 13 -20 -20
1 11216 -117 -25 -6 -3 0 -1 -9 2 -11 -5 -1 -1 -85 N N N N 737 293 -3 -34 -34
1 9999 -88 -16 -15 2 0 0 0 0 -5 -3 2 0 -74 N N N N 571 251 12 -31 -31
1 10000 -87 -44 17 1 0 0 0 0 -23 -11 -8 3 -59 N N N N 340 152 8 -19 -19
1 10000 -105 48 -18 -6 0 0 0 0 25 12 9 0 -52 N N N N 563 202 -15 -21 -21
1 10000 -76 47 9 7 0 0 0 0 21 9 2 3 -45 N N N N 173 79 5 -10 -10
1 10000 -97 -28 8 -6 0 0 0 0 -15 -6 -3 0 -41 N N N N 280 116 2 -13 -13
1 10001 -78 10 -5 8 0 0 0 0 6 3 -3 -2 -33 N N N N 60 46 13 -8 -8
1 9999 -90 -54 18 -6 0 0 0 0 -28 -13 -6 0 -25 N N N N 330 129 -3 -14 -14
1 10000 -93 -6 -4 -2 0 0 0 0 -2 -1 0 -5 -24 N N N N 502 218 8 -27 -27
1 10000 -104 -88 2 -2 0 0 0 0 -38 -24 -9 4 -20 N N N N 238 99 2 -12 -12
1 10001 -108 -28 -13 9 0 0 0 0 -9 -8 -2 3 -16 N N N N 376 147 -3 -16 -16
1 9999 -98 -8 -10 3 0 0 0 0 -2 -2 2 -1 -15 N N N N 311 113 -8 -12 -12
1 10000 -98 -17 10 -8 0 0 0 0 -8 -7 0 -6 -15 N N N N 48 48 17 -8 -8
1 10000 -100 -16 3 -2 0 0 0 0 -6 -6 -2 -2 -11 N N N N 341 122 -10 -12 -12
1 10001 -84 2 -12 1 0 0 0 0 2 2 1 1 -11 N N N N 73 19 -6 -1 -1
1 10000 -93 -11 6 0 0 0 0 0 -5 -4 -1 2 -8 N N N N 283 101 -8 -10 -10
1 9999 -103 27 10 -1 0 0 0 0 9 8 0 2 -6 N N N N 130 70 11 -10 -10
1 10000 -102 37 4 6 0 0 0 0 14 14 -4 1 -10 N N N N 273 95 -9 -9 -9
1 9849 -114 -29 0 -4 2 -2 -6 -4 -11 -11 1 6 -8 N N N N 130 65 7 -9 -9
1 12741 -137 15 2 124 -1 1379 -30 2 5 10 -49 3 3 N N N N 574 214 -11 -22 -22
1 10824 -123 39 3 -2 0 0 0 0 15 12 2 2 -4 N N N N 35 40 15 -8 -8
1 10000 -117 141 7 1 0 0 0 0 61 37 5 0 -3 N N N N 0 13 8 -2 -2
1 10001 -104 146 -23 4 0 0 0 0 75 25 21 1 -3 N N N N 7 11 5 -3 -3
1 13534 -142 192 31 -129 10 -1396 0 2 91 -15 96 3 -5 N N N N 165 58 -6 -5 -5
1 10817 -107 55 -22 3 0 0 0 0 34 -5 4 2 6 N N N N 6 -11 -8 2 2
1 10002 -100 -13 6 1 0 0 0 0 -8 2 -3 -2 -5 N N N N 219 83 -3 -8 -8
1 9999 -105 -10 -1 1 0 0 0 0 -5 1 -2 -6 -9 N N N N 147 80 12 -11 -11
1 10000 -118 -3 -21 1 0 0 0 0 3 0 1 0 -6 N N N N 233 102 5 -13 -13
1 9999 -112 20 18 -1 0 0 0 0 5 -3 4 4 4 N N N N 425 118 -32 -7 -7
1 10002 -110 100 -15 -3 0 0 0 0 55 -17 10 3 3 N N N N -225 -60 18 3 3
1 9999 -124 26 -2 0 0 0 0 0 9 -8 10 -2 -14 N N N N 10 -10 -8 3 3
1 10001 -112 -4 0 5 0 0 0 0 1 4 -8 1 19 N N N N 207 82 -1 -9 -9
1 9999 -100 -38 -13 -2 0 0 0 0 -18 5 0 -1 5 N N N N -34 18 18 -6 -6
1 10001 -104 -49 21 4 0 0 0 0 -27 12 -10 0 6 N N N N 127 40 -6 -3 -3
1 10000 -103 35 -10 -1 0 0 0 0 20 -6 4 -1 -5 N N N N 145 72 7 -9 -9
1 9999 -76 -29 23 -3 0 0 0 0 -19 5 -3 3 -2 N N N N 80 35 2 -4 -4
1 10000 -95 32 11 4 0 0 0 0 12 -5 6 7 -5 N N N N 166 56 -7 -6 -6
1 10001 -87 -5 13 -29 0 0 0 0 0 -2 4 -2 13 N N N N 32 29 9 -5 -5
1 9999 -122 84 -16 25 0 0 0 0 38 -17 7 -6 -15 N N N N 235 82 -7 -7 -7
1 10001 -130 52 -18 -6 0 0 0 0 18 -21 21 7 1 N N N N 24 14 2 -2 -2
1 10000 -124 15 -7 6 0 0 0 0 12 -1 -6 -5 2 N N N N -56 -24 0 2 2
1 9999 -105 -51 0 -7 0 0 0 0 -11 18 -22 79 -2 N N N N 178 75 1 -8 -8
