version: 66.14
glider: 195
mission: 21
dive: 440
start: 7 30 105 4 43 58
columns: rec,elaps_tms,depth,heading,pitch,roll,AD_pitch,AD_roll,AD_vbd,GC_phase,mag.x,mag.y,mag.z,sbect.TempFreq,sbect.CondFreq,wlbb2fl.sig470nm,wlbb2fl.sig700nm,wlbb2fl.sig695nm,wlbb2fl.temp,aa4330.O2,aa4330.AirSat,aa4330.Temp,aa4330.CalPhase,aa4330.TCPhase,
data:
0 16708 1 480 -540 55 126 2219 497 6 209 -277 -97 173276 135276 N N N N 247107 97723 26082 29151 30557
1 9999 0 -85 -75 -85 0 0 0 0 4 47 -81 -421 19 N N N N 1452 -369 -528 138 138
1 10000 -6 -1 183 42 0 0 0 0 21 -15 66 131 35 N N N N 666 18 -135 23 23
1 10000 12 -20 53 52 0 0 0 0 5 -1 19 -419 -7 N N N N 510 112 -49 -4 -4
1 10000 5 -107 -191 23 0 0 0 0 1 41 -70 304 0 N N N N -194 -123 -26 19 19
1 10000 -13 13 78 108 0 0 0 0 4 -28 46 -399 -20 N N N N -141 -110 -31 18 18
1 8690 5 2 -141 -96 -3 0 6 -4 -30 15 -66 -36 -20 N N N N -4666 -726 622 -32 -32
1 9971 11 -86 44 -70 5 0 274 0 21 57 -24 47 -11 N N N N 5260 906 -651 17 17
1 10063 -6 400 67 34 -9 1 275 0 -75 -154 142 -32 -5 N N N N -36 38 29 -10 -10
1 10020 34 -100 -208 62 1 -2 255 0 4 17 -61 -174 -6 N N N N -6637 -1161 816 -18 -18
1 9969 9 -116 76 -137 -1 1 249 0 35 71 -67 415 3 N N N N 1405 1701 650 -309 -309
1 9971 24 198 -15 -111 1 0 239 0 -51 -48 5 -312 -10 N N N N -255 267 209 -67 -67
1 10068 55 146 -73 -19 -2 1 266 0 -17 -32 37 0 -24 N N N N 748 411 62 -56 -56
1 9939 30 70 -10 -50 0 0 261 0 -9 -7 5 247 1 N N N N 134 136 47 -23 -23
1 10019 77 -320 34 306 1 0 271 0 33 17 2 -573 -22 N N N N 52 57 20 -10 -10
1 15090 273 153 -37 -46 761 1 170 -1 -19 -26 40 -87 -9 N N N N 126 88 21 -13 -13
1 9639 190 163 419 -79 1645 -2 137 1 -33 -14 139 -4 -5 N N N N -105 -24 10 1 1
1 8101 86 38 89 11 1 1 354 0 -34 -4 25 -2 -4 N N N N 31 22 5 -4 -4
1 16109 211 155 -3 -112 0 -1381 154 2 -79 -19 -33 1 2 N N N N 22 25 10 -4 -4
1 10001 129 179 -3 4 0 0 0 0 -78 22 48 2 -3 N N N N -26 -4 3 0 0
1 9999 133 198 2 -4 0 0 0 0 -79 51 37 -1 -3 N N N N 22 13 3 -2 -2
1 10000 136 191 19 0 0 0 0 0 -59 74 31 -2 0 N N N N 31 14 1 -2 -2
1 10000 131 169 -18 -9 0 0 0 0 -13 73 33 6 2 N N N N 3 4 1 -1 -1
1 10001 148 135 2 13 0 0 0 0 -1 71 16 -4 -2 N N N N -31 -11 1 1 1
1 9999 149 123 -8 -9 0 0 0 0 13 57 7 1 1 N N N N -62 -24 1 3 3
1 10001 122 194 24 -15 0 0 0 0 33 85 -7 11 0 N N N N 84 31 -2 -3 -3
1 9592 153 182 -14 18 0 0 0 0 69 74 -13 0 2 N N N N 18 8 1 -1 -1
1 11346 172 178 3 26 0 219 3 -1 78 52 -35 0 -2 N N N N -66 -27 -1 3 3
1 9133 143 140 32 83 45 1169 -1 3 57 40 -72 1 1 N N N N -48 -18 1 2 2
1 10810 118 165 6 8 0 0 0 0 83 -6 -30 -1 3 N N N N -84 -37 -2 4 4
1 10000 117 119 -30 -6 0 0 0 0 61 -21 -22 -20 -7 N N N N 25 12 1 -2 -2
1 10000 118 37 31 -1 0 0 0 0 13 -7 -1 0 -1 N N N N 28 15 3 -2 -2
1 10000 147 80 -17 -4 0 0 0 0 36 -23 -15 18 5 N N N N -18 -10 -2 2 2
1 10000 128 44 27 2 0 0 0 0 15 -14 2 24 7 N N N N 14 1 -3 0 0
1 10000 135 79 1 6 0 0 0 0 30 -27 -13 1 0 N N N N -77 -40 -5 6 6
1 10000 119 0 -4 0 0 0 0 0 0 -1 1 -6 0 N N N N -13 -5 0 0 0
1 10000 128 -31 -9 -9 0 0 0 0 -10 11 5 13 -1 N N N N -79 -32 1 3 3
1 10000 147 -22 1 9 0 0 0 0 -8 8 0 5 3 N N N N -35 -19 -4 3 3
1 10000 131 -37 9 -9 0 0 0 0 -15 13 10 0 1 N N N N 6 1 0 0 0
1 10002 130 -55 -8 6 0 0 0 0 -23 18 -1 37 10 N N N N -91 -41 -3 5 5
1 9998 149 -89 -7 0 0 0 0 0 -38 21 16 4 1 N N N N -13 -17 -6 3 3
1 10001 149 -93 4 5 0 0 0 0 -45 18 12 -10 0 N N N N -56 -26 -2 3 3
1 10001 138 -105 0 7 0 0 0 0 -52 11 15 -7 -4 N N N N -198 -77 1 8 8
1 9998 142 -109 3 -16 0 0 0 0 -54 -4 32 18 3 N N N N 68 30 2 -3 -3
1 10002 137 -125 -17 7 0 0 0 0 -58 -12 18 0 0 N N N N -46 -27 -5 4 4
1 9998 148 -161 0 9 0 0 0 0 -71 -33 23 14 1 N N N N -106 -43 0 4 4
1 9878 151 -106 29 -17 0 1 0 0 -50 -39 16 56 16 N N N N 65 16 -6 0 0
1 10122 146 -110 -9 2 0 -1 0 0 -34 -41 11 10 1 N N N N -208 -100 -9 12 12
1 10000 138 -134 -4 4 0 0 0 0 -28 -58 15 6 4 N N N N -158 -72 -4 9 9
1 20000 259 -290 -4 -3 0 0 0 0 -20 -144 6 21 6 N N N N -281 -124 -7 15 15
1 20000 273 -258 5 2 0 0 0 0 42 -120 -17 44 13 N N N N -272 -127 -10 16 16
1 20001 250 -129 -12 -14 0 0 0 0 44 -55 -16 1487 366 N N N N -623 -388 -78 56 56
1 19999 215 175 -3 12 0 0 0 0 -49 74 26 10096 2513 N N N N -4716 -3899 -1164 657 657
1 20000 226 -60 29 2 0 0 0 0 4 -25 -15 4347 1611 N N N N -15473 -9766 -2300 1670 1669
1 20001 213 30 -4 -4 0 0 0 0 -6 12 3 3636 1289 N N N N -16230 -7625 -1020 1298 1299
1 19999 208 -104 -2 4 0 0 0 0 31 -41 -9 2122 878 N N N N -6992 -3687 -776 735 735
1 20000 200 -243 -5 0 0 0 0 0 97 -73 -33 1749 586 N N N N -2884 -2041 -712 481 481
1 25469 221 -117 -13 -117 0 -1383 1 -2 58 -39 -79 3572 1179 N N N N -2764 -2038 -763 505 505
1 20237 217 294 16 0 0 0 0 0 -132 58 57 1477 608 N N N N -3853 -2138 -579 497 497
1 20353 200 444 -4 -1 0 0 0 0 -92 184 73 2207 749 N N N N -3067 -1818 -566 450 450
1 20356 192 397 -10 -3 0 0 0 0 57 186 24 3071 878 N N N N -4684 -2351 -573 562 562
1 20351 220 250 19 7 0 0 0 0 86 93 -21 2783 933 N N N N -5586 -2909 -807 744 744
1 20589 210 266 -14 117 -7 1400 0 2 130 76 -92 896 430 N N N N -8744 -3412 -401 788 788
1 20000 202 193 12 0 0 0 0 0 95 -10 -32 1445 506 N N N N -6981 -2681 -313 648 648
1 20000 200 154 -3 -4 0 0 0 0 72 -31 -25 923 443 N N N N -7248 -2655 -234 651 651
1 19999 168 -99 -4 7 0 0 0 0 -45 23 11 1175 380 N N N N -5137 -1934 -232 506 506
1 20001 171 -247 0 0 0 0 0 0 -123 18 44 1093 244 N N N N -4089 -1587 -243 438 438
1 20000 150 -232 6 -2 0 0 0 0 -113 -31 40 1712 428 N N N N -7415 -2730 -324 759 759
1 19999 143 -198 6 3 0 0 0 0 -81 -58 25 1224 354 N N N N -9365 -3344 -344 965 965
1 20001 145 -182 -5 -4 0 0 0 0 -51 -76 22 1603 422 N N N N -12051 -4178 -370 1272 1272
1 20000 125 20 2 -2 0 0 0 0 4 8 -3 1565 532 N N N N -11977 -4001 -240 1285 1285
1 20000 115 45 -1 2 0 0 0 0 11 21 -5 1435 435 N N N N -10164 -3441 -325 1211 1211
1 24062 152 89 -10 -123 1 -1408 1 -2 31 -8 33 942 301 N N N N -8835 -2977 -320 1120 1120
1 19998 129 140 11 6 0 0 0 0 49 52 -13 715 240 N N N N -6105 -2062 -274 824 824
1 20001 117 102 -14 -2 0 0 0 0 47 29 -8 1365 349 N N N N -5145 -1738 -265 727 727
1 21468 124 86 24 121 28 1420 0 2 34 51 -70 1003 279 N N N N -8059 -2605 -241 1105 1105
1 19998 118 79 12 -2 0 0 0 0 37 9 -11 629 237 N N N N -5914 -1871 -117 821 821
1 20002 133 96 4 3 0 0 0 0 48 4 -16 659 260 N N N N -4164 -1336 -147 618 618
1 19999 137 33 0 -1 0 0 0 0 17 -1 -4 401 146 N N N N -3806 -1212 -128 574 574
1 20000 124 -64 -1 1 0 0 0 0 -33 1 8 413 128 N N N N -2151 -687 -88 335 335
1 20001 137 -130 -4 1 0 0 0 0 -64 -10 21 517 136 N N N N -2393 -768 -117 383 383
1 20001 130 -157 -2 -1 0 0 0 0 -74 -31 22 339 126 N N N N -3201 -1003 -98 501 501
1 19999 139 -162 7 1 0 0 0 0 -65 -51 18 208 107 N N N N -2875 -896 -84 456 456
1 19999 154 -152 -1 -1 0 0 0 0 -45 -62 15 118 78 N N N N -2375 -731 -45 375 375
1 20000 145 -97 -2 -2 0 0 0 0 -20 -45 6 518 67 N N N N -1837 -570 -57 301 301
1 23645 178 -92 -17 -122 0 -1420 1 -2 -6 -88 18 241 167 N N N N -2552 -786 -60 417 417
1 20001 136 20 6 7 0 0 0 0 0 13 -2 205 38 N N N N -1651 -514 -69 282 282
1 19999 142 243 5 -8 0 0 0 0 48 109 8 670 135 N N N N -1867 -588 -124 332 332
1 20001 162 194 2 3 0 0 0 0 69 73 -9 44 68 N N N N -1462 -454 -74 257 257
1 21602 162 268 -9 133 -7 1404 1 2 128 90 -91 66 56 N N N N -1689 -514 -37 286 286
1 20810 166 198 6 -16 0 0 0 0 99 -4 -25 413 74 N N N N -1038 -315 -22 178 178
1 20000 149 53 1 3 0 0 0 0 27 -6 -7 330 106 N N N N -935 -289 -48 167 167
1 20000 162 -116 1 1 0 0 0 0 -59 11 16 270 65 N N N N -649 -201 -42 119 119
1 20000 149 -143 -2 1 0 0 0 0 -73 -3 22 150 67 N N N N -560 -180 -72 110 110
1 20002 152 -167 2 -1 0 0 0 0 -81 -26 26 303 59 N N N N -707 -221 -62 133 133
1 19999 151 -165 -2 4 0 0 0 0 -68 -46 21 385 98 N N N N -810 -251 -61 151 151
1 20001 150 -148 5 -5 0 0 0 0 -50 -58 15 301 101 N N N N -874 -273 -84 167 167
1 19998 143 -158 3 -1 0 0 0 0 -36 -72 10 302 92 N N N N -275 -90 -61 60 60
1 20000 162 -133 1 0 0 0 0 0 -13 -65 4 205 52 N N N N 455 126 -58 -66 -66
1 26059 192 -84 -18 -118 0 -1403 0 -2 5 -83 -1 161 100 N N N N 615 175 -45 -94 -94
1 20000 165 128 8 0 0 0 0 0 0 64 9 106 32 N N N N 395 111 -35 -59 -59
1 20000 162 206 4 1 0 0 0 0 33 98 8 77 46 N N N N 340 93 -52 -46 -46
1 20000 166 211 -5 1 0 0 0 0 70 84 -3 -67 12 N N N N -198 -61 -15 36 36
1 20512 150 252 4 29 -1 208 1 -1 112 73 -35 5 0 N N N N -565 -167 -1 95 95
1 19490 142 137 -1 91 -7 1210 0 3 68 35 -67 317 36 N N N N -866 -255 8 145 145
1 19998 148 134 -1 4 0 0 0 0 69 -5 -22 534 115 N N N N -66 -27 -55 23 23
1 20000 159 90 4 -1 0 0 0 0 44 -13 -13 259 89 N N N N 986 279 -74 -151 -151
1 20002 146 30 1 -1 0 0 0 0 14 -6 -3 262 86 N N N N 1432 412 -58 -226 -226
1 19998 152 -79 1 -3 0 0 0 0 -39 14 11 233 89 N N N N 1316 380 -40 -207 -207
1 20003 147 -145 -3 2 0 0 0 0 -73 10 22 92 37 N N N N 1438 413 -56 -222 -222
1 19997 155 -182 0 1 0 0 0 0 -92 -12 28 187 48 N N N N 836 238 -37 -125 -125
1 20000 158 -151 1 -2 0 0 0 0 -70 -32 22 82 43 N N N N 573 160 -39 -83 -83
1 20001 140 -140 2 1 0 0 0 0 -56 -43 17 206 44 N N N N 888 254 -32 -133 -133
1 24178 195 -116 -17 -122 0 -1415 0 -2 -31 -88 48 239 90 N N N N 1411 406 -37 -213 -213
1 20408 173 124 8 -6 0 0 0 0 36 49 -5 82 30 N N N N 1026 292 -36 -151 -151
1 20355 158 252 2 2 0 0 0 0 107 74 -20 48 37 N N N N 728 203 -43 -102 -102
1 24528 197 258 -7 121 -9 1397 0 2 131 50 -96 44 27 N N N N 652 194 12 -103 -103
1 20000 165 101 8 0 0 0 0 0 49 -11 -15 49 9 N N N N 201 57 -3 -30 -30
1 20000 161 -91 1 3 0 0 0 0 -45 11 14 -13 -2 N N N N -160 -48 -6 26 26
1 20000 158 -174 -4 -1 0 0 0 0 -88 -3 27 -69 -16 N N N N -135 -41 -7 22 22
1 19999 155 -164 2 -1 0 0 0 0 -79 -27 26 13 -7 N N N N -1068 -312 -4 166 166
1 20002 137 -179 1 2 0 0 0 0 -74 -52 22 -23 -16 N N N N -1288 -376 1 200 200
1 19998 163 -157 -2 -1 0 0 0 0 -48 -62 16 3 -5 N N N N -1441 -421 0 227 227
1 20003 151 -180 2 1 0 0 0 0 -35 -83 11 78 9 N N N N -1184 -347 -9 190 190
1 19998 152 -137 1 0 0 0 0 0 -8 -69 1 237 29 N N N N -731 -217 -19 121 121
1 19999 163 -152 0 0 0 0 0 0 11 -75 -2 154 49 N N N N -381 -118 -36 69 69
1 23649 174 -107 -17 -122 0 -1393 0 -2 26 -88 -31 110 50 N N N N -18 -9 -23 8 8
1 20002 161 105 11 3 0 0 0 0 -24 48 12 142 31 N N N N 307 83 -32 -41 -41
1 19999 172 269 3 -2 0 0 0 0 -7 130 29 158 64 N N N N 757 212 -48 -110 -110
1 19999 153 250 -3 -1 0 0 0 0 50 116 8 591 124 N N N N 1398 391 -76 -202 -202
1 20000 165 183 -2 1 0 0 0 0 65 69 -6 174 87 N N N N 2907 830 -65 -433 -433
1 22467 182 257 10 128 21 1401 0 2 116 93 -87 125 60 N N N N 2260 645 -43 -332 -332
1 20829 159 180 15 -5 0 0 0 0 89 3 -24 208 84 N N N N 1666 475 -29 -242 -242
1 20000 138 62 2 -5 0 0 0 0 31 -5 -7 360 84 N N N N 1653 470 -33 -235 -235
1 20000 158 -79 0 3 0 0 0 0 -40 6 11 149 53 N N N N 1666 473 -32 -233 -233
1 20000 140 -122 -2 -3 0 0 0 0 -63 -2 18 11 40 N N N N 1555 438 -43 -212 -212
1 20001 134 -155 2 6 0 0 0 0 -77 -20 19 -128 -40 N N N N 514 147 -4 -72 -72
1 19999 149 -161 -3 -2 0 0 0 0 -70 -42 21 -76 -2 N N N N -2415 -697 -1 348 348
1 20000 129 -156 1 -3 0 0 0 0 -56 -57 15 95 1 N N N N -1835 -531 -2 268 268
1 20001 141 -141 -1 0 0 0 0 0 -35 -62 11 138 21 N N N N -1309 -379 -8 195 195
1 39999 288 -307 5 1 0 0 0 0 -20 -151 4 225 67 N N N N -648 -199 -48 109 109
1 43941 305 -15 -10 -120 1 -1397 0 -2 2 -46 -12 284 88 N N N N 1000 274 -57 -132 -132
1 40000 295 449 2 2 0 0 0 0 50 214 30 217 68 N N N N 1600 447 -56 -219 -219
1 42292 305 502 -18 118 -7 1396 0 2 219 165 -91 269 83 N N N N 1551 432 -52 -210 -210
1 40001 279 119 25 2 0 0 0 0 56 1 -18 37 32 N N N N -45 -14 -4 8 8
1 39999 274 -279 -4 -1 0 0 0 0 -141 -20 39 13 -3 N N N N -1845 -534 -16 271 271
1 40001 290 -351 6 3 0 0 0 0 -138 -110 38 84 3 N N N N -2336 -672 -7 345 345
1 39998 272 -379 -9 1 0 0 0 0 -50 -180 17 170 58 N N N N -1080 -319 -40 171 171
1 40002 277 -349 2 -2 0 0 0 0 63 -162 -15 70 29 N N N N 286 76 -23 -36 -36
1 45058 317 1 -3 -120 0 -1394 0 -2 0 -32 -41 13 8 N N N N -482 -140 -9 74 74
1 40000 303 445 -1 0 0 0 0 0 -61 202 59 105 16 N N N N -1815 -523 -18 276 276
1 40000 322 441 4 2 0 0 0 0 103 195 9 232 53 N N N N -111 -40 -36 26 26
1 43940 318 381 -2 116 -9 1392 -1 2 179 108 -93 292 94 N N N N 1811 508 -44 -260 -260
1 40000 299 -237 -4 0 0 0 0 0 -116 -31 34 77 33 N N N N 2088 590 -29 -300 -300
1 40002 303 -358 5 -1 0 0 0 0 -132 -124 36 183 44 N N N N 1831 515 -29 -258 -258
1 40000 301 -351 -2 2 0 0 0 0 -33 -170 12 136 39 N N N N -1091 -319 -34 167 167
1 40000 311 -411 0 -1 0 0 0 0 92 -182 -23 94 34 N N N N -5036 -1442 -23 751 751
1 44294 354 -91 -6 -122 0 -1403 0 -2 37 -56 -65 20 28 N N N N -1794 -515 -18 276 276
1 40000 348 495 3 3 0 0 0 0 -128 195 77 122 18 N N N N 168 45 -17 -21 -21
1 40000 373 523 2 -1 0 0 0 0 84 241 25 192 47 N N N N 106 24 -32 -8 -8
1 44412 396 491 -10 120 -8 1407 0 2 230 127 -105 242 75 N N N N 442 117 -41 -57 -57
1 40001 355 -38 8 5 0 0 0 0 -21 1 4 55 22 N N N N 410 113 -17 -58 -58
1 40001 362 -306 -1 -3 0 0 0 0 -149 -43 45 136 36 N N N N 100 23 -27 -8 -8
1 39999 367 -388 3 2 0 0 0 0 -126 -146 36 166 43 N N N N -2756 -789 -27 425 425
1 40000 354 -371 0 -2 0 0 0 0 -9 -184 5 170 47 N N N N -767 -223 -34 126 126
1 39999 365 -341 2 1 0 0 0 0 91 -143 -25 125 42 N N N N -2691 -768 -26 424 424
1 44175 413 -49 -7 -123 0 -1406 -1 -2 22 -44 -57 166 56 N N N N 335 89 -36 -45 -45
1 40234 389 503 -1 2 0 0 0 0 -121 203 77 193 51 N N N N 553 150 -41 -77 -77
1 40297 371 525 1 0 0 0 0 0 94 239 21 85 35 N N N N -3655 -1038 -22 581 581
1 45411 395 474 32 117 31 1405 -1 2 216 116 -105 96 30 N N N N -3009 -852 -14 487 487
1 40000 333 -208 1 1 0 0 0 0 -107 -12 26 116 25 N N N N -68 -22 -18 15 15
1 39999 316 -330 -8 -1 0 0 0 0 -141 -89 35 134 34 N N N N -592 -171 -26 101 101
1 40001 303 -326 1 1 0 0 0 0 -70 -147 19 82 37 N N N N 495 137 -26 -75 -75
1 39998 300 -350 4 -1 0 0 0 0 26 -172 -6 101 30 N N N N 3152 887 -17 -504 -504
1 44885 326 -80 -3 -117 0 -1397 -1 -2 21 -66 -41 86 28 N N N N 3537 994 -21 -551 -551
1 40409 319 471 -4 1 0 0 0 0 -42 220 57 193 42 N N N N 1042 288 -31 -154 -154
1 40355 292 525 -3 -1 0 0 0 0 166 204 -1 159 53 N N N N 3131 875 -34 -467 -467
1 47647 368 505 -51 119 -95 1393 0 2 261 37 -130 169 53 N N N N -505 -147 -26 82 82
1 40000 338 -71 0 -2 0 0 0 0 -34 13 13 135 40 N N N N -171 -53 -26 32 32
1 39999 324 -362 2 2 0 0 0 0 -181 -2 61 70 30 N N N N -3071 -867 -21 472 472
1 39999 324 -394 -5 3 0 0 0 0 -151 -119 55 27 6 N N N N -10391 -2921 -8 1661 1661
1 40002 328 -380 3 -7 0 0 0 0 -47 -184 18 121 32 N N N N -5585 -1571 -16 946 946
1 45353 352 27 20 -115 37 -1393 -1 -2 -9 -26 -15 158 43 N N N N -137 -40 -29 28 28
1 40411 335 536 -1 2 0 0 0 0 110 240 13 122 40 N N N N 5127 1436 -31 -863 -863
1 43589 346 490 3 120 -7 1401 0 2 233 101 -118 143 47 N N N N -1055 -298 -23 180 180
1 40000 323 -162 -4 -2 0 0 0 0 -82 1 26 141 33 N N N N -2047 -576 -22 348 348
1 40001 322 -335 1 1 0 0 0 0 -154 -66 49 111 31 N N N N -2023 -568 -23 348 348
1 39999 321 -357 -1 -1 0 0 0 0 -97 -149 32 136 40 N N N N -2271 -638 -26 397 397
1 40001 315 -372 2 -2 0 0 0 0 11 -185 -1 119 37 N N N N -1097 -308 -26 196 196
1 44644 372 -65 -8 -121 0 -1405 -2 -2 16 -67 -35 133 42 N N N N 2167 605 -27 -375 -375
1 40355 369 557 5 1 0 0 0 0 -3 265 55 294 76 N N N N 64 15 -48 -5 -5
1 40819 345 528 -13 144 -8 1401 0 2 208 203 -103 219 63 N N N N -1873 -525 -46 331 331
1 40825 350 213 18 -20 0 0 0 0 105 -2 -24 161 59 N N N N -603 -170 -29 109 109
1 40004 349 -339 -7 0 0 0 0 0 -168 -21 54 142 40 N N N N -68 -20 -29 15 15
1 40000 344 -328 1 -3 0 0 0 0 -127 -105 42 339 77 N N N N 379 103 -46 -61 -61
1 40000 347 -356 2 1 0 0 0 0 -53 -169 17 152 69 N N N N -1096 -306 -47 197 197
1 39999 360 -396 -1 1 0 0 0 0 71 -183 -19 112 37 N N N N -582 -163 -21 105 105
1 44001 402 -52 -6 -120 0 -1391 -1 -2 19 -52 -51 145 53 N N N N -815 -227 -37 148 148
1 39999 379 558 0 -2 0 0 0 0 -81 247 77 137 36 N N N N -227 -64 -24 43 43
1 40001 392 560 -5 3 0 0 0 0 168 223 -10 296 82 N N N N 5 0 -53 4 4
1 46235 438 462 6 119 -10 1389 -1 2 226 45 -129 276 86 N N N N -565 -157 -46 104 104
1 39999 384 -235 0 0 0 0 0 0 -118 19 39 126 39 N N N N 671 184 -30 -115 -115
1 40000 375 -374 -5 -2 0 0 0 0 -172 -68 59 173 49 N N N N 117 32 -28 -18 -18
1 40000 391 -364 -2 -1 0 0 0 0 -97 -152 35 220 56 N N N N 375 102 -36 -62 -62
1 40000 375 -435 3 0 0 0 0 0 24 -213 -8 195 63 N N N N -400 -111 -42 74 74
1 43648 429 -100 -3 -120 0 -1393 0 -2 28 -77 -49 341 93 N N N N -597 -166 -54 110 110
1 40001 416 518 1 5 0 0 0 0 -55 240 67 265 87 N N N N 213 57 -63 -31 -31
1 39999 428 561 3 -4 0 0 0 0 178 213 -17 213 71 N N N N 329 89 -42 -54 -54
1 41059 413 323 26 116 28 1394 -1 2 156 52 -103 287 85 N N N N 483 131 -44 -79 -79
1 39999 374 -312 -5 3 0 0 0 0 -157 -15 45 203 50 N N N N 452 123 -34 -75 -75
1 40000 394 -393 3 -2 0 0 0 0 -152 -126 44 251 80 N N N N -69 -21 -56 18 18
1 40001 377 -373 1 -1 0 0 0 0 -40 -181 13 398 94 N N N N 639 173 -59 -104 -104
1 39999 399 -377 0 4 0 0 0 0 79 -168 -22 158 75 N N N N 167 44 -48 -23 -23
1 43589 442 11 -9 -122 0 -1394 0 -2 -2 -28 -42 210 66 N N N N 100 26 -37 -13 -13
1 40000 418 508 1 0 0 0 0 0 -75 227 70 179 63 N N N N -226 -64 -43 43 43
1 40001 404 504 2 7 0 0 0 0 137 213 2 216 58 N N N N -225 -62 -33 42 42
1 44059 450 505 1 116 -6 1395 -1 2 248 69 -122 212 71 N N N N -1001 -274 -46 176 176
1 39999 381 -239 -4 -5 0 0 0 0 -122 11 35 241 59 N N N N -457 -126 -36 82 82
1 40000 380 -415 2 4 0 0 0 0 -185 -92 57 78 34 N N N N -192 -53 -28 36 36
1 40001 377 -364 2 2 0 0 0 0 -78 -163 23 177 42 N N N N -558 -152 -24 98 98
1 39998 374 -370 -2 -1 0 0 0 0 37 -180 -8 248 60 N N N N 216 58 -41 -33 -33
1 45234 426 -85 -4 -121 0 -1397 -1 -2 25 -69 -47 319 84 N N N N 453 121 -48 -73 -73
1 40003 384 565 0 1 0 0 0 0 -48 261 68 296 103 N N N N 103 26 -72 -11 -11
1 40954 383 578 -1 30 0 205 5 -1 205 211 -36 124 49 N N N N -126 -34 -30 24 24
1 39047 363 387 4 88 -9 1195 -5 3 194 12 -103 263 68 N N N N -970 -263 -34 169 169
1 39998 356 -141 -1 1 0 0 0 0 -70 20 21 356 79 N N N N -1109 -300 -47 195 195
1 40000 366 -279 1 3 0 0 0 0 -141 -13 43 223 78 N N N N -351 -95 -57 65 65
1 40001 337 -358 -3 -2 0 0 0 0 -144 -105 46 189 68 N N N N 36 9 -42 -3 -3
1 39999 345 -382 0 0 0 0 0 0 -58 -180 19 54 25 N N N N 60 16 -20 -8 -8
1 45233 404 -41 -8 -121 0 -1407 -1 -2 3 -62 -7 308 75 N N N N -518 -140 -42 92 92
1 40000 353 556 3 -3 0 0 0 0 102 251 19 229 73 N N N N 191 51 -51 -29 -29
1 41356 366 509 0 128 -9 1411 0 2 242 108 -122 460 128 N N N N 1039 277 -74 -171 -171
1 40000 331 -4 -2 -5 0 0 0 0 -2 0 1 212 75 N N N N 573 153 -42 -93 -93
1 40001 338 -313 -1 3 0 0 0 0 -156 -17 50 140 46 N N N N 493 131 -31 -81 -81
1 40000 342 -358 4 0 0 0 0 0 -139 -113 45 214 60 N N N N 1404 374 -37 -231 -231
1 39998 325 -354 -1 -4 0 0 0 0 -49 -170 16 111 41 N N N N -490 -131 -28 84 84
1 44001 378 116 -3 -122 0 -1398 -1 -2 5 15 6 289 71 N N N N -457 -123 -37 80 80
1 40000 340 486 -10 3 0 0 0 0 136 204 0 219 60 N N N N 1238 328 -48 -201 -201
1 43117 355 534 31 121 31 1386 0 2 256 67 -129 517 142 N N N N 376 97 -80 -53 -53
1 40001 310 203 8 0 0 0 0 0 91 -53 -21 100 56 N N N N -253 -68 -34 45 45
1 40000 298 -259 -5 0 0 0 0 0 -119 62 29 47 11 N N N N -691 -184 -13 115 115
1 40000 307 -335 4 -2 0 0 0 0 -173 -7 47 205 52 N N N N -598 -160 -32 102 102
1 39999 318 -322 -2 0 0 0 0 0 -135 -91 37 272 66 N N N N 169 44 -42 -24 -24
1 43587 332 35 -5 -119 0 -1401 -1 -2 15 -26 38 262 81 N N N N 907 239 -49 -144 -144
1 41882 344 547 -12 121 -7 1406 0 2 257 132 -113 189 71 N N N N 680 178 -43 -107 -107
1 39999 319 99 13 0 0 0 0 0 48 -11 -13 60 29 N N N N 414 109 -17 -65 -65
1 40003 325 -329 -10 -1 0 0 0 0 -166 1 48 264 55 N N N N 251 65 -32 -37 -37
1 39997 312 -339 5 3 0 0 0 0 -146 -90 41 284 66 N N N N 372 96 -44 -55 -55
1 40002 329 -349 4 -5 0 0 0 0 -73 -160 22 255 81 N N N N 488 126 -53 -73 -73
1 40000 317 -378 -3 3 0 0 0 0 40 -182 -9 148 56 N N N N 477 124 -37 -72 -72
1 44704 387 -1 -6 -119 0 -1397 -1 -2 1 -35 -33 -111 -22 N N N N -464 -122 3 74 74
1 40001 337 554 -6 2 0 0 0 0 -13 263 59 168 24 N N N N -639 -169 -22 105 105
1 40579 361 559 6 33 0 206 1 -1 215 188 -44 107 33 N N N N 405 105 -25 -62 -62
1 39421 340 360 5 85 -8 1192 -2 3 180 0 -96 324 83 N N N N 461 120 -34 -70 -70
1 39999 342 -161 2 -1 0 0 0 0 -80 24 24 163 49 N N N N 1089 284 -34 -168 -168
1 40001 360 -317 -1 2 0 0 0 0 -160 -20 45 169 51 N N N N 245 62 -35 -35 -35
1 39999 344 -326 -1 1 0 0 0 0 -129 -101 38 103 34 N N N N 713 185 -24 -108 -108
1 40000 347 -322 -2 -1 0 0 0 0 -54 -151 18 128 40 N N N N 822 215 -22 -126 -126
1 44532 405 21 -7 -122 0 -1393 -1 -2 3 -32 6 235 50 N N N N 646 166 -35 -95 -95
1 40413 365 577 -4 -1 0 0 0 0 160 237 -1 309 97 N N N N 1671 432 -61 -248 -248
1 40941 354 498 1 118 -9 1391 0 2 247 49 -128 149 48 N N N N 1553 404 -28 -232 -232
1 40000 358 263 14 5 0 0 0 0 111 -77 -29 161 50 N N N N 289 73 -25 -40 -40
1 39999 365 -181 -7 0 0 0 0 0 -73 59 18 237 57 N N N N -232 -64 -33 40 40
1 40001 361 -319 2 -4 0 0 0 0 -159 39 48 70 31 N N N N 1069 276 -28 -156 -156
1 40000 351 -337 -2 2 0 0 0 0 -161 -54 49 278 62 N N N N 940 242 -34 -134 -134
1 40000 356 -337 -3 -2 0 0 -1 0 -105 -132 33 82 39 N N N N 1054 270 -29 -151 -151
1 40000 350 -357 2 4 0 0 0 0 -14 -175 5 140 39 N N N N 566 145 -23 -79 -79
1 40000 352 -344 2 -2 0 0 0 0 87 -149 -24 81 29 N N N N 275 69 -21 -37 -37
1 40000 336 -343 -5 0 0 0 0 0 157 -74 -47 205 37 N N N N -318 -86 -22 51 51
1 39999 354 -340 4 1 0 0 0 0 171 26 -50 89 31 N N N N -230 -62 -25 38 38
1 44001 405 -418 -15 126 -10 1423 0 -2 150 160 -30 61 32 N N N N -47 -15 -20 10 10
1 40000 368 3151 0 0 0 0 0 0 -2 224 -51 225 47 N N N N 181 44 -30 -21 -21
1 40000 344 -448 5 -4 0 0 0 0 -166 164 19 115 39 N N N N 324 81 -27 -43 -43
1 40000 361 -470 -3 6 0 0 0 0 -233 5 73 36 19 N N N N 142 35 -12 -19 -19
1 40940 365 -472 1 -131 0 -1440 -1 2 -154 -200 111 146 27 N N N N -61 -17 -14 12 12
1 40002 334 -362 5 0 0 0 0 0 0 -180 1 148 31 N N N N 1133 290 -23 -160 -160
1 39998 342 -349 1 0 0 0 0 0 99 -142 -31 113 40 N N N N 1420 364 -25 -200 -200
1 40002 349 -354 -3 0 0 0 0 0 168 -61 -53 186 36 N N N N 650 165 -21 -88 -88
1 39999 345 -341 1 1 0 0 0 0 168 45 -51 239 66 N N N N 465 114 -45 -58 -58
1 40822 374 -405 -13 126 -11 1424 -1 -2 129 168 -28 115 51 N N N N -47 -17 -30 13 13
1 40000 366 3153 1 0 0 0 0 0 -22 223 -44 47 19 N N N N -400 -105 -15 59 59
1 40000 352 -469 2 -1 0 0 0 0 -188 154 29 152 33 N N N N -1464 -380 -20 212 212
1 42066 373 -502 1 -31 0 -221 1 -1 -243 -35 102 171 47 N N N N -421 -113 -33 67 67
1 37934 333 -369 29 -91 39 -1199 -1 3 -119 -170 66 229 45 N N N N 624 157 -28 -84 -84
1 40001 318 -323 1 -3 0 0 0 0 -6 -162 2 147 43 N N N N 1146 291 -28 -158 -158
1 40001 322 -371 -1 2 0 0 0 0 100 -155 -25 204 52 N N N N 1670 424 -34 -228 -228
1 39998 328 -405 -1 1 0 0 0 0 193 -67 -54 267 66 N N N N 1764 447 -41 -236 -236
1 40000 331 -390 0 -5 0 0 0 0 189 68 -52 114 49 N N N N 1202 303 -31 -159 -159
1 41766 349 -418 -13 124 -9 1410 -1 -2 106 192 -29 101 36 N N N N 1034 261 -25 -136 -136
1 39999 334 3204 3 -1 0 0 0 0 -45 197 -29 28 16 N N N N 540 137 -10 -71 -71
1 39999 347 -434 -2 0 0 0 0 0 -182 134 23 117 30 N N N N -37 -13 -19 9 9
1 40296 356 -449 0 7 0 0 0 0 -222 -21 71 50 11 N N N N -776 -201 -10 108 108
1 43585 367 -497 4 -129 0 -1394 -1 2 -141 -228 99 136 21 N N N N -2425 -623 -12 334 334
1 40002 348 -349 4 3 0 0 0 0 22 -171 -6 53 19 N N N N -1838 -472 -15 258 258
1 39999 328 -334 0 -1 0 0 0 0 111 -126 -31 197 47 N N N N 25 2 -30 2 2
1 39999 341 -357 -2 0 0 0 0 0 176 -46 -51 82 24 N N N N 873 221 -16 -118 -118
1 40001 335 -378 2 -2 0 0 0 0 180 73 -51 53 18 N N N N 740 187 -14 -99 -99
1 41766 370 -439 -15 123 -11 1393 0 -2 104 204 -33 156 35 N N N N -2600 -668 -23 365 365
1 39999 355 3152 3 0 0 0 0 0 -75 216 -24 160 35 N N N N -1454 -374 -23 208 208
1 40000 357 -453 -1 4 0 0 0 0 -207 110 39 180 53 N N N N -309 -83 -31 50 50
1 44178 396 -522 -14 -127 0 -1406 -1 2 -233 -116 143 118 35 N N N N 540 135 -26 -72 -72
1 39999 350 -354 19 0 0 0 0 0 -79 -161 16 169 33 N N N N 1172 295 -20 -160 -160
1 40000 338 -361 1 -1 0 0 0 0 36 -176 -9 307 84 N N N N 1908 478 -51 -254 -254
1 40000 355 -348 -1 0 0 0 0 0 127 -120 -37 50 29 N N N N 2947 746 -19 -398 -398
1 40000 345 -353 6 2 0 0 0 0 176 -27 -51 78 21 N N N N -847 -217 -15 118 118
1 40002 349 -334 -1 -1 0 0 0 0 156 74 -47 54 20 N N N N -2072 -529 -14 285 285
1 44705 401 -429 -15 127 -10 1406 0 -2 99 201 -31 42 11 N N N N -490 -126 -11 70 70
1 40002 370 3185 -2 -3 0 0 0 0 -64 202 -28 169 39 N N N N -120 -34 -21 20 20
1 40000 360 -423 -2 0 0 0 0 0 -185 117 36 102 32 N N N N -79 -23 -23 16 16
1 42667 383 -527 -3 -130 0 -1402 0 2 -246 -92 147 121 27 N N N N 537 133 -20 -70 -70
1 40800 340 -404 11 5 0 0 0 0 -96 -176 23 100 28 N N N N 204 50 -15 -25 -25
1 40000 354 -348 2 1 0 0 0 0 31 -170 -9 31 11 N N N N 145 35 -9 -18 -18
1 40001 334 -386 -1 1 0 0 0 0 139 -132 -41 25 7 N N N N 51 12 -4 -6 -6
1 39999 340 -375 -2 1 0 0 0 0 189 -20 -59 53 13 N N N N -74 -20 -10 12 12
1 40000 335 -349 -1 -2 0 0 0 0 155 91 -48 98 12 N N N N 305 76 -9 -40 -40
1 42472 337 -405 13 126 21 1402 0 -2 77 198 -17 148 39 N N N N 425 103 -27 -53 -53
1 40354 332 3156 -1 -2 0 0 0 0 -86 210 -23 75 25 N N N N 295 72 -19 -36 -36
1 40351 323 -491 1 5 0 0 0 0 -233 98 45 24 7 N N N N 126 31 -5 -16 -16
1 42178 327 -493 -9 -125 0 -1403 -1 2 -213 -131 132 51 12 N N N N 56 13 -7 -6 -6
1 39999 298 -350 11 -5 0 0 0 0 -65 -165 16 88 20 N N N N 369 91 -12 -47 -47
1 40002 294 -379 2 2 0 0 0 0 51 -180 -14 110 23 N N N N 85 19 -16 -8 -8
1 39999 294 -391 -2 1 0 0 0 0 159 -116 -44 68 21 N N N N -40 -13 -17 8 8
1 40000 283 -381 -2 -2 0 0 0 0 195 8 -56 62 15 N N N N 132 32 -9 -16 -16
1 39999 271 -364 2 0 0 0 0 0 145 119 -42 78 20 N N N N 246 60 -13 -30 -30
1 42527 309 3154 -10 126 -10 1402 0 -2 39 227 -32 35 14 N N N N 259 64 -11 -32 -32
1 40000 294 -471 -1 1 0 0 0 0 -146 195 0 110 21 N N N N -11 -5 -10 3 3
1 40179 292 -459 4 -6 0 0 0 0 -232 35 65 109 33 N N N N -80 -25 -27 16 16
1 44647 316 -542 1 -120 0 -1405 -1 2 -192 -205 120 130 31 N N N N 196 47 -15 -23 -23
1 40001 280 -327 -1 -1 0 0 0 0 -11 -163 3 199 47 N N N N 192 44 -31 -19 -19
1 40000 272 -338 3 0 0 0 0 0 84 -146 -24 94 32 N N N N 438 106 -21 -54 -54
1 39999 269 -341 -2 -2 0 0 0 0 154 -78 -45 41 14 N N N N 244 60 -10 -30 -30
1 39998 278 -325 4 2 0 0 0 0 165 18 -48 31 11 N N N N 133 32 -7 -16 -16
1 44063 316 -12 -8 -122 0 -1372 0 -2 7 -7 -61 67 17 N N N N 146 35 -11 -17 -17
1 43998 314 314 4 122 -10 1377 0 2 -160 -13 107 123 29 N N N N 157 37 -15 -18 -18
1 40000 292 -293 -4 2 0 0 0 0 150 18 -46 95 21 N N N N 206 48 -17 -24 -24
1 40000 290 -396 -3 1 0 0 0 0 153 135 -48 198 42 N N N N 55 9 -30 0 0
1 40000 272 3219 -1 -4 0 0 0 0 31 194 -11 103 34 N N N N 536 131 -21 -66 -66
1 40001 300 -335 5 4 0 0 0 0 -81 153 25 79 25 N N N N 279 67 -16 -34 -34
1 44058 337 -427 -12 122 -10 1404 -1 -2 -197 101 -7 20 13 N N N N 95 22 -11 -10 -10
1 39347 308 -470 15 -120 38 -1411 0 2 -221 -98 131 48 9 N N N N 55 13 -5 -6 -6
1 40830 278 -396 16 -3 0 0 0 0 -95 -176 22 19 5 N N N N 67 15 -4 -8 -8
1 39998 291 -364 -1 1 0 0 0 0 35 -177 -8 28 5 N N N N 186 46 -4 -23 -23
1 40001 296 -314 2 0 0 0 0 0 112 -112 -29 33 6 N N N N 38 9 -6 -4 -4
1 39999 295 -343 -4 1 0 0 0 0 172 -40 -46 16 3 N N N N -30 -9 -4 5 5
1 40000 298 -399 1 -3 0 0 0 0 188 84 -52 88 14 N N N N -2 -2 -9 2 2
1 41824 317 -401 -9 124 -8 1420 -1 -2 91 191 -26 164 42 N N N N 1101 272 -24 -138 -138
1 40002 319 3155 -2 2 0 0 0 0 -71 215 -28 43 20 N N N N 1594 395 -17 -201 -201
1 40000 332 -453 -2 0 0 0 0 0 -206 112 36 58 9 N N N N 597 148 -5 -76 -76
1 40448 320 -421 4 -30 0 -205 1 -1 -204 -53 83 110 28 N N N N 127 28 -21 -11 -11
1 39550 323 -379 1 -96 0 -1201 -1 3 -105 -180 71 135 33 N N N N 161 36 -17 -17 -17
1 40000 325 -365 2 -2 0 0 0 0 8 -182 -2 51 15 N N N N -430 -110 -14 58 58
1 40000 317 -391 4 1 0 0 0 0 127 -147 -36 79 15 N N N N -594 -150 -10 79 79
1 40001 332 -363 -1 1 0 0 0 0 181 -39 -50 89 20 N N N N -138 -37 -14 21 21
1 40000 333 -403 -6 0 0 0 0 0 188 91 -52 40 19 N N N N 837 206 -12 -105 -105
1 46056 399 3119 -10 123 -11 1394 0 -2 82 234 -37 43 9 N N N N -481 -122 -9 64 64
1 40001 344 -451 5 3 0 0 0 0 -111 204 -11 121 23 N N N N 328 79 -15 -39 -39
1 40000 354 -452 -5 0 0 0 0 0 -220 74 48 94 25 N N N N 863 211 -17 -105 -105
1 44236 385 -512 -2 -122 1 -1402 -1 2 -213 -150 133 114 30 N N N N 1012 250 -16 -125 -125
1 40000 338 -370 9 -7 0 0 0 0 -51 -180 13 88 24 N N N N 516 125 -17 -60 -60
1 40000 331 -385 0 4 0 0 0 0 74 -175 -21 84 18 N N N N 762 186 -14 -93 -93
1 40000 351 -403 1 -2 0 0 0 0 179 -96 -51 93 24 N N N N 342 82 -14 -39 -39
1 40000 326 -341 0 1 0 0 0 0 173 26 -51 38 10 N N N N -272 -70 -12 37 37
1 40000 340 -355 2 -2 0 0 0 0 133 126 -38 53 15 N N N N -180 -47 -8 24 24
1 42942 373 3158 -17 126 -10 1402 0 -2 25 226 -36 46 18 N N N N 253 61 -11 -28 -28
1 40413 354 -466 1 5 0 0 0 0 -154 186 8 84 15 N N N N -99 -27 -11 15 15
1 40353 348 -458 0 -6 0 0 0 0 -230 26 68 211 44 N N N N 860 207 -29 -100 -100
1 45588 391 -498 5 -123 0 -1397 -1 2 -178 -193 116 97 34 N N N N 1359 333 -20 -163 -163
1 40000 335 -386 3 -1 0 0 0 0 -9 -192 3 102 23 N N N N 436 104 -17 -50 -50
1 39998 340 -321 0 -2 0 0 0 0 88 -135 -26 75 19 N N N N 521 126 -12 -60 -60
1 40001 335 -364 1 1 0 0 0 0 169 -72 -49 118 28 N N N N -244 -65 -18 34 34
1 38676 214 -286 238 -55 233 -511 -120 -4 104 10 -28 78 14 N N N N -1457 -364 -13 182 182
1 40089 199 -152 37 -13 -1 0 -175 0 72 34 -6 116 18 N N N N -517 -132 -17 69 69
1 39933 145 -159 -67 27 1 0 -168 0 77 67 -9 33 10 N N N N 29 4 -11 -1 -1
1 52075 34 -157 314 -3 484 1 -173 0 -48 66 139 33 1 N N N N 350 83 -16 -40 -40
1 28038 -83 -39 -20 3 0 0 -124 0 0 22 9 -4 16 N N N N 203 51 3 -25 -25
1 39920 -218 -90 -5 -1 -1 -2 -169 0 19 47 -1 -53 18 N N N N 71 19 3 -10 -10
1 39970 -328 3444 -9 -1 1 2 -170 0 7 84 -3 -165 -32 N N N N -47 -8 17 2 2
1 45359 -403 -372 -75 -107 10 -1393 -81 2 -93 126 12 -128 -39 N N N N -402 -94 24 43 43
1 40467 -398 -509 -3 0 0 0 0 0 -234 94 -74 -93 -22 N N N N 1212 306 21 -154 -154
1 39176 -379 -411 114 111 -63 1402 -52 -2 -188 -86 -124 -99 -29 N N N N 359 93 16 -48 -48
1 41711 -368 -320 -176 18 1 -1 -106 4 -53 -127 -9 -82 -19 N N N N 201 53 16 -29 -29
1 39999 -364 -26 2 -1 0 0 0 0 -3 -13 -1 -204 -44 N N N N -66 -11 20 3 3
1 39998 -388 -131 1 -2 0 0 0 0 1 -66 -3 -94 -32 N N N N -1142 -277 28 134 134
1 40000 -368 -114 -2 4 0 0 0 0 12 -56 2 -58 -20 N N N N -622 -152 12 73 73
1 40001 -382 -235 -4 -3 0 0 0 0 58 -103 16 -69 -14 N N N N -431 -104 13 51 51
1 40001 -371 -8 -1 3 0 0 0 0 2 -4 0 -64 -13 N N N N -299 -73 9 35 35
1 40410 -387 171 23 118 0 1357 -53 -2 -47 79 3 -100 -25 N N N N 80 24 16 -14 -14
1 40001 -409 644 0 5 0 0 0 0 38 303 -43 -96 -21 N N N N 107 30 15 -17 -17
1 38726 -391 585 10 -116 6 -1369 -30 0 264 106 124 -123 -31 N N N N -450 -108 19 51 51
1 41273 -410 350 -29 -8 1 -1 -8 2 170 -77 50 -93 -24 N N N N -533 -129 18 63 63
1 40000 -394 206 -1 3 0 0 0 0 66 -84 16 -142 -36 N N N N -781 -190 22 93 93
1 40000 -393 -36 -3 -1 0 0 0 0 -8 17 -3 -44 -15 N N N N -1129 -279 14 139 139
1 40000 -394 -159 2 -4 0 0 0 0 -53 63 -12 -72 -16 N N N N -245 -59 9 29 29
1 40000 -386 -49 -4 5 0 0 0 0 -18 18 -8 -103 -24 N N N N -364 -87 16 43 43
1 37059 -380 -280 13 -129 6 -1406 -17 -2 -136 22 26 -60 -19 N N N N -452 -110 13 55 55
1 40242 -412 -526 122 140 1 1393 1 -2 -267 -49 -146 -107 -19 N N N N 32 10 14 -8 -8
1 39759 -376 -314 -125 -12 -1 0 -13 4 -70 -118 -19 -102 -28 N N N N 445 116 19 -61 -61
1 39999 -394 -134 -6 -3 0 0 0 0 -12 -66 -2 -104 -29 N N N N 161 43 20 -25 -25
1 40000 -387 46 3 -4 0 0 0 0 2 23 0 -59 -12 N N N N 193 51 9 -27 -27
1 40000 -377 160 0 6 0 0 0 0 23 77 10 -189 -43 N N N N -92 -19 21 7 7
1 40001 -386 82 -3 -2 0 0 0 0 21 36 6 -89 -30 N N N N -1455 -358 26 181 181
1 36117 -349 164 25 127 0 1399 -33 -2 51 68 -40 -32 -12 N N N N -1009 -251 10 128 128
1 40468 -399 546 -21 -126 5 -1397 -36 2 265 62 135 -11 -3 N N N N -642 -161 4 82 82
1 40000 -385 214 -6 3 0 0 0 0 104 -43 26 -22 -1 N N N N -250 -62 3 32 32
1 40000 -381 -45 -2 -2 0 0 0 0 -19 13 -5 -42 -9 N N N N -112 -26 7 14 14
1 40000 -379 -201 2 3 0 0 0 0 -100 34 -27 -96 -17 N N N N -96 -23 10 10 10
1 40000 -386 -303 0 -1 0 0 0 0 -155 -16 -44 -143 -37 N N N N -59 -11 19 3 3
1 40002 -349 -216 -5 -3 0 0 0 0 -94 -56 -26 -206 -54 N N N N -354 -82 35 39 39
1 40353 -389 37 18 120 0 1384 -55 -2 13 18 -50 -127 -36 N N N N -335 -80 24 39 39
1 39385 -387 608 -5 -118 8 -1387 -58 2 297 36 139 -108 -31 N N N N -327 -79 21 39 39
1 40792 -397 83 -15 2 0 0 0 0 43 -18 8 -49 -11 N N N N -284 -69 12 35 35
1 40000 -368 -336 5 0 0 0 0 0 -170 39 -45 -64 -17 N N N N -108 -25 12 11 11
1 39999 -377 -249 -8 1 0 0 0 0 -121 -34 -36 -263 -57 N N N N -165 -37 22 17 17
1 40000 -361 -255 7 -1 0 0 0 0 -101 -83 -29 -106 -37 N N N N -391 -93 35 45 45
1 40001 -355 -345 -5 -1 0 0 0 0 -59 -161 -18 -175 -43 N N N N -454 -110 23 55 55
1 40765 -392 -31 17 124 0 1399 -75 -2 -1 -12 -9 -63 -23 N N N N -207 -49 20 24 24
1 40403 -405 798 0 -29 2 -198 1 -1 238 297 28 -144 -35 N N N N -102 -22 22 9 9
1 35479 -329 347 -22 -92 -2 -1209 -74 3 182 -29 99 -18 -10 N N N N -129 -31 12 15 15
1 39999 -371 94 -9 3 0 0 0 0 46 -22 7 -131 -28 N N N N -255 -62 13 31 31
1 40001 -382 -228 4 -6 0 0 0 0 -112 41 -25 -82 -25 N N N N -89 -19 19 8 8
1 39999 -387 -297 -1 7 0 0 0 0 -153 -13 -41 -105 -27 N N N N 37 12 17 -8 -8
1 39999 -376 -411 6 -9 0 0 0 0 -161 -132 -43 -49 -11 N N N N -327 -80 14 41 41
1 40001 -386 -302 -5 7 0 0 0 0 -39 -145 -11 -174 -38 N N N N -95 -22 13 10 10
1 36881 -361 -112 11 121 0 1408 -39 -2 6 -49 7 -154 -42 N N N N -319 -75 34 37 37
1 40000 -405 781 8 1 0 0 0 0 169 328 -20 -60 -19 N N N N -371 -92 15 47 47
1 37414 -409 494 21 -125 68 -1402 -23 2 244 -13 133 -12 -6 N N N N -286 -71 11 36 36
1 40000 -444 65 -6 -1 0 0 0 0 32 -16 8 -82 -16 N N N N -140 -34 7 18 18
1 39999 -451 -249 3 1 0 0 0 0 -122 43 -37 -109 -24 N N N N -177 -42 19 20 20
1 40002 -458 -310 -3 4 0 0 0 0 -155 -24 -52 -269 -70 N N N N -700 -173 31 90 90
1 39998 -448 -315 2 0 0 0 0 0 -123 -101 -38 -71 -23 N N N N -256 -61 26 30 30
1 41178 -473 389 -1 117 -32 1399 -2 -2 158 126 -10 -76 -13 N N N N -81 -18 15 9 9
1 43234 -479 509 -14 -121 7 -1392 0 2 256 -50 138 -302 -74 N N N N 2140 550 39 -301 -301
1 40001 -437 -207 -2 8 0 0 0 0 -99 44 -31 -130 -39 N N N N -1836 -463 26 246 246
1 40000 -449 -321 1 -6 0 0 0 0 -164 -9 -45 -228 -61 N N N N -707 -174 44 89 89
1 39997 -431 -353 -2 -2 0 0 0 0 -144 -104 -44 -183 -51 N N N N -1932 -488 24 265 265
1 40002 -444 -391 10 4 0 0 0 0 -59 -185 -23 -269 -71 N N N N -830 -206 44 109 109
1 43237 -494 215 14 115 0 1389 0 -2 16 108 -20 -244 -62 N N N N 1475 383 49 -217 -217
1 41586 -489 827 12 -115 8 -1393 0 2 332 192 130 -158 -41 N N N N 1283 331 22 -183 -183
1 39999 -462 280 -31 0 0 0 0 0 138 -61 37 -146 -37 N N N N 412 109 25 -62 -62
1 39999 -457 -284 0 0 0 0 0 0 -133 61 -38 -118 -41 N N N N 131 39 36 -26 -26
1 40001 -458 -342 0 -4 0 0 0 0 -173 -20 -50 -110 -25 N N N N 1457 375 15 -205 -205
1 40000 -465 -348 9 -4 0 0 0 0 -135 -113 -44 -123 -31 N N N N 1811 467 19 -252 -252
1 40000 -465 -322 -7 10 0 0 0 0 -45 -154 -13 -158 -39 N N N N 720 188 23 -103 -103
1 43648 -525 313 17 114 1 1393 0 -2 42 152 -25 -402 -106 N N N N -390 -89 63 40 40
1 41177 -524 750 -2 -120 8 -1394 0 2 332 128 144 -223 -67 N N N N -1751 -442 44 231 231
1 40000 -482 191 -14 1 0 0 0 0 94 -41 23 -149 -43 N N N N -1885 -480 34 256 256
1 40000 -466 -126 0 3 0 0 0 0 -58 31 -18 -179 -49 N N N N -1674 -426 29 230 230
1 40000 -492 -223 1 -4 0 0 0 0 -113 22 -32 -200 -55 N N N N -1051 -266 39 142 142
1 40002 -494 -235 2 -1 0 0 0 0 -118 -26 -34 -139 -37 N N N N 714 188 23 -106 -106
1 39999 -481 -294 -5 -2 0 0 0 0 -117 -90 -37 -321 -77 N N N N 899 237 38 -135 -135
1 47155 -600 542 18 -8 -32 10 0 0 239 114 78 -257 -75 N N N N 147 45 54 -31 -31
1 40786 -465 312 -38 10 0 0 0 0 162 -45 37 -225 -59 N N N N -432 -106 37 54 54
1 39999 -461 -197 2 4 0 0 0 0 -96 39 -25 -101 -34 N N N N -1129 -288 33 155 155
1 40000 -456 -264 5 1 0 0 0 0 -137 -1 -39 -133 -39 N N N N -393 -99 22 53 53
1 40000 -449 -338 -2 -5 0 0 0 0 -149 -86 -39 -203 -53 N N N N -394 -98 27 52 52
1 40000 -440 -323 -3 7 0 0 0 0 -75 -143 -21 -174 -50 N N N N -1000 -255 36 138 138
1 43943 -510 330 23 115 0 1386 0 -2 75 151 -30 -240 -60 N N N N -454 -113 39 59 59
1 42290 -497 703 -10 -120 7 -1394 0 2 337 62 145 -117 -39 N N N N 86 26 30 -17 -17
1 40000 -459 210 -7 0 0 0 0 0 93 -60 23 -87 -21 N N N N 47 14 16 -10 -10
1 40000 -439 191 -8 -2 0 0 0 0 62 -81 12 -347 -90 N N N N -370 -91 48 46 46
1 40001 -452 57 7 1 0 0 0 0 10 -27 4 -234 -63 N N N N -1025 -262 38 144 144
1 40000 -454 -165 -1 3 0 0 0 0 -42 76 -11 -276 -81 N N N N -609 -153 51 82 82
1 40999 -473 -513 5 -130 8 -1401 0 -2 -233 84 2 -454 -126 N N N N -119 -26 57 9 9
1 42179 -496 -689 16 130 1 1403 0 2 -284 -145 -152 -207 -73 N N N N -1436 -368 68 204 204
1 40001 -444 -244 -17 1 0 0 0 0 -24 -120 0 -215 -62 N N N N -2019 -526 35 302 302
1 40001 -459 -208 0 -1 0 0 0 0 21 -102 3 -136 -42 N N N N -1163 -302 37 174 174
1 39999 -464 -58 2 -8 0 0 0 0 12 -27 1 -272 -70 N N N N -497 -128 30 73 73
1 39999 -458 -66 -3 6 0 0 0 0 17 -29 6 -236 -69 N N N N -1944 -507 51 297 297
1 40002 -451 -86 1 -1 0 0 0 0 27 -35 4 -178 -54 N N N N -1017 -265 34 157 157
1 43292 -523 540 31 120 0 1391 0 -2 -72 255 -41 -56 1 N N N N -197 -51 13 30 30
1 40934 -494 824 9 -132 9 -1393 0 2 302 233 123 -270 -72 N N N N -211 -54 43 29 29
1 40831 -466 246 -29 8 0 0 0 0 128 -32 34 -286 -79 N N N N -79 -18 51 6 6
1 40000 -466 105 2 -3 0 0 0 0 46 -30 14 -232 -63 N N N N -207 -53 38 29 29
1 39999 -462 124 -8 5 0 0 0 0 49 -43 8 -364 -97 N N N N -398 -102 51 58 58
1 40002 -485 -110 1 5 0 0 0 0 -42 41 -12 -292 -92 N N N N -285 -73 63 39 39
1 39999 -453 -78 -3 -5 0 0 0 0 -32 23 -7 -289 -86 N N N N 68 20 53 -17 -17
1 43648 -514 -512 10 -127 9 -1410 0 -2 -258 1 -17 -135 -53 N N N N -1341 -354 41 214 214
1 41704 -485 -493 -1 128 0 1420 0 2 -177 -143 -113 -128 -37 N N N N -279 -73 24 44 44
1 40000 -485 -161 -2 5 0 0 0 0 -19 -78 -7 -427 -110 N N N N -575 -151 61 88 88
1 40000 -472 -198 6 -2 0 0 0 0 6 -99 -3 -250 -79 N N N N 468 127 55 -83 -83
1 40000 -464 -292 5 -2 0 0 0 0 69 -129 15 -354 -103 N N N N -392 -103 59 59 59
1 40000 -471 -249 -12 0 0 0 0 0 105 -73 33 -293 -85 N N N N -573 -151 56 90 90
1 44942 -541 402 24 119 0 1385 0 -2 -149 143 -22 -267 -79 N N N N -732 -194 49 118 118
1 39999 -483 827 0 5 0 0 0 0 88 371 -42 -222 -60 N N N N 46 13 39 -11 -11
1 40000 -474 604 -32 -124 -24 -1402 0 2 302 24 146 -345 -94 N N N N -507 -135 55 81 81
1 40000 -432 171 -6 3 0 0 0 0 77 -47 17 -248 -84 N N N N -566 -151 58 91 91
1 40002 -442 -213 -1 -3 0 0 0 0 -96 55 -24 -175 -50 N N N N -232 -61 34 37 37
1 40000 -429 43 0 1 0 0 0 0 22 -7 4 -181 -54 N N N N -55 -14 34 6 6
1 39999 -425 -272 3 -4 0 0 0 0 -140 25 -35 -190 -60 N N N N -92 -25 40 13 13
1 46470 -501 -586 21 6 8 8 0 0 -249 -150 -80 -373 -106 N N N N -184 -49 50 27 27
1 39998 -428 -356 -11 -3 0 0 0 0 -35 -173 -9 -395 -116 N N N N -338 -90 66 53 53
1 40001 -404 -339 -5 0 0 0 0 0 66 -156 16 -256 -78 N N N N 904 245 64 -161 -161
1 39999 -423 -312 8 1 0 0 0 0 129 -91 33 -154 -44 N N N N 917 248 26 -160 -160
1 40000 -429 -292 -12 0 0 0 0 0 152 -14 44 -236 -70 N N N N 735 200 46 -130 -130
1 40000 -404 -265 2 3 0 0 0 0 128 53 37 -295 -89 N N N N 7 3 54 -7 -7
1 43946 -463 3015 12 -133 9 -1397 0 -2 118 222 43 -275 -81 N N N N -122 -31 47 17 17
1 39999 -413 -612 -13 0 0 0 0 0 -180 248 7 -248 -65 N N N N -59 -15 44 6 6
1 40851 -435 -669 31 146 0 1397 0 2 -326 -20 -165 -151 -48 N N N N 32 9 42 -10 -10
1 40795 -421 -375 -19 -13 0 0 0 0 -85 -166 -15 -342 -106 N N N N 596 164 50 -107 -107
1 40000 -415 -262 -8 -4 0 0 0 0 9 -131 3 -261 -72 N N N N 376 104 52 -70 -70
1 40000 -396 -273 -2 2 0 0 0 0 70 -118 19 -252 -74 N N N N 338 94 45 -63 -63
1 39999 -417 -251 2 -5 0 0 0 0 107 -71 25 -338 -104 N N N N 313 88 65 -60 -60
1 40001 -397 -262 1 2 0 0 0 0 134 -21 38 -442 -128 N N N N -458 -123 74 71 71
1 43824 -469 389 17 124 0 1389 0 -2 -193 67 -7 -316 -99 N N N N -1371 -374 80 230 230
1 40353 -439 777 1 0 0 0 0 0 -112 333 -100 -325 -85 N N N N 205 58 49 -41 -41
1 41351 -444 776 17 -113 7 -1388 0 2 312 188 119 -301 -104 N N N N -22 -5 62 -2 -2
1 39999 -419 254 -30 -11 0 0 0 0 130 -47 42 -267 -85 N N N N 111 32 47 -24 -24
1 40000 -419 -163 6 -3 0 0 0 0 -79 35 -20 -246 -80 N N N N 275 77 55 -53 -53
1 40000 -423 -200 -7 5 0 0 0 0 -101 12 -33 -187 -59 N N N N 479 134 39 -88 -88
1 40000 -427 -193 2 -1 0 0 0 0 -97 -22 -29 -257 -73 N N N N 78 23 46 -19 -19
1 40000 -415 -250 -3 1 0 0 0 0 -104 -72 -33 -150 -48 N N N N -603 -166 29 104 104
1 45123 -498 431 19 -14 -31 -12 0 0 191 91 66 -374 -105 N N N N -596 -163 71 98 98
1 40818 -403 331 -36 13 0 0 0 0 175 -32 40 -166 -55 N N N N 836 232 35 -151 -151
1 40001 -388 164 -1 2 0 0 0 0 70 -50 15 -184 -56 N N N N 690 193 37 -126 -126
1 39999 -406 0 -3 -2 0 0 0 0 0 -1 1 -199 -55 N N N N 419 117 35 -77 -77
1 40000 -394 5 2 0 0 0 0 0 2 -1 0 -237 -72 N N N N 225 65 45 -45 -45
1 40000 -394 -149 3 4 0 0 0 0 -63 48 -16 -131 -45 N N N N 691 193 30 -124 -124
1 44414 -443 -583 13 -127 9 -1377 0 -2 -294 -16 -24 -318 -94 N N N N -42 -10 47 2 2
1 40412 -420 -454 -10 129 0 1386 -17 2 -146 -150 -93 -184 -58 N N N N 388 110 46 -74 -74
1 40001 -410 -226 0 -4 0 0 0 0 -13 -112 -7 -212 -62 N N N N 472 134 39 -87 -87
1 40000 -419 -275 2 -2 0 0 0 0 43 -131 9 -202 -60 N N N N -54 -13 39 5 5
1 39999 -428 -306 -2 2 0 0 0 0 115 -105 27 -188 -57 N N N N 432 123 41 -80 -80
1 40001 -436 -213 1 -1 0 0 0 0 105 -33 28 -149 -46 N N N N 1124 316 31 -200 -200
1 43293 -477 338 26 120 0 1391 0 -2 -160 83 -4 -169 -47 N N N N 2735 767 33 -475 -475
1 40000 -473 791 0 -2 0 0 0 0 -70 351 -90 -113 -33 N N N N 15643 4385 23 -2523 -2523
1 41175 -484 739 2 -108 9 -1378 -1 2 320 148 128 -145 -41 N N N N 9416 2645 27 -1396 -1396
1 39999 -461 257 -24 -6 0 0 0 0 127 -55 35 -208 -61 N N N N 1655 472 34 -244 -244
1 40002 -459 -133 1 -1 0 0 0 0 -60 35 -15 -159 -54 N N N N -3515 -980 27 495 495
1 39998 -470 -277 6 -2 0 0 0 0 -142 24 -39 -102 -36 N N N N -10870 -3047 32 1630 1630
1 40000 -463 -325 1 1 0 0 0 0 -156 -56 -46 -113 -32 N N N N -7954 -2233 17 1278 1278
1 40000 -481 -328 -5 -2 0 0 0 0 -102 -129 -28 -104 -28 N N N N 3633 1025 24 -599 -599
1 44355 -546 431 27 121 0 1381 0 -2 144 164 -19 -199 -51 N N N N 5878 1659 36 -938 -938
1 41472 -481 598 -16 -126 9 -1400 1 2 298 -30 150 -243 -71 N N N N 1936 552 38 -307 -307
1 39997 -487 7 -2 4 0 0 0 0 4 0 -2 -132 -45 N N N N -117 -26 37 9 9
1 40000 -466 -266 -3 2 0 0 0 0 -128 49 -37 -179 -53 N N N N -2117 -593 25 322 322
1 40002 -476 -219 -2 -6 0 0 0 0 -112 -7 -31 -238 -68 N N N N -3053 -855 43 473 473
1 39998 -479 -253 0 8 0 0 0 0 -116 -56 -37 -151 -50 N N N N -2956 -830 41 469 469
1 44177 -543 224 15 113 0 1402 -1 -2 98 64 -29 -273 -69 N N N N 2400 685 48 -398 -398
1 44179 -551 604 -9 -116 9 -1379 0 2 294 -80 145 -215 -69 N N N N 2613 747 43 -426 -426
1 39999 -473 166 3 -1 0 0 0 0 53 -68 15 -183 -54 N N N N 710 207 38 -120 -120
1 40000 -478 42 -4 1 0 0 0 0 11 -19 1 -129 -42 N N N N 1933 553 27 -308 -308
1 39999 -489 -37 -1 -1 0 0 0 0 -8 17 -2 -138 -42 N N N N -477 -130 30 68 68
1 40000 -470 -112 -1 4 0 0 0 0 -34 49 -10 -141 -39 N N N N 1591 457 25 -253 -253
1 44119 -542 -533 10 -129 11 -1421 0 -2 -249 72 -10 -351 -99 N N N N 1251 366 57 -206 -206
1 42705 -534 -613 4 125 0 1411 1 2 -248 -137 -142 -154 -51 N N N N 357 111 45 -65 -65
1 39998 -487 -239 -12 2 0 0 0 0 -28 -116 -4 -53 -21 N N N N -989 -279 16 148 148
1 40000 -486 -192 5 1 0 0 0 0 12 -95 -3 -160 -35 N N N N 3000 859 19 -462 -462
1 40000 -491 -248 0 -1 0 0 0 0 61 -109 17 -223 -64 N N N N 3852 1108 42 -585 -585
1 40000 -478 -322 5 2 0 0 0 0 136 -88 41 -157 -50 N N N N -135 -31 35 10 10
1 44180 -537 311 13 115 0 1389 -1 -2 -133 94 -7 -363 -99 N N N N -2448 -685 61 349 349
1 39999 -504 786 5 2 0 0 0 0 -24 357 -79 -75 -31 N N N N -1608 -452 40 233 233
1 42237 -508 758 -2 -121 9 -1417 0 2 341 105 157 -76 -11 N N N N 2211 634 3 -335 -335
1 39999 -472 252 -16 -4 0 0 0 0 115 -70 31 -127 -41 N N N N 1127 329 27 -175 -175
1 40000 -462 -96 1 0 0 0 0 0 -39 32 -11 -190 -49 N N N N -68 -12 34 1 1
1 40000 -449 -229 -5 3 0 0 0 0 -107 49 -32 -125 -29 N N N N 1583 460 27 -242 -242
1 40000 -453 -236 4 1 0 0 0 0 -121 3 -40 -543 -144 N N N N 2019 595 61 -312 -312
1 39999 -433 -232 -2 -2 0 0 0 0 -109 -44 -34 -536 -176 N N N N -1291 -339 127 154 154
1 20002 -223 -143 2 0 0 0 0 0 -55 -48 -18 -43 -27 N N N N -1280 -362 30 182 182
1 20000 -228 -164 7 11 0 0 0 0 -47 -67 -21 157 66 N N N N -933 -268 3 138 138
1 19999 -212 -179 -4 -9 0 0 0 0 -27 -86 -6 -212 -44 N N N N 1597 460 0 -238 -238
1 20000 -219 -114 -5 5 0 0 0 0 -3 -57 -1 -487 -130 N N N N 1715 507 49 -266 -266
1 20000 -223 -160 7 -6 0 0 0 0 14 -79 -1 -109 -45 N N N N 81 40 64 -30 -30
1 20000 -211 -151 -4 1 0 0 0 0 34 -68 12 -257 -82 N N N N -637 -174 43 82 82
1 20000 -216 -176 4 -5 0 0 0 0 59 -66 14 -498 -146 N N N N -1164 -321 64 155 155
1 20000 -223 -168 3 9 0 0 0 0 73 -44 24 -172 -71 N N N N -1812 -509 70 254 254
1 20000 -216 -164 -7 -6 0 0 0 0 82 -22 25 -370 -120 N N N N -2318 -659 64 337 337
1 23179 -258 -13 17 124 0 1409 0 -2 5 25 61 -223 -77 N N N N -2705 -776 54 408 408
1 19998 -220 336 2 -2 0 0 0 0 -157 50 -66 -118 -42 N N N N -2031 -583 42 313 313
1 20002 -241 396 3 0 0 0 0 0 -104 156 -68 -50 -23 N N N N -1323 -381 25 207 207
1 19998 -222 364 1 -1 0 0 0 0 17 177 -26 29 5 N N N N -198 -57 6 31 31
1 20002 -242 362 2 0 0 0 0 0 117 141 14 133 59 N N N N 1091 316 -9 -174 -174
1 22174 -252 372 -28 -112 -42 -1368 0 2 186 36 115 46 36 N N N N 3114 905 -17 -491 -491
1 20001 -187 170 -18 -1 0 0 0 0 90 -21 24 -41 -4 N N N N 1846 537 -4 -287 -287
1 20000 -210 -19 -5 2 0 0 0 0 -8 4 -4 -108 -27 N N N N 763 225 14 -121 -121
1 19997 -200 -90 -5 -3 0 0 0 0 -44 13 -11 -178 -48 N N N N 116 37 15 -22 -22
1 20003 -201 -126 0 -2 0 0 0 0 -66 5 -16 -277 -78 N N N N -169 -37 52 13 13
1 19997 -176 -121 2 4 0 0 0 0 -63 -6 -18 -261 -77 N N N N -576 -160 40 79 79
1 20000 -202 -125 -1 -4 0 0 0 0 -61 -22 -14 -258 -77 N N N N -1125 -317 56 161 161
1 20000 -194 -116 0 4 0 0 0 0 -51 -30 -16 -296 -79 N N N N -1400 -400 48 209 209
1 20002 -192 -155 4 -2 0 0 0 0 -58 -54 -17 -336 -106 N N N N -1092 -307 68 158 158
1 19998 -192 -136 -2 -2 0 0 0 0 -37 -58 -10 -437 -120 N N N N -1518 -433 68 229 229
1 37061 -357 -5 10 120 1 1379 -23 -2 -1 1 -29 -483 -163 N N N N -4129 -1191 143 650 650
1 20002 -205 355 19 -2 0 0 0 0 117 135 1 81 15 N N N N -1106 -325 12 185 185
1 18731 -201 341 15 -117 8 -1408 -18 0 165 34 106 -146 -41 N N N N -11 -1 16 -2 -2
1 21267 -212 224 -42 -4 -1 0 -8 2 121 -29 34 -259 -61 N N N N -144 -38 30 19 19
1 20000 -223 98 0 -2 0 0 0 0 45 -26 12 -364 -96 N N N N -433 -119 61 61 61
1 20000 -204 43 -6 2 0 0 0 0 19 -13 3 -220 -72 N N N N -958 -275 60 153 153
1 20000 -218 -39 2 -2 0 0 0 0 -16 12 -4 -182 -56 N N N N -1244 -362 47 207 207
1 20001 -227 -111 3 5 0 0 0 0 -52 30 -13 -284 -76 N N N N -422 -121 37 67 67
1 19997 -222 -110 1 1 0 0 0 0 -55 19 -15 -354 -99 N N N N 91 35 67 -29 -29
1 20001 -221 -129 -8 -6 0 0 0 0 -65 6 -16 -175 -60 N N N N 210 69 50 -47 -47
1 20001 -229 -151 11 -1 0 0 0 0 -80 -9 -20 -800 -196 N N N N 144 54 85 -41 -41
1 20001 -219 -114 0 0 0 0 0 0 -55 -20 -16 -217 -88 N N N N 488 160 112 -108 -108
1 20000 -231 -82 -5 3 0 0 1 0 -36 -20 -10 28 -8 N N N N 670 204 33 -124 -124
1 19997 -218 -148 -1 5 0 0 0 0 -58 -48 -18 -319 -52 N N N N 671 205 30 -123 -123
1 20003 -212 -88 -3 1 0 0 0 0 -28 -35 -7 -890 -224 N N N N 740 236 102 -150 -150
1 19998 -223 -132 9 -4 0 0 0 0 -30 -60 -11 -415 -122 N N N N 1337 423 146 -262 -262
1 20001 -208 -168 -3 -5 0 0 0 0 -18 -82 -5 -591 -165 N N N N 1652 515 105 -307 -307
1 20001 -205 -76 1 10 0 0 0 0 0 -38 -1 -694 -172 N N N N 2217 691 127 -406 -406
1 19999 -196 -101 4 -1 0 0 0 0 8 -50 -1 -870 -237 N N N N 2397 752 140 -436 -436
1 20000 -202 -225 -1 -12 0 0 0 0 48 -103 9 -1302 -309 N N N N 2390 768 204 -446 -446
1 20001 -180 -87 2 2 0 0 0 0 28 -34 6 -544 -200 N N N N 4136 1316 228 -731 -731
1 19512 -204 115 12 143 0 1395 -15 -2 -37 57 25 -1928 -430 N N N N 3864 1247 241 -679 -679
1 20780 -191 320 6 -24 0 0 0 0 -49 144 -50 -1410 -346 N N N N 6821 2201 317 -1139 -1139
1 20001 -189 244 8 7 0 0 0 0 23 118 -20 -461 -233 N N N N 6875 2211 220 -1077 -1077
1 20000 -214 295 -13 -1 0 0 0 0 89 122 11 -1655 -461 N N N N 3959 1346 290 -658 -658
1 18703 -190 385 1 -131 10 -1381 0 -2 183 57 110 -3251 -690 N N N N 5622 1952 441 -931 -931
1 21296 -195 41 -19 10 0 -2 -20 4 25 1 2 -1985 -747 N N N N 11348 3868 543 -1684 -1684
1 20000 -189 53 2 2 0 0 0 0 27 -2 6 -1428 -475 N N N N 12669 4294 397 -1687 -1687
1 20001 -191 103 5 -1 0 0 0 0 51 -13 16 -811 -242 N N N N 11610 3962 312 -1424 -1424
1 20000 -165 163 9 0 0 0 0 0 73 -39 22 -1940 -422 N N N N 11274 3919 334 -1313 -1313
1 20000 -157 126 5 -2 0 0 0 0 48 -44 16 -2025 -566 N N N N 10045 3615 394 -1149 -1149
1 20001 -167 164 -2 4 0 0 0 0 49 -69 10 -2505 -769 N N N N 8588 3218 429 -982 -982
1 19999 -188 -3341 -7 11 0 0 0 0 30 -128 3 -2494 -802 N N N N 11060 4336 674 -1263 -1263
1 19999 -172 8 6 -5 0 0 0 0 -3 -6 4 -1390 -575 N N N N 8773 3497 517 -952 -952
1 20001 -154 3406 5 -8 0 0 0 0 -16 97 0 -2865 -785 N N N N 5369 2293 430 -617 -617
1 18795 -144 -54 -7 10 0 1 -44 -4 -7 30 -8 -3175 -906 N N N N 7754 3521 754 -927 -927
1 38441 -294 -243 -15 -132 10 -1394 -84 2 -69 59 20 -3789 -1798 N N N N 8459 4132 985 -1051 -1051
1 19999 -181 -174 -3 -1 0 0 0 0 -75 53 -11 -1571 -616 N N N N 2299 1614 656 -452 -452
1 20002 -148 -248 -1 0 0 0 0 0 -127 32 -24 -1664 -597 N N N N 2164 1304 425 -336 -336
1 20000 -163 -315 -12 -12 0 0 0 0 -154 -37 -41 -2420 -686 N N N N 1454 1089 451 -296 -296
1 18714 -120 77 9 136 0 1393 -23 -2 35 42 -52 -8122 -2149 N N N N 4503 3224 1228 -829 -829
1 20119 -139 90 -16 12 1 4 -93 0 46 18 9 -4000 -1417 N N N N 9991 5958 1622 -1313 -1312
1 36166 -266 238 4 0 -1 -5 -62 4 123 8 30 -2169 -937 N N N N 20066 10117 1548 -1771 -1773
1 20001 -121 -157 3 -10 0 0 0 0 -83 -2 -15 -202 -368 N N N N 8660 3805 222 -540 -539
1 19999 -152 -133 -19 9 0 0 0 0 -64 -15 -16 -58 -142 N N N N 5229 2306 132 -313 -313
1 20001 -156 -51 38 0 0 0 0 0 -30 -10 -17 -17 -98 N N N N 3287 1387 41 -177 -177
1 19998 -166 -52 -17 2 0 0 0 0 -22 -11 -2 -19 -53 N N N N 2581 1124 52 -145 -145
1 20000 -151 44 2 -7 0 0 0 0 20 9 8 2 -35 N N N N 1302 573 30 -73 -73
1 20001 -162 -58 -4 2 0 0 0 0 -26 -14 -5 -28 -24 N N N N 1617 698 28 -88 -88
1 10001 -101 -17 -13 -1 0 0 0 0 -5 -6 3 -3 -8 N N N N 433 173 -1 -20 -20
1 9999 -67 -4 12 -1 0 0 0 0 -4 0 -5 -3 -5 N N N N 250 106 3 -13 -13
1 9999 -93 -55 2 -2 0 0 0 0 -23 -17 -5 -1 4 N N N N 448 196 9 -24 -24
1 10001 -74 -54 -7 3 0 0 0 0 -20 -18 -4 -2 -4 N N N N 493 197 0 -23 -23
1 10698 -77 -104 43 -5 90 0 -4 -4 -38 -41 -24 -5 -5 N N N N 481 197 2 -23 -23
1 9375 -78 -84 31 0 -1 0 -36 0 -24 -35 -22 -4 -4 N N N N 284 119 2 -14 -14
1 8715 -85 -84 -20 1 0 1 -35 0 -15 -39 3 1 -3 N N N N 201 105 14 -15 -15
1 10017 -88 -91 1 2 -1 0 -42 0 -12 -44 -5 3 0 N N N N 344 154 10 -19 -19
1 9997 -88 -82 -3 95 1 1121 -35 4 -4 -39 -3 -2 -2 N N N N 368 157 5 -19 -19
1 15433 -160 -20 8 23 0 266 -3 -2 0 -11 -6 14 4 N N N N 539 186 -18 -19 -19
1 10002 -92 148 3 3 0 0 0 0 9 72 -14 -28 -4 N N N N 187 96 12 -13 -13
1 9999 -115 141 -3 -15 0 0 0 0 26 67 1 11 -2 N N N N 481 209 8 -25 -25
1 10001 -110 130 -3 13 0 0 0 0 37 56 0 -2 3 N N N N 310 117 -4 -13 -13
1 9998 -120 110 11 -6 0 0 0 0 40 39 4 -4 -3 N N N N 228 87 -3 -9 -9
1 11941 -144 165 1 3 0 0 0 0 70 46 19 -4 2 N N N N 151 82 12 -12 -12
1 13975 -155 131 -30 -127 -44 -1389 0 2 69 8 88 0 -3 N N N N 289 117 1 -13 -13
1 10790 -98 12 -16 7 0 0 0 0 9 2 1 1 6 N N N N 126 66 8 -9 -9
1 9999 -108 -26 3 10 0 0 0 0 -14 -1 -10 0 -2 N N N N 69 12 -8 0 0
1 10000 -101 -12 -9 1 0 0 0 0 -5 -1 1 0 2 N N N N 10 17 7 -3 -3
1 10000 -97 -47 8 0 0 0 0 0 -24 -6 -10 0 0 N N N N 221 92 2 -11 -11
1 10001 -118 -92 2 -12 0 0 0 0 -44 -17 -10 -1 3 N N N N 6 -2 -3 1 1
1 10000 -114 -108 6 2 0 0 0 0 -49 -28 -14 0 -2 N N N N 156 76 8 -10 -10
1 9999 -121 -101 -15 15 0 0 0 0 -38 -32 -12 4 2 N N N N 48 17 -2 -2 -2
1 10001 -118 -119 1 -16 0 0 0 0 -38 -48 -7 0 -1 N N N N 137 55 0 -6 -6
1 10000 -116 -69 -18 6 0 0 0 0 -16 -30 4 0 3 N N N N 211 93 5 -11 -11
1 10000 -137 -99 19 -7 0 0 0 0 -19 -47 -12 2 3 N N N N 82 23 -6 -2 -2
1 10000 -98 -56 -9 5 0 0 0 0 -7 -27 -1 0 -2 N N N N -25 4 8 -2 -2
1 9999 -121 16 13 4 0 0 0 0 1 8 -5 1 1 N N N N -52 -38 -10 6 6
1 10001 -108 30 -14 -7 0 0 0 0 5 14 11 3 1 N N N N 36 22 5 -3 -3
1 9999 -108 -37 18 -11 0 0 0 0 -6 -18 -13 0 1 N N N N 15 -6 -7 2 2
1 10001 -128 -46 -10 14 0 0 0 0 -4 -22 -2 0 2 N N N N -55 -23 -1 3 3
1 9999 -112 -52 3 7 0 0 0 0 -1 -26 6 10 1 N N N N 204 99 10 -13 -13
1 10003 -102 -29 -20 -4 0 0 0 0 0 -15 2 5 2 N N N N 144 55 -2 -6 -6
1 9998 -101 -28 24 -6 0 0 0 0 0 -14 -11 -3 -2 N N N N 143 61 2 -7 -7
1 13965 -145 -123 5 142 0 1400 0 -2 11 -52 25 3 3 N N N N 59 17 -3 -2 -2
1 10800 -89 -4 0 -18 0 0 0 0 0 -4 -4 1 1 N N N N 216 61 -16 -4 -4
1 9999 -105 104 -1 -6 0 0 0 0 -10 49 -14 -3 -1 N N N N -26 6 10 -2 -2
1 10001 -91 164 17 -15 0 0 0 0 2 80 -14 3 -1 N N N N 282 119 3 -14 -14
1 9999 -86 216 36 25 0 0 0 0 38 97 -35 5 3 N N N N 265 102 -3 -11 -11
1 10000 -115 173 -27 7 0 0 0 0 57 72 6 -10 -2 N N N N 124 42 -5 -4 -4
1 9999 -126 87 -34 -25 0 0 0 0 37 31 35 3 2 N N N N 7 10 5 -2 -2
1 10001 -78 96 3 3 0 0 0 0 43 25 6 20 4 N N N N 182 58 -9 -5 -5
1 13269 -136 90 26 -129 6 -1403 0 2 45 9 53 -13 1 N N N N 84 38 2 -4 -4
1 10790 -100 135 -38 21 0 0 0 0 71 7 29 1 -2 N N N N 13 23 11 -5 -5
1 10000 -103 21 59 -27 0 0 0 0 12 7 -15 6 8 N N N N 137 48 -5 -4 -4
