version: 66.14
glider: 195
mission: 20
dive: 2
start: 2 25 105 17 39 19
columns: rec,elaps_tms,depth,heading,pitch,roll,AD_pitch,AD_roll,AD_vbd,GC_phase,mag.x,mag.y,mag.z,sbect.TempFreq,sbect.CondFreq,wlbb2fl.sig470nm,wlbb2fl.sig700nm,wlbb2fl.sig695nm,wlbb2fl.temp,aa4330.O2,aa4330.AirSat,aa4330.Temp,aa4330.CalPhase,aa4330.TCPhase,
data:
0 11902 69 3457 -578 36 197 2005 499 6 523 -1 57 228840 160158 62 177 86 551 342847 102455 12261 31358 32764
1 4973 -1 15 -40 -29 0 0 0 0 4 -11 -21 -8 -3 -1 -3 1 0 -901 -225 19 21 21
1 5312 0 -7 30 19 0 0 0 0 -4 5 25 6 -2 -2 1 -3 0 435 174 19 -24 -24
1 4925 -8 -27 10 -1 0 0 0 0 -2 7 7 4 3 3 0 -2 0 -284 -113 -13 16 16
1 4977 9 -92 -13 11 0 0 0 0 -4 17 10 3 -5 -6 -1 11 0 -133 59 43 -16 -16
1 6016 -6 -73 5 -10 0 0 0 0 -4 17 1 1 4 36 -9 -12 0 -699 -230 -9 28 28
1 5060 -2 -23 20 12 0 0 0 0 -4 14 5 -15 0 -31 4 -3 0 1129 264 -32 -23 -23
1 5317 4 -50 -12 -23 0 0 0 0 -2 4 2 6 1 3 15 3 0 41 72 26 -14 -14
1 4948 -1 -112 -7 9 0 0 0 0 -8 13 20 -3 -7 -2 63 -3 0 186 36 -8 -2 -2
1 4942 -7 37 21 -21 0 0 0 0 0 -2 5 9 3 -2 -74 4 0 33 24 6 -4 -4
1 5372 2 23 -14 34 0 0 0 0 4 3 -20 -6 5 18 5 0 0 98 46 7 -7 -8
1 5149 1 79 -33 -23 0 0 0 0 12 -25 -26 4 0 -19 -6 -5 0 -557 -91 33 4 5
1 7855 3 105 46 -2 -2 -1 4 -4 -1 -19 20 -5 -1 2 2 -2 0 164 106 24 -18 -18
1 6573 -3 1 -64 9 1 2 166 0 8 -5 -39 19 -4 3 21 6 0 -1103 -238 40 19 19
1 8578 14 -83 -12 9 2 -1 232 0 -2 14 4 4 -5 3 -20 6 0 224 64 -1 -7 -7
1 6605 -8 3 3 -13 -2 0 163 0 1 4 -8 -28 10 -7 -1 -7 0 -582 -72 44 -1 -2
1 6583 22 -7 -36 27 1 1 156 0 2 5 -34 21 -5 -1 7 6 0 649 106 -38 -4 -3
1 6605 -8 19 18 -31 -1 -1 150 0 0 -3 10 -16 1 6 -4 -3 -1 -536 -57 45 -3 -3
1 8078 24 45 -25 -6 2 1 184 0 3 -10 -26 13 1 17 19 4 0 -2860 -756 44 76 76
1 6599 11 56 -10 16 0 0 145 0 3 -11 -18 -2 -4 -16 -10 -1 0 -27056 -7748 182 884 884
1 6624 8 60 -3 -3 -1 -1 153 0 1 -16 -3 -4 1 -2 -7 -2 0 -26393 -7910 28 1031 1031
1 6602 7 61 2 -16 1 0 138 0 2 -16 3 6 2 -1 12 4 1 -15092 -4529 15 639 639
1 8098 30 41 -40 7 0 1 173 0 0 -10 -38 13 2 3 -2 5 -1 -9141 -2739 13 405 405
1 6605 35 22 -17 -11 0 0 150 0 -2 -5 -18 4 0 2 -11 0 0 -4208 -1259 7 191 191
1 6599 42 8 1 -1 0 0 157 0 0 -2 1 10 4 -5 9 2 1 -2363 -692 13 104 104
1 13129 146 -95 11 -3 90 -2 161 -1 1 25 11 14 7 5 2 5 -1 -3566 -1073 3 168 168
1 8235 139 -47 233 1 2122 2 0 1 -28 5 205 15 3 -3 6 4 0 -1372 -420 -4 67 67
1 6632 105 -35 287 -3 315 -1 194 0 -150 -1 214 8 2 -3 -24 9 0 -1836 -570 -8 93 93
1 6624 64 -29 49 -1 -2 0 256 0 -38 3 31 4 1 4 15 -3 0 -1437 -443 -6 73 73
1 6775 78 13 -8 -52 1 -870 219 4 7 -40 -4 8 1 -2 -5 -5 0 -1356 -415 -3 67 67
1 11320 159 123 0 -72 0 -550 -1 -2 6 -76 -10 5 -1 0 15 -7 0 -1776 -545 -5 90 90
1 5171 74 51 6 -15 0 0 0 0 -3 -21 -2 -3 0 1 -8 -2 0 -764 -231 0 38 38
1 5100 68 -3537 4 4 0 0 0 0 -3 -10 0 -2 -3 1 -2 -3 0 -641 -194 0 32 32
1 8598 129 118 1 21 0 220 1 0 -2 -8 0 -1 -17 -1 -1 -11 0 -1325 -402 -1 67 67
1 10600 145 36 14 100 27 1191 -1 2 -11 66 19 42 -1 -4 -18 -10 0 -2649 -805 -3 134 134
1 5290 57 14 9 8 0 0 0 0 -8 3 5 19 2 0 -3 3 0 -2061 -630 -5 107 107
1 4953 71 -14 5 3 0 0 0 0 -2 5 2 123 17 2 18 -8 0 -1577 -481 -3 82 82
1 4958 58 -20 1 6 0 0 0 0 0 8 0 35 5 0 3 -2 0 -1461 -461 -13 82 82
1 5672 71 -24 -2 -2 0 0 0 0 1 4 0 51 8 3 6 5 0 -2429 -751 -11 131 131
1 5158 51 -40 -1 0 0 0 0 0 0 8 0 90 17 1 -3 -5 0 -1882 -583 -9 103 103
1 5088 73 -31 -2 0 0 0 0 0 1 6 0 84 14 -2 -7 -1 0 -1509 -476 -13 87 87
1 4994 56 -4 1 6 0 0 0 0 1 5 -1 97 9 2 32 -5 0 -1951 -611 -15 111 111
1 5297 60 -11 0 -6 0 0 0 0 1 -2 0 44 15 -4 -36 2 0 -1457 -462 -15 86 86
1 5145 62 10 0 0 0 0 0 0 -1 -2 1 28 6 0 -3 0 0 -1480 -468 -15 87 87
1 4987 50 13 3 0 0 0 0 0 -1 -3 0 43 8 0 8 -3 0 -1501 -467 -9 86 86
1 5147 67 21 -2 -3 0 0 0 0 0 -6 0 26 6 0 2 -1 0 -1252 -392 -10 73 73
1 8857 106 53 0 0 1 0 2 0 0 -11 -1 106 15 2 -1 0 0 -2056 -637 -12 119 119
1 11806 137 13 0 -2 -1 0 -2 0 0 -4 0 276 50 3 3 -3 0 -1887 -625 -39 124 124
1 10000 110 60 1 2 0 0 0 0 -2 -11 0 151 22 1 -4 1 0 -2078 -679 -37 135 135
1 10000 111 72 -6 -5 0 0 0 0 1 -19 -3 89 16 4 21 2 0 -2206 -700 -26 138 138
1 10000 107 140 -8 -1 0 0 0 0 -5 -30 -1 82 16 -2 3 -2 0 -1360 -440 -22 89 89
1 9999 130 154 0 -7 0 0 0 0 -20 -37 3 84 15 1 20 1 0 -1168 -373 -16 74 74
1 10001 121 109 4 0 0 0 0 0 -22 -25 6 97 16 3 -2 4 0 -1180 -385 -22 79 79
1 10000 128 111 -3 13 0 0 0 0 -24 -11 8 25 6 -2 6 -2 0 -694 -233 -18 50 50
1 9999 115 121 8 -1 0 0 0 0 -42 -21 11 15 3 4 13 -4 0 -777 -245 -8 49 49
1 10001 128 124 -6 -21 0 0 0 0 -39 -29 2 -7 0 -1 -13 1 0 -490 -156 -6 31 31
1 10000 112 81 -5 28 0 0 0 0 -27 20 16 21 6 -2 -8 1 0 -239 -76 -4 16 16
1 9999 135 56 3 -6 0 0 0 0 -24 -1 5 67 7 0 28 1 0 -394 -135 -12 29 29
1 10001 133 99 3 -10 0 0 0 0 -43 -1 8 -9 1 1 -6 -2 0 -444 -135 -1 27 27
1 13400 164 133 -22 100 -8 1399 0 -2 -33 115 34 144 19 3 -7 3 0 -372 -132 -15 29 29
1 10777 153 77 4 26 0 0 0 0 -27 49 6 277 42 2 13 -5 0 -719 -264 -36 60 60
1 10822 147 5 15 6 0 0 0 0 -16 7 0 124 20 3 31 1 0 -1327 -448 -37 97 97
1 10469 120 -98 8 10 0 0 0 0 24 -22 -1 -16 -1 0 -24 -2 0 -1110 -359 -19 76 76
1 10473 123 -115 -1 3 0 0 0 0 47 -20 -6 -35 -4 2 14 0 0 -550 -171 -6 35 35
1 10473 121 -143 -1 9 0 0 0 0 57 -10 -10 0 0 -4 -21 1 0 -398 -118 1 24 24
1 10469 145 -114 -3 -5 0 0 0 0 49 0 -13 153 20 1 25 -1 0 -7 -15 -9 5 5
1 10472 161 -109 1 -6 0 0 0 0 37 7 -12 223 33 -1 -17 -2 0 -359 -141 -25 33 33
1 10466 152 -126 2 5 0 0 0 0 35 18 -13 23 7 7 32 1 0 -749 -259 -26 59 59
1 10473 149 -169 3 -1 0 0 0 0 34 32 -15 7 1 4 -23 4 0 -63 -36 -13 10 10
1 10824 155 -222 2 -1 0 0 0 0 27 45 -16 54 8 -9 1 -4 0 -292 -100 -9 22 22
1 10468 141 -205 -1 0 0 0 0 0 14 40 -15 42 5 -2 -29 1 0 -580 -188 -12 41 41
1 10473 153 3355 2 1 0 0 0 0 -3 49 -9 -5 -2 2 4 0 0 -1071 -326 -5 67 67
1 15899 205 -362 -19 -121 0 -1417 0 2 -8 -22 12 115 19 1 27 0 0 -759 -241 -11 52 52
1 10807 133 -123 -4 -10 0 0 0 0 -12 16 4 55 10 0 -14 -2 0 -301 -109 -14 25 25
1 9997 126 -69 2 3 0 0 0 0 -13 13 3 33 5 0 1 1 0 -188 -63 -6 15 15
1 10003 135 14 2 -8 0 0 0 0 1 -9 3 35 5 6 19 0 0 -3 -11 -7 3 3
1 12622 156 181 11 -8 108 -2 2 -4 16 -38 -2 30 5 -11 -17 -1 0 -142 -53 -8 13 13
1 6964 71 103 70 12 32 2 -30 0 -47 -11 28 19 4 6 3 1 0 48 8 -5 0 0
1 9131 47 136 13 -3 -2 -2 -49 0 -2 -28 5 11 1 -3 -10 -1 0 -81 -29 -3 6 6
1 9994 58 160 -4 4 3 1 -55 0 9 -28 -3 14 3 6 -1 2 0 -129 -44 -5 10 10
1 9956 50 -3476 -4 3 0 -2 -53 0 5 -22 -3 4 0 -2 6 1 0 -110 -35 -2 8 8
1 10072 66 123 1 -2 0 1 -54 0 -5 -26 1 -1 1 -1 -5 1 0 -20 -8 -1 2 2
1 10028 67 143 -6 1 -1 0 -55 0 -4 -29 -1 24 3 -2 14 -1 0 90 23 -3 -4 -4
1 9967 67 125 1 -2 1 0 -49 0 -14 -29 2 36 4 0 14 0 0 48 11 -3 -2 -2
1 9980 72 121 -4 0 -1 1 -53 0 -16 -25 1 28 5 0 -2 0 0 79 18 -4 -3 -3
1 10065 66 104 -5 2 1 0 -51 0 -17 -21 1 45 7 2 2 -3 0 -22 -14 -6 5 5
1 10004 68 84 -2 -2 0 0 -51 0 -20 -17 3 26 5 2 63 1 0 3 -10 -8 3 3
1 9918 77 87 -2 1 -1 0 -54 0 -24 -12 3 61 9 -5 -83 -1 0 -57 -24 -5 6 6
1 9974 64 85 -1 2 1 0 -52 0 -28 -11 4 25 4 1 -4 3 0 45 2 -9 2 2
1 10034 74 91 -3 -5 -1 1 -53 0 -31 -7 5 78 10 0 26 0 0 104 21 -7 -2 -2
1 10029 70 70 -7 3 0 0 -53 0 -22 1 4 95 14 2 6 3 0 0 -15 -12 5 5
1 10040 52 60 -1 1 0 -1 -51 0 -25 2 4 38 8 -2 -17 -2 0 237 54 -12 -8 -8
1 10005 67 44 -1 1 0 0 -52 0 -17 5 4 10 3 -5 46 -2 0 147 29 -11 -4 -4
1 9908 47 44 0 0 -1 0 -50 0 -18 7 3 45 6 5 -23 2 0 217 55 -7 -9 -9
1 10007 44 53 -7 2 2 -1 -49 0 -15 11 4 23 5 0 -23 0 0 191 50 -6 -9 -9
1 10093 47 48 -5 1 0 1 -53 0 -14 11 4 7 2 1 4 1 0 107 25 -5 -4 -4
1 18015 63 55 153 -1 356 0 -37 0 -163 13 -21 29 2 27 117 -3 0 262 67 -8 -12 -12
1 8763 -46 26 172 2 1 0 -39 0 -150 14 -71 -35 1 -18 -127 6 0 122 25 -9 -3 -3
1 10613 -36 26 -55 -1 0 0 -54 0 36 6 26 -11 -1 9 59 -7 0 1613 478 -1 -97 -97
1 8826 -36 18 16 2 -1 0 -42 0 -20 7 -11 -6 -2 -3 -32 1 0 2485 741 2 -150 -150
1 10609 -21 19 -13 2 4 0 -52 0 7 9 7 -14 1 0 20 0 1 100 31 2 -7 -7
1 8837 -44 17 1 1 -3 0 -42 0 -7 6 -4 -22 -2 -10 12 2 -1 -261 -73 2 14 14
1 10587 -30 18 3 -3 0 -1 -51 0 -2 6 0 -11 -1 11 -30 -4 0 12 6 3 -2 -2
1 8861 -35 22 -5 2 -1 1 -45 0 -3 9 0 -10 -2 1 2 0 0 -423 -121 3 24 24
1 10400 -40 30 -4 0 0 0 -50 0 -2 12 0 -15 -2 1 48 1 0 -443 -126 4 25 25
1 8855 -31 33 -4 1 1 -3 -46 0 -5 14 0 -24 -3 -3 -24 0 0 132 43 3 -10 -10
1 10386 -54 29 2 0 0 3 -50 0 -2 13 -1 -117 -13 -4 -19 -1 0 -626 -183 2 37 37
1 8816 -34 19 -2 3 0 -1 -44 0 -4 10 -1 -47 -10 -6 -36 4 0 -433 -118 8 22 22
1 10453 -55 21 -1 4 0 1 -54 0 0 12 1 -166 -27 -5 21 -3 0 -708 -191 15 35 35
1 8853 -52 52 -9 -1 -1 1 -46 0 5 23 3 -27 -7 4 -29 -1 0 534 186 20 -42 -42
1 10433 -60 45 1 6 0 -1 -54 0 -1 24 -2 -48 -9 -6 8 0 0 -1082 -298 18 56 56
1 8848 -61 51 -2 1 1 -1 -47 0 7 24 3 -60 -11 2 -8 2 1 -892 -251 11 49 49
1 10443 -80 60 -2 0 -1 1 -54 0 10 25 1 -3 -3 -3 24 -1 0 -574 -152 15 27 27
1 8887 -67 60 4 -5 1 -1 -52 0 7 20 1 -13 -2 -4 -26 -1 -1 -477 -136 4 27 27
1 10416 -79 53 -13 -6 0 0 -55 0 22 16 9 -10 -2 3 -4 0 0 -370 -104 5 20 20
1 8861 -66 63 9 4 1 0 -48 0 12 23 -1 -6 -2 2 5 2 0 -197 -54 3 11 11
1 12857 -110 67 -10 37 -2 297 -71 4 31 48 -3 12 2 -3 4 0 1 -138 -38 3 7 7
1 16180 -126 156 8 105 1 1125 -2 -2 49 109 -40 21 3 -3 -29 -2 0 -227 -70 -2 15 15
1 11060 -113 146 -16 -11 0 0 0 0 70 7 17 1 1 5 5 2 0 154 42 -3 -8 -8
1 10468 -94 149 13 13 0 0 0 0 40 6 3 -35 -5 -4 35 -2 -1 -112 -35 -1 7 7
1 11117 -103 173 -3 -3 0 0 0 0 53 -19 18 -15 -2 2 -16 0 0 97 34 4 -8 -8
1 10469 -78 214 5 0 0 0 0 0 40 -31 20 -49 -6 0 -15 0 0 -92 -22 3 4 4
1 11000 -71 273 2 -3 0 0 0 0 32 -49 21 -66 -10 1 3 0 0 50 27 10 -7 -7
1 10472 -81 272 3 2 0 0 0 0 12 -48 17 -50 -9 1 10 0 1 -168 -37 10 5 5
1 10702 -77 -3314 -4 -26 -1 -196 -2 -2 -4 -78 20 -42 -7 -1 1 3 0 -119 -23 9 2 2
1 9154 -74 180 49 -95 61 -1203 -28 0 -55 -130 7 -24 -5 -1 -8 -3 -1 -141 -31 9 5 5
1 10228 -83 165 -12 11 0 0 -54 0 -13 -24 -2 -35 -5 4 -1 1 1 -194 -46 9 7 7
1 9798 -86 119 -9 -1 0 0 -51 0 -13 -28 -6 6 1 -4 11 0 -1 -95 -24 3 4 4
1 10002 -93 107 -3 0 -1 0 -45 0 -25 -19 -5 -15 -2 1 -16 -1 1 -92 -22 5 4 4
1 10005 -87 104 -1 1 1 0 -36 0 -31 -14 -7 2 0 -2 5 1 0 -52 -13 2 2 2
1 10369 -95 103 -1 0 0 0 -41 0 -35 -10 -8 10 2 2 3 -1 0 -58 -17 0 4 4
1 9624 -100 83 -7 3 -1 -1 -39 0 -26 -2 -6 -66 -7 6 31 2 0 27 9 0 -2 -2
1 10374 -110 32 21 14 1 0 -45 2 -33 6 -7 -22 -3 -2 -3 -2 0 564 179 9 -39 -39
1 10752 -98 120 -19 -20 -1 0 -10 2 -28 -1 -10 -261 -40 -2 -10 3 -1 384 122 5 -26 -26
1 10816 -129 40 -6 -1 0 0 0 0 -13 2 -4 11 0 0 -9 0 1 612 235 40 -58 -58
1 9997 -96 83 2 10 0 0 0 0 -33 25 -7 -78 -10 -2 1 0 0 458 149 9 -32 -32
1 10001 -121 120 -3 0 0 0 0 0 -35 34 -12 -29 -5 0 -17 -1 0 287 101 11 -23 -23
1 10001 -102 115 1 -7 0 0 0 0 -29 36 -11 -30 -7 -1 16 1 0 376 125 10 -28 -28
1 9999 -92 99 7 6 0 0 0 0 -19 46 -11 -90 -10 2 -9 -1 0 209 75 9 -17 -17
1 10000 -129 110 0 33 0 0 0 0 -3 73 -9 -17 -6 -3 -3 2 0 367 123 11 -28 -28
1 10002 -125 86 -19 -36 0 0 0 0 23 12 13 24 -5 3 -5 -1 0 339 111 7 -24 -24
1 9997 -84 93 23 -1 0 0 0 0 -1 36 -11 -246 -26 7 -4 -1 0 390 133 12 -29 -29
1 10003 -109 65 -11 -2 0 0 0 0 26 22 9 -88 -17 -14 -1 3 0 557 200 25 -46 -46
1 9998 -107 99 0 18 0 0 0 0 29 44 -1 8 1 2 1 -1 0 629 214 19 -48 -48
1 9999 -124 105 -2 -5 0 0 0 0 40 20 9 -114 -17 0 4 0 0 595 189 8 -40 -40
1 13378 -144 133 13 75 1 1399 0 -2 38 74 -27 -35 -7 -4 -18 -1 0 720 243 20 -53 -53
1 11330 -170 188 -9 26 0 0 0 0 77 22 6 -5 0 -1 -11 0 0 507 164 9 -34 -34
1 10471 -139 241 5 10 0 0 0 0 64 -13 18 -13 -2 2 -5 0 0 325 104 5 -22 -22
1 11058 -138 274 -6 1 0 0 0 0 55 -42 27 -74 -14 -1 5 1 0 270 92 8 -20 -20
1 10471 -127 270 6 3 0 0 0 0 21 -43 20 -58 -7 1 -10 2 0 415 146 16 -32 -32
1 11058 -143 -3201 -9 7 0 0 0 0 14 -68 23 -101 -18 -2 -5 -4 0 372 120 6 -26 -26
1 10036 -120 279 1 -85 1 -1398 0 0 -21 -135 20 -173 -26 0 -10 1 0 397 154 26 -36 -36
1 9774 -129 202 11 -41 -1 -1 -1 2 -39 -86 -5 -260 -43 -1 7 2 0 674 232 21 -50 -50
1 10779 -132 177 -5 -1 0 0 0 0 -40 -32 -7 -108 -20 -7 -6 0 0 1184 427 52 -95 -95
1 10000 -132 158 0 1 0 0 0 0 -51 -21 -12 -46 -9 2 -8 2 0 1681 537 22 -110 -110
1 10001 -121 152 -3 0 0 0 0 0 -55 -4 -12 -108 -23 -3 -4 -2 0 1285 410 17 -83 -83
1 10000 -129 117 3 0 0 0 0 0 -50 7 -15 -63 -10 1 2 2 0 1367 440 20 -89 -89
1 10001 -126 112 -5 2 0 0 0 0 -41 17 -12 -74 -15 0 22 2 0 1211 384 14 -76 -76
1 6326 -78 60 3 -7 0 0 0 0 -21 13 -7 -72 -12 2 -19 3 0 799 255 10 -51 -51
1 5169 -66 54 1 1 0 0 0 0 -18 16 -6 -24 -5 -4 -2 1 0 542 176 9 -35 -35
1 5225 -70 56 2 2 0 0 0 0 -18 20 -7 -40 -9 1 5 -3 -1 511 168 10 -34 -34
1 5241 -56 44 -3 1 0 0 0 0 -8 17 -3 -101 -17 1 5 3 1 93 38 7 -8 -8
1 4974 -66 47 3 -1 0 0 0 0 -8 19 -4 -20 -2 -3 13 1 0 1369 435 15 -85 -85
1 5073 -60 55 -1 0 0 0 0 0 -8 23 -4 -15 -4 4 -26 0 0 734 235 10 -46 -46
1 5226 -67 52 1 -1 0 0 0 0 -6 21 -4 -13 -2 0 4 2 -1 641 203 6 -39 -39
1 5169 -67 53 1 -2 0 0 0 0 -3 22 -3 -21 -4 -2 0 -1 0 652 206 6 -40 -40
1 5011 -54 38 2 -2 0 0 0 0 2 16 -1 -101 -15 1 -5 5 0 566 177 5 -34 -34
1 5162 -62 35 0 1 0 0 0 0 2 16 -1 -76 -5 0 5 7 0 662 213 10 -41 -41
1 5242 -76 42 -3 0 0 0 0 0 6 18 0 -22 1 3 5 3 0 1106 359 16 -70 -70
1 5301 -61 47 1 -1 0 0 0 0 8 19 1 -10 2 0 -5 5 0 2210 681 10 -126 -126
1 10072 -114 117 -1 20 1 222 -1 0 28 58 -1 -12 0 -1 -2 9 1 4601 1406 11 -254 -254
1 9208 -130 125 0 94 0 1178 1 -2 38 104 -34 -12 -3 0 -1 1 0 3849 1172 6 -207 -207
1 5222 -65 69 -3 15 0 0 0 0 30 25 -3 1 2 -1 4 0 0 1791 546 3 -96 -96
1 5158 -68 81 -3 3 0 0 0 0 33 15 3 -4 -2 -2 -6 6 -1 1451 442 3 -77 -77
1 5103 -63 95 -2 -2 0 0 0 0 37 8 8 -6 -1 4 3 1 0 1050 321 2 -55 -55
1 4954 -47 100 6 -3 0 0 0 0 31 1 8 -9 -1 -4 -3 1 0 804 246 2 -43 -43
1 5546 -87 104 0 -1 0 0 0 0 34 -4 10 5 1 1 -3 2 0 820 251 2 -43 -43
1 5153 -58 117 0 0 0 0 0 0 35 -6 10 -2 1 1 24 3 0 622 190 1 -32 -32
1 5109 -73 112 0 6 0 0 0 0 25 -15 12 -6 -2 2 -21 -5 0 525 161 2 -28 -28
1 5039 -64 131 7 -3 0 0 0 0 19 -20 14 -30 -7 -2 -2 -7 0 409 127 2 -22 -22
1 5227 -65 176 1 0 0 0 0 0 24 -27 15 -6 -2 -2 1 -3 0 326 107 5 -19 -19
1 5314 -69 141 2 -2 0 0 0 0 10 -27 13 -26 -6 2 0 3 0 412 129 3 -22 -22
1 5268 -79 192 -2 9 0 0 0 0 10 -27 11 -13 -3 1 6 -11 0 312 103 5 -19 -19
1 4945 -62 -3398 1 -1 0 0 0 0 5 -39 13 -15 -6 -2 -8 -8 0 314 102 5 -18 -18
