version: 66.14
glider: 195
mission: 21
dive: 486
start: 8 10 105 23 56 29
columns: rec,elaps_tms,depth,heading,pitch,roll,AD_pitch,AD_roll,AD_vbd,GC_phase,mag.x,mag.y,mag.z,sbect.TempFreq,sbect.CondFreq,wlbb2fl.sig470nm,wlbb2fl.sig700nm,wlbb2fl.sig695nm,wlbb2fl.temp,aa4330.O2,aa4330.AirSat,aa4330.Temp,aa4330.CalPhase,aa4330.TCPhase,
data:
0 16830 12 634 -531 -166 150 2046 850 6 171 -294 -134 173213 135048 N N N N 245097 98296 26857 28948 30354
1 9999 -2 -68 -73 168 0 0 0 0 6 -4 21 -518 -3 N N N N -2315 -808 69 77 77
1 10001 18 77 -66 -47 0 0 0 0 -22 -11 -9 180 -14 N N N N 753 -19 -183 35 35
1 10001 -24 -126 101 63 0 0 0 0 53 31 25 -522 -5 N N N N 844 157 -103 1 1
1 10000 10 -62 21 -8 0 0 0 0 5 15 -29 612 5 N N N N -217 -56 18 3 3
1 10000 -4 182 -43 -187 0 0 0 0 -42 -22 -24 -312 4 N N N N -1735 -45 370 -62 -62
1 8664 19 -144 -113 208 -4 2 26 -4 8 9 -3 1282 -4 N N N N 998 -347 -426 116 116
1 10088 -5 106 40 -114 0 -1 264 0 -22 -14 -3 -1633 -12 N N N N -17 332 193 -72 -72
1 10016 13 357 5 -63 0 0 252 0 -56 -57 128 -290 -5 N N N N 161 532 266 -107 -107
1 9990 25 -99 -39 61 0 1 245 0 24 10 -22 869 8 N N N N -949 146 301 -70 -70
1 9894 45 -460 -87 443 -4 -1 249 0 24 17 -36 -797 -21 N N N N 1171 553 45 -68 -68
1 10097 38 455 83 -361 -3 2 273 0 -42 -24 66 200 3 N N N N 406 221 32 -30 -30
1 9969 62 466 -49 -269 0 0 271 0 -47 -1 80 -465 -6 N N N N 347 197 32 -27 -27
1 15961 259 -376 69 295 971 0 158 -1 34 5 -18 -651 -44 N N N N 273 116 3 -13 -13
1 8441 154 -91 349 -7 1416 -1 108 1 -28 -5 9 -74 -7 N N N N -104 -45 -2 5 5
1 9767 125 -86 63 -27 2 0 406 0 38 8 -11 10 7 N N N N 204 79 -2 -8 -8
1 8223 95 -108 38 58 -4 877 303 4 43 21 6 47 12 N N N N -159 -52 7 4 4
1 15359 222 -274 -15 56 -5 530 0 -2 110 86 -34 24 7 N N N N 83 0 -19 3 3
1 10000 124 -172 -2 2 0 0 0 0 43 69 -39 10 4 N N N N -60 -41 -9 6 6
1 10000 145 -171 -1 21 0 0 0 0 20 84 -21 -12 1 N N N N 113 32 -8 -2 -2
1 10002 142 3433 1 -5 0 0 0 0 -7 84 -23 5 -2 N N N N -105 -42 1 5 5
1 9998 168 -134 -4 -16 0 0 0 0 -22 68 0 5 1 N N N N -32 -15 -2 2 2
1 10000 155 -153 2 14 0 0 0 0 -42 67 10 18 5 N N N N -11 -17 -7 3 3
1 10002 182 -112 0 -15 0 0 0 0 -42 42 12 -21 -8 N N N N -118 -46 1 5 5
1 9339 149 -110 9 10 0 0 0 0 -48 32 12 58 23 N N N N 19 11 2 -2 -2
1 10661 173 -133 11 -6 0 0 0 0 -64 27 26 51 6 N N N N -41 -54 -21 10 10
1 9970 157 -133 -26 -15 1 -201 2 -1 -60 9 32 3 3 N N N N 43 -4 -12 2 2
1 9411 159 -100 24 -96 51 -1232 0 3 -53 -20 71 34 8 N N N N -90 -37 0 4 4
1 10618 160 -146 23 -4 0 0 0 0 -73 -26 29 -2 2 N N N N 28 -24 -20 7 7
1 10002 146 -74 10 -15 0 0 0 0 -36 -22 14 -13 -6 N N N N 13 13 4 -3 -3
1 9998 147 -122 0 18 0 0 0 0 -46 -34 10 49 13 N N N N -150 -71 -6 9 9
1 9999 131 -128 -3 -1 0 0 0 0 -40 -50 14 30 12 N N N N -4 -6 -2 1 1
1 10000 147 -95 2 -11 0 0 0 0 -22 -46 9 50 9 N N N N 4 -33 -20 7 7
1 10001 135 -111 -3 0 0 0 0 0 -15 -53 7 10 14 N N N N -8 -15 -7 3 3
1 10000 137 -111 -4 6 0 0 0 0 -7 -53 1 5 3 N N N N -62 -31 -3 4 4
1 10000 145 -113 3 -3 0 0 0 0 3 -57 -4 1 0 N N N N -109 -47 -2 6 6
1 10000 127 -128 0 4 0 0 0 0 18 -60 -7 3 2 N N N N -11 -10 -3 1 1
1 10001 134 -126 -3 -7 0 0 0 0 31 -57 -13 6 0 N N N N -111 -54 -5 7 7
1 9999 127 -109 4 3 0 0 0 0 34 -40 -12 2 -1 N N N N -99 -46 -3 6 6
1 10001 148 -125 -1 0 0 0 0 0 48 -39 -19 1 2 N N N N -65 -26 0 2 2
1 9999 131 -100 4 -3 0 0 0 0 43 -23 -18 5 -3 N N N N -15 -6 0 1 1
1 10000 124 -115 0 3 0 0 0 0 55 -15 -18 -1 0 N N N N -74 -30 0 3 3
1 10001 134 -118 -2 5 0 0 0 0 60 -4 -19 3 1 N N N N -119 -53 -3 7 7
1 9999 133 -118 -2 -8 0 0 0 0 59 7 -24 0 1 N N N N 0 -2 -1 0 0
1 9999 124 -98 0 6 0 0 0 0 47 16 -15 5 2 N N N N -6 -3 0 0 0
1 12826 169 -130 -1 142 -8 1452 1 -2 59 52 38 14 -3 N N N N -183 -76 -2 9 9
1 10823 144 -138 -2 -23 0 0 0 0 52 40 -37 18 4 N N N N -129 -56 -1 7 7
1 20001 277 -276 3 -1 0 0 0 0 62 121 -45 17 -2 N N N N -124 -59 -6 7 7
1 20879 289 3264 4 11 0 0 0 0 -15 170 -29 27 -2 N N N N -151 -74 -7 9 9
1 20001 279 -331 -8 -7 0 0 0 0 -105 135 10 35 0 N N N N -237 -114 -11 15 15
1 21170 284 -360 3 -34 -1 -207 0 -1 -174 57 67 139 21 N N N N -196 -124 -25 18 18
1 18830 244 -191 -8 -92 1 -1215 0 3 -90 -37 83 247 59 N N N N -320 -232 -58 36 36
1 19999 288 -175 10 3 0 0 0 0 -77 -43 26 237 71 N N N N -407 -284 -69 44 44
1 20000 267 -166 2 10 0 0 0 0 -57 -58 15 489 106 N N N N -156 -187 -71 33 33
1 20002 234 14 -6 -17 0 0 0 0 6 1 6 5740 1663 N N N N 715 -1334 -927 318 318
1 19999 206 -164 -1 3 0 0 0 0 -40 -71 10 9925 2517 N N N N 6127 -1601 -2261 607 607
1 19999 147 -186 -11 9 0 0 0 0 -13 -88 10 5227 1654 N N N N 8802 528 -1537 232 232
1 20000 170 -270 17 3 0 0 0 0 18 -130 -16 1518 797 N N N N 3324 -708 -1049 289 289
1 20000 156 -40 6 -10 0 0 0 0 7 -21 -7 1398 746 N N N N 914 -608 -509 173 172
1 19999 158 -152 -2 4 0 0 0 0 44 -60 -15 2057 687 N N N N -1329 -1328 -465 255 256
1 23650 199 21 -14 -122 0 -1380 1 -2 -3 -27 -40 2324 928 N N N N -5124 -3045 -685 521 521
1 20000 153 170 -4 4 0 0 0 0 -42 67 36 3976 847 N N N N -4621 -2883 -722 526 526
1 20001 169 41 5 -7 0 0 0 0 -11 15 3 2710 901 N N N N -22846 -9213 -842 1495 1495
1 20000 170 4 11 1 0 0 0 0 -3 4 -3 4254 682 N N N N -32064 -11889 -752 2145 2145
1 19999 181 214 -2 5 0 0 0 0 -17 102 31 1738 941 N N N N -31384 -11263 -696 2403 2403
1 20000 168 163 -8 -3 0 0 0 0 16 77 17 857 664 N N N N -20327 -7086 -404 1738 1738
1 20001 167 215 0 -2 0 0 0 0 49 96 4 1616 596 N N N N -12043 -4298 -408 1195 1195
1 19999 177 29 5 9 0 0 0 0 8 15 -4 3726 770 N N N N -14939 -5241 -512 1581 1581
1 21942 196 21 -4 -5 0 0 0 0 9 6 1 1957 556 N N N N -15398 -5306 -550 1764 1764
1 20000 172 205 3 -4 0 0 0 0 80 65 -15 663 568 N N N N -15339 -5079 -395 1828 1828
1 20000 170 246 4 -2 0 0 0 0 116 41 -35 1625 498 N N N N -10948 -3580 -292 1404 1404
1 20000 155 136 2 5 0 0 0 0 69 1 -25 862 322 N N N N -12000 -3820 -197 1594 1594
1 24058 170 28 16 120 29 1402 1 2 10 23 -60 756 218 N N N N -5734 -1857 -204 842 842
1 20000 140 38 9 2 0 0 0 0 18 -5 -4 394 275 N N N N -1597 -533 -107 257 257
1 20000 133 183 3 -2 0 0 0 0 84 -42 -25 570 274 N N N N -6391 -2008 -121 941 941
1 20000 109 32 -3 0 0 0 0 0 14 -10 -5 1345 241 N N N N -5200 -1644 -158 813 813
1 20000 100 -8 -4 -1 0 0 0 0 -4 2 0 471 229 N N N N -3444 -1097 -158 567 567
1 20000 118 -84 2 1 0 0 0 0 -36 24 11 304 173 N N N N -631 -222 -109 129 129
1 20000 117 -84 3 2 0 0 0 0 -39 19 14 195 115 N N N N -129 -61 -81 44 44
1 20001 115 -160 2 1 0 0 0 0 -81 18 23 659 121 N N N N -549 -195 -104 114 114
1 20000 120 -138 0 -2 0 0 0 0 -70 -2 22 460 132 N N N N -1872 -598 -123 323 323
1 19999 122 -174 -2 0 0 0 0 0 -84 -26 25 198 132 N N N N -4017 -1224 -46 642 642
1 24529 147 23 -13 -123 0 -1399 2 -2 15 -33 53 887 218 N N N N -4196 -1283 -88 700 700
1 20000 137 202 3 -2 0 0 0 0 98 30 -27 337 124 N N N N -1514 -483 -144 285 285
1 20535 121 207 2 39 -1 210 0 -1 104 2 -50 215 128 N N N N -196 -80 -112 59 59
1 19463 115 137 2 87 -6 1169 0 3 63 -11 -64 107 76 N N N N -205 -70 -44 44 44
1 20002 125 147 2 0 0 0 0 0 59 -48 -16 206 76 N N N N -250 -83 -46 52 52
1 20000 123 78 1 -4 0 0 0 0 26 -31 -7 186 73 N N N N -604 -189 -48 111 111
1 19998 121 71 2 2 0 0 0 0 19 -31 -6 195 54 N N N N -526 -161 -22 93 93
1 20003 121 97 4 0 0 0 0 0 20 -46 -5 250 70 N N N N -514 -165 -64 100 100
1 19999 114 33 1 1 0 0 0 0 6 -16 -2 28 58 N N N N -421 -131 -34 78 78
1 20000 116 -11 -1 0 0 0 0 0 -2 5 0 251 49 N N N N -337 -106 -36 64 64
1 20000 99 -40 -1 0 0 0 0 0 -6 20 2 297 73 N N N N -400 -123 -27 73 73
1 20001 97 -89 -3 -3 0 0 0 0 -20 42 5 597 11 N N N N -281 -96 -71 63 63
1 24647 112 -170 -18 123 -10 1376 1 -2 -54 73 -35 283 201 N N N N 322 74 -131 -25 -25
1 20468 102 -156 4 2 0 0 0 0 -65 50 14 18 61 N N N N 715 205 -40 -109 -109
1 20355 110 -171 6 -3 0 0 0 0 -84 33 21 156 57 N N N N 278 74 -45 -36 -36
1 21179 112 -149 -19 -120 0 -1392 0 2 -71 -11 86 194 50 N N N N -85 -30 -31 21 21
1 19997 100 -111 16 0 0 0 0 0 -58 -11 19 48 42 N N N N -883 -261 -2 146 146
1 20001 96 -90 2 -4 0 0 0 0 -44 -16 15 85 26 N N N N -785 -236 -25 136 136
1 20002 133 -91 3 1 0 0 0 0 -40 -23 12 82 38 N N N N -392 -119 -23 71 71
1 19998 111 -115 0 2 0 0 0 0 -45 -36 13 150 26 N N N N -307 -94 -22 56 56
1 20000 119 -173 0 2 0 0 0 0 -53 -68 14 144 42 N N N N -28 -13 -29 11 11
1 20000 128 -96 1 -3 0 0 0 0 -19 -45 6 343 33 N N N N 93 22 -35 -8 -8
1 19999 126 -120 -2 1 0 0 0 0 -14 -58 4 262 77 N N N N 993 283 -58 -153 -153
1 20000 126 -116 3 -3 0 0 0 0 -2 -59 -1 169 65 N N N N 1696 489 -48 -267 -267
1 20001 122 -136 -5 2 0 0 0 0 13 -66 -5 -82 40 N N N N 1161 336 -24 -183 -183
1 24059 149 -83 -12 -119 0 -1357 1 -2 20 -76 -32 -73 14 N N N N -1328 -389 -2 216 216
1 20001 117 106 5 1 0 0 0 0 -20 48 15 -72 -9 N N N N -2653 -774 26 431 431
1 19999 131 202 5 -2 0 0 0 0 -11 96 24 65 0 N N N N -1258 -373 -28 216 216
1 20001 124 201 0 3 0 0 0 0 25 98 14 104 14 N N N N -496 -148 -18 88 88
1 20000 131 203 1 -3 0 0 0 0 58 84 0 128 23 N N N N -26 -10 -17 7 7
1 19999 129 189 -1 1 0 0 0 0 76 61 -11 57 20 N N N N 13 2 -12 1 1
1 20041 125 168 2 0 0 0 0 0 80 33 -19 44 15 N N N N -73 -23 -10 14 14
1 19960 126 169 0 -1 0 0 0 0 85 10 -27 34 15 N N N N -112 -34 -12 21 21
1 21748 135 166 -10 129 -8 1361 0 2 83 8 -88 49 15 N N N N -37 -13 -12 9 9
1 20779 124 130 10 -7 0 0 0 0 57 -33 -14 65 25 N N N N -54 -16 1 9 9
1 20002 125 132 2 -1 0 0 0 0 50 -45 -17 146 36 N N N N 94 25 -18 -12 -12
1 19998 129 63 2 2 0 0 0 0 20 -26 -5 120 36 N N N N 277 83 9 -49 -49
1 20000 123 74 2 -6 0 0 0 0 20 -33 -5 111 27 N N N N 397 110 -39 -58 -58
1 20002 136 -35 0 5 0 0 0 0 -9 16 3 138 28 N N N N 310 87 -26 -47 -47
1 19999 121 -80 -3 -4 0 0 0 0 -24 34 4 243 33 N N N N 351 98 -26 -53 -53
1 20000 148 -94 2 4 0 0 0 0 -33 35 14 193 50 N N N N 479 130 -64 -65 -65
1 20000 141 -86 -1 0 0 0 0 0 -35 27 11 50 55 N N N N 619 176 -30 -96 -96
1 20001 129 -86 3 -1 0 0 0 0 -40 21 12 -28 21 N N N N 477 137 -12 -76 -76
1 24116 177 -143 -19 126 -10 1400 0 -2 -67 35 -44 18 19 N N N N -73 -25 -21 17 17
1 23000 168 -182 16 -123 25 -1392 0 2 -95 -13 93 165 34 N N N N -283 -86 -22 51 51
1 19999 103 -149 12 1 0 0 0 0 -75 -20 22 55 17 N N N N -301 -90 -18 53 53
1 20000 148 -118 0 -2 0 0 0 0 -53 -29 15 48 16 N N N N -371 -109 -9 63 63
1 20000 144 -73 4 -2 0 0 0 0 -31 -23 8 55 19 N N N N -210 -63 -13 37 37
1 20001 143 -52 0 1 0 0 0 0 -19 -18 5 8 15 N N N N -85 -26 -6 16 16
1 20001 143 -74 -2 2 0 0 0 0 -23 -28 7 66 5 N N N N -18 -7 -12 5 5
1 19998 130 -110 -2 0 0 0 0 0 -28 -47 8 130 13 N N N N 284 80 -16 -43 -43
1 20002 149 -126 -2 1 0 0 0 0 -22 -59 6 89 31 N N N N 352 99 -22 -53 -53
1 20000 127 -116 3 -2 0 0 0 0 -9 -58 -1 46 24 N N N N 176 48 -17 -25 -25
1 19999 146 -118 1 2 0 0 0 0 5 -58 -1 56 17 N N N N 146 41 -10 -22 -22
1 24883 175 -65 -15 -124 0 -1366 0 -2 13 -72 -19 123 47 N N N N 85 21 -19 -10 -10
1 20000 147 155 1 1 0 0 0 0 -14 74 19 -35 17 N N N N 63 16 -18 -6 -6
1 20471 170 201 7 3 0 0 0 0 15 99 16 192 28 N N N N 103 25 -30 -11 -11
1 20001 147 246 0 -5 0 0 0 0 64 105 7 105 33 N N N N 260 72 -20 -38 -38
1 19999 154 209 2 4 0 0 0 0 84 68 -13 47 18 N N N N 270 76 -10 -41 -41
1 20000 164 184 -3 2 0 0 0 0 90 34 -21 65 21 N N N N 248 69 -16 -37 -37
1 20001 166 201 -4 -3 0 0 0 0 103 4 -30 62 26 N N N N 268 75 -19 -39 -39
1 26173 194 276 -2 119 -7 1370 0 2 127 -33 -97 -14 16 N N N N 111 31 -5 -16 -16
1 20000 152 177 11 1 0 0 0 0 60 -68 -16 164 16 N N N N -638 -185 -4 103 103
1 20000 170 28 1 -1 0 0 0 0 8 -12 -2 157 43 N N N N -430 -128 -20 74 74
1 39999 310 -216 -3 3 0 0 0 0 -74 83 21 151 40 N N N N 252 67 -40 -32 -32
1 40001 314 -238 4 -3 0 0 0 0 -110 54 34 112 38 N N N N 325 88 -31 -46 -46
1 40000 315 -217 2 4 0 0 0 0 -111 5 32 27 13 N N N N -959 -279 -14 159 159
1 40000 318 -232 -1 -4 0 0 0 0 -112 -39 33 162 32 N N N N -1839 -534 -28 306 306
1 43708 352 83 -10 -120 1 -1376 0 -2 42 -18 44 115 44 N N N N -756 -223 -35 131 131
1 43040 343 444 -6 131 -8 1382 0 2 221 40 -128 187 47 N N N N -489 -146 -35 88 88
1 40782 326 273 12 -8 0 0 0 0 113 -82 -26 196 69 N N N N 105 27 -27 -12 -12
1 40001 306 -39 1 -1 0 0 0 0 -14 15 4 124 41 N N N N 780 221 -23 -124 -124
1 40000 297 -214 -1 -2 0 0 0 0 -91 63 26 192 40 N N N N 808 226 -40 -124 -124
1 39999 299 -275 -1 0 0 0 0 0 -138 23 42 212 59 N N N N 1479 418 -42 -230 -230
1 40001 298 -237 0 3 0 0 0 0 -115 -32 33 117 45 N N N N 1694 480 -35 -263 -263
1 43705 322 121 -11 -122 -1 -1376 0 -2 60 -12 40 117 45 N N N N 116 28 -33 -11 -11
1 42883 335 439 14 121 23 1368 0 2 215 9 -120 183 47 N N N N 360 97 -31 -50 -50
1 40000 259 273 21 -3 0 0 0 0 103 -94 -23 181 64 N N N N 757 212 -31 -113 -113
1 39999 306 -80 -2 4 0 0 0 0 -26 33 7 123 37 N N N N 910 255 -25 -136 -136
1 40000 274 -116 3 -4 0 0 0 0 -45 41 13 145 33 N N N N -790 -232 -31 131 131
1 40001 298 -168 -5 3 0 0 0 0 -77 40 19 161 41 N N N N -724 -211 -30 120 120
1 40000 290 -153 1 -1 0 0 0 0 -78 16 21 97 38 N N N N -493 -146 -28 84 84
1 39998 289 -162 4 0 -1 0 0 0 -85 -7 21 80 33 N N N N -992 -286 -20 161 161
1 39999 289 -132 -3 -3 0 0 0 0 -64 -22 17 179 42 N N N N -1238 -357 -27 203 203
1 40001 276 -254 0 0 0 0 0 0 -103 -77 25 69 27 N N N N -1053 -304 -21 173 173
1 40002 283 -263 -1 6 0 0 0 0 -62 -114 14 121 30 N N N N -614 -177 -19 103 103
1 40000 298 -243 -3 1 0 0 0 0 -6 -121 1 113 37 N N N N -1161 -334 -24 193 193
1 47118 376 55 -67 -126 -81 -1367 -1 -2 22 -19 18 92 41 N N N N -1647 -472 -25 275 275
1 40472 364 479 5 4 0 0 0 0 77 223 19 75 28 N N N N -1261 -360 -18 212 212
1 40468 344 503 3 -1 0 0 0 0 225 108 -60 134 34 N N N N -1237 -354 -22 210 210
1 44295 377 457 31 118 37 1367 0 2 200 -69 -120 110 34 N N N N 559 157 -14 -91 -91
1 39999 307 -87 -2 0 0 0 0 0 -32 31 10 145 37 N N N N 107 27 -27 -13 -13
1 40001 331 -267 5 2 0 0 0 0 -123 60 39 215 42 N N N N -2934 -835 -30 499 499
1 39999 321 -298 2 0 0 0 0 0 -151 -6 46 238 56 N N N N -2116 -604 -44 370 370
1 40002 328 -223 3 -1 0 0 0 0 -101 -52 29 156 64 N N N N -1815 -517 -37 320 320
1 44762 370 183 -19 -117 0 -1370 0 -2 86 10 30 180 67 N N N N -840 -241 -50 154 154
1 41004 351 456 0 130 -7 1377 0 2 225 31 -134 267 74 N N N N -1078 -307 -44 195 195
1 40820 337 279 11 -11 0 0 0 0 110 -91 -26 55 37 N N N N 58 15 -19 -8 -8
1 39999 341 -186 -2 0 0 0 0 0 -69 66 21 177 30 N N N N 5251 1481 -22 -905 -905
1 40000 340 -273 3 0 0 0 0 0 -131 47 43 122 44 N N N N 5579 1570 -30 -920 -920
1 40003 334 -310 0 1 0 0 0 0 -154 -24 47 65 29 N N N N -58 -19 -20 13 13
1 39999 336 -258 -2 2 0 0 0 0 -104 -76 30 125 29 N N N N -2434 -688 -20 402 402
1 44059 390 102 -10 -122 1 -1379 -1 -2 40 -5 36 138 43 N N N N -660 -189 -30 115 115
1 39999 343 487 -2 -4 0 0 0 0 231 77 -61 294 79 N N N N -1742 -495 -48 299 299
1 41060 346 443 7 122 -10 1374 -1 2 190 -87 -119 149 61 N N N N -2644 -746 -32 452 452
1 39999 345 82 3 1 0 0 0 0 22 -36 -7 57 22 N N N N -18 -6 -14 5 5
1 40000 344 -190 0 2 0 0 0 0 -60 78 19 138 28 N N N N 212 57 -25 -32 -32
1 40002 340 -251 -1 -5 0 0 0 0 -112 63 37 82 33 N N N N -915 -258 -22 159 159
1 39998 328 -213 2 3 0 0 0 0 -107 11 35 99 25 N N N N -1043 -294 -17 182 182
1 45356 393 70 -11 -122 0 -1378 -1 -2 38 -28 46 56 25 N N N N -67 -19 -16 14 14
1 42467 364 447 0 120 -10 1376 0 2 201 -66 -127 161 44 N N N N 1285 358 -29 -217 -217
1 40001 349 82 5 0 0 0 0 0 25 -34 -7 115 32 N N N N -1225 -345 -19 213 213
1 39998 339 -270 -3 2 0 0 0 0 -101 94 33 255 50 N N N N -1375 -387 -36 243 243
1 40001 342 -236 3 0 0 0 0 0 -115 34 39 317 79 N N N N -544 -155 -53 101 101
1 40001 345 -251 -1 2 0 0 0 0 -125 -16 41 121 57 N N N N -240 -69 -39 47 47
1 41589 364 191 7 -120 31 -1367 -1 -2 94 -12 27 222 73 N N N N -445 -126 -45 83 83
1 42471 356 496 3 117 -7 1373 0 2 225 -71 -128 192 59 N N N N -402 -114 -28 73 73
1 39998 330 140 6 1 0 0 0 0 40 -60 -10 172 51 N N N N -172 -49 -40 35 35
1 40002 351 -206 1 2 0 0 0 0 -65 85 18 72 25 N N N N -141 -41 -19 27 27
1 39998 336 -234 -3 -1 0 0 0 0 -103 60 33 58 22 N N N N -285 -79 -15 51 51
1 40003 355 -242 2 0 0 0 0 0 -123 13 37 78 24 N N N N -251 -71 -15 46 46
1 43705 397 108 -15 -125 0 -1377 -1 -2 58 -27 40 5 32 N N N N -279 -78 -23 52 52
1 40882 372 400 9 122 -8 1372 0 2 181 -58 -114 377 77 N N N N 91 23 -38 -12 -12
1 40000 348 -118 0 2 0 0 0 0 -47 39 14 185 48 N N N N 18 4 -35 0 0
1 40001 351 -216 4 0 0 0 0 0 -103 42 32 65 30 N N N N 17 4 -21 0 0
1 40000 354 -211 -1 1 0 0 0 0 -107 2 33 229 47 N N N N -73 -21 -31 16 16
1 40002 362 -237 -1 0 0 0 0 0 -112 -42 33 253 71 N N N N -554 -156 -43 102 102
1 43703 403 213 -10 -125 0 -1372 0 -2 103 6 29 152 69 N N N N -586 -163 -48 107 107
1 41473 373 481 -4 121 -9 1370 0 2 233 -17 -134 224 67 N N N N -239 -67 -38 46 46
1 39999 367 119 13 4 0 0 0 0 44 -41 -12 133 46 N N N N 146 39 -22 -23 -23
1 39999 345 -163 -6 -4 0 0 0 0 -64 54 20 131 31 N N N N 385 106 -28 -65 -65
1 40001 352 -214 -1 5 0 0 0 0 -101 39 32 131 41 N N N N 148 40 -28 -23 -23
1 40000 354 -191 6 2 0 0 0 0 -98 2 31 274 54 N N N N 203 54 -33 -32 -32
1 39998 344 -226 -2 -1 0 0 0 0 -107 -38 33 167 74 N N N N -499 -139 -45 92 92
1 43647 398 192 -13 -123 0 -1371 -1 -2 94 1 30 173 50 N N N N 338 92 -37 -55 -55
1 40414 352 456 17 118 21 1381 -1 2 219 -9 -126 184 60 N N N N -299 -83 -35 56 56
1 40000 301 221 17 0 0 0 0 0 80 -80 -20 -2 17 N N N N 1825 501 -9 -314 -314
1 39999 325 -121 -4 4 0 0 0 0 -41 48 10 229 40 N N N N 1981 542 -24 -334 -334
1 40000 317 -198 -4 1 0 0 0 0 -84 57 25 143 43 N N N N 524 142 -34 -84 -84
1 40000 302 -265 4 1 0 0 0 0 -134 24 39 204 45 N N N N 337 91 -30 -53 -53
1 40001 293 -212 0 -2 0 0 0 0 -106 -24 29 77 50 N N N N -359 -100 -28 64 64
1 44704 347 212 -15 -122 0 -1385 0 -2 109 -6 29 157 37 N N N N -346 -97 -31 62 62
1 43061 314 472 2 117 -6 1377 0 2 220 -54 -127 254 69 N N N N -247 -70 -42 46 46
1 39999 278 220 8 3 0 0 0 0 63 -95 -15 156 71 N N N N -164 -47 -37 33 33
1 40000 269 45 2 1 0 0 0 0 8 -22 -2 188 45 N N N N -305 -84 -24 54 54
1 40000 270 -184 -8 -1 0 0 0 0 -44 85 9 466 86 N N N N -989 -273 -64 174 174
1 40000 273 -270 6 0 0 0 0 0 -108 88 34 321 106 N N N N -1039 -286 -67 184 184
1 46528 291 -435 -15 3 -11 7 -1 0 -214 15 66 282 107 N N N N -1785 -488 -60 311 311
1 39999 268 -293 7 -3 0 0 0 0 -129 -77 36 335 91 N N N N -1185 -323 -57 209 209
1 40001 245 -237 -1 5 0 0 0 0 -62 -99 20 256 86 N N N N -437 -119 -54 80 80
1 39999 260 -206 1 -5 0 0 0 0 -21 -103 5 168 63 N N N N -179 -50 -38 35 35
1 40000 244 -214 3 1 0 0 0 0 17 -105 -9 207 59 N N N N 514 139 -35 -86 -86
1 44590 305 239 -13 -123 0 -1391 -1 -2 -13 74 11 507 136 N N N N 17 3 -86 5 5
1 40000 258 472 -1 1 0 0 0 0 105 209 14 249 91 N N N N -620 -168 -58 111 111
1 40000 265 507 -2 -1 0 0 0 0 239 84 -62 173 68 N N N N -157 -43 -39 31 31
1 43883 292 499 6 122 -8 1377 0 2 205 -113 -124 155 55 N N N N 31 8 -31 -3 -3
1 39999 253 201 7 0 0 0 0 0 35 -98 -10 139 49 N N N N -105 -29 -21 20 20
1 39999 269 -124 -6 1 0 0 0 0 -18 62 4 228 49 N N N N -317 -86 -31 57 57
1 40001 271 -175 6 0 0 0 0 0 -47 78 18 294 70 N N N N -44 -12 -53 12 12
1 40001 275 -193 -7 -2 0 0 0 0 -76 63 23 167 65 N N N N 37 9 -38 -4 -4
1 44009 318 -332 7 7 29 -10 -1 0 -165 39 50 301 81 N N N N 199 53 -49 -29 -29
1 40578 271 -287 14 -6 0 0 0 0 -142 -45 41 302 83 N N N N 668 178 -58 -109 -109
1 39998 285 -242 5 -1 0 0 0 0 -91 -83 23 118 49 N N N N 205 54 -25 -32 -32
1 40000 289 -143 -3 4 0 0 0 0 -34 -62 8 225 62 N N N N -462 -124 -36 81 81
1 40000 301 -225 -1 -5 0 0 0 0 -20 -112 6 188 60 N N N N 10 2 -38 1 1
1 40000 299 -272 -1 0 0 0 0 0 34 -131 -12 158 41 N N N N 95 25 -27 -13 -13
1 46001 357 128 -14 -119 0 -1354 -1 -2 -19 21 -8 251 75 N N N N 425 112 -52 -67 -67
1 40414 338 498 -2 2 0 0 0 0 41 237 41 209 64 N N N N 632 168 -43 -102 -102
1 40352 327 521 2 -1 0 0 0 0 220 142 -37 121 50 N N N N 600 159 -28 -97 -97
1 44940 371 574 1 119 -8 1367 -1 2 261 -80 -137 269 58 N N N N -224 -61 -38 41 41
1 39999 339 183 16 2 0 0 0 0 44 -84 -7 265 84 N N N N 21 4 -41 0 0
1 40000 339 -109 -6 3 0 0 0 0 -23 52 4 266 65 N N N N 405 107 -42 -63 -63
1 40001 342 -197 -1 -2 0 0 0 0 -66 78 20 42 34 N N N N 482 127 -28 -76 -76
1 39999 340 -207 3 -1 0 0 0 0 -95 51 28 72 21 N N N N 1335 352 -18 -217 -217
1 40000 361 -229 -1 0 0 -1 -1 0 -116 15 33 63 13 N N N N 674 179 -7 -108 -108
1 40000 339 -278 -2 0 0 0 0 0 -134 -43 38 118 32 N N N N 353 92 -18 -55 -55
1 40000 355 -197 3 -1 0 0 0 0 -77 -65 20 202 44 N N N N 247 64 -31 -36 -36
1 40001 358 -275 -3 2 0 0 0 0 -61 -122 17 107 33 N N N N 317 82 -24 -48 -48
1 39999 341 -202 1 -4 0 0 0 0 -5 -102 -1 254 43 N N N N -4 -2 -29 4 4
1 45294 402 78 -11 -119 0 -1367 0 -2 1 -2 1 306 106 N N N N -280 -77 -67 52 52
1 40000 373 499 2 0 0 0 0 0 104 222 19 166 67 N N N N -122 -34 -40 25 25
1 40002 364 509 -1 3 0 0 0 0 243 82 -58 74 25 N N N N 1621 425 -16 -256 -256
1 43354 372 501 2 119 -7 1368 0 2 207 -115 -120 69 24 N N N N 2236 588 -13 -349 -349
1 39999 360 232 9 -1 0 0 0 0 37 -115 -8 128 38 N N N N 1059 277 -19 -162 -162
1 40000 345 -48 -3 2 0 0 0 0 -4 25 1 285 75 N N N N 1370 357 -43 -204 -204
1 40000 341 -184 0 -1 0 0 0 0 -34 90 9 152 46 N N N N 1154 300 -31 -171 -171
1 40000 346 -201 -3 0 0 0 0 0 -67 79 20 306 44 N N N N 602 154 -36 -86 -86
1 44775 376 -381 -8 89 -11 1190 -2 -3 -181 81 5 189 91 N N N N -1410 -375 -57 223 223
1 38990 320 -356 -1 -88 0 -1193 0 3 -170 -65 101 321 75 N N N N -475 -128 -45 79 79
1 39999 318 -305 -1 -3 0 0 0 0 -102 -114 30 221 61 N N N N -97 -29 -39 21 21
1 40001 323 -248 5 5 0 0 0 0 -33 -118 5 215 73 N N N N -9 -6 -41 7 7
1 40003 336 -191 0 -1 0 0 0 0 12 -95 -4 98 44 N N N N -177 -49 -26 31 31
1 39997 303 -255 -1 0 0 0 0 0 62 -111 -20 175 44 N N N N -24 -8 -27 8 8
1 44059 352 100 -11 -123 0 -1368 0 -2 -27 4 -24 103 35 N N N N 172 42 -25 -23 -23
1 40000 329 497 -1 -1 0 0 0 0 -29 231 64 216 56 N N N N 510 130 -39 -71 -71
1 40000 314 495 -3 1 0 0 0 0 162 188 -10 104 28 N N N N 1003 259 -21 -147 -147
1 40478 297 535 4 133 20 1376 0 0 261 32 -144 305 72 N N N N 833 212 -46 -117 -117
1 39522 289 378 29 -13 1 -1 0 2 128 -144 -23 64 41 N N N N 350 88 -20 -49 -49
1 39999 273 153 1 0 0 0 0 0 21 -77 -5 61 28 N N N N 614 159 -10 -89 -89
1 40000 280 -3520 3 3 0 0 0 0 1 -42 0 105 29 N N N N 103 24 -21 -11 -11
1 40001 279 3586 0 -6 0 0 0 0 1 7 -1 160 31 N N N N 387 98 -22 -54 -54
1 40000 284 -182 -5 4 0 0 0 0 -16 94 4 208 37 N N N N 404 102 -27 -54 -54
1 46587 321 -359 -15 123 -7 1388 -1 -2 -112 153 -25 228 67 N N N N 509 126 -49 -66 -66
1 42000 291 -418 -19 -122 0 -1389 -1 2 -201 41 113 134 50 N N N N 256 63 -28 -32 -32
1 39999 283 -315 24 0 0 0 0 0 -151 -64 43 163 40 N N N N 24 3 -23 0 0
1 40000 296 -239 6 2 0 0 0 0 -80 -90 19 118 37 N N N N -551 -144 -21 84 84
1 40000 296 -187 0 0 0 0 0 0 -32 -88 8 44 17 N N N N 158 39 -13 -21 -21
1 40000 298 -215 1 -3 0 0 0 0 1 -108 -2 120 29 N N N N 1152 295 -19 -163 -163
1 40001 302 -215 0 3 0 0 0 0 40 -99 -12 150 30 N N N N 444 112 -21 -60 -60
1 44355 355 148 -19 -129 -1 -1378 0 -2 -25 26 -8 159 52 N N N N -559 -149 -35 86 86
1 40353 344 484 5 5 0 0 0 0 24 232 44 61 26 N N N N 68 16 -16 -6 -6
1 40350 325 505 3 -2 0 0 0 0 202 154 -28 155 29 N N N N 173 42 -21 -22 -22
1 44531 371 502 -12 122 -9 1376 0 2 244 -27 -135 191 56 N N N N 237 56 -35 -27 -27
1 40000 344 279 18 1 0 0 0 0 85 -115 -19 57 35 N N N N 875 224 -16 -122 -122
1 40000 335 -106 -3 2 0 0 0 0 -26 49 5 114 21 N N N N 1226 313 -15 -171 -171
1 40001 343 -212 0 0 0 0 0 0 -76 79 24 97 21 N N N N 1224 312 -17 -169 -169
1 40001 330 -193 -3 -3 0 0 0 0 -90 41 27 133 25 N N N N 532 134 -18 -70 -70
1 39998 361 -226 5 4 0 0 0 0 -116 10 34 57 27 N N N N -50 -15 -17 10 10
1 43704 398 147 -16 -123 0 -1377 -1 -2 79 -28 34 109 24 N N N N -21 -8 -17 6 6
1 40883 337 423 6 119 -9 1388 0 2 185 -76 -116 152 44 N N N N -42 -15 -28 12 12
1 40001 360 -35 -2 1 0 0 0 0 -12 13 3 36 10 N N N N 40 9 -8 -4 -4
1 40000 353 -210 6 3 0 0 0 0 -88 64 29 100 18 N N N N -173 -47 -13 26 26
1 39999 356 -214 0 0 0 0 0 0 -106 29 32 94 24 N N N N -3 -3 -17 4 4
1 40000 351 -261 -8 -1 0 0 0 0 -129 -21 40 129 29 N N N N -207 -56 -18 33 33
1 43592 393 119 -8 -125 0 -1394 -1 -2 61 -18 41 124 34 N N N N 16 1 -26 2 2
1 39999 357 424 27 120 30 1386 0 2 203 -8 -118 134 36 N N N N 44 8 -21 -2 -2
1 40000 334 49 9 1 0 0 0 0 21 -13 -3 58 25 N N N N -55 -17 -15 11 11
1 39999 311 -243 0 1 0 0 0 0 -115 52 31 288 47 N N N N 462 114 -31 -58 -58
1 40000 331 -188 -4 0 0 0 0 0 -96 6 26 156 47 N N N N 544 133 -38 -68 -68
1 40000 332 -264 4 0 0 0 0 0 -129 -42 33 108 38 N N N N 513 127 -22 -66 -66
1 40000 319 -237 -2 1 0 0 0 0 -88 -81 23 65 24 N N N N 146 36 -13 -17 -17
1 43707 363 149 -10 -120 0 -1376 -1 -2 56 15 32 157 43 N N N N -195 -55 -28 32 32
1 39998 330 490 1 -1 0 0 0 0 234 79 -51 65 27 N N N N 340 84 -16 -43 -43
1 41942 357 466 2 122 -7 1371 0 2 201 -94 -116 79 21 N N N N 363 91 -12 -47 -47
1 39999 318 160 7 -1 0 0 0 0 37 -75 -6 122 33 N N N N 331 82 -16 -42 -42
1 40000 342 -36 -2 0 0 0 0 0 -6 18 0 89 26 N N N N -330 -88 -21 49 49
1 40000 327 -172 2 2 0 0 0 0 -47 77 13 124 24 N N N N 143 34 -15 -16 -16
1 40000 328 -174 -6 -2 0 0 0 0 -67 59 19 71 22 N N N N -96 -27 -18 17 17
1 44614 361 -383 -15 -9 -9 -6 -1 0 -187 42 57 106 24 N N N N 1017 255 -19 -134 -134
1 40799 310 -375 9 8 0 0 0 0 -175 -74 45 92 18 N N N N 1143 288 -12 -151 -151
1 40000 323 -248 2 0 0 0 0 0 -74 -101 18 30 18 N N N N -488 -126 -13 68 68
1 40001 310 -256 1 -2 0 0 0 0 -24 -126 6 128 18 N N N N -1079 -276 -12 148 148
1 39999 320 -281 1 4 0 0 0 0 37 -133 -13 73 26 N N N N -124 -34 -18 20 20
1 40001 316 -227 -1 1 0 0 0 0 74 -86 -23 39 16 N N N N 120 29 -9 -14 -14
1 44351 340 105 -15 -123 -1 -1373 0 -2 -35 3 -29 24 9 N N N N 172 42 -7 -22 -22
1 39999 342 471 2 -3 0 0 0 0 -71 208 70 53 10 N N N N 57 13 -10 -5 -5
1 40000 298 480 1 3 0 0 0 0 114 209 12 93 21 N N N N -171 -46 -15 26 26
1 40000 329 488 -3 -3 0 0 0 0 235 72 -57 36 11 N N N N 132 32 -8 -16 -16
1 44473 330 459 9 125 -8 1383 0 2 192 -98 -117 179 42 N N N N 370 90 -25 -45 -45
1 39999 313 -65 -1 1 0 0 0 0 -20 27 6 79 23 N N N N 237 58 -12 -29 -29
1 40001 307 -239 1 -1 0 0 0 0 -98 75 30 109 25 N N N N 269 65 -18 -32 -32
1 39999 294 -247 -1 0 0 0 0 0 -123 28 37 34 17 N N N N 304 75 -11 -39 -39
1 40000 301 -239 1 2 0 0 0 0 -119 -23 35 26 6 N N N N 231 57 -5 -29 -29
1 44645 341 202 -14 -128 0 -1387 -1 -2 103 -10 30 85 13 N N N N 100 24 -11 -11 -11
1 40060 297 439 18 123 21 1386 0 2 206 -39 -120 162 35 N N N N 258 60 -26 -29 -29
1 40001 278 204 14 2 0 0 0 0 65 -83 -13 88 34 N N N N 171 41 -16 -19 -19
1 40001 302 -90 -1 1 0 0 0 0 -25 40 6 103 27 N N N N 123 28 -15 -13 -13
1 39998 274 -187 2 0 0 0 0 0 -72 66 20 109 23 N N N N 260 62 -17 -31 -31
1 40001 291 -208 -4 1 0 0 0 0 -99 41 27 149 30 N N N N 218 51 -22 -24 -24
1 39999 289 -199 3 -1 0 0 0 0 -103 5 27 77 26 N N N N 132 30 -18 -13 -13
1 44472 339 204 -19 -122 0 -1385 0 -2 109 -31 26 141 34 N N N N -214 -59 -28 34 34
1 44235 309 421 7 122 -6 1385 -1 2 176 -94 -106 143 46 N N N N 88 17 -26 -6 -6
1 40000 307 197 8 0 0 0 0 0 41 -94 -10 138 38 N N N N 186 44 -19 -20 -20
1 39998 285 112 3 1 0 0 0 0 8 -58 -2 70 26 N N N N -43 -14 -18 9 9
1 40000 319 -3439 -4 1 0 0 0 0 -10 -84 0 70 19 N N N N 64 14 -11 -6 -6
1 40000 295 202 -1 1 0 0 0 0 -46 -96 11 27 10 N N N N 247 61 -8 -30 -30
1 41355 308 -183 -13 120 -10 1402 0 -2 44 93 0 77 7 N N N N -37 -12 -8 6 6
1 40354 303 3190 1 3 0 0 0 0 -16 207 -38 157 40 N N N N 925 228 -28 -114 -114
1 40351 332 -401 0 -2 0 0 0 0 -149 147 15 100 31 N N N N 1057 262 -17 -134 -134
1 44822 321 -422 -4 -120 0 -1405 -1 2 -211 -2 121 117 26 N N N N -102 -29 -19 18 18
1 40001 302 -238 5 -5 0 0 0 0 -106 -61 31 129 27 N N N N -116 -33 -19 19 19
1 40000 301 -218 4 3 0 0 0 0 -69 -86 16 131 35 N N N N 263 62 -20 -29 -29
1 39999 313 -189 3 0 0 0 0 0 -31 -90 2 139 36 N N N N 490 118 -23 -58 -58
1 40002 309 -204 -3 -2 0 0 0 0 3 -103 2 103 31 N N N N 1279 316 -20 -159 -159
1 44470 358 117 -14 -124 0 -1372 0 -2 0 16 4 99 27 N N N N 1042 256 -22 -128 -128
1 40355 318 484 0 2 0 0 0 0 96 219 20 106 28 N N N N 994 245 -19 -120 -120
1 40351 325 517 3 -1 0 0 0 0 243 89 -57 101 29 N N N N 744 182 -17 -90 -90
1 43412 340 482 3 123 -9 1377 0 2 205 -100 -121 113 33 N N N N 1129 278 -18 -136 -136
1 40001 312 118 7 2 0 0 0 0 28 -55 -6 95 27 N N N N -232 -61 -15 32 32
1 39999 326 -80 -4 0 0 0 0 0 -18 38 4 107 26 N N N N 577 140 -16 -67 -67
1 40000 315 -251 -2 -3 0 0 0 0 -87 96 26 54 14 N N N N 1153 285 -12 -140 -140
1 40001 295 -226 3 3 0 0 0 0 -107 46 32 68 16 N N N N 476 116 -11 -55 -55
1 39999 333 -280 -3 0 1 0 -1 0 -142 -5 42 111 22 N N N N 588 143 -15 -69 -69
1 40000 298 -262 0 1 0 0 0 0 -116 -62 35 111 24 N N N N 18 0 -18 3 3
1 39999 314 -306 2 -1 0 0 0 0 -88 -126 24 112 27 N N N N -413 -107 -19 55 55
1 40002 315 -272 -2 0 0 0 0 0 -15 -135 2 84 28 N N N N -23 -11 -18 8 8
1 39999 312 -251 1 0 0 0 0 0 44 -117 -14 36 15 N N N N -379 -97 -10 49 49
1 44000 354 157 -10 -122 -1 -1377 0 -2 -30 32 -9 48 13 N N N N 79 18 -9 -8 -8
1 40001 311 457 -3 -3 0 0 0 0 23 218 44 137 28 N N N N 266 61 -22 -27 -27
1 39999 319 493 -3 1 0 0 0 0 194 157 -26 67 22 N N N N 195 44 -15 -19 -19
1 43118 329 514 23 118 30 1377 -1 2 246 -16 -130 92 20 N N N N -45 -14 -12 8 8
1 40000 269 290 16 0 0 0 0 0 91 -118 -21 100 32 N N N N 731 178 -16 -85 -85
1 40001 287 187 2 4 0 0 0 0 23 -95 -4 94 24 N N N N 770 188 -13 -90 -90
1 40000 288 -3358 -1 2 0 0 0 0 -21 -125 1 78 21 N N N N 499 120 -15 -56 -56
1 39999 273 249 -2 0 0 0 0 0 -74 -108 17 62 17 N N N N -293 -76 -13 39 39
1 39999 294 246 5 -7 0 0 0 0 -112 -66 28 75 20 N N N N 528 128 -11 -61 -61
1 44587 306 -269 -19 125 -8 1385 0 -2 122 90 8 124 24 N N N N -37 -15 -22 10 10
1 40000 269 -432 2 2 0 0 0 0 86 196 -62 160 38 N N N N 39 3 -25 2 2
1 40000 284 3170 -7 0 0 0 0 0 -82 204 -21 51 16 N N N N -175 -47 -14 25 25
1 40903 268 -435 2 -35 0 -202 -1 -1 -203 96 55 57 19 N N N N -203 -53 -9 27 27
1 39513 280 -363 6 -92 0 -1192 0 3 -178 -65 98 61 13 N N N N -68 -19 -8 10 10
1 39999 275 -307 7 5 0 0 0 0 -106 -113 23 59 16 N N N N 28 5 -8 -1 -1
1 39999 274 -253 -3 -1 0 0 0 0 -31 -123 8 40 10 N N N N 167 40 -8 -18 -18
1 40002 272 -243 4 0 0 0 0 0 22 -119 -8 32 6 N N N N -150 -39 -5 20 20
1 39999 292 -218 -2 2 0 0 0 0 60 -91 -17 86 19 N N N N -29 -10 -10 5 5
1 45117 331 194 -13 -125 0 -1377 0 -2 -51 43 -10 52 13 N N N N 21 2 -14 2 2
1 40000 287 492 -1 3 0 0 0 0 -1 235 54 101 21 N N N N -13 -9 -19 6 6
1 40000 291 483 -6 -3 0 0 0 0 179 167 -13 96 24 N N N N 265 62 -16 -27 -27
1 41707 308 518 -11 125 -9 1393 0 2 257 6 -137 90 26 N N N N 423 101 -14 -47 -47
1 39997 282 293 23 -3 0 0 0 0 101 -110 -23 81 23 N N N N 298 71 -11 -33 -33
1 38789 212 134 212 7 212 0 -112 -4 7 -63 66 51 13 N N N N 158 35 -12 -15 -15
1 40005 181 -45 25 -3 -1 -1 -173 0 -4 25 -10 20 2 N N N N 23 5 -4 -2 -2
1 39888 133 -144 -14 8 -1 3 -166 0 -36 72 -7 14 -7 N N N N -21 -7 -5 4 4
1 55799 -5 -172 313 2 490 -2 -187 0 -154 66 94 -104 -2 N N N N 30 5 -11 -1 -1
1 24269 -88 22 6 11 2 0 -105 0 5 -4 2 126 19 N N N N 38 10 1 -5 -5
1 40002 -238 31 -14 -9 -1 -1 -167 0 21 -13 3 -16 7 N N N N 50 13 5 -7 -7
1 40014 -303 -20 -32 -6 1 1 -168 0 2 5 -7 -50 -1 N N N N -10 -1 5 0 0
1 44531 -391 -199 -101 -123 10 -1437 -103 2 -77 8 26 -104 -27 N N N N 5 6 16 -5 -5
1 39271 -339 -346 80 122 -85 1374 -55 -2 -188 48 -121 -57 -11 N N N N -98 -22 12 9 9
1 40005 -330 -269 -42 3 -2 -1 -167 0 -110 -64 -26 -117 -28 N N N N -78 -14 17 4 4
1 42371 -346 -353 -120 -5 1 0 -51 4 -85 -131 -17 -137 -34 N N N N -607 -145 21 67 67
1 39999 -342 -252 -6 1 0 0 0 0 -10 -125 1 -92 -22 N N N N -237 -54 16 24 24
1 39998 -325 -171 -1 2 0 0 0 0 23 -82 6 -62 -17 N N N N -163 -36 15 16 16
1 40001 -346 -218 1 1 0 0 0 0 65 -89 15 -37 -11 N N N N -67 -15 7 6 6
1 40000 -331 -199 -2 -1 0 0 0 0 85 -57 20 -81 -17 N N N N 158 42 12 -22 -22
1 38705 -353 -2 146 4 61 0 -118 -4 -23 9 -15 -57 -20 N N N N -111 -25 11 10 10
1 45000 -445 668 -83 128 -1 1390 -29 2 -157 259 -60 -125 -22 N N N N 20 10 16 -6 -6
1 41238 -427 782 -3 3 0 0 0 0 228 297 9 -171 -41 N N N N 337 90 28 -48 -48
1 40147 -404 671 -14 -131 8 -1374 -48 2 310 -123 165 -148 -46 N N N N 122 38 27 -22 -22
1 40791 -413 -3237 -16 0 0 0 0 0 59 -177 15 -94 -22 N N N N -398 -95 16 44 44
1 40000 -391 3522 3 3 0 0 0 0 -1 41 -1 -124 -31 N N N N 274 74 19 -38 -38
1 40000 -389 -231 -5 0 0 0 0 0 -38 113 -14 -153 -39 N N N N -352 -82 24 36 36
1 40000 -400 -277 4 1 0 0 0 0 -101 102 -31 -82 -24 N N N N -841 -204 19 96 96
1 40000 -404 -302 -4 -3 0 0 0 0 -148 41 -42 -151 -38 N N N N -439 -104 19 49 49
1 40001 -392 -284 5 2 0 0 0 0 -142 -32 -42 -84 -20 N N N N -364 -85 22 39 39
1 39999 -397 -270 0 0 0 0 0 0 -106 -87 -29 -51 -15 N N N N -365 -89 10 41 41
1 40001 -381 -273 0 -1 0 0 0 0 -55 -125 -13 -127 -28 N N N N -117 -25 16 11 11
1 39999 -416 -216 -3 -2 0 0 0 0 1 -108 4 -139 -32 N N N N -56 -8 24 0 0
1 40000 -404 -268 4 2 0 0 0 0 56 -121 15 -158 -38 N N N N 833 214 25 -108 -108
1 41473 -440 153 8 126 0 1397 0 -2 -39 74 7 -71 -20 N N N N -83 -16 18 5 5
1 40000 -419 782 5 1 0 0 0 0 100 348 -53 -155 -31 N N N N -533 -128 19 61 61
1 42884 -465 760 -14 -127 -28 -1406 0 2 368 -15 164 -161 -43 N N N N -1341 -328 28 158 158
1 39999 -370 319 -15 5 0 0 0 0 96 -134 23 -89 -26 N N N N 1 4 20 -5 -5
1 40001 -382 -287 -6 -4 0 0 0 0 -78 123 -24 -125 -34 N N N N -342 -80 20 37 37
1 39997 -376 -294 5 1 0 0 0 0 -136 71 -36 -116 -30 N N N N -843 -206 19 100 100
1 40000 -394 -296 -7 -2 0 0 0 0 -151 -5 -38 -129 -32 N N N N -1107 -273 20 134 134
1 40000 -377 -299 6 -3 0 0 0 0 -133 -77 -34 -137 -37 N N N N -1206 -297 24 146 146
1 40528 -402 55 15 130 0 1398 -50 -2 19 24 -51 -181 -48 N N N N -1428 -352 29 175 175
1 38695 -415 736 60 -154 5 -1397 1 -2 349 16 160 -178 -39 N N N N -989 -241 32 120 120
1 43542 -404 404 -75 27 0 -1 -34 4 135 -163 23 -127 -41 N N N N 182 50 24 -29 -29
1 40000 -392 -284 -8 0 0 0 0 0 -73 126 -23 -198 -53 N N N N -1004 -245 33 122 122
1 39999 -395 -243 5 -2 0 0 0 0 -108 67 -27 -55 -19 N N N N -611 -152 12 77 77
1 40001 -394 -234 -3 0 0 0 0 0 -120 17 -30 -93 -22 N N N N -582 -143 15 72 72
1 39999 -407 -234 -1 -1 0 0 0 0 -117 -29 -29 -167 -40 N N N N -269 -63 25 30 30
1 45823 -532 403 66 135 82 1406 0 -2 189 44 -15 -275 -69 N N N N -465 -108 45 51 51
1 44884 -496 620 -43 -125 -39 -1413 0 2 226 -237 132 -163 -43 N N N N 29 13 31 -11 -11
1 39999 -448 -172 5 -3 0 0 0 0 -35 82 -9 -171 -46 N N N N -1 4 27 -6 -6
1 40000 -428 -225 -7 1 0 0 0 0 -76 85 -27 -153 -46 N N N N -198 -44 29 20 20
1 40000 -444 -273 1 1 0 0 0 0 -130 54 -39 -212 -53 N N N N -269 -63 30 29 29
1 40000 -453 -261 8 -5 0 0 0 0 -134 -10 -39 -88 -30 N N N N -264 -62 26 29 29
1 44236 -502 270 8 127 -1 1411 0 -2 135 28 -24 -89 -18 N N N N -291 -71 13 36 36
1 44059 -506 611 -9 -130 9 -1417 -1 2 231 -217 139 -170 -39 N N N N -691 -170 26 87 87
1 40000 -441 -96 0 0 0 0 0 0 -19 46 -6 -166 -48 N N N N -241 -56 32 25 25
1 40001 -458 -249 4 3 0 0 0 0 -85 98 -27 -78 -23 N N N N -356 -88 12 45 45
1 39998 -450 -277 -2 -2 0 0 0 0 -130 55 -41 -106 -29 N N N N -266 -63 22 31 31
1 40000 -445 -268 2 -1 0 0 0 0 -137 -12 -41 -52 -11 N N N N 6 3 10 -2 -2
1 44237 -526 304 10 134 -1 1411 1 -2 152 30 -22 -187 -45 N N N N -312 -74 30 35 35
1 44000 -513 685 -3 -138 10 -1402 -1 2 227 -268 145 -102 -22 N N N N 439 113 13 -62 -62
1 39999 -470 -3279 -5 4 0 0 0 0 -24 -163 -7 -128 -32 N N N N 787 204 23 -110 -110
1 40000 -447 -116 1 3 0 0 0 0 20 59 6 -107 -28 N N N N -850 -212 20 110 110
1 40000 -464 3354 -6 0 0 0 0 0 4 127 -4 -173 -42 N N N N -559 -138 25 70 70
1 40001 -467 -296 4 0 0 0 0 0 -71 135 -22 -199 -58 N N N N -100 -19 39 6 6
1 44630 -540 -587 30 7 8 4 1 0 -281 89 -95 -92 -26 N N N N -141 -33 18 15 15
1 40779 -465 -336 -24 -8 0 0 0 0 -145 -80 -38 -219 -56 N N N N -700 -173 36 88 88
1 40000 -469 -226 -2 -1 0 0 0 0 -66 -92 -19 -61 -19 N N N N 50 15 15 -10 -10
1 40000 -491 -301 0 -6 0 0 0 0 -24 -148 -4 -255 -55 N N N N -213 -50 26 24 24
1 40002 -472 -269 0 5 0 0 0 0 45 -126 13 -260 -72 N N N N -286 -64 53 29 29
1 39998 -479 -272 3 0 0 0 0 0 97 -95 31 -204 -58 N N N N -669 -165 39 84 84
1 45295 -559 333 22 134 0 1399 0 -2 -113 128 -18 -270 -66 N N N N -597 -146 44 74 74
1 40473 -530 815 0 -1 0 0 0 0 89 363 -57 -109 -38 N N N N -12 1 30 -4 -4
1 36712 -468 719 -13 -131 -30 -1401 0 2 345 3 174 -206 -42 N N N N 78 24 23 -15 -15
1 40815 -449 520 -30 1 0 0 0 0 133 -229 34 -146 -44 N N N N 123 36 34 -24 -24
1 40000 -480 -3183 -1 3 0 0 0 0 -72 -200 -17 -163 -47 N N N N 296 80 29 -47 -47
1 40000 -460 -69 1 1 0 0 0 0 22 29 6 -128 -37 N N N N 354 95 21 -54 -54
1 40000 -456 -250 -1 1 0 0 0 0 47 122 11 -89 -25 N N N N -180 -43 20 21 21
1 40000 -463 3324 5 -6 0 0 0 0 -15 140 -6 -122 -27 N N N N -1132 -289 14 156 156
1 45473 -531 -563 8 -125 8 -1401 -1 -2 -214 149 -4 -281 -74 N N N N -1411 -357 48 190 190
1 40823 -478 -488 -4 124 1 1408 1 2 -238 -14 -131 -94 -31 N N N N -980 -249 23 135 135
1 39999 -459 -176 -7 2 0 0 0 0 -64 -61 -16 -228 -59 N N N N -546 -136 36 71 71
1 40001 -467 -232 3 -3 0 0 0 0 -52 -105 -12 -162 -44 N N N N 337 90 29 -53 -53
1 40000 -460 -215 3 -3 0 0 0 0 -9 -107 -3 -99 -27 N N N N -665 -169 20 92 92
1 39999 -443 -270 0 3 0 0 0 0 46 -126 15 -147 -41 N N N N -862 -219 28 119 119
1 43764 -505 264 10 133 0 1396 -1 -2 -46 128 -12 -271 -64 N N N N 176 51 43 -33 -33
1 40355 -475 817 10 -2 0 0 0 0 208 323 -16 -327 -81 N N N N 6 7 52 -10 -10
1 42173 -488 718 -10 -131 10 -1408 1 2 329 -121 174 -169 -61 N N N N -151 -34 36 16 16
1 40001 -429 248 -6 -1 0 0 0 0 51 -119 13 -166 -47 N N N N -146 -35 29 16 16
1 39999 -445 -54 -3 1 0 0 0 0 -5 28 -4 -83 -27 N N N N -100 -23 22 11 11
1 40001 -441 -233 2 -1 0 0 0 0 -55 107 -16 -303 -81 N N N N -805 -204 40 111 111
1 39999 -425 -184 0 3 0 0 0 0 -72 63 -23 -172 -50 N N N N -309 -77 37 39 39
1 45946 -496 -537 19 -5 6 13 -1 0 -268 25 -83 -98 -28 N N N N -705 -180 25 100 100
1 39998 -423 -322 -13 3 0 0 0 0 -128 -97 -38 -224 -50 N N N N -1079 -278 30 156 156
1 40001 -418 -283 2 -3 0 0 0 0 -58 -129 -15 -165 -47 N N N N -1068 -275 31 155 155
1 40000 -407 -265 -4 6 0 0 0 0 8 -131 6 -189 -54 N N N N -388 -99 34 53 53
1 40001 -424 -271 0 -2 0 0 0 0 68 -117 20 -239 -66 N N N N -112 -25 43 11 11
1 39999 -399 -217 0 0 0 0 0 0 88 -65 29 -393 -101 N N N N -612 -155 51 85 85
1 43351 -472 347 13 129 -1 1397 1 -2 -128 126 -15 -327 -91 N N N N 1 6 65 -10 -10
1 39999 -415 775 8 1 0 0 0 0 49 351 -73 -231 -82 N N N N 1468 389 52 -231 -231
1 42166 -439 812 -6 -133 -22 -1407 -1 2 381 25 179 -395 -108 N N N N 315 89 65 -58 -58
1 40835 -378 457 -28 3 0 0 0 0 125 -198 30 -89 -43 N N N N -807 -209 30 118 118
1 40000 -372 -61 0 3 0 0 0 0 -6 32 -2 -62 -22 N N N N -930 -243 16 140 140
1 39998 -365 -256 -3 -3 0 0 0 0 -58 117 -19 -177 -39 N N N N -2746 -721 23 423 423
1 40000 -373 -195 3 2 0 0 0 0 -77 66 -24 -172 -48 N N N N -1718 -451 30 267 267
1 40000 -365 -197 -5 -6 0 0 0 0 -94 35 -25 -230 -68 N N N N -784 -204 34 120 120
1 40000 -367 -203 4 8 0 0 -75 0 -106 2 -32 -276 -82 N N N N 4 3 51 -7 -7
1 40003 -383 -214 -8 2 0 0 0 0 -102 -37 -28 -215 -70 N N N N 115 33 42 -23 -23
1 39997 -368 -266 1 -4 0 0 0 0 -100 -91 -25 -173 -45 N N N N -157 -40 35 21 21
1 40002 -364 -277 0 -1 0 0 0 0 -49 -130 -9 -35 -13 N N N N -419 -110 13 66 66
1 39999 -378 -257 -3 1 0 0 0 0 14 -127 7 -338 -78 N N N N -908 -238 43 141 141
1 41236 -392 -87 11 128 0 1405 -64 -2 17 -29 28 -331 -93 N N N N -1088 -286 63 171 171
1 40002 -395 768 13 6 0 0 0 0 65 346 -72 -259 -78 N N N N -822 -216 57 129 129
1 39847 -413 785 -4 -137 8 -1407 1 -2 376 16 166 -250 -69 N N N N 241 65 42 -44 -44
1 40973 -395 -3071 -21 2 0 -1 -43 4 126 -236 31 -357 -95 N N N N -137 -34 55 17 17
1 40000 -399 3443 3 -1 0 0 0 0 -11 81 -3 -184 -72 N N N N -1069 -284 46 174 174
1 40000 -408 -185 -1 3 0 0 0 0 -41 87 -15 -369 -112 N N N N -652 -173 55 104 104
1 40001 -415 -244 -2 0 0 0 0 0 -94 85 -26 -243 -71 N N N N -601 -159 59 96 96
1 39999 -406 -295 3 -3 0 0 0 0 -148 39 -38 -470 -122 N N N N 225 61 62 -43 -43
1 40000 -418 -311 -3 1 0 0 -3 0 -153 -41 -42 -266 -86 N N N N -413 -110 57 65 65
1 40000 -419 -337 -1 -2 0 0 0 0 -119 -121 -28 -402 -120 N N N N -322 -85 74 49 49
1 40000 -441 -281 1 1 0 0 0 0 -34 -136 -5 -190 -62 N N N N 67 18 42 -15 -15
1 40001 -434 -234 -5 3 0 0 0 0 25 -114 9 -234 -70 N N N N 105 29 45 -22 -22
1 39999 -450 -296 6 -3 0 0 0 0 92 -116 23 -258 -74 N N N N -115 -30 43 16 16
1 44237 -516 146 -2 123 0 1400 0 -2 -52 66 23 -635 -158 N N N N 372 102 97 -72 -72
1 40410 -468 811 29 11 0 0 0 0 9 363 -98 -236 -90 N N N N 599 163 68 -109 -109
1 40776 -481 820 10 -138 9 -1396 -1 2 380 52 169 -379 -110 N N N N -191 -51 65 27 27
1 40814 -465 516 -33 6 0 0 0 0 144 -220 31 -398 -120 N N N N -407 -109 69 64 64
1 40000 -453 2 4 0 0 0 0 0 -1 -1 3 -278 -94 N N N N 826 226 59 -148 -148
1 40000 -466 -234 -6 1 0 0 0 0 -33 116 -14 -489 -141 N N N N 1085 297 73 -194 -194
1 40000 -450 -258 3 0 0 0 0 0 -90 99 -26 -346 -117 N N N N 1128 310 82 -202 -202
1 40000 -458 -224 3 0 0 0 0 0 -107 46 -30 -189 -64 N N N N 1359 373 39 -236 -236
1 40001 -445 -270 -6 4 0 0 0 0 -138 -2 -40 -307 -91 N N N N 644 178 54 -116 -116
1 39999 -433 -370 2 -4 0 0 0 0 -159 -99 -42 -157 -55 N N N N 363 102 41 -66 -66
1 40000 -447 -302 -1 3 0 0 0 0 -66 -136 -12 -265 -72 N N N N 674 186 40 -119 -119
1 40000 -433 -299 -2 -2 0 0 0 0 13 -148 8 -300 -87 N N N N 694 194 58 -124 -124
1 40001 -440 -256 0 -5 0 0 0 0 68 -109 19 -90 -33 N N N N -96 -25 29 13 13
1 43117 -472 370 15 131 0 1397 0 -2 -82 170 -23 -282 -67 N N N N -2510 -687 42 421 421
1 40001 -453 823 10 2 0 0 0 0 205 327 -22 -154 -53 N N N N -1312 -359 35 223 223
1 41119 -434 740 -19 -131 0 -1397 0 2 342 -128 167 -428 -116 N N N N -396 -107 60 62 62
1 39998 -406 14 0 3 0 0 0 0 4 -5 0 -192 -75 N N N N 1016 282 61 -183 -183
1 40000 -417 -204 -6 1 0 0 0 0 -69 78 -24 -140 -43 N N N N -802 -220 27 137 137
1 40000 -407 -222 -1 0 0 0 0 0 -104 50 -29 -217 -66 N N N N -238 -65 40 38 38
1 40001 -403 -274 12 -3 0 0 0 0 -143 2 -39 -304 -86 N N N N -455 -124 46 75 75
1 41468 -421 227 1 125 0 1408 0 -2 116 22 -32 -241 -73 N N N N 337 95 52 -65 -65
1 43177 -453 625 -10 -121 0 -1409 0 2 234 -223 133 -188 -56 N N N N 421 118 40 -78 -78
1 40000 -402 -163 -4 -8 0 0 0 0 -34 74 -12 -243 -77 N N N N 252 71 41 -49 -49
1 40000 -411 -240 6 4 0 0 0 0 -91 88 -24 -191 -61 N N N N 13 5 45 -7 -7
1 40000 -408 -219 -3 0 0 0 0 0 -105 41 -31 -87 -31 N N N N 51 15 23 -11 -11
1 40002 -417 -283 5 0 0 0 0 0 -146 -9 -41 -77 -25 N N N N 119 34 16 -23 -23
1 43352 -470 336 12 124 0 1408 0 -2 169 25 -14 -143 -32 N N N N 224 63 21 -42 -42
1 43352 -478 694 -12 -118 0 -1416 0 2 216 -283 128 -279 -74 N N N N 258 74 51 -51 -51
1 39999 -430 -55 -9 -5 0 0 0 0 0 27 -5 -217 -58 N N N N -110 -29 32 16 16
1 40001 -439 -231 6 6 0 0 0 0 -45 113 -13 -184 -64 N N N N 434 123 43 -81 -81
1 39998 -430 -269 1 -3 0 0 0 0 -101 94 -30 -422 -126 N N N N 202 59 73 -44 -44
1 40002 -435 -252 -3 -1 0 0 0 0 -124 37 -34 -126 -46 N N N N 380 108 35 -71 -71
1 40000 -441 -227 4 -1 0 0 0 0 -117 -14 -31 -101 -35 N N N N 2293 643 24 -403 -403
1 40001 -447 -255 -3 -2 0 0 0 0 -112 -65 -29 -196 -51 N N N N 1049 296 29 -185 -185
1 40001 -448 -235 -6 3 0 0 0 0 -70 -95 -15 -139 -46 N N N N 286 82 37 -54 -54
1 39996 -441 -218 -1 -3 0 0 0 0 -27 -106 -3 -138 -33 N N N N -955 -266 18 162 162
1 40001 -458 -244 2 0 0 0 0 0 19 -120 4 -153 -51 N N N N 365 105 37 -68 -68
1 44176 -508 248 10 126 0 1410 0 -2 -19 127 -15 -179 -40 N N N N -114 -30 30 16 16
1 40000 -476 825 13 3 0 0 0 0 267 287 6 -304 -89 N N N N 1683 476 52 -297 -297
1 41062 -469 678 -12 -131 0 -1402 0 2 297 -170 155 -161 -58 N N N N 2180 618 41 -377 -377
1 39999 -470 -42 -6 4 0 0 0 0 -9 20 -7 -77 -29 N N N N 987 279 21 -170 -170
1 39999 -452 -242 2 -3 0 0 0 0 -89 88 -24 -83 -24 N N N N 2089 591 15 -350 -350
1 40001 -455 -219 -8 1 0 0 0 0 -103 43 -30 -235 -62 N N N N 3008 852 37 -499 -499
1 40000 -451 -231 0 4 0 0 0 0 -120 0 -33 -116 -40 N N N N -5744 -1617 27 945 945
1 44524 -527 424 35 -13 0 -10 0 0 204 -38 68 -288 -79 N N N N -4925 -1387 52 841 841
1 40829 -474 573 -27 8 0 0 0 0 150 -245 36 -183 -52 N N N N -624 -174 40 105 105
1 40000 -455 -3463 3 5 0 0 0 0 -10 -69 0 -264 -78 N N N N -274 -75 44 43 43
1 39999 -447 3322 -6 -2 0 0 0 0 1 143 -5 -221 -69 N N N N 798 228 46 -147 -147
1 40001 -464 -247 0 -5 0 0 0 0 -58 112 -19 -168 -51 N N N N 1292 369 27 -231 -231
1 40001 -448 -239 -1 3 0 0 0 0 -99 75 -29 -190 -58 N N N N 3480 991 46 -609 -609
1 46000 -518 -492 15 2 0 25 0 0 -251 3 -70 -148 -51 N N N N -307 -84 34 47 47
1 39999 -472 -215 -16 -2 0 0 0 0 -89 -61 -19 -64 -20 N N N N -222 -62 15 36 36
1 40000 -462 -179 4 1 0 0 0 0 -55 -72 -14 -183 -45 N N N N 1616 462 28 -280 -280
1 40000 -468 -261 -5 2 0 0 0 0 -36 -125 -6 -170 -49 N N N N 2024 580 36 -348 -348
1 40000 -478 -243 -2 0 0 0 0 0 20 -119 7 -217 -60 N N N N 1984 570 38 -337 -337
1 40000 -464 -181 2 -2 0 0 0 0 47 -78 14 -109 -34 N N N N 1828 524 27 -305 -305
1 43353 -523 231 4 122 0 1383 0 -2 -54 111 0 -274 -72 N N N N 2172 627 46 -361 -361
1 40000 -489 772 13 4 0 0 0 0 132 333 -48 -114 -36 N N N N 939 273 32 -158 -158
1 41118 -498 808 9 -118 0 -1400 0 2 377 -65 169 -277 -79 N N N N 1619 471 48 -268 -268
1 39999 -456 258 -22 -4 0 0 0 0 68 -119 14 -158 -54 N N N N -737 -205 37 109 109
1 39999 -452 -261 0 -5 0 0 0 0 -62 118 -18 -157 -50 N N N N -278 -74 31 38 38
1 40003 -439 -233 -1 0 0 0 0 0 -95 73 -29 -174 -50 N N N N 852 249 31 -143 -143
1 39997 -436 -241 2 2 0 0 0 0 -122 29 -34 -302 -93 N N N N -1910 -538 61 293 293
1 40000 -424 -274 -8 -3 0 0 0 0 -137 -30 -32 -139 -51 N N N N -1547 -439 32 244 244
1 44824 -493 393 24 126 0 1398 0 -2 194 42 -14 -376 -94 N N N N -1646 -464 64 259 259
1 43354 -434 656 -19 -123 0 -1400 0 2 226 -254 129 -249 -81 N N N N -1268 -358 55 200 200
1 39999 -408 -152 -3 -2 0 0 0 0 -22 75 -9 -99 -30 N N N N 935 273 26 -161 -161
1 20000 -191 -92 -1 2 0 0 0 0 -24 42 -8 -83 -23 N N N N 1206 349 15 -203 -203
1 20001 -207 -94 3 -3 0 0 0 0 -32 37 -7 -137 -40 N N N N 736 216 20 -125 -125
1 20001 -192 -100 2 -2 0 0 0 0 -40 33 -11 -268 -74 N N N N 90 31 39 -23 -23
1 19998 -203 -101 -4 0 0 0 0 0 -45 26 -12 -183 -58 N N N N -636 -177 45 96 96
1 20001 -197 -108 4 0 0 0 0 0 -54 19 -14 -15 -18 N N N N -772 -220 20 124 124
1 20000 -197 -100 -7 0 0 0 0 0 -50 8 -15 23 10 N N N N 270 78 1 -45 -45
1 20001 -222 -89 3 0 0 0 0 0 -47 0 -12 -52 -11 N N N N 705 205 9 -119 -119
1 20000 -212 -60 1 3 0 0 0 0 -31 -4 -9 -69 -15 N N N N 560 163 10 -94 -94
1 20001 -209 -114 2 4 0 0 0 0 -57 -15 -17 -137 -38 N N N N 280 85 21 -51 -51
1 19999 -220 -113 -1 -3 0 0 0 0 -52 -27 -11 -136 -38 N N N N 75 25 25 -18 -18
1 19999 -220 -78 -2 2 0 0 0 0 -32 -23 -9 -109 -34 N N N N -94 -24 23 11 11
1 20000 -220 -95 -2 -6 0 0 0 0 -34 -34 -7 -129 -37 N N N N -139 -36 28 17 17
1 20002 -222 -115 8 2 0 0 0 0 -36 -47 -11 -29 -10 N N N N -216 -61 11 34 34
1 19997 -236 -111 -5 2 0 0 0 0 -22 -51 -3 -92 -27 N N N N -58 -15 15 6 6
1 20002 -240 -87 0 0 0 0 0 0 -11 -42 -3 -195 -50 N N N N 725 215 25 -125 -125
1 21296 -268 -59 27 129 0 1408 0 -2 -5 -27 -20 -150 -47 N N N N -474 -132 38 70 70
1 19998 -245 162 -23 -4 0 0 0 0 19 81 0 17 9 N N N N -360 -104 8 59 59
1 20000 -256 357 5 -1 0 0 0 0 109 142 -6 -146 -30 N N N N 205 63 20 -39 -39
1 20001 -257 414 10 5 0 0 0 0 200 65 39 -328 -79 N N N N 199 65 50 -43 -43
1 21469 -277 413 0 -122 0 -1404 0 2 187 -108 126 -231 -82 N N N N -423 -115 53 59 59
1 20000 -243 203 -17 -5 0 0 0 0 63 -90 12 -188 -50 N N N N -602 -172 26 96 96
1 20000 -237 -39 1 1 0 0 0 0 -10 19 -2 -168 -65 N N N N -624 -175 51 94 94
1 19999 -257 -108 3 -1 0 0 0 0 -30 47 -8 -156 -57 N N N N -760 -218 31 123 123
1 19999 -241 -103 -7 0 0 0 0 0 -34 39 -12 -173 -48 N N N N -590 -168 30 95 95
1 20002 -242 -76 -3 -3 0 0 0 0 -30 24 -9 -221 -61 N N N N -605 -172 41 95 95
1 19999 -237 -73 0 4 0 0 0 0 -33 20 -9 -85 -22 N N N N -586 -168 26 97 97
1 20001 -249 -81 -2 -4 0 0 0 0 -39 15 -9 -138 -42 N N N N -1767 -514 32 301 301
1 19999 -220 -68 6 1 0 0 0 0 -35 10 -10 -120 -20 N N N N 250 77 34 -50 -50
1 20001 -207 -108 8 2 0 0 0 0 -57 8 -17 -320 -74 N N N N 1442 427 35 -257 -257
1 20000 -213 -171 -6 -5 0 0 0 0 -86 -12 -21 -168 -49 N N N N 386 119 46 -76 -76
1 19998 -208 -89 -7 6 0 0 0 0 -43 -15 -11 -129 -47 N N N N 265 82 30 -51 -51
1 20002 -203 -36 4 -7 0 0 0 0 -17 -8 -3 -167 -55 N N N N -212 -58 34 30 30
1 20001 -180 23 -6 5 0 0 0 0 12 5 2 -159 -23 N N N N -514 -148 31 84 84
1 19997 -207 66 3 -2 0 0 0 0 31 14 7 -813 -205 N N N N 1112 343 119 -216 -216
1 20003 -196 -32 8 8 0 0 0 0 -17 -6 -8 -318 -94 N N N N -177 -42 82 15 15
1 20001 -199 -115 4 -7 0 0 0 0 -53 -28 -11 -344 -103 N N N N 211 71 70 -51 -51
1 19998 -193 -98 -15 2 0 0 0 0 -38 -30 -7 -575 -152 N N N N 36 22 84 -22 -22
1 20000 -208 -113 1 1 0 0 0 0 -39 -42 -9 -576 -154 N N N N 325 110 106 -77 -77
1 20016 -202 -70 5 134 0 1393 -16 -2 -20 -25 -40 -1423 -366 N N N N -997 -268 226 132 132
1 20806 -226 281 11 -15 0 0 0 0 96 104 2 -1001 -206 N N N N 276 108 204 -89 -89
1 20353 -225 384 9 5 0 0 0 0 187 59 37 -403 -146 N N N N 4865 1491 182 -890 -890
1 21060 -217 345 7 -122 0 -1398 -1 2 161 -81 118 -472 -172 N N N N 3831 1175 101 -674 -674
1 20000 -206 167 -25 -8 0 0 0 0 66 -66 13 -1009 -283 N N N N -856 -232 149 109 109
1 20000 -196 161 0 3 0 0 0 0 35 -75 10 -884 -224 N N N N -1595 -452 189 229 229
1 20001 -192 139 4 10 0 0 0 0 12 -67 7 -730 -196 N N N N 1666 539 176 -327 -327
1 19999 -181 -123 -8 -8 0 0 0 0 -7 60 -8 -1444 -390 N N N N 3036 975 225 -570 -571
1 20001 -177 -76 1 5 0 0 0 0 -14 39 -4 -2132 -421 N N N N 2169 749 379 -461 -460
1 20001 -159 -168 8 -10 0 0 0 0 -48 71 -9 -1679 -387 N N N N 7296 2343 304 -1274 -1274
1 19999 -183 -164 7 2 0 0 0 0 -67 56 -18 -3867 -1023 N N N N 9974 3349 704 -1757 -1757
1 20000 -144 -128 -4 3 0 0 0 0 -58 30 -20 -1664 -656 N N N N 14610 4848 496 -2253 -2253
1 20000 -180 -134 -13 -1 0 0 0 0 -65 14 -19 -1477 -563 N N N N 10804 3651 370 -1551 -1551
1 18735 -154 -35 8 -3 1 1 -40 -4 -20 2 -4 -3303 -887 N N N N 11571 4066 555 -1629 -1629
1 19961 -178 88 -10 7 0 -1 -96 4 47 -5 10 -1698 -534 N N N N 12911 4650 632 -1716 -1716
1 21303 -182 69 9 -3 -1 0 -12 0 33 -10 10 -808 -379 N N N N 10673 3771 311 -1246 -1246
1 20001 -175 157 -10 -6 0 0 0 0 76 -37 21 -355 -194 N N N N 8792 3058 157 -929 -929
1 19999 -176 216 9 13 0 0 0 0 76 -76 21 -1972 -360 N N N N 13504 4811 323 -1376 -1376
1 20002 -152 19 6 2 0 0 0 0 4 -7 3 -2869 -882 N N N N 22426 8178 586 -2101 -2101
1 20000 -153 -156 -10 -7 0 0 0 0 -49 60 -17 -2185 -786 N N N N 21065 7789 501 -1746 -1746
1 19998 -156 -171 -18 -7 0 0 0 0 -69 47 -20 -1357 -611 N N N N 14283 5432 389 -1108 -1108
1 20001 -161 106 6 11 0 0 0 0 46 -25 8 -1363 -474 N N N N 12885 5030 395 -956 -956
1 19999 -173 93 -13 3 0 0 0 0 40 -31 7 -1531 -471 N N N N 13045 5144 386 -907 -907
1 20001 -181 -3 18 -10 0 0 0 0 -5 -1 7 -959 -375 N N N N 9396 3948 403 -676 -676
1 18688 -205 323 64 19 95 0 -35 -4 57 -138 47 -3378 -747 N N N N 6626 2849 304 -469 -469
1 20026 -231 -3366 -9 1 0 1 -84 0 0 -121 3 -6125 -1029 N N N N 4402 2899 797 -558 -558
1 21515 -222 93 7 -132 10 -1387 -26 2 -16 -92 -29 -8175 -3323 N N N N -5531 1904 2391 -722 -723
1 20830 -184 -20 -7 -5 0 0 0 0 6 8 1 -4489 -1752 N N N N -4495 1096 1734 -472 -471
1 20412 -196 -183 -9 1 0 0 0 0 22 92 18 -753 -640 N N N N -1356 761 799 -244 -244
1 22706 -188 3450 2 0 0 0 0 0 -9 77 12 -214 -335 N N N N 2386 1580 385 -266 -266
1 20411 -166 -205 -1 -4 0 0 0 0 -45 95 5 -79 -197 N N N N 1507 845 146 -129 -129
1 20351 -145 -236 7 2 0 0 0 0 -90 87 -13 -65 -105 N N N N 522 360 91 -59 -59
1 20415 -158 -215 2 2 0 0 0 0 -103 44 -29 -22 -59 N N N N 587 334 59 -51 -51
1 18743 -159 -170 21 122 0 1391 -21 -2 -90 30 -91 -95 -47 N N N N 936 443 39 -60 -60
1 19896 -152 -152 -19 0 0 0 -51 0 -70 -20 -24 -77 -23 N N N N 1306 595 41 -77 -77
1 20077 -189 -41 -13 16 -1 1 -82 0 -17 -8 -10 -35 -39 N N N N 1834 821 48 -104 -104
1 21575 -208 89 -9 -24 1 -1 -45 4 43 16 25 -58 2 N N N N 1070 481 29 -61 -61
1 10001 -114 57 -7 4 0 0 0 0 29 8 9 -10 -3 N N N N 500 209 4 -25 -25
1 9999 -92 65 4 8 0 0 0 0 32 6 5 -12 -1 N N N N 413 172 3 -20 -20
1 10002 -106 -47 12 -7 0 0 0 0 -25 -3 -8 -11 -4 N N N N 262 114 4 -14 -14
1 9999 -106 -27 -5 5 0 0 0 0 -13 -3 -4 -6 -2 N N N N 165 67 1 -8 -8
1 9999 -97 -6 -11 1 0 0 0 0 -2 -1 2 -9 -4 N N N N 77 47 9 -6 -6
1 10001 -86 -31 20 -7 0 0 0 0 -18 -5 -6 -4 0 N N N N 91 47 6 -7 -7
1 10000 -114 -55 2 11 0 0 0 0 -26 -10 -13 0 -2 N N N N 478 203 6 -24 -24
1 10001 -107 -18 -7 -6 0 0 0 0 -7 -3 0 -15 -5 N N N N 12 -7 -7 2 2
1 9999 -116 74 -29 -2 0 0 0 0 39 13 18 3 -1 N N N N 291 137 11 -18 -18
1 10000 -104 39 30 -1 0 0 0 0 15 5 1 -3 0 N N N N 122 -1 -29 6 6
1 10000 -90 41 -20 1 0 0 0 0 23 5 9 -19 -4 N N N N 127 111 35 -19 -19
1 10000 -108 -7 17 3 0 0 0 0 -6 0 -6 -6 -5 N N N N 213 76 -6 -8 -8
1 10001 -109 -92 19 -5 0 0 0 0 -48 -13 -16 2 0 N N N N -26 -7 2 1 1
1 9998 -109 -31 -34 9 0 0 0 0 -10 -5 1 5 0 N N N N 369 164 8 -20 -20
1 10001 -111 -95 25 -6 0 0 0 0 -47 -22 -17 2 3 N N N N 95 40 1 -5 -5
1 10000 -105 -54 -19 0 0 0 0 0 -20 -15 -3 -4 -2 N N N N 23 24 9 -4 -4
1 10000 -105 -48 5 -5 0 0 0 0 -19 -17 -3 -4 0 N N N N 236 100 3 -12 -12
1 9535 -97 26 -12 133 1 1407 -2 0 11 14 -47 -1 0 N N N N 243 97 -1 -11 -11
1 14820 -156 86 25 -7 -1 -1 -1 -2 33 25 0 -4 -3 N N N N 215 82 -3 -9 -9
1 9998 -100 162 -2 2 0 0 0 0 75 36 17 2 4 N N N N 86 21 -8 -1 -1
1 10002 -108 151 1 -3 0 0 0 0 76 15 23 -1 -1 N N N N 20 24 9 -4 -4
1 10000 -120 166 7 -3 0 0 0 0 82 -6 32 0 1 N N N N 199 86 3 -10 -10
1 14196 -148 229 -21 -117 -29 -1418 0 2 109 -75 94 1 1 N N N N 138 48 -4 -5 -5
1 10803 -105 156 -19 0 0 0 0 0 58 -61 12 0 1 N N N N 12 5 0 0 0
1 10000 -98 124 0 1 0 0 0 0 31 -56 9 1 0 N N N N 148 55 -3 -6 -6
1 10001 -99 105 -4 -2 0 0 0 0 18 -53 3 1 1 N N N N 42 16 -1 -2 -2
1 9998 -97 27 -14 -3 0 0 0 0 3 -15 -1 1 0 N N N N 43 31 8 -4 -4
1 10001 -92 66 9 7 0 0 0 0 1 -32 4 0 1 N N N N 91 29 -4 -3 -3
1 10001 -94 -31 -5 -7 0 0 0 0 1 14 -4 1 -2 N N N N -37 -11 2 1 1
1 9998 -101 -3528 5 7 0 0 0 0 -1 -35 3 -1 4 N N N N -56 -25 -1 3 3
1 10000 -79 18 20 -10 0 0 0 0 -8 -13 8 2 0 N N N N 155 57 -4 -6 -6
1 10002 -98 83 -10 18 0 0 0 0 -2 -37 -5 -2 -1 N N N N 67 33 3 -4 -4
1 9998 -110 -39 10 -11 0 0 0 0 -5 17 9 2 1 N N N N 35 7 -3 0 0
1 10000 -98 -47 -31 -3 0 0 0 0 17 23 -14 -1 -2 N N N N -181 -67 3 7 7
1 10002 -100 -39 20 5 0 0 0 0 -2 22 3 3 1 N N N N 249 104 2 -12 -12
1 10000 -103 3551 9 -5 0 0 0 0 -6 24 6 -2 2 N N N N 21 18 5 -3 -3
1 9998 -100 -12 -21 13 0 0 0 0 3 10 -6 3 1 N N N N 182 75 2 -9 -9
1 10002 -83 -59 0 -18 0 0 0 0 1 25 -6 2 -1 N N N N 246 73 -16 -5 -5
1 10000 -101 -68 4 3 0 0 0 0 -13 35 1 1 2 N N N N 81 58 15 -9 -9
1 9999 -72 -44 -9 9 0 0 0 0 -4 24 -10 7 3 N N N N 71 29 0 -4 -4
1 9999 -97 5 37 -2 0 0 0 0 -10 -2 14 2 0 N N N N -1 -4 -2 1 1
1 13177 -109 -11 23 -19 0 0 -19 -4 -5 0 6 4 3 N N N N 139 59 1 -7 -7
1 8187 -103 36 -30 29 1 -1 -50 0 13 -9 -11 1 0 N N N N -11 -10 -3 2 2
1 12835 -163 30 15 -148 6 -1375 -37 2 0 -67 26 -3 0 N N N N 65 31 3 -4 -4
1 10802 -134 -60 -21 21 0 0 0 0 -15 34 4 1 -4 N N N N 127 57 3 -7 -7
1 9999 -116 -133 28 -27 0 0 0 0 -29 56 1 249 6 N N N N 326 138 4 -16 -16
