version: 66.14
glider: 195
mission: 21
dive: 183
start: 5 18 105 23 56 1
columns: rec,elaps_tms,depth,heading,pitch,roll,AD_pitch,AD_roll,AD_vbd,GC_phase,mag.x,mag.y,mag.z,sbect.TempFreq,sbect.CondFreq,wlbb2fl.sig470nm,wlbb2fl.sig700nm,wlbb2fl.sig695nm,wlbb2fl.temp,aa4330.O2,aa4330.AirSat,aa4330.Temp,aa4330.CalPhase,aa4330.TCPhase,
data:
0 17567 38 867 -604 19 170 2216 1200 6 53 -350 -6 173728 136208 53 95 48 533 243494 98197 27166 28903 30309
1 9984 2 21 -114 26 0 0 0 0 0 2 10 1008 -5 N N N N 2296 896 -16 -95 -95
1 10001 -1 50 56 87 0 0 0 0 -6 17 76 -1052 -15 N N N N -1196 -117 206 -24 -24
1 9999 16 -111 -1 -27 0 0 0 0 14 -15 -69 301 15 N N N N 172 48 -12 -3 -3
1 10016 -20 165 35 -250 0 0 0 0 -32 -9 -45 -197 -15 2 107 50 532 -518 -82 72 -4 -4
1 9984 8 -45 12 211 0 0 0 0 4 13 87 32 6 N N N N 834 271 -38 -23 -23
1 8911 4 196 20 -102 0 1 10 -4 -46 9 39 642 0 N N N N -6 155 89 -32 -32
1 9818 2 136 33 61 -2 0 256 0 -40 54 80 -638 -11 N N N N -763 -71 135 -16 -16
1 10004 33 -56 -73 26 1 0 254 0 29 -10 -11 88 5 43 87 53 532 721 -880 -662 213 213
1 9959 27 -92 -1 -184 0 -1 266 0 23 -61 -125 -39 -2 N N N N 1293 423 -54 -36 -36
1 10045 33 -298 -101 318 0 0 276 0 63 12 9 81 34 N N N N 860 249 -54 -18 -18
1 9989 38 84 10 -100 -1 1 263 0 3 -1 -4 219 31 N N N N 205 -26 -61 14 14
1 10029 74 -231 0 103 0 0 278 0 18 -3 -66 110 102 76 90 51 532 425 80 -50 0 0
1 16922 401 319 56 -218 1102 0 200 -1 -48 -6 54 1150 388 N N N N 1308 -91 -342 71 71
1 8449 258 -20 317 33 1390 0 147 1 -43 3 28 127 62 N N N N -365 -322 -99 54 54
1 16053 331 74 137 -119 1 -1405 156 2 -63 -7 -52 63 33 N N N N 362 -83 -126 32 32
1 10014 169 90 3 -9 0 0 0 0 -42 12 16 37 15 46 92 66 532 -249 -148 -28 21 21
1 10456 192 109 1 -1 0 0 0 0 -47 24 24 27 11 N N N N -151 -84 -14 12 12
1 10001 168 107 -7 3 0 0 0 0 -38 32 25 83 23 N N N N 9 -44 -26 9 9
1 10001 155 98 8 7 0 0 0 0 -33 38 19 127 35 N N N N -21 -63 -31 13 13
1 10014 159 101 1 -3 0 0 0 0 -25 42 16 155 44 45 91 67 531 -315 -180 -31 26 26
1 10513 170 73 0 0 0 0 0 0 -13 34 11 271 68 N N N N -180 -152 -45 25 25
1 9999 157 42 -5 3 0 0 0 0 -2 20 11 354 104 N N N N -201 -201 -68 34 34
1 10001 139 4 0 6 0 0 0 0 0 3 4 459 133 N N N N -380 -309 -90 51 51
1 10017 142 -16 5 1 0 0 0 0 0 -7 -5 475 124 45 95 80 531 -472 -406 -124 69 69
1 10514 155 -27 -2 -4 0 0 0 0 3 -14 -5 501 136 N N N N -394 -412 -145 73 73
1 10001 136 -29 3 1 0 0 0 0 3 -13 -6 428 123 N N N N -604 -435 -112 70 70
1 9999 141 -24 3 2 0 0 0 0 4 -10 -4 441 116 N N N N -438 -414 -138 73 73
1 10015 139 -20 -5 -2 0 0 0 0 4 -10 -4 263 81 43 91 92 531 -571 -423 -114 70 70
1 10514 156 -36 3 2 0 0 0 0 9 -15 -4 183 35 N N N N -443 -346 -99 58 58
1 10001 131 -37 -2 0 0 0 0 0 9 -16 -6 205 37 N N N N -120 -168 -69 33 33
1 9998 169 -41 2 1 0 0 0 0 10 -16 -8 173 38 N N N N -76 -133 -60 26 26
1 10016 136 -40 0 -1 0 0 0 0 10 -16 -10 194 34 45 96 101 531 22 -99 -61 23 23
1 10457 140 -53 -4 0 0 0 0 0 20 -19 -8 175 38 N N N N 91 -70 -60 20 20
1 10000 146 -33 -3 -10 0 0 0 0 12 -13 -10 176 27 N N N N 49 -76 -54 19 19
1 10001 144 -28 17 -1 0 0 0 0 7 -7 -10 153 22 N N N N 198 14 -36 5 5
1 10014 129 -5 -4 14 0 0 0 0 2 0 5 62 16 43 108 105 531 153 -28 -50 13 13
1 10866 144 -12 -7 -9 0 0 0 0 7 -5 -4 17 2 N N N N 135 -6 -32 6 6
1 10000 141 31 9 11 0 0 0 0 -14 12 9 48 7 N N N N -45 -36 -11 7 7
1 10000 148 19 -3 -14 0 0 0 0 -6 3 -1 20 3 N N N N 89 10 -14 1 1
1 10017 130 6 -7 5 0 0 0 0 -1 3 4 86 5 41 97 97 531 -75 -53 -14 9 9
1 10746 159 16 9 -6 0 0 0 0 -7 4 0 45 4 N N N N 224 37 -28 1 1
1 10000 146 18 -6 16 0 0 0 0 -5 9 11 13 -2 N N N N -4 -18 -9 4 4
1 10000 138 -29 -3 7 0 0 0 0 10 -9 -3 37 -1 N N N N -4 -25 -14 5 5
1 10016 135 -27 1 -9 0 0 0 0 10 -10 -9 6 -1 45 94 104 531 -115 -58 -8 8 8
1 17023 237 4 37 104 51 1403 5 2 -11 23 32 41 -2 N N N N 77 12 -10 1 1
1 10786 106 -22 16 5 0 0 0 0 6 -6 -3 15 1 N N N N -140 -70 -8 10 10
1 9999 118 -37 -5 2 0 0 0 0 16 -11 -2 21 3 N N N N 86 27 -4 -3 -3
1 10018 104 -44 -2 1 0 0 0 0 19 -13 -5 16 0 42 89 108 531 -63 -37 -8 6 6
1 9982 99 -46 8 5 0 0 0 0 19 -11 -5 14 1 N N N N -76 -37 -4 5 5
1 10001 100 -48 0 5 0 0 0 0 22 -10 -5 38 2 N N N N -47 -24 -3 4 4
1 10000 98 -52 12 0 0 0 0 0 24 -9 -7 26 2 N N N N 24 -3 -8 1 1
1 10014 76 -17 -21 -5 0 0 0 0 12 -3 -2 -21 -2 45 88 99 531 51 -3 -12 3 3
1 9984 110 -18 -4 -6 0 0 0 0 10 -4 -5 32 1 N N N N -81 -35 -2 5 5
1 10003 92 -41 17 1 0 0 0 0 18 -4 -7 32 5 N N N N -85 -35 -2 4 4
1 9997 97 -41 -8 8 0 0 0 0 23 -2 -1 10 2 N N N N -57 -35 -7 6 6
1 10018 70 -14 2 -9 0 0 0 0 7 -2 -6 21 4 44 92 112 531 -42 -24 -5 3 3
1 9985 87 -12 -4 4 0 0 0 0 6 0 -1 62 12 N N N N -27 -24 -7 4 4
1 9999 91 -9 6 -4 0 0 0 0 4 0 -3 21 4 N N N N 53 -1 -13 3 3
1 10000 86 3 -3 5 0 0 0 0 -1 0 3 53 10 N N N N -38 -34 -11 6 6
1 10018 91 24 4 -6 0 0 0 0 -13 0 1 49 11 43 97 99 531 -110 -60 -10 9 9
1 9983 70 10 -3 0 0 0 0 0 -4 1 3 34 9 N N N N -1 -24 -14 6 6
1 9997 102 18 0 0 0 0 0 0 -10 1 1 29 8 N N N N -30 -32 -11 6 6
1 10002 73 8 -1 2 0 0 0 0 -4 1 2 99 28 N N N N -110 -67 -14 10 10
1 10016 86 13 3 2 0 0 0 0 -7 1 3 76 15 43 93 106 531 6 -31 -19 7 7
1 9984 85 9 0 -1 0 0 0 0 -5 1 0 79 20 N N N N -81 -69 -22 13 13
1 9999 89 30 -2 0 0 0 0 0 -15 3 4 65 19 N N N N -129 -84 -20 13 13
1 10002 85 36 0 -3 0 0 0 0 -18 5 5 116 30 N N N N -99 -64 -15 11 11
1 10013 81 25 -1 4 0 0 0 0 -13 4 3 47 16 45 88 99 531 -91 -87 -30 16 16
1 9986 89 35 -1 3 0 0 0 0 -16 8 7 30 9 N N N N -183 -102 -18 15 15
1 10000 87 22 4 -4 0 0 0 0 -11 4 2 105 27 N N N N -25 -32 -13 7 7
1 10002 85 41 0 0 0 0 0 0 -19 10 4 119 38 N N N N -164 -107 -25 17 17
1 10014 92 25 1 0 0 0 0 0 -11 7 3 80 23 44 91 96 531 -176 -115 -28 19 19
1 9983 98 33 -1 -3 0 0 0 0 -14 9 3 90 29 N N N N -116 -87 -25 15 15
1 10001 88 23 3 2 0 0 0 0 -10 7 3 21 6 N N N N -147 -99 -24 17 17
1 9998 100 20 -1 0 0 0 0 0 -8 7 2 16 5 N N N N -190 -95 -13 14 14
1 13216 137 70 -3 -118 0 -1410 1 -2 -26 1 -36 84 28 40 90 95 531 -153 -78 -11 11 11
1 10905 111 112 1 -2 0 0 0 0 -37 42 15 58 19 N N N N -136 -89 -22 15 15
1 10000 115 100 0 -2 0 0 0 0 -23 43 15 69 23 N N N N -298 -141 -16 20 20
1 9998 98 80 -1 -1 0 0 0 0 -12 37 12 112 37 N N N N -131 -79 -16 13 13
1 10017 100 62 -1 0 0 0 0 0 -6 30 9 212 65 42 91 93 531 -220 -130 -27 20 20
1 10748 125 39 -5 0 0 0 0 0 -1 19 7 245 72 N N N N -303 -191 -44 32 32
1 10000 115 37 3 -2 0 0 0 0 -1 18 2 129 33 N N N N -392 -238 -51 39 39
1 9999 107 -12 -4 2 0 0 0 0 1 -6 1 311 76 N N N N -551 -282 -42 42 42
1 10016 120 -45 -4 1 0 0 0 0 2 -22 -4 402 87 43 92 100 531 -400 -303 -88 54 54
1 10458 137 -36 5 -1 0 0 0 0 1 -18 -5 138 36 N N N N -1029 -546 -91 85 85
1 9998 134 -16 1 -2 0 0 0 0 2 -8 -3 84 16 N N N N -1174 -530 -51 75 75
1 10000 126 -13 1 1 0 0 0 0 1 -6 -3 102 13 N N N N -991 -447 -42 65 65
1 10018 131 1 1 1 0 0 0 0 -1 1 0 88 8 43 103 98 531 -912 -393 -29 54 53
1 10452 139 42 4 -2 0 0 0 0 -5 20 4 19 -11 N N N N -965 -407 -25 57 58
1 10001 119 72 3 -1 0 0 0 0 -4 36 6 -35 -31 N N N N -662 -272 -13 37 37
1 9999 133 81 -1 -3 0 0 0 0 2 40 8 23 -27 N N N N -625 -241 -3 31 30
1 10015 129 87 2 2 0 0 0 0 9 44 7 68 8 46 92 90 531 -606 -245 -10 33 34
1 10869 134 96 0 -1 0 0 0 0 18 46 5 11 -4 N N N N -495 -215 -17 31 30
1 10001 118 94 1 0 0 0 0 0 25 42 1 -35 -27 N N N N -486 -192 -5 26 27
1 9999 138 91 2 1 0 0 0 0 29 38 1 -37 -23 N N N N -335 -123 2 16 16
1 10016 124 112 -1 -1 0 0 0 0 45 39 -5 -26 -21 42 98 86 531 -243 -83 5 9 9
1 11394 136 120 5 2 0 0 0 0 54 33 -7 -27 -27 N N N N -180 -62 4 7 6
1 13003 150 132 -10 120 -7 1425 1 2 67 47 -71 20 -29 N N N N -204 -55 13 5 6
1 10823 130 54 -2 4 0 0 0 0 28 5 -11 1541 587 N N N N 6 -38 -24 10 10
1 10015 119 -61 4 2 0 0 0 0 -32 -4 8 831 292 43 87 79 531 -1488 -1000 -268 183 182
1 9982 115 -110 -1 6 0 0 0 0 -54 -16 13 659 254 N N N N -4178 -1879 -193 288 289
1 10002 101 -153 3 -7 0 0 0 0 -70 -40 22 1069 314 N N N N -4762 -2071 -184 320 320
1 10000 102 -183 4 0 0 0 0 0 -68 -67 15 2661 854 N N N N -5170 -2478 -358 422 423
1 10014 79 -117 0 2 0 0 0 0 -29 -52 8 988 363 45 99 84 531 -8088 -3685 -468 643 642
1 9987 82 -74 -1 1 0 0 0 0 -13 -35 5 945 341 N N N N -7587 -3138 -249 541 541
1 9999 70 -70 1 -3 0 0 0 0 -9 -36 2 929 282 N N N N -5171 -2271 -278 427 427
1 9998 75 -56 0 5 0 0 0 0 -3 -27 1 1405 423 N N N N -4809 -2027 -208 385 385
1 10018 66 -12 3 -2 0 0 0 0 -1 -7 -1 289 202 41 89 78 531 -4362 -1974 -302 406 406
1 9984 71 -2 -2 1 0 0 0 0 1 -1 1 640 215 N N N N -3293 -1470 -221 310 310
1 9998 57 -10 3 -1 0 0 0 0 -1 -5 -1 757 239 N N N N -4548 -1880 -201 387 387
1 10002 49 -24 -2 1 0 0 0 0 0 -12 1 750 233 N N N N -3600 -1534 -203 333 333
1 10014 67 -17 1 -4 0 0 0 0 1 -10 -1 476 173 40 83 81 531 -2950 -1232 -153 271 271
1 9984 51 -9 1 5 0 0 0 0 0 -3 1 671 201 N N N N -3196 -1311 -150 290 290
1 10000 56 -1 0 -1 0 0 0 0 0 -1 0 614 204 N N N N -2412 -1029 -153 240 240
1 10003 49 -2 1 1 0 0 0 0 0 -1 -1 319 136 N N N N -2307 -996 -160 238 238
1 10016 58 4 0 -1 0 0 0 0 0 2 0 382 133 40 82 79 532 -2825 -1150 -140 270 270
1 9984 44 -35 0 -1 0 0 0 0 1 -18 -1 286 112 N N N N -2584 -1014 -99 236 236
1 9997 49 -88 1 -1 0 0 0 0 9 -45 -1 938 222 N N N N -2484 -991 -113 238 238
1 10003 56 -136 -1 -5 0 0 0 0 28 -65 -8 1360 332 N N N N -2319 -889 -76 212 212
1 10015 49 -160 -5 -1 0 0 0 0 52 -65 -12 1468 436 49 85 88 531 -1664 -799 -206 222 222
1 9982 51 -159 1 2 0 0 0 0 67 -47 -17 1354 400 N N N N -2088 -1054 -316 308 308
1 10000 37 -142 4 1 0 0 0 0 69 -26 -15 1175 253 N N N N -2770 -1203 -242 330 330
1 10000 47 -103 3 2 0 0 0 0 53 -9 -12 825 234 N N N N -2422 -1188 -356 358 358
1 10018 45 -58 4 3 0 0 0 0 30 -1 -7 348 181 41 79 77 532 -3185 -1230 -149 328 328
1 9984 46 -31 5 -4 0 0 0 0 16 1 -4 111 177 N N N N -2587 -1062 -190 303 303
1 10000 49 -4 2 1 0 0 0 0 2 0 0 299 119 N N N N -2977 -1154 -158 324 324
1 10000 60 15 -2 3 0 0 0 0 -8 0 2 53 89 N N N N -2811 -1025 -85 280 280
1 10016 44 24 -4 0 0 0 0 0 -12 0 3 266 68 40 78 80 532 -2845 -1032 -84 287 287
1 14363 75 18 -9 -126 0 -1417 1 -2 -9 -10 -63 315 93 N N N N -3352 -1215 -103 346 346
1 10796 67 48 4 4 0 0 0 0 -26 0 7 25 60 N N N N -2097 -732 -34 205 205
1 10001 58 68 1 -1 0 0 0 0 -36 3 9 170 32 N N N N -1024 -370 -32 108 108
1 10017 53 65 2 1 0 0 0 0 -33 7 9 62 17 42 80 79 532 -1727 -625 -56 185 185
1 10807 68 68 -2 -3 0 0 0 0 -33 11 10 106 42 N N N N -1868 -652 -34 190 190
1 10000 59 80 1 -2 0 0 0 0 -36 18 12 9 12 N N N N -1390 -505 -51 153 153
1 9997 53 54 3 1 0 0 0 0 -24 15 8 62 -5 N N N N -1682 -581 -25 172 172
1 10019 70 10 -5 1 0 0 0 0 -3 3 3 551 100 40 76 81 532 -1364 -461 -8 134 134
1 10750 69 -12 0 2 0 0 0 0 5 -3 -2 461 139 N N N N -1085 -380 -23 116 116
1 9999 54 -1 -3 -2 0 0 0 0 0 -1 -1 292 77 N N N N -960 -393 -93 135 135
1 10000 71 8 4 -1 0 0 0 0 -3 3 1 183 65 N N N N -1642 -601 -72 193 193
1 10016 72 16 0 0 0 0 0 0 -7 4 2 128 44 38 78 77 532 -1942 -702 -75 226 226
1 10455 65 32 3 -1 0 0 0 0 -13 10 5 345 90 N N N N -1784 -639 -64 208 208
1 10470 79 65 4 2 0 0 0 0 -24 24 9 924 190 N N N N -1724 -625 -73 207 207
1 9362 51 58 -2 1 0 0 0 0 -18 22 10 1401 393 N N N N -1230 -496 -124 181 181
1 10654 64 62 0 -1 0 0 0 0 -16 26 9 805 281 41 75 69 532 -1749 -710 -187 263 263
1 10513 69 50 -1 0 0 0 0 0 -11 22 8 374 154 N N N N -1046 -466 -172 185 185
1 9999 43 48 -1 2 0 0 0 0 -9 22 7 377 148 N N N N -579 -283 -134 119 119
1 10000 66 55 -1 -2 0 0 0 0 -7 26 7 339 148 N N N N -161 -119 -95 58 58
1 10016 53 52 2 1 0 0 0 0 -5 26 6 197 70 40 73 68 532 119 -39 -110 36 36
1 10808 64 44 -2 2 0 0 0 0 -1 22 6 558 176 N N N N 336 37 -102 10 10
1 10001 49 42 -3 0 0 0 0 0 -1 21 5 378 137 N N N N 382 74 -69 -9 -9
1 9999 36 46 2 -1 0 0 0 0 1 23 5 426 147 N N N N 435 75 -92 -4 -4
1 10017 71 51 1 2 0 0 0 0 5 26 3 292 126 39 76 64 533 729 173 -88 -37 -37
1 10749 52 45 -1 0 0 0 0 0 5 22 3 257 118 N N N N 809 216 -62 -55 -55
1 10002 54 43 -1 0 0 0 0 0 7 21 3 227 105 N N N N 466 104 -64 -20 -20
1 10000 59 45 1 -2 0 0 0 0 9 21 2 194 88 N N N N 836 213 -75 -51 -51
1 10014 61 41 -1 1 0 0 0 0 10 19 2 280 90 39 74 63 533 670 171 -60 -41 -41
1 10456 48 42 0 1 0 0 0 0 12 19 1 352 112 N N N N 599 152 -55 -36 -36
1 10000 43 42 1 -1 0 0 0 0 12 18 1 312 115 N N N N 650 156 -70 -33 -33
1 10458 50 49 0 35 -1 224 2 -1 17 29 -10 404 131 N N N N 460 94 -72 -14 -14
1 8938 45 22 -2 87 -8 1188 -1 3 7 30 -32 145 80 39 74 58 533 552 108 -91 -14 -14
1 10604 53 17 4 0 0 0 0 0 6 6 -1 271 100 N N N N 521 127 -51 -29 -29
1 9999 55 10 -1 -1 0 0 0 0 4 3 -2 115 69 N N N N 460 101 -60 -18 -18
1 10000 45 -3 0 -1 0 0 0 0 -2 0 1 199 78 N N N N 318 72 -39 -14 -14
1 10017 52 -9 0 3 0 0 0 0 -3 -3 0 306 85 39 75 58 533 504 122 -49 -27 -27
1 9984 40 5 -2 -5 0 0 0 0 1 1 0 328 96 N N N N 333 46 -79 3 3
1 10001 37 -11 5 3 0 0 0 0 -4 -4 0 1018 174 N N N N -129 -54 -17 20 20
1 9998 54 -45 2 2 0 0 0 0 -16 -17 3 1283 373 N N N N 58 -7 -33 10 10
1 10017 35 -63 1 -2 0 0 0 0 -20 -26 5 767 297 38 77 52 534 263 -61 -189 59 59
1 9983 52 -61 -1 2 0 0 0 0 -17 -26 4 800 216 N N N N 36 -87 -130 55 55
1 10000 34 -32 -3 -1 0 0 0 0 -7 -15 3 414 203 N N N N -93 -186 -205 102 102
1 9999 37 -13 3 0 0 0 0 0 -3 -6 1 153 108 N N N N -408 -227 -131 98 98
1 10018 49 -7 -1 -1 0 0 0 0 -2 -3 0 47 63 36 71 50 534 353 5 -138 28 28
1 9984 30 -7 1 1 0 0 0 0 -1 -4 0 95 56 N N N N -236 -134 -81 60 60
1 9998 35 -11 0 -1 0 0 0 0 -3 -5 1 125 57 N N N N -309 -129 -44 49 49
1 10002 28 -11 -2 0 0 0 0 0 -1 -5 1 69 39 N N N N -84 -47 -27 21 21
1 10015 34 -10 -2 2 0 0 0 0 -1 -5 0 33 36 37 72 47 535 -375 -141 -33 51 51
1 9984 39 -13 3 0 0 0 0 0 -3 -6 0 20 22 N N N N -158 -66 -23 25 25
1 10002 36 -21 0 -2 0 0 0 0 -3 -11 1 47 24 N N N N -286 -121 -44 48 48
1 9998 35 -36 -2 -1 0 0 0 0 -6 -18 2 102 31 N N N N -452 -154 -18 52 52
1 10016 27 -46 3 1 0 0 0 0 -3 -23 1 580 92 40 70 47 535 -580 -221 -58 82 82
1 9984 26 -38 -2 1 0 0 0 0 -3 -19 1 75 72 N N N N -584 -197 -21 67 67
1 10001 38 -22 -2 1 0 0 0 0 1 -11 1 215 44 N N N N -270 -133 -69 57 57
1 10000 32 -38 2 -2 0 0 0 0 0 -20 -1 197 77 N N N N -200 -82 -28 32 32
1 10015 28 -61 3 1 0 0 0 0 3 -31 0 623 136 38 71 46 535 -290 -118 -40 46 46
1 9986 28 -65 1 -1 0 0 0 0 6 -33 -3 386 139 N N N N -314 -132 -48 53 53
1 9997 32 -61 0 2 0 0 0 0 11 -29 -1 216 90 N N N N -122 -111 -99 56 56
1 10000 40 -58 0 0 0 0 0 0 12 -27 -2 96 58 N N N N 33 -58 -95 39 39
1 10016 34 -58 -2 -3 0 0 0 0 15 -27 -3 107 53 39 70 47 536 -166 -88 -52 40 40
1 9986 43 -57 0 3 0 0 0 0 18 -23 -4 113 45 N N N N -49 -37 -29 17 17
1 14466 61 -60 -9 -126 0 -1422 0 -2 23 -46 -49 351 95 N N N N 168 -9 -84 22 22
1 10828 31 7 5 1 0 0 0 0 -4 3 0 398 98 N N N N 88 -19 -62 19 19
1 10015 39 29 -3 -1 0 0 0 0 -9 10 5 206 74 39 69 45 536 32 -12 -30 10 10
1 10453 40 42 2 0 0 0 0 0 -14 16 6 194 53 N N N N 68 -15 -49 15 15
1 10001 42 49 0 0 0 0 0 0 -15 19 8 134 56 N N N N 13 -28 -44 18 18
1 10000 37 53 -1 1 0 0 0 0 -14 23 8 89 47 N N N N -176 -85 -44 37 37
1 10016 41 59 2 -2 0 0 0 0 -12 26 8 165 44 36 71 43 536 -337 -164 -84 71 71
1 10454 31 38 -2 3 0 0 0 0 -6 18 6 148 43 N N N N -541 -193 -43 72 72
1 10000 50 3 -3 -2 0 0 0 0 0 1 1 440 82 N N N N -599 -200 -25 70 70
1 10001 42 -15 2 0 0 0 0 0 2 -7 -2 162 74 N N N N -425 -148 -28 54 54
1 10015 36 -24 1 0 0 0 0 0 4 -11 -4 -18 31 38 72 43 537 -426 -140 -17 50 50
1 10455 40 -21 -4 -1 0 0 0 0 4 -10 -3 273 38 N N N N -6 -36 -47 21 21
1 10000 39 28 8 -2 0 0 0 0 -6 13 2 882 187 N N N N 291 36 -73 4 4
1 10000 49 49 1 1 0 0 0 0 -9 23 6 462 156 N N N N 880 236 -41 -68 -68
1 9416 39 61 2 1 0 0 0 0 -7 30 7 173 88 37 67 43 537 1170 273 -108 -66 -66
1 10582 40 48 -3 1 0 0 0 0 -2 24 6 122 78 N N N N 894 198 -97 -43 -43
1 10001 54 35 1 1 0 0 0 0 -1 18 5 43 2 N N N N 790 175 -82 -39 -39
1 10002 52 31 0 -3 0 0 0 0 0 15 3 119 5 N N N N 572 150 -29 -42 -42
1 10015 45 35 3 2 0 0 0 0 2 18 2 237 88 37 69 41 537 857 234 -29 -68 -68
1 10455 43 62 0 -3 0 0 0 0 4 31 4 210 62 N N N N 846 218 -46 -60 -60
1 10000 71 69 0 2 0 0 0 0 10 34 5 90 36 N N N N 850 228 -34 -65 -65
1 10000 44 83 2 1 0 0 0 0 18 39 4 36 19 N N N N 753 164 -78 -35 -35
1 10016 52 84 1 -2 0 0 0 0 23 37 3 176 35 37 68 42 538 466 114 -33 -29 -29
1 10452 65 86 -3 -1 0 0 0 0 30 34 0 95 39 N N N N 257 46 -39 -5 -6
1 10000 54 73 -3 0 0 0 0 0 28 27 -1 27 15 N N N N 217 40 -32 -6 -5
1 10001 51 66 3 2 0 0 0 0 29 20 -2 2 8 N N N N 132 22 -23 -2 -2
1 10015 69 60 -3 1 0 0 0 0 28 17 -4 6 6 39 70 43 538 -11 -6 -3 2 2
1 10647 64 73 2 36 -1 209 1 -1 36 23 -19 -26 7 N N N N 109 21 -15 -3 -3
1 10278 53 40 -2 89 -7 1217 -1 3 20 24 -49 90 11 N N N N 83 28 4 -10 -10
1 10002 66 43 3 -3 0 0 0 0 21 5 -6 -24 19 N N N N -11 -3 1 1 1
1 10014 56 50 -1 4 0 0 0 0 27 4 -6 74 17 41 69 41 539 22 13 9 -6 -6
1 9985 64 38 -2 0 0 0 0 0 20 1 -4 188 37 N N N N 2 -2 -4 2 2
1 10000 61 36 1 1 0 0 0 0 19 0 -5 30 11 N N N N 113 19 -19 -2 -2
1 9999 60 42 0 -3 0 0 0 0 22 -1 -5 220 40 N N N N -2 -2 -2 1 1
1 10016 64 56 3 1 0 0 0 0 29 -4 -7 353 87 39 70 42 539 6 -7 -11 4 4
1 9984 70 66 2 1 0 0 0 0 34 -9 -6 453 112 N N N N 22 -24 -39 16 16
1 10000 57 44 -3 -1 0 0 0 0 22 -8 -6 204 86 N N N N -256 -116 -54 48 48
1 10000 61 33 0 -2 0 0 0 0 16 -7 -3 163 65 N N N N -21 -56 -64 32 32
1 10016 71 32 1 2 0 0 0 0 16 -7 -2 193 68 39 70 42 539 -256 -102 -36 39 39
1 9984 54 34 -2 1 0 0 0 0 16 -9 -3 200 75 N N N N -207 -90 -37 36 36
1 10001 64 32 2 -1 0 0 0 0 13 -10 -4 176 56 N N N N -135 -76 -47 34 34
1 9999 64 27 1 1 0 0 0 0 12 -8 -1 29 12 N N N N -123 -81 -59 38 38
1 10016 58 17 0 0 0 0 0 0 7 -6 -2 -16 -11 38 68 44 540 -116 -60 -34 27 27
1 9986 61 12 1 -1 0 0 0 0 5 -3 -1 -43 -10 N N N N -662 -199 -7 64 64
1 9998 47 7 -2 2 0 0 0 0 3 -3 0 5 -11 N N N N -810 -244 -8 79 79
1 10000 59 3 2 -1 0 0 0 0 1 -1 -1 -21 -10 N N N N -895 -264 -1 85 85
1 10015 54 -3 -4 0 0 0 0 0 -1 1 0 -9 -6 39 70 42 540 -899 -267 -4 87 87
1 9985 40 -14 4 -1 0 0 0 0 -6 5 2 -37 -9 N N N N -845 -242 8 76 76
1 10001 52 -34 0 2 0 0 0 0 -14 11 3 -95 -28 N N N N -755 -226 -6 74 74
1 9999 51 -32 -1 -1 0 0 0 0 -14 10 2 1 -28 N N N N -802 -238 -4 79 79
1 10015 44 -33 0 1 0 0 0 0 -15 9 3 -11 -9 37 68 39 540 -937 -275 0 90 90
1 9986 44 -21 0 1 0 0 0 0 -10 5 2 -40 -39 N N N N -1073 -321 -9 107 107
1 9999 50 -10 1 -2 0 0 0 0 -5 2 0 17 -15 N N N N -1260 -369 2 122 122
1 10000 45 5 -1 2 0 0 0 0 3 0 0 19 -6 N N N N -1807 -529 2 176 176
1 10017 41 28 0 -1 0 0 0 0 13 -8 -1 58 8 37 67 41 541 -1506 -438 5 147 147
1 9984 41 28 3 -4 0 0 0 0 12 -8 -3 206 51 N N N N -1411 -416 -3 143 143
1 9998 34 20 -5 3 0 0 0 0 9 -6 -2 38 21 N N N N -941 -285 -14 100 100
1 10002 44 8 2 1 0 0 0 0 4 -2 -1 69 19 N N N N -606 -190 -18 69 69
1 13164 53 -9 -7 121 -11 1377 0 -2 -4 3 -53 58 23 38 69 42 541 -534 -170 -20 63 63
1 10780 38 -36 -1 2 0 0 0 0 -16 11 1 160 37 N N N N -262 -85 -13 32 32
1 10000 41 -37 -1 0 0 0 0 0 -17 10 2 107 28 N N N N -71 -45 -37 24 24
1 9999 47 -48 3 1 0 0 0 0 -23 12 3 142 43 N N N N 1 -12 -19 8 8
1 10016 42 -59 0 -1 0 0 0 0 -30 11 4 135 42 39 68 41 541 194 36 -32 -6 -6
1 10454 43 -68 0 -1 0 0 0 0 -35 10 6 187 54 N N N N 294 65 -32 -16 -16
1 10001 43 -67 1 1 0 0 0 0 -35 6 7 121 46 N N N N 468 106 -46 -27 -27
1 10002 47 -61 0 0 0 0 0 0 -32 3 7 36 26 N N N N 633 161 -36 -48 -48
1 10013 39 -60 1 0 0 0 0 0 -32 -2 8 4 9 38 71 42 542 642 175 -18 -57 -57
1 10924 63 -68 -1 0 0 0 0 0 -35 -5 9 14 11 N N N N 873 244 -16 -80 -80
1 10000 47 -62 1 -4 0 0 0 0 -32 -8 10 10 5 N N N N 631 173 -16 -56 -56
1 9999 42 -67 1 2 0 0 0 0 -32 -13 9 22 6 N N N N 489 136 -10 -44 -44
1 15896 78 -102 12 -125 30 -1424 0 2 -47 -43 68 111 30 40 67 42 542 610 173 -7 -57 -57
1 10810 45 -42 7 1 0 0 0 0 -19 -14 0 84 25 N N N N 473 126 -17 -39 -39
1 10000 37 -24 0 1 0 0 0 0 -9 -8 2 -9 24 N N N N 419 124 3 -42 -42
1 40000 167 -19 0 -2 0 0 0 0 -8 -7 1 267 78 N N N N 1371 393 -8 -130 -130
1 40016 172 75 0 3 0 0 0 0 30 27 -6 293 87 38 73 42 543 1388 357 -68 -105 -105
1 39983 174 28 0 -2 0 0 0 0 12 8 -2 263 95 N N N N 1214 305 -66 -86 -86
1 40000 182 -61 1 1 0 0 0 0 -25 -20 5 295 93 N N N N 1137 292 -52 -86 -86
1 40000 177 -52 1 -1 0 0 0 0 -21 -18 4 35 27 N N N N 338 65 -46 -11 -11
1 40000 183 -12 0 -1 0 0 0 0 -4 -5 1 -598 -233 N N N N -541 -139 24 41 41
1 40000 174 9 1 0 0 0 0 0 3 3 -1 -297 -156 N N N N -6494 -1828 80 593 593
1 44769 189 130 -5 -118 0 -1331 0 -2 54 17 40 15 -32 N N N N -9548 -2749 35 953 953
1 43290 206 196 2 122 -1 1364 0 2 94 69 -69 -13 -6 N N N N -4846 -1411 -6 516 516
1 40016 165 40 -1 -2 0 0 0 0 20 5 -5 1 0 37 71 40 545 -1455 -418 7 154 154
1 39986 182 -29 1 1 0 0 0 0 -15 -3 3 301 87 N N N N -362 -118 -22 48 48
1 40000 187 -32 2 -3 0 0 0 0 -17 -5 4 123 52 N N N N 2262 627 -50 -223 -223
1 39998 176 -109 0 4 0 0 0 0 -53 -21 10 465 146 N N N N 3047 857 -44 -305 -305
1 40002 205 -84 -2 0 0 0 0 0 -38 -23 7 421 148 N N N N 4597 1273 -94 -436 -436
1 39998 206 -84 1 -1 0 0 0 0 -34 -28 8 281 98 N N N N 4280 1189 -71 -400 -400
1 40000 220 -80 1 0 0 0 0 0 -29 -30 5 453 165 N N N N 4207 1144 -102 -368 -368
1 40002 236 -7 0 0 0 0 0 0 -2 -3 1 -50 -1 N N N N 3160 890 -28 -291 -291
1 45487 337 163 -73 -123 -99 -1360 -2 -2 77 28 54 -226 -112 36 74 41 547 -1095 -294 30 91 91
1 40583 318 202 43 120 48 1366 0 2 85 77 -81 -137 -52 N N N N -4193 -1192 23 396 396
1 40637 271 58 0 -2 0 0 0 0 29 8 -7 65 9 N N N N -2611 -738 21 249 249
1 40000 243 -93 -4 2 0 0 0 0 -46 -13 11 57 18 N N N N -848 -254 -15 91 91
1 39999 246 -61 2 2 0 0 0 0 -30 -12 7 340 90 N N N N -767 -241 -31 90 90
1 39999 217 22 -2 -2 0 0 0 0 11 4 -2 349 108 N N N N 413 73 -70 -10 -10
1 40001 233 -73 3 4 0 0 0 0 -34 -17 8 -110 -39 N N N N 1005 259 -46 -81 -81
1 39999 234 -76 -2 -3 0 0 0 0 -33 -23 8 -10 -16 N N N N -4052 -1153 17 401 401
1 40016 223 -29 0 -1 0 0 0 0 -12 -10 3 6 -1 37 73 43 548 -4335 -1246 -2 448 448
1 39985 233 -36 2 2 0 0 0 0 -14 -12 4 14 2 N N N N -2065 -596 -5 219 219
1 44528 272 107 -7 -120 0 -1368 -1 -2 45 7 39 92 19 N N N N -1234 -360 -9 135 135
1 41647 255 165 2 123 -6 1375 0 2 77 67 -70 49 20 N N N N -553 -171 -21 68 68
1 40001 236 -4 -2 0 0 0 0 0 -2 -1 0 104 30 N N N N 5 -7 -15 5 5
1 39998 246 -81 0 0 0 0 0 0 -39 -16 11 230 66 N N N N 397 102 -20 -34 -34
1 40000 271 -53 2 -1 0 0 0 0 -25 -13 6 198 69 N N N N 1206 316 -51 -107 -107
1 40000 266 -84 -2 -1 0 0 0 0 -35 -26 10 166 54 N N N N 1626 447 -31 -158 -158
1 40016 276 -91 1 0 0 0 0 0 -34 -33 9 154 52 37 70 40 549 2611 723 -40 -254 -254
1 39984 275 14 1 1 0 0 0 0 5 5 -2 448 137 N N N N 2382 647 -53 -221 -221
1 40000 287 86 0 0 0 0 0 0 32 31 -9 50 16 N N N N 4183 1164 -48 -398 -398
1 40002 275 -63 0 -1 0 0 0 0 -24 -22 7 42 10 N N N N 946 258 -18 -86 -86
1 44236 292 88 -5 -124 0 -1369 -2 -2 35 0 39 97 22 N N N N -2209 -644 -21 228 228
1 40858 279 176 -1 35 0 207 1 -1 83 54 -24 81 25 N N N N -1260 -371 -19 134 134
1 39494 278 -9 1 89 -8 1154 -2 3 -6 17 -44 114 29 N N N N -1468 -424 -9 152 152
1 40000 278 -35 1 -1 0 0 0 0 -17 -7 5 244 66 N N N N -2333 -690 -42 255 255
1 40016 279 -11 2 -1 0 0 0 0 -6 -2 1 101 33 38 70 43 550 -3249 -943 -30 349 349
1 39984 276 -44 -2 2 0 0 0 0 -20 -10 6 129 42 N N N N -1394 -414 -31 158 158
1 40000 274 -26 -1 3 0 0 0 0 -11 -7 3 136 41 N N N N -50 -25 -19 13 13
1 40000 284 44 2 -4 0 0 0 0 19 11 -6 153 45 N N N N 562 143 -29 -46 -46
1 40000 265 24 -3 1 0 0 0 0 12 6 -3 144 46 N N N N -341 -115 -30 48 48
1 40000 278 31 3 -4 0 0 0 0 14 6 -3 152 52 N N N N 1591 430 -35 -152 -152
1 40001 288 44 -2 2 0 0 -2 0 22 8 -6 72 21 N N N N 1797 501 -14 -180 -180
1 39999 304 97 1 3 0 0 0 0 50 11 -13 331 99 N N N N 809 206 -37 -67 -67
1 40016 285 72 1 -1 0 0 0 0 38 3 -9 176 62 38 70 42 551 3914 1069 -61 -369 -369
1 39984 277 -2 -1 0 0 0 0 0 -1 0 0 8 7 N N N N 1379 379 -17 -130 -130
1 40000 304 -34 -1 1 0 0 0 0 -18 -1 4 82 16 N N N N 25 3 -6 0 0
1 40000 312 -47 0 2 0 0 0 0 -24 -2 6 37 6 N N N N -5744 -1633 -18 585 585
1 40000 300 -14 1 -1 0 0 0 0 -8 -2 2 18 5 N N N N -5314 -1501 -2 553 553
1 40001 314 -21 2 -2 0 0 0 0 -11 -2 3 58 14 N N N N -2231 -636 -9 241 241
1 40001 328 -48 -1 2 0 0 -2 0 -24 -6 6 43 10 N N N N -2106 -599 -10 230 230
1 39999 322 -4 1 0 0 0 0 0 -2 -1 1 35 11 N N N N -1306 -374 -10 146 146
1 40014 335 -21 0 -2 0 0 0 0 -11 -4 2 70 17 37 71 41 552 -540 -160 -14 65 65
1 39987 326 -47 -3 -3 0 0 0 0 -23 -9 6 82 24 N N N N -171 -55 -13 24 24
1 39999 319 19 1 3 0 0 0 0 9 4 -3 166 46 N N N N 295 72 -21 -24 -24
1 40000 309 108 1 1 0 0 0 0 55 17 -13 179 57 N N N N 1278 341 -35 -125 -125
1 40000 319 103 1 -1 0 0 0 0 53 6 -14 121 36 N N N N 1153 309 -29 -113 -113
1 40000 329 52 0 2 0 0 0 0 28 0 -7 76 21 N N N N -1248 -361 -19 142 142
1 43824 367 -202 -3 123 -11 1399 -1 -2 -105 0 -35 859 239 N N N N -1455 -468 -109 202 202
1 41471 349 -250 -2 -121 1 -1393 -1 2 -113 -74 92 159 69 N N N N -989 -320 -82 140 140
1 40016 315 -99 -2 -2 0 0 0 0 -36 -37 11 65 27 39 71 41 552 -162 -55 -18 25 25
1 39984 306 -85 0 -1 0 0 0 0 -26 -36 7 54 19 N N N N 51 7 -15 1 1
1 40001 331 -55 0 0 0 0 0 0 -14 -25 4 27 5 N N N N 135 33 -9 -12 -12
1 39998 302 -36 3 3 0 0 0 0 -7 -17 2 5 -1 N N N N 124 32 -4 -11 -11
1 40001 313 -39 0 -1 0 0 0 0 -7 -19 2 5 2 N N N N 60 16 -2 -6 -6
1 40000 312 -29 -1 -2 0 0 0 0 -4 -15 2 9 0 N N N N 6 1 -1 0 0
1 40000 306 0 1 2 0 0 0 0 0 1 0 27 5 N N N N 52 12 -6 -4 -4
1 44469 352 164 -4 -125 0 -1376 0 -2 35 43 21 20 2 N N N N 42 9 -4 -3 -3
1 40016 335 213 -3 0 0 0 0 0 74 85 -3 568 159 41 74 42 553 831 198 -65 -65 -65
1 41030 308 171 2 29 -1 220 0 -1 78 54 -24 141 50 N N N N 2484 665 -52 -246 -246
1 39837 275 16 21 93 25 1148 -2 3 3 22 -50 46 22 N N N N 1065 283 -25 -103 -103
1 40000 259 -31 -3 -3 0 0 0 0 -15 -6 4 24 9 N N N N 456 123 -8 -45 -45
1 40000 269 -19 3 1 0 0 0 0 -10 -3 2 30 7 N N N N 186 48 -5 -18 -18
1 39999 246 8 2 1 0 0 0 0 4 1 -1 94 27 N N N N 279 71 -12 -24 -24
1 40000 268 18 -2 -1 0 0 0 0 9 4 -2 123 35 N N N N 78 9 -23 1 1
1 40000 244 -25 1 2 0 0 0 0 -12 -5 3 278 84 N N N N -550 -172 -35 72 72
1 40001 240 -120 2 0 0 0 0 0 -55 -31 13 221 68 N N N N -1039 -316 -49 130 130
1 39999 244 2 -4 -2 0 0 0 0 1 0 0 29 14 N N N N -588 -175 -21 71 71
1 40001 259 60 3 1 0 0 -2 0 26 17 -7 221 59 N N N N -246 -78 -18 33 33
1 39999 260 23 0 0 0 0 0 0 11 6 -2 134 47 N N N N 249 46 -43 -9 -9
1 40001 241 34 2 3 0 0 0 0 16 8 -4 59 22 N N N N 257 61 -18 -20 -20
1 39999 239 54 -4 -4 0 0 0 0 26 11 -7 139 37 N N N N 208 49 -15 -16 -16
1 40001 257 74 2 2 0 0 0 0 38 10 -9 52 9 N N N N -6294 -1752 -18 686 686
1 40000 240 -16 0 -1 0 0 0 0 -8 -2 3 131 39 N N N N -5267 -1467 -19 595 595
1 40000 240 2 0 1 0 0 0 0 1 0 0 131 38 N N N N -817 -238 -25 102 102
1 39999 235 8 0 -1 0 0 0 0 4 1 -2 327 93 N N N N 365 84 -36 -28 -28
1 40000 233 -49 2 1 0 0 -1 0 -25 -7 6 259 87 N N N N 4207 1133 -59 -448 -448
1 40000 227 50 -2 0 0 0 0 0 26 7 -5 69 25 N N N N 4775 1301 -33 -508 -508
1 40000 228 35 2 1 0 0 0 0 18 3 -5 120 34 N N N N 1264 338 -18 -128 -128
1 40002 251 -48 -1 -2 0 0 0 0 -25 -5 6 246 71 N N N N -1378 -402 -43 164 164
1 40000 243 -60 -2 1 0 0 0 0 -31 -8 6 79 26 N N N N -3249 -907 -25 362 362
1 39999 239 -26 2 1 0 0 0 0 -12 -5 4 260 72 N N N N -2340 -660 -33 270 270
1 40000 246 -82 2 0 0 0 0 0 -39 -19 9 122 38 N N N N -3700 -1034 -36 428 428
1 39999 255 -61 -1 -1 0 0 0 0 -28 -17 6 65 21 N N N N -3453 -956 -18 401 401
1 40002 256 -39 -3 -3 0 0 -1 0 -16 -13 4 263 67 N N N N -1712 -481 -24 208 208
1 39998 260 -123 -3 4 0 0 0 0 -44 -45 11 344 103 N N N N -3913 -1099 -63 483 483
1 40000 257 -91 4 -1 0 0 0 0 -28 -39 6 107 40 N N N N -1605 -456 -41 206 206
1 40000 267 23 2 0 0 0 0 0 6 10 -2 90 31 N N N N 12 -6 -20 6 6
1 40000 267 44 1 0 0 0 0 0 13 19 -3 152 39 N N N N 142 32 -21 -10 -10
1 40001 270 45 -3 -2 0 0 0 0 15 18 -4 135 40 N N N N -1734 -487 -33 220 220
1 40000 279 99 1 0 0 0 0 0 37 36 -8 97 27 N N N N -3429 -944 -21 427 427
1 40001 269 89 2 1 0 0 0 0 38 27 -9 29 9 N N N N -4527 -1241 -13 572 572
1 39999 270 104 0 -1 0 0 -2 0 49 24 -11 142 34 N N N N -3112 -853 -9 402 402
1 39999 281 -97 -1 5 0 0 0 0 -46 -21 10 491 140 N N N N -3972 -1102 -64 540 540
1 40000 263 -170 -1 -2 0 0 0 0 -69 -56 16 160 55 N N N N -4916 -1354 -59 679 679
1 40000 258 -155 -1 -3 0 0 0 0 -47 -66 12 240 67 N N N N -2808 -773 -38 397 397
1 40000 255 -74 3 1 0 0 0 0 -16 -35 4 188 57 N N N N -2697 -741 -38 388 388
1 40000 241 -47 -2 1 0 0 0 0 -7 -23 2 10 9 N N N N -2134 -584 -18 308 308
1 40000 247 1 3 2 0 0 0 0 -1 1 -1 127 35 N N N N -1356 -371 -16 199 199
1 40001 253 21 -5 0 0 0 0 0 4 11 0 132 35 N N N N -1602 -438 -20 237 237
1 46176 287 147 0 -120 0 -1368 -1 -2 33 38 23 579 155 N N N N -1555 -434 -68 243 243
1 40000 258 201 -4 -2 0 0 0 0 71 79 -1 326 106 N N N N -779 -224 -81 132 132
1 41286 257 179 2 31 0 219 0 -1 83 55 -22 102 42 N N N N 215 51 -42 -23 -23
1 39301 237 76 -1 86 -6 1161 -1 3 37 30 -53 37 15 N N N N 377 99 -15 -52 -52
1 39999 245 8 0 8 0 0 0 0 5 2 -2 29 9 N N N N 231 61 -8 -32 -32
1 40000 249 53 2 -4 0 0 0 0 27 4 -6 505 128 N N N N -16 -9 -30 9 9
1 40001 228 -186 -3 -1 0 0 0 0 -94 -27 23 368 123 N N N N -79 -38 -100 33 33
1 39999 238 -142 3 0 0 0 0 0 -63 -40 14 146 52 N N N N 3 -7 -45 9 9
1 40002 228 -121 -1 4 0 0 0 0 -44 -44 12 164 45 N N N N 244 60 -33 -28 -28
1 39998 214 -59 0 0 0 0 0 0 -19 -24 4 122 37 N N N N 275 70 -18 -36 -36
1 40001 235 -31 2 -1 0 0 0 0 -9 -14 2 125 37 N N N N 366 94 -30 -47 -47
1 44472 265 192 -6 -127 0 -1385 -1 -2 64 47 30 308 78 N N N N 461 118 -30 -60 -60
1 41822 253 309 0 124 -7 1375 0 2 146 99 -79 226 70 N N N N 1124 290 -58 -148 -148
1 40001 224 9 -2 -1 0 0 0 0 5 0 -1 344 107 N N N N 242 55 -55 -22 -22
1 39999 260 -146 4 1 0 0 0 0 -74 -22 17 567 156 N N N N 1139 292 -61 -147 -147
1 40000 239 -180 -3 2 0 0 0 0 -79 -50 20 252 91 N N N N 283 61 -75 -22 -22
1 40000 250 -156 2 -2 0 0 0 0 -53 -62 14 180 59 N N N N -211 -67 -55 42 42
1 40000 248 -91 -1 2 0 0 0 0 -23 -41 5 42 17 N N N N 75 16 -20 -6 -6
1 40000 241 -57 2 0 0 0 0 0 -10 -28 3 22 5 N N N N -110 -31 -8 17 17
1 40002 252 -55 -1 1 0 0 0 0 -7 -27 3 8 3 N N N N -70 -19 -3 11 11
1 39998 260 -44 -1 -1 0 0 0 0 -4 -23 1 17 5 N N N N -68 -19 -3 10 10
1 44473 283 66 -7 -120 -1 -1370 0 -2 7 2 12 687 147 N N N N 34 6 -19 0 0
1 39999 277 253 5 -2 0 0 0 0 60 116 8 317 130 N N N N 2382 604 -135 -299 -299
1 40000 268 257 0 2 0 0 0 0 107 85 -10 12 15 N N N N 1865 488 -26 -248 -248
1 43707 279 170 -1 121 -7 1374 0 2 85 53 -76 -1 3 N N N N 684 180 -7 -91 -91
1 39999 266 15 0 0 0 0 0 0 8 1 -2 1 0 N N N N 224 59 0 -30 -30
1 40000 287 5 -2 0 0 0 0 0 3 0 -1 5 -1 N N N N 103 27 -1 -14 -14
1 39999 274 8 0 -1 0 0 0 0 4 1 -1 1 -1 N N N N 26 6 -2 -3 -3
1 40001 286 2 1 0 0 0 0 0 1 0 0 17 2 N N N N -77 -20 -1 11 11
1 40001 274 17 -1 0 0 0 0 0 9 1 -2 58 13 N N N N 41 9 -7 -4 -4
1 39999 279 67 1 -2 0 0 0 0 35 -1 -9 255 63 N N N N 58 12 -17 -4 -4
1 40000 317 7 -1 2 0 0 0 0 4 1 -1 111 42 N N N N 1245 318 -43 -155 -155
1 43473 341 -147 -6 124 -11 1399 -2 -2 -77 6 -44 114 29 N N N N 1102 286 -22 -141 -141
1 43054 333 -256 28 -120 33 -1410 -1 2 -127 -64 88 342 76 N N N N 982 254 -20 -124 -124
1 40001 289 41 -4 -6 0 0 0 0 18 11 -3 259 92 N N N N 1515 382 -68 -181 -181
1 40001 266 132 0 3 0 0 0 0 63 30 -14 192 57 N N N N 1047 266 -35 -126 -126
1 39998 279 58 -2 2 0 0 0 0 30 9 -7 155 50 N N N N 1145 290 -42 -135 -135
1 40000 276 -73 2 -2 0 0 0 0 -37 -12 9 62 22 N N N N 878 226 -19 -107 -107
1 40000 282 -109 -2 2 0 0 0 0 -52 -24 11 64 18 N N N N 842 218 -11 -104 -104
1 40000 286 -115 3 1 0 0 0 0 -48 -36 12 177 48 N N N N 893 226 -28 -105 -105
1 40002 288 6 3 -2 0 0 0 0 1 2 -1 103 29 N N N N 1041 268 -18 -125 -125
1 39998 274 48 -5 0 0 0 0 0 20 16 -5 78 25 N N N N 704 178 -21 -82 -82
1 40000 285 44 2 0 0 0 0 0 19 13 -4 34 8 N N N N 668 173 -9 -80 -80
1 40001 285 59 1 -2 0 0 0 0 27 15 -6 63 16 N N N N 277 69 -10 -31 -31
1 40000 290 103 -3 1 0 0 0 0 51 21 -11 321 86 N N N N 601 146 -36 -63 -63
1 40000 275 17 -1 0 0 0 0 0 9 2 -2 102 34 N N N N 1189 301 -35 -136 -136
1 39999 285 -35 1 1 0 0 0 0 -18 -5 3 207 57 N N N N 791 198 -25 -88 -88
1 40000 274 32 0 -2 0 0 0 0 16 5 -3 162 48 N N N N 957 240 -31 -106 -106
1 40001 281 -64 1 2 0 0 0 0 -32 -11 7 69 22 N N N N 740 185 -25 -82 -82
1 40000 267 -77 2 -2 0 0 0 0 -37 -18 8 29 11 N N N N 691 177 -10 -80 -80
1 40000 269 -10 -2 4 0 0 -1 0 -5 -1 1 58 12 N N N N 408 104 -8 -46 -46
1 40001 260 41 -1 -8 0 0 0 0 19 8 -4 86 24 N N N N 509 128 -14 -56 -56
1 39999 254 -25 4 8 0 0 0 0 -11 -5 2 193 49 N N N N 557 137 -24 -58 -58
1 40001 260 -113 -5 -2 0 0 0 0 -49 -33 12 191 53 N N N N 863 215 -28 -93 -93
1 39998 230 -89 3 0 0 0 0 0 -34 -32 8 178 51 N N N N 849 209 -32 -90 -90
1 40001 256 -38 -3 0 0 0 0 0 -13 -15 3 137 47 N N N N 729 177 -37 -73 -73
1 39999 240 -65 2 0 0 0 0 0 -19 -28 5 99 30 N N N N 519 128 -18 -54 -54
1 40002 256 -39 -2 -1 0 0 0 0 -10 -18 2 69 20 N N N N 480 119 -14 -51 -51
1 45293 298 142 -1 -125 0 -1363 -1 -2 42 31 30 81 19 N N N N 494 123 -15 -52 -52
1 40002 241 200 -1 3 0 0 0 0 83 67 -5 17 5 N N N N 379 95 -10 -41 -41
1 42117 280 145 1 119 -6 1368 -1 2 71 55 -68 29 8 N N N N 381 98 -3 -43 -43
1 40000 238 21 0 3 0 0 0 0 11 3 -3 33 8 N N N N 415 104 -8 -44 -44
1 40000 249 2 -1 -1 0 0 0 0 1 0 0 35 7 N N N N 223 55 -7 -23 -23
1 40000 245 -18 1 -2 0 0 0 0 -10 -2 2 35 10 N N N N 76 18 -5 -8 -8
1 40000 244 -23 0 2 0 0 0 0 -11 -4 2 47 12 N N N N -2 -3 -7 3 3
1 40001 242 -26 1 -1 0 0 0 0 -14 -3 4 12 2 N N N N -51 -15 -5 8 8
1 39999 241 6 -3 2 0 0 0 0 4 1 -1 12 3 N N N N -24 -8 -4 4 4
1 40001 242 0 5 0 0 0 0 0 -1 -1 -1 14 2 N N N N 49 12 -2 -5 -5
1 40000 249 1 -2 0 0 0 -1 0 1 1 0 77 17 N N N N 5 0 -5 1 1
1 40000 234 -15 -2 0 0 0 0 0 -7 -3 2 197 52 N N N N 332 76 -25 -30 -30
1 39999 249 -14 3 2 0 0 0 0 -7 -2 2 250 69 N N N N 706 168 -39 -67 -67
1 40000 229 16 -4 1 0 0 0 0 8 3 -3 66 25 N N N N -19 -16 -28 12 12
1 40001 221 11 4 -4 0 0 0 0 5 1 0 79 23 N N N N -124 -38 -15 19 19
1 39999 238 -44 -2 1 0 0 0 0 -22 -7 5 32 11 N N N N -34 -13 -10 7 7
1 40001 227 -27 0 -2 0 0 0 0 -13 -7 3 27 6 N N N N 21 3 -6 0 0
1 40001 223 17 0 4 0 0 0 0 9 4 -2 73 16 N N N N 23 4 -6 -1 -1
1 39998 217 70 0 -2 0 0 -1 0 34 13 -8 165 45 N N N N 296 70 -16 -28 -28
1 40001 234 91 0 -3 0 0 0 0 47 11 -10 228 61 N N N N 586 137 -36 -54 -54
1 40000 210 45 1 -2 0 0 0 0 23 2 -6 170 52 N N N N 543 125 -39 -48 -48
1 39999 215 -10 -2 6 0 0 0 0 -4 0 1 117 33 N N N N 488 117 -22 -47 -47
1 40001 213 27 2 -5 0 0 0 0 13 1 -3 90 29 N N N N 377 88 -22 -34 -34
1 40002 222 -23 0 5 0 0 0 0 -11 -2 3 80 23 N N N N 706 175 -15 -74 -74
1 39997 214 53 -1 -4 0 0 0 0 28 2 -6 162 39 N N N N 356 87 -11 -36 -36
1 40001 219 -2 -1 3 0 0 0 0 -1 -1 0 249 70 N N N N -185 -67 -50 38 38
1 43587 234 -150 -4 126 -10 1407 0 -2 -78 3 -45 183 51 N N N N -89 -37 -34 22 22
1 41589 243 -186 -1 -129 0 -1399 -1 2 -91 -49 84 120 36 N N N N 270 60 -23 -22 -22
1 40000 215 -93 -2 5 0 0 0 0 -38 -29 9 163 48 N N N N 212 41 -30 -13 -13
1 39999 228 -36 4 1 0 0 0 0 -15 -12 3 96 25 N N N N -115 -35 -15 18 18
1 40001 234 62 1 -5 0 0 0 0 24 21 -5 49 16 N N N N -161 -49 -17 23 23
1 39999 222 65 -3 2 0 0 0 0 29 19 -7 65 20 N N N N -147 -41 -10 20 20
1 40000 227 62 1 1 0 0 0 0 28 16 -7 63 13 N N N N 3 -3 -10 3 3
1 40002 250 -35 0 -2 0 0 0 0 -16 -9 4 145 40 N N N N -38 -20 -25 13 13
1 39998 224 -85 0 2 0 0 0 0 -37 -24 9 29 11 N N N N 198 47 -10 -19 -19
1 40000 231 -130 -1 0 0 0 0 0 -49 -47 13 280 65 N N N N 302 67 -24 -25 -25
1 45354 269 36 -5 -124 0 -1391 -1 -2 14 -17 38 138 44 N N N N 271 52 -40 -16 -16
1 40000 269 175 1 -2 0 0 0 0 72 58 -6 76 23 N N N N 294 70 -15 -27 -27
1 41941 266 173 -2 122 -7 1385 0 2 84 63 -72 3 4 N N N N 38 5 -12 0 0
1 40000 259 47 3 1 0 0 0 0 24 4 -6 16 2 N N N N -569 -148 -2 63 63
1 40000 261 33 0 1 0 0 0 0 17 2 -5 15 2 N N N N -1031 -263 -3 115 115
1 40000 256 5 -2 0 0 0 0 0 3 1 0 27 5 N N N N -1564 -402 -5 174 174
1 40000 248 -31 1 1 0 0 0 0 -16 -3 4 34 7 N N N N -1127 -289 -4 128 128
1 40000 278 -61 -1 -4 0 0 0 0 -32 -7 8 221 52 N N N N -762 -201 -16 90 90
1 40000 269 -52 0 4 0 0 0 0 -26 -6 5 82 28 N N N N 30 -4 -32 7 7
1 40000 278 -75 1 0 0 0 0 0 -37 -15 9 87 24 N N N N 56 7 -17 0 0
1 40000 270 -35 -1 0 0 0 -1 0 -16 -8 5 23 7 N N N N -741 -191 -6 85 85
1 40000 283 -36 0 -1 0 0 0 0 -16 -10 4 9 0 N N N N -227 -60 -5 27 27
1 40000 286 -47 0 1 0 0 0 0 -20 -15 4 -1 -1 N N N N -11 -3 -2 2 2
1 40000 279 -53 0 -3 0 0 0 0 -22 -18 6 12 1 N N N N -147 -38 -2 17 17
1 40001 276 -75 0 4 0 0 0 0 -26 -28 7 75 15 N N N N -356 -92 -3 41 41
1 39999 278 -40 3 -2 0 0 0 0 -14 -16 3 193 51 N N N N -511 -140 -25 66 66
1 40001 268 -16 -3 0 0 0 0 0 -4 -7 1 213 56 N N N N 1658 410 -33 -176 -176
1 39999 267 -50 2 1 0 0 0 0 -14 -22 4 203 60 N N N N 2276 563 -42 -239 -239
1 44117 292 41 -8 -123 0 -1386 0 -2 12 -13 30 365 99 N N N N 2667 657 -49 -276 -276
1 40412 294 192 3 0 0 0 0 0 68 75 -2 10 10 N N N N 2312 577 -24 -242 -242
1 38222 249 191 2 106 24 1395 1 0 87 74 -62 21 4 N N N N 1112 280 -4 -117 -117
1 42072 247 92 22 16 0 1 -2 2 44 15 -21 61 19 N N N N 947 236 -10 -97 -97
1 40001 237 68 1 -1 0 0 0 0 36 3 -7 45 12 N N N N 1357 338 -13 -139 -139
1 39999 214 34 0 2 0 0 0 0 18 1 -4 70 15 N N N N 509 126 -8 -51 -51
1 40001 205 -57 -1 -2 0 0 0 0 -30 -1 7 61 18 N N N N -300 -83 -14 37 37
1 40000 204 -45 -1 0 0 0 0 0 -24 -3 4 47 10 N N N N -364 -96 -8 41 41
1 39999 206 40 1 1 0 0 0 0 21 3 -4 62 17 N N N N -575 -150 -9 64 64
1 40000 212 55 0 -2 0 0 0 0 29 2 -6 67 20 N N N N 358 87 -10 -34 -34
1 40000 206 62 0 -2 0 0 0 0 33 0 -7 62 15 N N N N 806 198 -13 -81 -81
1 45764 238 -70 -8 124 -8 1388 -1 -2 -37 8 -57 87 18 N N N N 486 119 -8 -48 -48
1 40354 223 -239 2 6 0 0 0 0 -122 -23 32 172 45 N N N N 342 75 -26 -26 -26
1 45647 213 -207 -1 -127 0 -1397 0 2 -89 -76 80 87 25 N N N N 201 43 -18 -15 -15
1 40001 202 -141 -4 0 0 0 0 0 -45 -58 11 137 38 N N N N 376 84 -22 -31 -31
1 39999 191 -104 3 3 0 0 0 0 -24 -48 6 115 33 N N N N 1059 257 -24 -101 -101
1 40000 184 -67 0 1 0 0 0 0 -10 -33 2 46 16 N N N N 1139 280 -15 -112 -112
1 40000 205 -28 1 1 0 0 0 0 -3 -14 1 31 8 N N N N 643 160 -6 -64 -64
1 39999 215 3 2 -2 0 0 0 0 0 1 0 33 9 N N N N 257 61 -6 -24 -24
1 40000 199 36 -1 -1 0 0 0 0 4 18 -2 39 9 N N N N 45 10 -4 -3 -3
1 40000 216 72 0 1 0 0 0 0 12 36 -3 57 14 N N N N -583 -152 -10 64 64
1 44474 235 171 -8 -124 -1 -1380 0 -2 47 45 29 28 5 N N N N -489 -126 -6 52 52
1 40000 228 162 -1 0 0 0 0 0 63 59 -3 88 19 N N N N -173 -46 -4 19 19
1 43645 247 199 1 121 -8 1377 0 2 94 73 -71 148 41 N N N N 136 22 -25 -4 -4
1 40000 227 95 3 1 0 0 0 0 49 11 -12 33 12 N N N N 302 69 -17 -25 -25
1 39999 217 58 -2 -2 0 0 0 0 31 1 -7 37 8 N N N N 183 43 -6 -17 -17
1 40000 232 60 2 1 0 0 0 0 32 0 -7 25 7 N N N N 110 24 -7 -9 -9
1 40001 236 49 -4 1 0 0 0 0 26 -5 -6 10 3 N N N N 75 18 -3 -6 -6
1 40000 226 38 4 -3 0 0 0 0 19 -4 -4 19 3 N N N N 109 26 -2 -11 -11
1 39999 239 20 -3 1 0 0 0 0 11 -2 -2 174 41 N N N N 120 23 -16 -6 -6
1 40000 216 76 3 1 0 0 0 0 38 -13 -8 152 43 N N N N 469 104 -29 -37 -37
1 40000 237 71 -4 0 0 0 0 0 35 -17 -7 34 12 N N N N 771 187 -14 -73 -73
1 44528 271 -90 -5 126 -9 1406 -1 -2 -44 23 -53 184 40 N N N N 655 156 -16 -60 -60
1 40002 244 -257 1 0 0 0 0 0 -134 26 27 161 46 N N N N 482 106 -33 -37 -37
1 41191 250 -277 -1 -127 0 -1401 -1 2 -137 -53 99 82 25 N N N N 97 13 -21 -1 -1
1 40809 248 -128 2 2 0 0 0 0 -54 -40 11 33 12 N N N N -675 -174 -11 72 72
1 40000 208 -52 -1 2 0 0 0 0 -19 -19 5 13 4 N N N N -565 -144 -3 58 58
1 39998 235 -37 2 -2 0 0 0 0 -13 -15 3 41 7 N N N N -388 -100 -6 41 41
1 40000 248 -30 -1 3 0 0 0 0 -9 -12 2 19 6 N N N N -219 -57 -5 24 24
1 39999 238 -34 0 -1 0 0 0 0 -10 -15 3 27 4 N N N N -165 -43 -3 18 18
1 40003 248 -32 0 0 0 0 0 0 -8 -14 2 36 9 N N N N -157 -42 -5 18 18
1 40000 235 -52 0 1 0 0 0 0 -12 -24 3 49 8 N N N N -150 -41 -7 18 18
1 39997 229 -63 -1 -1 0 0 0 0 -11 -31 4 35 10 N N N N -262 -69 -8 29 29
1 46001 287 148 -4 -125 0 -1383 0 -2 33 37 23 177 38 N N N N -341 -93 -16 41 41
1 40000 251 192 -2 0 0 0 0 0 65 78 -1 88 29 N N N N -642 -171 -21 73 73
1 37907 223 220 3 110 25 1379 1 0 101 82 -64 25 7 N N N N -546 -142 -11 60 60
1 42095 218 118 21 9 -1 0 -1 2 57 16 -22 95 25 N N N N -209 -58 -12 26 26
1 39997 209 51 2 2 0 0 0 0 27 2 -7 99 25 N N N N 418 96 -18 -36 -36
1 40001 198 51 -1 1 0 0 0 0 28 0 -4 19 8 N N N N 223 52 -9 -20 -20
1 39999 200 34 1 2 0 0 0 0 18 -1 -4 13 3 N N N N 95 22 -4 -8 -8
1 40003 210 23 1 -2 0 0 0 0 12 -2 -3 80 16 N N N N -14 -7 -7 4 4
1 40000 212 -16 0 -4 0 0 0 0 -9 0 2 79 21 N N N N -296 -81 -14 35 35
1 39997 191 -46 0 4 0 0 0 0 -24 3 5 59 17 N N N N -303 -81 -12 35 35
1 40003 206 -41 0 -3 0 0 0 0 -22 1 5 37 10 N N N N -279 -73 -8 32 32
1 44589 226 -218 -7 126 -8 1401 -1 -2 -113 -11 -37 66 12 N N N N -656 -168 -8 70 70
1 41586 238 -192 0 -121 0 -1410 0 2 -85 -66 80 83 18 N N N N -986 -251 -11 105 105
1 40001 185 -55 1 -3 0 0 0 0 -22 -20 4 76 25 N N N N -1353 -347 -19 147 147
1 39999 207 -2 -2 2 0 0 0 0 0 -1 0 19 5 N N N N -827 -208 -5 88 88
1 39999 224 40 2 0 0 0 0 0 15 15 -2 42 9 N N N N -513 -131 -5 56 56
1 40000 212 18 -3 -2 0 0 0 0 7 6 -3 91 23 N N N N -197 -54 -12 24 24
1 40003 208 -40 1 3 0 0 0 0 -15 -14 4 121 31 N N N N 119 23 -16 -7 -7
1 39997 208 31 0 -1 0 0 0 0 12 11 -3 51 14 N N N N 322 73 -17 -27 -27
1 40001 220 42 1 0 0 0 0 0 17 14 -4 7 3 N N N N 119 28 -2 -12 -12
1 39999 204 -4 -2 -1 0 -1 0 0 -2 -1 1 117 29 N N N N -16 -9 -14 7 7
1 40000 213 2 3 1 0 0 0 0 1 0 -1 42 11 N N N N -218 -60 -11 27 26
1 40000 214 21 -2 0 0 0 0 0 9 7 -2 45 9 N N N N -27 -10 -7 5 6
1 40000 230 10 0 2 0 0 0 0 4 4 -1 93 24 N N N N 121 26 -11 -9 -9
1 40000 207 -24 2 1 0 0 0 0 -10 -8 3 177 46 N N N N 40 -3 -29 6 6
1 40002 211 7 1 -4 0 0 0 0 2 2 -1 66 19 N N N N -137 -39 -12 18 18
1 39998 210 -8 -3 -2 0 0 0 0 -3 -3 1 134 35 N N N N -202 -59 -19 28 28
1 40000 210 -10 2 4 0 0 0 0 -4 -3 0 89 24 N N N N -69 -26 -20 14 14
1 40003 218 -29 0 -2 0 0 -1 0 -12 -9 4 88 22 N N N N -388 -103 -16 46 46
1 39997 211 -23 0 2 0 0 0 0 -9 -8 1 135 33 N N N N -767 -196 -12 85 85
1 40001 198 3 1 -4 0 0 0 0 1 0 1 46 16 N N N N 610 144 -18 -58 -58
1 39999 206 -27 0 4 0 0 0 0 -10 -9 1 16 7 N N N N 562 136 -8 -56 -56
1 40000 209 -8 -1 -1 0 0 0 0 -3 -3 1 40 9 N N N N 584 142 -5 -58 -58
1 40000 218 -24 -3 2 0 0 0 0 -8 -9 2 31 8 N N N N 609 149 -6 -61 -61
1 40000 210 -4 2 -3 0 0 0 0 -2 -2 1 52 11 N N N N 465 112 -7 -46 -46
1 40000 207 -46 -2 2 0 0 0 0 -15 -18 4 34 11 N N N N 421 100 -9 -40 -40
1 45237 243 96 -2 -124 0 -1371 0 -2 35 7 35 31 4 N N N N 272 66 -5 -27 -27
1 40000 233 173 -2 2 0 0 0 0 74 56 -5 56 11 N N N N 105 24 -3 -9 -9
1 41999 241 129 3 121 -8 1385 0 2 63 52 -68 126 34 N N N N 497 114 -20 -44 -44
1 40002 209 -2 -4 1 0 0 0 0 -1 -1 -1 136 34 N N N N 1484 358 -20 -144 -144
1 39998 221 -2 1 1 0 0 0 0 -1 1 0 29 12 N N N N 1426 347 -14 -139 -139
1 40000 225 14 2 -2 0 0 0 0 7 1 -1 101 25 N N N N 1047 253 -12 -101 -101
1 40002 226 -22 -1 -3 0 0 0 0 -12 -3 2 38 11 N N N N 910 220 -11 -87 -87
1 39998 238 28 -1 3 0 0 0 0 15 4 -3 39 11 N N N N 452 108 -7 -42 -42
1 40000 217 27 1 1 0 0 0 0 14 3 -3 73 18 N N N N 378 88 -11 -34 -34
1 40002 235 0 2 0 0 0 0 0 0 0 0 -3 -2 N N N N 321 77 -5 -30 -30
1 39998 223 -5 1 -2 0 0 0 0 -3 -1 1 12 2 N N N N 218 53 -2 -21 -21
1 38767 114 44 176 -43 154 -443 -112 -4 -2 -2 9 5 1 N N N N 245 60 -1 -23 -23
1 39988 58 81 44 -4 -1 -1 -180 0 39 3 -2 -23 1 N N N N 140 34 -1 -14 -14
1 40038 23 36 -39 9 -1 0 -175 0 25 1 -3 39 1 N N N N 81 20 0 -8 -8
1 47368 -141 -39 260 2 343 0 -165 0 -54 1 -9 -10 1 N N N N 107 25 -3 -9 -9
1 32593 -204 -51 29 -4 -1 -1 -141 0 -29 -3 -11 -13 -3 N N N N 30 10 5 -5 -5
1 39958 -322 -37 17 12 1 2 -173 0 -26 -4 -8 -4 2 N N N N -203 -48 4 18 18
1 40010 -397 -64 -27 -2 0 -2 -170 0 -28 -8 -9 -86 -21 N N N N -318 -75 8 29 29
1 41279 -429 -74 -149 10 0 0 -52 4 -18 -6 -6 -69 -15 N N N N -418 -98 12 37 37
1 40000 -433 -9 0 -1 0 0 0 0 -4 -2 -2 -138 -34 N N N N -855 -201 19 78 78
1 40002 -448 11 0 1 0 0 0 0 5 2 2 -234 -61 N N N N -1793 -431 28 169 169
1 39999 -443 36 1 -2 0 0 0 0 18 7 5 -89 -24 N N N N -2509 -608 27 244 244
1 40000 -446 56 -2 3 0 0 0 0 28 7 9 -54 -14 N N N N -767 -186 11 75 75
1 39999 -437 17 -2 -1 0 0 0 0 9 2 3 -86 -20 N N N N -750 -179 13 72 72
1 39999 -441 12 3 0 0 0 0 0 6 1 1 -76 -18 N N N N -959 -233 12 95 95
1 40000 -455 41 -2 1 0 0 0 0 21 4 7 -198 -50 N N N N -1766 -426 27 174 174
1 40001 -433 33 2 0 0 0 -5 0 17 0 6 -249 -64 N N N N 229 72 36 -36 -36
1 40000 -431 -40 -1 -1 0 0 0 0 -21 -2 -6 -277 -73 N N N N 407 122 47 -60 -60
1 39999 -441 -45 1 -1 0 0 0 0 -23 -3 -8 -136 -38 N N N N 160 53 30 -27 -27
1 40000 -440 -14 -1 2 0 0 0 0 -7 -1 -2 -137 -37 N N N N 25 17 25 -11 -11
1 40002 -424 -20 2 -2 0 0 0 0 -10 -3 -4 -267 -69 N N N N -52 3 36 -7 -7
1 39998 -453 -22 -3 1 0 0 0 0 -11 -3 -3 -71 -19 N N N N -423 -96 21 36 36
1 40000 -427 51 2 -4 0 0 0 0 26 7 8 -136 -34 N N N N 528 140 20 -62 -62
1 40000 -444 102 1 4 0 0 0 0 52 6 17 -124 -31 N N N N 1634 417 20 -177 -177
1 41648 -385 -199 -42 -129 -50 -1386 -2 -2 -97 -39 37 -138 -34 N N N N 1739 443 20 -187 -187
1 41116 -329 -261 5 125 0 1392 0 2 -116 -56 -88 -60 -14 N N N N 956 248 20 -105 -105
1 40000 -340 -66 1 2 0 0 0 0 -22 -26 -7 -29 -8 N N N N 342 88 4 -36 -36
1 40000 -322 -78 2 -1 0 0 0 0 -22 -34 -6 -187 -48 N N N N -15 6 21 -7 -7
1 40003 -346 -70 -2 1 0 0 0 0 -17 -32 -5 -17 -5 N N N N -517 -122 15 48 48
1 39997 -333 -51 -3 -4 0 0 0 0 -9 -25 -3 -72 -17 N N N N -15 0 9 -2 -2
1 40003 -330 -30 4 3 0 0 0 0 -4 -15 -1 -198 -49 N N N N 551 150 25 -65 -65
1 39997 -351 -60 -5 -1 0 0 0 0 -6 -30 -3 -79 -23 N N N N 737 195 23 -84 -84
1 40000 -338 -54 2 -1 0 0 0 0 -3 -28 -1 -12 -1 N N N N 565 144 5 -59 -59
1 43884 -399 282 4 130 0 1386 -1 -2 43 136 -23 -24 -5 N N N N 288 74 4 -31 -31
1 40680 -377 464 2 -115 0 -1389 0 2 193 141 78 -100 -22 N N N N 178 51 13 -23 -23
1 40790 -333 172 -9 -12 0 0 0 0 92 7 29 -37 -9 N N N N 395 104 9 -43 -43
1 40000 -369 53 6 5 0 0 0 0 27 -3 6 -87 -20 N N N N 573 148 9 -62 -62
1 40000 -350 -48 -2 -2 0 0 0 0 -25 3 -6 -289 -74 N N N N 1008 270 35 -114 -114
1 40000 -344 -116 1 3 0 0 0 0 -62 -2 -15 -150 -43 N N N N -109 -11 33 -2 -2
1 40000 -349 -84 -2 0 0 0 0 0 -44 -8 -11 -271 -73 N N N N -896 -205 41 76 76
1 40000 -344 -55 2 -6 0 0 0 0 -27 -9 -7 -37 -14 N N N N -815 -195 23 74 74
1 40000 -350 -51 -2 3 0 0 0 0 -25 -11 -6 -19 -2 N N N N -279 -67 5 26 26
1 40000 -345 -63 1 1 0 0 0 0 -29 -17 -7 -58 -14 N N N N -160 -36 9 14 14
1 40001 -338 -13 -1 0 0 -1 -1 0 -6 -3 -1 -223 -57 N N N N -325 -67 31 21 21
1 39999 -345 -17 -1 -1 0 0 0 0 -7 -5 -2 -72 -21 N N N N -231 -51 16 18 18
1 40001 -347 -65 2 1 0 0 0 0 -27 -21 -7 -134 -33 N N N N 468 126 15 -53 -53
1 39999 -340 20 -1 -2 0 0 0 0 8 7 2 -52 -15 N N N N 478 129 18 -56 -56
1 40000 -361 100 0 2 0 0 0 0 43 30 11 -195 -50 N N N N -4 9 22 -8 -8
1 40000 -339 127 0 1 0 0 0 0 62 26 15 -204 -57 N N N N -1785 -433 36 170 170
1 40000 -351 -16 1 -1 0 0 0 0 -8 -3 -2 -218 -60 N N N N -1029 -243 37 93 93
1 40000 -347 -55 -1 1 0 0 0 0 -28 -9 -6 -117 -33 N N N N -999 -239 28 94 94
1 40000 -338 -65 0 -1 1 0 0 0 -30 -17 -8 -66 -17 N N N N -992 -245 15 99 99
1 40000 -326 -17 0 1 0 0 0 0 -8 -4 -2 -44 -12 N N N N -254 -60 10 23 23
1 40000 -355 -41 1 0 0 0 0 0 -18 -13 -3 -142 -35 N N N N 357 98 16 -44 -44
1 40000 -320 -45 1 1 0 0 0 0 -19 -14 -5 -169 -46 N N N N 93 38 31 -20 -20
1 40001 -331 -5 -1 -5 0 0 0 0 -1 -2 0 -244 -62 N N N N -1368 -341 14 139 139
1 39999 -343 72 -1 4 0 0 0 0 30 23 7 -304 -89 N N N N -3098 -760 60 310 310
1 40000 -329 30 -5 -1 0 0 0 0 14 9 2 -92 -31 N N N N -4222 -1059 36 448 448
1 40000 -348 -32 4 0 0 0 0 0 -15 -10 -2 -140 -36 N N N N -3816 -962 21 419 419
1 40000 -329 -52 2 0 -1 0 0 0 -22 -16 -5 -224 -61 N N N N -887 -213 35 89 89
1 40000 -331 -19 -1 2 0 0 0 0 -8 -6 -3 -13 -5 N N N N 1793 463 16 -208 -208
1 40000 -325 34 -1 0 0 0 0 0 14 11 4 -139 -33 N N N N 1248 322 11 -143 -143
1 40000 -341 23 0 -6 0 0 0 0 10 7 4 -70 -19 N N N N 2062 535 23 -237 -237
1 40000 -328 -14 0 6 0 0 0 0 -6 -4 -3 -38 -9 N N N N 527 137 9 -61 -61
1 40000 -337 25 0 -1 0 0 0 0 10 8 3 -121 -32 N N N N -620 -153 11 65 65
1 40001 -326 14 1 -1 0 0 0 0 7 3 1 -118 -31 N N N N -2037 -509 26 217 217
1 40000 -339 -45 -1 0 0 0 0 0 -20 -13 -4 7 2 N N N N 952 245 7 -108 -108
1 39999 -314 -40 -2 3 0 0 -1 0 -16 -13 -5 6 5 N N N N 1406 359 0 -156 -156
1 40000 -333 -53 2 -4 0 0 0 0 -20 -19 -5 -29 -4 N N N N 1406 360 2 -156 -156
1 40000 -331 -47 0 2 0 0 0 0 -16 -19 -4 -130 -34 N N N N 1643 425 12 -183 -183
1 40000 -337 58 -2 -3 0 0 0 0 20 23 5 -123 -33 N N N N 1303 344 28 -151 -151
1 40000 -326 45 3 1 0 0 0 0 17 16 5 -40 -11 N N N N -269 -64 9 26 26
1 40000 -322 44 0 4 0 0 0 0 18 14 4 -125 -31 N N N N 4 7 14 -6 -6
1 40001 -330 62 -5 -3 0 0 0 0 28 19 6 -310 -82 N N N N -612 -138 44 52 52
1 39999 -307 0 1 -1 0 0 0 0 0 0 0 -29 -13 N N N N -680 -165 22 66 66
1 40000 -324 -97 3 1 0 0 0 0 -42 -30 -9 -231 -60 N N N N -911 -225 21 93 93
1 40000 -316 -81 -4 0 0 0 0 0 -31 -29 -7 -339 -96 N N N N -149 -16 56 -4 -4
1 40000 -304 -19 1 0 0 0 0 0 -6 -8 -3 -369 -102 N N N N 270 93 53 -48 -48
1 40000 -297 -25 0 -1 0 0 0 0 -8 -10 -1 -143 -46 N N N N -219 -35 53 6 6
1 40000 -308 -53 1 1 0 0 0 0 -16 -23 -4 -47 -14 N N N N 204 58 12 -26 -26
1 40000 -293 -16 -2 0 0 0 0 0 -4 -7 -1 -84 -22 N N N N 306 84 13 -39 -39
1 40001 -302 56 3 -2 0 0 0 0 16 24 4 -67 -19 N N N N -642 -160 13 67 67
1 39999 -287 21 -1 3 0 0 0 0 6 9 2 -176 -47 N N N N -758 -183 29 74 74
1 45824 -363 237 7 120 0 1389 -1 -2 94 82 -35 -332 -89 N N N N 337 102 37 -50 -50
1 41941 -302 246 -10 -125 0 -1404 0 2 127 33 88 -264 -78 N N N N -1505 -366 56 148 148
1 40001 -302 1 1 0 0 0 0 0 0 1 0 -39 -15 N N N N -974 -242 23 102 102
1 39999 -278 -24 -1 2 0 0 0 0 -13 -1 -3 -49 -12 N N N N -407 -104 6 44 44
1 40001 -276 -42 1 1 0 0 0 0 -22 -4 -5 -124 -34 N N N N 115 36 13 -18 -18
1 39999 -285 -93 1 -1 0 0 0 0 -48 -13 -11 -300 -83 N N N N 746 213 50 -101 -101
1 40001 -274 -56 -5 -1 0 0 0 0 -27 -10 -7 -147 -45 N N N N -750 -181 35 73 73
1 39999 -276 -42 5 0 0 0 0 0 -20 -11 -5 -96 -28 N N N N -721 -179 19 75 75
1 40000 -269 -41 -2 2 0 0 0 0 -18 -12 -4 -26 -8 N N N N -236 -58 10 24 24
1 40000 -280 -25 0 -3 0 -1 -71 0 -11 -8 -1 -23 -5 N N N N -108 -25 7 10 10
1 40000 -286 -37 -1 3 0 0 0 0 -16 -11 -3 -4 0 N N N N -129 -33 2 14 14
1 40000 -283 -28 0 3 0 0 0 0 -11 -10 -4 -15 -1 N N N N -59 -14 3 6 6
1 40001 -297 -21 -1 -3 0 0 0 0 -8 -7 -1 -56 -15 N N N N -119 -28 7 11 11
1 40000 -268 -21 2 1 0 0 0 0 -8 -8 -3 -5 0 N N N N -47 -11 4 4 4
1 40000 -290 -10 2 0 0 0 0 0 -4 -3 -2 9 6 N N N N -53 -14 -1 6 6
1 40000 -305 -22 1 -4 0 0 0 0 -8 -9 -1 -6 -2 N N N N 9 3 2 -2 -2
1 39999 -292 -6 -2 4 0 0 0 0 -1 -3 0 -143 -35 N N N N -212 -48 17 19 19
1 40000 -313 192 0 121 0 1402 -29 -2 76 68 -37 -36 -9 N N N N -387 -97 10 41 41
1 41294 -338 381 -7 -121 0 -1395 0 2 196 42 99 -482 -136 N N N N -1169 -278 69 112 112
1 40000 -298 104 1 0 0 0 0 0 54 -11 13 -245 -72 N N N N -1065 -262 41 110 110
1 40000 -319 7 2 1 0 0 0 0 3 -2 0 -85 -28 N N N N -1066 -267 30 115 115
1 40000 -311 -52 -1 -2 0 0 0 0 -26 8 -5 -143 -39 N N N N -832 -208 25 90 90
1 40000 -305 -26 0 1 0 0 0 0 -14 2 -3 -34 -10 N N N N -547 -139 10 62 62
1 40001 -294 8 0 1 0 0 0 0 4 -1 1 -47 -12 N N N N -364 -92 8 40 40
1 40001 -306 5 -1 -1 0 0 0 0 3 0 0 -588 -164 N N N N -1025 -241 78 98 98
1 40000 -311 -77 1 0 0 0 0 0 -41 5 -9 -62 -25 N N N N -1673 -426 34 190 190
1 45278 -319 -396 -9 -105 1 -1188 1 -3 -198 -70 1 -86 -23 N N N N -861 -220 16 100 100
1 39484 -278 -154 7 105 -1 1195 -1 3 -59 -44 -59 -138 -39 N N N N -633 -159 21 70 70
1 40001 -277 -67 -1 -1 0 0 0 0 -21 -28 -4 -118 -35 N N N N -827 -209 24 95 95
1 40000 -272 -92 1 0 0 0 0 0 -23 -42 -6 -186 -52 N N N N -1048 -265 30 120 120
1 39999 -296 26 0 0 0 0 0 0 6 12 1 -180 -53 N N N N -1439 -367 35 168 168
1 40001 -267 41 0 0 0 0 0 0 10 19 3 -35 -11 N N N N -1215 -316 12 149 149
1 40000 -299 37 1 -5 0 0 0 0 10 16 2 -63 -17 N N N N -548 -142 6 67 67
1 40000 -273 -52 -2 6 0 0 0 0 -14 -23 -3 -383 -104 N N N N -1009 -250 52 113 113
1 39999 -290 -122 -2 -1 0 0 0 0 -24 -58 -6 -435 -128 N N N N -1526 -384 66 177 177
1 40001 -281 181 5 123 0 1382 -51 -2 40 84 -27 -187 -61 N N N N -1756 -446 61 210 210
1 38819 -310 466 36 -100 0 -1378 1 -2 198 132 68 -372 -103 N N N N -2171 -560 54 271 271
1 42709 -306 100 -43 -21 0 -1 -46 4 59 2 25 -29 -16 N N N N -1645 -428 24 212 212
1 39999 -289 8 -1 4 0 0 0 0 4 0 0 -17 -6 N N N N -356 -93 6 46 46
1 40000 -285 -7 1 -1 0 0 0 0 -4 0 0 1 3 N N N N 99 27 3 -14 -14
1 40001 -282 3 0 -1 0 0 0 0 2 -1 0 -12 -3 N N N N -7 -2 2 1 1
1 40001 -294 10 1 1 0 0 0 0 5 2 1 -54 -13 N N N N -39 -8 11 2 2
1 39999 -292 103 -3 0 0 0 0 0 55 -7 13 -107 -29 N N N N -410 -105 14 52 52
1 39999 -287 76 2 2 0 0 0 0 39 -10 7 -518 -145 N N N N -1581 -403 64 197 197
1 40001 -297 -87 1 -6 0 0 0 0 -44 12 -9 -248 -77 N N N N -1951 -505 60 253 253
1 40708 -282 -195 -13 -130 0 -1410 -25 -2 -103 -23 44 -99 -32 N N N N -1354 -353 31 180 180
1 39560 -276 -395 6 132 0 1401 -34 2 -183 -74 -102 -9 -2 N N N N -775 -205 7 107 107
1 40790 -290 -55 -2 -3 0 0 0 0 -19 -21 -4 -9 -2 N N N N -48 -12 1 6 6
1 40000 -275 6 2 0 0 0 0 0 2 2 0 -48 -11 N N N N 89 25 7 -14 -14
1 40001 -282 80 0 1 0 0 0 0 28 31 7 -317 -85 N N N N 39 15 25 -11 -11
1 39999 -283 165 0 1 0 0 0 0 71 51 13 -458 -133 N N N N -5 10 61 -13 -13
1 40000 -290 106 0 -3 0 0 0 0 52 22 11 -545 -166 N N N N 81 46 122 -40 -40
1 40000 -289 -107 2 4 0 0 0 0 -53 -22 -11 -350 -109 N N N N -899 -226 75 110 110
1 40000 -289 -66 -3 1 0 0 0 0 -30 -18 -6 -326 -100 N N N N -1010 -259 62 130 130
1 40000 -284 26 -1 -2 0 0 0 0 12 7 3 -213 -64 N N N N -1013 -263 45 135 135
1 40000 -293 31 0 -1 1 0 -33 0 14 9 3 -141 -45 N N N N -993 -261 31 137 137
1 40000 -294 79 -1 0 0 0 0 0 38 18 8 -186 -52 N N N N -590 -154 28 80 80
1 40000 -288 126 2 0 0 0 0 0 65 17 13 -492 -139 N N N N -488 -124 42 63 63
1 40000 -291 17 -3 4 0 0 0 0 9 2 1 -318 -100 N N N N -6 14 99 -20 -20
1 40000 -280 -30 2 -1 0 0 0 0 -16 -2 -3 -63 -24 N N N N 126 39 29 -25 -25
1 40001 -287 -41 0 -1 0 0 0 0 -21 -6 -4 -76 -21 N N N N 238 67 16 -38 -38
1 39999 -298 -36 -1 1 0 0 0 0 -19 -5 -3 -63 -17 N N N N 194 55 14 -32 -32
1 40000 -281 15 0 -1 0 0 0 0 8 3 1 -115 -35 N N N N 25 9 14 -6 -6
1 40001 -289 93 -1 -1 -1 0 -36 0 49 10 10 -906 -259 N N N N -291 -57 132 15 15
1 39999 -299 8 0 -1 0 0 0 0 4 1 1 -174 -62 N N N N 501 146 63 -88 -88
1 40000 -296 -23 -2 1 0 0 0 0 -12 -3 -2 -149 -45 N N N N 1233 339 26 -187 -187
1 40001 -292 109 -3 0 0 0 0 0 59 4 11 -276 -82 N N N N 2878 792 52 -431 -431
1 40000 -292 124 2 -1 0 0 0 0 66 -8 12 -482 -135 N N N N 3011 833 69 -446 -446
1 39999 -297 -14 1 4 0 0 0 0 -8 2 -1 -91 -35 N N N N 5046 1386 47 -716 -716
1 40000 -291 -25 -2 -3 0 0 0 0 -13 1 -2 -28 -8 N N N N 2414 661 11 -331 -331
1 40000 -318 49 4 0 0 0 0 0 25 -5 5 -391 -105 N N N N 1777 494 34 -249 -249
1 40767 -296 -315 -10 -127 0 -1401 -3 -2 -165 -22 29 -166 -55 N N N N 11040 3036 67 -1447 -1447
1 42234 -325 -409 6 129 1 1406 0 2 -174 -103 -95 -162 -48 N N N N 2948 815 25 -374 -374
1 39999 -284 46 2 -3 0 0 0 0 14 19 3 -336 -100 N N N N -978 -249 51 104 104
1 40000 -306 13 -4 0 0 0 0 0 4 6 1 -175 -51 N N N N 1871 527 40 -243 -243
1 40001 -295 44 4 0 0 0 0 0 16 16 3 -156 -48 N N N N 5155 1430 39 -635 -635
1 39999 -323 29 -2 2 0 0 0 0 11 11 2 -122 -36 N N N N 2960 821 23 -357 -357
1 40000 -322 35 0 1 0 0 0 0 14 12 2 -88 -24 N N N N 1718 479 17 -205 -205
1 40000 -320 -10 2 -3 0 0 0 0 -4 -3 -1 -273 -78 N N N N 1817 521 47 -226 -226
1 40001 -348 9 -5 1 0 0 0 0 4 3 1 -156 -46 N N N N 3257 911 32 -382 -382
1 40000 -342 13 3 1 -1 0 0 0 5 4 1 -195 -55 N N N N 3884 1086 36 -445 -445
1 39999 -356 -46 -1 0 0 0 0 0 -18 -16 -3 -103 -31 N N N N 4058 1128 19 -448 -448
1 40000 -347 -32 3 1 0 0 0 0 -13 -11 -2 -205 -60 N N N N 631 191 32 -80 -80
1 40002 -368 -20 -1 -2 0 0 0 0 -7 -8 -1 -213 -66 N N N N -2599 -694 45 263 263
1 39998 -354 -76 0 2 0 0 0 0 -25 -31 -6 -195 -59 N N N N -1806 -481 34 184 184
1 40001 -372 57 -1 -3 0 0 0 0 19 23 5 -103 -31 N N N N -791 -204 30 75 75
1 39999 -373 85 0 3 0 0 0 0 31 32 5 -52 -14 N N N N 45 19 13 -10 -10
1 40000 -363 6 -1 1 0 0 0 0 3 2 0 -88 -22 N N N N 2991 835 15 -333 -333
1 40000 -369 -72 0 0 0 0 0 0 -28 -26 -4 -86 -23 N N N N 2775 775 13 -305 -305
1 40000 -360 -29 1 -2 0 0 0 0 -10 -11 -2 -205 -60 N N N N 1095 321 33 -129 -129
1 40001 -364 -14 -6 0 0 0 0 0 -4 -6 -1 -640 -189 N N N N -777 -173 78 51 51
1 39999 -357 -89 5 1 0 0 0 0 -26 -39 -5 -166 -63 N N N N 510 183 76 -85 -85
1 40001 -350 -42 0 0 0 0 0 0 -10 -19 -3 -10 -6 N N N N 793 228 15 -90 -90
1 40000 -363 -37 1 1 0 0 0 0 -7 -18 -1 -33 -7 N N N N 244 72 7 -29 -29
1 39999 -323 -50 -1 -1 0 0 0 0 -9 -24 -2 -57 -16 N N N N -55 -10 10 2 2
1 40001 -336 -49 0 1 0 0 0 0 -6 -25 -2 -116 -36 N N N N -120 -22 20 5 5
1 46648 -408 356 3 121 0 1384 0 -2 89 161 -29 -313 -88 N N N N -52 11 47 -14 -14
1 42294 -356 481 -4 -122 0 -1408 0 2 236 83 92 -137 -46 N N N N -307 -65 38 18 18
1 39998 -323 101 -1 -3 0 0 0 0 54 -8 10 -51 -15 N N N N -296 -75 14 26 26
1 40000 -297 50 2 3 0 0 0 0 25 -7 5 -54 -16 N N N N -211 -53 11 18 18
1 40001 -310 -2 -2 -1 0 0 0 0 0 1 0 -138 -39 N N N N -175 -41 14 13 13
1 40000 -300 -85 1 1 0 0 0 0 -45 10 -8 -175 -54 N N N N -1451 -383 41 140 140
1 39999 -300 -31 1 1 0 0 0 0 -17 2 -4 -16 -5 N N N N -823 -225 10 85 85
1 40002 -288 -46 0 -3 0 0 0 0 -24 2 -5 -28 -8 N N N N -403 -110 5 42 42
1 39999 -290 -37 -2 0 0 0 0 0 -19 0 -7 -73 -19 N N N N -547 -146 13 55 55
1 36999 -361 -171 46 -129 73 -1386 -20 -2 -95 -34 41 -76 -21 N N N N -408 -107 14 39 39
1 40016 -382 -285 -24 131 -41 1412 0 2 -125 -60 -85 -240 -70 38 68 42 558 -529 -133 28 47 47
1 39986 -370 124 0 -2 0 0 0 0 50 42 10 -665 -197 N N N N -234 -9 110 -17 -17
1 39999 -354 56 0 2 0 0 0 0 26 14 6 -174 -57 N N N N 619 197 46 -86 -86
1 39999 -356 -90 -3 -1 0 0 0 0 -40 -25 -8 -190 -60 N N N N 1070 325 45 -136 -136
1 40001 -356 -31 2 -1 0 0 0 0 -13 -10 -3 -163 -52 N N N N 77 39 33 -21 -21
1 39999 -353 28 3 -1 0 0 0 0 11 9 2 -228 -71 N N N N -708 -175 48 59 59
1 40001 -353 -18 -1 2 0 0 0 0 -7 -6 -1 -89 -28 N N N N -761 -200 27 73 73
1 40001 -357 -13 -4 -1 0 0 0 0 -5 -4 -1 -14 -4 N N N N -208 -56 6 21 21
1 40015 -354 20 4 0 0 0 0 0 8 6 1 -76 -21 38 69 43 557 272 83 12 -35 -35
1 39984 -353 31 0 1 0 0 0 0 13 10 3 -20 -5 N N N N -6 3 8 -3 -3
1 39999 -362 37 1 -1 0 0 0 0 16 11 3 -62 -16 N N N N 118 37 8 -16 -16
1 40002 -373 89 -2 0 0 0 0 0 42 22 10 -147 -42 N N N N 113 45 25 -22 -22
1 39999 -353 84 2 0 0 0 0 0 42 14 10 -115 -35 N N N N 635 192 24 -80 -80
1 39999 -368 -14 -3 1 0 0 0 0 -7 -2 -2 -232 -66 N N N N 3756 1079 33 -423 -423
1 40003 -350 -32 0 1 0 0 0 0 -16 -6 -4 -90 -31 N N N N -968 -256 32 92 92
1 39997 -356 -38 1 1 0 0 0 0 -19 -7 -4 -121 -35 N N N N 631 187 17 -75 -75
1 40016 -365 -35 -2 0 0 0 0 0 -17 -7 -4 -59 -20 38 71 41 557 -702 -186 21 67 67
1 39984 -344 -12 -2 -3 0 0 0 0 -5 -3 -1 -4 3 N N N N 821 233 2 -90 -90
1 40000 -347 12 4 0 0 0 0 0 5 3 2 -55 -12 N N N N 2449 698 8 -266 -266
1 40001 -346 26 1 -2 0 0 0 0 12 6 3 -231 -72 N N N N 1470 437 37 -172 -172
1 39999 -326 23 -1 1 0 0 0 0 12 4 1 -403 -117 N N N N -1156 -296 54 101 101
1 40002 -333 2 -3 1 0 0 0 0 1 1 1 -37 -6 N N N N 6290 1809 39 -676 -676
1 40000 -322 75 0 0 0 0 0 0 38 12 9 -127 -36 N N N N 5096 1460 20 -525 -525
1 40000 -322 88 3 -4 0 0 0 0 46 8 10 -129 -33 N N N N 1969 573 20 -205 -205
1 40016 -317 51 -2 5 0 0 0 0 27 2 5 -76 -16 38 72 42 556 2604 758 26 -267 -267
1 39982 -320 -13 0 2 0 0 0 0 -7 0 -1 -386 -113 N N N N 2319 689 42 -243 -243
1 40002 -320 37 -2 -4 0 0 0 0 20 0 5 -304 -106 N N N N -2590 -684 81 216 216
1 39999 -337 113 1 1 0 0 0 0 60 -7 12 -360 -115 N N N N -3261 -890 62 295 295
1 40001 -325 107 2 1 0 0 0 0 54 -17 12 -284 -95 N N N N -5719 -1595 63 554 554
1 39999 -354 101 -1 -4 0 0 0 0 49 -25 10 -119 -40 N N N N -3453 -970 33 347 347
1 39999 -352 86 0 5 0 0 0 0 35 -27 8 -53 -17 N N N N -1012 -280 16 100 100
1 40002 -383 96 -2 -2 0 0 0 0 36 -37 7 -185 -55 N N N N -586 -157 19 54 54
1 43193 -408 -288 -8 -127 0 -1402 0 -2 -120 61 31 -71 -15 36 73 43 556 -1652 -447 46 158 158
1 40999 -386 -576 3 22 1 201 1 -1 -295 -11 -75 65 27 N N N N 4176 1189 -15 -437 -437
1 39456 -380 -189 3 105 -1 1195 -1 3 -73 -56 -60 296 137 N N N N 6852 1935 -48 -685 -685
1 40000 -383 0 1 2 0 0 0 0 0 0 0 -86 -14 N N N N 6129 1753 -5 -605 -605
1 39999 -368 -21 0 3 0 0 0 0 -7 -9 -1 -294 -86 N N N N 2873 856 47 -298 -298
1 40001 -389 -15 0 -1 0 0 0 0 -5 -6 -2 -154 -56 N N N N -1157 -301 45 92 92
1 40000 -364 -35 -1 1 0 0 0 0 -10 -15 -2 -725 -236 N N N N -2943 -774 104 240 240
1 39999 -377 2 -1 -3 0 0 0 0 1 1 0 -441 -146 N N N N -6013 -1661 111 554 554
1 40016 -353 21 0 -1 0 0 0 0 6 9 1 -60 -15 35 67 43 556 1432 435 33 -159 -159
1 39985 -340 14 1 1 0 0 0 0 4 6 1 -425 -140 N N N N 319 122 46 -53 -53
1 43351 -385 367 1 123 0 1389 -1 -2 151 119 -28 -353 -131 N N N N -8840 -2504 88 880 880
1 43118 -347 283 0 -126 0 -1403 1 2 150 11 92 -139 -52 N N N N -6323 -1809 44 670 670
1 40000 -303 122 -1 4 0 0 0 0 63 -15 13 -14 16 N N N N 1230 363 11 -140 -140
1 40002 -303 25 1 0 0 0 0 0 12 -5 3 16 9 N N N N 2014 582 -4 -219 -219
1 40001 -307 76 -1 -1 0 0 0 0 37 -17 7 693 318 N N N N 10520 2983 -108 -1062 -1062
1 39999 -310 30 -1 3 0 0 0 0 13 -8 3 -505 -147 N N N N 6626 1932 22 -672 -672
1 40016 -322 73 2 -3 0 0 0 0 32 -23 7 -690 -236 38 69 41 555 -993 -214 108 51 51
1 39982 -340 176 -1 0 0 0 0 0 62 -69 12 -398 -147 N N N N -7716 -2163 124 727 727
1 40002 -346 76 1 -2 0 0 0 0 19 -36 4 -438 -151 N N N N -6426 -1802 116 630 630
1 43707 -372 -367 -8 -125 0 -1392 0 -2 -130 109 26 -34 2 N N N N -74 -19 4 6 6
1 40351 -346 -561 0 -2 0 0 0 0 -289 18 -54 -227 -75 N N N N -213 -33 51 2 2
1 43590 -364 -166 2 127 0 1409 0 2 -73 -32 -72 -209 33 N N N N 7360 2150 0 -778 -778
1 10000 -84 33 1 1 0 0 0 0 13 11 2 -21 -1 N N N N 1199 370 30 -137 -137
1 9999 -87 31 2 0 0 0 0 0 13 10 2 139 53 N N N N 132 40 2 -14 -14
1 10016 -70 28 -1 3 0 0 0 0 12 9 2 115 72 39 70 42 555 783 226 -5 -78 -78
1 9985 -73 11 0 -5 0 0 0 0 5 3 1 45 16 N N N N 819 228 -17 -76 -76
1 9999 -91 20 0 0 0 0 0 0 9 5 3 -118 -44 N N N N 1830 529 -9 -182 -182
1 10000 -75 32 0 2 0 0 0 0 15 8 3 -241 -41 N N N N 1247 381 24 -135 -135
1 10016 -76 31 -3 2 0 0 0 0 15 8 2 -271 -78 37 69 42 555 597 193 28 -72 -72
1 9985 -68 17 3 -1 0 0 0 0 8 3 2 -293 -71 N N N N 280 108 39 -45 -45
1 10000 -76 -13 -1 -1 0 0 0 0 -6 -3 -1 -550 -140 N N N N 577 207 56 -82 -82
1 10000 -69 -25 -3 1 0 0 0 0 -12 -5 -2 -363 -104 N N N N 1884 613 87 -224 -224
1 10016 -66 -28 2 1 0 0 0 0 -13 -8 -3 -249 -77 39 70 41 555 1752 560 65 -200 -200
1 9983 -81 -37 0 0 0 0 0 0 -17 -9 -3 -308 -91 N N N N 2151 677 61 -235 -235
1 10001 -66 -37 -2 2 0 0 0 0 -16 -11 -4 -120 -42 N N N N 1596 514 59 -179 -179
1 10000 -69 -49 3 0 0 0 0 0 -21 -16 -4 -409 -116 N N N N 1460 462 43 -159 -159
1 10016 -69 -58 -5 -1 0 0 0 0 -21 -21 -4 -311 -85 39 70 44 555 1037 358 70 -129 -129
1 9984 -56 -37 3 0 0 0 0 0 -14 -14 -2 -271 -83 N N N N 838 300 68 -109 -109
1 10000 -76 -24 -1 0 0 0 0 0 -8 -10 -1 -118 -45 N N N N 544 202 54 -76 -76
1 10001 -71 -19 -2 -2 0 0 0 0 -5 -8 -1 -88 -30 N N N N 326 123 35 -46 -46
1 10015 -68 -7 0 -1 0 0 0 0 -2 -3 0 -32 -16 37 67 44 555 145 67 31 -28 -28
1 9984 -63 0 3 1 0 0 0 0 -1 0 -1 -90 -25 N N N N 30 21 15 -9 -9
1 10000 -65 5 -1 -1 0 0 0 0 2 2 0 -26 -9 N N N N -116 -21 19 2 2
1 10000 -63 5 1 1 0 0 0 0 2 2 0 -136 -41 N N N N -326 -86 14 24 24
1 10017 -60 -1 -1 1 0 0 0 0 -1 0 0 -158 -46 38 71 43 555 -393 -99 23 26 26
1 9983 -78 11 -1 -3 0 0 0 0 4 4 3 -1426 -361 N N N N -534 -127 43 31 31
1 10000 -53 53 -1 -1 0 0 0 0 17 22 3 -508 -171 N N N N -1286 -245 186 38 38
1 9999 -79 52 -2 2 0 0 0 0 20 19 4 -360 -139 N N N N -1313 -302 124 70 70
1 10016 -59 53 3 1 0 0 0 0 21 18 4 -212 -82 39 67 42 555 -761 -165 86 35 35
1 10539 -75 52 -2 0 -1 1 0 -4 23 15 4 -125 -54 N N N N -265 -31 66 -4 -4
1 8185 -60 35 0 -1 2 0 -25 0 16 10 3 -54 -22 N N N N 9 33 41 -20 -20
1 10008 -68 43 -1 -1 -1 -2 -49 0 20 11 5 -62 -29 N N N N 17 25 28 -14 -14
1 11269 -81 56 -2 3 0 2 -21 4 28 10 6 -254 -59 40 107 45 555 70 37 21 -16 -16
1 9984 -73 27 -1 -1 0 0 0 0 14 6 1 -1168 -293 N N N N -679 -138 92 25 25
1 9999 -77 20 1 1 0 0 0 0 10 2 3 -53 -38 N N N N -861 -159 139 21 21
1 10001 -80 7 -3 0 0 0 0 0 4 1 0 -38 -20 N N N N -628 -163 40 45 45
1 10016 -69 -7 0 1 0 0 0 0 -4 0 0 -240 -82 37 72 48 555 -443 -110 33 28 28
1 9984 -88 4 -5 -3 0 0 0 0 3 0 1 -1048 -286 N N N N -525 -108 72 20 20
1 9999 -75 19 5 2 0 0 0 0 9 2 2 -184 -91 N N N N -600 -81 144 -4 -4
1 10001 -92 32 0 0 0 0 0 0 17 4 3 -591 -163 N N N N -264 -24 80 -9 -9
1 10016 -90 54 -1 -3 0 0 0 0 29 3 6 -150 -60 35 71 48 555 -512 -89 97 9 9
1 9984 -95 81 -3 -1 0 0 0 0 44 0 9 -703 -203 N N N N -308 -50 62 3 3
1 10000 -88 100 2 1 0 0 0 0 53 -7 9 -1301 -374 N N N N 130 125 122 -67 -67
1 10000 -86 104 -2 -4 0 0 0 0 53 -18 12 -1814 -573 N N N N 483 312 232 -151 -151
1 10015 -99 130 -1 2 0 0 0 0 61 -34 8 -2036 -634 40 77 57 555 112 314 393 -185 -185
1 9984 -87 105 4 1 0 0 0 0 43 -35 6 -693 -267 N N N N 447 378 336 -194 -194
1 10001 -78 73 -3 1 0 0 0 0 25 -30 3 -152 -99 N N N N 399 254 179 -120 -120
1 10000 -93 64 0 2 0 0 0 0 18 -28 3 -288 -122 N N N N 468 230 114 -98 -98
1 10016 -88 49 -2 0 0 0 0 0 12 -23 1 -167 -77 39 76 62 555 170 118 89 -57 -57
1 9983 -79 45 1 0 0 0 0 0 9 -22 2 -125 -66 N N N N 107 79 63 -39 -39
1 10001 -93 46 1 -2 0 0 0 0 8 -23 1 -359 -138 N N N N -84 7 47 -12 -12
1 10000 -80 40 -5 0 0 0 0 0 4 -21 1 -303 -117 N N N N -230 -16 78 -11 -11
1 10016 -73 38 3 3 0 0 0 0 3 -19 0 -461 -167 39 77 64 555 -397 -81 64 12 12
1 9985 -80 28 -1 -2 0 0 0 0 2 -15 0 -676 -234 N N N N -729 -159 101 29 29
1 9999 -77 15 0 2 0 0 0 0 0 -7 0 -1019 -357 N N N N -935 -200 140 35 35
1 9999 -71 -14 -1 3 0 0 0 0 1 8 -1 -1642 -566 N N N N -1307 -292 182 55 55
1 10017 -72 -25 -3 -4 0 0 0 0 -1 12 -2 -1667 -514 41 79 74 554 -2272 -514 315 101 101
1 9984 -70 8 1 1 0 0 0 0 0 -4 1 -570 -214 N N N N -2135 -495 292 102 102
1 10000 -64 30 1 -2 0 0 0 0 1 -16 0 -584 -173 N N N N -1143 -226 220 28 28
1 10000 -75 -3556 1 1 0 0 0 0 0 -23 0 -159 -71 N N N N 135 148 156 -82 -82
1 10015 -67 42 1 0 0 0 0 0 -2 -22 -1 -162 -44 41 83 77 555 639 273 95 -111 -111
1 9985 -67 30 0 -2 0 0 0 0 -2 -16 0 -144 -41 N N N N 677 265 63 -100 -100
1 10760 -83 21 26 1 71 0 -4 -4 -8 -11 11 -246 -68 N N N N 939 355 68 -131 -131
1 8186 -83 20 25 1 0 0 -38 0 -10 -10 13 -146 -46 N N N N 817 300 44 -107 -107
1 14400 -125 -5 -3 -123 6 -1396 -33 2 2 -27 -21 -97 -39 42 80 75 555 1452 527 68 -185 -185
1 10771 -126 -68 2 2 0 0 0 0 5 34 11 -378 -102 N N N N 1168 418 46 -143 -143
1 10410 -107 3419 -7 -5 0 0 0 0 -2 92 16 -1229 -294 N N N N 1261 522 146 -197 -197
1 10000 -113 -177 1 -1 0 0 0 0 -35 85 12 -365 -107 N N N N 2290 894 184 -319 -319
1 10488 -102 -191 1 1 0 0 0 0 -65 78 3 -193 -64 41 78 75 554 2626 955 107 -316 -316
1 10454 -124 -195 2 2 0 0 0 0 -90 55 -10 -222 -58 N N N N 2044 734 68 -237 -237
1 10354 -116 -204 3 0 0 0 0 0 -106 25 -22 -227 -64 N N N N 1687 613 62 -196 -196
1 9999 -111 -191 5 0 0 0 0 0 -100 -9 -29 -569 -130 N N N N 1445 546 79 -178 -178
1 11813 -115 -188 4 28 1 202 0 0 -88 -35 -44 -831 -207 43 79 73 554 1905 746 135 -246 -246
1 10114 -115 -38 -30 104 -35 1192 -1 2 -14 -5 -36 -1148 -308 N N N N 1660 654 117 -213 -213
1 10604 -81 39 -10 -9 0 0 0 0 17 12 10 -1118 -326 N N N N 1978 860 235 -295 -295
1 10000 -89 108 1 -5 0 0 0 0 49 29 11 -1629 -484 N N N N 2658 1097 232 -355 -355
1 10016 -85 128 1 1 0 0 0 0 64 22 14 -774 -278 40 81 71 554 3160 1381 352 -452 -452
1 9981 -83 119 -2 -1 0 0 0 0 64 9 11 -300 -140 N N N N 3950 1552 220 -458 -458
1 10000 -76 109 2 4 0 0 0 0 58 -3 11 -249 -106 N N N N 3250 1232 124 -344 -344
1 10000 -90 106 -1 -2 0 0 0 0 55 -14 12 -260 -106 N N N N 2554 972 96 -267 -267
1 10018 -84 100 -4 2 0 0 0 0 49 -22 9 -240 -87 41 80 72 554 1878 735 89 -202 -202
1 9982 -80 105 2 0 0 0 0 0 46 -31 10 -254 -88 N N N N 1548 606 72 -164 -164
1 10003 -76 93 0 0 0 0 0 0 36 -34 6 -169 -67 N N N N 1241 494 66 -135 -135
1 9997 -86 84 -2 -4 0 0 0 0 27 -37 6 -511 -130 N N N N 1017 417 65 -114 -114
1 10018 -78 82 8 2 0 0 0 0 19 -37 5 -516 -195 44 84 71 554 1188 520 108 -148 -148
1 9985 -65 91 -6 1 0 0 0 0 17 -45 1 -1255 -312 N N N N 1286 576 128 -164 -164
1 10000 -67 65 -3 -3 0 0 0 0 8 -34 -1 -550 -240 N N N N 1933 907 228 -262 -262
1 9998 -59 55 0 4 0 0 0 0 1 -28 2 -1243 -360 N N N N 2617 1071 148 -278 -278
1 10015 -69 -3566 3 1 0 0 0 0 1 -18 -1 -943 -319 43 84 81 554 2754 1203 221 -318 -318
1 9985 -58 34 -3 3 0 0 0 0 -2 -17 1 -864 -297 N N N N 2780 1210 211 -312 -312
1 9999 -52 26 2 -1 0 0 0 0 0 -14 -2 -512 -195 N N N N 2509 1125 215 -289 -289
1 10000 -37 40 -1 -3 0 0 0 0 -4 -21 -2 -388 -185 N N N N 4206 1726 200 -407 -407
1 10020 -55 12 -3 5 0 0 0 0 -1 -5 -1 -1280 -372 42 95 77 554 4033 1585 123 -350 -350
1 9982 -32 -59 4 1 0 0 0 0 5 31 2 -2277 -633 N N N N 2721 1295 272 -317 -317
1 9998 -58 3525 -6 -4 0 0 0 0 4 38 -2 -2670 -871 N N N N 4908 2395 517 -574 -574
1 10003 -32 -41 1 6 0 0 0 0 -2 23 1 -915 -419 N N N N 6633 3082 528 -681 -681
1 10013 -34 -31 -3 -5 0 0 0 0 -1 15 -2 -778 -341 43 98 83 554 7418 3148 317 -619 -619
1 9986 -32 -21 -1 0 0 0 0 0 -1 11 -1 -180 -158 N N N N 7014 2977 277 -556 -556
1 10001 -30 -24 -1 3 0 0 0 0 -3 13 0 -115 -114 N N N N 7436 3049 197 -527 -527
1 9997 -47 -32 -1 -1 0 0 0 0 -4 16 -1 -166 -107 N N N N 5986 2336 67 -373 -372
1 10016 -33 -37 0 1 0 0 0 0 -6 19 -1 -193 -119 43 92 81 554 4509 1824 91 -290 -290
1 9984 -45 -47 0 -2 0 0 0 0 -10 22 -2 -372 -150 N N N N 3513 1467 98 -231 -232
1 10003 -48 -28 2 -1 0 0 0 0 -7 13 0 -67 -48 N N N N 2972 1261 94 -198 -198
1 10939 -32 -19 20 2 66 3 -5 -4 -10 9 8 -26 -32 N N N N 2882 1214 83 -186 -186
1 8227 -61 -19 28 1 1 -1 -40 0 -12 9 10 -64 -26 43 94 82 554 1922 761 23 -110 -110
1 10271 -66 -35 -4 1 0 -1 -51 0 -8 16 -7 15 6 N N N N 1994 791 25 -112 -112
1 9357 -59 -40 -3 -1 0 0 -49 0 -13 16 -3 -8 4 N N N N 1353 532 13 -75 -75
1 9989 -79 -34 1 1 1 1 -53 0 -12 14 -4 44 25 N N N N 937 390 22 -56 -56
1 9941 -62 -26 -2 2 -2 -2 -50 0 -9 10 -3 -1 9 47 96 87 554 1056 386 -7 -51 -51
1 10707 -90 -22 -3 0 1 1 -59 0 -8 8 -3 31 19 N N N N 700 279 8 -38 -39
1 9282 -72 -25 -2 3 0 0 -48 0 -10 9 -4 54 42 N N N N 393 139 -5 -18 -17
1 17520 -145 -182 -7 -129 4 -1398 -29 2 -81 20 38 81 95 N N N N 801 283 -12 -35 -35
1 9968 -67 -164 3 0 0 0 0 0 -85 23 -15 -60 16 41 93 92 553 158 85 15 -14 -15
1 11150 -111 -193 4 0 0 0 0 0 -102 -2 -26 -44 7 N N N N 711 312 27 -46 -46
1 10001 -74 -149 -1 1 0 0 0 0 -74 -22 -22 -45 -5 N N N N 520 209 7 -29 -28
1 12909 -114 -155 7 118 0 1388 -1 2 -67 -33 -72 -66 -11 N N N N 568 248 21 -36 -36
1 10813 -90 -55 -7 7 0 0 0 0 -20 -20 -5 -58 -12 44 98 92 553 656 230 -11 -28 -28
1 9984 -79 -4 1 -2 0 0 0 0 -1 -2 -1 -55 -13 N N N N 221 100 10 -15 -15
1 10001 -103 21 1 -1 0 0 0 0 8 8 1 -66 -20 N N N N 336 159 20 -24 -24
1 9999 -78 36 1 0 0 0 0 0 13 13 4 -74 -21 N N N N 480 207 15 -30 -30
1 10016 -95 67 3 2 0 0 0 0 27 22 6 -259 -62 43 110 92 553 425 208 28 -32 -32
1 9985 -89 90 -6 -1 0 0 0 0 40 26 11 -447 -120 N N N N 534 312 67 -53 -54
1 9999 -89 111 4 -3 0 0 0 0 54 22 13 -359 -96 N N N N 778 452 94 -76 -76
1 10001 -91 113 -1 2 0 0 0 0 58 12 14 -165 -52 N N N N 1145 597 97 -94 -93
1 10015 -102 91 -1 0 0 0 0 0 49 2 11 -88 -28 42 92 92 553 841 413 55 -63 -63
1 9984 -80 85 1 1 0 0 0 0 44 -6 12 -90 -27 N N N N 946 423 38 -60 -60
1 10000 -106 77 2 2 0 0 0 0 39 -10 10 -74 -26 N N N N 723 316 24 -43 -43
1 10000 -84 101 -4 -4 0 0 0 0 50 -22 12 -112 -36 N N N N 529 249 27 -36 -36
1 10016 -87 84 5 -6 0 0 0 0 36 -26 13 -173 -36 44 92 93 553 536 281 45 -44 -44
1 9984 -111 61 -9 12 0 0 0 0 27 -17 -1 -8 -10 N N N N 248 140 27 -22 -22
1 10000 -91 17 6 -11 0 0 0 0 5 -9 7 -158 -32 N N N N 327 168 25 -25 -25
1 10001 -77 -9 4 -11 0 0 0 0 -5 0 6 -57 -20 N N N N 231 117 17 -18 -18
1 10015 -104 -42 -10 24 0 0 0 0 -14 21 -17 -105 -28 42 94 96 552 286 197 52 -34 -34
1 9984 -88 13 -7 -7 0 0 0 0 7 -6 0 20 -3 N N N N 395 197 26 -29 -29
1 10001 -108 -9 16 -1 0 0 0 0 -6 3 5 29 8 N N N N 461 158 -11 -17 -17
1 10000 -94 62 -16 12 0 0 0 0 26 -20 -3 43 -3 N N N N 167 86 14 -13 -13
1 10015 -97 -35 8 25 0 0 0 0 -14 18 -11 -114 -16 43 92 100 552 248 101 3 -13 -13
1 9984 -93 5 1 -22 0 0 0 0 1 -6 11 -22 -4 N N N N 241 90 -2 -10 -10
1 10001 -102 54 -5 -10 0 0 0 0 21 -23 6 13 1 N N N N -104 -1 23 -5 -5
1 9999 -105 16 13 12 0 0 0 0 2 -4 2 -1 0 N N N N 82 21 -6 -1 -1
1 10016 -95 43 -24 -36 0 0 0 0 20 -26 6 -11 -1 43 101 103 552 119 70 15 -11 -11
1 9984 -73 -21 21 12 0 0 0 0 -11 12 2 -2 0 N N N N 188 67 -3 -8 -8
1 10001 -106 54 4 -7 0 0 0 0 13 -26 9 -1 1 N N N N 72 27 -1 -3 -3
1 10000 -105 11 1 15 0 0 0 0 4 -1 -4 1 0 N N N N 135 41 -6 -4 -4
1 10013 -108 4 -7 0 0 0 0 0 3 -1 -2 -1 -1 41 86 99 552 3 21 11 -4 -4
1 9984 -86 -132 1 -4 0 0 0 0 -42 54 -8 -5 11 N N N N 113 46 2 -6 -6
1 12938 -142 -82 3 -88 0 -1393 -4 -2 -33 7 26 -1 0 N N N N 145 36 -11 -3 -3
1 10830 -118 -47 -7 -5 0 0 0 0 -18 15 -3 2 4 N N N N -128 -10 22 -3 -3
1 10368 -115 -78 17 -78 0 0 0 0 -39 -3 30 1 2 44 89 101 551 24 10 1 -1 -1
1 10455 -149 -72 -16 61 0 0 0 0 -33 34 -32 0 2 N N N N 27 19 5 -3 -3
1 10351 -112 -227 -8 -15 0 0 0 0 -117 18 -18 1 8 N N N N 58 28 3 -4 -4
1 10002 -128 -99 -11 -5 0 0 0 0 -51 -6 -10 -3 -19 N N N N 100 45 4 -6 -6
1 10486 -98 -2 6 15 0 0 0 0 -2 3 -7 4 14 43 105 107 551 196 44 -18 -2 -2
1 10453 -89 -80 17 -25 0 0 0 0 -42 -15 -4 2 6 N N N N -16 -14 -5 2 2
1 10107 -105 -101 -10 42 0 202 -1 -1 -47 -13 -32 4 9 N N N N -108 -13 17 -1 -1
1 10248 -103 -54 4 105 0 1197 0 3 -24 -6 -51 2 -1 N N N N -35 -13 0 1 1
1 10017 -98 -24 -2 2 0 0 0 0 -10 -8 -2 0 0 42 91 116 550 -35 -18 -3 3 3
1 9983 -103 8 3 -4 0 0 0 0 3 3 0 -2 -4 N N N N 27 10 0 -1 -1
1 10001 -103 -15 0 -3 0 0 0 0 -6 -5 1 2 5 N N N N 87 32 -1 -4 -4
1 10000 -118 -36 -5 17 0 0 0 0 -14 -12 -9 2 1 N N N N 19 5 -1 0 0
1 10016 -108 -30 -4 -11 0 0 0 0 -11 -11 3 0 2 46 96 106 550 25 13 2 -2 -2
1 9984 -104 -2 -14 -26 0 0 0 0 0 -2 14 13 16 N N N N -8 -6 -1 1 1
1 9998 -74 131 33 41 0 0 0 0 51 45 -15 7 8 N N N N -90 -52 -11 8 8
1 10000 -85 26 -10 21 0 0 0 0 12 9 -4 4 10 N N N N 43 36 12 -6 -6
1 10018 -108 -67 -14 -55 0 0 0 0 -28 -22 20 -4 -6 44 93 112 550 -112 -42 0 5 5
1 9983 -68 200 7 20 0 0 0 0 93 49 11 9 14 N N N N 30 8 -2 -1 -1
1 9999 -63 20 9 30 0 0 0 0 9 5 -14 4 4 N N N N -125 -47 1 6 6
1 10001 -71 2 -3 -8 0 0 0 0 1 0 5 2 5 N N N N -1 -18 -11 4 4
1 10016 -97 -60 16 -26 0 0 0 0 -31 -13 3 2 1 42 91 110 548 3 17 9 -4 -4
1 9984 -93 -12 -22 -6 0 0 0 0 -4 -2 6 -8 -9 N N N N -19 -19 -6 3 3
1 10001 -83 35 6 -2 0 0 0 0 17 7 2 8 10 N N N N 99 26 -7 -1 -1
1 9999 -81 42 2 17 0 0 0 0 21 7 -3 2 7 N N N N -34 -10 2 1 1
1 10017 -84 33 5 -16 0 0 0 0 16 4 13 0 1 44 96 110 548 -161 -47 8 3 3
1 9984 -93 70 -7 10 0 0 0 0 38 6 2 1 8 N N N N 65 31 4 -4 -4
1 9999 -111 91 10 -4 0 0 0 0 47 0 14 -7 -9 N N N N 3 -3 -3 1 1
1 10000 -86 92 -17 40 0 0 0 0 50 -2 -7 2 13 N N N N -66 -20 4 2 2
1 10015 -96 -20 1 -40 0 0 0 0 -11 -4 20 -7 -6 43 100 113 548 -64 -25 -1 3 3
1 9985 -93 -63 5 -6 0 0 0 0 -33 5 -7 -6 10 N N N N 173 60 -4 -7 -7
1 9999 -88 0 9 5 0 0 0 0 -1 1 -4 4 -9 N N N N -150 -44 8 4 4
1 10002 -106 87 -13 5 0 0 0 0 47 -7 10 1 -5 N N N N 138 51 -1 -6 -6
1 10015 -111 -11 -4 3 0 0 0 0 -5 2 -5 -7 10 41 92 108 548 64 21 -2 -2 -2
1 9984 -85 -43 0 -7 0 0 0 0 -22 3 -2 -19 12 N N N N -118 -60 -8 9 9
1 10001 -94 27 9 -1 0 0 0 0 12 -3 6 -4 2 N N N N -123 -15 18 -2 -2
1 9999 -97 -5 -2 1 0 0 0 0 -2 1 -1 8 1 N N N N -98 -44 -3 6 6
1 10017 -110 24 5 0 0 0 0 0 11 -3 4 -18 2 46 98 116 547 -20 -10 -2 2 2
1 13773 -122 -84 -13 -115 0 -1402 0 -2 -41 -14 45 -120 3 N N N N 94 41 3 -6 -6
1 10795 -113 -94 -9 -3 0 0 0 0 -49 0 -9 -17 -3 N N N N -507 -129 38 9 9
1 10355 -86 -124 6 -26 0 0 0 0 -66 -14 -4 -41 -2 N N N N 37 29 8 -6 -6
1 10015 -107 -100 9 31 0 0 0 0 -50 -11 -30 -34 -4 44 96 119 547 -161 -43 11 4 4
1 13510 -125 -116 14 106 0 1402 0 2 -52 -20 -65 -218 -18 N N N N -123 -18 17 -2 -2
1 10828 -102 42 -22 18 0 0 0 0 19 14 3 -130 -16 N N N N -269 -63 24 4 4
1 10002 -96 50 13 -18 0 0 0 0 22 12 10 0 -7 N N N N -376 -79 38 2 2
1 10016 -99 148 -3 10 0 0 0 0 72 30 13 -372 -57 43 92 123 546 13 32 15 -7 -7
1 9985 -94 72 -2 15 0 0 0 0 38 10 -1 66 -6 N N N N -240 71 95 -26 -26
1 9999 -80 54 -16 -11 0 0 0 0 31 1 13 -685 -114 N N N N -151 -27 19 -1 -1
1 10000 -90 44 14 -6 0 0 0 0 21 0 9 -112 18 N N N N -197 108 107 -33 -33
1 10016 -87 32 -10 -1 0 0 0 0 19 -1 4 135 84 45 94 126 545 -264 -9 54 -9 -9
1 9983 -103 53 5 -1 0 0 0 0 27 -4 7 -251 -64 N N N N -337 -126 2 15 15
1 10001 -84 68 -5 1 0 0 0 0 36 -9 7 -543 -175 N N N N -459 -64 67 -5 -5
1 10000 -89 75 -1 0 0 0 0 0 38 -13 8 -451 -148 N N N N -270 87 112 -32 -32
1 10015 -77 64 3 -2 0 0 0 0 31 -15 5 -354 -120 44 94 118 545 320 329 120 -62 -62
1 9985 -95 35 -2 2 0 0 0 0 16 -10 2 -479 -145 N N N N 555 374 92 -62 -62
1 10001 -74 4 -1 -1 0 0 0 0 1 -2 3 -154 -43 N N N N 230 313 131 -61 -61
1 9999 -82 38 -1 -1 0 0 0 0 16 -12 4 -292 -91 N N N N 336 245 66 -42 -42
1 10015 -81 44 2 2 0 0 0 0 17 -15 4 -289 -91 43 97 116 544 479 340 89 -56 -56
1 9983 -79 38 -2 -4 0 0 0 0 16 -14 3 -253 -74 N N N N 509 336 79 -54 -54
1 10001 -71 26 -1 6 0 0 0 0 9 -9 -1 -262 -82 N N N N 513 361 92 -60 -60
1 10002 -66 32 1 1 0 0 0 0 10 -13 4 -243 -76 N N N N 671 393 75 -59 -59
1 10015 -73 34 0 -2 0 0 0 0 10 -15 4 -195 -60 44 99 112 544 531 342 77 -54 -54
1 9985 -82 26 -6 0 0 0 0 0 10 -11 -2 -107 -37 N N N N 625 359 64 -53 -53
1 9999 -78 16 0 -2 0 0 0 0 5 -8 -1 -78 -25 N N N N 622 315 41 -43 -43
1 9998 -85 10 3 1 0 0 0 0 2 -4 2 -105 -31 N N N N 596 298 35 -41 -41
1 10018 -60 6 -1 3 0 0 0 0 2 -2 -2 -66 -23 46 97 110 543 555 268 28 -35 -35
1 9982 -93 14 -3 -2 0 0 0 0 2 -8 3 -115 -30 N N N N 311 173 29 -25 -25
1 10001 -70 5 1 2 0 0 0 0 2 -1 0 -47 -16 N N N N 348 196 33 -28 -28
1 9960 -79 5 1 -3 0 0 0 0 1 -3 1 -53 -17 N N N N 447 215 21 -28 -28
1 10056 -90 9 -1 0 0 0 0 0 4 -4 -3 -38 -10 45 105 112 543 343 164 17 -21 -21
1 9985 -62 7 0 0 0 0 0 0 -1 -4 4 -10 -5 N N N N 250 126 15 -17 -17
1 9999 -77 11 2 2 0 0 0 0 2 -5 0 -14 -5 N N N N 245 104 4 -13 -13
1 10000 -77 13 0 -1 0 0 0 0 4 -6 0 -21 -7 N N N N 196 92 8 -12 -12
1 12696 -96 -13 -2 -119 0 -1402 0 -2 -4 -24 22 -13 -6 44 97 108 543 351 161 13 -20 -20
1 10775 -82 -75 -2 -9 0 0 0 0 -16 33 3 -13 -3 N N N N 104 49 4 -6 -6
1 10351 -83 -125 -3 4 0 0 0 0 -38 56 -2 -3 1 N N N N 90 45 5 -6 -6
1 10000 -66 -129 0 1 0 0 0 0 -54 43 2 -12 -6 N N N N 142 69 7 -9 -9
1 10430 -88 -151 3 -6 0 0 0 0 -73 36 -3 -3 0 46 96 106 542 20 16 5 -2 -2
1 10512 -82 -125 4 8 0 0 0 0 -66 19 -13 -61 -20 N N N N 71 36 4 -5 -5
1 10353 -89 -125 -3 -9 0 0 0 0 -67 -1 -5 -34 -8 N N N N 60 51 16 -9 -9
1 10001 -90 -134 4 7 0 0 0 0 -70 -10 -22 -73 -20 N N N N -23 8 9 -2 -2
1 9619 -81 -135 0 26 0 205 1 0 -64 -21 -34 -42 -19 45 98 107 542 93 57 11 -9 -9
1 10674 -72 -12 -1 99 0 1200 -1 2 -6 6 -41 -89 -27 N N N N -106 -22 12 1 1
1 9998 -76 6 -1 1 0 0 0 0 3 1 0 -81 -23 N N N N -69 17 25 -7 -7
1 10000 -74 21 -5 -7 0 0 0 0 10 6 4 -4 -5 N N N N -52 10 17 -4 -4
1 10019 -87 37 1 6 0 0 0 0 17 10 2 -15 -7 43 95 105 541 31 34 12 -6 -6
1 9984 -80 22 2 -1 0 0 0 0 10 4 4 25 6 N N N N -60 -7 9 -1 -1
1 9999 -68 5 6 -5 0 0 0 0 3 3 -6 -32 -11 N N N N 166 59 -3 -6 -6
1 10000 -113 64 -1 3 0 0 0 0 31 11 10 -12 -4 N N N N -69 -17 5 1 1
1 10017 -79 32 -3 -12 0 0 0 0 16 2 15 -18 -3 46 96 103 541 18 18 6 -3 -3
1 9985 -89 27 -2 5 0 0 0 0 15 6 -5 7 0 N N N N 28 18 4 -3 -3
1 9998 -77 4 6 21 0 0 0 0 2 3 -15 131 -3 N N N N 43 27 6 -4 -4
