version: 66.14
glider: 195
mission: 21
dive: 254
start: 6 9 105 2 36 52
columns: rec,elaps_tms,depth,heading,pitch,roll,AD_pitch,AD_roll,AD_vbd,GC_phase,mag.x,mag.y,mag.z,sbect.TempFreq,sbect.CondFreq,wlbb2fl.sig470nm,wlbb2fl.sig700nm,wlbb2fl.sig695nm,wlbb2fl.temp,aa4330.O2,aa4330.AirSat,aa4330.Temp,aa4330.CalPhase,aa4330.TCPhase,
data:
0 17279 43 1182 -582 53 159 2223 1256 6 -10 -296 156 172876 135631 40 1800 66 533 248503 97755 25792 29200 30606
1 9984 10 -7 -14 -177 0 0 0 0 7 -47 -86 -119 -6 N N N N 675 169 -54 -9 -9
1 10016 3 -65 -64 193 0 0 0 0 10 28 55 111 6 42 90 68 532 -1623 -397 135 20 20
1 9984 -7 307 59 -211 0 0 0 0 -57 24 35 47 1 N N N N 1794 316 -218 4 4
1 10016 -23 -200 5 275 0 0 0 0 27 32 36 -272 -4 42 89 70 532 -762 -177 68 8 8
1 9984 22 -102 -6 30 0 0 0 0 26 -21 -23 12 -3 N N N N 1097 185 -137 4 4
1 8772 2 89 -113 -87 -2 2 38 -4 -1 -9 -9 216 0 42 132 68 532 -563 -226 -3 26 26
1 9953 9 -90 108 -89 -4 -1 261 0 2 -44 -70 216 0 N N N N 886 276 -40 -23 -23
1 9988 30 167 -95 10 3 0 252 0 -8 44 69 -406 4 44 90 70 532 -4039 600 1233 -290 -290
1 10040 36 25 -90 -96 -1 1 270 0 24 -25 -36 71 -3 N N N N 992 505 60 -67 -67
1 9963 37 77 43 -139 0 0 274 0 -8 -15 -26 -89 -6 42 86 72 532 240 249 86 -42 -42
1 9986 59 -83 53 300 0 0 270 0 -11 72 97 -37 -4 N N N N 70 81 29 -14 -14
1 15048 261 99 8 3 753 4 164 -1 -22 41 28 -126 -21 45 91 66 532 244 145 27 -21 -21
1 10439 213 17 402 -57 1748 -5 154 1 -168 -18 -71 -17 -5 N N N N -133 -38 8 3 3
1 8569 130 -7 52 -6 10 0 376 1 -18 -6 -21 6 -2 41 88 70 531 -52 -3 11 -2 -2
1 17421 266 192 40 -126 -9 -1398 90 1 -55 51 -19 25 6 N N N N 168 72 2 -8 -8
1 10015 140 84 -10 18 0 0 0 0 -8 44 19 26 7 44 87 70 531 -22 -12 -2 2 2
1 11103 159 127 1 -17 0 0 0 0 -6 58 13 0 -2 N N N N 67 20 -4 -2 -2
1 10014 151 79 5 25 0 0 0 0 -1 49 1 18 7 42 87 72 531 37 19 3 -2 -2
1 11104 190 158 -14 -33 0 0 0 0 29 65 17 -59 -16 N N N N -45 -29 -6 4 4
1 10015 162 114 38 30 0 0 0 0 20 63 -18 27 5 43 86 79 531 8 15 6 -3 -3
1 11456 146 12 -44 -14 0 0 0 0 16 -1 16 21 15 N N N N 30 4 -4 1 1
1 10015 162 30 24 0 0 0 0 0 2 14 -9 57 8 40 85 75 531 -88 -45 -6 6 6
1 13158 191 17 -15 14 0 0 0 0 11 10 1 -6 -1 N N N N 202 59 -12 -5 -5
1 10016 158 85 10 -22 0 0 0 0 28 25 -1 29 5 43 88 74 531 -105 -40 1 4 4
1 10926 164 33 0 4 0 0 0 0 13 13 -4 117 28 N N N N -82 -52 -10 8 8
1 10015 151 94 -2 0 0 0 0 0 41 28 -9 -2 -7 42 110 78 531 179 35 -21 0 0
1 11339 180 98 3 2 0 0 0 0 47 21 -11 -17 -12 N N N N 23 3 -4 0 0
1 10016 142 107 0 -4 0 0 0 0 53 15 -15 -21 -18 44 90 80 531 62 28 2 -3 -3
1 11455 162 123 1 4 0 0 0 0 62 7 -25 -34 -22 N N N N -152 -53 5 5 5
1 10016 146 111 0 1 0 0 0 0 56 -7 -21 -36 -22 44 88 83 531 -18 9 9 -3 -3
1 10926 154 125 2 -3 0 0 0 0 59 -21 -23 -41 -24 N N N N -12 12 9 -3 -3
1 9945 144 108 3 86 42 1394 4 0 46 -21 -54 -38 -23 47 104 83 531 -63 -6 11 -1 -1
1 10481 135 45 18 36 0 -1 0 2 17 -14 -14 -44 -25 N N N N -231 -74 10 6 6
1 10822 157 -7 2 4 0 0 0 0 -3 2 1 -28 -20 45 88 86 531 -1 19 11 -4 -4
1 9985 113 -37 0 0 0 0 0 0 -15 13 4 -40 -23 N N N N -118 -29 11 1 1
1 10015 125 -49 3 2 0 0 0 0 -20 16 6 -30 -17 44 87 88 530 -41 1 10 -2 -2
1 9985 111 -56 -2 -2 0 0 0 0 -25 15 7 -31 -20 N N N N -84 -17 9 1 1
1 10015 133 -57 0 -4 0 0 0 0 -27 14 7 -30 -19 45 91 89 530 -108 -25 10 1 1
1 9985 126 -59 2 4 0 0 0 0 -29 11 8 -28 -18 N N N N -82 -17 9 0 0
1 10017 122 -66 -3 -1 0 0 0 0 -33 8 10 -36 -22 44 96 91 530 -130 -35 10 2 2
1 9985 124 -72 3 3 0 0 0 0 -37 5 12 -30 -19 N N N N -44 -1 9 -2 -2
1 10016 118 -73 -1 -3 0 0 0 0 -38 1 12 -45 -28 44 88 96 530 -214 -70 10 6 6
1 19982 242 -151 0 1 0 0 0 0 -77 -15 23 -71 -46 N N N N 25 51 22 -9 -9
1 20016 249 -126 -2 1 0 0 0 0 -59 -26 17 -55 -39 43 90 93 530 -397 -129 18 11 11
1 19983 247 -71 3 0 0 0 0 0 -30 -21 10 -3 -16 N N N N -313 -104 12 9 9
1 20016 256 10 0 -1 0 0 0 0 3 3 -2 33 5 44 89 92 530 -549 -223 -1 24 24
1 19985 247 75 -1 -4 0 0 0 0 33 20 -9 84 24 N N N N -450 -202 -12 25 25
1 20017 259 75 1 3 0 0 0 0 35 17 -11 63 25 42 86 94 530 -645 -291 -17 35 35
1 19982 260 90 -1 4 0 0 0 0 45 14 -14 117 44 N N N N -198 -130 -28 19 19
1 20016 260 119 3 -4 0 0 0 0 60 8 -18 112 47 42 86 92 530 -649 -312 -30 40 40
1 19985 253 167 -3 0 0 0 0 0 87 -11 -25 188 63 N N N N -426 -228 -32 31 31
1 20016 242 213 0 1 0 0 0 0 99 -49 -29 294 80 42 81 86 530 -1058 -573 -84 79 79
1 19984 236 152 -2 0 0 0 0 0 57 -56 -15 208 63 N N N N -1425 -693 -70 91 91
1 20015 235 41 5 -2 0 0 0 0 13 -17 -2 105 41 40 82 80 530 -1148 -550 -52 71 71
1 19985 235 -55 3 -4 0 0 0 0 -17 23 8 352 116 N N N N -740 -425 -75 62 62
1 20017 225 -139 -5 3 0 0 0 0 -53 50 12 541 178 41 80 81 530 -685 -450 -102 71 71
1 19983 216 -79 -2 1 0 0 0 0 -35 22 9 908 263 N N N N -397 -459 -176 85 85
1 20017 234 -43 9 2 0 0 0 0 -21 11 5 740 242 41 80 75 529 -780 -670 -211 117 117
1 19983 232 -116 -3 2 0 0 0 0 -57 20 15 663 230 N N N N -1621 -1080 -258 175 175
1 20016 218 -112 5 -2 0 0 0 0 -59 7 17 212 84 41 75 69 530 -2384 -1156 -129 163 163
1 19984 215 -180 -1 2 0 0 0 0 -92 -12 27 307 92 N N N N -1491 -739 -91 107 107
1 20016 213 -217 5 -3 0 0 0 0 -102 -50 28 1078 301 40 75 63 529 -2098 -983 -97 139 139
1 19984 181 -210 -6 1 0 0 0 0 -71 -79 24 1728 516 N N N N -5164 -2695 -416 420 420
1 20015 183 139 5 -3 0 0 0 0 43 55 -15 1472 482 39 76 62 529 -4776 -2520 -420 411 410
1 19985 194 220 5 2 0 0 0 0 95 62 -27 969 332 N N N N -5146 -2437 -293 389 390
1 20015 203 13 4 -3 0 0 0 0 5 2 -2 3814 1149 39 74 59 529 -3060 -1870 -461 354 354
1 19985 170 -207 1 -1 0 0 0 0 -92 -56 24 2824 896 N N N N -6080 -3635 -903 714 714
1 24016 190 -38 1 -119 1 -1396 1 -2 -14 -46 44 2528 835 39 73 55 529 -10035 -4914 -835 942 942
1 20457 142 110 0 0 0 0 0 0 43 39 -3 5402 1603 N N N N -10601 -5062 -886 1045 1045
1 20017 128 178 14 -2 0 0 0 0 81 44 -15 952 402 38 71 50 529 -12046 -5367 -825 1166 1166
1 20927 121 163 -2 1 0 0 0 0 86 17 -17 1519 503 N N N N -10148 -4195 -506 948 948
1 20014 119 149 -7 2 0 0 0 0 79 -4 -20 632 254 38 68 49 529 -7093 -2858 -325 677 677
1 20864 120 28 -5 -1 0 0 0 0 15 -3 -5 1352 453 N N N N -4219 -1727 -234 431 431
1 20018 132 -14 5 0 0 0 0 0 -8 2 2 1398 441 39 69 50 530 -3233 -1443 -304 394 394
1 20867 142 213 9 4 0 0 0 0 101 -42 -32 1306 369 N N N N -3879 -1708 -361 478 478
1 24426 160 258 -6 123 -7 1404 1 2 89 -89 -71 1593 541 39 68 48 530 -4461 -1937 -412 557 557
1 19985 113 94 3 -8 0 0 0 0 19 -46 -1 663 210 N N N N -3119 -1295 -243 374 374
1 20016 122 -12 5 2 0 0 0 0 -2 6 3 1368 396 38 71 47 530 -1779 -785 -192 241 241
1 19984 115 -112 6 4 0 0 0 0 -25 54 7 2279 530 N N N N -1844 -901 -301 297 297
1 20015 117 -7 3 -6 0 0 0 0 -2 3 3 2200 608 38 71 47 530 -2380 -1161 -399 391 391
1 19986 127 -47 -4 -2 0 0 0 0 -14 20 2 1637 742 N N N N -2375 -1193 -452 418 418
1 20015 115 -18 4 3 0 0 0 0 -6 8 2 459 270 38 67 45 530 -3257 -1450 -434 492 492
1 19984 103 24 -4 0 0 0 0 0 8 -10 -4 920 336 N N N N -2452 -953 -178 305 305
1 20016 98 122 -5 3 0 0 0 0 32 -56 -8 834 351 36 71 47 530 -1466 -641 -195 225 225
1 19984 110 50 0 0 0 0 0 0 9 -25 -3 399 139 N N N N -1691 -743 -237 265 265
1 20017 101 -62 -1 0 0 0 0 0 -11 31 2 323 148 38 68 47 530 -1213 -446 -65 144 144
1 19984 118 -71 0 0 0 0 0 0 -18 33 4 441 152 N N N N -1023 -407 -96 140 140
1 20016 103 -16 2 -1 0 0 0 0 -5 7 1 277 82 38 70 47 531 -684 -278 -73 98 98
1 19982 99 -10 -1 2 0 0 0 0 -3 4 0 1280 326 N N N N -522 -214 -58 76 76
1 20016 102 -30 3 -5 0 0 0 0 -10 13 3 1200 358 36 67 45 531 -315 -258 -198 120 120
1 19985 85 -32 -3 -1 0 0 0 0 -10 13 3 189 131 N N N N -1457 -648 -233 245 245
1 24016 133 -36 -5 128 -10 1385 2 -2 -13 15 -45 348 142 40 86 44 531 -2201 -873 -224 314 314
1 20452 106 -62 -2 -2 0 0 0 0 -24 23 1 467 127 N N N N -2241 -795 -114 270 270
1 20016 108 -54 1 1 0 0 0 0 -23 18 1 535 187 38 70 43 532 -2178 -777 -121 270 270
1 20974 103 -132 4 -34 3 -213 1 -1 -63 34 24 3142 724 N N N N -2808 -1060 -246 391 391
1 19499 70 -44 27 -92 41 -1219 -1 3 -25 2 55 1249 367 39 68 40 532 -5900 -2144 -436 798 798
1 19984 78 14 8 0 0 0 0 0 6 -3 0 481 201 N N N N -6758 -2169 -114 769 769
1 20015 64 18 2 -2 0 0 0 0 9 -2 -1 370 152 37 73 42 532 -6616 -2160 -190 815 815
1 19986 85 -46 4 0 0 0 0 0 -24 7 4 515 178 N N N N -5309 -1674 -66 640 640
1 20014 92 -83 0 2 0 0 0 0 -44 8 8 244 110 39 68 42 533 -4740 -1533 -144 621 621
1 19984 89 -92 1 -1 0 0 0 0 -50 2 8 19 49 N N N N -2737 -900 -121 381 381
1 20016 75 -111 1 -2 0 0 0 0 -59 -8 10 150 54 36 70 42 533 -3010 -974 -110 415 415
1 19984 102 -145 -1 2 0 0 0 0 -73 -26 11 533 93 N N N N -2850 -912 -92 395 395
1 20018 83 -166 3 -1 0 0 0 0 -72 -50 11 379 119 37 67 43 534 -3056 -976 -105 431 431
1 19982 87 -137 -3 0 0 0 0 0 -46 -54 8 399 112 N N N N -2285 -718 -53 318 318
1 20016 72 -117 0 0 0 0 0 0 -29 -53 4 359 125 39 69 42 534 -2161 -696 -100 322 322
1 19984 88 -91 3 0 0 0 0 0 -14 -45 3 332 94 N N N N -2248 -712 -81 331 331
1 20019 89 -81 -1 0 0 0 0 0 -6 -41 1 254 101 37 95 42 535 -1759 -555 -60 260 260
1 19981 81 -106 -1 0 0 0 0 0 2 -54 0 207 72 N N N N -952 -320 -90 161 161
1 20016 88 -133 -1 1 0 0 0 0 15 -66 -2 204 53 37 74 46 535 -1215 -386 -54 186 186
1 27748 137 -215 -77 -114 -98 -1323 1 -2 76 -120 -24 276 127 N N N N -1822 -562 -38 266 266
1 20016 101 -58 -3 -2 0 0 0 0 22 -20 -10 255 99 38 66 42 536 -1644 -502 -23 239 239
1 20457 124 61 -2 1 0 0 0 0 -21 21 12 159 95 N N N N -876 -274 -31 135 135
1 20015 111 159 2 -1 0 0 0 0 -45 64 26 613 128 38 68 43 536 -1275 -408 -78 207 207
1 20454 122 194 -1 1 0 0 0 0 -26 92 27 655 159 N N N N -1019 -333 -87 174 174
1 20016 99 141 0 2 0 0 0 0 1 72 12 841 222 38 66 44 536 -456 -188 -170 119 119
1 20457 123 146 0 -1 0 0 0 0 21 71 9 501 167 N N N N 119 -6 -134 25 25
1 20015 110 99 2 -3 0 0 0 0 24 44 3 317 110 39 66 43 537 424 102 -76 -37 -37
1 20454 114 109 2 2 0 0 0 0 35 46 -3 494 164 N N N N -228 -93 -85 59 59
1 20017 117 202 1 -3 0 0 0 0 82 66 -12 421 117 38 69 42 537 -2169 -686 -143 355 355
1 20863 114 191 1 2 0 0 0 0 95 34 -21 129 68 N N N N -2452 -749 -93 385 385
1 20016 100 168 -2 3 0 0 0 0 88 5 -26 356 72 38 74 41 537 -1022 -310 -29 159 159
1 20810 126 137 -2 -5 0 0 0 0 69 -14 -23 441 164 N N N N 507 130 -73 -54 -54
1 21358 99 106 -1 40 -3 208 -1 0 49 -19 -34 751 204 38 67 41 538 3003 860 -77 -413 -413
1 18642 76 30 60 81 81 1149 1 2 9 -1 -19 444 149 N N N N 3167 905 -77 -425 -425
1 20015 73 1 7 0 0 0 0 0 -1 -1 1 237 72 38 70 41 538 4199 1212 -53 -562 -562
1 19984 84 -31 7 -4 0 0 0 0 -14 9 6 561 140 N N N N 3260 920 -93 -407 -407
1 20015 85 -62 0 2 0 0 0 0 -29 16 4 294 118 39 70 41 539 2644 737 -92 -315 -315
1 19986 84 -90 1 0 0 0 0 0 -45 18 8 130 67 N N N N 2369 663 -68 -282 -282
1 20015 96 -116 0 -2 0 0 0 0 -61 12 11 -131 -3 39 70 43 539 2181 603 -76 -250 -250
1 19985 92 -117 -1 -1 0 0 0 0 -63 1 11 -70 -24 N N N N 1246 353 -22 -148 -148
1 20016 92 -127 1 3 0 0 0 0 -67 -13 9 -67 -20 38 68 40 540 -584 -174 -12 78 78
1 19983 90 -131 -1 0 0 0 0 0 -63 -29 12 226 39 N N N N -1623 -473 -4 205 205
1 20017 87 -131 3 -1 0 0 0 0 -57 -40 8 158 45 39 70 42 540 -990 -302 -37 139 139
1 19983 109 -145 -3 0 0 0 0 0 -49 -57 9 -16 4 N N N N -110 -43 -28 24 24
1 20016 79 -130 4 0 0 0 0 0 -31 -60 4 204 42 38 69 40 540 -309 -97 -18 45 45
1 19984 99 -124 -2 1 0 0 0 0 -15 -62 3 154 47 N N N N -316 -103 -29 51 51
1 20017 89 -130 -1 -2 0 0 0 0 0 -67 1 140 41 37 70 42 541 183 34 -47 -7 -7
1 19982 92 -167 5 3 0 0 0 0 21 -82 -4 331 76 N N N N 418 107 -37 -40 -40
1 26957 121 -163 -13 -115 0 -1350 0 -2 48 -93 -42 250 104 39 70 41 541 1639 444 -69 -182 -182
1 21044 99 91 1 2 0 0 0 0 -29 37 11 92 50 N N N N 2491 712 -16 -304 -304
1 20368 98 163 0 1 0 0 0 0 -31 75 22 83 56 38 69 43 542 1435 388 -60 -154 -154
1 21044 104 176 -2 1 0 0 0 0 -8 88 17 101 15 N N N N 1797 504 -30 -207 -207
1 20369 107 170 1 0 0 0 0 0 20 84 14 -12 23 38 76 41 542 980 273 -19 -111 -111
1 21045 111 177 2 -2 0 0 0 0 46 79 7 163 9 N N N N 478 129 -17 -50 -50
1 20365 102 167 1 4 0 0 0 0 65 61 -2 -55 16 38 73 42 543 -225 -70 -12 31 31
1 21340 117 199 -2 -4 0 0 0 0 96 45 -6 131 19 N N N N -471 -139 -8 60 60
1 20309 109 175 -3 3 0 0 0 0 94 15 -15 99 28 37 70 40 543 -590 -179 -22 78 78
1 20925 107 178 3 0 0 0 0 0 93 -14 -20 44 34 N N N N -459 -142 -23 64 64
1 21648 114 198 0 35 0 220 1 0 93 -40 -39 78 11 40 71 43 543 -57 -23 -15 13 13
1 18648 105 87 -56 74 -95 1133 -1 2 37 -24 -57 121 17 N N N N 92 27 2 -12 -12
1 20015 126 0 -3 -2 0 0 0 0 0 0 -1 23 13 38 70 40 544 388 125 31 -58 -58
1 19984 134 -52 -3 1 0 0 0 0 -19 20 4 529 130 N N N N 893 242 -31 -96 -96
1 20016 125 39 1 2 0 0 0 0 14 -15 -5 138 57 39 70 43 544 1734 481 -36 -192 -192
1 19984 138 63 -3 -2 0 0 0 0 22 -25 -6 35 27 N N N N 1743 490 -21 -197 -197
1 80000 565 264 2 0 0 0 0 0 55 -126 -15 649 196 N N N N 5820 1603 -124 -618 -618
1 80001 569 -3283 1 2 0 0 0 0 -19 -164 7 254 69 N N N N 2925 806 -57 -303 -303
1 79999 578 167 0 -2 0 0 0 0 -45 -75 14 429 109 N N N N -488 -183 -81 86 86
1 84055 563 3045 20 125 32 1404 -1 -2 55 275 -26 503 125 N N N N 2215 547 -154 -180 -180
1 82253 545 -560 2 -122 0 -1392 -1 2 -206 197 65 432 135 40 75 42 547 2562 672 -96 -237 -237
1 79985 523 -314 1 2 0 0 0 0 -164 2 41 135 54 N N N N -371 -118 -23 49 49
1 80000 520 -231 1 0 0 0 0 0 -109 -52 27 240 60 N N N N 2151 592 -29 -217 -217
1 80001 512 3 0 -1 0 0 0 0 1 1 -2 252 75 N N N N -255 -103 -54 50 50
1 79998 490 -199 1 1 0 0 0 0 -71 -75 19 119 36 N N N N -501 -164 -41 69 69
1 86000 566 471 -5 -117 0 -1371 -2 -2 203 107 9 288 76 N N N N -297 -133 -86 67 67
1 84117 526 623 -2 116 -8 1356 -1 2 295 -84 -128 173 56 N N N N -1502 -446 -41 176 176
1 80001 513 -75 -1 2 0 0 0 0 -27 29 5 163 48 N N N N 419 112 -11 -40 -40
1 80015 510 -238 1 0 0 0 0 0 -107 66 23 109 28 37 69 41 550 -1901 -546 -22 212 212
1 79984 518 -167 1 0 0 0 0 0 -86 19 22 75 20 N N N N -389 -120 -19 50 50
1 80001 516 -111 1 -1 0 0 0 0 -59 -3 15 143 40 N N N N 1146 305 -31 -111 -111
1 86430 582 485 -10 8 -8 9 -3 0 240 -71 -64 126 43 N N N N 485 105 -55 -29 -29
1 80806 546 99 3 -5 0 0 0 0 37 -37 -5 306 79 N N N N -735 -219 -24 88 88
1 79999 547 -131 3 -3 0 0 0 0 -50 48 13 187 50 N N N N -493 -160 -39 68 68
1 80001 569 -114 -4 -1 0 0 0 0 -51 32 11 287 81 N N N N -1018 -312 -50 130 130
1 80000 556 -287 3 2 0 0 0 0 -148 30 37 165 48 N N N N -2993 -855 -36 339 339
1 81926 618 421 1 -12 22 -2 -2 -2 208 -69 -44 279 79 35 72 44 553 -8829 -2499 -73 1021 1021
1 82192 528 312 20 9 2 -1 0 2 92 -133 -16 202 60 N N N N -1087 -320 -36 139 139
1 80001 515 136 -1 1 0 0 0 0 15 -70 -4 266 78 N N N N 74 -2 -49 10 10
1 80000 510 -313 -2 2 0 0 0 0 -59 152 10 236 69 N N N N -4297 -1215 -47 521 521
1 80000 521 -223 3 -3 0 0 0 0 -89 78 19 159 46 N N N N -2414 -683 -30 299 299
1 79999 519 -200 1 3 0 0 -3 0 -99 37 23 235 66 N N N N -549 -172 -45 82 82
1 80000 506 -178 -1 -2 0 0 0 0 -95 3 19 210 64 N N N N -322 -104 -37 52 52
1 80001 513 -17 -1 2 0 0 0 0 -9 -1 1 196 56 N N N N -713 -211 -35 98 98
1 80015 496 -2 1 -2 0 0 0 0 -1 0 1 135 37 39 68 40 554 -948 -275 -29 126 126
1 87042 573 522 -6 1 -5 9 -2 0 258 -78 -58 231 70 N N N N -4112 -1156 -52 525 525
1 80000 509 -110 0 1 0 0 0 0 -46 36 10 234 67 N N N N -2091 -591 -37 275 275
1 80000 488 -180 -1 1 0 0 0 0 -88 37 20 97 28 N N N N -796 -228 -25 109 109
1 80001 497 -155 1 1 0 0 0 0 -82 9 18 240 66 N N N N -752 -219 -33 106 106
1 79999 493 -302 0 -1 0 0 0 0 -153 -42 35 173 54 N N N N -2000 -566 -43 270 270
1 84234 524 482 -2 -119 0 -1371 -2 -2 248 11 0 350 101 N N N N -2918 -827 -74 403 403
1 82531 513 322 -4 113 -8 1359 -1 2 143 -73 -88 268 71 N N N N -1840 -516 -35 253 253
1 80015 493 -108 2 7 0 0 0 0 -42 39 10 287 89 37 68 44 555 -2544 -714 -53 355 355
1 79985 521 -68 -1 -2 0 0 0 0 -30 21 4 183 58 N N N N -2177 -609 -45 307 307
1 79999 520 -75 -1 2 0 0 0 0 -35 18 9 276 74 N N N N -1412 -398 -41 205 205
1 80001 518 -152 2 -4 0 0 -2 0 -78 22 19 149 49 N N N N -1438 -403 -41 209 209
1 80000 560 -85 1 4 0 0 0 0 -45 4 10 244 67 N N N N -3432 -948 -39 491 491
1 80000 554 -60 -1 -3 0 0 0 0 -32 -1 8 210 62 N N N N -1514 -423 -43 226 226
1 80000 549 51 1 1 0 0 0 0 27 1 -7 142 42 N N N N -1625 -450 -29 240 240
1 86469 609 468 -4 -1 -6 7 -1 0 225 -92 -52 292 82 N N N N -1233 -347 -55 191 191
1 79999 562 -222 -4 1 0 0 0 0 -97 66 20 88 27 N N N N -1442 -397 -22 216 216
1 80002 538 -251 4 1 0 0 0 0 -130 26 32 65 17 N N N N -1219 -334 -11 182 182
1 79999 539 -320 -2 1 0 0 0 0 -160 -47 39 89 23 N N N N -1052 -289 -19 159 159
1 79999 519 -259 2 1 0 0 0 0 -96 -93 24 205 54 N N N N -762 -213 -31 121 121
1 84416 559 622 -6 -121 -1 -1375 -2 -2 280 118 -10 349 94 N N N N -692 -197 -55 114 114
1 80999 497 476 24 118 23 1370 0 2 217 -89 -101 132 48 N N N N -1461 -403 -42 229 229
1 79999 429 -159 0 3 0 0 0 0 -62 57 12 190 53 N N N N -907 -250 -27 142 142
1 80000 454 -201 2 -6 0 0 0 0 -98 44 21 521 148 N N N N 579 145 -85 -71 -71
1 80001 432 -83 -1 4 0 0 0 0 -43 8 8 209 72 N N N N 798 208 -55 -109 -109
1 80000 448 -158 -4 0 0 0 0 0 -84 -2 17 352 93 N N N N -2223 -607 -40 343 343
1 86296 512 584 1 -1 -5 4 -2 0 282 -100 -57 418 131 N N N N -2741 -751 -100 437 437
1 79999 465 76 6 1 0 0 0 0 25 -31 -3 112 33 N N N N 1225 326 -28 -182 -182
1 80000 484 -113 3 1 0 0 0 0 -39 46 7 316 88 N N N N -95 -31 -47 23 23
1 79999 483 -136 -4 -7 0 0 0 0 -57 44 12 305 88 N N N N 11 -5 -60 9 9
1 79999 505 -63 0 3 0 0 0 0 -30 16 5 360 108 N N N N 2103 555 -72 -304 -304
1 80002 509 -38 -5 2 0 1 -2 0 -18 8 1 214 61 N N N N 782 205 -27 -111 -111
1 79999 510 -185 3 -1 0 0 0 0 -97 21 22 142 44 N N N N 435 112 -35 -58 -58
1 80000 512 -54 1 0 0 0 0 0 -29 -1 6 259 72 N N N N 294 71 -47 -34 -34
1 80000 541 -65 3 0 0 0 0 0 -35 -3 7 226 72 N N N N -1072 -293 -49 169 169
1 87882 593 551 -14 1 -7 2 -1 0 271 -89 -58 380 108 N N N N -435 -124 -58 75 75
1 80001 510 178 3 2 0 0 0 0 54 -77 -10 297 85 N N N N -696 -194 -59 115 115
1 79999 515 -104 4 -2 0 0 0 0 -29 47 7 231 67 N N N N -1572 -423 -41 243 243
1 80001 494 155 3 2 0 0 0 0 39 -72 -6 462 120 N N N N -2730 -733 -62 424 424
1 79999 498 -85 -6 0 0 0 0 0 -18 41 1 319 108 N N N N 1488 386 -79 -212 -212
1 86589 524 -554 -10 -1 -10 9 -2 0 -239 153 48 197 63 N N N N 1208 315 -40 -175 -175
1 79997 466 -190 4 -2 0 0 0 0 -101 -7 24 307 76 N N N N -99 -30 -36 22 22
1 80002 422 129 -6 2 0 0 0 0 69 8 -16 415 130 N N N N -2258 -607 -87 354 354
1 79999 414 -33 1 1 0 0 0 0 -18 0 3 185 51 N N N N 1647 431 -29 -243 -243
1 80001 411 -192 4 0 0 0 0 0 -99 -23 23 338 98 N N N N 2741 715 -57 -394 -394
1 85056 451 590 -5 -88 0 -1191 0 -3 300 -42 -31 174 57 N N N N 2104 546 -53 -296 -296
1 79533 407 161 -6 89 -8 1183 -1 3 62 -50 -53 78 20 N N N N 38 9 -5 -4 -4
1 79999 417 -79 2 0 0 0 0 0 -28 31 6 537 147 N N N N -425 -123 -81 77 77
1 80001 439 -65 -1 -1 0 0 0 0 -27 22 7 438 130 N N N N -2320 -619 -76 351 351
1 80000 427 -50 0 -1 0 0 0 0 -22 15 4 102 34 N N N N 1608 417 -31 -227 -227
1 80000 406 -114 27 1 32 0 -1 0 -57 27 18 257 67 N N N N -1010 -271 -46 155 155
1 80000 407 -121 5 -3 0 0 0 0 -63 16 15 293 82 N N N N 1218 311 -53 -166 -166
1 79999 432 -8 4 4 0 0 0 0 -5 1 0 293 86 N N N N 2733 705 -52 -378 -378
1 80000 476 -110 -1 -7 0 0 0 0 -59 2 13 160 50 N N N N 2566 662 -38 -350 -350
1 87766 539 498 -5 9 -6 -7 -1 0 242 -94 -48 147 42 N N N N 1182 302 -28 -157 -157
1 79999 519 -3 7 -9 0 0 0 0 -1 1 4 394 104 N N N N 1763 447 -60 -227 -227
1 79999 556 -569 -5 -1 0 0 0 0 -280 89 51 234 65 N N N N 1184 299 -42 -149 -149
1 80001 566 -617 0 0 0 0 0 0 -242 -197 45 127 40 N N N N 1192 302 -36 -152 -152
1 80000 593 -701 1 -1 0 0 0 0 97 -327 -15 191 46 N N N N -1046 -277 -26 146 146
1 86235 614 -219 -7 6 -8 -5 -1 0 103 -54 -16 421 116 N N N N 1132 280 -62 -136 -136
1 79999 597 32 0 -1 0 0 0 0 -16 6 2 176 58 N N N N 1782 451 -45 -224 -224
1 80002 599 -32 -5 0 0 0 0 0 17 -5 -2 305 81 N N N N 178 36 -45 -12 -12
1 80000 601 151 -2 1 0 0 0 0 -73 33 15 230 66 N N N N 1333 335 -41 -163 -163
1 83647 665 624 -3 -115 1 -1366 -1 -2 -139 245 31 151 43 N N N N 1003 248 -43 -119 -119
1 80000 618 726 2 -2 0 0 0 0 237 271 0 312 76 N N N N -1645 -433 -42 223 223
1 81645 614 678 1 120 -8 1365 0 2 322 -91 -123 181 60 N N N N -852 -230 -45 122 122
1 79999 562 16 1 -4 0 0 0 0 4 -7 0 79 17 N N N N -1044 -270 -10 139 139
1 80000 542 -123 -7 1 0 0 0 0 -42 49 7 229 56 N N N N -507 -137 -31 74 74
1 80000 502 -13 2 -3 0 0 0 0 -5 5 1 508 142 N N N N 7010 1778 -83 -879 -879
1 80000 504 191 -1 6 0 0 0 0 64 -78 -14 177 60 N N N N -593 -163 -44 86 86
1 85708 506 -566 -6 -6 -10 6 -2 0 -245 154 51 89 26 N N N N 193 44 -21 -18 -18
1 80000 475 -155 -1 5 0 0 0 0 -82 -4 18 210 49 N N N N 920 230 -19 -111 -111
1 79999 449 -160 0 -1 0 0 0 0 -80 -27 19 356 97 N N N N 1730 429 -51 -200 -200
1 80000 439 -252 -2 2 0 0 0 0 -102 -80 26 390 113 N N N N 1894 462 -75 -212 -212
1 80001 429 -331 3 -3 0 0 0 0 -68 -156 16 272 71 N N N N 749 179 -41 -79 -79
1 83587 473 617 -8 -117 0 -1374 0 -2 188 216 9 219 70 N N N N 1613 392 -63 -177 -177
1 83356 447 711 3 117 -8 1375 0 2 346 -46 -136 286 74 N N N N 1005 243 -40 -108 -108
1 79998 429 91 0 0 0 0 0 0 31 -37 -6 188 57 N N N N 3300 826 -35 -379 -379
1 80001 440 -71 -2 3 0 0 0 0 -23 30 4 153 44 N N N N 3587 902 -23 -407 -407
1 80001 448 -155 0 0 0 0 0 0 -62 54 14 152 41 N N N N 6631 1671 -27 -735 -735
1 79999 448 -252 -1 0 0 0 0 0 -124 48 28 101 30 N N N N 5680 1431 -20 -610 -610
1 85587 516 394 -5 -1 -9 11 -1 0 182 -97 -43 201 53 N N N N 2257 554 -40 -225 -225
1 79999 483 -28 1 -1 0 0 0 0 -11 10 3 170 40 N N N N 1379 341 -16 -139 -139
1 79999 500 -76 2 2 0 0 0 0 -30 27 7 230 63 N N N N 307 60 -39 -18 -18
1 80002 486 -184 -4 1 0 0 0 0 -86 46 19 97 29 N N N N 560 129 -27 -49 -49
1 79999 512 -278 1 -1 0 0 0 0 -145 14 36 95 25 N N N N 654 156 -19 -61 -61
1 83589 563 405 -3 -124 0 -1394 -1 -2 206 -56 1 105 25 N N N N -7 -12 -22 9 9
1 83590 555 -13 -5 124 -9 1389 0 2 -5 17 -52 216 51 N N N N -910 -237 -17 101 101
1 79999 547 -308 3 1 0 0 0 0 -156 43 40 115 34 N N N N 2134 521 -36 -208 -208
1 80001 553 -125 2 0 0 0 0 0 -66 -7 17 126 30 N N N N 544 129 -16 -49 -49
1 79999 554 37 -4 -2 0 0 0 0 20 3 -5 121 30 N N N N -638 -170 -21 73 73
1 85587 645 582 -3 2 -7 -4 -1 0 277 -102 -72 193 51 N N N N -1472 -388 -38 165 165
1 79998 576 35 1 0 0 0 0 0 12 -14 -4 260 65 N N N N -2291 -593 -36 251 251
1 80001 585 -162 -2 2 0 0 0 0 -61 60 16 79 23 N N N N -1739 -447 -24 191 191
1 80000 595 -228 2 0 0 0 0 0 -109 50 28 85 17 N N N N -1205 -307 -10 131 131
1 80000 590 -21 0 -5 0 0 0 0 -11 3 3 137 30 N N N N -630 -167 -22 75 75
1 80000 591 -45 0 5 0 -1 -1 0 -23 4 6 201 51 N N N N -309 -90 -31 43 43
1 80000 584 -236 2 -2 0 0 0 0 -123 -9 34 193 51 N N N N -39 -25 -34 16 16
1 80000 602 -307 -2 1 0 0 0 0 -137 -80 37 227 59 N N N N 787 183 -33 -72 -72
1 79999 588 -226 1 0 0 0 0 0 -64 -97 19 61 19 N N N N 1156 280 -21 -115 -115
1 83651 613 549 -3 -122 -1 -1376 0 -2 210 153 1 96 23 N N N N 769 181 -25 -71 -71
1 85116 599 612 24 120 29 1372 -1 2 294 -59 -127 23 0 N N N N -48 -13 -3 6 6
1 80000 512 -207 -3 -3 0 0 0 0 -88 64 19 122 28 N N N N -1454 -370 -16 158 158
1 80000 499 -240 1 3 0 0 0 0 -124 30 27 118 26 N N N N -2555 -645 -16 276 276
1 80000 492 -155 2 -3 0 0 0 0 -82 -8 20 40 8 N N N N -2230 -561 -12 244 244
1 80000 498 -134 0 2 0 0 0 0 -67 -23 15 139 33 N N N N -2942 -741 -18 327 327
1 83706 545 423 -3 -120 0 -1371 0 -2 220 2 7 324 85 N N N N 228 35 -56 -7 -7
1 82059 511 391 -3 121 -5 1384 0 2 169 -96 -98 69 18 N N N N 243 55 -14 -22 -22
1 80001 501 -192 -1 1 0 0 0 0 -73 71 16 135 32 N N N N -82 -26 -15 14 14
1 80000 504 -243 1 -2 0 0 0 0 -119 49 27 156 42 N N N N -289 -84 -33 42 42
1 79998 501 -214 -2 1 0 0 0 0 -113 1 28 82 21 N N N N 548 130 -16 -55 -55
1 86793 552 507 -5 4 -8 -8 -1 0 254 -66 -63 109 29 N N N N 443 100 -25 -40 -40
1 80798 524 275 4 -6 0 0 0 0 86 -116 -16 121 24 N N N N -105 -30 -11 15 15
1 79998 514 34 0 2 0 0 0 0 6 -17 -2 76 17 N N N N -386 -100 -12 46 46
1 79999 511 108 0 1 0 0 0 0 13 -56 -2 128 34 N N N N 607 140 -26 -57 -57
1 80000 517 -73 0 0 0 0 0 0 -8 38 1 75 17 N N N N 221 52 -9 -21 -21
1 85648 593 -596 -10 0 -10 -3 -2 0 -215 211 48 153 36 N N N N -8 -13 -28 10 10
1 79999 544 -206 2 0 0 0 0 0 -108 10 28 185 46 N N N N -55 -22 -22 13 13
1 80000 533 -168 1 -2 0 0 0 0 -87 -21 22 124 33 N N N N -269 -78 -27 38 38
1 80002 536 -62 1 1 0 0 0 0 -29 -14 8 205 47 N N N N -57 -23 -23 14 14
1 79998 548 144 0 2 0 0 0 0 71 27 -19 127 38 N N N N 194 35 -36 -10 -10
1 86060 592 586 -9 -1 -9 4 0 0 288 -77 -75 78 17 N N N N 108 19 -18 -5 -5
1 80000 558 -18 1 2 0 0 0 0 -7 7 2 95 21 N N N N 55 9 -12 -2 -2
1 80000 538 -275 0 -1 0 0 0 0 -127 68 33 170 39 N N N N 147 30 -16 -11 -11
1 78731 251 160 303 -59 200 -455 -280 -4 54 -31 33 68 20 N N N N 465 105 -26 -41 -41
1 80009 11 137 251 1 347 0 -303 0 2 -54 91 14 3 N N N N 132 30 -6 -12 -12
1 80011 -446 -180 -94 15 2 1 -347 0 -61 61 -47 -164 -31 N N N N -7 4 13 -4 -4
1 81250 -688 -102 -117 17 0 -2 -232 4 -40 18 -17 -130 -36 N N N N -523 -117 31 46 46
1 80000 -725 -147 -2 1 0 0 0 0 -76 13 -24 -91 -20 N N N N -195 -41 19 15 15
1 80000 -728 -278 3 -1 0 0 0 0 -141 -29 -44 -239 -57 N N N N -244 -50 27 17 17
1 80000 -724 -195 0 -1 0 0 0 0 -83 -57 -26 -161 -41 N N N N -267 -53 35 18 18
1 83244 -659 842 -23 99 -47 1226 -8 -3 409 40 75 -260 -65 N N N N 248 77 39 -40 -40
1 79461 -440 169 -37 -95 -41 -1210 0 3 70 -85 42 -147 -39 N N N N 183 55 26 -28 -28
1 79999 -471 10 -3 3 0 0 0 0 3 -4 -1 -98 -26 N N N N 99 33 22 -18 -18
1 80001 -429 -148 0 0 0 0 0 0 -52 59 -9 -114 -27 N N N N -49 -7 14 1 1
1 80001 -443 -114 3 -2 0 0 0 0 -50 35 -8 -89 -23 N N N N -544 -127 19 53 53
1 79999 -458 -84 -15 4 0 0 -218 0 -38 21 -13 -94 -23 N N N N -81 -14 16 3 3
1 79999 -470 99 0 0 0 0 0 0 48 -24 8 -144 -36 N N N N 178 53 22 -27 -27
1 80000 -485 330 0 -1 0 0 0 0 118 -128 20 -62 -14 N N N N -194 -44 11 18 18
1 80000 -496 -3257 -1 3 0 0 0 0 22 -177 2 -130 -31 N N N N -598 -143 16 60 60
1 76943 -649 40 42 -133 86 -1418 -184 -2 -16 -54 -4 -226 -57 N N N N -17 12 43 -12 -12
1 78746 -731 2587 28 137 -33 1423 -62 -2 -289 404 -47 -241 -62 N N N N 173 57 35 -31 -31
1 82721 -685 167 -47 0 1 -1 -53 4 95 -15 21 -283 -74 N N N N -497 -104 53 38 38
1 80001 -690 257 0 -6 0 0 0 0 118 -70 25 -108 -25 N N N N 2817 710 18 -314 -314
1 80000 -702 291 2 6 0 0 0 0 78 -129 16 -149 -36 N N N N 4290 1082 26 -468 -468
1 79999 -687 -3266 -3 0 0 0 0 0 -2 -174 -2 -42 -8 N N N N 1523 385 11 -164 -164
1 82044 -748 2632 14 -3 7 -11 -5 0 -241 384 -48 -132 -28 N N N N 243 69 18 -32 -32
1 80782 -732 22 -8 1 0 0 0 0 13 -3 2 -272 -71 N N N N -1375 -326 42 130 130
1 79999 -750 309 1 -3 0 0 0 0 146 -74 31 -311 -81 N N N N -1078 -250 48 98 98
1 80000 -749 86 -1 1 0 0 0 0 31 -33 7 -184 -48 N N N N 65 32 36 -19 -19
1 80001 -765 191 0 -1 0 0 0 0 49 -88 11 -80 -19 N N N N 184 54 19 -26 -26
1 83119 -797 -646 0 1 0 -6 -2 0 -257 201 -57 -173 -38 N N N N 995 260 23 -114 -114
1 80000 -764 244 1 0 0 0 0 0 123 -40 27 -293 -78 N N N N 3495 900 52 -386 -386
1 80001 -791 143 -2 4 0 0 0 0 61 -45 14 -136 -33 N N N N 2245 577 26 -243 -243
1 80000 -772 248 1 -3 0 0 0 0 71 -110 16 -208 -52 N N N N 1362 359 34 -152 -152
1 80000 -794 -3192 0 0 0 0 0 0 -5 -211 -3 -287 -74 N N N N -1029 -237 47 88 88
1 81171 -804 2695 -6 -99 1 -1196 1 -3 -178 365 9 -130 -34 N N N N -1972 -485 28 195 195
1 79884 -767 85 3 102 -1 1198 -2 3 42 7 -39 -221 -55 N N N N 902 243 33 -106 -106
1 80000 -760 366 -3 0 0 0 0 0 133 -138 28 -308 -81 N N N N 318 104 52 -52 -52
1 79999 -780 -3156 2 0 0 0 0 0 6 -228 2 -222 -62 N N N N -2088 -511 37 205 205
1 80001 -768 302 2 -5 0 0 0 0 -96 -129 -23 -167 -41 N N N N -2282 -564 30 231 231
1 81648 -794 2650 -7 -123 0 -1409 0 -2 28 411 49 -166 -44 N N N N -6416 -1613 32 685 685
1 81297 -767 -481 -16 122 0 1404 0 2 -233 119 -88 -260 -70 N N N N -6899 -1734 41 762 762
1 79998 -725 -8 -23 -6 0 0 0 0 -1 -2 4 -321 -84 N N N N -4752 -1187 58 536 536
1 80000 -762 691 5 -6 0 0 0 0 304 -174 44 -286 -74 N N N N -1666 -410 44 185 185
1 80002 -749 -2546 8 -6 0 0 0 0 -243 -421 -55 -402 -105 N N N N -1094 -261 58 114 114
1 83645 -788 -547 -39 -113 0 -1403 0 -2 244 144 -1 -578 -163 N N N N -1968 -469 110 206 206
1 80000 -758 -102 8 0 0 0 0 0 19 47 18 -200 -58 N N N N -2448 -615 40 290 290
1 80000 -755 -74 -8 1 0 0 0 0 11 38 6 -180 -40 N N N N -1283 -322 24 153 153
1 79269 -754 -1 74 120 82 1410 0 2 -17 22 49 -643 -184 N N N N -4583 -1145 117 551 551
1 80789 -949 445 51 11 0 0 0 0 -136 -193 -15 -167 -56 N N N N -2832 -719 36 359 359
1 80000 -1025 323 1 0 0 0 0 0 -158 -58 -52 -421 -110 N N N N 1411 375 55 -198 -198
1 80000 -1025 39 0 -4 0 0 0 0 -21 0 -7 -454 -128 N N N N 1483 402 86 -214 -214
1 80001 -1009 49 2 3 0 0 0 0 -26 1 -8 -485 -137 N N N N -1317 -319 93 148 148
1 81647 -835 2581 -45 -124 -48 -1411 0 -2 339 304 93 -459 -126 N N N N -771 -181 81 81 81
1 85057 -775 -885 -24 126 -26 1403 0 2 -335 291 -83 -366 -103 N N N N -1471 -369 54 182 182
1 79999 -645 -155 -16 -10 0 0 0 0 -79 -22 -7 -562 -153 N N N N 5 20 90 -22 -22
1 80000 -665 -268 -22 5 0 0 0 0 -115 -78 -16 -247 -77 N N N N -2615 -666 70 336 336
1 80000 -646 690 17 -10 0 0 0 0 339 81 58 -489 -138 N N N N -3223 -825 78 426 426
1 80000 -643 -2688 1 -6 0 0 0 0 181 -394 14 -447 -127 N N N N -4273 -1103 81 587 587
1 85237 -704 2698 -10 -95 2 -1401 0 -2 -174 368 31 -328 -97 N N N N 464 130 57 -78 -78
1 84530 -788 -426 76 117 65 1408 0 2 -234 26 -106 -775 -226 N N N N -484 -107 134 43 43
1 79998 -841 246 14 2 0 0 0 0 125 21 34 -277 -80 N N N N 1110 300 54 -170 -170
1 79999 -893 400 1 1 0 0 0 0 189 -80 59 -563 -165 N N N N -3852 -1000 99 541 541
1 80000 -880 322 -1 -3 0 0 0 0 86 -144 26 -838 -242 N N N N -2195 -562 145 302 302
1 83298 -907 -750 -4 0 0 -7 0 0 -289 224 -88 -814 -236 N N N N -1822 -468 141 253 253
1 80001 -896 65 3 3 0 0 0 0 33 -2 9 -811 -244 N N N N 4178 1131 162 -661 -661
1 79997 -916 558 0 0 0 0 0 0 232 -159 72 -514 -154 N N N N 1737 475 87 -276 -276
1 80002 -923 -3246 -4 0 0 0 0 0 30 -181 8 -356 -104 N N N N 308 94 79 -61 -61
1 79999 -925 473 3 1 0 0 0 0 -132 -204 -40 -598 -173 N N N N -1924 -501 105 268 268
1 82588 -839 2847 -41 -126 -39 -1403 0 -2 130 315 36 -504 -147 N N N N -1979 -519 101 283 283
1 84177 -813 -843 11 124 -1 1408 0 2 -366 221 -103 -381 -111 N N N N -1443 -382 60 212 212
1 79997 -785 357 2 1 0 0 0 0 186 -10 46 -391 -113 N N N N 2097 574 73 -337 -337
1 80002 -813 446 -1 -4 0 0 0 0 169 -158 42 -377 -110 N N N N 4725 1286 69 -728 -728
1 80000 -816 -3192 -1 4 0 0 0 0 11 -209 2 -426 -128 N N N N -2922 -778 89 423 423
1 79998 -833 407 0 -2 0 0 0 0 -134 -166 -33 -421 -121 N N N N 325 98 74 -64 -64
1 83770 -869 2731 -9 -125 9 -1406 0 -2 111 365 54 -120 -35 N N N N 1065 295 35 -169 -169
1 82644 -804 -538 -38 117 -40 1402 -1 2 -224 184 -81 -95 -23 N N N N 1079 296 19 -167 -167
1 80000 -707 -35 -19 -1 0 0 0 0 -16 2 -3 -302 -76 N N N N 460 131 42 -77 -77
1 80001 -734 -2679 11 -9 0 0 0 0 290 -331 40 -232 -69 N N N N 1312 366 52 -208 -208
1 79999 -734 1208 3 2 0 0 0 0 -502 -204 -85 -295 -81 N N N N 3040 837 49 -460 -460
1 80001 -737 1202 6 3 0 0 0 0 67 510 23 -209 -60 N N N N 2374 656 40 -355 -355
1 84704 -854 901 65 14 78 -5 0 0 392 -153 92 -459 -142 N N N N 2536 710 85 -384 -384
1 80000 -947 -3269 9 4 0 0 0 0 16 -169 9 -385 -111 N N N N 3474 966 62 -505 -505
1 80001 -955 474 5 0 0 0 0 0 -138 -202 -40 -467 -138 N N N N 2663 755 99 -395 -395
1 79999 -955 453 -4 -1 0 0 0 0 -230 -37 -72 -370 -107 N N N N 4497 1256 72 -630 -630
1 80000 -930 183 2 -1 0 0 0 0 -89 36 -25 -281 -80 N N N N 3551 992 50 -484 -484
1 87531 -900 1222 -28 117 -48 1397 1 -2 26 522 -42 -294 -82 N N N N 3185 900 66 -434 -434
1 84780 -816 1040 -3 -122 5 -1400 -1 2 438 -202 165 -322 -92 37 71 43 560 2682 756 46 -356 -356
1 79985 -732 -3189 0 4 0 0 0 0 -30 -209 -8 -235 -71 N N N N 2667 758 59 -354 -354
1 80000 -748 453 1 0 0 0 0 0 -188 -145 -47 -281 -81 N N N N -1183 -310 46 133 133
1 80000 -722 307 -3 0 0 0 0 0 -162 0 -40 -247 -72 N N N N 3068 869 51 -400 -400
1 80000 -730 327 2 -2 0 0 0 0 -147 87 -36 -349 -100 N N N N 527 169 60 -85 -85
1 84293 -810 1106 10 119 0 1399 0 -2 110 479 -32 -324 -90 N N N N 5627 1591 67 -705 -705
1 82117 -773 922 -8 -120 3 -1388 0 2 406 -174 161 -346 -105 N N N N 2026 587 55 -260 -260
1 79999 -753 -3256 -1 3 0 0 0 0 8 -178 2 -297 -88 N N N N 1755 522 74 -232 -232
1 80016 -738 380 -1 2 0 0 0 0 -112 -163 -27 -167 -45 37 70 41 559 6727 1893 35 -783 -783
1 79986 -755 431 -4 -2 0 0 0 0 -218 -60 -55 -491 -139 N N N N 4675 1347 78 -548 -548
1 79999 -740 386 -3 1 0 0 0 0 -182 84 -43 -190 -56 N N N N 2140 626 51 -252 -252
1 83884 -847 1163 14 117 0 1384 1 -2 111 496 -35 -251 -69 N N N N 1578 470 52 -191 -191
1 82115 -786 949 -7 -118 0 -1387 -1 2 401 -205 159 -137 -38 N N N N 390 122 23 -51 -51
1 80002 -733 -3208 -5 0 0 0 0 0 -17 -202 -5 -314 -88 N N N N -721 -174 50 57 57
1 79999 -734 347 0 0 0 0 0 0 -125 -133 -31 -429 -127 N N N N 1006 327 82 -141 -141
1 79999 -729 268 3 0 0 0 0 0 -137 -41 -34 -202 -57 N N N N 1540 460 47 -183 -183
1 80016 -735 605 1 0 0 0 0 0 -275 135 -66 -430 -120 41 71 40 558 498 187 82 -87 -87
1 84869 -843 1209 5 119 0 1386 0 -2 241 469 -5 -198 -54 N N N N -1730 -461 48 165 165
1 81354 -765 825 -6 -119 0 -1388 1 2 319 -252 141 -534 -148 N N N N 2489 749 80 -297 -297
1 79998 -731 -3306 -6 1 0 0 0 0 -11 -152 -5 -740 -202 N N N N -5461 -1470 143 529 529
1 80000 -701 -16 1 -2 0 0 0 0 2 7 1 -345 -94 N N N N -52 28 79 -26 -26
1 80001 -726 -12 2 1 0 0 0 0 1 7 3 -916 -261 N N N N -798 -155 134 34 34
1 79999 -708 210 -3 -1 0 0 0 0 -51 -99 -16 -817 -238 N N N N -2827 -705 199 237 237
1 85354 -771 2613 -2 -122 -1 -1386 0 -2 -95 416 31 -925 -259 N N N N -3591 -948 167 346 346
1 25485 -226 -257 -33 123 -25 1398 0 2 -127 64 -84 -42 -23 37 68 43 557 -1551 -427 42 164 164
1 19984 -176 -54 -3 -3 0 0 0 0 -29 -1 -3 -101 -27 N N N N -360 -96 15 36 36
1 20015 -168 -43 -12 -7 0 0 0 0 -21 -3 1 -29 -11 38 72 40 557 -213 -55 14 20 20
1 19984 -180 -80 -4 2 0 0 0 0 -42 -8 -6 -48 -12 N N N N -62 -12 14 2 2
1 20016 -187 -49 -9 1 0 0 0 0 -24 -8 -2 -147 -30 38 71 40 557 -166 -36 24 11 11
1 19985 -185 231 25 -9 0 0 0 0 119 18 19 -233 -57 N N N N 405 129 25 -57 -57
1 20016 -174 268 -1 3 0 0 0 0 138 -39 22 -340 -96 37 69 43 557 -50 14 60 -18 -18
1 19984 -177 280 -10 -4 0 0 0 0 112 -101 14 -168 -54 N N N N -637 -165 41 60 60
1 20015 -185 289 5 -3 0 0 0 0 46 -144 3 -598 -158 38 70 42 557 -981 -258 54 96 96
1 19984 -186 -3293 7 4 0 0 0 0 -39 -155 -7 -476 -155 N N N N -1781 -467 110 172 172
1 20016 -173 300 -2 4 0 0 0 0 -112 -113 -22 -376 -107 38 70 41 557 -2229 -604 99 235 235
1 19985 -188 313 12 1 0 0 0 0 -165 -43 -28 -564 -160 N N N N -1743 -475 78 187 187
1 20015 -174 298 -9 0 0 0 0 0 -153 40 -26 -608 -208 37 69 42 557 -4640 -1298 141 536 536
1 19985 -171 285 -12 -5 0 0 0 0 -108 101 -13 -70 -42 N N N N -4573 -1315 63 576 576
1 20015 -178 287 4 1 0 0 0 0 -46 139 -5 -456 -118 38 67 40 557 -1964 -562 39 250 250
1 19984 -179 268 1 -3 0 0 0 0 25 134 9 -285 -90 N N N N -1643 -452 88 194 194
1 26725 -232 428 36 127 -1 1372 0 -2 153 160 -39 -1332 -356 38 68 44 557 -1333 -349 130 141 141
1 20868 -187 404 -13 -11 0 0 0 0 213 25 46 -1367 -421 N N N N -2657 -686 309 273 273
1 17890 -156 301 -2 -109 69 -1385 0 0 140 -93 82 -454 -163 37 69 41 557 -2713 -760 152 342 342
1 22109 -213 164 21 -6 1 -2 -1 2 47 -71 19 -515 -139 N N N N -1082 -283 135 117 117
1 20015 -188 -27 3 10 0 0 0 0 -8 15 -2 -277 -108 39 70 39 557 -101 -6 82 -10 -10
1 19984 -187 -17 5 7 0 0 0 0 -7 9 0 -187 -68 N N N N -19 8 48 -11 -11
1 20016 -186 122 7 0 0 0 0 0 27 -58 9 -334 -101 38 69 42 557 376 132 65 -75 -75
1 19985 -191 137 1 -5 0 0 0 0 15 -71 7 -223 -70 N N N N 593 194 54 -104 -104
1 20016 -181 38 4 -3 0 0 0 0 1 -21 0 -787 -220 38 66 41 557 259 101 77 -62 -62
1 19983 -191 6 5 5 0 0 0 0 -2 -2 2 -1268 -347 N N N N 1673 570 213 -311 -311
1 20016 -173 -3424 0 0 0 0 0 0 -13 -91 -2 -854 -253 36 70 44 557 2235 741 197 -387 -387
1 19985 -188 296 5 1 0 0 0 0 -83 -132 -23 -2401 -678 N N N N 6097 1965 302 -964 -964
1 20016 -194 177 -10 1 0 0 0 0 -76 -52 -23 -2511 -755 38 68 45 557 11674 3846 608 -1784 -1784
1 19985 -180 168 0 4 0 0 0 0 -84 -27 -23 -843 -313 N N N N 12153 3933 305 -1631 -1631
1 20015 -190 82 1 -3 0 0 0 0 -44 -4 -13 -627 -226 37 72 44 557 8971 2912 185 -1119 -1119
1 19983 -190 44 -1 0 0 0 0 0 -24 1 -5 -2091 -617 N N N N 5618 1953 302 -752 -752
1 20017 -176 3 -4 -3 0 0 0 0 -1 0 -1 -804 -279 38 70 45 557 5520 1924 270 -710 -710
1 19983 -174 51 2 3 0 0 0 0 -27 3 -8 -581 -197 N N N N 3569 1277 206 -463 -463
1 23720 -212 -134 -16 -130 1 -1380 1 -2 73 -14 -49 -1771 -539 39 73 48 556 2492 998 282 -381 -381
1 20457 -167 -314 0 -4 0 0 0 0 157 45 48 -4393 -1261 N N N N 2187 971 368 -386 -386
1 20015 -158 -40 8 5 0 0 0 0 16 12 10 -3128 -1039 40 72 45 556 2056 1425 1014 -658 -658
1 20455 -158 -85 -6 -1 0 0 0 0 35 29 12 -894 -391 N N N N 3953 1702 508 -621 -621
1 20015 -151 -253 -5 -2 0 0 0 0 67 110 39 -1576 -515 37 72 47 556 3272 1395 376 -488 -488
1 20456 -172 3436 2 -1 0 0 0 0 12 82 23 -2261 -744 N N N N 3316 1525 495 -540 -540
1 20016 -150 -225 3 3 0 0 0 0 -26 114 23 -1374 -459 38 72 50 556 4322 1826 415 -592 -592
1 20927 -150 -154 3 -2 0 0 0 0 -44 68 8 -1179 -391 N N N N 4002 1662 325 -513 -513
1 20016 -154 -269 -7 3 0 0 0 0 -112 89 -11 -1129 -339 38 76 52 556 4148 1737 332 -520 -520
1 22392 -147 -174 -28 121 -35 1387 0 2 -85 54 -77 -1551 -475 N N N N 5539 2294 385 -653 -653
1 20018 -126 37 5 4 0 0 0 0 19 -2 3 -656 -229 37 72 51 556 4325 1735 223 -464 -464
1 19984 -124 185 0 2 0 0 0 0 94 -31 17 -2978 -869 N N N N 3366 1504 314 -418 -418
1 20016 -92 36 -5 -5 0 0 0 0 18 -10 4 -2327 -747 38 77 54 556 4186 2345 824 -705 -705
1 19984 -108 -25 -6 -1 0 0 0 0 -11 6 -3 -1226 -442 N N N N 5166 2235 347 -557 -557
1 20016 -115 66 -6 3 0 0 0 0 31 -18 4 -3172 -878 40 79 60 556 5374 2594 575 -660 -660
1 19984 -90 111 5 -2 0 0 0 0 45 -39 8 -2048 -614 N N N N 10307 4525 624 -1013 -1013
1 20017 -102 20 -2 -4 0 0 0 0 7 -9 2 -2138 -561 40 80 61 556 7449 3402 509 -726 -726
1 19981 -99 77 -12 0 0 0 0 0 28 -32 -1 -1503 -654 N N N N 5444 2762 557 -594 -594
1 20015 -94 122 4 -4 0 0 0 0 29 -58 6 -254 -266 40 81 62 556 6602 3021 389 -579 -579
1 19989 -104 190 4 1 0 0 0 0 18 -98 0 -1786 -575 N N N N 4747 2275 337 -429 -428
1 20014 -91 -3414 3 5 0 0 0 0 -16 -96 -2 -767 -251 38 76 66 556 4799 2304 326 -418 -418
1 19982 -103 127 3 -1 0 0 0 0 -30 -61 -5 -599 -166 N N N N 3609 1752 249 -308 -309
1 20019 -102 97 -4 -1 0 0 0 0 -30 -42 -7 -382 -116 42 78 65 555 2689 1232 129 -204 -204
1 19983 -97 95 2 3 0 0 0 0 -38 -34 -5 -231 -157 N N N N 1219 710 160 -132 -132
1 20017 -86 89 -1 -2 0 0 0 0 -40 -27 -8 -218 -108 39 374 69 555 2258 1019 93 -162 -162
1 18939 -104 94 83 -4 91 -1 -25 -4 -63 -23 2 -88 -76 N N N N 2522 1120 90 -173 -173
1 19737 -113 65 -23 4 0 2 -97 0 -28 -9 -10 -256 -96 39 86 68 555 3455 1448 63 -209 -210
1 20064 -133 10 -16 6 1 0 -103 0 -2 -1 -1 -192 -71 N N N N 3128 1381 101 -204 -203
1 22604 -162 -76 6 -132 8 -1392 -78 2 37 -6 -55 -153 -66 39 80 70 555 2756 1136 35 -156 -156
1 20814 -159 -242 9 11 0 0 0 0 106 64 49 -219 -73 N N N N 1742 834 94 -125 -125
1 21960 -176 -366 3 -3 0 0 0 0 82 161 62 -1074 -307 42 81 77 555 1411 826 169 -138 -138
1 20456 -166 3375 -7 -1 0 0 0 0 -5 116 18 -727 -243 N N N N 2243 1249 224 -199 -199
1 20015 -165 -138 1 1 0 0 0 0 -30 66 10 -349 -139 43 83 78 555 2134 1146 184 -176 -176
1 20452 -172 -212 2 0 0 0 0 0 -72 86 -1 -168 -68 N N N N 1612 818 107 -119 -119
1 21996 -192 -245 -17 134 -51 1400 -4 2 -113 92 -83 -191 -69 40 83 81 555 917 470 64 -69 -69
1 20825 -147 -152 -16 -1 0 0 0 0 -78 8 -18 -90 -44 N N N N 525 291 49 -44 -44
1 20018 -147 -158 4 -2 0 0 0 0 -84 -12 -17 -206 -67 42 85 81 554 516 230 15 -30 -30
1 19983 -143 -151 -5 -4 0 0 0 0 -72 -33 -13 -236 -86 N N N N 215 247 96 -47 -47
1 20017 -145 -38 -1 1 0 0 0 0 -17 -11 -2 -72 -35 42 101 88 554 716 332 27 -44 -44
1 19983 -144 -36 -5 3 0 0 0 0 -15 -11 -4 -98 -32 N N N N 452 198 11 -26 -26
1 20016 -152 -105 1 -3 0 0 0 0 -41 -37 -7 -250 -78 41 85 96 553 482 329 81 -53 -53
1 19984 -149 -93 0 0 0 0 0 0 -29 -39 -4 -231 -64 N N N N 890 493 81 -73 -73
1 20017 -143 -83 -7 -6 0 0 0 0 -20 -38 0 -143 -42 41 91 90 553 1160 551 50 -73 -73
1 19984 -157 -38 -11 -1 0 0 0 0 -7 -18 4 -158 -52 N N N N 1141 574 68 -79 -79
1 20016 -138 94 0 -3 0 0 0 0 20 44 3 -36 -16 42 97 91 553 990 459 36 -59 -59
1 19983 -151 179 3 -4 0 0 0 0 59 72 13 -1 -4 N N N N 784 335 12 -40 -40
1 20016 -139 187 3 2 0 0 0 0 83 53 14 5 2 43 89 92 553 345 156 9 -20 -20
1 19984 -143 181 1 -1 0 0 0 0 93 26 17 2 7 N N N N 326 133 1 -15 -15
1 20017 -146 134 -12 -3 0 0 0 0 74 0 14 -1 15 44 91 93 552 625 260 5 -30 -30
1 19983 -147 178 10 6 0 0 0 0 90 -24 15 -135 -11 N N N N 543 239 12 -29 -29
1 17886 -133 236 -7 -1 1 1 -30 0 106 -71 14 -15 3 43 91 99 552 1102 479 20 -58 -58
1 22114 -148 248 7 0 0 -1 -2 0 63 -113 12 2 4 N N N N 1043 434 9 -49 -49
1 20019 -140 -3427 -10 5 0 0 0 0 17 -88 -4 0 1 42 92 97 551 656 271 4 -31 -31
1 19981 -168 85 11 -4 0 0 0 0 -7 -46 4 7 6 N N N N 384 162 4 -19 -19
1 20017 -172 3450 33 -2 0 0 0 0 -6 78 16 11 12 42 92 100 551 165 60 -4 -6 -6
1 19983 -207 -3532 -17 11 0 0 0 0 5 -33 -7 8 8 N N N N 378 118 -19 -9 -9
1 20016 -139 60 -19 11 0 0 0 0 2 -28 -8 19 17 43 91 101 550 172 89 11 -12 -12
1 19984 -121 19 -16 -14 0 0 0 0 3 -14 -9 -8 -1 N N N N 285 101 -8 -10 -10
1 20016 -127 72 15 -2 0 0 0 0 -13 -37 5 20 11 45 102 99 550 258 123 11 -15 -15
1 9984 -66 73 9 -5 0 0 0 0 -15 -38 -1 2 5 N N N N -40 -20 -2 2 2
1 10016 -58 80 -25 11 0 0 0 0 -15 -34 -11 0 2 44 91 99 550 74 24 -3 -2 -2
1 9984 -62 58 9 -13 0 0 0 0 -20 -28 -4 0 -1 N N N N 52 22 0 -2 -2
1 10016 -83 28 -2 0 0 0 0 0 -10 -11 -2 -7 -5 42 97 99 549 -4 7 5 -2 -2
1 9984 -75 12 0 13 0 0 0 0 -5 -2 5 5 2 N N N N 66 33 4 -4 -4
1 10016 -71 32 11 -16 0 0 0 0 -14 -16 -5 3 5 43 92 98 549 68 22 -3 -2 -2
1 9984 -91 57 -9 9 0 0 0 0 -21 -18 -4 -3 -3 N N N N 36 18 2 -3 -3
1 10017 -92 56 -8 -3 0 0 0 0 -23 -18 -6 -13 -8 42 95 99 549 34 15 0 -1 -1
1 9983 -91 21 20 5 0 0 0 0 -14 -5 4 -5 -3 N N N N 25 12 2 -2 -2
1 10016 -91 100 -18 2 0 0 0 0 -45 -24 -10 -3 -3 42 93 99 548 -23 -2 4 -1 -1
1 9985 -102 71 -10 -7 0 0 0 0 -35 -12 -10 28 17 N N N N 68 26 -1 -2 -2
1 10016 -79 80 38 -7 0 0 0 0 -49 -9 -11 11 7 42 93 98 548 -33 -12 0 1 1
1 9983 -105 74 -12 7 0 0 0 0 -38 0 -3 -13 1 N N N N -4 -8 -3 2 2
1 10018 -92 7 -10 -8 0 0 0 0 -3 -1 -3 19 4 43 91 99 548 172 66 -2 -7 -7
1 18481 -195 -74 59 -136 101 -1405 -1 -2 29 -9 -63 27 12 N N N N 235 94 0 -11 -11
1 10813 -128 -82 18 30 0 0 0 0 41 4 27 -18 -3 43 93 101 547 -217 -102 -9 13 13
1 10867 -137 -126 5 1 0 0 0 0 62 19 23 0 0 N N N N 139 62 4 -7 -7
1 10017 -93 -159 -6 -9 0 0 0 0 70 41 26 40 20 42 91 97 547 -18 -20 -7 3 3
1 10455 -110 -195 11 3 0 0 0 0 60 74 43 14 6 N N N N 70 20 -5 -1 -1
1 10015 -108 -145 -15 -1 0 0 0 0 31 69 17 12 9 43 88 101 547 124 42 -4 -4 -4
1 10454 -102 3457 -2 5 0 0 0 0 10 74 18 -6 1 N N N N 108 39 -3 -4 -4
1 10014 -94 -134 10 1 0 0 0 0 -13 68 16 -5 -2 46 90 101 547 18 2 -3 1 1
1 10752 -100 -163 -8 -8 0 0 0 0 -33 76 7 12 2 N N N N 93 39 1 -5 -5
1 10014 -84 -168 22 5 0 0 0 0 -62 69 2 3 3 46 90 101 546 62 24 -1 -2 -2
1 10810 -113 -142 -6 -9 0 0 0 0 -60 42 -8 3 2 N N N N -109 -44 0 4 4
1 12015 -131 -136 -1 119 -77 1410 2 0 -66 58 -71 0 1 43 92 100 546 213 82 -2 -8 -8
1 9642 -96 -67 -58 24 0 1 -2 2 -25 11 -25 4 2 N N N N -111 -47 -1 5 5
1 10827 -105 -42 -4 -1 0 0 0 0 -22 1 -4 -55 -21 45 91 102 546 74 25 -3 -2 -2
1 9985 -78 -8 15 -6 0 0 0 0 -6 -1 1 34 12 N N N N -90 -29 4 2 2
1 10017 -89 70 -2 5 0 0 0 0 37 -3 8 8 4 43 92 99 545 22 0 -4 1 1
1 9983 -84 48 -9 -2 0 0 0 0 27 -4 5 7 3 N N N N -4 7 4 -1 -1
1 10015 -67 36 -3 1 0 0 0 0 19 -5 3 -3 0 43 89 100 545 50 17 -1 -2 -2
1 9985 -90 13 12 2 0 0 0 0 5 -2 0 1 0 N N N N 63 20 -3 -2 -2
1 10015 -81 86 -12 1 0 0 0 0 42 -18 15 2 2 44 90 100 545 33 18 2 -2 -2
1 9984 -96 25 1 -5 0 0 0 0 14 -6 0 -1 2 N N N N 110 44 0 -5 -5
1 10018 -86 21 -6 14 0 0 0 0 11 -3 -7 -23 -14 43 93 100 545 26 20 5 -3 -3
1 9983 -87 104 8 -19 0 0 0 0 44 -35 20 4 2 N N N N -112 -46 0 5 5
1 10015 -82 98 13 0 0 0 0 0 33 -38 11 -6 2 41 91 100 544 73 22 -4 -1 -1
1 9985 -108 54 -9 3 0 0 0 0 17 -23 3 -4 -4 N N N N -69 -12 9 -1 -1
1 10016 -80 21 -5 -2 0 0 0 0 9 -9 -4 -2 -2 43 89 106 544 11 4 -1 0 0
1 9984 -87 23 -10 -7 0 0 0 0 7 -13 3 -1 3 N N N N -27 -9 1 1 1
1 10015 -78 15 14 9 0 0 0 0 -1 -5 5 18 3 44 106 100 544 41 10 -4 -1 -1
1 9984 -61 55 8 -16 0 0 0 0 11 -30 7 2 3 N N N N 40 9 -3 0 0
1 10016 -79 34 -21 18 0 0 0 0 14 -12 -15 -2 -2 44 91 100 544 -7 12 8 -3 -3
1 9984 -87 24 18 -12 0 0 0 0 0 -15 9 1 2 N N N N 99 31 -5 -2 -2
1 10017 -78 40 -17 14 0 0 0 0 6 -17 -2 5 3 44 91 100 543 -138 -54 1 5 5
1 9984 -75 31 12 -6 0 0 0 0 -2 -18 9 4 4 N N N N 125 49 -1 -5 -5
1 10015 -79 32 -7 -1 0 0 0 0 6 -17 -7 3 0 41 93 100 543 72 32 2 -4 -4
1 9985 -78 -3547 4 16 0 0 0 0 -2 -23 4 1 -1 N N N N 30 10 -1 -1 -1
1 10016 -67 22 -12 8 0 0 0 0 6 -10 -10 7 3 45 91 100 543 -91 -38 -1 5 5
1 9983 -60 53 23 -29 0 0 0 0 -15 -35 17 8 4 N N N N 74 7 -13 1 1
1 10016 -81 45 10 11 0 0 0 0 -6 -20 3 -8 -4 44 91 101 543 2 13 7 -2 -2
1 9985 -96 -12 -33 2 0 0 0 0 15 6 -24 -16 -3 N N N N -23 -1 5 -1 -1
1 10015 -75 3465 -8 -6 0 0 0 0 11 69 -4 20 7 43 93 101 542 10 -1 -3 1 1
1 9986 -81 -17 95 -42 0 0 0 0 -20 -3 33 0 -5 N N N N 42 9 -5 -1 -1
