version: 66.14
glider: 195
mission: 21
dive: 478
start: 8 8 105 22 33 35
columns: rec,elaps_tms,depth,heading,pitch,roll,AD_pitch,AD_roll,AD_vbd,GC_phase,mag.x,mag.y,mag.z,sbect.TempFreq,sbect.CondFreq,wlbb2fl.sig470nm,wlbb2fl.sig700nm,wlbb2fl.sig695nm,wlbb2fl.temp,aa4330.O2,aa4330.AirSat,aa4330.Temp,aa4330.CalPhase,aa4330.TCPhase,
data:
0 16658 -3 545 -622 119 136 2175 496 6 172 -309 -81 173489 135030 N N N N 242927 97645 26982 28997 30403
1 9999 3 260 -21 -289 0 0 0 0 -40 -17 -19 109 6 N N N N -78 160 109 -37 -37
1 10001 5 -31 -27 148 0 0 0 0 -5 -10 44 -679 12 N N N N -462 -206 -11 25 25
1 9999 -4 124 84 3 0 0 0 0 -21 -4 82 -244 -9 N N N N 751 -25 -187 36 36
1 10002 -4 -359 -29 230 0 0 0 0 66 26 -69 44 2 N N N N 162 164 57 -28 -28
1 9999 2 213 11 -212 0 0 0 0 -38 -21 4 -56 -9 N N N N -365 -169 -13 21 21
1 8667 -4 -229 52 121 -4 1 15 -4 51 36 -30 948 22 N N N N -577 155 221 -57 -57
1 10026 21 194 -68 0 1 0 284 0 -60 -38 60 -1587 -10 N N N N 1054 99 -185 22 22
1 9965 0 -11 75 -55 1 0 272 0 10 5 -10 1497 4 N N N N -975 -79 178 -23 -23
1 10013 19 -106 -130 36 -2 0 250 0 19 14 -60 -346 -1 N N N N -1022 -122 166 -16 -16
1 10040 27 -70 20 51 2 -1 244 0 6 4 -9 -1151 -11 N N N N 599 416 100 -64 -64
1 9949 38 230 -127 -298 -1 1 238 0 -29 2 -57 -187 -23 N N N N 1332 580 23 -68 -68
1 10040 36 -483 -25 492 -2 -1 270 0 19 14 -6 1048 3 N N N N 529 226 6 -26 -26
1 9991 42 552 17 -400 -1 0 263 0 -33 -40 77 -297 -20 N N N N -8 2 3 0 0
1 10022 95 -200 113 131 -2 1 273 0 30 15 -5 -1154 -28 N N N N -50 -11 6 0 0
1 15194 319 82 -25 -79 794 0 175 -1 -14 -7 -6 -154 11 N N N N 229 75 -10 -6 -6
1 8444 206 8 314 16 1598 -1 97 1 2 0 94 -1 8 N N N N -4 -25 -14 5 5
1 9344 130 -49 144 -17 1 1 432 0 8 6 16 58 14 N N N N 74 8 -12 1 1
1 15895 243 -130 -5 106 -8 1359 98 2 56 41 14 120 45 N N N N 148 15 -26 3 3
1 10469 148 -154 -7 10 0 0 0 0 56 49 -34 74 12 N N N N -40 -56 -22 10 10
1 10000 162 -151 7 5 0 0 0 0 40 62 -27 52 24 N N N N 19 -37 -25 8 8
1 10414 169 -168 -1 0 0 0 0 0 23 81 -25 46 12 N N N N 102 2 -23 4 4
1 10000 164 3440 5 -4 0 0 0 0 -1 82 -17 22 4 N N N N 73 12 -10 1 1
1 10473 169 -164 -8 4 0 0 0 0 -25 81 -6 14 11 N N N N -71 -50 -12 7 7
1 9999 160 -158 -1 9 0 0 0 0 -44 70 1 15 4 N N N N 29 1 -6 1 1
1 10232 165 -162 13 -3 0 0 0 0 -63 58 20 15 1 N N N N 15 -8 -8 3 3
1 9503 153 -163 -2 -3 0 0 0 0 -74 38 25 8 6 N N N N -112 -54 -5 6 6
1 10498 179 -193 -5 3 0 0 0 0 -94 18 33 18 2 N N N N -24 -21 -6 4 4
1 9896 156 -172 7 -110 61 -1411 2 0 -82 -34 95 4 -1 N N N N -42 -26 -6 4 4
1 9773 144 -148 21 -7 -1 -1 -1 2 -68 -38 28 -4 2 N N N N -83 -32 1 3 3
1 10802 159 -137 8 -13 0 0 0 0 -53 -51 22 -8 1 N N N N 69 18 -5 -1 -1
1 10000 147 -119 5 0 0 0 0 0 -35 -49 10 3 1 N N N N -183 -76 -1 9 9
1 10000 149 -113 4 -4 0 0 0 0 -25 -53 6 1 -1 N N N N -37 -17 -1 2 2
1 10000 137 -132 -2 3 0 0 0 0 -12 -64 4 7 0 N N N N -88 -37 -1 4 4
1 10000 160 -127 0 4 0 0 0 0 2 -62 0 1 -1 N N N N -69 -33 -3 4 4
1 10001 142 -138 1 2 0 0 0 0 17 -66 -7 5 2 N N N N -4 -7 -3 1 1
1 9999 147 -131 2 0 0 0 0 0 29 -58 -13 -2 -1 N N N N -137 -53 1 6 6
1 10000 132 -129 -2 -5 0 0 0 0 43 -50 -14 2 -1 N N N N -13 -10 -3 1 1
1 10000 143 -115 0 3 0 0 0 0 44 -35 -17 2 -1 N N N N -119 -50 0 6 6
1 10000 138 -110 2 3 0 0 0 0 49 -23 -15 1 3 N N N N -153 -60 0 7 7
1 10000 149 -121 0 -3 0 0 0 0 59 -16 -23 4 -2 N N N N 145 55 -1 -6 -6
1 10000 135 -132 -3 0 0 0 0 0 67 -2 -23 7 2 N N N N -156 -66 -2 7 7
1 10001 146 -123 2 -5 0 0 0 0 60 10 -26 2 1 N N N N 16 5 -1 0 0
1 10000 136 -109 1 -2 0 0 0 0 52 22 -16 -1 -2 N N N N -171 -72 -2 8 8
1 9999 141 -120 -1 6 0 0 0 0 51 35 -16 2 0 N N N N -142 -59 -1 7 7
1 20001 255 -243 0 -1 0 0 0 0 77 99 -27 5 0 N N N N -107 -47 -2 5 5
1 25823 350 3256 1 122 -7 1406 1 -2 25 176 -17 45 3 N N N N -204 -90 -4 11 11
1 20000 259 -332 1 1 0 0 0 0 -76 155 -5 39 6 N N N N -204 -99 -10 13 13
1 20527 239 -345 -5 -3 0 0 0 0 -152 93 35 248 96 N N N N -274 -175 -37 26 26
1 21235 252 -244 -2 -128 -1 -1380 1 2 -120 -18 110 4037 1262 N N N N -855 -1151 -462 211 211
1 20823 192 -195 -2 -2 0 0 0 0 -89 -38 33 7485 1856 N N N N 285 -2511 -1510 567 567
1 20001 165 -345 -4 20 0 0 0 0 -110 -122 34 7428 2188 N N N N 9625 -129 -2161 424 424
1 20000 186 -357 18 -2 0 0 0 0 -27 -176 3 3123 1060 N N N N 6677 167 -1273 227 227
1 20001 184 14 17 -10 0 0 0 0 -8 3 -8 4062 1481 N N N N -11359 -5831 -969 917 917
1 20001 175 152 -10 2 0 0 0 0 1 77 6 2334 1118 N N N N -22423 -9597 -996 1536 1536
1 19998 148 -129 -16 9 0 0 0 0 7 -61 6 3418 977 N N N N -16531 -6683 -605 1171 1171
1 20000 155 -170 0 -7 0 0 0 0 23 -85 -10 2393 736 N N N N -11590 -5112 -798 1043 1043
1 20000 163 -214 -6 1 0 0 0 0 62 -87 -19 4053 1036 N N N N -13822 -5614 -707 1196 1196
1 19999 157 -185 7 1 0 0 0 0 72 -54 -29 989 660 N N N N -17959 -6711 -588 1506 1506
1 23650 206 -134 -9 -120 0 -1375 0 -2 65 -43 -83 557 507 N N N N -17260 -6060 -321 1455 1455
1 20000 196 40 5 1 0 0 0 0 -21 3 7 438 144 N N N N -9937 -3458 -189 900 900
1 20001 198 332 7 -6 0 0 0 0 -138 79 62 1723 366 N N N N -8499 -3115 -362 900 900
1 20000 213 329 0 -1 0 0 0 0 -64 139 57 2284 712 N N N N -12172 -4336 -455 1322 1322
1 20000 211 305 0 1 0 0 0 0 21 148 26 444 217 N N N N -7909 -2726 -229 872 872
1 20000 201 363 0 -3 0 0 0 0 115 142 -9 547 285 N N N N -8175 -2740 -161 906 906
1 20000 192 246 4 10 0 0 0 0 114 53 -35 2697 569 N N N N -7415 -2637 -410 971 971
1 19999 180 33 -8 -1 0 0 0 0 18 3 -6 1813 409 N N N N -9808 -3344 -404 1276 1276
1 23219 187 198 -5 128 -9 1367 1 2 99 22 -99 912 476 N N N N -13146 -4289 -316 1720 1720
1 20782 168 205 12 -14 0 0 0 0 92 -47 -24 958 326 N N N N -9346 -2998 -183 1290 1290
1 20000 168 154 2 3 0 0 0 0 57 -55 -17 622 274 N N N N -7489 -2389 -159 1091 1091
1 20000 146 4 -1 0 0 0 0 0 2 -1 -2 745 208 N N N N -4946 -1572 -115 752 752
1 20001 157 -32 -2 -2 0 0 0 0 -11 12 3 646 211 N N N N 765 187 -149 -63 -63
1 19999 144 -106 0 3 0 0 0 0 -39 38 14 671 166 N N N N 2338 669 -146 -288 -288
1 20000 137 -203 3 2 0 0 0 0 -92 48 31 1358 263 N N N N 351 25 -236 29 29
1 19999 133 -177 4 -1 0 0 0 0 -89 13 30 456 215 N N N N -2201 -730 -169 369 369
1 20000 151 -145 -5 1 0 0 0 0 -71 -9 25 369 183 N N N N -2373 -758 -110 378 378
1 20000 131 -138 5 0 0 0 0 0 -66 -26 21 267 133 N N N N -2556 -813 -120 412 412
1 24529 165 -69 -10 -122 0 -1377 0 -2 -26 -58 59 316 173 N N N N -2330 -722 -55 363 363
1 20000 141 202 -3 -6 0 0 0 0 91 48 -21 452 78 N N N N -2331 -728 -83 377 377
1 20940 139 321 -6 134 -9 1388 1 2 160 34 -121 405 132 N N N N -3824 -1183 -112 622 622
1 20824 154 162 9 -10 0 0 0 0 73 -36 -19 516 120 N N N N -4907 -1486 -32 789 789
1 19999 135 11 4 2 0 0 0 0 5 -3 -1 582 178 N N N N -3414 -1048 -101 585 585
1 20000 161 -2 -1 -3 0 0 0 0 -1 1 1 337 89 N N N N -325 -118 -110 80 80
1 20000 138 -61 1 -2 0 0 0 0 -27 16 9 515 129 N N N N -63 -43 -130 41 41
1 20000 152 -160 -3 5 0 0 0 0 -76 27 25 611 135 N N N N -531 -179 -114 115 115
1 20000 132 -179 -1 -2 0 0 0 0 -90 5 32 224 126 N N N N -682 -221 -98 136 136
1 20000 144 -191 -1 3 0 0 0 0 -91 -26 32 144 70 N N N N -534 -167 -44 99 99
1 20000 144 -187 5 -1 0 0 0 0 -78 -53 27 74 58 N N N N -405 -127 -43 77 77
1 20000 135 -169 1 2 0 0 0 0 -54 -65 17 72 52 N N N N -706 -214 -24 123 123
1 25886 187 -131 -15 -122 0 -1377 1 -2 -21 -106 29 94 50 N N N N -807 -239 1 135 135
1 20351 135 105 5 -1 0 0 0 0 19 49 1 81 24 N N N N -307 -92 -7 53 53
1 21178 148 204 2 3 0 0 0 0 61 85 -6 40 13 N N N N -753 -232 -56 140 140
1 20353 151 237 0 -5 0 0 0 0 101 65 -21 174 19 N N N N -1578 -473 -41 277 277
1 20411 149 207 1 1 0 0 0 0 102 23 -33 347 65 N N N N -1786 -537 -61 320 320
1 22470 145 189 33 122 46 1386 1 2 89 11 -84 71 57 N N N N -1087 -324 -23 194 194
1 20000 111 121 8 0 0 0 0 0 55 -27 -14 10 29 N N N N -434 -129 -8 77 77
1 20000 125 -12 3 -2 0 0 0 0 -6 3 2 8 13 N N N N -510 -150 5 89 89
1 20001 121 -60 -3 -1 0 0 0 0 -27 15 6 42 8 N N N N -130 -40 -12 25 25
1 19999 111 -67 2 3 0 0 0 0 -33 12 10 149 24 N N N N 44 10 -26 -3 -3
1 20000 106 -107 -1 0 0 0 0 0 -54 13 14 204 37 N N N N 178 49 -25 -27 -27
1 20000 116 -103 2 0 0 0 0 0 -53 2 16 194 41 N N N N 443 125 -46 -69 -69
1 20000 105 -64 -2 1 0 0 0 0 -32 -3 9 179 47 N N N N -91 -31 -41 23 23
1 20001 114 -57 0 -4 0 0 0 0 -29 -7 9 45 41 N N N N -968 -289 -31 176 176
1 19999 111 -86 -4 3 0 0 0 0 -41 -13 11 183 33 N N N N -324 -98 -27 61 61
1 24117 135 -47 -13 -125 0 -1389 1 -2 -18 -48 60 195 87 N N N N 604 174 -31 -100 -100
1 20002 123 143 9 5 0 0 0 0 66 30 -17 298 61 N N N N 1680 487 -54 -282 -282
1 21146 131 229 2 33 1 223 0 -1 117 19 -47 286 71 N N N N 1404 405 -51 -231 -231
1 18853 111 136 0 86 -8 1162 0 3 66 -1 -63 101 72 N N N N 1366 395 -38 -223 -223
1 20002 121 111 2 2 0 0 0 0 51 -27 -14 -21 24 N N N N 1320 384 -12 -219 -219
1 19998 130 -31 2 -5 0 0 0 0 -14 9 4 -44 -8 N N N N 158 46 -2 -26 -26
1 20000 140 -69 0 5 0 0 0 0 -32 16 9 165 10 N N N N -1427 -419 -12 241 241
1 19999 143 -112 1 1 0 0 0 0 -55 19 15 208 37 N N N N -1741 -515 -37 303 303
1 20001 145 -101 -1 0 0 0 0 0 -51 6 15 82 34 N N N N 78 19 -29 -8 -8
1 20001 143 -87 3 0 0 0 0 0 -46 -1 12 111 29 N N N N 700 202 -20 -115 -115
1 19999 143 -100 0 -2 0 0 0 0 -50 -11 16 126 31 N N N N 668 192 -25 -107 -107
1 20000 157 -125 -2 2 0 0 0 0 -59 -22 15 52 30 N N N N 522 148 -27 -82 -82
1 23705 185 -47 -14 -121 0 -1385 0 -2 -16 -51 58 117 49 N N N N 282 81 -11 -45 -45
1 20001 165 137 5 -1 0 0 0 0 61 34 -13 251 35 N N N N 333 89 -54 -44 -44
1 20000 173 202 4 -1 0 0 0 0 100 23 -27 172 58 N N N N 490 136 -44 -72 -72
1 23822 198 245 -10 121 -8 1386 0 2 124 0 -95 59 49 N N N N 562 161 -18 -89 -89
1 20000 162 122 12 0 0 0 0 0 52 -32 -14 1 23 N N N N 339 97 -5 -54 -54
1 20001 170 -39 1 2 0 0 0 0 -16 12 6 39 11 N N N N 269 79 1 -44 -44
1 20000 168 -149 -5 -3 0 0 0 0 -69 34 18 67 10 N N N N 115 32 -10 -17 -17
1 19999 184 -139 4 0 0 0 0 0 -71 14 21 14 10 N N N N 97 26 -12 -13 -13
1 20002 179 -144 1 0 0 0 0 0 -74 -4 22 46 12 N N N N 105 29 -9 -16 -16
1 19998 162 -154 -5 2 0 0 0 0 -74 -23 21 80 13 N N N N -40 -13 -9 9 9
1 20002 184 -140 5 -1 0 0 0 0 -62 -37 18 83 24 N N N N 73 18 -18 -8 -8
1 20001 176 -141 -1 0 0 0 0 0 -50 -50 14 156 26 N N N N -14 -7 -21 7 7
1 19997 172 -110 -1 0 0 0 0 0 -30 -47 8 85 23 N N N N -64 -23 -25 16 16
1 24764 231 -74 -14 -121 0 -1388 0 -2 -10 -77 27 179 73 N N N N 4 -5 -34 6 6
1 20001 170 140 5 0 0 0 0 0 30 64 2 44 26 N N N N 186 51 -23 -25 -25
1 19999 195 245 4 0 0 0 0 0 87 90 -9 50 10 N N N N -8 -6 -17 5 5
1 20000 164 193 -1 2 0 0 0 0 91 43 -19 -15 6 N N N N -212 -61 -2 35 35
1 20535 190 214 3 34 -1 208 0 -1 109 20 -44 11 4 N N N N -524 -153 -6 87 87
1 19465 169 142 -4 85 -8 1177 0 3 70 0 -65 15 9 N N N N -479 -138 4 77 77
1 20001 168 111 4 1 0 0 0 0 51 -26 -14 13 2 N N N N -707 -206 -7 118 118
1 19999 173 -2 2 -1 0 0 0 0 -1 1 1 55 9 N N N N -860 -248 3 141 141
1 40000 314 -231 -1 -3 0 0 0 0 -112 42 31 297 45 N N N N -1158 -343 -49 202 202
1 40000 327 -289 -2 5 0 0 0 0 -145 -12 42 202 63 N N N N -483 -146 -49 90 90
1 40000 309 -304 0 0 0 0 0 0 -128 -84 37 371 89 N N N N 633 175 -58 -94 -94
1 43768 369 94 -8 -122 0 -1385 0 -2 38 -7 37 134 107 N N N N 2205 625 -69 -348 -348
1 39999 326 451 2 2 0 0 0 0 214 80 -51 234 52 N N N N 789 222 -37 -120 -120
1 41764 313 315 27 120 23 1383 0 2 147 -29 -94 100 44 N N N N -77 -24 -12 15 15
1 39999 272 -221 -4 -1 0 0 0 0 -104 48 26 107 23 N N N N 121 31 -25 -14 -14
1 40001 259 -262 1 -1 0 0 0 0 -135 2 35 32 25 N N N N 127 34 -17 -17 -17
1 40000 266 -214 -1 2 0 0 0 0 -101 -41 26 142 22 N N N N -431 -128 -21 74 74
1 40000 263 -214 5 -2 0 0 0 0 -81 -74 21 174 49 N N N N 499 138 -36 -73 -73
1 44191 297 5 -9 -118 0 -1383 0 -2 4 -37 33 203 69 N N N N 1032 288 -47 -155 -155
1 40045 277 445 3 -3 0 0 0 0 190 122 -26 325 78 N N N N 375 98 -55 -48 -48
1 42823 312 411 2 121 -6 1383 0 2 205 -6 -112 120 68 N N N N 557 154 -33 -81 -81
1 40000 284 -36 -3 -1 0 0 0 0 -16 9 4 242 56 N N N N 452 123 -40 -62 -62
1 40001 296 -210 3 1 0 0 0 0 -105 32 27 227 58 N N N N 293 75 -47 -35 -35
1 39999 304 -252 -2 4 0 0 0 0 -128 -12 34 123 47 N N N N 769 214 -29 -113 -113
1 40000 320 -253 1 -2 0 0 0 0 -111 -66 30 77 39 N N N N 361 99 -23 -51 -51
1 46410 419 -70 -65 -121 -88 -1381 -1 -2 -3 -69 62 117 43 N N N N 210 56 -22 -28 -28
1 40000 409 515 3 -6 0 0 0 0 224 120 -61 79 26 N N N N -2593 -743 -22 410 410
1 44767 412 404 39 127 46 1377 0 2 183 -44 -114 95 29 N N N N -3179 -908 -11 510 510
1 39999 367 -99 -1 -4 0 0 0 0 -42 30 11 72 17 N N N N -703 -202 -10 116 116
1 40002 372 -218 -2 4 0 0 0 0 -104 39 32 126 27 N N N N -195 -58 -20 35 35
1 39998 370 -224 3 -3 0 0 0 0 -115 -4 36 137 34 N N N N -223 -67 -29 42 42
1 40003 366 -227 2 4 0 0 0 0 -104 -46 31 121 35 N N N N -1176 -338 -24 196 196
1 44057 419 -37 -9 -119 -1 -1368 0 -2 -13 -50 49 84 36 N N N N -1510 -433 -25 253 253
1 41025 399 515 -1 30 -1 212 1 -1 247 80 -78 220 48 N N N N -1042 -300 -39 180 180
1 38974 374 184 2 88 -5 1170 -1 3 87 -17 -70 92 41 N N N N 570 159 -22 -90 -90
1 40001 375 -263 1 0 0 0 0 0 -128 40 39 125 30 N N N N 818 230 -20 -132 -132
1 40001 381 -251 -4 -1 0 0 0 0 -125 -18 40 291 66 N N N N 894 247 -46 -137 -137
1 39998 379 -282 3 1 0 0 0 0 -118 -79 36 124 54 N N N N 331 89 -36 -47 -47
1 40002 375 -277 0 0 0 0 0 0 -66 -122 21 108 38 N N N N -2388 -679 -23 396 396
1 45351 404 -17 -5 -122 0 -1385 0 -2 0 -52 12 105 43 N N N N -4579 -1297 -25 773 773
1 40000 403 511 0 0 0 0 0 0 154 203 -8 138 34 N N N N -2521 -715 -26 439 439
1 42176 393 545 -12 115 -9 1377 0 2 269 36 -139 116 35 N N N N -564 -161 -21 101 101
1 40002 357 58 10 7 0 0 0 0 25 -15 -7 73 25 N N N N 35 9 -14 -4 -4
1 39999 340 -245 2 1 0 0 0 0 -117 45 37 141 36 N N N N -454 -129 -24 82 82
1 39999 337 -228 6 -1 0 0 0 0 -116 -6 38 120 30 N N N N -99 -30 -21 20 20
1 40001 332 -253 -1 0 0 0 0 0 -114 -57 35 151 44 N N N N -402 -115 -31 74 74
1 40001 320 -296 -6 0 0 0 0 0 -86 -118 30 202 42 N N N N -452 -129 -32 84 84
1 44585 345 -8 0 -119 0 -1378 -1 -2 -2 -47 19 14 44 N N N N -78 -23 -24 17 17
1 40001 320 517 -2 -4 0 0 0 0 185 181 -21 192 37 N N N N -57 -18 -26 13 13
1 42117 308 432 -3 122 -9 1376 0 2 215 23 -126 213 67 N N N N -309 -89 -34 58 58
1 40003 299 -114 2 1 0 0 0 0 -56 19 17 141 41 N N N N -510 -145 -31 94 94
1 40000 279 -303 3 0 0 0 0 0 -152 -5 51 144 41 N N N N -556 -157 -26 101 101
1 39998 282 -309 -5 1 0 0 0 0 -131 -80 42 124 36 N N N N -578 -163 -26 105 105
1 40000 293 -263 5 -1 0 0 0 0 -68 -114 22 282 78 N N N N -289 -84 -49 57 57
1 40002 283 -316 0 2 0 0 0 0 -5 -156 1 151 52 N N N N -285 -81 -34 55 55
1 44231 320 116 -8 -123 0 -1378 -2 -2 -6 14 -2 97 42 N N N N -309 -87 -28 57 57
1 40359 319 491 0 0 0 0 0 0 91 224 18 233 61 N N N N -84 -25 -43 20 20
1 41005 316 549 3 32 -2 206 2 -1 254 103 -83 227 66 N N N N -736 -207 -41 135 135
1 39343 297 303 0 91 -7 1184 -2 3 139 -48 -90 90 40 N N N N 913 254 -18 -160 -160
1 40000 311 -131 3 -4 0 0 0 0 -56 39 19 123 37 N N N N 1717 478 -22 -299 -299
1 40003 310 -298 -4 2 0 0 0 0 -147 31 48 220 42 N N N N 224 61 -29 -36 -36
1 39997 313 -309 0 3 0 0 0 0 -146 -47 49 121 48 N N N N -304 -87 -34 57 57
1 40000 321 -314 3 -2 0 0 0 0 -105 -117 35 209 48 N N N N -71 -21 -31 16 16
1 45295 380 110 -13 -123 0 -1387 -1 -2 33 3 27 130 58 N N N N -68 -20 -38 17 17
1 40000 350 528 2 1 0 0 0 0 228 132 -55 138 42 N N N N -583 -164 -26 104 104
1 39999 324 428 31 119 28 1385 0 2 197 -45 -116 152 51 N N N N -385 -108 -29 71 71
1 40000 318 -215 -2 4 0 0 0 0 -95 57 27 134 30 N N N N -116 -33 -21 22 22
1 40000 316 -308 2 -3 0 0 0 0 -157 12 48 111 32 N N N N -612 -170 -24 110 110
1 39999 335 -272 0 1 0 0 0 0 -127 -55 35 171 48 N N N N -669 -187 -27 121 121
1 40001 326 -220 3 0 0 0 0 0 -75 -82 22 213 55 N N N N -391 -110 -41 73 73
1 45356 402 181 -12 -121 0 -1392 -1 -2 64 29 29 66 40 N N N N 15 4 -25 0 0
1 41001 350 525 1 34 -1 210 0 -1 249 90 -77 177 50 N N N N 642 177 -33 -110 -110
1 39000 340 333 4 87 -6 1173 -1 3 151 -59 -89 9 16 N N N N 588 162 -8 -102 -102
1 40000 337 -81 -1 2 0 0 0 0 -33 27 8 196 33 N N N N 145 39 -20 -23 -23
1 39998 342 -270 1 -1 0 0 0 0 -128 52 40 257 60 N N N N 474 129 -41 -78 -78
1 40001 342 -248 -3 1 0 0 0 0 -125 -8 38 235 73 N N N N 190 51 -46 -27 -27
1 39999 354 -295 2 0 0 0 0 0 -129 -73 40 248 69 N N N N -417 -117 -46 77 77
1 43705 382 137 -9 -121 0 -1384 0 -2 58 3 33 220 78 N N N N -322 -91 -48 61 61
1 42701 373 572 -7 131 -8 1395 -1 2 279 54 -147 209 65 N N N N -542 -150 -44 98 98
1 40830 345 162 14 -9 0 0 0 0 69 -47 -11 220 72 N N N N 56 14 -32 -6 -6
1 40000 359 -274 -3 -2 0 0 0 0 -124 66 37 130 40 N N N N 214 58 -36 -33 -33
1 40001 345 -332 2 -1 0 0 0 0 -168 -7 53 171 38 N N N N 365 99 -21 -61 -61
1 39999 351 -255 -4 3 0 0 0 0 -108 -66 35 197 57 N N N N 583 158 -39 -96 -96
1 40001 342 -335 2 0 0 0 0 0 -86 -143 25 204 65 N N N N -55 -17 -38 14 14
1 44528 396 104 -8 -123 -1 -1393 0 -2 20 5 18 178 58 N N N N -311 -86 -42 58 58
1 39999 373 522 2 1 0 0 0 0 194 175 -27 148 50 N N N N 143 38 -33 -21 -21
1 41414 356 528 -4 119 -9 1382 0 2 256 -17 -139 99 38 N N N N 212 57 -20 -34 -34
1 40000 344 129 12 3 0 0 0 0 47 -46 -12 219 62 N N N N 31 7 -31 -2 -2
1 39999 354 -195 -4 1 0 0 0 0 -76 66 22 34 15 N N N N 42 10 -18 -5 -5
1 40001 347 -310 -6 -6 0 0 0 0 -151 41 49 231 38 N N N N -184 -51 -24 34 34
1 39999 337 -240 2 3 0 0 0 0 -118 -25 37 257 69 N N N N -628 -173 -52 113 113
1 44529 399 106 -6 -120 0 -1379 -1 -2 53 -16 42 256 85 N N N N -206 -58 -50 40 40
1 40413 354 512 13 116 21 1378 0 2 245 -20 -134 274 90 N N N N -324 -90 -54 61 61
1 39999 322 19 12 3 0 0 0 0 7 -6 1 221 63 N N N N -548 -149 -31 97 97
1 40000 328 -282 -4 0 0 0 0 0 -131 62 37 165 57 N N N N -635 -174 -41 113 113
1 40000 314 -293 3 0 0 0 0 0 -149 -9 44 249 60 N N N N -439 -120 -41 79 79
1 40001 342 -284 -3 0 0 0 0 0 -122 -74 36 128 45 N N N N -327 -89 -26 58 58
1 40000 315 -333 1 0 0 0 0 0 -81 -145 23 224 66 N N N N -161 -44 -38 31 31
1 45058 384 194 -12 -116 -1 -1375 -1 -2 41 49 19 142 49 N N N N 122 32 -40 -17 -17
1 40412 350 512 -1 -4 0 0 0 0 210 148 -33 306 76 N N N N -92 -26 -49 20 20
1 41764 361 522 4 120 -6 1375 0 2 247 -44 -134 329 103 N N N N -85 -24 -59 20 20
1 39998 350 151 11 0 0 0 0 0 48 -61 -11 151 59 N N N N 9 2 -29 1 1
1 40001 353 -191 -3 3 0 0 0 0 -65 75 16 162 50 N N N N 74 19 -33 -9 -9
1 40000 341 -292 -4 -1 0 0 0 0 -135 63 41 415 92 N N N N 736 197 -52 -121 -121
1 39999 363 -307 0 -1 0 0 0 0 -155 -15 47 205 75 N N N N 114 29 -45 -15 -15
1 44178 387 174 -7 -122 0 -1377 0 -2 88 -12 31 157 62 N N N N 10 2 -48 3 3
1 40943 366 502 1 123 -9 1386 -1 2 232 -64 -130 301 78 N N N N 220 57 -45 -32 -32
1 40000 367 74 4 2 0 0 0 0 25 -29 -5 209 78 N N N N 5 1 -37 2 2
1 39997 339 -226 0 -4 0 0 0 0 -86 80 25 233 61 N N N N 102 26 -44 -13 -13
1 40002 362 -288 -1 0 0 0 0 0 -140 43 43 135 36 N N N N -308 -83 -29 55 55
1 39998 345 -282 -2 4 0 0 0 0 -139 -27 42 168 40 N N N N -465 -125 -27 80 80
1 44237 404 126 -7 -122 0 -1386 -1 -2 62 -12 39 347 102 N N N N 129 33 -69 -15 -15
1 41766 361 542 -9 118 -9 1378 0 2 260 -35 -141 323 104 N N N N 726 192 -55 -116 -116
1 39997 352 169 17 0 0 0 0 0 55 -67 -11 323 96 N N N N 754 199 -52 -119 -119
1 40000 351 -211 -6 0 0 0 0 0 -73 81 18 199 57 N N N N 680 179 -44 -107 -107
1 40002 344 -257 1 0 0 0 0 0 -120 55 39 398 87 N N N N 554 145 -51 -86 -86
1 40001 359 -286 1 0 0 0 0 0 -144 -7 46 212 86 N N N N 816 213 -56 -126 -126
1 44173 388 29 -10 -120 0 -1375 -1 -2 17 -30 52 52 37 N N N N 418 110 -24 -64 -64
1 43356 376 581 22 118 28 1373 1 2 272 -41 -138 216 56 N N N N -157 -43 -34 29 29
1 40000 330 13 8 -1 0 0 0 0 5 -4 1 220 50 N N N N -284 -77 -28 49 49
1 39999 320 -348 1 3 0 0 0 0 -159 83 43 411 106 N N N N 504 130 -64 -74 -74
1 40003 330 -331 -1 0 0 0 0 0 -167 -19 48 143 55 N N N N 879 230 -38 -136 -136
1 39998 348 -337 -1 0 0 0 0 0 -133 -104 38 159 56 N N N N 555 145 -31 -84 -84
1 44351 371 14 -9 -123 0 -1375 -1 -2 7 -36 33 260 67 N N N N 425 109 -43 -61 -61
1 40294 344 506 -1 7 0 0 0 0 220 133 -41 222 72 N N N N 350 88 -50 -49 -49
1 41119 363 524 2 116 -7 1382 0 2 242 -68 -129 125 44 N N N N 232 60 -24 -33 -33
1 40000 349 92 3 3 0 0 0 0 29 -38 -6 333 81 N N N N 1087 282 -44 -164 -164
1 40001 335 -283 0 -2 0 0 0 0 -107 100 30 198 59 N N N N 1060 275 -45 -157 -157
1 40000 335 -316 -1 1 0 0 0 0 -157 37 45 95 38 N N N N 1107 288 -23 -167 -167
1 39999 331 -333 0 -2 0 0 0 0 -159 -56 48 93 30 N N N N 723 187 -19 -107 -107
1 44295 386 88 -10 -117 0 -1383 -1 -2 42 -13 40 129 36 N N N N 336 86 -23 -47 -47
1 41763 376 544 -13 118 -8 1376 0 2 269 35 -137 112 33 N N N N 206 52 -24 -28 -28
1 40000 338 251 22 -1 0 0 0 0 97 -82 -24 219 59 N N N N 16 1 -29 3 3
1 40001 351 -184 -2 1 0 0 0 0 -69 66 20 209 54 N N N N 539 138 -32 -76 -76
1 40000 351 -303 0 1 0 0 0 0 -147 50 43 110 34 N N N N 555 142 -27 -79 -79
1 40000 344 -277 -1 -2 0 0 0 0 -138 -26 43 168 38 N N N N 429 109 -26 -60 -60
1 39999 340 -320 -4 0 0 0 0 0 -124 -100 37 82 39 N N N N 63 14 -27 -5 -5
1 43649 360 175 -4 -117 0 -1372 0 -2 64 24 28 -44 -4 N N N N 44 11 -1 -6 -6
1 41399 368 558 -1 30 -2 219 0 -1 269 72 -86 195 35 N N N N -80 -24 -24 16 16
1 38600 338 402 6 87 -7 1151 -1 3 161 -108 -91 147 49 N N N N 202 50 -27 -26 -26
1 40000 325 -91 -5 0 0 0 0 0 -28 38 6 79 -3 N N N N 12 3 -2 -2 -2
1 40000 346 -281 0 0 0 0 0 0 -119 81 38 154 39 N N N N -189 -52 -31 34 34
1 40000 332 -281 -1 0 0 0 0 0 -142 15 43 265 76 N N N N 340 83 -45 -43 -43
1 40000 327 -331 2 0 0 0 0 0 -152 -67 48 -47 15 N N N N 348 89 -13 -49 -49
1 43590 356 48 -11 -115 0 -1372 -1 -2 24 -23 42 84 10 N N N N 103 26 -7 -15 -15
1 38349 329 496 3 129 28 1385 0 0 238 87 -130 182 34 N N N N 79 18 -25 -7 -7
1 41649 336 359 32 -11 0 -1 0 2 152 -97 -32 266 79 N N N N 606 152 -40 -82 -82
1 40001 297 -153 -1 0 0 0 0 0 -59 53 16 239 53 N N N N 412 102 -41 -53 -53
1 39999 313 -229 -1 -3 0 0 0 0 -110 45 29 69 32 N N N N 183 45 -25 -22 -22
1 40000 318 -227 0 2 0 0 0 0 -117 0 32 158 33 N N N N 460 116 -18 -64 -64
1 40000 317 -232 0 2 0 0 0 0 -109 -45 30 144 43 N N N N -492 -130 -29 77 77
1 46353 348 178 -15 -120 0 -1384 -1 -2 86 5 34 145 40 N N N N 751 190 -27 -104 -104
1 41529 317 512 3 116 -6 1384 0 2 252 -6 -129 197 59 N N N N 434 108 -34 -57 -57
1 40001 308 67 8 5 0 0 0 0 27 -21 -6 184 54 N N N N 594 150 -29 -80 -80
1 40000 311 -186 -2 -2 0 0 0 0 -82 51 23 223 47 N N N N 751 189 -29 -101 -101
1 40001 311 -242 1 0 0 0 0 0 -123 21 34 196 63 N N N N 172 38 -46 -16 -16
1 39998 310 -203 1 -3 0 0 0 0 -102 -21 30 99 25 N N N N 535 136 -17 -73 -73
1 44471 345 125 -12 -116 0 -1383 0 -2 65 -14 39 131 49 N N N N 503 125 -31 -65 -65
1 41589 325 509 1 118 -8 1383 0 2 244 -38 -129 243 57 N N N N 413 101 -31 -52 -52
1 40000 311 -28 6 -1 0 0 0 0 -12 9 4 191 56 N N N N 219 51 -38 -23 -23
1 39999 322 -222 1 2 0 0 0 0 -102 53 29 98 35 N N N N 108 24 -22 -11 -11
1 40000 308 -207 -1 -3 0 0 0 0 -106 10 32 170 39 N N N N -21 -8 -21 7 7
1 40001 319 -207 2 3 0 0 0 0 -102 -26 28 64 30 N N N N 85 18 -22 -7 -7
1 44409 349 271 -14 -118 0 -1381 -1 -2 138 -1 18 67 15 N N N N -513 -133 -17 74 74
1 44355 351 478 5 117 -9 1379 0 2 215 -77 -121 158 38 N N N N 31 5 -19 0 0
1 39999 326 -29 2 -1 0 0 0 0 -10 12 4 196 50 N N N N 365 89 -29 -45 -45
1 40001 318 -24 2 2 0 0 0 0 -9 9 2 91 27 N N N N 1183 299 -23 -160 -160
1 39999 337 -149 -1 -3 0 0 0 0 -62 47 17 29 13 N N N N 752 190 -9 -102 -102
1 40000 313 -220 -2 1 0 0 0 0 -107 35 33 129 22 N N N N 561 141 -14 -74 -74
1 40000 324 -267 2 3 0 0 -1 0 -135 -13 40 80 27 N N N N 431 107 -20 -54 -54
1 40000 325 -229 -1 -2 0 0 0 0 -100 -58 30 65 20 N N N N 80 18 -13 -9 -9
1 40001 318 -150 3 -1 0 0 0 0 -52 -56 14 202 42 N N N N 191 45 -25 -20 -20
1 39999 340 -190 -3 2 0 0 0 0 -40 -86 13 98 31 N N N N -281 -75 -22 42 42
1 40000 302 -259 0 0 0 0 0 0 -7 -129 3 74 23 N N N N 680 170 -17 -88 -88
1 44119 360 179 -14 -122 0 -1379 -1 -2 2 47 8 139 34 N N N N 252 60 -23 -30 -30
1 40410 333 517 2 1 0 0 0 0 140 216 1 100 33 N N N N -219 -59 -23 35 35
1 41767 345 566 -18 120 -10 1381 0 2 279 56 -142 37 11 N N N N -148 -39 -7 21 21
1 39999 303 319 24 3 0 0 0 0 122 -106 -31 181 47 N N N N 18 1 -22 2 2
1 40002 311 -145 2 -2 0 0 0 0 -50 57 15 169 36 N N N N 15 0 -23 3 3
1 39998 318 -250 -4 -3 0 0 0 0 -112 62 34 91 30 N N N N 205 47 -26 -22 -22
1 40000 310 -298 1 4 0 0 0 0 -151 6 46 68 24 N N N N -31 -10 -13 7 7
1 40001 302 -280 0 0 0 0 0 0 -126 -63 39 94 14 N N N N 7 0 -12 1 1
1 41585 321 76 12 -121 30 -1381 -1 -2 28 -15 37 82 22 N N N N 103 23 -18 -10 -10
1 41739 305 480 -13 124 -8 1379 0 2 238 76 -122 212 48 N N N N -67 -23 -34 17 17
1 40793 296 261 18 -6 0 0 0 0 117 -62 -28 77 40 N N N N 144 34 -16 -16 -16
1 40000 295 -219 1 0 0 0 0 0 -99 55 28 65 14 N N N N 208 51 -11 -26 -26
1 40000 299 -236 -4 0 0 0 0 0 -120 16 34 119 21 N N N N 171 40 -16 -19 -19
1 40001 300 -271 -1 -1 0 0 0 0 -131 -44 37 136 38 N N N N 417 102 -24 -51 -51
1 39999 289 -259 3 3 0 0 0 0 -94 -90 27 29 16 N N N N 332 82 -11 -42 -42
1 44410 340 68 -12 -121 0 -1379 0 -2 24 -13 33 43 11 N N N N 140 33 -9 -17 -17
1 40001 302 534 1 0 0 0 0 0 241 118 -49 111 21 N N N N -137 -37 -17 22 22
1 43472 317 468 1 121 -8 1376 0 2 212 -74 -122 60 22 N N N N 132 31 -11 -15 -15
1 40000 299 173 10 2 0 0 0 0 47 -76 -10 103 24 N N N N 264 65 -11 -33 -33
1 39999 303 -76 -2 -3 0 0 0 0 -18 35 5 127 27 N N N N 322 77 -22 -37 -37
1 40001 309 -212 -3 -1 0 0 0 0 -73 83 19 91 21 N N N N 85 18 -17 -8 -8
1 39999 297 -290 -3 2 0 0 0 0 -137 57 39 133 29 N N N N -50 -16 -21 11 11
1 40000 302 -320 -3 -2 0 0 -1 0 -160 -20 49 106 30 N N N N -83 -25 -22 16 16
1 40000 313 -319 6 0 0 0 0 0 -128 -99 36 81 25 N N N N 44 9 -14 -3 -3
1 40000 290 -308 -1 4 0 0 0 0 -55 -142 16 43 22 N N N N -88 -25 -11 14 14
1 40000 308 -150 3 1 0 0 0 0 1 -75 -2 45 13 N N N N -61 -16 -8 10 10
1 40001 304 -228 -1 -6 0 0 0 0 42 -108 -11 144 26 N N N N -52 -17 -16 10 10
1 44822 339 99 -13 -118 0 -1370 0 -2 -20 7 -17 117 29 N N N N 166 37 -26 -16 -16
1 40000 325 506 3 0 0 0 0 0 13 242 47 129 31 N N N N 74 15 -20 -5 -5
1 40000 317 502 -3 0 0 0 0 0 198 158 -28 73 29 N N N N 117 26 -19 -11 -11
1 45470 345 575 -2 120 -9 1375 0 2 273 -44 -142 106 26 N N N N 254 61 -16 -30 -30
1 39999 305 134 14 0 0 0 0 0 43 -54 -7 73 21 N N N N 457 113 -11 -58 -58
1 40000 291 -315 -11 2 0 0 0 0 -119 109 32 105 17 N N N N 391 96 -12 -48 -48
1 40000 320 -330 3 0 0 0 0 0 -166 29 50 83 26 N N N N 1274 316 -19 -161 -161
1 40002 280 -335 4 0 0 0 0 0 -155 -67 47 126 29 N N N N 1273 316 -18 -160 -160
1 44999 354 129 -12 -120 0 -1380 -1 -2 58 -1 37 51 22 N N N N 515 125 -16 -62 -62
1 39434 289 500 10 119 21 1375 0 2 245 46 -128 79 18 N N N N -317 -82 -13 44 44
1 40565 280 241 21 -1 0 0 0 0 101 -70 -23 63 21 N N N N 413 102 -9 -51 -51
1 40001 280 110 -2 -2 0 0 0 0 35 -46 -9 116 25 N N N N 144 33 -13 -15 -15
1 39999 257 -111 -4 2 0 0 0 0 -35 46 8 65 15 N N N N 927 229 -15 -115 -115
1 40000 296 -248 2 0 0 0 0 0 -107 72 30 47 17 N N N N 831 205 -12 -102 -102
1 40001 273 -247 -1 -1 0 0 0 0 -126 21 33 43 12 N N N N 623 155 -8 -76 -76
1 39999 288 -234 2 3 0 0 0 0 -116 -30 31 77 16 N N N N 152 36 -9 -17 -17
1 40000 264 -215 -2 -4 0 0 0 0 -89 -64 25 74 17 N N N N 8 -1 -12 2 2
1 40000 270 -304 -2 3 0 0 0 0 -73 -132 20 100 27 N N N N 431 104 -17 -50 -50
1 40000 301 -247 4 0 0 0 0 0 -4 -124 1 36 12 N N N N 112 26 -9 -12 -12
1 40000 280 -240 2 -3 0 0 0 0 47 -111 -14 82 15 N N N N 74 16 -11 -6 -6
1 43709 335 267 -17 -116 0 -1378 -1 -2 -44 85 7 100 27 N N N N 190 42 -19 -19 -19
1 40000 306 509 3 0 0 0 0 0 73 237 27 67 19 N N N N 1961 487 -14 -239 -239
1 39999 307 522 -3 -2 0 0 0 0 239 110 -48 149 32 N N N N 724 175 -23 -83 -83
1 46354 364 494 9 120 -7 1371 0 2 219 -87 -118 138 40 N N N N -218 -59 -20 31 31
1 39999 313 -47 -2 0 0 0 0 0 -15 19 3 104 23 N N N N -987 -251 -16 126 126
1 40000 325 -296 1 0 0 0 0 0 -129 83 35 122 27 N N N N -412 -107 -21 56 56
1 39998 328 -298 -3 -1 0 0 0 0 -151 7 45 62 22 N N N N 337 80 -15 -38 -38
1 40000 333 -287 7 -1 0 0 0 0 -134 -62 36 67 18 N N N N 527 129 -9 -62 -62
1 43715 389 119 -15 -115 0 -1370 0 -2 56 -3 38 99 25 N N N N -170 -47 -20 26 26
1 41640 382 542 -14 114 -9 1375 0 2 269 43 -134 118 29 N N N N -568 -146 -20 75 75
1 39999 354 259 24 5 0 0 0 0 102 -83 -25 115 29 N N N N -123 -34 -13 18 18
1 40001 376 -93 -3 0 0 0 0 0 -33 35 9 214 40 N N N N 220 48 -28 -20 -20
1 39999 371 -251 0 -2 0 0 0 0 -113 64 32 71 33 N N N N 427 100 -25 -46 -46
1 40000 381 -215 2 1 0 0 0 0 -110 12 32 102 24 N N N N 650 157 -16 -75 -75
1 40000 385 -210 -1 1 0 0 0 0 -103 -27 30 80 20 N N N N 885 217 -12 -105 -105
1 43646 437 139 -10 -122 1 -1373 -1 -2 70 -11 38 49 17 N N N N 110 24 -13 -10 -10
1 41942 398 506 0 118 -10 1371 0 2 244 -28 -131 112 28 N N N N -29 -12 -19 9 9
1 39999 401 54 3 2 0 0 0 0 21 -19 -5 32 15 N N N N 11 1 -7 0 0
1 40000 394 -265 -5 -2 0 0 0 0 -116 71 33 41 4 N N N N 19 3 -6 0 0
1 40001 383 -316 -2 2 0 0 0 0 -159 7 50 115 19 N N N N 88 18 -14 -7 -7
1 39998 392 -310 2 -5 0 0 0 0 -138 -76 42 56 17 N N N N 258 61 -14 -28 -28
1 43651 425 49 -8 -117 1 -1374 -1 -2 21 -22 40 15 8 N N N N 139 32 -7 -15 -15
1 38690 304 418 260 97 237 1123 -118 -2 145 101 -87 54 -5 N N N N 185 45 -5 -21 -21
1 40130 259 223 -3 5 1 1 -175 0 123 -18 -11 62 6 N N N N 378 90 -10 -43 -43
1 39913 209 217 21 -8 0 0 -167 0 106 -62 -15 46 7 N N N N 256 62 -9 -28 -28
1 54201 132 221 251 16 482 -3 -181 0 -19 -104 124 7 -16 N N N N 362 86 -12 -40 -40
1 25779 -12 32 34 4 0 2 -109 0 -1 -14 7 4 19 N N N N 362 90 3 -44 -44
1 40082 -147 -41 -38 -1 1 0 -171 0 1 20 -10 -2 26 N N N N 76 20 1 -10 -10
1 39969 -234 -115 -25 -2 -1 0 -170 0 -20 54 -17 -89 -11 N N N N -118 -27 9 12 12
1 43765 -303 -322 -79 -123 11 -1373 -93 2 -120 60 7 -69 -18 N N N N -446 -106 16 49 49
1 39207 -320 -432 72 121 -54 1369 -32 -2 -224 43 -137 -28 -7 N N N N -455 -112 5 53 53
1 39982 -291 -267 -14 4 1 1 -164 0 -106 -78 -27 -53 -9 N N N N -317 -76 7 37 37
1 39967 -320 -283 -65 16 -1 -1 -172 0 -61 -110 -12 -116 -25 N N N N -268 -62 17 28 28
1 45432 -371 -461 -71 -13 0 0 -98 4 25 -221 7 -48 -21 N N N N -262 -63 11 28 28
1 40002 -343 -388 -5 -2 0 0 0 0 146 -130 36 -92 -16 N N N N -167 -39 10 18 18
1 39998 -347 -420 10 6 0 0 0 0 214 -7 57 -83 -21 N N N N -77 -14 17 5 5
1 40001 -358 -351 -9 -3 0 0 0 0 150 107 36 -127 -30 N N N N 122 34 16 -19 -19
1 39999 -357 -199 -2 3 0 0 0 0 46 95 13 -78 -22 N N N N -343 -80 20 36 36
1 76706 -698 2828 17 -121 8 -1370 -109 -2 -159 301 17 -376 -97 N N N N -1150 -272 55 126 126
1 38742 -400 -600 194 113 81 1373 -47 -2 -324 4 -158 -107 -37 N N N N -633 -152 21 73 73
1 42021 -464 -323 -178 8 -5 -1 -47 4 -82 -105 -16 -171 -39 N N N N -163 -34 28 13 13
1 40002 -469 -195 3 0 0 0 0 0 -27 -94 -8 -69 -15 N N N N 685 174 15 -88 -88
1 40000 -463 -315 6 0 0 0 0 0 25 -154 3 -172 -37 N N N N -458 -107 27 49 49
1 40000 -466 -236 -9 -7 0 0 0 0 71 -95 25 -171 -43 N N N N -64 -9 29 0 0
1 40000 -486 -28 5 4 0 0 0 0 11 -10 0 -193 -58 N N N N 1108 284 31 -144 -144
1 47234 -560 517 -4 137 -40 1393 0 -2 -109 231 -30 -145 -30 N N N N 567 148 25 -76 -76
1 40000 -470 774 -9 -4 0 0 0 0 227 295 8 -114 -30 N N N N -1841 -455 22 221 221
1 41237 -456 645 -2 -127 7 -1388 0 2 303 -110 152 -50 -12 N N N N -453 -110 10 54 54
1 40001 -462 25 -5 3 0 0 0 0 9 -10 0 -140 -32 N N N N -422 -101 22 47 47
1 39999 -463 -313 -1 -4 0 0 0 0 -127 96 -36 -83 -22 N N N N -334 -79 18 37 37
1 39999 -463 -326 2 2 0 0 0 0 -167 16 -48 -63 -15 N N N N -7 1 10 -2 -2
1 40001 -464 -305 -7 -4 0 0 0 0 -139 -68 -35 -118 -27 N N N N -487 -118 18 57 57
1 44291 -545 511 17 129 1 1381 0 -2 242 89 1 -140 -33 N N N N -1530 -379 22 187 187
1 44121 -516 608 -12 -123 7 -1388 0 2 235 -213 131 -111 -29 N N N N -984 -242 19 120 120
1 39999 -464 166 5 2 0 0 0 0 14 -84 7 -140 -31 N N N N -543 -132 20 65 65
1 40000 -471 -83 -1 -5 0 0 0 0 -3 42 -3 -122 -33 N N N N -478 -115 23 56 56
1 40000 -475 -301 1 0 0 0 0 0 -69 139 -20 -79 -24 N N N N -1060 -262 20 132 132
1 40001 -461 -336 2 4 0 0 0 0 -148 90 -43 -147 -35 N N N N -904 -223 20 112 112
1 46173 -551 -573 12 -4 11 -1 0 0 -276 -66 -84 -140 -40 N N N N -848 -208 25 105 105
1 40000 -467 -277 -10 2 0 0 0 0 -81 -113 -18 -156 -37 N N N N -436 -105 24 52 52
1 40000 -468 -325 -1 -3 0 0 0 0 -14 -161 -5 -136 -38 N N N N -230 -53 25 24 24
1 40000 -481 -292 1 4 0 0 0 0 62 -131 20 -121 -30 N N N N -222 -52 24 24 24
1 39999 -463 -297 7 -3 0 0 0 0 121 -87 34 -114 -24 N N N N -124 -28 18 13 13
1 44533 -532 161 5 127 0 1386 0 -2 -71 57 26 -253 -62 N N N N -64 -10 33 1 1
1 40000 -475 794 10 -1 0 0 0 0 -90 341 -111 -182 -49 N N N N 157 47 37 -29 -29
1 40380 -498 805 -4 -30 2 -212 0 -1 343 179 90 -102 -28 N N N N 177 48 21 -28 -28
1 39620 -430 438 -32 -95 -25 -1190 0 3 187 -150 96 -105 -30 N N N N -367 -89 19 45 44
1 40000 -441 143 -3 5 0 0 0 0 32 -66 7 -71 -18 N N N N -410 -101 16 50 51
1 40000 -430 -282 6 -3 0 0 0 0 -78 123 -18 -111 -24 N N N N 349 91 13 -49 -49
1 39998 -424 -280 -2 -6 0 0 0 0 -124 72 -35 -133 -34 N N N N -250 -59 22 29 29
1 40001 -417 -276 4 4 0 0 0 0 -143 6 -40 -122 -34 N N N N -485 -118 27 58 58
1 45468 -499 116 0 121 1 1412 -1 -2 59 22 -47 -118 -26 N N N N -390 -96 15 49 49
1 40765 -419 648 14 -124 7 -1398 0 2 264 -190 147 -198 -52 N N N N -375 -90 31 44 44
1 40003 -412 123 -16 2 0 0 0 0 26 -60 -2 -183 -48 N N N N -100 -20 31 7 7
1 39999 -406 -299 3 2 0 0 0 0 -71 138 -18 -98 -29 N N N N -64 -12 26 3 3
1 39998 -417 -256 -1 0 0 0 0 0 -109 75 -32 -147 -39 N N N N 33 12 20 -9 -9
1 40000 -408 -296 -2 -2 0 0 0 0 -151 18 -41 -213 -56 N N N N 55 20 34 -14 -14
1 40002 -419 -294 0 -2 -1 0 0 0 -139 -55 -39 -108 -31 N N N N -2 4 24 -5 -5
1 39998 -392 -277 4 0 0 0 0 0 -91 -107 -24 -135 -34 N N N N 177 48 21 -28 -28
1 40000 -409 -289 -2 6 0 0 0 0 -33 -140 -8 -90 -24 N N N N -35 -5 19 0 0
1 40002 -404 -280 3 -3 0 0 0 0 39 -134 9 -95 -24 N N N N -97 -22 17 10 10
1 39998 -403 -294 -3 -4 0 0 0 0 104 -106 28 -223 -53 N N N N 54 19 29 -14 -14
1 43061 -467 346 11 127 1 1398 1 -2 -116 138 -10 -165 -50 N N N N -135 -28 37 11 11
1 40000 -424 824 19 5 0 0 0 0 106 362 -57 -161 -43 N N N N -302 -72 29 34 34
1 41118 -431 799 -1 -126 9 -1398 0 2 375 -44 179 -118 -29 N N N N -630 -158 19 82 82
1 39999 -419 422 -23 0 0 0 0 0 89 -199 18 -284 -68 N N N N -1493 -375 43 196 196
1 39999 -405 -3566 1 -5 0 0 0 0 -1 -19 1 -87 -33 N N N N -1096 -277 24 147 147
1 40000 -433 3373 -4 1 0 0 0 0 -15 117 -8 -149 -40 N N N N -701 -175 23 93 93
1 40002 -437 -268 3 1 0 0 0 0 -80 114 -21 -154 -42 N N N N -25 -3 25 -1 -1
1 39998 -415 -178 -7 -2 0 0 0 0 -75 50 -25 -140 -37 N N N N 130 37 27 -23 -23
1 46295 -513 -568 21 4 9 4 0 0 -286 -20 -84 -367 -103 N N N N 155 48 58 -34 -34
1 40001 -424 -278 -14 -2 0 0 0 0 -97 -99 -25 -216 -55 N N N N 43 17 37 -13 -13
1 39999 -452 -257 1 4 0 0 0 0 -41 -122 -10 -147 -37 N N N N -331 -81 27 41 41
1 39999 -451 -263 9 -1 0 0 0 0 17 -130 2 -234 -67 N N N N -770 -193 41 101 101
1 40002 -450 -316 -2 -3 0 0 0 0 93 -127 29 -260 -67 N N N N -183 -41 40 18 18
1 39999 -457 -296 -7 0 0 0 0 0 139 -60 43 -254 -74 N N N N -725 -181 46 95 95
1 44530 -540 404 19 127 0 1381 -1 -2 -178 110 -20 -233 -61 N N N N -861 -216 47 114 114
1 40000 -494 845 8 1 0 0 0 0 3 378 -89 -182 -54 N N N N -385 -95 38 49 49
1 74998 -899 1201 -37 -127 -22 -1396 0 2 510 -107 199 -638 -151 N N N N -698 -170 86 86 86
1 40000 -465 -3396 -6 -1 0 0 0 0 15 -105 3 -118 -56 N N N N -796 -200 47 107 107
1 40000 -460 3488 5 6 0 0 0 0 -3 60 0 -168 -36 N N N N -402 -103 11 57 57
1 40002 -479 -230 -10 -3 0 0 0 0 -39 111 -15 -286 -86 N N N N -617 -154 62 80 80
1 40002 -463 -191 7 -6 0 0 0 0 -68 72 -15 -110 -39 N N N N -394 -99 28 54 54
1 45002 -542 -564 30 -94 8 -1145 1 -3 -283 32 -33 -154 -36 N N N N -92 -22 18 11 11
1 39762 -484 -421 -21 97 1 1164 0 3 -163 -111 -89 -250 -71 N N N N -238 -56 53 26 26
1 40000 -478 -258 -4 -1 0 0 0 0 -43 -122 -9 57 18 N N N N -89 -24 0 13 13
1 40000 -496 -210 -2 2 0 0 0 0 9 -104 4 -189 -37 N N N N 219 60 21 -36 -36
1 39999 -482 -242 6 3 0 0 0 0 55 -108 13 -131 -37 N N N N 18 7 25 -7 -7
1 39999 -496 -262 -1 -6 0 0 0 0 104 -82 29 -269 -66 N N N N -205 -49 40 25 25
1 43765 -564 299 15 128 -1 1386 -1 -2 -116 108 -4 -177 -53 N N N N -701 -179 40 98 98
1 40352 -511 755 9 -6 0 0 0 0 13 344 -76 -172 -50 N N N N -276 -69 32 36 36
1 40678 -521 771 8 -127 10 -1393 0 2 354 77 158 -189 -49 N N N N -467 -119 30 66 66
1 40794 -505 443 -22 5 0 0 0 0 157 -164 40 -362 -90 N N N N -617 -158 47 86 86
1 39999 -472 -3360 -9 7 0 0 0 0 18 -121 2 -292 -90 N N N N -1508 -390 66 221 221
1 40001 -498 106 3 -5 0 0 0 0 -11 -56 -3 -296 -82 N N N N -1490 -387 46 224 224
1 40001 -479 63 -5 3 0 0 0 0 -9 -30 -4 -329 -96 N N N N -614 -157 65 87 87
1 39998 -480 3380 8 -1 0 0 0 0 20 112 8 -102 -40 N N N N -425 -110 25 64 64
1 43236 -517 -550 12 -130 6 -1388 0 -2 -135 199 14 -584 -162 N N N N -515 -131 76 71 71
1 41120 -487 -651 23 128 0 1392 0 2 -319 48 -158 -252 -78 N N N N -831 -216 59 125 125
1 39998 -465 -271 -36 0 0 0 0 0 -94 -96 -15 -92 -36 N N N N -606 -159 37 92 92
1 40001 -461 -211 1 4 0 0 0 0 -41 -97 -13 -305 -72 N N N N -157 -39 32 22 22
1 39999 -443 -186 1 -6 0 0 0 0 -5 -93 -1 -290 -91 N N N N -574 -149 68 84 84
1 40001 -440 -243 -4 1 0 0 0 0 39 -115 14 -284 -79 N N N N -484 -127 44 74 74
1 39999 -430 -211 3 3 0 0 0 0 71 -79 20 -319 -91 N N N N -456 -118 59 68 68
1 43353 -462 348 20 126 0 1381 0 -2 -99 148 -20 -412 -111 N N N N -890 -234 70 138 138
1 39999 -437 811 -3 -4 0 0 0 0 147 348 -32 -354 -114 N N N N -1250 -331 75 200 200
1 41295 -417 716 -7 -123 1 -1388 0 2 343 -55 166 -154 -54 N N N N -316 -83 31 50 50
1 40000 -384 304 -13 0 0 0 0 0 84 -134 21 -212 -59 N N N N 148 40 33 -28 -28
1 40001 -395 111 1 0 0 0 0 0 10 -57 3 -380 -107 N N N N 24 8 60 -10 -10
1 39999 -373 -3490 4 3 0 0 0 0 -4 -57 2 -239 -76 N N N N 50 15 55 -14 -14
1 40001 -364 230 -3 -2 0 0 0 0 -40 -113 -12 -206 -65 N N N N -94 -24 41 12 12
1 35879 -320 -30 4 -124 10 -1400 -43 -2 7 -24 -32 -484 -140 N N N N 179 49 57 -36 -36
1 40000 -393 3029 1 -6 0 0 0 0 -6 277 60 -154 -61 N N N N -15 -2 51 -2 -2
1 40001 -368 -587 1 5 0 0 0 0 -252 158 -43 -293 -84 N N N N -574 -153 49 92 92
1 40236 -391 -475 -3 124 0 1402 -62 2 -218 -60 -126 -392 -116 N N N N -386 -103 71 60 60
1 40001 -379 -149 -8 3 0 0 0 0 -45 -60 -9 -225 -74 N N N N -101 -26 60 12 12
1 39999 -389 -14 -1 -1 0 0 0 0 -4 -6 -1 -344 -90 N N N N -131 -34 57 17 17
1 40001 -398 212 2 -4 0 0 0 0 68 83 18 -273 -84 N N N N 21 7 58 -9 -9
1 39999 -406 -44 -1 0 0 0 0 0 -17 -15 -4 -284 -87 N N N N 311 85 46 -58 -58
1 40001 -416 -31 -2 2 0 0 0 0 -10 -12 -2 -459 -128 N N N N 843 231 76 -152 -152
1 43355 -465 492 37 132 0 1391 0 -2 216 118 -9 -351 -97 N N N N 420 116 63 -78 -78
1 42527 -438 664 -48 -132 -30 -1404 0 2 286 -192 145 -327 -113 N N N N 497 138 76 -93 -93
1 40000 -399 -3190 6 1 0 0 0 0 7 -209 5 -132 -46 N N N N 703 192 25 -123 -123
1 40000 -421 422 -9 0 0 0 0 0 -140 -165 -38 -185 -62 N N N N 259 73 38 -49 -49
1 40000 -407 333 -3 -1 0 0 0 0 -169 -36 -43 -127 -33 N N N N -194 -52 26 31 31
1 39999 -432 -9 -2 3 0 0 0 0 5 0 2 -187 -58 N N N N -702 -191 29 117 117
1 46414 -505 193 14 0 6 23 0 0 -100 23 -27 -355 -97 N N N N 675 187 64 -123 -123
1 39999 -451 -104 -8 -1 0 0 0 0 53 -17 14 -220 -73 N N N N 599 166 46 -108 -108
1 40001 -440 -182 4 2 0 0 0 0 94 -5 26 -82 -29 N N N N -547 -149 24 91 91
1 40000 -458 -130 -4 0 0 0 0 0 68 15 17 -256 -76 N N N N -564 -153 42 93 93
1 39999 -444 -85 -2 -4 0 0 0 0 42 16 9 -137 -40 N N N N -220 -60 33 35 35
1 42528 -555 -451 56 -129 89 -1413 0 -2 132 132 34 -302 -89 N N N N -222 -60 41 34 34
1 40000 -531 2999 9 0 0 0 0 0 -71 287 43 -241 -71 N N N N 253 72 47 -49 -49
1 41804 -581 -718 0 130 -37 1410 0 0 -334 104 -166 -264 -79 N N N N 392 110 55 -74 -74
1 38198 -463 -330 -28 -2 0 0 0 2 -120 -110 -29 -268 -79 N N N N 415 116 48 -77 -77
1 39999 -531 -172 -9 -1 0 0 0 0 -34 -79 -6 -203 -62 N N N N -99 -25 48 12 12
1 39999 -497 -63 6 2 0 0 0 0 -7 -31 -4 -146 -43 N N N N -92 -25 29 13 13
1 40000 -506 -183 -1 2 0 0 0 0 1 -91 0 -233 -65 N N N N -769 -211 32 131 131
1 40001 -512 -268 5 -1 0 0 0 0 50 -123 16 -219 -69 N N N N -399 -109 48 65 65
1 44824 -590 393 18 125 0 1373 0 -2 -55 185 -34 -140 -40 N N N N -11 -2 36 -1 -1
1 40175 -526 783 3 -5 0 0 0 0 241 287 25 -268 -73 N N N N 578 162 45 -107 -107
1 43060 -573 745 -13 -118 8 -1392 0 2 319 -174 170 -174 -50 N N N N 122 35 34 -25 -25
1 40000 -513 -3247 2 -1 0 0 0 0 21 -180 10 -293 -83 N N N N 457 129 45 -85 -85
1 40000 -498 341 -7 -1 0 0 0 0 -81 -155 -30 -297 -86 N N N N 717 201 56 -133 -133
1 39999 -530 361 -2 2 0 0 0 0 -166 -82 -52 -145 -47 N N N N 987 277 38 -177 -177
1 40001 -509 216 -3 -3 0 0 0 0 -110 6 -36 -154 -50 N N N N -102 -26 35 14 14
1 44527 -601 733 23 129 0 1400 0 -2 -223 265 -79 -273 -74 N N N N -1952 -544 43 339 339
1 40002 -551 814 -1 -2 0 0 0 0 223 314 6 -258 -79 N N N N -203 -54 58 30 30
1 42944 -565 716 -2 -121 9 -1396 0 2 317 -137 177 -203 -61 N N N N -122 -33 36 18 18
1 40000 -509 235 -6 -9 0 0 0 0 42 -117 14 -348 -100 N N N N 77 23 57 -20 -20
1 39999 -511 -6 -9 6 0 0 0 0 4 5 -3 -162 -53 N N N N 335 96 42 -64 -64
1 40001 -499 -177 6 -6 0 0 0 0 -29 86 -8 -256 -79 N N N N 563 159 39 -105 -105
1 39999 -498 -201 2 4 0 0 0 0 -63 84 -21 -184 -55 N N N N 589 167 41 -109 -109
1 44932 -555 -600 17 12 10 9 0 0 -288 66 -107 -162 -62 N N N N 628 179 34 -116 -116
1 40831 -509 -319 -14 -14 0 0 0 0 -132 -89 -34 -219 -58 N N N N 354 101 43 -68 -68
1 40000 -486 -197 -5 1 0 0 0 0 -52 -83 -16 -162 -51 N N N N 371 107 36 -70 -70
1 40000 -465 -139 5 -2 0 0 0 0 -19 -67 -9 -128 -39 N N N N -150 -41 28 24 24
1 40000 -470 -203 0 2 0 0 0 0 2 -101 4 -131 -37 N N N N 203 59 26 -40 -40
1 40000 -466 -129 -2 -1 0 0 0 0 20 -61 7 -134 -39 N N N N 137 40 27 -27 -27
1 43823 -533 627 27 129 0 1385 0 -2 35 295 -42 -152 -42 N N N N -226 -62 28 36 36
1 75354 -860 1226 -45 -126 -29 -1402 0 2 513 -74 218 -476 -131 N N N N 6817 1934 73 -1190 -1190
1 40001 -430 -3306 -2 0 0 0 0 0 14 -151 4 -199 -71 N N N N 2963 845 52 -505 -505
1 39999 -426 227 -1 1 0 0 0 0 -44 -109 -13 -213 -51 N N N N -230 -61 37 32 32
1 40001 -436 -30 2 0 0 0 0 0 8 13 3 -176 -57 N N N N -667 -184 43 103 103
1 39999 -434 -84 1 1 0 0 0 0 19 40 6 -81 -35 N N N N 296 86 22 -53 -53
1 45588 -506 3076 8 -130 8 -1377 0 -2 -25 216 23 -219 -64 N N N N 1054 304 32 -181 -181
1 40634 -460 -735 2 51 -1 206 1 0 -329 157 -99 -245 -64 N N N N 860 249 37 -149 -149
1 39839 -455 -317 -3 74 1 1184 -1 2 -135 -69 -80 -41 -22 N N N N 934 270 33 -160 -160
1 39999 -462 48 -9 -1 0 0 0 0 18 17 8 -124 -32 N N N N 180 54 21 -33 -33
1 40000 -470 -52 3 0 0 0 0 0 -19 -18 -7 -126 -33 N N N N 1574 452 21 -261 -261
1 40001 -468 -217 3 -1 0 0 0 0 -59 -92 -16 -215 -61 N N N N 1686 487 36 -279 -279
1 39999 -481 -235 3 3 0 0 0 0 -21 -115 -8 -423 -116 N N N N 1051 310 65 -182 -182
1 43353 -546 323 17 124 0 1394 0 -2 39 155 -28 -280 -89 N N N N 470 146 70 -90 -90
1 40603 -512 813 4 -24 0 -198 0 -1 355 149 104 -355 -99 N N N N -477 -125 68 61 61
1 39396 -483 443 -15 -97 9 -1189 0 3 167 -170 104 -273 -93 N N N N -764 -210 57 110 110
1 40000 -506 -3 1 3 0 0 0 0 -2 2 -1 -100 -39 N N N N -781 -219 34 119 119
1 39999 -489 -114 0 -4 0 0 0 0 -30 49 -9 -150 -43 N N N N -209 -55 33 28 28
1 39999 -504 -31 -2 -1 0 0 0 0 -8 13 -5 -165 -48 N N N N 217 66 29 -42 -42
1 40002 -483 -179 0 4 0 0 0 0 -69 62 -25 -275 -77 N N N N 309 95 33 -57 -57
1 45176 -574 -596 26 -9 10 4 0 0 -294 10 -101 -478 -147 N N N N -1118 -308 96 162 162
1 20000 -244 -193 -20 9 0 0 0 0 -76 -59 -21 -289 -85 N N N N -925 -261 42 144 144
1 20000 -249 -87 -3 -8 0 0 0 0 -27 -34 -6 -72 -29 N N N N -882 -250 38 139 139
1 20001 -250 -20 1 0 0 0 0 0 -7 -8 -2 -41 -12 N N N N -308 -86 19 48 48
1 20000 -237 -89 4 5 0 0 0 0 -21 -39 -10 -17 -3 N N N N 317 93 12 -55 -55
1 19998 -245 -99 -1 -3 0 0 0 0 -17 -47 -4 -8 1 N N N N 885 257 4 -148 -148
1 20001 -241 -94 7 -3 0 0 0 0 -9 -46 -5 -238 -61 N N N N 771 225 16 -131 -131
1 20001 -241 -139 -9 3 0 0 0 0 2 -69 5 -237 -66 N N N N 385 119 48 -73 -74
1 19998 -241 -111 -1 0 0 0 0 0 13 -54 3 -110 -37 N N N N 108 36 31 -25 -24
1 20002 -251 -73 -1 -3 0 0 0 0 13 -34 7 -109 -36 N N N N 160 50 26 -32 -32
1 24176 -299 144 18 128 0 1380 0 -2 -23 70 -4 -82 -26 N N N N 61 21 23 -15 -15
1 20000 -259 409 11 3 0 0 0 0 28 194 -41 -132 -34 N N N N 42 16 19 -11 -11
1 20000 -262 408 -6 -1 0 0 0 0 149 144 25 -437 -108 N N N N -365 -95 73 45 45
1 20596 -272 420 3 -30 1 -201 1 -1 207 18 90 -183 -61 N N N N -638 -179 48 97 97
1 19404 -218 296 -35 -98 -47 -1191 -1 3 132 -108 87 -228 -63 N N N N -448 -125 36 67 67
1 20001 -232 185 -16 7 0 0 0 0 54 -80 10 -207 -69 N N N N -953 -273 36 153 153
1 19999 -218 56 -7 -2 0 0 0 0 11 -28 1 -251 -67 N N N N -2117 -611 61 349 349
1 20000 -238 -41 0 0 0 0 0 0 -6 20 -2 -1 5 N N N N -476 -137 19 79 79
1 20000 -219 -61 -4 0 0 0 0 0 -12 29 -5 -427 -119 N N N N 1445 429 43 -257 -257
1 20000 -218 -77 7 -1 0 0 0 0 -21 35 -5 -246 -80 N N N N -1517 -437 59 250 250
1 20000 -213 -113 -2 -3 0 0 0 0 -37 44 -10 -240 -72 N N N N -1559 -451 55 263 263
1 20000 -201 -40 5 5 0 0 0 0 -18 15 -4 -197 -44 N N N N -865 -250 43 145 145
1 20000 -231 -120 1 -1 0 0 0 0 -51 35 -16 -87 -29 N N N N -317 -89 38 50 50
1 23882 -239 -243 9 -124 8 -1385 0 -2 -122 3 26 -153 -53 N N N N 330 100 26 -63 -63
1 20823 -223 -327 28 122 1 1393 0 2 -165 -4 -117 -268 -74 N N N N 116 38 43 -28 -28
1 19999 -212 -164 -29 2 0 0 0 0 -64 -49 -13 -263 -81 N N N N -508 -144 49 82 82
1 20000 -206 -112 1 -3 0 0 0 0 -37 -43 -10 -216 -69 N N N N -1056 -308 42 183 183
1 20000 -208 -118 -11 4 0 0 0 0 -29 -51 -4 -449 -123 N N N N -910 -261 85 151 151
1 20000 -215 -108 4 -3 0 0 0 0 -17 -52 -5 -113 -37 N N N N -104 -27 37 14 14
1 20001 -222 -78 -4 5 0 0 0 0 -6 -38 1 -91 -22 N N N N 659 198 33 -126 -126
1 19999 -218 -95 7 -5 0 0 0 0 -1 -48 -4 -261 -47 N N N N 1070 320 37 -200 -200
1 20000 -213 -7 -6 2 0 0 0 0 1 -3 2 -560 -131 N N N N 1771 532 67 -329 -329
1 20000 -228 -22 3 0 0 0 0 0 1 -11 1 -516 -139 N N N N 1272 393 123 -249 -249
1 20000 -226 -110 2 -7 0 0 0 0 12 -54 3 -618 -166 N N N N 1661 506 95 -311 -311
1 24178 -266 198 23 121 0 1391 0 -2 -15 99 -19 -922 -231 N N N N 1050 338 178 -220 -220
1 20000 -250 368 -2 10 0 0 0 0 61 171 -21 -1142 -269 N N N N 925 308 213 -205 -205
1 20001 -239 394 -10 1 0 0 0 0 165 116 33 -369 -119 N N N N 4469 1367 129 -798 -798
1 21096 -245 348 9 -131 9 -1401 0 2 174 -21 123 -682 -185 N N N N 3149 976 134 -560 -560
1 20786 -238 311 -11 9 0 0 0 0 131 -92 34 -821 -200 N N N N 2743 854 110 -479 -479
1 19999 -239 12 -6 -5 0 0 0 0 4 -7 3 -1074 -334 N N N N 3977 1266 245 -706 -706
1 20001 -231 86 3 -2 0 0 0 0 24 -38 9 -1719 -452 N N N N 3597 1174 287 -648 -648
1 20000 -234 165 -10 9 0 0 0 0 31 -78 4 -1552 -374 N N N N -2382 -663 270 298 298
1 20000 -225 25 6 -1 0 0 0 0 0 -13 4 -857 -276 N N N N 1031 390 280 -244 -244
1 19999 -212 -48 15 -1 0 0 0 0 -9 24 3 -788 -233 N N N N 3816 1241 193 -660 -660
1 20001 -215 -142 -23 -8 0 0 0 0 -17 67 -17 -2291 -723 N N N N 4171 1391 285 -730 -730
1 20001 -210 -38 8 1 0 0 0 0 -14 17 1 -2473 -652 N N N N 8813 2976 555 -1487 -1487
1 19999 -205 136 -7 7 0 0 0 0 32 -62 6 -1726 -509 N N N N 9553 3222 419 -1482 -1482
1 23176 -241 -109 19 -127 10 -1388 -1 -2 -29 7 25 -1398 -491 N N N N 13429 4507 373 -1876 -1876
1 20000 -197 -222 11 1 0 0 0 0 -77 90 -2 -824 -288 N N N N 7694 2658 288 -1041 -1041
1 20001 -183 -129 6 5 0 0 0 0 -57 40 -13 -1543 -414 N N N N 6784 2379 271 -892 -892
1 19999 -189 -79 2 -6 0 0 0 0 -38 15 -8 -4948 -1236 N N N N 5659 2365 760 -951 -951
1 20001 -140 -146 0 -2 0 0 0 0 -72 18 -21 -3254 -1057 N N N N 12093 4478 599 -1528 -1528
1 18702 -184 -299 -17 118 0 1387 -19 -2 -145 0 -104 -1822 -749 N N N N 11784 4608 757 -1483 -1483
1 20708 -206 -252 -12 -3 0 -1 -74 4 -98 -80 -26 -3411 -1081 N N N N 18283 6800 562 -1872 -1872
1 20589 -217 123 6 4 0 0 0 0 45 44 7 -2663 -777 N N N N 19825 7997 1019 -2023 -2023
1 20001 -204 39 4 8 0 0 0 0 14 13 2 -1424 -613 N N N N 24014 9200 561 -1911 -1911
1 19999 -226 73 -2 3 0 0 0 0 32 20 8 -1231 -420 N N N N 23177 8787 353 -1557 -1557
1 20001 -216 -214 -16 -16 0 0 0 0 -83 -69 -12 -3385 -1107 N N N N 12566 5296 504 -906 -906
1 19999 -183 -118 14 12 0 0 0 0 -35 -48 -20 -9076 -2207 N N N N 4537 4027 1500 -870 -870
1 20000 -145 66 -3 -3 0 0 0 0 18 28 7 -3838 -1165 N N N N -1826 1545 1407 -485 -485
1 20000 -110 -95 3 -3 0 0 0 0 -25 -41 -7 -3129 -1203 N N N N -1446 1349 1204 -408 -408
1 20001 -117 -10 -4 2 0 0 0 0 -2 -4 0 -447 -558 N N N N -51 1179 756 -294 -294
1 20000 -116 3 5 -5 0 0 0 0 0 1 -1 -226 -379 N N N N 1904 1252 308 -215 -215
1 18710 -106 95 -7 7 1 1 -42 -4 25 41 9 -143 -296 N N N N 2134 1197 212 -187 -187
1 20074 -116 30 -10 3 -1 -1 -92 0 10 13 5 -49 -188 N N N N 2010 965 97 -136 -136
1 19891 -136 -25 -7 -4 -1 1 -53 0 -7 -11 3 -38 -116 N N N N 1618 700 30 -90 -90
1 20095 -158 -37 -4 -2 0 0 -42 0 -11 -15 -1 -40 -66 N N N N 1473 685 55 -92 -92
1 19929 -156 -47 -5 4 1 -1 -48 0 -11 -20 -2 -16 -38 N N N N 1269 564 32 -72 -72
1 20041 -188 -77 -3 124 -1 1317 -78 4 -16 -30 -21 -14 -28 N N N N 1139 487 17 -61 -61
1 27496 -248 100 5 3 0 73 -1 -2 21 45 -9 -9 -17 N N N N 1571 695 36 -87 -87
1 10176 -93 131 0 -6 0 0 0 0 39 54 1 -6 -5 N N N N 398 163 2 -19 -19
1 9998 -95 150 2 1 0 0 0 0 59 51 0 -7 2 N N N N 297 140 12 -19 -19
1 10002 -91 144 -4 -2 0 0 0 0 68 34 12 -3 -2 N N N N 288 115 -1 -13 -13
1 9997 -102 160 3 7 0 0 0 0 80 20 15 -9 -4 N N N N 192 98 12 -13 -13
1 10465 -86 161 2 -32 2 -196 -3 -1 84 -5 39 -5 -2 N N N N 161 68 2 -9 -9
1 8290 -79 113 14 -85 8 -1187 -13 -1 52 -33 61 -1 -5 N N N N 310 117 -5 -12 -12
1 10704 -97 120 -16 -6 0 0 -28 4 59 -32 15 -5 -4 N N N N 222 107 11 -14 -14
1 10541 -87 77 -3 2 0 0 0 0 32 -25 6 -5 2 N N N N 227 105 7 -14 -14
1 10002 -93 -12 2 0 0 0 0 0 -6 4 1 2 -1 N N N N 177 67 -2 -7 -7
1 10000 -85 -35 -3 1 0 0 0 0 -13 12 -6 -2 -3 N N N N -73 -50 -13 8 8
1 9999 -97 -53 2 4 0 0 0 0 -23 17 -5 -6 2 N N N N 251 109 5 -13 -13
1 10000 -81 -62 0 -10 0 0 0 0 -28 14 -5 -5 0 N N N N 168 67 0 -8 -8
1 10000 -87 -40 -9 3 0 0 0 0 -16 10 -9 -3 -4 N N N N 272 127 10 -16 -16
1 9999 -97 -48 1 2 0 0 0 0 -25 8 -4 -2 -1 N N N N 302 118 -3 -13 -13
1 10000 -88 -45 5 2 0 0 0 0 -24 7 -6 -1 3 N N N N 87 37 1 -5 -5
1 10001 -94 -59 -2 -3 0 0 0 0 -29 6 -8 0 0 N N N N 322 138 5 -16 -16
1 10000 -83 -48 4 2 0 0 0 0 -26 2 -6 -1 3 N N N N 199 83 2 -10 -10
1 10001 -103 -61 -1 -4 0 0 0 0 -32 0 -5 -7 -7 N N N N 303 134 6 -16 -16
1 9999 -95 -36 -6 4 0 0 0 0 -17 -1 -7 -12 0 N N N N 270 111 1 -13 -13
1 10001 -101 -18 1 -6 0 0 0 0 -9 -1 -1 -10 -3 N N N N 135 61 5 -8 -8
1 10000 -93 -1 -5 10 0 0 0 0 0 1 -4 5 5 N N N N 37 16 0 -2 -2
1 10000 -116 -38 4 -8 0 0 0 0 -20 -4 -2 -20 -1 N N N N 280 116 2 -13 -13
1 9999 -80 -11 -5 8 0 0 0 0 -5 -1 -3 -54 -15 N N N N 99 58 10 -8 -8
1 10000 -90 -87 24 -5 0 0 0 0 -47 -14 -11 -48 -12 N N N N 163 82 10 -11 -11
1 14204 -133 -149 -6 -3 0 2 -7 -4 -66 -35 -20 -10 -9 N N N N 194 101 13 -14 -14
1 9461 -89 -52 -2 130 0 1393 -32 4 -21 -11 -52 -25 -4 N N N N -19 -4 2 0 0
1 14687 -168 16 8 -10 0 1 -1 -2 5 5 2 -24 -11 N N N N 316 175 28 -25 -25
1 10000 -96 124 -7 1 0 0 0 0 54 37 8 -8 3 N N N N 100 28 -8 -1 -1
1 10001 -100 152 -7 0 0 0 0 0 74 30 16 0 -4 N N N N 134 69 9 -10 -10
1 9999 -110 171 16 -1 0 0 0 0 86 11 18 -22 -1 N N N N 143 56 -1 -6 -6
1 12818 -128 183 8 -132 9 -1401 0 2 91 -42 96 1 -2 N N N N 1 21 11 -4 -4
1 10830 -106 140 -13 10 0 0 0 0 64 -35 14 -31 -4 N N N N 82 31 -1 -4 -4
1 9999 -104 51 -1 1 0 0 0 0 22 -16 3 -14 -5 N N N N 95 60 12 -8 -8
1 10001 -109 -45 -18 2 0 0 0 0 -14 15 -8 0 -2 N N N N 259 87 -10 -8 -8
1 9999 -90 -20 17 -2 0 0 0 0 -12 7 1 -7 -2 N N N N -107 -35 5 3 3
1 10003 -115 -39 -10 -1 0 0 0 0 -13 11 -8 0 -3 N N N N -71 -30 -1 3 3
1 9998 -102 -70 -8 -1 0 0 0 0 -31 16 -9 -7 1 N N N N 118 57 6 -7 -7
1 10001 -105 -57 7 4 0 0 0 0 -30 12 -6 -4 -4 N N N N -121 -50 -1 6 6
1 9998 -101 -28 5 -1 0 0 0 0 -17 2 0 6 4 N N N N 79 50 11 -8 -8
1 10002 -111 19 12 0 0 0 0 0 8 -1 1 5 2 N N N N 103 33 -5 -3 -3
1 9999 -93 61 -4 2 0 0 0 0 32 -10 5 4 -2 N N N N -54 -20 0 2 2
1 10001 -115 -30 -7 -9 0 0 0 0 -11 5 -4 -4 2 N N N N 71 34 4 -4 -4
1 9998 -110 -18 0 0 0 0 0 0 -9 3 -3 -1 -2 N N N N 294 118 -1 -13 -13
1 10003 -112 17 -8 0 0 0 0 0 9 -4 4 1 1 N N N N 14 1 -3 0 0
1 9997 -92 -50 31 -2 0 0 0 0 -32 8 -3 -3 0 N N N N 30 23 7 -3 -3
1 10002 -103 21 -7 0 0 0 0 0 8 -6 11 -2 -5 N N N N 94 42 2 -5 -5
1 9999 -111 -42 -5 3 0 0 0 0 -17 9 -13 2 -2 N N N N 31 12 0 -2 -2
1 10000 -95 -44 -27 13 0 0 0 0 -19 4 -7 -2 1 N N N N 178 61 -7 -5 -5
1 9999 -106 -24 83 -16 0 0 0 0 -24 5 -9 35 -4 N N N N 34 25 7 -4 -4
