version: 66.14
glider: 195
mission: 21
dive: 414
start: 7 23 105 13 43 26
columns: rec,elaps_tms,depth,heading,pitch,roll,AD_pitch,AD_roll,AD_vbd,GC_phase,mag.x,mag.y,mag.z,sbect.TempFreq,sbect.CondFreq,wlbb2fl.sig470nm,wlbb2fl.sig700nm,wlbb2fl.sig695nm,wlbb2fl.temp,aa4330.O2,aa4330.AirSat,aa4330.Temp,aa4330.CalPhase,aa4330.TCPhase,
data:
0 17140 -2 380 -593 160 119 2229 498 6 197 -273 -131 173085 135453 N N N N 249214 97628 25565 29256 30662
1 9999 -1 -38 -44 -39 0 0 0 0 1 22 -35 -118 -47 N N N N -255 -157 -32 24 24
1 10002 -1 55 129 54 0 0 0 0 9 -24 70 -310 4 N N N N -658 -271 -8 31 31
1 9999 -5 143 35 -237 0 0 0 0 -22 -12 -24 92 8 N N N N 366 126 -10 -12 -12
1 9999 2 -58 -95 69 0 0 0 0 6 12 -16 713 3 N N N N 439 174 1 -20 -20
1 10002 -8 -16 18 -109 0 0 0 0 15 30 -29 -440 25 N N N N -1374 -469 39 46 46
1 8691 3 145 -36 63 -7 -1 16 -4 -33 -54 63 331 -31 N N N N 1199 250 -123 -6 -6
1 9963 25 -312 -44 126 -1 2 283 0 38 76 -80 1086 8 N N N N -352 -131 4 15 15
1 10015 -11 293 -47 -309 0 0 269 0 -35 -24 -17 -1177 7 N N N N -479 -83 58 -2 -2
1 9989 28 -121 100 205 1 -1 248 0 25 -15 58 -693 2 N N N N 5969 2616 154 -318 -318
1 9996 25 -196 -30 77 -2 2 243 0 9 53 -59 -27 -14 N N N N -10881 -2166 1201 21 21
1 10042 33 251 -36 -147 -1 0 244 0 -40 -57 22 544 -15 N N N N 527 370 91 -57 -57
1 9971 31 -40 -40 144 1 0 260 0 -10 -22 24 -208 2 N N N N -12 95 56 -21 -21
1 10041 54 -93 -1 40 0 0 265 0 19 23 -16 618 -4 N N N N -139 11 38 -8 -8
1 10020 112 -307 -37 108 -2 0 276 0 7 86 -75 -1145 -43 N N N N 130 84 18 -12 -12
1 14979 353 170 15 -230 777 0 176 -1 1 8 -8 -115 -17 N N N N 173 77 5 -10 -10
1 9637 289 -83 353 69 1636 -1 147 1 106 24 152 -2 -7 N N N N -242 -75 12 7 7
1 8143 181 61 105 -34 1 1 404 1 -1 -25 53 -6 -3 N N N N 9 9 3 -2 -2
1 15749 358 -119 -13 117 -9 1409 76 1 18 53 -7 9 -3 N N N N 23 27 10 -5 -5
1 10000 234 3418 5 12 0 0 0 0 6 94 -11 -32 -3 N N N N -21 0 5 -1 -1
1 10000 226 -147 -6 2 0 0 0 0 -19 72 -22 -4 -5 N N N N 105 47 3 -5 -5
1 10000 203 -132 0 -9 0 0 0 0 -31 63 4 -8 -1 N N N N -102 -31 6 2 2
1 9999 194 -116 21 -12 0 0 0 0 -39 51 13 -1 -2 N N N N -56 -20 1 2 2
1 10001 180 -149 -7 24 0 0 0 0 -60 47 6 8 -4 N N N N 4 4 1 -1 -1
1 16452 270 -288 21 -165 60 -1444 2 2 -138 27 142 3 -3 N N N N 36 20 3 -2 -2
1 10783 143 -87 3 40 0 0 0 0 -46 5 -8 -4 3 N N N N -21 -9 1 1 1
1 10000 162 -49 20 -18 0 0 0 0 -27 -9 20 -4 0 N N N N -6 -4 -1 0 0
1 10001 147 -61 9 -8 0 0 0 0 -31 -12 15 -4 1 N N N N -77 -31 0 4 4
1 10001 130 -134 2 7 0 0 0 0 -60 -30 17 -5 -1 N N N N -133 -52 0 5 5
1 9999 135 -115 -33 11 0 0 0 0 -35 -32 19 2 1 N N N N 26 13 2 -1 -1
1 10001 137 -84 12 -14 0 0 0 0 -32 -37 11 -3 -4 N N N N -29 -11 0 1 1
1 9999 126 -72 10 14 0 0 0 0 -23 -25 1 -1 -1 N N N N -9 -2 1 0 0
1 9999 143 -61 10 -4 0 0 0 0 -16 -30 3 -2 1 N N N N -49 -19 1 2 2
1 10001 141 -40 -10 2 0 0 0 0 -6 -17 5 -3 -1 N N N N -159 -63 0 7 7
1 10000 148 -105 5 -1 0 0 0 0 -14 -52 4 11 1 N N N N 43 18 0 -2 -2
1 10000 143 -124 -5 -6 0 0 0 0 -2 -64 5 26 7 N N N N 44 14 -2 -1 -1
1 10000 140 -118 1 0 0 0 0 0 9 -59 -2 -8 -1 N N N N -180 -79 -3 9 9
1 10002 152 -127 -3 8 0 0 0 0 23 -57 -6 31 9 N N N N -47 -24 -3 3 3
1 9998 165 -110 0 -1 0 0 0 0 29 -47 -10 57 10 N N N N -197 -97 -10 13 13
1 10000 153 -127 -4 5 0 0 0 0 45 -45 -13 -6 0 N N N N -160 -77 -8 9 9
1 10001 155 -159 -12 -13 0 0 0 0 71 -46 -28 97 25 N N N N -265 -109 -1 13 13
1 19999 313 -56 4 -13 0 0 0 0 24 -13 -18 3234 852 N N N N -1821 -1204 -271 183 183
1 26061 332 -115 7 135 -8 1446 1 -2 56 21 45 7545 2220 N N N N -17958 -10699 -2190 1718 1718
1 19998 274 -212 -4 -3 0 0 0 0 107 -1 -41 3269 1133 N N N N -13410 -6573 -946 1097 1097
1 19999 278 -303 -9 7 0 0 0 0 132 64 -67 1524 677 N N N N -7251 -3520 -541 635 635
1 20001 297 -380 28 10 0 0 0 0 84 167 -54 4258 1327 N N N N -5212 -3249 -929 702 702
1 20470 267 3228 -4 -16 0 0 0 0 -41 185 -28 2182 832 N N N N -930 -1471 -816 411 411
1 20574 235 -280 -10 -28 1 -220 2 -1 -102 105 21 4376 1402 N N N N -270 -1029 -675 313 313
1 19424 185 25 37 -89 45 -1197 -1 3 8 -11 48 2485 785 N N N N 599 -962 -854 345 345
1 19999 200 -35 17 3 0 0 0 0 -18 9 9 4228 1300 N N N N -1216 -1446 -746 411 411
1 20000 176 -71 -5 0 0 0 0 0 -33 16 7 2577 802 N N N N -7118 -3640 -897 853 853
1 20000 179 -74 -1 -3 0 0 0 0 -36 11 12 2311 814 N N N N -10819 -4537 -700 1030 1030
1 20000 176 -186 1 -1 0 0 0 0 -96 8 27 986 397 N N N N -10512 -4003 -418 923 923
1 20001 165 -138 -7 -3 0 0 0 0 -68 -14 22 2114 547 N N N N -8902 -3373 -382 828 828
1 20000 155 -69 -2 0 0 0 0 0 -32 -13 9 684 354 N N N N -9211 -3411 -369 879 879
1 20001 165 -74 -4 3 0 0 0 0 -32 -17 10 206 164 N N N N -12109 -4111 -163 1062 1062
1 19998 168 -97 0 0 0 0 0 0 -40 -29 12 737 173 N N N N -9431 -3155 -96 862 862
1 24533 212 -107 3 -115 0 -1346 1 -2 -38 -77 43 1956 503 N N N N -11776 -4106 -351 1249 1249
1 20000 177 70 10 -1 0 0 0 0 20 28 -4 1251 337 N N N N -10067 -3479 -321 1136 1136
1 20000 183 166 1 -5 0 0 0 0 68 51 -7 3840 774 N N N N -9718 -3534 -642 1298 1298
1 19999 163 250 -7 5 0 0 0 0 124 44 -29 779 519 N N N N -10188 -3461 -416 1305 1305
1 20000 159 117 -10 2 0 0 0 0 62 3 -20 859 293 N N N N -7569 -2513 -269 996 996
1 20000 145 132 2 -2 0 0 0 0 66 -13 -21 594 212 N N N N -6122 -1996 -186 821 821
1 20001 150 115 6 3 0 0 0 0 52 -23 -20 1156 415 N N N N -4520 -1479 -171 636 636
1 23822 175 238 -12 111 -6 1376 0 2 89 -70 -79 666 236 N N N N -7300 -2335 -197 1030 1030
1 20000 143 192 18 6 0 0 0 0 40 -91 -2 517 194 N N N N -3940 -1259 -125 580 580
1 20000 133 15 2 1 0 0 0 0 1 -8 2 725 196 N N N N -2627 -836 -83 394 394
1 20000 156 -2 2 -4 0 0 0 0 0 1 0 851 220 N N N N -3014 -975 -156 479 479
1 20000 124 -121 -5 1 0 0 0 0 -20 60 3 776 215 N N N N -3786 -1190 -114 584 584
1 19999 129 -164 -5 2 0 0 0 0 -47 71 10 453 154 N N N N -3925 -1248 -186 639 639
1 20001 135 -157 3 -5 0 0 0 0 -63 53 18 265 121 N N N N -3352 -1049 -129 546 546
1 20000 134 -162 -1 4 0 0 0 0 -76 34 22 120 91 N N N N -2867 -885 -74 465 465
1 20000 128 -163 0 -2 0 0 0 0 -84 11 24 174 70 N N N N -1958 -600 -43 320 320
1 20000 142 -115 4 3 0 0 0 0 -59 -6 16 146 65 N N N N -2000 -613 -50 332 332
1 25764 171 -93 -14 -118 0 -1371 1 -2 -42 -45 68 821 177 N N N N -1805 -553 -46 304 304
1 20355 144 113 9 -1 0 0 0 0 54 17 -12 154 51 N N N N -1417 -447 -106 258 258
1 20237 152 211 2 0 0 0 0 0 107 5 -33 247 84 N N N N -1945 -602 -101 345 345
1 20349 150 140 -1 3 0 0 0 0 69 -17 -25 353 90 N N N N -1496 -459 -69 266 266
1 20720 150 178 0 32 0 206 3 -1 77 -42 -42 213 84 N N N N -1159 -359 -76 212 212
1 19518 134 133 2 84 -9 1155 -2 3 44 -45 -42 253 72 N N N N -649 -197 -24 115 115
1 19997 146 90 0 -1 0 0 0 0 23 -41 -6 138 70 N N N N -322 -102 -38 63 63
1 20003 134 71 2 0 0 0 0 0 13 -35 0 193 58 N N N N -351 -110 -32 66 66
1 19997 139 -55 0 0 0 0 0 0 -10 27 1 257 78 N N N N -293 -89 -10 52 52
1 20003 130 -154 0 -3 0 0 0 0 -41 69 11 178 19 N N N N -392 -127 -73 82 82
1 19997 141 -146 -2 0 0 0 0 0 -54 54 13 49 -3 N N N N -778 -236 -36 141 141
1 20003 142 -143 -2 1 0 0 0 0 -65 36 18 188 68 N N N N -232 -74 -36 47 47
1 19999 134 -149 3 3 0 0 0 0 -74 21 21 113 36 N N N N -34 -15 -33 13 13
1 19998 144 -150 2 0 0 0 0 0 -78 1 21 171 49 N N N N 36 4 -42 2 2
1 23581 186 -104 -15 -116 0 -1368 0 -2 -48 -43 72 158 59 N N N N -165 -50 -7 30 30
1 20479 164 147 8 -3 0 0 0 0 72 17 -20 74 28 N N N N 158 40 -48 -17 -17
1 20000 156 199 0 0 0 0 0 0 101 -7 -32 79 20 N N N N 788 228 -33 -128 -128
1 20000 166 195 -4 3 0 0 0 0 91 -38 -36 78 25 N N N N 860 248 -38 -137 -137
1 23506 192 213 -6 115 -9 1378 1 2 75 -67 -71 373 83 N N N N 1007 293 -33 -161 -161
1 20025 161 147 10 -1 0 0 0 0 31 -70 -2 511 124 N N N N 753 214 -46 -115 -115
1 20000 164 28 5 2 0 0 0 0 4 -14 0 340 129 N N N N 899 255 -54 -137 -137
1 20000 173 -112 -2 0 0 0 0 0 -20 55 5 213 77 N N N N 881 247 -73 -127 -127
1 20000 156 -148 -5 -1 0 0 0 0 -42 64 11 -59 16 N N N N 872 248 -41 -132 -132
1 20000 160 -158 4 -1 0 0 0 0 -62 55 16 -52 -27 N N N N 377 111 1 -61 -61
1 20000 166 -157 4 0 0 0 0 0 -74 36 21 -7 11 N N N N -460 -137 -15 78 78
1 20000 162 -171 -2 2 0 0 0 0 -87 14 24 464 62 N N N N -412 -127 -30 73 73
1 20000 154 -131 4 -3 0 0 0 0 -68 -7 20 173 57 N N N N -284 -92 -51 58 58
1 19999 156 -111 0 3 0 0 0 0 -54 -17 16 179 61 N N N N -45 -20 -37 16 16
1 24001 187 -54 -16 -122 0 -1370 0 -2 -21 -47 61 120 68 N N N N 321 89 -26 -46 -46
1 20000 145 157 7 4 0 0 0 0 74 33 -19 28 15 N N N N 471 132 -30 -69 -69
1 20000 168 226 0 2 0 0 0 0 115 10 -34 18 17 N N N N 221 59 -33 -28 -28
1 20000 142 232 -5 1 0 0 0 0 112 -35 -42 114 44 N N N N 273 75 -27 -37 -37
1 22825 167 234 15 115 24 1360 1 2 86 -69 -66 166 45 N N N N 442 124 -26 -64 -64
1 19999 137 187 15 -2 0 0 0 0 39 -89 -2 205 46 N N N N 718 204 -25 -108 -108
1 20001 142 91 3 -1 0 0 0 0 8 -47 1 245 70 N N N N 1384 399 -24 -212 -212
1 20000 130 -35 -1 -1 0 0 0 0 -2 18 0 46 32 N N N N 1611 465 -21 -245 -245
1 19999 130 -118 1 -1 0 0 0 0 -16 60 2 138 28 N N N N 798 227 -22 -118 -118
1 19999 130 -134 -1 1 0 0 0 0 -33 62 6 18 21 N N N N 463 128 -30 -63 -63
1 20002 129 -151 0 3 0 0 0 0 -54 58 13 6 9 N N N N 280 79 -12 -39 -39
1 19998 141 -157 1 1 0 0 0 0 -70 43 17 16 5 N N N N -257 -76 -8 41 41
1 20002 123 -180 0 1 0 0 0 0 -91 25 21 -16 2 N N N N -536 -158 -7 84 84
1 19999 142 -171 1 -2 0 0 0 0 -89 -3 24 28 -12 N N N N -1559 -453 0 240 240
1 25237 172 -138 -12 -120 0 -1362 0 -2 -65 -55 71 105 27 N N N N -2456 -716 -9 387 387
1 19998 132 139 7 -1 0 0 0 0 67 25 -14 66 12 N N N N -1299 -380 -16 210 210
1 20001 148 227 0 7 0 0 0 0 118 5 -31 150 36 N N N N -806 -240 -31 136 136
1 20000 149 220 -4 0 0 0 0 0 105 -38 -37 92 34 N N N N -750 -222 -26 126 126
1 22824 172 267 -77 111 -65 1363 0 2 97 -86 -105 129 29 N N N N -181 -56 -20 34 34
1 19999 153 178 32 0 0 0 0 0 31 -87 6 87 36 N N N N 75 20 -13 -10 -10
1 20000 170 85 9 0 0 0 0 0 4 -44 2 152 47 N N N N -10 -5 -8 4 4
1 20000 170 -86 -3 -2 0 0 0 0 -4 45 0 124 39 N N N N 128 32 -29 -14 -14
1 20001 162 -166 0 0 0 0 0 0 -29 81 10 103 32 N N N N 203 56 -16 -29 -29
1 19999 164 -178 -2 2 0 0 0 0 -54 75 16 97 28 N N N N 362 100 -28 -52 -52
1 20000 171 -179 3 -2 0 0 0 0 -76 53 24 126 32 N N N N 416 117 -21 -61 -61
1 20000 153 -175 -2 0 0 0 0 0 -85 27 29 172 46 N N N N 700 196 -32 -104 -104
1 19999 167 -160 -3 -1 0 0 0 0 -81 1 26 125 50 N N N N 871 246 -32 -130 -130
1 20000 175 -141 6 2 0 0 0 0 -70 -18 23 107 33 N N N N 861 244 -24 -128 -128
1 24765 195 -94 8 -114 23 -1361 0 -2 -46 -54 59 175 53 N N N N 1065 302 -27 -159 -159
1 20765 171 214 7 0 0 0 0 0 102 41 -23 204 53 N N N N 768 212 -44 -108 -108
1 40413 326 508 -1 6 0 0 0 0 244 -53 -88 134 68 N N N N 565 150 -58 -71 -71
1 43940 330 388 1 112 -7 1358 0 2 96 -162 -68 401 103 N N N N -151 -53 -47 34 34
1 39999 320 -192 -1 -3 0 0 0 0 -32 95 9 220 64 N N N N -1738 -508 -44 278 278
1 40000 319 -304 0 2 0 0 0 0 -109 113 32 169 62 N N N N -584 -179 -55 103 103
1 40000 321 -340 2 -4 0 0 0 0 -170 40 49 167 52 N N N N -234 -74 -34 45 45
1 40000 322 -346 -2 2 0 0 0 0 -162 -61 50 111 39 N N N N 1026 288 -30 -151 -151
1 44177 381 -13 -5 -114 0 -1366 -1 -2 -4 -39 45 159 40 N N N N 923 259 -26 -135 -135
1 40413 358 533 -4 -1 0 0 0 0 258 70 -67 173 64 N N N N 3503 992 -48 -515 -515
1 42706 386 518 -4 118 -9 1370 1 2 198 -146 -118 292 77 N N N N 3600 1017 -47 -515 -515
1 40000 345 -3368 8 -3 0 0 0 0 24 -118 -2 -3 12 N N N N -957 -273 0 139 139
1 39999 359 3339 -2 2 0 0 0 0 -30 132 7 172 40 N N N N -5190 -1489 -32 778 778
1 40003 339 -357 4 -2 0 0 0 0 -129 131 39 117 40 N N N N -2032 -586 -31 316 316
1 39997 343 -354 1 2 0 0 0 0 -178 29 53 365 84 N N N N 5545 1569 -51 -818 -818
1 40000 330 -370 -1 1 0 0 0 0 -167 -81 51 134 56 N N N N 2725 765 -41 -384 -384
1 43646 391 14 -4 -115 0 -1362 0 -2 8 -33 41 297 81 N N N N 1693 467 -56 -227 -227
1 40001 340 527 -2 -2 0 0 0 0 248 90 -63 211 83 N N N N 3451 966 -53 -469 -469
1 41763 374 545 -11 117 -9 1357 0 2 220 -138 -129 109 32 N N N N -257 -81 -27 44 44
1 40000 333 -3315 15 -1 0 0 0 0 28 -145 1 75 28 N N N N -4034 -1147 -11 570 570
1 39999 348 3452 -1 1 0 0 0 0 -6 77 0 76 20 N N N N -4215 -1199 -16 614 614
1 40002 334 -371 -2 0 0 0 0 0 -98 163 27 109 20 N N N N -3494 -994 -19 523 523
1 39998 345 -368 4 1 0 0 0 0 -174 70 54 86 31 N N N N -3896 -1108 -25 599 599
1 40000 346 -379 -3 -2 0 0 0 0 -183 -51 57 116 22 N N N N -2457 -698 -12 384 384
1 43706 398 56 -5 -115 0 -1362 -1 -2 26 -19 43 176 56 N N N N -592 -174 -39 102 102
1 40000 375 479 4 2 0 0 0 0 237 34 -70 132 45 N N N N 3895 1096 -29 -598 -598
1 40000 378 481 16 115 22 1366 0 2 176 -146 -99 95 26 N N N N -4690 -1328 -18 733 733
1 40000 353 208 6 3 0 0 0 0 22 -106 -2 186 54 N N N N -1397 -398 -25 227 227
1 40001 352 -165 -2 -6 0 0 0 0 -14 85 2 116 37 N N N N -297 -89 -29 53 53
1 39998 353 -376 4 0 0 0 0 0 -118 154 31 162 43 N N N N -601 -174 -33 103 103
1 40000 374 -369 -1 1 0 0 0 0 -183 49 50 48 20 N N N N -1248 -354 -19 205 205
1 40001 365 -416 -2 -2 0 0 0 0 -192 -84 54 215 47 N N N N -1783 -505 -24 294 294
1 44651 425 35 -4 -111 0 -1369 -1 -2 15 -23 38 137 55 N N N N 7686 2158 -38 -1214 -1214
1 40000 390 524 -2 -1 0 0 0 0 253 78 -57 186 53 N N N N 3041 848 -37 -457 -457
1 42407 404 521 -7 117 -6 1371 0 2 209 -135 -118 103 36 N N N N -2069 -586 -26 321 321
1 40004 361 235 11 1 0 0 0 0 30 -118 -1 92 27 N N N N -603 -171 -10 95 95
1 40000 380 -213 -2 -4 0 0 0 0 -25 108 4 155 37 N N N N -378 -110 -22 63 63
1 39996 369 -311 1 0 0 0 0 0 -104 123 28 163 47 N N N N -3662 -1033 -35 579 579
1 40002 366 -338 0 1 0 0 0 0 -166 51 46 115 43 N N N N -3089 -871 -30 499 499
1 39999 351 -366 -5 -3 0 0 0 0 -176 -55 51 89 23 N N N N 8 0 -17 2 2
1 44119 406 1 -1 -110 0 -1361 -2 -2 2 -35 45 153 34 N N N N 3489 975 -22 -551 -551
1 40354 369 547 0 -4 0 0 0 0 268 55 -70 109 42 N N N N -515 -149 -29 87 87
1 42528 386 533 -1 120 -8 1358 0 2 189 -171 -106 223 62 N N N N -3450 -970 -38 557 557
1 40001 355 -45 3 0 0 0 0 0 -9 22 3 191 54 N N N N -1431 -403 -28 237 237
1 40000 340 -376 0 -2 0 0 0 0 -127 145 35 157 44 N N N N 1376 380 -35 -216 -216
1 40000 340 -374 -1 -1 0 0 0 0 -187 36 53 239 69 N N N N 1098 300 -45 -168 -168
1 40001 325 -361 -2 0 0 0 0 0 -165 -76 49 137 49 N N N N -1139 -321 -31 188 188
1 44233 392 -20 -3 -115 0 -1365 0 -2 -6 -44 42 136 42 N N N N -2057 -576 -26 338 338
1 41119 355 578 -5 1 0 0 0 0 274 95 -66 199 64 N N N N -1151 -325 -42 195 195
1 42237 350 559 -7 115 -8 1363 -1 2 214 -159 -122 234 65 N N N N -987 -279 -43 170 170
1 40000 343 -3269 11 0 0 0 0 0 11 -171 5 73 34 N N N N -660 -185 -18 112 112
1 39999 346 -121 1 0 0 0 0 0 8 63 -5 107 24 N N N N -186 -52 -13 33 33
1 40000 326 3265 2 1 0 0 0 0 -51 166 15 237 64 N N N N -1002 -283 -46 173 173
1 40001 334 -378 -1 -2 0 0 0 0 -155 116 44 84 29 N N N N -1060 -295 -18 180 180
1 39999 332 -364 -1 3 0 0 0 0 -184 -2 54 228 62 N N N N -840 -235 -37 147 147
1 43645 384 32 -5 -118 0 -1367 -1 -2 17 -26 51 200 59 N N N N -973 -273 -38 170 170
1 40000 371 542 0 3 0 0 0 0 263 -38 -91 286 92 N N N N -1553 -432 -58 272 272
1 41357 335 482 20 113 22 1375 0 2 109 -205 -64 159 52 N N N N -1024 -285 -36 180 180
1 39998 351 -32 8 0 0 0 0 0 -1 17 5 223 58 N N N N -309 -86 -25 56 56
1 39999 333 -322 -5 0 0 0 0 0 -62 155 11 133 49 N N N N -696 -194 -41 125 125
1 40001 336 -329 4 1 0 0 0 0 -141 97 36 163 39 N N N N -156 -44 -23 30 30
1 40003 342 -332 -2 -3 0 0 0 0 -170 6 46 272 72 N N N N 644 175 -41 -107 -107
1 44120 388 14 -9 -115 -1 -1365 0 -2 9 -28 53 227 84 N N N N 441 119 -56 -69 -69
1 39995 356 539 -2 5 0 0 0 0 263 -48 -86 182 65 N N N N 948 259 -48 -156 -156
1 43824 391 -3111 1 110 -4 1359 -1 2 102 -213 -66 358 88 N N N N 827 224 -38 -135 -135
1 39998 343 3474 5 -1 0 0 0 0 -6 66 2 201 64 N N N N -538 -150 -44 96 96
1 40001 362 -350 -3 3 0 0 0 0 -91 156 21 226 71 N N N N -789 -218 -50 140 140
1 40001 350 -363 -2 -1 0 0 0 0 -171 75 46 427 110 N N N N -287 -82 -66 56 56
1 39999 344 -373 2 0 0 0 0 0 -185 -41 52 296 89 N N N N -527 -147 -60 96 96
1 45294 397 -39 -7 -118 -1 -1365 -1 -2 -15 -46 52 206 79 N N N N 864 234 -54 -140 -140
1 40001 382 592 -2 1 0 0 0 0 292 44 -77 213 60 N N N N 202 52 -42 -28 -28
1 42409 381 496 3 122 -8 1370 1 2 166 -169 -99 154 54 N N N N 731 198 -30 -119 -119
1 40001 355 -3435 9 -4 0 0 0 0 11 -86 3 146 51 N N N N -51 -15 -22 11 11
1 40000 353 3301 -6 -1 0 0 0 0 -38 151 7 195 45 N N N N 517 138 -32 -82 -82
1 39998 353 -325 0 1 0 0 0 0 -123 115 32 194 58 N N N N -479 -132 -42 85 85
1 40001 347 -395 -2 0 0 0 0 0 -198 27 57 154 48 N N N N -284 -79 -29 51 51
1 45297 416 -65 -3 -118 0 -1363 -1 -2 -32 -40 63 298 80 N N N N 71 17 -49 -6 -6
1 39999 351 515 -1 5 0 0 0 0 257 -16 -81 228 73 N N N N -291 -81 -50 54 54
1 41410 374 491 1 114 -9 1354 0 2 132 -196 -83 228 72 N N N N 77 18 -42 -7 -7
1 40000 359 -136 0 -1 0 0 0 0 -17 69 4 174 50 N N N N -84 -24 -28 17 17
1 40000 353 -337 0 -2 0 0 0 0 -108 137 31 208 62 N N N N -231 -64 -39 43 43
1 40001 354 -348 -1 2 0 0 0 0 -170 52 48 99 43 N N N N -87 -25 -31 18 18
1 39998 355 -353 2 -1 0 0 0 0 -171 -53 49 181 42 N N N N -143 -40 -25 27 27
1 44061 413 84 -4 -114 0 -1352 -1 -2 38 -11 40 158 45 N N N N -30 -10 -32 8 8
1 39998 371 570 -2 2 0 0 0 0 283 9 -85 246 63 N N N N -2 -2 -36 5 5
1 41000 369 413 2 118 -8 1368 0 2 133 -148 -87 171 60 N N N N -25 -9 -37 8 8
1 40002 377 -49 2 -4 0 0 0 0 -9 24 4 252 68 N N N N 552 147 -36 -86 -86
1 39998 362 -381 -4 -2 0 0 0 0 -132 145 36 153 50 N N N N 300 78 -42 -44 -44
1 40000 348 -379 0 1 0 0 0 0 -190 31 57 231 60 N N N N 336 88 -36 -51 -51
1 40002 360 -358 0 2 0 0 0 0 -161 -81 48 303 82 N N N N 714 189 -46 -110 -110
1 43648 376 -73 -3 -117 0 -1379 -1 -2 -24 -66 43 174 62 N N N N 1000 265 -45 -156 -156
1 40001 371 594 -8 -1 0 0 0 0 271 124 -60 104 46 N N N N 754 199 -31 -116 -116
1 41882 384 563 -16 116 -8 1361 0 2 229 -137 -136 107 26 N N N N 280 74 -17 -42 -42
1 39999 341 -3332 28 0 0 0 0 0 30 -136 5 117 35 N N N N 100 25 -14 -14 -14
1 40000 357 3445 -1 0 0 0 0 0 -8 81 2 187 37 N N N N 276 73 -18 -42 -42
1 40000 335 -308 -4 0 0 0 0 0 -82 138 20 142 48 N N N N -1648 -443 -40 269 269
1 40000 332 -344 2 -1 0 0 0 0 -159 77 49 235 54 N N N N -1669 -447 -31 272 272
1 40000 330 -363 -4 1 0 0 0 0 -180 -28 55 240 77 N N N N 133 33 -52 -15 -15
1 43647 360 -60 -2 -116 0 -1362 -1 -2 -26 -50 56 177 54 N N N N 920 242 -37 -143 -143
1 40000 338 558 -1 0 0 0 0 0 275 41 -80 170 56 N N N N 552 145 -37 -83 -83
1 40000 325 507 18 116 22 1369 -1 2 169 -173 -94 132 37 N N N N 251 65 -23 -37 -37
1 40000 299 152 8 -1 0 0 0 0 11 -79 0 161 47 N N N N -615 -165 -24 101 101
1 39998 297 -344 -2 -2 0 0 0 0 -45 176 11 137 33 N N N N -803 -214 -23 131 131
1 40002 303 -293 0 1 0 0 0 0 -128 90 34 200 52 N N N N -355 -96 -33 61 61
1 39997 285 -310 -3 -5 0 0 0 0 -158 26 43 227 61 N N N N -367 -99 -35 63 63
1 40001 287 -383 6 8 0 0 0 0 -177 -81 46 312 90 N N N N 484 125 -54 -71 -71
1 44648 341 256 -9 -120 0 -1370 0 -2 114 35 25 218 73 N N N N 929 242 -51 -141 -141
1 40001 304 546 -3 7 0 0 0 0 272 -23 -85 308 81 N N N N 698 181 -49 -104 -104
1 41588 304 495 4 115 -6 1364 -1 2 121 -206 -77 101 43 N N N N 209 53 -34 -28 -28
1 40001 294 -3374 7 -4 0 0 0 0 -17 -117 10 155 45 N N N N 233 60 -15 -35 -35
1 39999 305 3395 -11 -1 0 0 0 0 19 106 -10 232 60 N N N N 286 73 -39 -39 -39
1 39999 281 -342 -2 3 0 0 0 0 -58 168 13 183 55 N N N N 639 165 -42 -94 -94
1 40001 274 -365 0 -3 0 0 0 0 -155 106 44 144 41 N N N N 451 116 -27 -66 -66
1 44528 337 41 3 -113 0 -1358 0 -2 21 -26 48 178 51 N N N N -264 -72 -34 46 46
1 41709 325 470 -6 114 -8 1357 0 2 172 -147 -104 331 84 N N N N -524 -141 -52 88 88
1 40000 299 -3347 8 -3 0 0 0 0 18 -131 -1 271 84 N N N N 2610 680 -44 -394 -394
1 39998 296 3381 -4 2 0 0 0 0 -13 114 2 98 39 N N N N -641 -170 -30 102 102
1 40000 313 -349 -2 2 0 0 0 0 -106 146 27 67 20 N N N N -1041 -274 -16 162 162
1 40000 312 -366 7 1 0 0 0 0 -180 57 52 151 34 N N N N -332 -88 -16 53 53
1 44528 343 -5 -12 -116 0 -1353 -1 -2 0 -26 57 268 71 N N N N -632 -169 -47 104 104
1 40775 335 553 -11 135 -8 1362 -1 2 248 -98 -140 142 50 N N N N 116 28 -33 -14 -14
1 40815 327 245 19 -20 0 0 0 0 48 -119 1 75 31 N N N N 271 70 -18 -39 -39
1 39999 326 -273 -12 -1 0 0 0 0 -57 130 11 133 28 N N N N 131 33 -17 -18 -18
1 40000 312 -354 6 -1 0 0 0 0 -152 102 46 143 38 N N N N 572 147 -25 -83 -83
1 40001 326 -356 -2 2 0 0 0 0 -181 -5 53 165 43 N N N N 149 36 -27 -19 -19
1 40000 329 -354 2 1 0 0 0 0 -143 -105 45 165 45 N N N N 174 43 -30 -22 -22
1 44589 384 6 -5 -120 0 -1367 0 -2 2 -37 32 79 29 N N N N 82 20 -21 -10 -10
1 40353 358 545 -1 2 0 0 0 0 242 132 -49 160 40 N N N N -4 -4 -27 5 5
1 38123 343 512 -2 125 23 1365 0 0 232 -86 -131 202 51 N N N N 375 95 -34 -52 -52
1 42168 361 326 27 -9 -1 0 -1 2 60 -158 0 62 35 N N N N 215 54 -19 -29 -29
1 40000 316 -231 -2 2 0 0 0 0 -35 116 6 190 36 N N N N 97 23 -21 -12 -12
1 40002 335 -297 -3 -2 0 0 0 0 -106 111 28 150 40 N N N N 14 1 -30 2 2
1 40000 346 -319 3 1 0 0 0 0 -160 43 42 53 21 N N N N -374 -98 -16 59 59
1 40000 324 -338 -3 -3 0 0 0 0 -165 -51 46 197 45 N N N N -431 -114 -28 69 69
1 45353 398 35 -3 -110 0 -1359 0 -2 17 -23 43 95 36 N N N N -186 -50 -23 31 31
1 40002 365 519 -1 -2 0 0 0 0 260 34 -66 74 19 N N N N 254 65 -16 -36 -36
1 42116 373 491 0 114 -6 1355 0 2 174 -158 -101 93 25 N N N N 162 40 -13 -22 -22
1 39999 354 42 3 0 0 0 0 0 7 -21 -1 274 61 N N N N -29 -9 -27 8 8
1 40001 360 -350 -5 -1 0 0 0 0 -98 152 26 248 61 N N N N -387 -104 -48 65 65
1 39999 348 -396 1 2 0 0 0 0 -192 67 52 98 40 N N N N -5 -4 -31 5 5
1 40002 340 -389 0 -1 0 0 0 0 -186 -65 54 109 30 N N N N -240 -64 -22 40 40
1 45409 395 -125 -4 -115 0 -1353 -1 -2 -45 -81 47 122 37 N N N N -12 -4 -19 4 4
1 39999 377 515 4 2 0 0 0 0 232 120 -45 180 42 N N N N 496 125 -30 -70 -70
1 41427 373 561 -16 125 -8 1361 0 2 250 -105 -135 121 36 N N N N 301 75 -24 -41 -41
1 40810 379 223 16 -11 0 0 0 0 44 -108 -1 174 53 N N N N 562 142 -29 -80 -80
1 40000 357 -309 -3 0 0 0 0 0 -73 143 16 119 25 N N N N 563 144 -16 -81 -81
1 40000 344 -407 -2 -3 0 0 0 0 -186 94 53 201 49 N N N N 560 140 -33 -77 -77
1 40000 344 -388 3 0 0 0 0 0 -192 -43 57 143 40 N N N N 356 89 -28 -48 -48
1 40000 356 -394 -2 3 0 0 0 0 -125 -151 37 168 43 N N N N 511 128 -26 -71 -71
1 43648 396 -70 -5 -115 0 -1368 -1 -2 -9 -73 14 138 43 N N N N 590 149 -27 -81 -81
1 40000 366 542 1 -6 0 0 0 0 171 209 -9 268 64 N N N N 999 251 -41 -138 -138
1 40000 364 503 1 1 0 0 0 0 252 12 -74 229 74 N N N N 338 81 -49 -41 -41
1 45765 428 456 4 120 -8 1359 0 2 152 -157 -94 122 44 N N N N 825 209 -23 -114 -114
1 39999 342 -73 -4 -3 0 0 0 0 -13 36 2 118 32 N N N N 755 190 -20 -104 -104
1 40001 355 -351 -3 3 0 0 0 0 -124 132 33 79 20 N N N N 862 218 -18 -119 -119
1 39999 342 -379 0 -1 0 0 0 0 -190 34 58 100 27 N N N N 881 222 -19 -121 -121
1 40001 355 -391 0 -1 0 0 0 0 -174 -92 53 124 28 N N N N -54 -16 -17 11 11
1 45410 394 -42 -4 -114 0 -1352 -1 -2 -13 -54 38 71 26 N N N N 271 66 -19 -34 -34
1 40000 379 529 3 3 0 0 0 0 237 123 -50 55 14 N N N N 334 84 -10 -45 -45
1 38306 335 493 0 123 21 1359 0 0 224 -81 -125 154 32 N N N N 660 166 -19 -89 -89
1 41693 380 222 24 -10 1 -1 0 2 54 -102 0 102 33 N N N N 508 126 -18 -66 -66
1 39999 331 -331 -4 -6 0 0 0 0 -96 142 22 233 52 N N N N -135 -39 -33 25 25
1 40000 326 -343 1 5 0 0 0 0 -165 66 42 52 20 N N N N -108 -30 -19 18 18
1 40001 332 -312 -6 0 0 0 0 0 -156 -29 43 107 27 N N N N 624 156 -17 -83 -83
1 39999 349 -328 5 -2 0 0 0 0 -126 -110 34 92 22 N N N N 258 63 -17 -32 -32
1 46415 407 -9 -6 -114 0 -1364 -1 -2 -1 -41 30 102 34 N N N N -9 -6 -21 5 5
1 40001 364 496 4 5 0 0 0 0 205 147 -30 131 29 N N N N 154 37 -16 -18 -18
1 40000 368 527 -6 -4 0 0 0 0 256 -57 -84 110 32 N N N N 329 80 -25 -40 -40
1 46940 413 443 3 115 -6 1360 0 2 97 -192 -65 123 33 N N N N 254 61 -20 -31 -31
1 40000 347 -208 -2 4 0 0 0 0 -25 106 6 118 26 N N N N 226 55 -15 -27 -27
1 40000 364 -341 3 -3 0 0 0 0 -117 133 30 85 26 N N N N 266 64 -20 -33 -33
1 40000 344 -353 3 0 0 0 0 0 -177 44 48 122 31 N N N N 331 81 -20 -40 -40
1 40000 364 -360 -8 0 0 0 0 0 -169 -66 48 124 28 N N N N 84 18 -18 -8 -8
1 44706 408 -26 0 -119 0 -1360 -1 -2 -10 -45 45 107 30 N N N N 243 58 -21 -29 -29
1 40000 376 526 -5 4 0 0 0 0 254 84 -59 95 29 N N N N 122 28 -19 -12 -12
1 42708 410 548 -4 118 -8 1374 0 2 218 -147 -119 143 33 N N N N 374 91 -21 -47 -47
1 39999 367 85 8 -4 0 0 0 0 15 -42 1 116 34 N N N N 237 57 -19 -28 -28
1 40000 376 -342 -2 0 0 0 0 0 -97 148 25 106 26 N N N N 111 24 -21 -10 -10
1 40000 364 -374 -4 0 0 0 0 0 -179 68 49 44 15 N N N N 132 31 -13 -15 -15
1 40001 377 -386 -1 -3 0 0 0 0 -187 -57 55 124 24 N N N N 68 15 -14 -6 -6
1 40001 356 -348 6 4 0 0 0 0 -109 -137 31 72 24 N N N N 91 20 -17 -9 -9
1 44586 434 -23 0 -116 0 -1371 0 -2 -3 -50 16 38 13 N N N N 74 17 -9 -8 -8
1 40294 395 547 -4 0 0 0 0 0 193 197 -16 69 13 N N N N 7 1 -9 1 1
1 41003 385 532 -3 -3 0 0 0 0 264 -20 -83 161 38 N N N N -12 -8 -26 7 7
1 42937 407 464 2 120 -8 1357 0 2 126 -185 -82 67 22 N N N N 6 0 -13 2 2
1 40001 384 -2 0 -2 0 0 0 0 0 1 1 72 18 N N N N 87 20 -10 -9 -9
1 39999 370 -327 3 2 0 0 0 0 -73 153 19 83 16 N N N N 242 58 -15 -30 -30
1 40002 370 -346 -4 1 0 0 0 0 -153 91 43 59 17 N N N N 487 121 -12 -62 -62
1 39998 366 -372 3 -6 0 0 0 0 -190 -18 56 55 9 N N N N 143 34 -8 -17 -17
1 44179 413 -44 -5 -111 0 -1353 -1 -2 -17 -44 56 55 17 N N N N 161 38 -13 -19 -19
1 40351 367 559 -2 0 0 0 0 0 277 18 -82 77 18 N N N N 151 36 -11 -17 -17
1 40353 373 468 22 114 22 1352 0 2 149 -168 -82 149 33 N N N N 390 95 -19 -48 -48
1 40000 343 -6 2 1 0 0 0 0 -1 3 0 131 38 N N N N 2113 526 -22 -271 -271
1 39999 355 -336 1 -2 0 0 0 0 -96 146 25 111 28 N N N N 1577 391 -22 -199 -199
1 40000 321 -326 0 1 0 0 0 0 -155 68 39 71 18 N N N N 362 88 -12 -44 -44
1 40000 327 -380 -3 0 0 0 0 0 -190 -38 50 59 21 N N N N 836 206 -18 -102 -102
1 44823 369 -73 -3 -115 0 -1363 -1 -2 -31 -55 52 2 2 N N N N -1455 -364 -1 186 186
1 40357 351 538 -5 1 0 0 0 0 267 62 -61 146 27 N N N N -891 -227 -19 120 120
1 42527 352 517 5 114 -6 1368 0 2 195 -153 -105 97 28 N N N N -29 -11 -18 7 7
1 39999 335 58 2 0 0 0 0 0 10 -29 -1 95 24 N N N N -76 -21 -11 13 13
1 40001 331 -335 -5 1 0 0 0 0 -95 146 21 51 14 N N N N 122 27 -15 -13 -13
1 39999 316 -372 0 0 0 0 0 0 -179 69 48 47 10 N N N N 42 9 -8 -3 -3
1 40000 322 -373 -1 -2 0 0 0 0 -182 -51 53 55 15 N N N N 181 43 -11 -21 -21
1 44296 362 -6 -5 -115 0 -1357 0 -2 -2 -36 46 50 11 N N N N 142 34 -8 -17 -17
1 40410 357 487 8 4 0 0 0 0 240 56 -58 78 18 N N N N 299 72 -12 -35 -35
1 42294 342 517 -15 114 -8 1352 0 2 204 -143 -116 157 34 N N N N 327 78 -21 -38 -38
1 40001 320 121 11 -5 0 0 0 0 19 -61 2 129 39 N N N N 1083 265 -20 -133 -133
1 39999 312 -327 -5 4 0 0 0 0 -81 149 19 157 34 N N N N 865 212 -23 -105 -105
1 40000 334 -358 2 0 0 0 0 0 -165 82 46 64 23 N N N N 346 82 -21 -38 -38
1 40002 313 -359 1 -1 0 0 0 0 -182 -27 50 88 22 N N N N 452 110 -12 -54 -54
1 39998 314 -363 1 0 0 0 0 0 -131 -127 39 102 27 N N N N 866 212 -16 -105 -105
1 45354 359 -75 -6 -115 0 -1359 -1 -2 -15 -73 24 93 27 N N N N 62 12 -19 -3 -3
1 40000 344 525 6 3 0 0 0 0 189 185 -21 116 28 N N N N 717 174 -18 -85 -85
1 40000 333 526 -5 1 0 0 0 0 262 -20 -81 146 37 N N N N 1221 298 -26 -145 -145
1 43530 343 448 0 111 -8 1361 0 2 125 -178 -80 93 27 N N N N 1766 435 -16 -213 -213
1 39999 320 -166 3 1 0 0 0 0 -28 83 8 51 17 N N N N 1270 314 -9 -152 -152
1 39998 301 -390 -2 0 0 0 0 0 -147 137 39 73 15 N N N N 289 69 -10 -33 -33
1 40002 319 -410 -5 -5 0 0 0 0 -208 11 61 43 13 N N N N -14 -7 -13 6 6
1 40000 306 -430 2 4 0 0 0 0 -170 -132 49 77 14 N N N N -656 -165 -9 82 82
1 43648 342 3 -3 -115 0 -1357 -1 -2 1 -37 28 72 18 N N N N -7 -5 -11 3 3
1 40000 316 514 -1 0 0 0 0 0 214 150 -35 51 18 N N N N 648 158 -14 -75 -75
1 43071 349 574 1 34 -1 203 3 -1 269 -77 -105 95 18 N N N N 25 2 -13 1 1
1 36929 279 288 1 79 -8 1155 -3 3 67 -126 -47 133 32 N N N N 784 190 -16 -90 -90
1 40000 312 -156 0 0 0 0 0 0 -27 77 8 176 45 N N N N 383 89 -26 -40 -40
1 40000 293 -383 -4 4 0 0 0 0 -145 134 38 51 17 N N N N -606 -155 -18 78 78
1 39999 302 -373 2 -2 0 0 0 0 -189 16 59 23 8 N N N N -572 -144 -7 71 71
1 40001 296 -417 0 1 0 0 0 0 -174 -116 52 65 14 N N N N 14 1 -9 1 1
1 38742 196 -194 281 -59 231 -492 -130 -4 -92 -109 -51 70 17 N N N N 533 130 -9 -62 -62
1 39939 149 -58 -7 -5 -1 -1 -173 0 -2 -28 7 14 3 N N N N 497 121 -6 -58 -58
1 40041 123 309 -26 15 4 0 -169 0 65 133 11 59 2 N N N N 527 128 -9 -61 -61
1 51069 -13 211 260 8 479 -1 -168 0 45 83 -96 19 0 N N N N 929 227 -10 -108 -108
1 28998 -98 -5 1 6 0 0 -126 0 -1 1 -7 -21 14 N N N N 376 94 2 -45 -45
1 40005 -252 -69 23 -9 4 2 -170 0 -32 -24 -7 -40 7 N N N N 150 38 3 -19 -19
1 39966 -347 -150 -26 5 -5 -1 -168 0 -49 -51 -16 -57 -11 N N N N -300 -71 10 33 33
1 45181 -440 7 -90 136 0 1371 -80 2 9 11 -40 -88 -22 N N N N -1052 -257 15 121 121
1 40468 -424 569 7 -3 0 0 0 0 251 120 85 -41 -9 N N N N -1326 -326 9 157 157
1 39196 -428 522 133 -171 -65 -1389 -7 -2 227 -172 141 -95 -16 N N N N -252 -60 9 28 28
1 43159 -365 298 -202 52 -1 -1 -89 4 50 -140 -8 -165 -42 N N N N 668 172 25 -87 -87
1 40002 -359 -118 -7 0 0 0 0 0 -4 62 -3 -130 -34 N N N N 507 132 22 -67 -67
1 39998 -363 -211 1 -3 0 0 0 0 -44 100 -8 -55 -18 N N N N -659 -159 17 75 75
1 40000 -365 -152 -2 0 0 0 0 0 -52 60 -15 -78 -18 N N N N 15 6 10 -5 -5
1 40000 -343 -148 2 4 0 0 0 0 -66 43 -17 -68 -18 N N N N -596 -144 13 69 69
1 39660 -350 -226 6 141 0 1388 -93 -2 -115 50 -108 -58 -15 N N N N -518 -126 12 60 60
1 39585 -389 456 175 -206 8 -1405 0 -2 207 -131 145 -77 -14 N N N N 154 41 9 -22 -22
1 41223 -362 369 -189 58 -1 0 -100 4 79 -170 0 -65 -19 N N N N 470 120 14 -60 -60
1 40001 -366 -3401 -9 2 0 0 0 0 -12 -102 -10 -88 -18 N N N N 363 93 11 -47 -47
1 40000 -390 91 0 3 0 0 0 0 -18 -43 -6 -123 -30 N N N N -825 -200 18 95 95
1 40000 -362 -160 -2 3 0 0 0 0 28 80 9 -119 -32 N N N N -1778 -437 22 211 211
1 40000 -368 3379 3 -1 0 0 0 0 -2 115 3 -96 -27 N N N N -1028 -252 18 122 122
1 39998 -368 -296 -1 -1 0 0 0 0 -72 136 -15 -121 -28 N N N N -997 -244 18 119 119
1 40002 -362 -150 -6 -3 0 0 -65 0 -60 49 -14 -108 -33 N N N N -506 -121 21 58 58
1 40000 -384 -250 -3 1 0 0 0 0 -123 44 -30 -115 -25 N N N N -510 -124 13 60 60
1 39999 -362 -132 8 3 0 0 0 0 -71 1 -19 -137 -37 N N N N -590 -141 27 68 68
1 40001 -368 -351 -5 -2 0 0 0 0 -165 -69 -46 -148 -38 N N N N -343 -80 25 37 37
1 39999 -362 -284 0 5 0 0 0 0 -85 -116 -22 -154 -41 N N N N -1421 -350 25 174 174
1 40000 -356 -322 10 0 0 0 0 0 -17 -160 -13 -64 -20 N N N N -775 -190 17 95 95
1 36594 -387 -313 59 135 80 1410 -85 -2 67 -133 34 -37 -14 N N N N -450 -111 8 55 55
1 40820 -486 638 3 -21 0 0 0 0 -52 293 -80 -93 -20 N N N N -541 -132 14 67 67
1 40588 -469 776 4 1 0 0 0 0 313 203 84 -96 -21 N N N N -236 -56 15 27 27
1 37177 -433 653 -20 -115 -20 -1415 0 2 243 -232 141 -102 -24 N N N N -180 -42 17 19 19
1 40000 -414 -3350 -20 -7 0 0 0 0 14 -132 -11 -178 -42 N N N N -115 -24 24 9 9
1 39999 -414 3433 -1 11 0 0 0 0 3 91 3 -15 -10 N N N N -648 -159 15 81 81
1 40000 -412 -253 -4 1 0 0 0 0 -45 124 -12 -105 -21 N N N N 1627 409 10 -213 -213
1 40001 -401 -231 0 -6 0 0 0 0 -84 83 -23 -107 -26 N N N N 479 124 18 -65 -65
1 40000 -416 -248 4 5 0 0 0 0 -121 47 -38 -186 -44 N N N N 165 47 25 -27 -27
1 44766 -471 326 22 109 0 1418 0 -2 146 -41 6 -195 -57 N N N N -2429 -603 36 306 306
1 43234 -467 -3073 -17 -113 7 -1409 -1 2 103 -278 69 -77 -22 N N N N -1382 -343 19 176 176
1 40001 -412 -9 -2 1 0 0 0 0 1 5 0 -52 -14 N N N N -538 -134 11 68 68
1 39999 -420 3359 2 -1 0 0 0 0 -18 124 -2 -91 -23 N N N N -321 -78 14 40 40
1 40001 -412 -288 -2 1 0 0 0 0 -86 122 -25 -87 -22 N N N N -406 -99 16 50 50
1 39998 -414 -284 0 0 0 0 0 0 -131 65 -40 -71 -17 N N N N -275 -67 13 34 34
1 43235 -483 316 22 116 0 1407 1 -2 138 -44 2 -136 -28 N N N N -326 -80 14 40 40
1 43236 -466 -3024 -16 -121 9 -1408 0 2 90 -310 62 -110 -32 N N N N -22 -1 27 -2 -2
1 40000 -432 -14 1 7 0 0 0 0 0 10 3 -114 -26 N N N N -21 -2 16 -1 -1
1 40000 -429 3334 -5 -7 0 0 0 0 -5 136 0 -134 -38 N N N N -95 -20 25 8 8
1 39999 -428 -305 4 3 0 0 0 0 -84 135 -23 -106 -25 N N N N -105 -23 16 10 10
1 40001 -432 -308 2 -1 0 0 0 0 -141 73 -43 -166 -42 N N N N -75 -15 26 5 5
1 43276 -486 325 16 117 0 1406 0 -2 142 -47 4 -234 -61 N N N N -300 -69 37 32 32
1 43253 -496 -3092 -11 -122 9 -1413 0 2 89 -277 66 -151 -41 N N N N -371 -89 30 44 44
1 39998 -427 -14 -5 7 0 0 0 0 2 10 -1 -156 -41 N N N N -149 -34 24 15 15
1 40002 -444 3319 2 0 0 0 0 0 -24 144 -4 -183 -50 N N N N -349 -83 34 41 41
1 40000 -452 -253 2 -4 0 0 0 0 -79 104 -22 -151 -41 N N N N -498 -122 27 62 62
1 39998 -443 -290 1 3 0 0 0 0 -134 66 -44 -131 -37 N N N N -344 -83 26 41 41
1 43355 -500 239 19 116 0 1411 0 -2 108 -19 -11 -132 -30 N N N N -267 -64 20 33 33
1 36647 -407 442 -34 -113 -29 -1411 0 2 132 -219 75 -104 -31 N N N N -110 -25 22 11 11
1 39998 -420 -14 -14 -2 0 0 0 0 1 6 -4 -100 -25 N N N N -112 -26 16 12 12
1 40004 -435 -247 2 0 0 0 0 0 -53 118 -10 -151 -36 N N N N -724 -180 24 94 94
1 39998 -414 -302 4 1 0 0 0 0 -124 96 -35 -72 -18 N N N N -635 -159 15 85 85
1 39998 -430 -263 1 0 0 0 0 0 -134 23 -39 -179 -46 N N N N -726 -181 28 96 96
1 44001 -473 274 5 119 0 1411 0 -2 138 0 -17 -145 -36 N N N N 336 89 22 -51 -51
1 41532 -449 541 4 -122 7 -1413 -1 2 168 -239 108 -104 -31 N N N N -50 -10 23 2 2
1 39998 -429 39 -7 3 0 0 0 0 6 -19 -2 -85 -24 N N N N 99 28 16 -17 -17
1 40000 -435 -307 5 -2 0 0 0 0 -63 146 -14 -84 -19 N N N N -268 -67 14 35 35
1 40002 -435 -301 -5 3 0 0 0 0 -123 94 -39 -228 -60 N N N N -582 -143 35 75 75
1 39999 -420 -297 5 -8 0 0 0 0 -153 15 -43 -67 -24 N N N N -116 -27 17 13 13
1 43764 -488 318 17 121 1 1411 0 -2 157 4 -7 -117 -27 N N N N -958 -242 21 131 131
1 41586 -468 606 -8 -117 8 -1396 0 2 179 -270 107 -116 -30 N N N N -1031 -261 20 142 142
1 40002 -428 -3501 -7 0 0 0 0 0 2 -52 -3 -460 -113 N N N N -746 -184 55 97 97
1 39999 -434 3378 2 2 0 0 0 0 -14 116 0 -208 -65 N N N N -742 -184 52 98 98
1 39998 -436 -284 -3 3 0 0 0 0 -77 125 -24 -199 -57 N N N N -736 -185 36 100 100
1 40001 -440 -304 1 -1 0 0 0 0 -138 74 -41 -178 -50 N N N N -791 -199 32 110 110
1 44198 -503 351 21 85 2 1213 0 -3 149 -66 21 -160 -43 N N N N -694 -175 30 96 96
1 39512 -429 352 -15 -97 8 -1230 0 3 77 -196 49 -111 -31 N N N N -410 -104 21 57 57
1 39999 -449 -184 -1 8 0 0 0 0 -24 96 -7 -186 -50 N N N N -737 -186 31 104 104
1 40001 -433 -277 2 2 0 0 0 0 -91 112 -26 -194 -49 N N N N -447 -112 30 62 62
1 39999 -442 -274 2 2 0 0 0 0 -129 57 -43 -158 -47 N N N N -733 -186 35 104 104
1 39999 -440 -287 2 1 0 0 0 0 -146 -11 -50 -199 -53 N N N N -341 -85 32 46 46
1 43118 -500 300 13 111 0 1418 0 -2 149 30 -6 -164 -39 N N N N -12 -1 22 -1 -1
1 41294 -434 664 -28 -117 -29 -1414 1 2 240 -251 127 -317 -77 N N N N 284 77 48 -49 -49
1 40000 -416 -3461 -5 -4 0 0 0 0 8 -74 -4 -83 -39 N N N N 369 98 34 -61 -61
1 39998 -402 3520 -5 8 0 0 0 0 1 45 -1 -93 -26 N N N N -197 -49 18 27 27
1 40001 -418 -224 4 -3 0 0 0 0 -37 110 -4 -178 -44 N N N N -272 -69 22 38 38
1 40001 -398 -302 -3 1 0 0 0 0 -107 114 -32 -143 -42 N N N N -28 -5 29 0 0
1 40000 -408 -235 3 6 0 0 0 0 -117 40 -35 -274 -70 N N N N 370 100 43 -62 -62
1 44765 -463 283 7 114 0 1418 0 -2 135 -25 -9 -174 -48 N N N N 359 96 33 -59 -59
1 41470 -415 487 -2 -121 7 -1405 0 2 123 -245 85 -164 -48 N N N N -21 -3 32 -2 -2
1 40000 -418 -89 -5 2 0 0 0 0 -6 47 -4 -197 -56 N N N N -462 -117 36 65 65
1 40001 -393 -271 0 -2 0 0 0 0 -66 124 -16 -108 -30 N N N N -323 -82 23 45 45
1 40000 -413 -312 1 1 0 0 0 0 -136 87 -39 -124 -31 N N N N 33 10 19 -8 -8
1 40002 -401 -286 3 2 0 0 0 0 -148 7 -44 -288 -76 N N N N -296 -73 43 39 39
1 43116 -432 193 10 116 -1 1405 0 -2 97 23 -31 -134 -42 N N N N -656 -168 30 96 96
1 41057 -425 674 7 -122 10 -1419 0 2 245 -242 139 -175 -47 N N N N -562 -145 32 82 82
1 40001 -407 96 -10 5 0 0 0 0 12 -48 -3 -75 -26 N N N N -342 -87 21 50 50
1 40001 -409 -220 -7 1 0 0 0 0 -28 111 -11 -174 -41 N N N N -210 -54 16 30 30
1 39999 -403 -250 4 -2 0 0 0 0 -84 100 -20 -248 -68 N N N N 201 56 45 -37 -37
1 39999 -396 -259 -2 -4 0 0 0 0 -121 56 -36 -163 -54 N N N N 246 67 38 -43 -43
1 40000 -412 -256 3 9 0 0 0 0 -133 -1 -45 -235 -57 N N N N 2212 581 31 -345 -345
1 44179 -447 208 6 108 0 1416 0 -2 106 23 -24 -326 -90 N N N N 253 71 56 -47 -47
1 42232 -446 655 3 -114 9 -1425 0 2 245 -227 137 -243 -72 N N N N -1926 -501 46 290 290
1 40000 -424 152 -5 -1 0 0 0 0 15 -79 -1 -143 -44 N N N N 687 182 31 -111 -111
1 39999 -402 -118 5 5 0 0 0 0 -9 63 1 -326 -86 N N N N -468 -119 48 66 66
1 40000 -400 -293 1 0 0 0 0 0 -73 134 -20 -185 -60 N N N N -785 -203 47 115 115
1 40000 -392 -299 -5 -2 0 0 0 0 -129 80 -41 -43 -19 N N N N -238 -61 15 35 35
1 40000 -407 -277 -3 -1 0 0 0 0 -141 8 -45 -227 -55 N N N N -165 -42 28 22 22
1 44000 -458 205 13 112 0 1419 0 -2 103 21 -26 -201 -62 N N N N -52 -10 44 3 3
1 40354 -413 637 -8 -112 -20 -1394 -1 2 236 -230 131 -196 -50 N N N N -109 -27 31 12 12
1 39999 -377 145 -15 2 0 0 0 0 18 -74 -6 -306 -85 N N N N -820 -213 52 123 123
1 40001 -383 -102 -7 0 0 0 0 0 -5 53 -1 -189 -58 N N N N -1037 -273 33 161 161
1 39999 -380 -230 6 -1 0 0 0 0 -49 110 -11 -217 -64 N N N N 23 9 42 -9 -9
1 40000 -383 -285 1 2 0 0 0 0 -114 95 -32 -144 -45 N N N N 179 49 33 -33 -33
1 40001 -371 -269 -3 -3 0 0 0 0 -135 30 -38 -163 -42 N N N N 310 84 27 -52 -52
1 36764 -371 -106 10 120 0 1395 -46 -2 -56 7 -80 -171 -50 N N N N 344 93 29 -59 -59
1 39070 -394 635 33 -140 6 -1418 0 -2 289 -127 161 -217 -55 N N N N 38 12 37 -11 -11
1 41582 -399 316 -41 21 1 -2 -39 4 69 -147 2 -251 -74 N N N N -378 -98 44 55 55
1 39998 -416 -85 -6 -3 0 0 0 0 -7 43 -2 -210 -66 N N N N -515 -134 41 78 78
1 40000 -391 -212 7 6 0 0 0 0 -49 102 -11 -225 -65 N N N N -462 -121 41 69 69
1 40000 -413 -318 -3 -3 0 0 0 0 -129 100 -36 -272 -76 N N N N 1484 399 47 -245 -245
1 40000 -399 -277 0 -5 0 0 0 0 -141 20 -40 -97 -33 N N N N 1114 299 24 -182 -182
1 43823 -447 308 12 124 0 1420 0 -2 153 -1 -12 -173 -49 N N N N 557 151 34 -94 -94
1 41588 -449 608 -4 -120 10 -1393 0 2 171 -277 103 -227 -59 N N N N -40 -8 34 2 2
1 39998 -416 -49 -4 7 0 0 0 0 -1 28 -2 -278 -79 N N N N -679 -179 48 102 102
1 40002 -414 -294 3 -4 0 0 0 0 -61 139 -13 -305 -90 N N N N -1162 -307 55 180 180
1 40000 -406 -266 2 4 0 0 0 0 -108 87 -34 -175 -59 N N N N -753 -200 44 117 117
1 39997 -414 -300 -3 -5 0 0 0 0 -151 26 -46 -193 -55 N N N N -400 -105 30 62 62
1 43650 -481 267 15 116 0 1395 0 -2 132 3 -13 -132 -41 N N N N -348 -92 31 53 53
1 41765 -438 567 -8 -121 10 -1420 0 2 182 -245 111 -339 -91 N N N N -9 0 46 -4 -4
1 40000 -416 64 -2 13 0 0 0 0 6 -29 -2 -349 -98 N N N N -361 -94 62 53 53
1 40000 -426 -250 -3 -8 0 0 0 0 -38 122 -8 -258 -87 N N N N -208 -53 61 27 27
1 40000 -423 -329 -1 -1 0 0 0 0 -122 116 -37 -202 -58 N N N N 436 119 36 -77 -77
1 39999 -425 -297 0 0 0 0 0 0 -149 34 -46 -239 -69 N N N N -484 -129 39 76 76
1 44410 -475 267 25 120 0 1425 0 -2 128 -1 -13 -202 -61 N N N N -73 -18 42 7 7
1 37650 -428 558 -31 -119 -20 -1408 0 2 181 -247 101 -315 -90 N N N N -131 -33 53 16 16
1 39999 -406 -15 -7 -3 0 0 0 0 1 7 -3 -179 -57 N N N N 161 46 40 -32 -32
1 40001 -411 -258 5 6 0 0 0 0 -57 124 -12 -194 -59 N N N N 626 172 39 -109 -109
1 40000 -412 -283 -1 -2 0 0 0 0 -115 90 -33 -228 -67 N N N N -573 -154 41 91 91
1 39999 -428 -320 -8 -1 0 0 0 0 -162 23 -45 -220 -64 N N N N 220 62 40 -42 -42
1 44295 -479 351 19 117 0 1400 0 -2 174 -4 -4 -191 -55 N N N N -99 -26 40 12 12
1 41058 -440 -2982 1 -121 7 -1410 0 2 160 -290 100 -342 -83 N N N N -662 -177 42 107 107
1 39998 -439 3458 -6 10 0 0 0 0 -7 77 -4 -284 -87 N N N N -90 -22 58 9 9
1 40000 -427 -340 -1 -3 0 0 0 0 -93 148 -25 -497 -148 N N N N 76 24 84 -23 -23
1 40000 -420 -323 0 0 0 0 0 0 -151 70 -45 -12 -14 N N N N -207 -55 29 32 32
1 40001 -445 -350 -1 -5 0 0 0 0 -176 -28 -52 -465 -135 N N N N 830 230 75 -150 -150
1 44178 -485 289 15 120 0 1415 0 -2 141 47 -19 -373 -107 N N N N 633 178 65 -115 -115
1 42175 -468 706 -1 -118 10 -1403 0 2 271 -230 147 -454 -146 N N N N -437 -116 91 63 63
1 39999 -431 92 -12 2 0 0 0 0 16 -46 -5 -158 -56 N N N N -184 -48 38 27 27
1 40001 -421 -220 0 1 0 0 0 0 -37 109 -7 -102 -37 N N N N -340 -93 32 55 55
1 39999 -433 -206 1 -3 0 0 0 0 -69 81 -19 -196 -54 N N N N -1197 -329 28 204 204
1 40000 -416 -133 -2 1 0 0 0 0 -58 38 -18 -319 -93 N N N N 1034 288 57 -186 -186
1 40002 -434 -177 -1 2 0 0 0 0 -87 29 -27 -174 -53 N N N N 1089 303 32 -191 -191
1 43943 -495 410 25 88 2 1209 1 -3 176 -76 30 -263 -78 N N N N 1544 430 52 -271 -271
1 39882 -434 322 -16 -91 7 -1237 -1 3 71 -180 45 -85 -37 N N N N 908 253 29 -157 -157
1 39999 -446 -145 1 0 0 0 0 0 -20 73 -4 -152 -40 N N N N 1012 283 24 -174 -174
1 40000 -419 -293 2 -1 0 0 0 0 -91 121 -26 -198 -60 N N N N 73 23 40 -18 -18
1 40000 -443 -337 -4 -4 0 0 0 0 -160 62 -48 -179 -47 N N N N -223 -60 19 34 34
1 40001 -438 -267 4 0 0 0 0 0 -135 -20 -44 -252 -73 N N N N 252 74 51 -49 -49
1 42057 -473 275 18 120 0 1437 0 -2 135 40 -20 -198 -60 N N N N 1153 324 42 -200 -200
1 41177 -479 690 -10 -117 0 -1416 0 2 260 -237 145 -263 -76 N N N N -70 -16 48 4 4
1 40003 -436 83 -12 -6 0 0 0 0 12 -45 -4 -309 -93 N N N N 3611 1013 58 -607 -607
1 39997 -443 -237 3 2 0 0 0 0 -41 118 -6 -229 -75 N N N N 4689 1314 44 -763 -763
1 40000 -436 -243 -3 9 0 0 0 0 -85 95 -29 -204 -63 N N N N 3399 957 45 -542 -542
1 40001 -427 -296 2 -4 0 0 0 0 -144 50 -43 -190 -55 N N N N 2975 838 37 -465 -465
1 39998 -439 -262 -2 -3 0 0 0 0 -132 -19 -40 -152 -50 N N N N 2794 789 34 -428 -428
1 43119 -473 384 22 125 0 1405 0 -2 188 30 0 -217 -59 N N N N 2418 685 39 -368 -368
1 41177 -476 615 -14 -124 0 -1404 0 2 209 -252 121 -191 -58 N N N N 2413 686 38 -361 -361
1 40002 -411 -3495 -1 -1 0 0 0 0 5 -55 -1 -180 -53 N N N N 1627 465 34 -244 -244
1 39999 -430 3446 -2 10 0 0 0 0 -10 83 -2 -167 -50 N N N N -1400 -386 32 194 194
1 39999 -420 -261 -4 -8 0 0 0 0 -65 116 -18 -183 -57 N N N N 2697 767 36 -397 -397
1 40001 -416 -310 0 5 0 0 0 0 -136 86 -42 -169 -52 N N N N 2547 726 35 -369 -369
1 43058 -462 201 16 114 0 1406 0 -2 90 -17 -20 -58 -20 N N N N -5171 -1452 19 731 731
1 43059 -441 472 -9 -107 0 -1405 0 2 119 -236 83 -213 -51 N N N N -8914 -2506 20 1329 1329
1 39999 -403 -176 -7 -4 0 0 0 0 -20 88 -9 -168 -56 N N N N -3285 -919 44 503 503
1 40001 -402 -231 7 0 0 0 0 0 -71 98 -18 -243 -68 N N N N 245 75 39 -47 -47
1 40000 -390 -325 -3 -8 0 0 0 0 -148 74 -44 -241 -73 N N N N 24 14 48 -13 -13
1 40001 -396 -190 -7 1 0 0 0 0 -96 2 -32 -94 -34 N N N N 5968 1693 30 -933 -933
1 43526 -449 358 15 116 0 1403 0 -2 176 -5 3 -210 -60 N N N N -3356 -943 36 508 508
1 41884 -446 573 -10 -120 0 -1405 0 2 161 -267 99 -204 -59 N N N N -3338 -939 41 518 518
1 39999 -407 7 -2 2 0 0 0 0 1 -3 -1 -174 -46 N N N N 6706 1907 32 -1053 -1053
1 40000 -411 -255 -5 3 0 0 0 0 -37 128 -10 -336 -84 N N N N 8817 2510 41 -1315 -1315
1 40000 -417 -237 -3 -5 0 0 0 0 -81 91 -22 -425 -136 N N N N 4490 1301 92 -661 -661
1 40000 -441 -228 11 4 0 0 0 0 -109 51 -34 -120 -45 N N N N 1301 382 41 -193 -193
1 43117 -469 251 11 117 0 1406 0 -2 113 -27 -10 -448 -131 N N N N -6215 -1751 73 858 858
1 43120 -476 421 -13 -117 0 -1403 0 2 112 -217 76 -93 -40 N N N N -6597 -1873 42 967 967
1 39999 -426 -231 3 0 0 0 0 0 -43 113 -11 -114 -25 N N N N 3721 1065 13 -561 -561
1 40001 -447 -303 -7 1 0 0 0 0 -114 106 -34 -311 -92 N N N N 735 222 52 -122 -122
1 39999 -423 -273 3 0 0 0 0 0 -137 33 -43 -128 -47 N N N N -3684 -1044 39 540 540
1 40001 -424 -268 -4 -1 0 0 0 0 -132 -31 -42 -162 -44 N N N N -1904 -539 30 283 283
1 43295 -481 248 16 122 0 1407 0 -2 119 47 -26 -154 -44 N N N N -824 -229 35 119 119
1 42058 -457 707 10 -118 0 -1411 0 2 283 -206 159 -130 -33 N N N N -177 -47 21 22 22
1 40000 -411 60 -22 -3 0 0 0 0 17 -31 -4 -395 -108 N N N N 186 65 61 -43 -43
1 40000 -415 -234 -3 3 0 0 0 0 -54 110 -17 -399 -115 N N N N 1565 462 62 -257 -257
1 40001 -404 -301 8 -7 0 0 0 0 -127 90 -33 -306 -107 N N N N 238 88 92 -59 -59
1 19999 -213 -78 -6 4 0 0 0 0 -38 12 -13 -270 -77 N N N N -329 -88 33 42 42
1 20000 -204 -60 1 -6 0 0 0 0 -29 6 -10 -186 -59 N N N N -969 -271 43 140 140
1 20000 -203 -78 -9 0 0 0 0 0 -39 2 -11 -219 -66 N N N N -515 -140 44 69 69
1 23707 -250 -2 25 123 0 1406 0 -2 -6 17 -67 -162 -51 N N N N -729 -203 40 105 105
1 20412 -220 310 -1 -4 0 0 0 0 153 -30 61 32 11 N N N N 806 237 21 -132 -132
1 21174 -232 333 11 -112 0 -1394 0 2 111 -153 93 -209 -44 N N N N 3129 910 19 -489 -489
1 20001 -205 152 -25 -2 0 0 0 0 34 -76 -2 -349 -97 N N N N 1767 523 52 -282 -282
1 19997 -200 -3492 -3 3 0 0 0 0 6 -55 -3 -137 -52 N N N N -173 -40 41 15 15
1 20001 -203 49 -1 -4 0 0 0 0 -1 -27 -1 -276 -80 N N N N -403 -109 36 52 52
1 20002 -213 62 -2 4 0 0 0 0 -6 -31 -1 -352 -102 N N N N -886 -243 66 119 119
1 19998 -202 -13 6 1 0 0 0 0 1 7 1 -85 -44 N N N N -1127 -319 43 163 163
1 19999 -201 3493 1 -3 0 0 0 0 4 55 4 -42 -23 N N N N -1181 -339 22 178 178
1 20003 -205 -134 -5 -1 0 0 0 0 -7 69 -3 -19 -13 N N N N -861 -249 11 133 133
1 20000 -210 -135 0 4 0 0 0 0 -25 68 -7 -83 -21 N N N N -531 -153 10 81 81
1 19997 -205 -184 -4 -1 0 0 0 0 -58 75 -15 -212 -63 N N N N -579 -163 30 85 85
1 20000 -205 -132 0 -6 0 -1 0 0 -54 41 -16 -293 -78 N N N N -980 -279 37 147 147
1 20001 -215 -73 3 1 0 0 0 0 -35 17 -9 -134 -47 N N N N -968 -274 47 145 145
1 20001 -202 -33 2 4 0 0 0 0 -17 7 -6 -215 -64 N N N N -314 -84 44 41 41
1 20001 -206 -44 0 -3 0 0 0 0 -22 5 -5 117 33 N N N N -321 -92 9 50 50
1 19999 -210 -79 0 1 0 0 0 0 -39 10 -15 -56 -11 N N N N 418 122 2 -68 -68
1 19998 -204 -86 1 1 0 0 0 0 -45 2 -13 -68 5 N N N N 432 127 3 -71 -71
1 20001 -220 -108 -6 -1 0 0 0 0 -54 -6 -17 -395 -101 N N N N 475 146 39 -86 -86
1 19999 -204 -128 2 2 0 0 0 0 -63 -21 -20 -903 -250 N N N N -340 -77 119 28 28
1 20003 -215 -97 -1 -1 0 0 0 0 -43 -24 -13 -251 -105 N N N N -951 -262 101 132 132
1 24294 -256 73 19 122 0 1422 0 -2 29 26 -51 -278 -85 N N N N -1669 -479 77 258 258
1 20000 -229 334 5 -1 0 0 0 0 165 42 49 -239 -72 N N N N -2315 -675 55 378 378
1 20000 -230 338 1 -10 0 0 0 0 159 -57 69 -312 -98 N N N N -1301 -375 63 209 209
1 21294 -228 320 -3 -113 0 -1441 0 2 90 -168 77 35 8 N N N N -1002 -291 37 165 165
1 20001 -213 138 -20 1 0 0 0 0 19 -71 -6 -538 -121 N N N N -945 -274 50 155 155
1 20000 -217 -6 2 -2 0 0 0 0 1 3 0 -395 -119 N N N N -811 -230 81 128 128
1 20000 -192 -98 6 -2 0 0 0 0 -10 50 1 -232 -60 N N N N -487 -139 52 76 76
1 20001 -203 -155 -1 6 0 0 0 0 -30 77 -8 -380 -95 N N N N 106 40 69 -31 -31
1 20001 -194 -190 -7 0 0 0 0 0 -62 76 -20 -222 -72 N N N N 619 192 69 -123 -123
1 19997 -197 -130 1 -7 0 0 0 0 -55 37 -14 -153 -53 N N N N 706 217 48 -134 -134
1 20002 -185 -92 -1 9 0 0 0 0 -44 21 -18 -636 -139 N N N N 538 168 54 -105 -105
1 19999 -182 -174 1 -8 0 0 0 0 -89 13 -22 -857 -208 N N N N 1617 508 177 -319 -319
1 20001 -181 -128 -2 -2 0 0 0 0 -65 -5 -20 -450 -146 N N N N 1948 598 91 -358 -358
1 18697 -170 -29 -7 0 1 1 -40 -4 -14 -3 -3 -705 -191 N N N N 1285 407 125 -248 -248
1 23594 -221 152 23 125 -1 1421 -33 2 74 26 -45 -593 -170 N N N N 2924 906 143 -529 -529
1 20001 -189 335 3 -3 0 0 0 0 161 -40 66 -757 -162 N N N N 4245 1315 141 -739 -739
1 18705 -169 339 9 -109 0 -1402 -17 -2 104 -163 88 -1413 -260 N N N N 3415 1078 176 -598 -598
1 21767 -196 -3249 -25 7 0 -2 -57 4 21 -178 -9 -2144 -609 N N N N 4482 1472 404 -822 -822
1 19999 -171 56 -20 -9 0 0 0 0 -3 -31 -12 -1412 -475 N N N N 7694 2481 364 -1283 -1283
1 20000 -175 -183 2 -9 0 0 0 0 19 91 7 -2079 -551 N N N N 6087 2009 340 -1000 -1000
1 20001 -169 3534 2 4 0 0 0 0 -2 36 2 -2044 -605 N N N N 6249 2155 504 -1055 -1055
1 19999 -176 42 0 1 0 0 0 0 1 -22 0 -1207 -421 N N N N 7257 2436 320 -1096 -1096
1 20000 -163 8 1 -3 0 0 0 0 -1 -5 0 -531 -243 N N N N 6737 2271 259 -967 -967
1 19999 -189 -3516 -4 6 0 0 0 0 -2 -42 -4 -1170 -370 N N N N 5880 1955 139 -782 -782
1 20001 -183 13 0 -4 0 0 0 0 0 -8 -1 -1031 -311 N N N N 7850 2697 303 -1052 -1052
1 20000 -196 -9 4 7 0 0 0 0 -1 7 3 -520 -185 N N N N 6869 2342 195 -856 -856
1 20000 -184 14 4 4 0 0 0 0 -4 -6 3 -326 -84 N N N N 5740 1945 126 -675 -675
1 18700 -187 3476 -3 -8 0 1 -46 -3 6 62 1 -1735 -372 N N N N 7229 2475 171 -825 -825
1 25772 -243 -376 1 -129 0 -1404 -8 1 -71 137 20 -1249 -420 N N N N 12048 4232 370 -1343 -1343
1 19145 -180 -244 15 153 1 1425 6 -2 -105 125 -76 -2161 -495 N N N N 6924 2474 229 -743 -743
1 24089 -201 -88 -10 -13 -1 -1 -47 4 -41 12 -7 -2278 -697 N N N N 9902 3811 577 -1133 -1133
1 20001 -182 -126 -14 -3 0 0 0 0 -62 10 -17 -1973 -612 N N N N 9231 3563 476 -985 -985
1 19999 -174 -264 2 -6 0 0 0 0 -134 -24 -35 -2645 -811 N N N N 8741 3509 523 -929 -929
1 19998 -172 -20 3 5 0 0 0 0 -10 -4 -5 -5581 -1471 N N N N 9176 4027 789 -1048 -1048
1 20002 -177 -97 -2 -7 0 0 0 0 -43 -25 -9 -2361 -1130 N N N N 6095 3371 1063 -918 -918
1 20002 -169 -11 -3 3 0 0 0 0 -5 -3 0 -1124 -623 N N N N 5418 2759 686 -681 -681
1 19998 -198 21 -7 -1 0 0 0 0 10 6 3 -476 -329 N N N N 3750 1671 259 -367 -367
1 19998 -190 -37 -10 1 0 0 0 0 -15 -10 0 -1451 -505 N N N N 1780 1003 284 -243 -243
1 20002 -164 124 17 5 0 0 0 0 53 33 7 -1956 -592 N N N N 640 936 552 -285 -285
1 20000 -164 20 3 0 0 0 0 0 9 4 2 -96 -148 N N N N 1062 634 190 -152 -152
1 18708 -139 -58 6 0 1 2 -41 -4 -27 -13 -11 -1004 -151 N N N N 993 510 112 -113 -113
1 16694 -100 -58 9 134 -1 1366 -55 2 -27 -10 -67 -1526 -491 N N N N 533 547 270 -151 -151
1 21128 -145 -32 -28 -19 0 0 0 0 -11 -8 17 -3474 -1208 N N N N 1807 1613 719 -424 -424
1 20351 -158 180 7 5 0 0 0 0 81 47 7 -3948 -1063 N N N N 1308 1340 640 -354 -354
1 20294 -153 472 12 8 0 0 0 0 237 1 64 -3899 -598 N N N N 6228 3966 1161 -866 -866
1 20202 -108 137 7 -159 -1 -1409 0 -2 59 -74 91 -1380 -442 N N N N 7878 4169 771 -774 -774
1 18917 -90 -83 -21 26 1 -1 -85 0 -30 33 -23 -270 -451 N N N N 7377 3564 439 -587 -587
1 20025 -103 76 -9 -2 1 1 -95 0 35 -24 6 -362 -465 N N N N 6713 3078 266 -463 -463
1 19936 -119 190 -9 4 -1 2 -70 2 68 -74 10 -150 -328 N N N N 6923 3063 188 -428 -428
1 21276 -139 172 -5 -4 0 -4 -5 2 35 -85 5 -59 -145 N N N N 4358 1937 117 -262 -262
1 19999 -149 -3422 -12 1 0 0 0 0 10 -93 -6 -9 -80 N N N N 3602 1519 44 -191 -191
1 20000 -116 134 3 9 0 0 0 0 -17 -66 -1 -4 -24 N N N N 2340 1001 36 -126 -126
1 20002 -148 124 19 -9 0 0 0 0 -35 -61 -2 11 -20 N N N N 1546 627 4 -74 -74
1 19998 -136 90 -21 -2 0 0 0 0 -23 -39 -15 4 -8 N N N N 848 364 13 -45 -45
1 20000 -130 48 3 6 0 0 0 0 -19 -16 0 -9 -12 N N N N 776 322 6 -39 -39
1 10002 -77 -60 2 4 0 0 0 0 22 24 5 3 -1 N N N N 257 91 -7 -9 -9
1 10000 -65 -48 -1 -4 0 0 0 0 16 19 3 -26 -7 N N N N 167 88 12 -12 -12
1 9998 -59 -63 1 -1 0 0 0 0 17 28 5 0 -2 N N N N 81 35 1 -5 -5
1 10002 -81 -74 -1 -3 0 0 0 0 18 34 1 3 -1 N N N N 404 176 8 -21 -21
1 9998 -62 -61 0 5 0 0 0 0 10 32 4 -3 1 N N N N 360 148 2 -18 -18
1 10002 -76 -66 -6 -4 0 0 0 0 9 33 0 -1 -3 N N N N 207 91 5 -11 -11
1 12570 -85 -45 35 2 113 1 -3 -4 -9 24 17 0 0 N N N N 248 114 8 -15 -15
1 8129 -70 -28 47 -4 0 0 -29 0 -16 13 20 4 0 N N N N 415 98 -40 -4 -4
1 9985 -96 3575 -8 10 1 0 -41 0 3 17 -4 0 0 N N N N -144 -5 30 -5 -5
1 8166 -73 -29 12 -3 -1 0 -35 0 -6 14 7 2 0 N N N N 104 56 9 -7 -7
1 9936 -110 -36 -13 -2 0 -1 -41 0 2 18 -6 2 3 N N N N 363 158 7 -20 -20
1 9920 -107 -30 -3 -8 1 1 -46 0 0 13 -3 -2 -1 N N N N 215 83 -2 -9 -9
1 10056 -116 -32 -11 6 0 0 -43 0 -1 18 -5 0 0 N N N N 134 61 4 -8 -8
1 12516 -154 -71 24 -146 9 -1371 -30 2 -20 -18 26 3 2 N N N N 139 13 -25 3 3
1 10780 -149 -114 -1 20 0 0 0 0 -27 61 1 13 4 N N N N 107 85 24 -14 -14
1 10000 -129 -150 -9 7 0 0 0 0 -48 64 -10 -4 1 N N N N 184 79 4 -9 -9
1 11730 -167 -200 -3 29 1 197 0 -1 -91 64 -26 -4 -3 N N N N 39 7 -6 0 0
1 10740 -130 -146 -27 97 -48 1188 -1 3 -66 46 -69 2 2 N N N N 30 17 3 -3 -3
1 9998 -127 -138 -11 -3 0 0 0 0 -70 -2 -16 -1 2 N N N N 140 60 2 -7 -7
1 10000 -123 -72 8 3 0 0 0 0 -38 -6 -15 2 2 N N N N -50 -19 1 2 2
1 10000 -117 -52 -12 -8 0 0 0 0 -24 -10 0 -3 -1 N N N N 339 142 3 -16 -16
1 10000 -109 -56 9 -1 0 0 0 0 -28 -10 -10 0 0 N N N N 82 32 -1 -4 -4
1 10000 -124 -48 -7 8 0 0 0 0 -21 -11 -7 3 1 N N N N 67 27 1 -3 -3
1 10000 -111 -38 0 -10 0 0 0 0 -17 -12 2 -2 0 N N N N -41 -15 1 1 1
1 10000 -119 -35 -3 5 0 0 0 0 -14 -10 -6 -1 0 N N N N 166 69 1 -8 -8
1 10000 -122 -44 3 -4 0 0 0 0 -18 -14 -3 0 1 N N N N 209 92 4 -11 -11
1 10001 -110 -56 -13 3 0 0 0 0 -20 -19 -2 -1 0 N N N N 63 22 -1 -2 -2
1 10000 -91 -65 -8 2 0 0 0 0 -21 -25 -5 -2 1 N N N N 100 43 1 -5 -5
1 10000 -113 -122 20 2 0 0 0 0 -34 -53 -16 -2 -1 N N N N -14 2 4 -1 -1
1 10000 -89 -92 17 -4 0 0 0 0 -16 -44 -12 1 2 N N N N 169 63 -2 -7 -7
1 10000 -114 -108 12 4 0 0 0 0 -11 -53 -13 -1 -1 N N N N 204 87 2 -10 -10
1 10000 -115 -42 -32 -3 0 0 0 0 -1 -21 11 3 1 N N N N 81 38 3 -5 -5
1 10000 -100 -41 7 3 0 0 0 0 1 -21 5 -4 0 N N N N 57 13 -5 0 0
1 10000 -94 -126 3 -6 0 0 0 0 10 -63 -2 -5 -2 N N N N -26 -5 3 0 0
1 10000 -94 -108 12 -2 0 0 0 0 20 -50 0 -4 4 N N N N -93 -32 3 3 3
1 15440 -171 -104 -15 147 0 1394 0 -2 29 -30 57 7 -1 N N N N 399 168 4 -20 -20
1 10796 -110 54 14 -31 0 0 0 0 -16 18 -20 -1 0 N N N N 18 -13 -12 4 4
1 10353 -120 168 0 -9 0 0 0 0 -35 72 -28 2 3 N N N N -47 -9 6 0 0
1 10000 -110 187 3 3 0 0 0 0 -9 90 -31 0 -2 N N N N 174 72 1 -9 -9
1 10351 -138 181 17 -6 0 0 0 0 20 89 -3 5 2 N N N N 252 99 -1 -11 -11
1 10001 -119 196 7 15 0 0 0 0 51 84 1 -1 1 N N N N 45 -3 -12 3 3
1 10471 -132 171 11 -14 0 0 0 0 65 60 0 -1 1 N N N N 27 26 8 -5 -5
1 10000 -135 128 -22 3 0 0 0 0 63 34 10 7 3 N N N N 251 101 1 -11 -11
1 11118 -140 203 5 26 0 0 0 0 91 20 48 -2 3 N N N N 93 40 1 -5 -5
1 10000 -133 69 56 -19 0 0 0 0 37 5 -12 -13 -6 N N N N -25 -5 3 0 0
