version: 66.14
glider: 195
mission: 21
dive: 239
start: 6 4 105 3 17 42
columns: rec,elaps_tms,depth,heading,pitch,roll,AD_pitch,AD_roll,AD_vbd,GC_phase,mag.x,mag.y,mag.z,sbect.TempFreq,sbect.CondFreq,wlbb2fl.sig470nm,wlbb2fl.sig700nm,wlbb2fl.sig695nm,wlbb2fl.temp,aa4330.O2,aa4330.AirSat,aa4330.Temp,aa4330.CalPhase,aa4330.TCPhase,
data:
0 16728 58 1007 -582 62 154 2204 1270 6 20 -336 84 171337 134877 48 107 82 531 248578 97927 25871 29167 30573
1 9983 5 111 -41 -159 0 0 0 0 -3 -10 -27 -107 0 N N N N 402 39 -66 8 8
1 10017 2 -462 63 244 0 0 0 0 98 12 -84 100 -1 46 102 83 531 392 58 -54 3 3
1 9983 -3 -105 -61 12 0 0 0 0 17 12 -54 10 1 N N N N 289 -107 -123 34 34
1 10016 2 218 -33 -103 0 0 0 0 -44 -23 47 -195 -3 46 97 81 531 795 150 -90 0 0
1 9987 4 2 48 -14 0 0 0 0 -1 0 1 36 0 N N N N -296 -205 -50 32 32
1 8695 3 115 -32 -149 -2 2 11 -4 -22 -4 -26 41 -6 45 101 83 531 128 -64 -63 19 19
1 10076 0 167 -18 -43 0 -1 266 0 -35 -8 53 -159 -9 N N N N -250 -27 39 -4 -4
1 9960 33 -175 -37 187 0 1 249 0 34 8 8 180 -10 46 140 81 530 -4921 808 1549 -370 -370
1 9983 39 77 10 -156 0 -1 271 0 -10 -4 -41 -229 -1 N N N N -177 188 146 -47 -47
1 9960 31 -53 -74 177 0 -1 275 0 6 5 54 136 -4 43 96 81 530 96 276 134 -54 -54
1 10035 46 7 10 -30 0 1 270 0 2 -1 -10 59 -18 N N N N -201 70 86 -23 -23
1 15096 182 9 20 -35 771 1 156 -1 -1 -2 -11 -246 -11 46 97 80 530 476 241 26 -31 -31
1 10396 174 -39 449 9 1734 0 142 1 -29 2 43 7 0 N N N N -284 -61 31 1 1
1 8626 93 -35 71 10 1 1 349 0 7 1 1 39 10 44 97 84 530 10 25 12 -4 -4
1 17761 263 -89 -7 127 -9 1412 147 2 45 25 40 4 -3 N N N N 150 73 7 -10 -10
1 10016 150 -77 25 -2 0 0 0 0 37 11 -9 15 5 45 95 86 530 -86 -39 -3 5 5
1 11102 168 -140 -22 -24 0 0 0 0 64 24 -46 21 7 N N N N -63 -28 -1 3 3
1 10016 164 -96 9 19 0 0 0 0 38 32 -9 10 2 45 96 86 530 -47 -27 -4 4 4
1 11100 170 -127 -7 0 0 0 0 0 42 48 -24 30 8 N N N N 171 61 -5 -6 -6
1 10017 151 -107 -3 -4 0 0 0 0 24 45 -27 19 3 43 93 86 530 -86 -41 -4 5 5
1 11278 179 -93 -3 6 0 0 0 0 14 43 -19 19 8 N N N N 65 16 -5 0 0
1 10016 154 -93 12 4 0 0 0 0 7 49 -4 17 2 44 95 86 530 -35 -19 -3 2 2
1 10984 171 3485 -1 3 0 0 0 0 -4 58 -16 33 14 N N N N -50 -37 -9 6 6
1 10014 155 -101 -4 -1 0 0 0 0 -13 51 -10 13 3 43 97 88 530 96 32 -4 -3 -3
1 10926 173 -102 0 -6 0 0 0 0 -22 50 -4 26 9 N N N N -45 -30 -7 4 4
1 10016 156 -116 2 11 0 0 0 0 -35 50 2 55 19 44 95 92 529 62 5 -11 2 2
1 11277 195 -93 4 -5 0 0 0 0 -36 36 4 101 33 N N N N -76 -58 -16 9 9
1 9943 145 -115 -1 -21 0 -223 4 0 -50 37 18 8 4 44 95 94 530 52 -12 -19 5 5
1 10761 168 -74 27 -112 59 -1213 -1 2 -36 16 70 4 2 N N N N -7 -16 -7 3 3
1 10844 148 -54 5 2 0 0 0 0 -27 9 9 1 1 43 95 98 529 -22 -15 -3 2 2
1 9985 123 -31 4 -1 0 0 0 0 -17 3 5 1 -2 N N N N -110 -48 -2 6 6
1 10015 134 -40 -1 3 0 0 0 0 -20 4 6 0 -1 45 95 99 529 -17 -8 -1 0 0
1 9985 124 -33 0 -2 0 0 0 0 -17 1 6 9 4 N N N N -11 -7 -1 2 2
1 10015 135 -26 0 -3 0 0 0 0 -14 1 4 6 0 45 95 103 529 -167 -71 -2 8 8
1 9985 137 -33 1 2 0 0 0 0 -17 0 5 6 1 N N N N -87 -38 -2 4 4
1 10015 126 -32 -2 0 0 0 0 0 -16 -1 6 4 2 43 98 105 529 -27 -14 -2 2 2
1 9984 119 -34 1 -1 0 0 0 0 -19 -2 3 4 1 N N N N -152 -64 -1 7 7
1 10016 135 -37 1 1 0 0 0 0 -19 -3 6 3 -1 44 101 107 529 -52 -22 -1 3 3
1 9984 118 -44 1 1 0 0 0 0 -22 -6 7 10 2 N N N N 41 13 -1 -2 -2
1 10016 125 -48 2 0 0 0 0 0 -24 -8 6 11 2 44 97 108 529 -208 -87 -2 10 10
1 9985 127 -61 -4 -3 0 0 0 0 -29 -13 10 17 3 N N N N -179 -76 -2 9 9
1 10015 130 -59 -1 4 0 0 0 0 -26 -15 6 5 1 43 96 110 529 -176 -78 -4 9 9
1 9985 113 -48 2 -4 0 0 0 0 -22 -14 6 13 5 N N N N 45 13 -3 -1 -1
1 20014 244 -94 0 4 0 0 0 0 -35 -32 12 41 13 45 95 109 529 -70 -45 -10 7 7
1 19986 246 -63 -1 -1 0 0 0 0 -20 -25 8 30 8 N N N N -347 -160 -10 19 19
1 20015 236 -18 2 -1 0 0 0 0 -6 -8 1 32 12 45 93 111 529 -299 -136 -9 17 17
1 19984 226 -8 3 1 0 0 0 0 -4 -3 -1 15 5 N N N N -323 -149 -11 18 18
1 20016 253 1 -2 -4 0 0 0 0 1 -1 1 26 8 44 92 100 529 -272 -119 -5 14 14
1 19985 235 -13 -2 5 0 0 0 0 -3 -4 1 5 4 N N N N -184 -85 -6 11 11
1 20015 255 4 1 -4 0 0 0 0 0 1 -1 53 19 44 90 97 529 -208 -92 -5 11 11
1 19984 263 -10 -2 -1 0 0 0 0 -2 -5 2 40 13 N N N N -236 -125 -16 16 16
1 26483 368 77 5 -119 0 -1336 0 -2 23 -1 30 50 16 41 86 84 529 -564 -249 -12 30 30
1 20458 261 309 13 -2 0 0 0 0 129 95 -19 926 265 N N N N -1045 -695 -158 106 106
1 20016 256 322 -6 2 0 0 0 0 168 20 -44 57 32 42 80 77 529 -2868 -1348 -112 173 173
1 20452 265 327 2 0 0 0 0 0 150 -71 -55 68 21 N N N N -1573 -697 -38 87 87
1 24015 289 381 -13 124 -6 1379 1 2 84 -171 -69 693 185 42 77 74 529 -911 -421 -32 54 54
1 19987 240 -3515 2 -1 0 0 0 0 1 -45 1 1463 465 N N N N -1879 -1265 -304 204 204
1 20016 239 150 2 -1 0 0 0 0 -15 -77 7 454 181 40 78 70 529 -2838 -1643 -307 253 253
1 19982 235 46 4 -1 0 0 0 0 -9 -23 4 630 184 N N N N -2952 -1370 -121 190 190
1 20017 201 -119 0 2 0 0 0 0 19 60 -6 1753 495 38 76 64 529 -4863 -2437 -319 366 366
1 19983 198 55 1 -2 0 0 0 0 -7 -28 3 1299 432 N N N N -6235 -3224 -495 516 516
1 20016 172 128 0 2 0 0 0 0 -26 -62 10 851 293 41 76 64 529 -5017 -2361 -266 373 372
1 19984 170 -29 4 -4 0 0 0 0 7 13 -3 1323 418 N N N N -3446 -1744 -272 299 300
1 20016 168 -14 3 1 0 0 0 0 3 7 1 858 306 39 72 58 528 639 -279 -353 109 109
1 19985 168 36 -1 3 0 0 0 0 -9 -17 3 111 80 N N N N 797 24 -189 33 33
1 20016 173 68 0 -2 0 0 0 0 -19 -30 6 291 97 37 71 56 528 1120 287 -94 -22 -22
1 19985 172 -14 0 -5 0 0 0 0 4 6 -2 113 16 N N N N 2082 680 -76 -82 -82
1 20016 151 -113 1 4 0 0 0 0 29 52 -9 300 46 38 75 54 529 3154 1125 -50 -148 -148
1 19982 166 -177 -3 -1 0 0 0 0 23 90 -7 719 133 N N N N 4299 1476 -104 -183 -184
1 20016 172 3464 4 0 0 0 0 0 -3 72 1 135 45 39 69 47 529 4920 1627 -151 -190 -189
1 19984 170 -74 1 2 0 0 0 0 -9 38 2 39 13 N N N N 2233 771 -47 -93 -94
1 23313 226 -138 -5 123 -10 1393 0 -2 -30 64 -28 63 31 39 68 45 529 1077 351 -35 -39 -38
1 20866 209 -202 3 3 0 0 0 0 -71 81 1 278 92 N N N N 443 77 -56 0 0
1 22252 221 -232 21 -126 35 -1428 0 2 -111 55 80 110 58 37 70 47 529 8 -100 -63 26 26
1 19985 159 -154 -3 -7 0 0 0 0 -81 10 22 94 40 N N N N -213 -115 -21 19 18
1 20016 181 -82 4 11 0 0 0 0 -44 -1 5 8 3 38 69 44 529 -130 -69 -13 12 12
1 19984 188 -35 -4 -5 0 0 0 0 -18 -4 6 56 20 N N N N -170 -84 -12 13 14
1 20016 192 2 3 0 0 0 0 0 1 0 1 513 170 39 68 46 529 -132 -98 -30 19 19
1 19983 188 -216 1 -2 0 0 0 0 -106 -42 24 857 285 N N N N -729 -526 -155 100 100
1 20017 179 -232 -2 -4 0 0 0 0 -87 -84 22 800 246 40 72 45 529 -2823 -1434 -233 239 239
1 19982 165 -114 2 4 0 0 0 0 -30 -50 5 480 182 N N N N -4250 -1873 -180 294 294
1 20017 165 -3 -1 0 0 0 0 0 0 -2 0 545 161 39 70 47 529 -3556 -1518 -124 240 240
1 19984 151 81 3 -1 0 0 0 0 19 37 -5 525 199 N N N N -5502 -2338 -193 378 378
1 20015 163 72 2 3 0 0 0 0 21 31 -6 625 220 40 70 49 529 -5943 -2381 -122 383 383
1 19986 132 102 -1 1 0 0 0 0 37 39 -9 634 230 N N N N -5535 -2280 -164 389 389
1 20016 125 143 0 -2 0 0 0 0 62 41 -13 666 236 38 70 44 529 -5326 -2187 -161 386 386
1 19983 115 67 2 3 0 0 0 0 32 15 -9 551 170 N N N N -4352 -1795 -145 329 329
1 20016 100 204 -1 5 0 0 0 0 106 21 -26 1175 381 38 69 47 529 -2891 -1348 -218 275 275
1 19983 106 257 -2 -12 0 0 0 0 134 -27 -24 1383 379 N N N N -3262 -1568 -290 335 335
1 20017 99 142 4 4 0 -1 1 0 65 -39 -13 661 238 38 69 46 529 -2392 -1217 -272 274 274
1 19986 93 49 11 -2 0 0 0 0 19 -17 1 818 261 N N N N -2200 -1080 -224 244 244
1 20013 105 49 0 -3 0 0 0 0 18 -19 -2 545 190 39 71 47 530 -2829 -1253 -191 273 273
1 19985 93 -17 2 1 0 0 0 0 -6 7 2 631 203 N N N N -2668 -1145 -155 250 250
1 20017 104 -46 1 -1 0 0 0 0 -18 17 3 436 149 38 72 46 530 -2521 -1041 -116 225 225
1 19983 116 -124 -2 -1 0 0 0 0 -54 38 9 211 96 N N N N -1603 -746 -146 177 177
1 20017 113 -92 1 -3 0 0 0 0 -45 20 11 313 113 38 71 46 530 -2386 -923 -65 197 197
1 19983 134 -25 5 4 0 0 0 0 -13 5 1 673 183 N N N N -2595 -1053 -114 237 237
1 20016 121 97 10 -1 0 0 0 0 47 -20 -6 1734 441 37 82 45 530 -2928 -1266 -202 303 303
1 19985 127 257 -14 7 0 0 0 0 106 -87 -24 1916 618 N N N N -4501 -2069 -436 532 532
1 20015 121 245 -3 0 0 0 0 0 53 -117 -10 1216 440 39 71 46 530 -6447 -2662 -388 670 670
1 19984 128 -3476 -4 1 0 0 0 0 6 -65 -2 270 156 N N N N -4885 -1952 -251 503 503
1 20015 108 118 6 -2 0 0 0 0 -9 -62 4 1544 504 37 69 48 530 -2602 -1011 -113 262 262
1 19986 106 97 -4 1 0 0 0 0 -16 -48 5 561 235 N N N N -2719 -1191 -260 343 343
1 20015 126 161 5 -1 0 0 0 0 -47 -72 10 1135 398 40 69 44 531 -4207 -1661 -231 459 459
1 25160 136 161 -7 124 -9 1422 2 -2 -63 -41 62 1965 598 N N N N -5305 -2242 -476 676 676
1 20369 122 -108 6 0 0 0 0 0 44 34 -15 1371 401 40 69 43 531 -4119 -1615 -253 482 482
1 20984 126 -222 8 2 0 0 0 0 67 92 -30 3300 941 N N N N -3278 -1518 -487 519 519
1 20369 129 3377 -3 -1 0 0 0 0 24 111 -29 1257 498 39 69 45 531 -4119 -1850 -580 646 646
1 21453 123 -176 1 1 0 0 0 0 -15 89 -21 4598 1257 N N N N -3818 -1662 -510 592 592
1 20369 100 -88 -4 -2 0 0 0 0 -18 42 -8 1727 536 37 68 42 531 -2333 -1287 -677 530 530
1 21456 108 -99 0 -2 0 0 0 0 -29 44 -4 543 329 N N N N -1515 -804 -415 333 333
1 19752 82 -69 2 0 0 0 0 0 -25 28 -1 614 213 38 68 46 532 -1573 -623 -163 227 227
1 21131 105 -76 -3 0 0 0 0 0 -30 27 -1 803 293 N N N N -1042 -474 -193 189 189
1 21664 100 -86 -1 -125 -1 -1397 0 2 -39 21 57 585 339 36 72 41 532 -497 -286 -174 126 126
1 19981 71 -90 8 1 0 0 0 0 -45 20 10 2604 548 N N N N -466 -289 -192 132 132
1 20017 95 -87 -1 -1 0 0 0 0 -45 12 9 500 255 37 71 45 532 -970 -513 -287 224 224
1 19983 63 -100 2 -3 0 0 0 0 -54 6 9 1076 265 N N N N -980 -443 -191 182 182
1 20018 84 -151 4 2 0 0 0 0 -81 -8 14 1317 324 37 69 41 532 -833 -416 -220 181 181
1 19983 76 -86 1 2 0 0 0 0 -44 -14 8 964 262 N N N N -1607 -724 -324 303 303
1 20016 60 -61 2 -2 0 0 0 0 -30 -13 5 468 325 39 69 44 533 -2361 -862 -204 328 328
1 19985 75 1 -1 1 0 0 0 0 0 1 -1 677 225 N N N N -2262 -778 -133 288 288
1 20016 72 39 -4 2 0 0 0 0 20 8 -3 447 194 41 67 44 533 -1978 -679 -119 255 255
1 19983 81 0 -2 -3 0 0 0 0 0 0 1 800 210 N N N N -1537 -549 -131 216 216
1 20016 45 -93 1 1 0 0 0 0 -44 -22 7 559 188 37 70 42 534 -903 -329 -88 132 132
1 19985 76 -146 -2 1 0 0 0 0 -59 -49 12 24 79 N N N N -1062 -385 -103 156 156
1 20015 67 -128 7 -3 0 0 0 0 -42 -53 6 194 123 38 66 43 534 -1608 -559 -122 222 222
1 19984 75 -120 -3 0 0 0 0 0 -25 -57 5 425 90 N N N N -2084 -675 -84 258 258
1 20016 77 -125 0 2 0 0 0 0 -14 -62 4 244 85 35 69 41 534 -1588 -506 -52 193 193
1 19984 93 -116 4 0 0 0 0 0 -1 -59 -2 150 59 N N N N -1122 -377 -72 151 151
1 26193 128 -80 -82 -117 -108 -1356 1 -2 29 -73 18 325 96 38 67 44 535 -499 -210 -104 98 98
1 20452 127 61 -8 3 0 0 0 0 -4 30 10 49 79 N N N N -243 -46 46 8 8
1 20017 128 142 0 -4 0 0 0 0 -1 70 16 1349 222 39 68 43 535 87 -20 -78 23 23
1 20456 126 124 3 0 0 0 0 0 14 62 8 622 217 N N N N -181 -155 -174 92 92
1 20665 116 75 -7 5 0 0 0 0 17 37 3 482 188 37 69 40 535 -321 -157 -106 79 79
1 20454 132 76 4 -3 0 0 0 0 18 34 0 454 156 N N N N 461 55 -140 8 8
1 20014 136 95 1 0 0 0 0 0 30 40 -2 290 125 37 72 41 536 994 234 -98 -67 -67
1 20868 136 110 -1 0 0 0 0 0 43 40 -6 45 44 N N N N 1427 378 -69 -123 -123
1 20015 143 118 -1 0 0 0 0 0 53 33 -12 19 20 38 69 39 536 816 212 -43 -69 -69
1 20925 150 131 4 -1 0 0 0 0 64 24 -15 110 27 N N N N 233 44 -40 -7 -7
1 20017 125 68 -2 2 0 0 0 0 35 8 -10 377 97 37 69 42 537 -758 -240 -31 93 93
1 20863 148 44 -3 0 0 0 0 0 23 2 -8 298 82 N N N N -100 -40 -18 18 18
1 20016 120 88 5 -2 0 0 0 0 45 0 -14 213 75 39 67 42 537 466 95 -68 -21 -21
1 20869 115 113 1 2 0 0 0 0 57 -10 -21 184 40 N N N N 302 30 -95 8 8
1 20017 115 82 -1 -2 0 0 0 0 39 -14 -16 -3 17 39 69 41 537 51 -3 -29 7 7
1 21978 116 62 66 125 83 1365 0 2 24 -5 -42 66 24 N N N N 340 106 12 -40 -40
1 80827 244 -53 1 -6 0 0 0 0 -25 14 6 47 11 N N N N -118 -17 28 0 0
1 80000 261 -304 -2 -1 0 0 0 0 -157 37 31 -91 -65 N N N N -7217 -2137 -66 802 802
1 80000 346 -115 6 -1 0 0 0 0 -62 -8 12 147 -1 N N N N -9303 -2709 -7 1053 1053
1 79999 374 210 -5 2 0 0 0 0 113 5 -22 366 96 N N N N -9936 -2928 -95 1227 1227
1 88061 465 426 -2 1 -5 6 -1 0 196 -106 -38 888 258 N N N N -2015 -680 -230 332 332
1 80000 399 -289 0 5 0 0 0 0 -124 89 23 670 193 N N N N 1618 434 -76 -172 -172
1 80013 372 -105 2 -3 0 0 0 0 -55 15 11 341 108 35 69 43 544 4083 1138 -84 -465 -465
1 79987 348 -124 -1 0 0 0 0 0 -66 6 13 402 118 N N N N 915 199 -139 -57 -57
1 80001 341 -192 0 -1 0 0 0 0 -101 -19 20 45 15 N N N N 415 109 -21 -42 -42
1 84410 405 455 -3 -116 0 -1372 0 -2 239 -25 6 549 129 N N N N 2874 755 -141 -282 -282
1 82178 417 407 1 117 -8 1363 0 2 151 -134 -81 -116 -22 N N N N -2461 -694 19 280 280
1 80000 410 143 -1 0 0 0 0 0 23 -72 -4 207 50 N N N N -3363 -966 -13 405 405
1 80000 395 -27 -1 -1 0 0 0 0 -3 14 1 316 87 N N N N 918 230 -72 -84 -84
1 80000 380 -31 3 -2 0 0 0 0 -4 16 1 359 100 N N N N 1301 342 -64 -131 -131
1 80014 351 -81 -2 0 0 0 0 0 -15 40 2 40 17 40 71 43 548 722 187 -40 -70 -70
1 86867 427 -483 -7 2 -10 9 -4 0 -188 165 34 142 39 N N N N -3058 -893 -52 382 382
1 80000 395 -140 5 2 0 0 0 0 -74 15 15 335 86 N N N N -1098 -324 -29 142 142
1 80000 422 -193 -3 -1 0 0 0 0 -102 -10 22 129 42 N N N N 613 160 -33 -61 -61
1 80000 449 -251 1 0 0 0 0 0 -118 -61 25 321 97 N N N N 1192 306 -70 -117 -117
1 80000 428 -221 0 2 0 0 0 0 -75 -87 16 345 92 N N N N -62 -39 -48 25 25
1 84354 492 475 -1 -121 0 -1386 -2 -2 195 123 17 140 43 N N N N -131 -68 -70 42 42
1 83646 476 748 -2 122 -7 1374 -1 2 347 -114 -130 408 115 N N N N -1279 -388 -64 175 175
1 80015 468 -27 -5 -2 0 0 0 0 -8 12 0 147 52 35 72 43 551 150 31 -27 -8 -8
1 79984 479 -162 1 -1 0 0 0 0 -57 64 12 76 25 N N N N 2036 563 -22 -233 -233
1 80000 467 -99 3 1 0 0 0 0 -44 31 8 67 17 N N N N 1369 380 -11 -156 -156
1 80000 486 -46 1 2 0 0 0 0 -22 11 3 188 53 N N N N -66 -34 -33 20 20
1 80001 475 -91 -1 -3 -1 0 -2 0 -45 18 11 183 50 N N N N -383 -121 -30 56 56
1 80000 464 -187 -1 2 0 0 0 0 -99 13 22 102 34 N N N N -593 -181 -33 81 81
1 80000 470 -251 2 -3 0 0 0 0 -130 -31 28 216 60 N N N N -1466 -427 -33 185 185
1 80000 487 -194 -1 4 0 0 0 0 -83 -58 19 280 76 N N N N -1459 -425 -37 186 186
1 86192 553 496 -7 -118 0 -1371 -3 -2 242 67 7 174 58 39 73 43 553 -1232 -375 -71 173 173
1 85926 529 531 24 118 21 1373 -1 2 237 -113 -102 355 100 N N N N -3081 -885 -56 392 392
1 80001 447 -196 -1 0 0 0 0 0 -73 75 12 172 57 N N N N 823 214 -39 -86 -86
1 79999 448 -87 1 -2 0 0 0 0 -40 24 7 239 65 N N N N 246 57 -30 -20 -20
1 80002 443 6 -3 -1 0 0 0 0 3 -1 -1 112 36 N N N N -958 -282 -36 129 129
1 79999 445 -128 1 0 0 0 0 0 -64 25 13 109 32 N N N N -227 -71 -20 35 35
1 89177 506 418 -3 3 -5 6 -3 0 177 -129 -34 316 96 N N N N 6906 1895 -63 -800 -800
1 80000 476 -129 -1 -3 0 0 0 0 -43 53 8 229 73 N N N N 5539 1520 -44 -617 -617
1 80015 484 -109 1 3 0 0 0 0 -45 37 8 299 86 36 75 42 554 -1088 -322 -42 138 138
1 79984 500 -257 -1 0 0 0 0 0 -129 48 24 317 99 N N N N 4183 1130 -62 -443 -443
1 80000 482 -209 2 0 0 0 0 0 -112 -4 21 274 79 N N N N 397 83 -54 -23 -23
1 85310 510 642 -9 5 -8 3 -2 0 311 -107 -63 344 117 N N N N -1638 -499 -91 216 216
1 80804 446 -7 1 -6 0 0 0 0 -2 3 4 202 50 N N N N -816 -238 -26 100 100
1 80002 433 9 2 -2 0 0 0 0 2 -4 0 140 39 N N N N -783 -229 -26 98 98
1 79999 439 -188 -2 -3 0 0 0 0 -74 67 13 91 27 N N N N -894 -256 -20 107 107
1 80001 432 -276 -1 1 0 0 0 0 -140 47 27 48 12 N N N N -1599 -449 -17 187 187
1 87120 521 566 3 1 -8 -9 -3 0 245 -159 -47 567 162 N N N N -8661 -2421 -82 1035 1035
1 79999 481 221 -4 2 0 0 0 0 33 -112 -6 203 67 N N N N 6535 1772 -56 -742 -742
1 80000 491 -135 1 2 0 0 0 0 -15 70 2 112 33 N N N N -4310 -1193 -21 507 507
1 80000 499 -89 0 0 0 0 0 0 -19 43 4 367 98 N N N N -1313 -382 -51 173 173
1 80001 494 -93 -3 -2 0 0 0 0 -28 41 4 272 83 N N N N -3843 -1079 -61 479 479
1 79997 521 -246 2 2 0 0 -1 0 -100 84 20 101 32 N N N N -3505 -968 -26 436 436
1 80002 497 -339 -2 -2 0 0 0 0 -177 33 36 327 92 N N N N -7569 -2090 -61 974 974
1 80000 500 -10 -10 7 0 0 0 0 -4 1 -2 147 -27 N N N N -2911 -807 -39 390 390
1 80000 522 -570 40 -51 0 0 0 0 -249 -174 54 -560 74 N N N N -1667 -459 -12 224 224
1 86117 547 462 -32 -72 0 -1368 -2 -2 192 136 17 1059 128 N N N N -3975 -1103 -70 553 553
1 85822 560 777 0 115 -8 1371 -1 2 361 -112 -131 185 65 N N N N -3914 -1078 -47 550 550
1 80000 522 -89 0 3 0 0 0 0 -27 39 5 127 36 N N N N -1916 -525 -16 272 272
1 80001 519 -133 0 -4 0 0 0 0 -51 49 11 20 3 N N N N -1095 -299 -8 156 156
1 79999 527 -190 3 1 0 0 0 0 -91 47 19 350 91 N N N N -1080 -301 -34 162 162
1 80000 509 -58 -2 0 0 0 0 0 -30 8 5 329 101 N N N N -1484 -418 -74 230 230
1 88179 584 489 -6 0 -8 3 -1 0 204 -152 -43 337 99 N N N N -3465 -952 -69 519 519
1 80000 502 22 1 3 0 0 0 0 6 -10 0 461 131 N N N N -3154 -866 -77 482 482
1 79999 524 -116 -2 -1 0 0 0 0 -33 52 6 271 83 N N N N -1835 -503 -53 287 287
1 80001 501 -23 1 -2 0 0 0 0 -7 10 2 398 117 N N N N -1730 -476 -70 275 275
1 79999 485 39 0 3 0 0 0 0 12 -17 -3 184 59 N N N N -1190 -327 -47 191 191
1 80000 484 -144 0 -2 0 -1 -2 0 -53 56 11 418 116 N N N N -1521 -415 -52 243 243
1 80000 489 -339 0 2 0 0 0 0 -166 67 35 336 103 N N N N -88 -32 -76 27 27
1 80000 451 -149 1 0 0 0 0 0 -80 -2 18 419 122 N N N N 1877 495 -73 -275 -275
1 80000 468 -180 -1 -2 0 0 0 0 -91 -29 21 402 123 N N N N 228 52 -74 -21 -21
1 84471 516 369 -2 -118 0 -1378 -1 -2 193 9 16 483 143 N N N N -1776 -486 -90 286 286
1 83118 478 543 1 119 -8 1373 0 2 225 -146 -109 391 115 N N N N 622 157 -78 -81 -81
1 80000 481 -162 -1 1 0 0 0 0 -49 71 11 367 104 N N N N 1361 356 -52 -196 -196
1 80000 489 14 -3 1 0 0 0 0 5 -6 -2 195 65 N N N N 1824 478 -56 -262 -262
1 79999 487 -172 0 -1 0 0 0 0 -70 59 15 409 110 N N N N 89 18 -41 -5 -5
1 80001 491 -321 -1 -3 0 0 0 0 -164 46 36 136 47 N N N N 2986 782 -59 -425 -425
1 86025 555 459 -6 1 -7 5 -2 0 222 -92 -51 286 78 N N N N 2580 676 -45 -360 -360
1 80798 528 -159 4 4 0 0 0 0 -68 51 15 256 79 N N N N -3325 -888 -52 488 488
1 79999 526 -253 -1 -3 0 0 0 0 -128 39 31 206 57 N N N N -1985 -529 -33 295 295
1 80000 526 -164 -1 -3 0 0 0 0 -87 -5 20 304 86 N N N N 1465 379 -54 -203 -203
1 80002 528 -220 1 3 0 0 0 0 -107 -43 28 186 52 N N N N 3082 806 -37 -434 -434
1 84528 588 556 -1 -119 -1 -1379 -1 -2 284 12 -13 51 14 N N N N -5076 -1341 -29 738 738
1 82881 524 269 18 119 25 1381 -1 2 115 -66 -74 68 18 N N N N -2272 -599 -6 336 336
1 79999 479 -115 1 -2 0 0 0 0 -45 42 8 134 28 N N N N -988 -261 -8 149 149
1 80001 487 -184 3 1 0 0 0 0 -88 45 17 637 178 N N N N -445 -127 -96 82 82
1 80000 472 -123 -2 3 0 0 0 0 -64 14 14 367 106 N N N N 414 101 -64 -50 -50
1 80000 458 -67 1 -1 0 0 0 0 -36 2 7 257 84 N N N N 546 135 -67 -70 -70
1 86294 523 550 -3 0 -5 -4 -1 0 254 -127 -52 155 47 N N N N 311 76 -42 -38 -38
1 80000 465 150 -1 1 0 0 0 0 38 -70 -7 407 114 N N N N 609 152 -60 -79 -79
1 80000 456 -71 0 0 0 0 0 0 -16 34 3 161 45 N N N N 569 146 -23 -79 -79
1 80000 451 -190 -1 -1 0 0 0 0 -61 80 12 160 45 N N N N 218 51 -41 -24 -24
1 80001 440 -90 0 0 0 0 0 0 -38 30 6 111 29 N N N N 167 42 -12 -22 -22
1 79998 440 -143 1 1 0 -1 -1 0 -68 35 14 356 98 N N N N 361 87 -54 -43 -43
1 80001 437 -188 -1 0 0 0 0 0 -99 19 21 144 48 N N N N 1017 259 -42 -138 -138
1 80000 437 -117 1 2 0 0 0 0 -62 -5 14 286 76 N N N N 673 169 -41 -89 -89
1 80000 457 -219 0 -2 0 0 0 0 -109 -40 24 167 51 N N N N 1168 297 -39 -158 -158
1 84355 502 381 -5 -121 0 -1370 -1 -2 196 22 17 337 93 N N N N 477 115 -59 -56 -56
1 84117 521 540 0 119 -8 1365 0 2 235 -129 -109 254 70 N N N N 1041 264 -39 -138 -138
1 80001 497 63 0 1 0 0 0 0 15 -30 -3 312 86 N N N N 1529 386 -54 -201 -201
1 80000 506 9 -1 0 0 0 0 0 2 -4 0 277 79 N N N N 2522 642 -49 -334 -334
1 80001 529 87 0 0 0 0 0 0 15 -44 -3 136 42 N N N N 653 163 -32 -82 -82
1 79998 512 -91 2 0 0 0 0 0 -15 46 3 408 114 N N N N 4795 1223 -60 -623 -623
1 86941 598 -542 -6 0 -11 11 -2 0 -217 176 43 148 46 N N N N 7059 1806 -42 -893 -893
1 80001 528 -195 -1 2 0 0 0 0 -103 5 24 97 25 N N N N 1777 452 -16 -217 -217
1 80000 535 -141 1 -2 0 0 0 0 -73 -17 17 124 32 N N N N 719 179 -23 -83 -83
1 80000 536 -182 -1 1 0 0 0 0 -84 -46 20 147 38 N N N N 1922 487 -23 -229 -229
1 79999 532 -180 -1 1 0 0 0 0 -65 -67 16 125 34 N N N N 93 18 -20 -5 -5
1 84529 588 538 0 -124 0 -1389 0 -2 241 108 4 315 82 N N N N 2462 614 -55 -282 -282
1 83942 567 697 -4 119 -7 1381 0 2 299 -157 -129 132 41 N N N N 2580 651 -33 -297 -297
1 80001 537 45 -3 3 0 0 0 0 9 -22 -3 301 71 N N N N 1278 320 -20 -144 -144
1 79999 548 -270 2 -1 0 0 0 0 -77 119 18 258 82 N N N N 818 186 -70 -74 -74
1 80000 526 -258 1 1 0 0 0 0 -118 70 26 20 7 N N N N 605 150 -11 -67 -67
1 80000 533 -254 0 0 0 0 0 0 -134 12 32 111 23 N N N N 447 110 -11 -48 -48
1 87473 614 618 30 0 31 -3 -1 0 287 -124 -54 241 66 N N N N 1770 437 -43 -190 -190
1 79998 463 180 -6 0 0 0 0 0 44 -85 -9 99 26 N N N N 1691 425 -18 -186 -186
1 79999 444 112 1 0 0 0 0 0 13 -58 -2 176 47 N N N N 1343 329 -35 -140 -140
1 80000 451 17 -1 0 0 0 0 0 1 -9 0 101 24 N N N N 556 136 -14 -58 -58
1 80002 463 -78 0 -1 0 0 0 0 -7 41 1 171 44 N N N N -4115 -1059 -30 475 475
1 86764 524 -624 -6 1 -7 5 -2 0 -221 227 39 94 26 N N N N -464 -127 -25 61 61
1 79998 451 -221 0 0 0 0 0 0 -118 8 24 312 85 N N N N 1695 416 -43 -179 -179
1 80001 475 -113 2 2 0 0 0 0 -59 -13 12 168 45 N N N N 2222 552 -32 -240 -240
1 80000 466 -83 0 -6 0 0 0 0 -42 -16 10 38 11 N N N N 775 192 -12 -83 -83
1 80000 475 -132 -1 6 0 0 0 0 -59 -35 12 83 18 N N N N 376 91 -12 -37 -37
1 84472 528 607 -3 -126 0 -1383 0 -2 308 29 -7 365 95 N N N N 1302 308 -57 -125 -125
1 82293 522 336 -3 126 -8 1389 0 2 142 -89 -87 155 46 N N N N 763 181 -29 -75 -75
1 80001 498 -194 1 0 0 0 0 0 -74 72 15 192 50 N N N N 2481 617 -28 -260 -260
1 80000 516 -116 -1 -1 0 0 0 0 -55 29 10 107 30 N N N N 1395 342 -25 -142 -142
1 79999 516 -148 0 0 0 0 0 0 -76 22 16 157 40 N N N N 590 139 -22 -55 -55
1 80001 525 -203 -3 -2 0 0 0 0 -108 -3 24 81 22 N N N N 2787 694 -22 -288 -288
1 84588 568 516 0 -121 0 -1391 -1 -2 260 -76 -9 109 23 N N N N 1347 332 -19 -134 -134
1 85881 538 264 -1 121 -7 1387 0 2 85 -99 -63 136 36 N N N N 159 30 -22 -9 -9
1 80001 524 -81 1 1 0 0 0 0 -21 38 3 85 21 N N N N 266 61 -13 -22 -22
1 80001 520 -143 0 4 0 0 0 0 -48 59 9 73 16 N N N N -1240 -318 -12 133 133
1 79998 521 -90 -2 -5 0 0 0 0 -37 30 9 81 20 N N N N -2452 -626 -19 265 265
1 80001 491 -131 1 2 0 0 -1 0 -63 32 12 54 14 N N N N -518 -135 -10 59 59
1 79999 503 -90 1 0 0 0 0 0 -46 14 10 35 4 N N N N 474 116 -7 -48 -48
1 80000 475 -174 -1 0 0 0 0 0 -92 8 21 120 28 N N N N 939 229 -18 -93 -93
1 80000 489 -227 0 0 0 0 0 0 -116 -32 26 52 13 N N N N -800 -206 -11 88 88
1 85414 546 534 -4 -122 0 -1391 -1 -2 276 -14 -7 118 27 N N N N -3206 -816 -23 350 350
1 81528 498 315 0 121 -8 1385 0 2 125 -94 -82 189 44 N N N N -2225 -569 -22 249 249
1 79999 502 -74 0 0 0 0 0 0 -24 31 6 154 43 N N N N -2749 -702 -30 311 311
1 80000 491 -89 0 0 0 0 0 0 -33 34 6 95 22 N N N N -1465 -374 -16 168 168
1 80000 485 -159 -4 -1 0 0 0 0 -71 46 16 146 36 N N N N -947 -246 -22 112 112
1 80001 486 -56 4 2 0 0 -1 0 -28 11 6 128 34 N N N N -537 -144 -25 68 68
1 79999 487 28 -1 -4 0 0 0 0 14 -5 -3 123 29 N N N N -164 -47 -17 24 24
1 80000 471 79 1 3 0 0 0 0 38 -18 -9 95 25 N N N N 529 124 -23 -52 -52
1 80000 461 38 0 -1 0 0 0 0 18 -11 -2 228 55 N N N N 96 15 -27 -2 -2
1 80000 464 -159 -1 2 -1 0 0 0 -77 36 15 144 44 N N N N 64 3 -34 4 4
1 79999 457 -137 1 -3 0 0 0 0 -72 15 17 86 19 N N N N -293 -78 -14 37 37
1 80001 459 -153 -2 1 0 0 0 0 -81 -3 19 188 49 N N N N 549 125 -31 -51 -51
1 79999 448 -215 0 -2 0 0 0 0 -107 -40 25 96 24 N N N N 10 -3 -16 4 4
1 85353 515 459 1 -115 0 -1375 -1 -2 237 17 4 109 25 N N N N 129 25 -21 -8 -8
1 83119 450 367 26 116 33 1385 0 2 162 -83 -84 144 39 N N N N 750 177 -26 -75 -75
1 80000 378 -142 -1 1 0 0 0 0 -56 51 9 68 17 N N N N 324 76 -13 -31 -31
1 80000 405 -186 0 2 0 0 0 0 -89 45 16 153 38 N N N N 204 43 -21 -16 -16
1 79999 385 -178 -1 -2 0 0 0 0 -95 15 18 67 19 N N N N -391 -104 -17 49 49
1 79999 410 -234 4 -1 0 0 0 0 -123 -25 24 100 21 N N N N -496 -128 -13 59 59
1 87883 501 392 -5 -117 0 -1383 0 -2 208 -6 18 48 14 N N N N -37 -15 -16 9 9
1 84709 448 380 -2 120 -5 1382 -1 2 166 -93 -90 149 33 N N N N 177 38 -16 -14 -14
1 79998 447 -199 1 -1 0 0 0 0 -78 72 14 228 57 N N N N 82 9 -31 1 1
1 79999 449 -78 -2 1 0 0 0 0 -36 21 7 46 16 N N N N -559 -147 -20 68 68
1 80001 476 -83 2 -4 0 0 0 0 -42 16 8 109 27 N N N N 97 18 -16 -6 -6
1 80000 448 -148 -1 3 0 0 0 0 -78 14 15 94 24 N N N N 1149 279 -17 -121 -121
1 86757 527 439 -9 0 -7 0 -1 0 211 -95 -42 60 11 N N N N 1008 245 -14 -105 -105
1 80828 475 12 3 0 0 0 0 0 4 -5 0 134 30 N N N N 1150 280 -13 -121 -121
1 78745 240 150 253 -57 146 -457 -290 -4 38 -66 41 86 26 N N N N 171 35 -21 -11 -11
1 106097 -97 61 205 9 345 0 -417 0 -36 -38 105 -11 1 N N N N -343 -87 -4 38 38
1 53865 -350 -113 8 -9 0 0 -233 0 -23 54 -9 -148 -34 N N N N 300 82 20 -39 -39
1 82060 -725 -107 -159 33 0 -1 -220 4 -33 49 -15 -115 -31 N N N N -848 -200 27 83 83
1 80000 -778 -115 1 -2 0 0 0 0 -45 40 -12 -198 -46 N N N N -1502 -363 25 156 156
1 80000 -789 -165 0 2 0 0 0 0 -78 40 -23 -262 -65 N N N N -1104 -263 30 112 112
1 80000 -783 10 -1 -2 0 0 0 0 6 -2 1 -165 -46 N N N N 304 92 46 -49 -49
1 79999 -819 38 0 3 0 0 0 0 18 -7 6 -149 -33 N N N N -110 -19 21 6 6
1 80000 -781 3 -2 -2 0 0 -6 0 2 -1 1 -184 -45 N N N N 576 154 28 -73 -73
1 80000 -778 4 2 2 0 0 0 0 1 -1 0 -265 -67 N N N N 72 34 44 -22 -22
1 80000 -771 -11 -2 -1 0 0 0 0 -5 2 -2 -144 -38 N N N N -1017 -242 31 103 103
1 80000 -775 -16 1 1 0 0 0 0 -8 4 -2 -181 -43 N N N N 14 11 21 -9 -9
1 80000 -595 -158 -41 -1 -57 0 -1 0 -73 21 -25 -151 -39 N N N N -567 -130 31 53 53
1 79999 -557 -4 1 1 0 0 0 0 -3 0 0 -295 -70 N N N N 177 54 25 -27 -27
1 80002 -569 -222 -2 0 0 0 0 0 -117 -10 -29 -111 -36 N N N N -156 -23 45 3 3
1 79999 -541 -207 4 -5 0 0 0 0 -99 -46 -25 -112 -27 N N N N -376 -87 20 35 35
1 81766 -621 552 4 131 0 1406 -43 -2 279 60 5 -231 -59 N N N N -384 -84 34 32 32
1 81706 -581 550 -11 -120 0 -1385 -53 2 201 -216 103 -160 -41 N N N N 453 124 29 -59 -59
1 79999 -583 26 -1 1 0 0 0 0 4 -13 0 -181 -43 N N N N 1023 264 20 -121 -121
1 80000 -580 -25 2 -3 0 0 0 0 -3 12 -1 -203 -55 N N N N 2220 574 44 -261 -261
1 80000 -564 -20 -2 0 0 0 0 0 -3 10 0 -84 -19 N N N N 2658 674 15 -296 -296
1 80002 -583 20 1 -1 0 0 0 0 3 -10 0 -102 -24 N N N N 4171 1058 20 -455 -455
1 78445 -588 -575 1 4 2 0 -66 -2 -212 205 -45 -115 -29 N N N N 1328 344 22 -149 -149
1 81849 -568 -108 -7 -1 -2 -1 -3 2 -56 10 -13 -84 -18 N N N N 68 22 13 -12 -12
1 80000 -607 -60 4 -6 0 0 0 0 -32 0 -7 -107 -27 N N N N -218 -46 18 17 17
1 80000 -601 117 -6 4 0 0 0 0 63 -5 14 -82 -16 N N N N 1854 472 14 -200 -200
1 79999 -590 36 4 1 0 0 0 0 18 -4 4 -87 -22 N N N N 1342 346 15 -146 -146
1 81587 -625 569 -2 0 0 -26 -27 0 217 -195 43 -230 -58 N N N N 295 92 40 -45 -45
1 80000 -589 110 0 0 0 0 0 0 13 -57 3 -201 -54 N N N N -1826 -448 27 181 181
1 80000 -590 -19 -1 0 0 0 0 0 -1 10 0 -137 -36 N N N N -2305 -569 30 234 234
1 80001 -591 31 -1 0 0 0 0 0 2 -16 0 -207 -54 N N N N -1356 -328 35 133 133
1 79999 -583 -3432 1 0 0 0 0 0 -4 -89 -2 -172 -47 N N N N -2717 -677 27 285 285
1 80810 -599 2892 -10 -99 0 -1177 -15 -3 -149 294 13 -371 -98 N N N N -501 -101 64 33 33
1 83777 -586 -178 8 97 0 1196 -19 3 -91 57 -60 -71 -22 N N N N -1950 -487 17 209 209
1 80001 -569 130 -2 4 0 0 0 0 67 -21 13 -88 -19 N N N N 114 34 15 -18 -18
1 80000 -560 29 2 -1 0 0 0 0 14 -6 3 -141 -38 N N N N 29 18 25 -11 -11
1 80000 -558 76 -4 1 0 0 0 0 35 -22 7 -309 -83 N N N N -3895 -972 49 420 420
1 79999 -556 215 0 0 0 -1 -55 0 82 -80 14 -181 -46 N N N N 2454 635 29 -286 -286
1 80001 -538 127 0 -4 0 0 0 0 31 -61 6 -103 -29 N N N N 650 176 26 -81 -81
1 80000 -556 -39 0 7 0 0 0 0 -8 21 -2 -157 -37 N N N N -20 2 18 -3 -3
1 79999 -533 -52 -1 -1 0 0 0 0 -13 24 -3 -183 -51 N N N N -903 -217 36 89 89
1 75031 -525 -425 98 -6 54 -10 -140 -4 -189 139 -29 -248 -67 N N N N -1939 -479 41 205 205
1 81323 -740 38 -68 3 1 -2 -20 4 27 -9 5 -60 -16 N N N N -1982 -499 19 221 221
1 79999 -742 191 0 0 0 0 0 0 87 -52 22 -328 -84 N N N N -773 -186 33 79 79
1 80000 -730 -57 -1 -3 0 0 0 0 -23 19 -6 -408 -114 N N N N -2883 -710 80 311 311
1 80001 -721 -74 1 2 0 0 0 0 -35 19 -8 -323 -92 N N N N -3113 -777 65 351 351
1 80000 -601 151 -33 3 -42 0 -2 0 74 -44 5 -180 -47 N N N N -2046 -516 28 239 239
1 79999 -575 298 2 0 0 0 0 0 86 -131 17 -228 -65 N N N N -175 -32 45 9 9
1 80000 -572 -3319 1 -2 0 0 0 0 7 -148 -1 -225 -59 N N N N -647 -159 24 72 72
1 80001 -561 303 -2 3 0 0 0 0 -75 -141 -17 -279 -81 N N N N -5723 -1456 60 697 697
1 80825 -574 2808 -6 -123 0 -1398 -33 -2 17 354 41 -138 -36 N N N N -3890 -997 22 493 493
1 81531 -565 -424 -2 124 0 1397 -44 2 -194 142 -74 -399 -113 N N N N -4857 -1237 71 625 625
1 80000 -571 288 3 2 0 0 0 0 141 -59 27 -360 -104 N N N N -2565 -651 63 332 332
1 79998 -558 427 2 0 0 0 0 0 115 -190 22 -424 -121 N N N N -2808 -714 72 372 372
1 80002 -565 -3273 -1 -3 0 0 0 0 -25 -170 -6 -145 -42 N N N N -905 -229 36 119 119
1 79999 -575 320 -3 1 0 0 0 0 -113 -127 -23 -185 -49 N N N N -544 -137 28 71 71
1 75942 -542 -523 -7 -121 0 -1402 -52 -2 143 203 17 -389 -110 N N N N -1351 -339 72 177 177
1 76643 -568 2713 0 123 0 1405 -45 2 -286 346 -43 -356 -98 N N N N -1108 -282 45 150 150
1 80001 -567 229 4 1 0 0 0 0 118 -32 22 -168 -53 N N N N -879 -222 49 118 118
1 79999 -574 390 1 0 0 0 0 0 143 -147 26 -165 -46 N N N N -412 -104 28 54 54
1 80002 -575 -3234 -1 -1 0 0 0 0 15 -190 3 -261 -70 N N N N -456 -114 40 59 59
1 79999 -593 297 -3 1 0 0 0 0 -78 -136 -15 -249 -71 N N N N -667 -167 50 89 89
1 82119 -818 2843 44 -128 75 -1398 -35 -2 29 334 56 -595 -166 N N N N -816 -202 95 103 103
1 85471 -804 -420 -17 128 -41 1401 0 2 -176 162 -78 -631 -185 N N N N -1053 -264 115 137 137
1 80001 -728 287 0 -3 0 0 0 0 134 -73 30 -328 -95 N N N N -170 -37 66 14 14
1 79999 -717 309 -4 3 0 0 0 0 85 -138 17 -353 -99 N N N N -475 -118 63 61 61
1 80000 -719 -3197 0 -6 0 0 0 0 -22 -209 -6 -136 -39 N N N N 3883 1027 28 -584 -584
1 87764 -820 2603 13 6 0 -2 -1 0 -197 420 -42 -363 -98 N N N N 810 222 61 -130 -130
1 80001 -736 225 -12 1 0 0 0 0 110 -51 23 -409 -121 N N N N 5471 1458 78 -806 -806
1 79999 -747 457 1 -4 0 0 0 0 118 -206 26 -164 -46 N N N N -597 -152 35 77 77
1 80001 -759 -3177 -1 3 0 0 0 0 -62 -210 -13 -437 -125 N N N N -3007 -785 74 419 419
1 79999 -780 394 3 0 0 0 0 0 -176 -113 -39 -308 -87 N N N N -977 -252 47 134 134
1 84001 -806 2535 -10 -123 0 -1401 0 -2 198 415 69 -641 -182 N N N N -3379 -885 109 483 483
1 81059 -773 -308 8 124 0 1410 -1 2 -123 142 -53 -518 -157 N N N N -1834 -477 105 260 260
1 80000 -766 399 -2 0 0 0 0 0 142 -153 31 -442 -129 N N N N 230 71 76 -48 -48
1 80000 -787 -3226 3 -1 0 0 0 0 10 -194 3 -477 -139 N N N N 1016 282 88 -171 -171
1 79999 -756 377 -3 0 0 0 0 0 -117 -161 -25 -699 -204 N N N N -2676 -706 118 394 394
1 81178 -768 2657 -13 -123 0 -1416 0 -2 56 409 45 -220 -68 N N N N 1569 429 60 -254 -254
1 81646 -755 -233 13 123 0 1415 1 2 -103 104 -57 -553 -160 N N N N 1550 428 89 -255 -255
1 79999 -744 343 -2 2 0 0 0 0 135 -119 29 -507 -153 N N N N 1395 390 103 -233 -233
1 80000 -745 -3273 3 -2 0 0 0 0 41 -166 10 -509 -148 N N N N 5115 1398 82 -787 -787
1 80000 -729 427 -1 0 0 0 0 0 -96 -201 -21 -337 -96 N N N N -1041 -272 67 141 141
1 80941 -733 2664 -10 -122 0 -1413 0 -2 -6 409 40 -329 -97 N N N N 5938 1626 70 -887 -887
1 80529 -708 -286 8 122 0 1411 -1 2 -138 98 -72 -244 -74 N N N N 4931 1355 59 -713 -713
1 80000 -725 344 0 -3 0 0 0 0 160 -88 34 -356 -101 N N N N 3525 976 63 -504 -504
1 80001 -710 289 -1 3 0 0 0 0 73 -133 16 -155 -43 N N N N 3798 1044 30 -522 -522
1 79998 -709 -3202 3 0 0 0 0 0 -26 -205 -5 -264 -71 N N N N 2355 653 33 -322 -322
1 85158 -750 2618 1 0 0 -13 0 0 -182 420 -39 -327 -95 N N N N 8443 2335 78 -1108 -1108
1 80842 -679 -34 -4 -2 0 0 0 0 -17 3 -3 -445 -131 N N N N 8249 2290 81 -1034 -1034
1 80001 -695 301 -1 0 0 0 0 0 141 -75 30 -143 -40 N N N N 2980 831 31 -364 -364
1 80000 -692 261 2 2 0 0 0 0 76 -114 15 -184 -49 N N N N 4758 1320 30 -560 -560
1 80001 -677 156 -5 -3 0 0 0 0 16 -82 3 -620 -186 N N N N -3506 -918 105 365 365
1 82058 -688 -745 -3 3 0 14 0 0 -246 275 -52 -55 -16 N N N N 2136 601 27 -257 -257
1 80000 -688 212 4 0 0 0 0 0 105 -41 22 -276 -79 N N N N 2218 634 50 -273 -273
1 80000 -684 339 2 0 0 0 0 0 117 -134 24 -97 -28 N N N N 3176 889 26 -367 -367
1 80000 -680 -3344 0 0 0 0 0 0 24 -132 5 -397 -113 N N N N 1547 459 65 -198 -198
1 80000 -697 203 -2 3 0 0 0 0 -25 -103 -5 -436 -129 N N N N -1055 -255 75 89 89
1 81677 -729 2669 8 3 0 1 0 0 -182 400 -39 -318 -92 38 70 41 559 1104 338 64 -148 -148
1 80796 -706 109 -10 -6 0 0 0 0 56 -24 11 -253 -73 N N N N 3587 1023 55 -416 -416
1 79999 -714 414 0 0 0 0 0 0 138 -166 29 -488 -157 N N N N -9143 -2500 87 992 992
1 79999 -709 -3251 -1 3 0 0 0 0 0 -181 0 -299 -90 N N N N -6582 -1804 66 751 751
1 80000 -714 380 0 -1 0 0 0 0 -122 -159 -25 -424 -128 N N N N 1317 399 76 -185 -185
1 81059 -702 2685 -2 -124 0 -1418 0 -2 76 395 49 -454 -134 N N N N -1571 -403 87 158 158
1 81590 -685 -312 0 123 0 1417 0 2 -133 130 -62 -305 -88 N N N N 4589 1310 58 -568 -568
1 79999 -666 366 3 -1 0 0 0 0 149 -122 32 -215 -67 N N N N 787 243 49 -111 -111
1 80016 -646 -3186 0 1 0 0 0 0 39 -210 7 -195 -53 36 73 43 558 51 25 24 -15 -15
1 79985 -670 266 -4 2 0 0 0 0 -59 -127 -12 -218 -59 N N N N 3663 1053 51 -444 -444
1 84638 -704 2549 -4 -100 0 -1209 2 -3 -131 437 20 -193 -55 N N N N 2807 813 48 -338 -338
1 79891 -660 -97 2 97 0 1205 -2 3 -50 37 -57 -463 -137 N N N N 307 126 80 -65 -65
1 80001 -649 291 3 0 0 0 0 0 140 -66 28 -200 -50 N N N N 11503 3269 45 -1273 -1273
1 79999 -628 416 1 0 0 0 0 0 104 -189 22 -317 -95 N N N N -2997 -815 55 296 296
1 80000 -622 -3270 1 0 0 0 0 0 -31 -170 -6 -280 -72 N N N N 4384 1275 62 -491 -491
1 85895 -669 2594 6 2 0 0 0 0 -199 422 -40 -427 -122 N N N N 697 245 81 -107 -107
1 80826 -602 19 -8 -2 0 0 0 0 12 -3 1 -490 -138 37 70 41 557 -8446 -2360 66 880 880
1 79987 -602 400 1 -6 0 0 0 0 171 -124 36 -68 -17 N N N N -4693 -1308 51 505 505
1 79997 -612 -3186 -4 6 0 0 0 0 46 -208 7 -475 -112 N N N N 5192 1519 80 -612 -612
1 80000 -646 583 2 0 0 0 0 0 -191 -232 -38 -1279 -389 N N N N -8988 -2460 210 937 937
1 84295 -746 2628 -3 -122 0 -1405 0 -2 153 399 58 -1157 -347 N N N N -12527 -3495 235 1441 1441
1 81001 -714 -499 0 123 0 1405 0 2 -218 173 -71 -403 -132 N N N N -5688 -1597 115 699 699
1 79999 -683 318 -2 -1 0 0 0 0 155 -69 30 -107 8 N N N N 10668 3097 41 -1379 -1379
1 80000 -663 328 1 0 0 0 0 0 94 -144 19 -545 -157 N N N N 8232 2417 80 -1021 -1021
1 80016 -598 -3319 2 0 0 0 0 0 3 -147 0 -536 -153 35 68 43 557 -7549 -2119 155 851 851
1 84162 -635 2732 -1 10 0 -11 0 0 -221 355 -47 -174 -8 N N N N 13372 3878 -14 -1578 -1578
1 20015 -133 -22 -7 -14 0 0 0 0 -10 1 4 -67 -24 35 68 41 557 422 139 32 -61 -61
1 19984 -144 46 5 3 0 0 0 0 23 -6 4 -114 -34 N N N N -233 -58 18 20 20
1 20015 -136 131 2 -2 0 0 0 0 65 -28 13 -169 -46 37 70 41 556 -688 -185 28 67 67
1 19985 -149 140 -1 0 0 0 0 0 60 -45 11 -203 -62 N N N N -811 -221 29 81 81
1 20017 -149 142 0 -2 0 0 0 0 48 -59 9 59 35 38 70 43 556 -241 -58 24 18 18
1 19984 -153 132 0 5 0 0 0 0 30 -62 4 -652 -178 N N N N 1995 603 42 -244 -244
1 20016 -156 112 -1 -4 0 0 0 0 12 -59 2 -52 -33 38 71 41 556 -887 -220 75 71 71
1 19984 -151 -3467 1 4 0 0 0 0 -1 -69 0 -273 -53 N N N N 403 148 58 -69 -69
1 20015 -149 125 3 -3 0 0 0 0 -17 -65 -3 -425 -114 38 69 41 556 1982 595 29 -237 -237
1 19985 -142 82 -2 2 0 0 0 0 -19 -39 -3 -522 -157 N N N N 323 155 112 -81 -81
1 20014 -151 30 -5 0 0 0 0 0 -7 -14 -4 -530 -142 38 71 41 556 -194 -11 86 -13 -13
1 19986 -162 -15 -4 -3 0 0 0 0 5 6 0 -84 -40 N N N N 365 149 76 -72 -72
1 20014 -146 -67 0 4 0 0 0 0 17 33 2 -596 -163 39 68 42 556 425 159 63 -73 -73
1 19986 -146 -75 3 -2 0 0 0 0 13 37 4 -244 -83 N N N N 636 236 89 -108 -108
1 20014 -140 -43 -3 0 0 0 0 0 6 22 0 -322 -100 38 69 43 556 672 233 62 -100 -100
1 22428 -147 -66 -7 -126 0 -1399 -11 -2 7 7 -12 -328 -105 N N N N 153 88 78 -49 -49
1 20806 -157 3319 4 5 0 0 0 0 -27 142 32 -208 -65 38 67 41 556 -201 -29 54 0 0
1 20457 -144 -308 10 1 0 0 0 0 -108 124 10 -248 -78 N N N N -261 -46 58 6 6
1 18708 -180 -214 67 121 80 1410 -30 -2 -117 75 -64 -363 -106 40 68 42 556 -223 -40 47 6 6
1 21292 -223 -24 -23 -1 0 -1 -28 4 -9 2 -4 -1108 -309 N N N N 115 91 105 -56 -56
1 20015 -195 -147 3 1 0 0 0 0 -78 5 -22 -1081 -327 39 70 41 556 2996 1050 274 -449 -449
1 19985 -205 -132 -4 -4 0 0 0 0 -68 -13 -17 -2086 -621 N N N N 2690 961 260 -406 -406
1 20016 -220 77 7 1 0 0 0 0 39 10 10 -2094 -635 37 69 44 556 2649 1048 408 -461 -461
1 19983 -213 52 -9 3 0 0 0 0 28 3 7 -3969 -1187 N N N N 2557 1201 672 -564 -564
1 20016 -197 -131 1 -4 0 0 0 0 -68 -14 -16 -2244 -718 36 71 43 556 4664 1841 601 -758 -758
1 19985 -186 10 -1 -1 0 0 0 0 5 2 3 -2736 -856 N N N N 2061 1018 549 -457 -457
1 20016 -192 300 4 1 0 0 0 0 157 3 39 -4462 -1404 38 71 45 556 1811 1210 920 -592 -592
1 19983 -172 260 -9 1 0 0 0 0 125 -60 30 -3751 -1189 N N N N 3340 1599 721 -665 -665
1 20017 -155 62 -5 -1 0 0 0 0 25 -23 6 -2896 -1009 40 70 44 556 4659 2156 832 -845 -845
1 19984 -143 160 4 -1 0 0 0 0 50 -68 13 -1970 -659 N N N N 6559 2659 583 -911 -911
1 20016 -122 52 -5 0 0 0 0 0 12 -25 2 -914 -395 40 73 43 556 7150 2814 463 -889 -889
1 19983 -127 -77 0 3 0 0 0 0 -17 37 -7 -2170 -689 N N N N 4520 1759 243 -524 -524
1 20016 -114 -281 0 3 0 0 0 0 -105 106 -26 -2256 -704 36 73 46 556 4912 2304 672 -742 -742
1 19984 -132 -263 -1 0 0 0 0 0 -133 42 -32 -873 -324 N N N N 7418 3000 429 -832 -832
1 18810 -128 -243 -1 0 0 0 -34 -4 -128 -17 -29 -763 -270 41 74 46 555 5910 2360 282 -615 -615
1 20002 -142 -186 -10 0 0 1 -100 0 -86 -45 -19 -476 -178 N N N N 5488 2097 151 -505 -505
1 26615 -224 36 10 123 0 1377 -27 2 15 12 -53 -576 -202 39 71 45 556 5260 2055 177 -485 -485
1 21044 -177 174 -2 2 0 0 0 0 83 43 10 -583 -193 N N N N 2984 1220 143 -289 -289
1 20370 -175 157 -2 -1 0 0 0 0 83 17 17 -615 -198 39 72 49 555 1903 885 183 -223 -223
1 21042 -184 170 -1 4 0 0 0 0 90 -6 22 -973 -311 N N N N 1580 770 179 -196 -196
1 22603 -208 231 0 -1 0 0 0 0 110 -48 36 -969 -315 38 71 44 555 2001 1036 275 -267 -267
1 26104 -235 348 -1 -123 0 -1387 -3 2 102 -171 77 -1739 -538 N N N N 3464 1585 283 -373 -373
1 20015 -174 -3301 4 -1 0 0 0 0 1 -157 2 -760 -249 40 75 50 555 4046 1912 366 -443 -443
1 19985 -165 210 -4 1 0 0 0 0 -49 -99 -12 -442 -160 N N N N 4020 1705 192 -357 -357
1 20015 -156 171 2 -1 0 0 0 0 -66 -65 -13 -617 -216 38 72 50 555 4022 1654 140 -329 -329
1 19984 -157 115 -1 -3 0 0 0 0 -53 -32 -14 -1115 -385 N N N N 3765 1604 169 -317 -317
1 20016 -151 72 -5 5 0 0 0 0 -35 -13 -7 -495 -207 39 71 47 555 5242 2258 243 -436 -436
1 19982 -148 73 1 -2 0 0 0 0 -38 -11 -10 -389 -132 N N N N 5062 2072 142 -371 -371
1 20018 -143 29 -1 -1 0 0 0 0 -16 -2 -3 -646 -227 39 73 48 555 3236 1347 104 -237 -237
1 19983 -159 34 0 2 0 0 0 0 -18 -2 -4 10 -23 N N N N 3733 1572 127 -273 -273
1 20017 -137 88 1 1 0 0 0 0 -48 0 -9 -99 -31 38 73 49 555 2316 955 63 -160 -160
1 19985 -149 7 1 -2 0 0 0 0 -4 1 -2 -316 -99 N N N N 1321 543 34 -90 -90
1 20016 -147 28 -1 -1 0 0 0 0 -15 1 -4 50 45 39 70 49 555 1173 503 44 -85 -85
1 19982 -165 268 7 0 0 0 0 0 -133 50 -32 -739 -160 N N N N -1433 -374 112 34 34
1 20018 -148 160 -7 0 0 0 0 0 -62 56 -10 -745 -224 41 74 56 555 -4376 -1370 191 171 171
1 19983 -152 58 -4 2 0 0 0 0 -18 24 -2 -389 -141 N N N N -1038 -192 140 2 2
1 20016 -151 -12 -1 -4 0 0 0 0 4 -5 -1 -712 -227 40 73 58 554 721 482 148 -104 -104
1 24865 -183 288 4 123 1 1400 -3 -2 -53 140 -7 -437 -172 N N N N 707 579 218 -133 -133
1 20015 -167 267 2 -4 0 0 0 0 17 133 -25 -76 -38 40 75 59 554 -1054 -301 70 31 32
1 20457 -164 282 3 3 0 0 0 0 83 120 -9 -51 -25 N N N N -1189 -413 28 58 58
1 20015 -166 255 6 1 0 0 0 0 117 68 11 -376 -115 40 75 60 554 -965 -307 42 39 39
1 20455 -165 259 -5 -1 0 0 0 0 137 17 32 -1384 -397 N N N N -1966 -516 168 46 46
1 20016 -161 235 6 -2 0 0 0 0 117 -36 35 -1217 -390 39 74 59 554 365 641 358 -169 -170
1 23372 -192 250 -15 -115 0 -1404 -2 2 98 -109 72 -1106 -386 N N N N 2855 1642 383 -325 -325
1 20806 -142 54 -5 -4 0 0 0 0 16 -26 2 -547 -178 42 80 62 553 3182 1585 245 -283 -283
1 19985 -132 -105 -10 3 0 0 0 0 -29 47 -9 -951 -274 N N N N 3189 1423 124 -230 -230
1 20014 -122 28 8 1 0 0 0 0 8 -11 3 -763 -239 39 78 64 553 4010 2025 307 -345 -345
1 19985 -134 -14 -4 -5 0 0 0 0 -3 5 -2 -526 -185 N N N N 4694 2123 184 -326 -326
1 20013 -110 86 5 0 0 0 0 0 23 -39 6 -1088 -344 41 79 66 553 4389 2113 246 -326 -326
1 19986 -116 -1 -6 2 0 0 0 0 1 1 -2 -224 -101 N N N N 2904 1498 220 -235 -235
1 20016 -107 -43 0 -1 0 0 0 0 -11 20 -3 -86 -48 40 78 70 552 2138 951 64 -133 -133
1 19983 -115 -48 0 -1 0 0 0 0 -16 20 -1 -95 -40 N N N N 1396 634 49 -88 -88
1 20018 -113 -110 -2 5 0 0 0 0 -39 44 -11 -656 -177 40 84 73 552 886 473 74 -73 -73
1 19985 -114 -167 -1 -5 0 0 0 0 -75 47 -13 -801 -225 N N N N 1918 1042 170 -160 -160
1 20012 -115 -14 1 0 0 0 0 0 -7 3 -1 -246 -101 39 86 79 552 3233 1600 186 -227 -227
1 19987 -104 39 3 0 0 0 0 0 18 -9 4 -253 -86 N N N N 2178 1105 138 -156 -156
1 20013 -113 25 -5 2 0 0 0 0 13 -6 1 -61 -27 41 88 84 551 2643 1191 76 -153 -153
1 19987 -114 40 3 0 0 0 0 0 18 -11 4 -28 -17 N N N N 1529 667 30 -82 -82
1 20014 -122 34 -2 -2 0 0 0 0 15 -11 3 -18 -11 42 93 86 551 1322 539 4 -62 -62
1 18796 -98 28 -3 3 0 1 -42 -4 12 -9 2 -21 -10 N N N N 424 202 18 -26 -26
1 19959 -132 51 -4 -3 0 1 -96 0 22 -18 1 -30 -11 41 91 91 551 658 288 13 -35 -35
1 19928 -124 94 -6 3 -1 -1 -55 0 33 -38 4 -13 -6 N N N N 546 243 14 -30 -30
1 21319 -133 122 -2 0 1 -1 -13 4 32 -56 5 -19 -6 44 91 92 550 461 197 6 -23 -23
1 19984 -145 121 6 -3 0 0 0 0 18 -62 4 -11 -5 N N N N 365 166 11 -21 -21
1 20017 -132 -3452 -4 3 0 0 0 0 3 -77 2 -56 -20 45 92 93 550 -51 11 18 -4 -4
1 19983 -140 146 1 -3 0 0 0 0 -17 -76 -4 -7 -3 N N N N 255 120 10 -16 -16
1 20016 -128 158 -3 3 0 0 0 0 -42 -72 -5 -27 -8 41 93 98 549 104 47 3 -5 -5
1 19985 -140 166 1 -1 0 0 0 0 -63 -63 -11 -51 -19 N N N N 11 33 17 -7 -7
1 20013 -123 161 4 -2 0 0 0 0 -77 -43 -13 -30 -11 43 92 98 549 278 127 8 -16 -16
1 19985 -143 143 -4 2 0 0 0 0 -75 -18 -13 -26 -11 N N N N 177 90 11 -12 -12
1 20018 -147 132 0 -1 0 0 0 0 -72 1 -10 -23 -7 47 114 103 548 102 51 6 -6 -6
1 19983 -146 121 1 -1 0 0 0 0 -64 13 -11 -34 -13 N N N N 188 98 12 -14 -14
1 20016 -133 108 -1 0 0 0 0 0 -53 22 -10 -25 -9 45 96 103 547 153 77 9 -10 -10
1 19984 -152 100 -6 3 0 0 0 0 -44 29 -4 -30 -11 N N N N 349 162 12 -20 -20
1 20017 -141 136 2 -3 0 0 0 0 -51 50 -10 -22 -8 45 93 108 547 65 40 8 -6 -6
1 19983 -148 106 -1 0 0 0 0 0 -30 46 -5 -5 -1 N N N N 167 75 4 -9 -9
1 20013 -153 92 -1 -4 0 0 0 0 -19 43 -2 -26 -9 43 97 106 547 52 29 4 -4 -4
1 14382 -120 22 2 7 -1 1 -7 -3 -3 12 1 -33 -11 N N N N 20 21 8 -3 -3
1 15501 -104 140 4 121 1 1394 -5 1 -12 77 -4 -28 -9 42 96 106 546 226 107 9 -14 -14
1 10926 -88 173 7 -6 0 0 0 0 11 85 -21 -17 -6 N N N N -44 -1 9 -1 -1
1 10016 -78 162 1 1 0 0 0 0 36 75 -10 -16 -5 44 97 106 546 171 81 7 -11 -11
1 11514 -77 185 0 1 0 0 0 0 64 73 -3 -23 -10 N N N N 126 64 8 -8 -8
1 10016 -101 179 0 1 0 0 0 0 81 50 2 -7 -2 43 103 104 545 -11 5 5 -1 -1
1 11103 -79 214 5 -2 0 0 0 0 112 27 14 -58 -13 N N N N 157 85 12 -12 -12
1 10016 -112 147 -1 1 0 0 0 0 79 -4 16 -6 -9 44 103 104 545 181 92 11 -12 -12
1 11044 -81 175 2 -4 0 0 0 0 87 -30 25 -70 -14 N N N N 68 40 7 -6 -6
1 10014 -97 182 -22 -8 0 0 0 0 81 -59 22 42 9 43 96 102 545 -10 9 7 -2 -2
1 13515 -118 200 25 -91 83 -1395 1 0 50 -104 54 -6 -2 N N N N 252 104 2 -12 -12
1 8975 -78 112 50 -16 0 1 -2 2 2 -61 29 -38 -11 47 109 105 544 97 38 -1 -4 -4
1 10786 -113 48 -18 3 0 0 0 0 9 -24 -7 -8 -1 N N N N 74 36 3 -4 -4
1 10015 -101 -3543 9 -10 0 0 0 0 -2 -33 4 -13 -4 45 96 102 544 -23 -15 -3 2 2
1 9985 -103 48 4 23 0 0 0 0 -5 -19 4 0 -1 N N N N -44 -11 4 0 0
1 10015 -110 38 -10 -14 0 0 0 0 1 -24 -8 2 1 44 103 103 544 175 75 2 -8 -8
1 9985 -98 24 6 4 0 0 0 0 -4 -11 3 -6 -3 N N N N -47 -18 1 2 2
1 10017 -105 10 -1 -6 0 0 0 0 -2 -7 0 -3 0 45 96 102 544 43 17 0 -2 -2
1 9983 -102 15 -2 1 0 0 0 0 -2 -7 -1 -8 -1 N N N N 13 11 3 -2 -2
1 10016 -115 6 4 5 0 0 0 0 -1 -2 2 0 0 44 95 103 544 64 24 -1 -2 -2
1 9984 -127 15 -7 -1 0 0 0 0 -1 -8 -3 -4 2 N N N N -109 -30 8 2 2
1 10016 -110 -11 3 1 0 0 0 0 1 6 2 5 1 43 96 99 543 69 6 -12 1 1
1 9984 -97 3 -4 -7 0 0 0 0 1 -4 -4 -1 1 N N N N 77 36 2 -4 -4
1 10015 -89 13 2 2 0 0 0 0 -4 -5 3 0 -1 44 92 101 543 -28 5 9 -2 -2
1 9985 -93 -17 -8 1 0 0 0 0 7 8 -5 5 1 N N N N 51 18 -1 -2 -2
1 10015 -84 31 -4 4 0 0 0 0 -6 -14 -2 3 1 45 105 99 543 2 -3 -2 1 1
1 9985 -68 -2 8 4 0 0 0 0 -1 2 4 2 1 N N N N 17 -1 -5 0 0
1 10015 -66 24 8 -4 0 0 0 0 -7 -13 1 -3 1 50 95 98 542 16 17 7 -3 -3
1 9985 -73 76 8 -5 0 0 0 0 -21 -37 0 1 -1 N N N N -9 1 2 0 0
1 10016 -99 93 -13 -4 0 0 0 0 -24 -42 -13 2 1 45 97 100 542 110 45 0 -5 -5
1 9984 -90 47 -1 12 0 0 0 0 -16 -16 -1 -2 2 N N N N -13 -2 2 0 0
1 10015 -102 48 7 -16 0 0 0 0 -21 -21 -8 0 0 45 94 103 542 77 30 -1 -3 -3
1 9985 -117 69 -2 8 0 0 0 0 -26 -22 -9 4 1 N N N N 25 10 0 -1 -1
1 10015 -120 15 -2 9 0 0 0 0 -9 -1 6 -6 -1 44 96 100 541 -34 -17 -1 2 2
1 9987 -103 52 2 -7 0 0 0 0 -22 -17 -13 0 1 N N N N 11 7 1 -1 -1
1 10014 -104 65 -4 -4 0 0 0 0 -33 -14 -7 4 1 45 91 101 541 29 12 0 -1 -1
1 9984 -112 51 -5 2 0 0 0 0 -25 -8 -5 0 0 N N N N -7 -3 0 0 0
1 10015 -115 55 9 5 0 0 0 0 -31 -5 -1 -3 3 45 96 101 541 -23 -9 0 1 1
1 9986 -98 74 -1 -8 0 0 0 0 -37 -8 -20 0 -2 N N N N 65 27 0 -3 -3
1 10014 -118 62 -8 4 0 0 0 0 -32 0 -6 -1 0 45 100 102 541 -30 -7 4 0 0
1 9985 -122 53 5 0 0 0 0 0 -28 2 -10 2 2 N N N N 140 55 -2 -6 -6
1 10099 -117 58 -10 -88 -34 -1396 1 0 -30 0 -51 -2 -2 45 95 100 541 -55 -22 0 3 3
1 16255 -142 -76 -11 -37 -1 -1 0 -2 42 -9 -15 4 2 N N N N 146 54 -2 -6 -6
1 10371 -119 -133 -8 -8 0 0 0 0 71 -3 19 -2 2 43 97 99 540 -157 -59 2 6 6
1 10453 -110 -135 -21 0 0 0 0 0 77 14 6 5 1 N N N N 114 49 2 -5 -5
1 10605 -108 -171 9 10 0 0 0 0 82 40 26 -3 -2 45 95 101 540 17 7 0 -1 -1
1 11102 -100 -188 6 -14 0 0 0 0 65 66 34 4 4 N N N N 52 21 0 -3 -3
1 10544 -103 -119 1 33 0 0 0 0 28 59 30 3 2 46 96 100 540 -68 -30 -1 4 4
