version: 66.14
glider: 195
mission: 21
dive: 566
start: 9 1 105 17 58 41
columns: rec,elaps_tms,depth,heading,pitch,roll,AD_pitch,AD_roll,AD_vbd,GC_phase,mag.x,mag.y,mag.z,sbect.TempFreq,sbect.CondFreq,wlbb2fl.sig470nm,wlbb2fl.sig700nm,wlbb2fl.sig695nm,wlbb2fl.temp,aa4330.O2,aa4330.AirSat,aa4330.Temp,aa4330.CalPhase,aa4330.TCPhase,
data:
0 17602 25 442 -658 -11 142 1871 701 6 192 -255 -179 174343 135336 N N N N 241872 97604 27201 28963 30369
1 10000 -4 97 78 -22 0 0 0 0 -3 -31 50 -1234 5 N N N N 658 -21 -163 31 31
1 10000 5 -61 -46 159 0 0 0 0 -9 -11 18 1273 0 N N N N 90 -222 -147 51 51
1 10000 -6 91 76 -114 0 0 0 0 -2 -7 15 -1021 -10 N N N N 495 215 9 -25 -25
1 10002 1 123 -75 -8 0 0 0 0 -24 -20 33 -19 24 N N N N -1545 -597 13 64 64
1 10000 -9 85 -5 32 0 0 0 0 -17 -9 52 -153 8 N N N N 69 30 1 -4 -4
1 8641 -1 -136 33 -176 -2 -1 13 -4 33 39 -125 -247 -4 N N N N 1078 208 -128 0 0
1 9996 7 -33 -62 -23 1 1 274 0 1 22 -37 53 -8 N N N N 340 141 3 -16 -16
1 10139 23 -300 29 446 -1 5 258 0 35 -2 52 559 -4 N N N N -382 -31 69 -9 -9
1 9893 18 243 52 -215 1 -5 249 0 -38 -36 24 150 -13 N N N N -966 -33 204 -33 -33
1 10114 12 236 -149 -121 0 0 239 0 -44 -26 18 -546 -5 N N N N 137 174 68 -32 -32
1 9921 22 13 43 -137 0 0 261 0 4 15 -46 -167 2 N N N N 511 240 19 -30 -30
1 9970 62 -454 -48 505 -2 1 265 0 35 16 4 -175 -19 N N N N 216 132 26 -19 -19
1 9970 68 321 16 -420 3 -1 265 0 -24 0 -34 -431 -21 N N N N -66 4 17 -3 -3
1 15882 239 -25 -7 101 629 -1 197 -1 7 -11 34 -314 -31 N N N N -194 -47 18 2 2
1 8932 169 69 390 -13 1755 2 80 1 -14 -19 121 -29 -5 N N N N -28 -45 -19 8 8
1 9341 112 12 81 -1 -2 3 394 0 -11 2 32 5 2 N N N N 98 35 -3 -3 -3
1 12432 152 -82 -4 141 -7 1372 210 2 36 29 36 -4 -7 N N N N -150 -59 1 6 6
1 10826 142 -147 18 -25 0 0 0 0 60 31 -41 22 6 N N N N -119 -62 -8 8 8
1 10000 127 -144 3 -4 0 0 0 0 51 51 -27 11 2 N N N N 39 -7 -13 3 3
1 10414 154 -149 -8 9 0 0 0 0 36 65 -27 3 0 N N N N 21 4 -2 0 0
1 9999 141 -131 0 -7 0 0 0 0 17 65 -19 -1 3 N N N N -202 -75 3 8 8
1 10472 124 3422 17 -3 0 0 0 0 -2 94 -6 -14 -2 N N N N -26 -22 -6 4 4
1 10002 128 -125 -8 1 0 0 0 0 -20 62 -11 -14 -4 N N N N -106 -40 1 4 4
1 10350 149 -157 -16 6 0 0 0 0 -41 70 6 -3 -2 N N N N 43 21 3 -3 -3
1 9991 150 -115 4 -17 0 0 0 0 -42 45 14 6 2 N N N N -36 -19 -3 3 3
1 10422 140 -143 0 14 0 0 0 0 -61 41 15 -1 0 N N N N -44 -21 -2 2 2
1 9968 144 -135 7 -28 -2 -197 3 -1 -65 23 38 5 3 N N N N -91 -38 -1 5 5
1 9977 145 -115 18 -93 54 -1190 0 3 -59 -9 74 -23 -4 N N N N -11 -4 0 0 0
1 10819 141 -77 17 -1 0 0 0 0 -42 -5 15 0 0 N N N N 34 17 2 -2 -2
1 10000 135 -87 0 3 0 0 0 0 -43 -10 12 2 2 N N N N -81 -36 -1 4 4
1 10001 138 -72 -9 -4 0 0 0 0 -31 -14 15 14 1 N N N N -32 -14 -2 2 2
1 9999 131 -79 10 3 0 0 0 0 -38 -18 9 3 0 N N N N -69 -32 -2 4 4
1 10000 127 -97 -8 3 0 0 0 0 -35 -30 13 -2 2 N N N N 94 41 2 -5 -5
1 9999 125 -90 8 2 0 0 0 0 -34 -32 7 -4 -4 N N N N -268 -112 -2 13 13
1 10001 132 -86 1 -2 0 0 0 0 -25 -36 8 3 0 N N N N 18 9 1 -1 -1
1 10000 132 -90 1 1 0 0 0 0 -21 -40 4 -5 1 N N N N -63 -26 0 3 3
1 9999 139 -70 -2 -6 0 0 0 0 -9 -36 6 0 -2 N N N N -31 -9 2 0 0
1 10001 120 -88 3 5 0 0 0 0 -10 -41 0 1 0 N N N N -146 -60 -1 7 7
1 10000 112 -114 -7 -3 0 0 0 0 1 -58 0 -2 -1 N N N N -76 -32 -1 4 4
1 10000 131 -88 -3 -2 0 0 0 0 8 -44 -2 -1 3 N N N N 29 10 -1 -1 -1
1 10000 127 -94 -1 5 0 0 0 0 14 -43 -6 0 -15 N N N N -106 -41 1 4 4
1 10000 115 -67 7 -2 0 0 0 0 13 -30 -8 2 8 N N N N -49 -21 -1 3 3
1 10000 131 -63 -2 -2 0 0 0 0 16 -27 -9 -2 0 N N N N -77 -34 -1 4 4
1 9999 131 -67 -4 6 0 0 0 0 22 -24 -5 -3 -4 N N N N -36 -13 1 1 1
1 10000 134 -46 2 -2 0 0 0 0 15 -17 -7 3 -1 N N N N 3 2 0 0 0
1 15419 201 -60 1 -137 0 -1397 0 -2 22 -51 -69 0 -20 N N N N 102 39 -1 -4 -4
1 10819 160 96 -13 9 0 0 0 0 -31 29 27 -1 0 N N N N -207 -85 -1 9 9
1 20176 296 315 14 -2 0 0 0 0 -74 127 56 7 4 N N N N 185 75 0 -8 -8
1 20527 300 396 -8 -7 0 0 0 0 29 185 44 -4 0 N N N N -164 -67 0 8 8
1 20001 279 364 3 7 0 0 0 0 125 137 -13 -8 5 N N N N -34 -12 1 1 1
1 20001 271 329 -3 -3 0 0 0 0 159 46 -48 -1 -2 N N N N 29 11 -1 -1 -1
1 18575 247 317 -5 123 38 1388 0 0 148 -24 -118 11 3 N N N N -124 -54 -2 6 6
1 21425 289 191 34 1 1 0 0 2 65 -71 -15 -11 5 N N N N -51 -22 -1 3 3
1 19998 230 -20 4 8 0 0 0 0 -6 9 3 2 -2 N N N N 18 7 0 -1 -1
1 20001 255 -216 3 -4 0 0 0 0 -82 75 31 0 0 N N N N -100 -39 1 4 4
1 20000 243 -83 4 0 0 0 0 0 -39 19 13 -3 -3 N N N N -2 -2 -1 1 1
1 20000 255 -95 -8 -1 0 0 0 0 -45 15 14 62 10 N N N N -81 -50 -10 7 7
1 20000 245 -173 -7 -3 0 0 0 0 -86 7 29 544 94 N N N N -342 -282 -83 47 47
1 20000 208 -134 -1 -6 0 0 0 0 -66 -14 25 4910 500 N N N N -486 -929 -424 181 181
1 20000 173 -118 13 13 0 0 0 0 -59 -20 8 14577 2759 N N N N -6264 -7376 -2914 1439 1438
1 20000 160 -7 8 -1 0 0 0 0 -6 -1 1 4047 1358 N N N N -13239 -8587 -2291 1628 1629
1 24587 205 361 -28 -128 0 -1387 1 -2 185 5 6 5196 2424 N N N N -16030 -7890 -1449 1521 1521
1 17786 123 239 4 132 -8 1389 2 0 113 -7 -103 2466 1264 N N N N -6378 -3366 -809 740 740
1 22213 174 71 10 -11 1 -1 -2 2 29 -23 -2 465 900 N N N N -10431 -4174 -428 838 838
1 20000 160 54 2 1 0 0 0 0 21 -18 -7 248 440 N N N N -6375 -2455 -211 509 509
1 20000 156 -104 -1 3 0 0 0 0 -42 34 12 1229 636 N N N N -4775 -1876 -198 409 409
1 20001 142 -239 1 5 0 0 0 0 -114 44 36 939 333 N N N N -4222 -1747 -258 407 407
1 19999 137 -66 -5 0 0 0 0 0 -33 3 10 1761 244 N N N N -1914 -1130 -407 322 322
1 20001 160 73 1 0 0 0 0 0 37 -4 -11 2297 505 N N N N -5261 -2261 -431 575 575
1 19999 135 182 4 -5 0 0 0 0 88 -30 -26 2511 788 N N N N -11966 -4633 -613 1176 1176
1 20001 149 109 5 0 0 0 0 0 46 -31 -15 2189 566 N N N N -12961 -4640 -393 1216 1216
1 19999 142 -36 0 1 0 0 0 0 -15 11 5 1150 497 N N N N -12398 -4363 -365 1231 1231
1 24121 164 -71 -15 123 -10 1405 2 -2 -29 29 -48 1352 502 N N N N -14452 -4909 -300 1477 1477
1 21220 142 -160 -3 -130 0 -1404 0 2 -76 17 84 398 425 N N N N -10250 -3425 -185 1107 1107
1 20779 126 -137 6 7 0 0 0 0 -71 6 20 865 286 N N N N -6046 -2088 -230 736 736
1 20000 124 -106 1 0 0 0 0 0 -53 -6 18 854 303 N N N N -5781 -1953 -177 706 706
1 19998 124 -88 3 -3 0 0 0 0 -44 -14 14 706 202 N N N N -4955 -1693 -204 644 644
1 20000 141 -135 0 3 0 0 0 0 -60 -31 17 250 257 N N N N -4796 -1579 -114 604 604
1 20002 118 -161 -2 0 0 0 0 0 -60 -54 18 448 209 N N N N -3176 -1069 -128 430 430
1 20000 113 -178 -1 -1 0 0 0 0 -46 -76 13 898 183 N N N N -2075 -711 -114 297 297
1 20000 112 -196 1 1 0 0 0 0 -25 -94 2 1409 249 N N N N -2284 -831 -228 370 370
1 19998 99 -158 -3 1 0 0 0 0 5 -78 -4 285 171 N N N N -2229 -784 -181 348 348
1 20002 104 -177 6 2 0 0 0 0 28 -81 -15 699 254 N N N N -2783 -917 -113 394 394
1 23590 127 0 -16 -125 -1 -1390 1 -2 5 -38 -31 563 337 N N N N -3165 -1039 -129 454 454
1 19998 99 143 5 -1 0 0 0 0 -27 62 23 351 98 N N N N -1825 -602 -87 270 270
1 20002 106 205 -2 0 0 0 0 0 -8 97 29 423 155 N N N N -1612 -562 -154 269 269
1 19999 104 181 2 0 0 0 0 0 23 86 15 405 138 N N N N -1704 -570 -113 267 267
1 20000 109 190 2 -3 0 0 0 0 50 81 4 175 110 N N N N -2214 -714 -88 329 329
1 20001 112 132 0 4 0 0 0 0 50 47 -5 168 83 N N N N -2102 -669 -68 310 310
1 20000 125 144 1 -1 0 0 0 0 63 39 -12 159 98 N N N N -2536 -791 -41 365 365
1 19708 103 195 3 -4 0 0 0 0 95 27 -25 564 111 N N N N -1916 -604 -55 287 287
1 20820 142 228 -7 1 0 0 0 0 115 -8 -43 814 168 N N N N -2276 -737 -130 367 367
1 24471 124 104 0 122 -8 1386 1 2 48 2 -72 296 141 N N N N -2781 -879 -104 435 435
1 19999 110 89 10 4 0 0 0 0 36 -26 -12 187 112 N N N N -2190 -674 -32 331 331
1 20002 119 29 0 1 0 0 0 0 12 -10 -3 216 96 N N N N -1867 -578 -42 291 291
1 19998 129 19 -2 0 0 0 0 0 6 -7 -5 159 51 N N N N -1483 -459 -35 234 234
1 20001 115 103 -1 -5 0 0 0 0 35 -41 -11 490 78 N N N N -2604 -814 -103 427 427
1 20000 125 147 4 0 0 0 0 0 35 -68 -13 444 90 N N N N -3444 -1060 -86 561 561
1 19999 128 132 1 0 0 0 0 0 14 -68 -7 510 157 N N N N -2253 -700 -93 383 383
1 20001 111 -20 -1 5 0 0 0 0 -1 11 0 440 86 N N N N -2312 -712 -81 393 393
1 20001 100 -3513 -2 -1 0 0 0 0 2 -46 -3 14 77 N N N N -3052 -923 -41 511 511
1 19999 119 122 0 -3 0 0 0 0 -9 -64 0 76 39 N N N N -3229 -976 -43 553 553
1 21645 125 33 -15 125 -11 1408 1 -2 -4 -13 11 120 84 N N N N -3315 -997 -31 578 578
1 20000 114 -100 15 0 0 0 0 0 11 51 -5 64 29 N N N N -2052 -616 -15 364 364
1 20000 112 3488 -4 -2 0 0 0 0 1 58 -11 282 44 N N N N -1683 -511 -63 312 312
1 20001 127 -83 1 2 0 0 0 0 -6 43 -6 287 54 N N N N -1160 -355 -77 222 222
1 19999 127 -95 1 0 0 0 0 0 -15 48 -4 227 81 N N N N -1181 -358 -59 224 224
1 20002 116 -106 0 -1 0 0 0 0 -26 50 2 164 50 N N N N -868 -264 -50 167 167
1 19999 122 -159 1 -2 0 0 0 0 -56 64 7 236 63 N N N N -941 -283 -44 180 180
1 20413 143 -211 -2 4 0 0 0 0 -94 57 21 548 92 N N N N -652 -199 -57 129 129
1 22059 105 -75 22 -123 40 -1416 0 2 -41 -4 76 198 87 N N N N -568 -174 -68 115 115
1 19999 104 25 6 -1 0 0 0 0 12 -2 -3 35 65 N N N N -43 -14 -18 11 11
1 20000 105 1 0 -1 0 0 0 0 0 -1 1 89 56 N N N N 344 98 -45 -57 -57
1 20000 103 -78 3 2 0 0 0 0 -40 7 11 244 54 N N N N 419 121 -41 -71 -71
1 20001 100 -74 2 1 0 0 0 0 -39 1 10 240 57 N N N N 481 140 -30 -83 -83
1 19999 111 -46 1 -2 0 0 0 0 -24 -2 6 88 62 N N N N 428 123 -43 -71 -71
1 20001 108 -2 1 1 0 0 0 0 -1 -1 1 -33 58 N N N N 498 143 -30 -86 -86
1 20000 108 45 0 -4 0 0 0 0 23 3 -6 -497 55 N N N N 411 121 -13 -72 -72
1 20001 118 15 -3 5 0 0 0 0 9 0 -2 445 31 N N N N 251 69 -45 -37 -37
1 19998 111 16 2 -2 0 0 0 0 8 0 -1 392 52 N N N N 91 26 -15 -14 -14
1 25000 152 106 -19 -121 0 -1386 0 -2 58 -34 38 346 32 N N N N -488 -145 -16 90 90
1 20588 119 187 0 33 -1 202 1 -1 90 -20 -47 146 37 N N N N -274 -87 -52 58 58
1 19414 99 164 6 88 -6 1192 -1 3 65 -38 -58 194 67 N N N N -135 -41 -32 29 29
1 19998 117 87 6 -1 0 0 0 0 29 -35 -7 100 57 N N N N 304 86 -20 -51 -51
1 20000 124 21 2 -3 0 0 0 0 5 -9 -3 -87 44 N N N N 683 200 -16 -120 -120
1 20000 120 -64 -4 3 0 0 0 0 -19 27 6 70 16 N N N N 720 211 -4 -127 -127
1 20000 111 -114 1 2 0 0 0 0 -42 42 14 263 26 N N N N 622 180 -20 -106 -106
1 20000 112 -69 0 1 0 0 0 0 -29 21 9 105 26 N N N N 770 222 -36 -129 -129
1 20001 122 -92 3 -2 0 0 0 0 -43 22 13 55 26 N N N N 524 150 -34 -86 -86
1 19999 121 -66 1 0 0 0 0 0 -32 12 10 63 41 N N N N 501 145 -14 -84 -84
1 20001 109 -36 1 0 0 0 0 0 -18 4 6 0 31 N N N N 486 142 -6 -83 -83
1 19999 109 -41 0 -1 1 -1 0 0 -21 4 6 74 15 N N N N 375 108 -14 -62 -62
1 20000 116 -88 -3 0 0 0 0 0 -45 3 13 186 24 N N N N 380 109 -20 -61 -61
1 20001 102 -95 -2 2 0 0 0 0 -48 -4 13 15 19 N N N N 229 63 -24 -35 -35
1 20000 94 -86 3 0 0 0 0 0 -44 -9 11 70 21 N N N N 191 53 -22 -28 -28
1 19999 108 -71 1 0 0 0 0 0 -34 -14 9 135 41 N N N N 195 56 -16 -31 -31
1 20000 99 -28 2 2 0 0 0 0 -13 -6 2 -128 30 N N N N 192 53 -19 -28 -29
1 20000 107 -8 -1 -3 0 0 0 0 -4 -2 2 206 35 N N N N 216 61 -14 -35 -34
1 20000 112 -54 0 1 0 0 0 0 -24 -14 5 150 32 N N N N 193 53 -25 -27 -27
1 20000 111 -78 3 1 0 0 0 0 -33 -23 7 147 38 N N N N 229 63 -28 -34 -34
1 23472 134 -27 -23 -123 0 -1385 0 -2 -3 -52 49 142 52 N N N N 243 67 -26 -35 -35
1 19999 123 129 7 -1 0 0 0 0 50 42 -7 94 14 N N N N 95 25 -20 -12 -12
1 19998 128 151 -1 3 0 0 0 0 71 35 -14 65 18 N N N N 44 11 -14 -5 -5
1 20000 122 179 0 -1 0 0 0 0 91 17 -23 47 20 N N N N 192 55 -11 -30 -30
1 20002 142 196 0 0 0 0 0 0 99 -13 -33 116 18 N N N N 79 21 -12 -11 -11
1 25352 157 226 -2 122 -9 1384 1 2 98 -37 -86 194 38 N N N N 286 80 -24 -43 -43
1 20000 134 133 9 0 0 0 0 0 43 -53 -14 67 29 N N N N 149 41 -17 -21 -21
1 20000 118 130 2 -3 0 0 0 0 29 -62 -8 65 28 N N N N 193 53 -19 -28 -28
1 20001 138 100 1 2 0 0 0 0 13 -51 -4 62 35 N N N N 222 63 -13 -35 -35
1 19999 142 -3513 1 -1 0 0 0 0 2 -46 -3 48 25 N N N N 151 41 -13 -22 -22
1 20000 141 103 -1 -1 0 0 0 0 -6 -54 -1 -415 43 N N N N 94 25 -22 -11 -11
1 20000 138 70 3 2 0 0 0 0 -11 -36 1 -743 49 N N N N 152 39 -34 -18 -18
1 20000 136 7 -4 -1 0 0 0 0 -1 -3 0 88 49 N N N N 384 105 -37 -56 -56
1 20000 128 -48 0 1 0 0 0 0 8 24 -2 829 22 N N N N 327 92 -22 -49 -49
1 20000 140 -64 2 1 0 0 0 0 7 33 1 744 22 N N N N 469 132 -24 -71 -71
1 44237 304 3301 -10 123 -10 1404 0 -2 -20 159 -17 399 54 N N N N 730 203 -51 -108 -108
1 40000 277 -357 5 -3 0 0 0 0 -122 143 14 252 87 N N N N 846 236 -54 -125 -125
1 41528 281 -342 -5 -120 0 -1407 0 2 -169 26 103 216 63 N N N N 902 254 -33 -137 -137
1 40000 277 -188 4 2 0 0 0 0 -94 -23 27 104 64 N N N N 595 166 -35 -87 -87
1 40002 274 -124 4 -2 0 0 0 0 -57 -30 13 74 49 N N N N 172 43 -34 -20 -20
1 39999 260 -75 -1 2 0 0 0 0 -30 -23 8 186 54 N N N N 781 219 -34 -115 -115
1 40000 282 5 1 -1 0 0 0 0 1 2 -1 -58 60 N N N N 928 259 -45 -135 -135
1 43586 300 251 -14 -123 0 -1386 0 -2 116 24 28 378 35 N N N N -195 -61 -23 36 36
1 39999 291 386 -1 -1 0 0 0 0 194 7 -60 146 26 N N N N -1866 -540 -19 298 298
1 41709 278 284 10 122 -10 1392 0 2 118 -59 -91 146 43 N N N N -356 -105 -17 60 60
1 40000 270 220 -1 -2 0 0 0 0 55 -101 -19 44 58 N N N N 2510 716 -28 -388 -388
1 40001 279 -2 1 -2 0 0 0 0 -1 1 0 61 37 N N N N 1005 284 -24 -150 -150
1 39998 274 -67 0 1 0 0 0 0 -12 33 5 264 40 N N N N 369 98 -38 -48 -48
1 40001 279 -97 -1 3 0 0 0 0 -25 45 7 115 46 N N N N 401 107 -37 -52 -52
1 43529 282 -299 -12 125 -10 1408 0 -2 -116 110 -22 251 47 N N N N -199 -63 -33 39 38
1 42176 286 -350 2 -126 0 -1432 0 2 -176 10 115 211 54 N N N N -1336 -390 -37 214 215
1 40001 279 -259 2 -1 0 0 0 0 -122 -50 35 116 46 N N N N -622 -183 -27 103 103
1 39999 285 -193 4 -1 0 0 0 0 -72 -68 16 115 43 N N N N 3344 952 -19 -508 -508
1 39999 288 -160 -1 2 0 0 0 0 -39 -70 9 32 22 N N N N 711 199 -17 -103 -103
1 40000 304 -127 0 -1 0 0 0 0 -17 -62 1 167 47 N N N N -249 -77 -28 44 44
1 43707 331 150 -11 -121 0 -1362 -1 -2 26 28 20 160 36 N N N N 500 136 -33 -67 -67
1 40000 326 392 0 -3 0 0 0 0 131 148 -4 142 32 N N N N 656 181 -27 -91 -91
1 39998 320 408 -1 5 0 0 0 0 202 46 -55 173 44 N N N N 1459 409 -28 -209 -209
1 42177 321 343 24 122 21 1400 0 2 151 -55 -99 -3548 45 N N N N 104 28 -6 -14 -14
1 40002 288 -123 4 3 0 0 0 0 -50 41 15 3617 25 N N N N -222 -69 -27 40 40
1 39999 304 -134 3 2 0 0 0 0 -63 31 18 159 40 N N N N 83 18 -24 -6 -6
1 39999 287 -10 -1 -4 0 0 0 0 -5 2 2 -2710 44 N N N N 239 61 -29 -28 -28
1 40000 273 -66 1 1 0 0 0 0 -33 9 9 2767 18 N N N N -505 -148 -21 80 80
1 40002 289 -81 -1 1 0 0 0 0 -42 6 11 137 21 N N N N -1326 -381 -18 201 201
1 39998 272 -74 3 -3 0 0 0 0 -39 0 11 -83 35 N N N N -1254 -361 -23 193 193
1 40000 275 -108 -2 3 0 0 0 0 -55 -9 13 95 26 N N N N -421 -123 -18 68 68
1 40002 272 -60 -2 -3 0 0 0 0 -29 -9 9 387 29 N N N N -717 -208 -25 114 114
1 40001 258 -77 2 3 0 0 0 0 -37 -16 8 -208 36 N N N N -243 -73 -18 41 41
1 44997 311 209 -15 -125 0 -1405 0 -2 107 -3 33 414 21 N N N N -3131 -890 -14 482 482
1 39957 280 449 -1 117 -6 1395 0 2 218 -25 -123 197 24 N N N N -2944 -837 -23 465 465
1 40807 256 127 14 4 0 0 0 0 46 -47 -10 -829 70 N N N N 1637 457 -36 -249 -249
1 40000 256 -164 -1 1 0 0 0 0 -63 58 18 1150 41 N N N N 1628 455 -27 -245 -245
1 40000 264 -172 -3 0 0 0 0 0 -81 38 22 117 39 N N N N 126 31 -30 -13 -13
1 39999 270 -102 3 2 0 0 0 0 -52 11 15 -48 34 N N N N -112 -36 -23 22 22
1 40002 262 -58 0 2 0 0 0 0 -30 2 8 83 26 N N N N 2396 674 -11 -362 -362
1 44589 294 241 -13 -125 0 -1389 -1 -2 124 -50 16 227 20 N N N N -1340 -382 -20 208 208
1 44352 304 379 5 121 -9 1388 -1 2 137 -113 -97 145 36 N N N N -1495 -426 -22 234 234
1 39998 260 144 1 1 0 0 0 0 24 -72 -7 -1702 31 N N N N -3023 -856 -22 474 474
1 40003 261 -3401 2 -1 0 0 0 0 0 -105 -4 1078 34 N N N N -401 -115 -15 67 67
1 40000 273 126 3 0 0 0 0 0 -20 -64 4 -697 34 N N N N 1595 446 -17 -246 -246
1 39998 281 119 2 2 0 0 0 0 -31 -55 6 1385 38 N N N N 3042 853 -25 -462 -462
1 44532 315 -225 -19 122 -10 1393 0 -2 49 115 -3 483 32 N N N N 2583 721 -26 -383 -383
1 40354 282 3312 9 -3 0 0 0 0 -7 149 -21 120 40 N N N N 1389 385 -25 -200 -200
1 40293 282 -287 -4 6 0 0 0 0 -80 128 -1 67 25 N N N N 760 211 -13 -109 -109
1 43085 325 -351 -5 -135 0 -1396 -1 2 -163 64 101 104 24 N N N N 172 45 -13 -21 -21
1 40794 292 -275 8 9 0 0 0 0 -141 -16 37 -35 21 N N N N -289 -84 -16 46 46
1 40001 310 -150 3 0 0 0 0 0 -69 -35 17 263 39 N N N N -754 -217 -24 117 117
1 40000 303 -186 -2 -1 0 0 0 0 -68 -65 19 187 39 N N N N 18 -2 -32 5 5
1 40001 301 -128 0 2 0 0 0 0 -34 -55 5 111 51 N N N N -1167 -333 -29 180 180
1 39999 319 -75 0 1 0 0 0 0 -14 -35 3 -9 29 N N N N -711 -204 -22 111 111
1 44061 350 215 -14 -124 0 -1379 -1 -2 56 51 27 113 19 N N N N -2958 -831 -17 449 449
1 40001 336 436 1 0 0 0 0 0 188 119 -29 125 22 N N N N -1700 -479 -13 263 263
1 41339 330 416 -1 124 -8 1385 -1 2 205 -5 -124 167 27 N N N N -2047 -576 -22 322 322
1 40778 325 196 10 -2 0 0 0 0 75 -68 -21 -692 40 N N N N -1855 -522 -23 296 296
1 39999 295 150 4 -2 0 0 0 0 39 -68 -12 80 50 N N N N -1989 -559 -25 320 320
1 40000 320 64 0 1 0 0 0 0 10 -32 -5 -1554 33 N N N N -1037 -293 -26 172 172
1 40000 330 56 -1 2 0 0 0 0 7 -29 -4 2323 24 N N N N -244 -70 -13 41 41
1 40001 306 33 -2 1 0 0 0 0 2 -17 -1 -117 31 N N N N -560 -159 -21 95 95
1 44116 361 -277 -9 122 -10 1392 -1 -2 -50 140 -22 584 27 N N N N -1682 -472 -22 277 277
1 40000 310 -335 -2 0 0 0 0 0 -135 112 25 97 24 N N N N -1501 -420 -14 250 250
1 42236 318 -262 1 -123 -1 -1405 0 2 -133 5 100 -262 38 N N N N -1627 -456 -30 275 275
1 40000 321 -101 3 0 0 0 0 0 -51 -10 16 530 38 N N N N -1355 -379 -27 231 231
1 40000 321 -1 2 0 0 0 0 0 -1 0 -1 123 51 N N N N -255 -73 -23 47 47
1 40001 309 -1 2 -1 0 0 0 0 -1 0 1 25 20 N N N N 297 81 -14 -49 -49
1 39999 331 18 1 0 0 0 0 0 8 3 -3 135 41 N N N N 958 264 -32 -155 -155
1 42410 340 226 3 -124 31 -1382 -1 -2 116 -25 25 264 35 N N N N -158 -46 -29 30 30
1 41767 306 384 5 124 -6 1389 0 2 172 -61 -112 -26 57 N N N N -922 -259 -30 159 159
1 40000 293 189 6 -2 0 0 0 0 54 -83 -14 -2574 74 N N N N -1483 -414 -40 256 256
1 40002 316 10 2 1 0 0 0 0 1 -5 -1 2868 35 N N N N -1532 -426 -17 263 263
1 39999 303 -176 -2 3 0 0 0 0 -47 79 15 307 25 N N N N -1007 -280 -19 176 176
1 39999 303 -112 -1 0 0 0 0 0 -42 41 13 76 41 N N N N -1126 -313 -34 199 199
1 44767 334 -332 -17 -9 -10 2 -1 0 -156 60 49 372 67 N N N N -816 -228 -45 147 147
1 40820 294 -313 7 7 0 0 0 0 -158 -28 41 135 56 N N N N -165 -46 -34 32 32
1 40000 296 -163 6 4 0 0 0 0 -71 -45 16 63 39 N N N N 100 26 -20 -15 -15
1 40000 301 -74 0 -4 0 0 0 0 -27 -28 6 44 27 N N N N 262 72 -14 -44 -44
1 40000 288 -51 -1 2 0 0 0 0 -16 -19 5 102 33 N N N N 109 30 -17 -17 -17
1 40000 277 -117 0 -1 0 0 0 0 -31 -51 6 135 29 N N N N -112 -32 -17 21 21
1 46060 327 144 -17 -126 0 -1386 -1 -2 44 17 30 237 42 N N N N -322 -91 -48 61 61
1 40000 300 417 3 0 0 0 0 0 179 115 -26 146 49 N N N N -179 -50 -25 34 34
1 40650 281 412 -2 32 -1 203 1 -1 205 -14 -83 276 46 N N N N -470 -131 -40 86 86
1 39349 265 187 12 92 -8 1184 -1 3 73 -47 -60 -5730 80 N N N N -354 -98 -35 65 65
1 40001 256 43 1 3 0 0 0 0 14 -17 -6 4661 59 N N N N 409 111 -30 -68 -68
1 40000 249 -22 0 0 0 0 0 0 -7 9 3 1117 51 N N N N 319 87 -33 -52 -52
1 40001 269 -16 -1 -3 0 0 0 0 -5 6 2 204 51 N N N N -65 -19 -28 14 14
1 39999 231 -115 -2 1 0 0 0 0 -43 42 13 638 63 N N N N -187 -53 -42 37 37
1 48531 289 -375 2 2 22 -10 -1 0 -181 62 55 413 95 N N N N -383 -107 -76 74 74
1 39999 221 -203 16 -3 0 0 0 0 -107 -17 28 66 60 N N N N -823 -225 -30 146 146
1 40000 224 -94 0 2 0 0 0 0 -44 -19 11 138 51 N N N N -1020 -280 -33 180 180
1 39999 243 -161 0 1 0 0 0 0 -67 -48 15 311 71 N N N N -620 -170 -38 112 112
1 40003 229 -227 -3 -2 0 0 0 0 -67 -93 15 234 65 N N N N 19 5 -46 1 1
1 39998 219 -130 5 2 0 0 0 0 -22 -62 1 300 83 N N N N -61 -18 -55 15 15
1 44116 268 177 -15 -125 1 -1375 -1 -2 37 39 25 176 68 N N N N 55 15 -41 -6 -6
1 40000 244 423 0 0 0 0 0 0 161 143 -9 222 43 N N N N 212 57 -34 -34 -34
1 40000 260 406 0 2 0 0 0 0 206 15 -58 344 67 N N N N 524 141 -52 -86 -86
1 43237 271 342 7 121 -6 1384 0 2 140 -80 -97 -525 71 N N N N 530 143 -22 -90 -90
1 40000 241 83 4 1 0 0 0 0 23 -37 -5 13 47 N N N N 325 88 -23 -53 -53
1 40000 247 -118 -4 -2 0 0 0 0 -34 52 10 33 47 N N N N 147 39 -38 -22 -22
1 39999 274 -133 5 4 0 0 0 0 -51 48 15 1003 63 N N N N 256 68 -39 -40 -40
1 39999 250 -113 -1 -2 0 0 0 0 -50 31 16 347 88 N N N N 297 79 -48 -46 -46
1 40002 272 -161 -2 -1 -1 0 0 0 -80 25 22 379 97 N N N N 4 -1 -59 5 5
1 39998 272 -175 -1 4 0 0 0 0 -91 2 23 258 81 N N N N -31 -10 -60 12 12
1 40003 278 27 5 -2 0 0 0 0 13 1 -3 -984 78 N N N N -111 -31 -48 23 23
1 39997 282 84 -1 -3 0 0 0 0 44 0 -10 -2516 89 N N N N -234 -64 -49 44 44
1 40003 273 -185 -5 4 0 0 0 0 -94 -9 24 4096 68 N N N N 0 -1 -39 4 4
1 43703 321 204 -14 -123 1 -1383 -1 -2 108 -22 28 344 50 N N N N -333 -91 -39 60 60
1 43354 318 431 0 120 -10 1380 0 2 195 -68 -118 -30 36 N N N N -451 -121 -13 78 78
1 39999 294 201 10 0 0 0 0 0 53 -90 -15 -1722 36 N N N N 89 23 -19 -14 -14
1 40001 294 149 1 0 0 0 0 0 16 -77 -8 815 40 N N N N 240 64 -23 -38 -38
1 39999 307 4 2 0 0 0 0 0 1 -2 2 1093 39 N N N N 254 68 -28 -40 -40
1 40000 321 2 -1 0 0 0 0 0 0 -1 -1 -19 34 N N N N 173 45 -25 -27 -27
1 44061 350 -277 -11 124 -10 1391 -2 -2 -45 143 -21 193 29 N N N N 198 53 -24 -31 -31
1 40000 320 -362 -6 -1 0 0 0 0 -145 122 21 693 80 N N N N 33 7 -55 0 0
1 43823 335 -324 2 -124 0 -1387 0 2 -165 -3 110 -192 51 N N N N 526 139 -28 -85 -85
1 40001 323 -266 6 5 0 0 0 0 -124 -56 31 597 70 N N N N 365 96 -42 -56 -56
1 39998 333 -195 0 -1 0 0 0 0 -68 -72 17 139 74 N N N N -134 -37 -40 26 26
1 40001 330 -187 -2 -1 0 0 0 0 -38 -86 9 92 39 N N N N -325 -87 -27 57 57
1 40000 348 -104 6 -2 0 0 0 0 -12 -52 -2 -196 54 N N N N 285 74 -41 -43 -43
1 44117 383 233 -18 -127 0 -1386 0 -2 40 66 24 759 62 N N N N 418 110 -40 -65 -65
1 39999 351 321 4 1 0 0 0 0 110 121 -3 182 58 N N N N 183 48 -37 -26 -26
1 40000 370 327 -3 4 0 0 0 0 160 54 -38 52 34 N N N N 46 11 -15 -6 -6
1 46001 415 398 -3 120 -8 1388 -1 2 188 -38 -121 82 25 N N N N -10 -3 -13 3 3
1 39999 347 247 13 2 0 0 0 0 76 -102 -22 -451 29 N N N N 11 2 -15 0 0
1 40001 352 121 2 2 0 0 0 0 19 -61 -8 -1747 33 N N N N 6 1 -17 1 1
1 39999 358 61 -1 -3 0 0 0 0 4 -32 -3 965 49 N N N N 253 66 -33 -38 -38
1 40000 364 -61 -4 1 0 0 0 0 -4 32 1 1450 48 N N N N 555 145 -36 -86 -86
1 40001 369 -64 5 2 0 0 0 0 -8 33 6 280 34 N N N N 1673 442 -25 -267 -267
1 45117 409 -313 -15 121 -10 1398 -1 -2 -90 141 -22 266 34 N N N N 2222 585 -21 -351 -351
1 42119 377 -430 -7 -119 0 -1403 0 2 -205 60 114 156 39 N N N N 1354 356 -29 -208 -208
1 40000 355 -227 14 -2 0 0 0 0 -114 -30 36 -22 35 N N N N 821 215 -21 -125 -125
1 40000 376 -137 0 3 0 0 0 0 -60 -36 15 458 74 N N N N 513 131 -52 -71 -71
1 40000 369 -28 1 0 0 0 0 0 -10 -10 3 -34 44 N N N N 766 199 -28 -114 -114
1 40000 377 179 0 -2 0 0 0 0 76 49 -21 -15 59 N N N N 822 213 -38 -120 -120
1 40000 363 216 3 -2 0 0 0 0 106 26 -31 127 73 N N N N 575 147 -43 -80 -80
1 43970 392 380 -18 14 28 14 -1 -2 188 -50 -68 865 59 N N N N 766 196 -48 -108 -108
1 40439 355 201 30 -15 1 -1 0 2 71 -76 -8 -274 46 N N N N 781 202 -28 -112 -112
1 40002 332 150 6 1 0 0 0 0 35 -70 -10 -3608 43 N N N N 199 50 -15 -27 -27
1 39998 337 -71 -1 -1 0 0 0 0 -14 35 3 3979 35 N N N N 121 30 -18 -15 -15
1 40000 327 -133 -2 3 0 0 0 0 -38 58 14 187 22 N N N N 552 143 -17 -80 -80
1 40000 329 -102 3 -4 0 0 0 0 -39 37 12 53 30 N N N N 63 14 -21 -5 -5
1 45126 367 -295 -12 91 -7 1187 0 -2 -138 77 -10 194 17 N N N N -78 -23 -19 14 14
1 38995 325 -272 -3 -89 -1 -1200 -1 2 -137 -24 89 -444 35 N N N N 324 82 -29 -43 -43
1 39999 301 -226 6 1 0 0 0 0 -104 -54 25 765 45 N N N N 840 217 -25 -119 -119
1 39998 316 -174 1 1 0 0 0 0 -60 -64 14 97 35 N N N N 527 135 -17 -74 -74
1 40002 320 -122 0 -1 0 0 0 0 -31 -54 5 68 30 N N N N 275 70 -15 -38 -38
1 40000 315 -153 -1 0 0 0 0 0 -20 -74 3 265 42 N N N N 417 105 -29 -55 -55
1 43470 333 130 -15 -125 0 -1386 0 -2 22 18 20 143 39 N N N N 476 120 -32 -63 -63
1 40000 329 459 -3 -1 0 0 0 0 155 172 -3 216 38 N N N N 245 60 -29 -30 -30
1 40000 318 436 6 -1 0 0 0 0 217 30 -61 265 59 N N N N 193 44 -44 -20 -20
1 44295 336 256 7 125 -9 1386 -1 2 113 -40 -91 -3296 76 N N N N 369 91 -37 -46 -46
1 40001 301 -93 -1 0 0 0 0 0 -38 30 11 3497 48 N N N N -72 -22 -26 16 16
1 39999 303 -138 0 4 0 0 0 0 -64 32 20 272 56 N N N N -473 -128 -39 75 75
1 40000 306 -26 2 -3 0 0 0 0 -13 5 3 -384 49 N N N N -765 -203 -28 115 115
1 40001 300 -11 -1 4 0 0 0 0 -5 1 2 -921 51 N N N N -638 -169 -27 97 97
1 39999 301 -2 -1 -3 0 1 0 0 -1 0 1 1489 36 N N N N -350 -93 -22 55 55
1 40001 304 -45 1 1 0 0 0 0 -23 6 6 338 40 N N N N -16 -8 -28 7 7
1 39999 297 -154 3 -4 0 0 0 0 -80 5 25 150 39 N N N N -65 -20 -26 14 14
1 40000 297 -143 0 4 0 0 0 0 -72 -14 19 77 23 N N N N -591 -154 -10 88 88
1 40000 296 -174 0 -3 0 0 0 0 -80 -40 22 45 28 N N N N -412 -109 -18 63 63
1 44588 330 119 -18 -123 0 -1384 -1 -2 59 -10 42 319 27 N N N N -11 -6 -28 6 6
1 40000 304 368 6 1 0 0 0 0 183 30 -54 193 34 N N N N 339 84 -30 -44 -44
1 42236 310 319 5 123 -10 1391 -1 2 142 -52 -103 24 64 N N N N 321 79 -37 -40 -40
1 39999 279 10 -1 -2 0 0 0 0 3 -4 -1 -131 43 N N N N 574 146 -18 -79 -79
1 40000 277 -184 0 2 0 0 0 0 -76 58 24 28 35 N N N N 642 161 -29 -87 -87
1 40001 268 -120 0 2 0 0 0 0 -58 22 19 522 35 N N N N 1353 347 -14 -191 -191
1 40000 281 -65 -2 -1 0 0 0 0 -32 7 10 74 28 N N N N 1841 471 -22 -255 -255
1 43802 296 224 10 -4 22 -7 0 0 107 -40 -30 262 42 N N N N 1815 463 -24 -248 -248
1 40609 263 -35 5 1 0 0 0 0 -16 9 7 -94 28 N N N N 361 90 -19 -46 -46
1 40000 253 -232 2 3 0 0 0 0 -116 33 32 187 20 N N N N 285 71 -14 -36 -36
1 40000 263 -108 1 -2 0 0 0 0 -57 0 15 88 23 N N N N 407 102 -12 -53 -53
1 39998 250 -20 1 2 0 0 0 0 -10 -1 3 127 41 N N N N 29 3 -26 1 1
1 40000 271 42 1 -2 0 0 0 0 21 2 -6 -1354 31 N N N N 1036 263 -20 -137 -137
1 45384 297 322 -18 -88 0 -1176 1 -3 165 -51 -10 1575 13 N N N N -1028 -266 -10 142 142
1 39444 272 278 6 91 -8 1179 -2 3 105 -81 -72 -27 13 N N N N -821 -212 -9 115 115
1 39998 285 235 6 -2 0 0 0 0 43 -115 -15 -492 19 N N N N -468 -121 -10 66 66
1 40000 278 -3478 1 1 0 0 0 0 2 -65 -3 -1523 16 N N N N -206 -55 -10 31 31
1 40000 276 75 -2 2 0 0 0 0 -6 -39 1 675 37 N N N N 49 9 -26 -2 -2
1 40000 305 -18 0 -4 0 0 0 0 2 9 -2 464 22 N N N N 50 10 -14 -4 -4
1 42529 307 3339 -12 127 -10 1399 0 -2 -6 141 -17 1209 11 N N N N -241 -63 -12 36 36
1 40000 310 -298 5 -5 0 0 0 0 -84 134 5 234 27 N N N N -100 -28 -17 17 17
1 41674 313 -327 -9 -120 0 -1404 -1 2 -150 64 92 57 16 N N N N -503 -130 -7 71 71
1 40799 323 -283 4 1 0 0 0 0 -144 -13 43 -180 6 N N N N -216 -56 -2 31 30
1 39999 310 -173 5 1 0 0 0 0 -80 -39 21 216 13 N N N N 34 7 -10 -3 -2
1 39999 329 -110 3 -2 0 0 0 0 -44 -37 11 66 17 N N N N 6 0 -14 2 2
1 40000 323 -63 -6 2 0 0 0 0 -20 -23 5 309 41 N N N N 24 0 -39 4 4
1 40000 330 -106 1 -4 0 0 0 0 -29 -47 8 -16 43 N N N N 67 13 -27 -4 -4
1 43587 353 164 -12 -121 0 -1380 0 -2 54 24 30 385 49 N N N N 364 87 -34 -43 -43
1 40000 363 405 0 -1 0 0 0 0 180 101 -33 89 28 N N N N 92 21 -20 -9 -9
1 38337 320 394 2 138 21 1386 0 0 193 -5 -127 94 28 N N N N -40 -13 -14 8 8
1 41663 338 22 25 -16 1 -1 0 2 7 -8 11 -688 34 N N N N 174 43 -13 -21 -21
1 40002 332 -209 5 2 0 0 0 0 -101 43 29 755 18 N N N N 186 45 -14 -23 -23
1 39999 306 -94 -1 -1 0 0 0 0 -48 6 13 -12 21 N N N N 108 25 -13 -12 -12
1 40000 332 2 2 1 0 0 0 0 0 1 -1 -760 22 N N N N 21 4 -13 0 0
1 39999 335 30 -1 -2 0 0 0 0 16 -2 -3 -44 36 N N N N 1337 335 -28 -176 -176
1 48411 394 271 -15 5 -6 0 -1 0 134 -47 -44 1358 40 N N N N 3847 973 -26 -510 -510
1 40826 318 186 10 -5 0 0 0 0 69 -68 -17 -238 27 N N N N 2292 580 -10 -299 -299
1 39999 325 -69 -3 2 0 0 0 0 -23 28 7 255 16 N N N N 1319 334 -11 -169 -169
1 40001 309 -36 1 2 0 0 0 0 -14 13 4 -6 18 N N N N -373 -98 -13 52 52
1 40001 309 -19 2 -2 0 0 0 0 -7 7 3 -501 23 N N N N 43 8 -14 -2 -2
1 39998 311 -77 -1 0 0 0 0 0 -33 23 10 694 17 N N N N -428 -111 -13 58 58
1 42942 333 -292 -28 0 -10 -13 -1 0 -138 46 38 184 13 N N N N -2051 -523 -14 271 271
1 40000 302 -260 20 -3 0 0 0 0 -135 -23 40 12 15 N N N N -1582 -403 -8 211 211
1 39999 282 -229 0 2 0 0 0 0 -98 -62 25 130 23 N N N N -1048 -269 -17 143 143
1 40003 299 -153 0 4 0 0 0 0 -49 -59 10 100 30 N N N N -1110 -285 -21 153 153
1 39997 308 -28 3 -2 0 0 0 0 -8 -13 1 -564 32 N N N N -626 -162 -18 88 88
1 40003 297 -127 -7 -3 0 0 0 0 -23 -60 8 527 34 N N N N -343 -91 -27 52 52
1 44115 315 94 -12 -122 0 -1372 0 -2 21 0 21 498 28 N N N N -286 -76 -21 43 43
1 40647 305 410 6 0 0 0 0 0 145 148 -8 183 24 N N N N 3 -3 -23 4 4
1 40000 293 438 -1 -1 0 0 0 0 219 29 -62 123 52 N N N N 1513 378 -28 -197 -197
1 43587 312 232 5 122 -10 1377 0 2 103 -32 -89 -759 36 N N N N 1861 468 -12 -244 -244
1 39999 290 -5 2 3 0 0 0 0 -2 2 1 -167 10 N N N N -260 -67 -4 35 35
1 40000 269 -100 0 -1 0 0 0 0 -42 30 14 638 5 N N N N -1394 -353 -6 186 186
1 40000 295 -106 1 1 0 0 0 0 -50 23 16 263 11 N N N N -1233 -313 -8 166 166
1 40000 286 -76 -1 -1 0 0 0 0 -38 11 11 93 16 N N N N -397 -102 -12 56 56
1 40000 289 -66 1 1 0 0 -1 0 -34 5 10 -74 25 N N N N 430 106 -19 -54 -54
1 40001 289 -163 -2 0 0 0 0 0 -83 -4 25 392 23 N N N N 116 26 -17 -11 -11
1 40001 294 -145 1 3 0 0 0 0 -71 -21 19 127 28 N N N N -123 -34 -20 20 20
1 39999 276 -70 0 -3 0 0 0 0 -32 -17 9 167 39 N N N N -58 -20 -26 13 13
1 40000 305 7 0 -1 0 0 0 0 3 1 -1 -815 28 N N N N 270 66 -16 -32 -32
1 44060 354 270 -16 -120 0 -1371 0 -2 135 9 20 1066 28 N N N N 450 109 -25 -55 -55
1 42353 334 401 -2 119 -9 1382 0 2 194 -22 -122 33 26 N N N N 538 134 -9 -70 -70
1 40000 310 49 13 2 0 0 0 0 19 -16 -2 -69 16 N N N N 280 69 -6 -35 -35
1 39999 323 -43 1 2 0 0 0 0 -18 14 5 158 26 N N N N 867 214 -22 -110 -110
1 40000 326 -61 -3 1 0 0 0 0 -26 17 8 126 31 N N N N 1300 323 -19 -166 -166
1 40001 314 -55 0 -1 0 0 0 0 -25 14 9 181 31 N N N N 1862 463 -22 -236 -236
1 40000 336 -123 2 -2 0 0 0 0 -61 20 18 30 25 N N N N 1361 339 -13 -172 -172
1 40000 324 -118 1 0 0 0 -1 0 -60 6 20 83 20 N N N N 279 67 -11 -33 -33
1 39999 325 -151 -3 3 0 0 0 0 -76 -9 22 85 15 N N N N 83 19 -12 -8 -8
1 40002 339 -56 5 -3 0 0 0 0 -29 -8 8 90 23 N N N N -46 -16 -20 11 11
1 39999 343 0 -3 2 0 0 0 0 1 0 0 85 27 N N N N 1084 268 -18 -133 -133
1 39999 337 -34 -2 -2 0 0 0 0 -16 -6 5 -6 31 N N N N 1636 406 -16 -202 -202
1 44119 386 209 -16 -125 0 -1388 -1 -2 108 -11 28 306 18 N N N N 1489 369 -19 -181 -181
1 42177 369 378 4 123 -9 1376 0 2 181 -20 -120 95 25 N N N N 438 105 -17 -50 -50
1 39999 333 107 10 -1 0 0 0 0 41 -36 -11 -124 28 N N N N 338 82 -10 -40 -40
1 40001 340 -129 -5 6 0 0 0 0 -51 43 15 140 17 N N N N 710 174 -14 -83 -83
1 40000 330 -130 4 -3 0 0 0 0 -60 31 21 167 15 N N N N -1231 -310 -11 154 154
1 39999 358 -124 -1 2 0 0 0 0 -62 14 19 72 18 N N N N -1850 -466 -11 233 233
1 40000 337 -124 -2 -2 0 0 0 0 -63 2 21 83 16 N N N N -573 -146 -13 75 75
1 43587 400 165 -10 -125 0 -1378 0 -2 86 -34 29 41 12 N N N N 235 57 -8 -27 -27
1 42649 362 280 5 124 -11 1389 0 2 128 -33 -101 63 15 N N N N 330 81 -9 -39 -39
1 39997 342 -154 -4 3 0 0 0 0 -67 42 22 93 24 N N N N 46 7 -19 -2 -2
1 40001 345 -187 2 1 0 0 0 0 -92 25 32 102 19 N N N N -804 -204 -14 105 105
1 39999 339 -138 3 0 0 0 0 0 -71 -2 23 80 22 N N N N 148 33 -16 -15 -15
1 40000 330 -130 1 -2 0 0 0 0 -64 -17 20 23 19 N N N N 716 176 -12 -86 -86
1 43590 408 164 -16 -128 0 -1393 -1 -2 84 -16 33 159 21 N N N N 360 86 -17 -41 -41
1 39508 340 364 20 124 20 1388 0 2 175 -8 -115 91 18 N N N N 92 20 -13 -8 -8
1 40493 321 41 10 0 0 0 0 0 17 -12 -3 -138 22 N N N N -266 -69 -9 35 35
1 40000 328 -58 0 4 0 0 0 0 -26 16 7 19 15 N N N N 214 50 -15 -23 -23
1 39999 333 -18 2 0 0 0 0 0 -8 5 3 315 25 N N N N 207 48 -17 -21 -21
1 39999 343 -95 -2 2 0 0 0 0 -45 19 14 56 22 N N N N -71 -21 -12 11 11
1 40001 326 -106 -1 -1 0 0 0 0 -53 13 16 88 17 N N N N 212 50 -11 -23 -23
1 45125 377 277 -17 5 -8 5 -1 0 133 -52 -51 160 23 N N N N 13 -1 -19 3 3
1 39513 247 123 282 37 233 340 -114 -4 17 -30 45 -2205 6 N N N N 138 32 -9 -15 -15
1 40024 198 -56 -47 -5 1 -1 -173 0 -17 19 -8 2133 -6 N N N N -7 -2 -2 2 2
1 39962 149 -82 -7 6 1 6 -168 0 -36 28 -3 75 -11 N N N N -229 -57 -2 29 29
1 54466 25 -90 326 12 484 -5 -182 0 -128 25 54 -1830 -2 N N N N -197 -51 -5 25 25
1 25587 -86 -30 11 -7 2 -4 -108 0 -15 4 -5 1803 23 N N N N -62 -15 1 7 7
1 40007 -215 -83 -45 6 0 3 -168 0 -32 12 -20 64 28 N N N N -22 -5 2 3 3
1 40007 -289 -151 16 -2 0 0 -167 0 -78 2 -33 -19 7 N N N N 133 34 1 -17 -17
1 42369 -332 -120 -92 117 0 1410 -99 2 -38 2 -84 -109 -14 N N N N 163 43 13 -23 -23
1 39999 -356 276 -20 1 0 0 0 0 140 12 56 -84 -17 N N N N 236 62 14 -33 -33
1 38687 -352 131 61 -98 -59 -1402 -73 -2 53 -33 76 -63 -19 N N N N -129 -29 13 13 13
1 76313 -614 -334 -136 -33 0 -1 -162 4 -140 20 -41 -201 -46 N N N N -91 -15 31 3 3
1 40000 -332 -53 -4 5 0 0 0 0 -27 -3 -8 -85 -22 N N N N -223 -52 15 24 24
1 40001 -339 -74 9 -4 0 0 0 0 -39 -10 -9 -64 -19 N N N N -189 -44 13 20 20
1 39999 -350 -65 -5 -6 0 0 0 0 -30 -13 -6 -102 -23 N N N N 135 37 14 -20 -20
1 40000 -322 -60 -2 4 0 0 0 0 -28 -13 -7 -91 -19 N N N N 2 4 14 -4 -4
1 38771 -357 48 166 35 1 0 -110 -4 -14 -9 -3 -76 -29 N N N N -113 -25 15 11 11
1 42111 -385 87 -174 94 -1 1409 -30 2 79 47 -44 -133 -19 N N N N -855 -210 17 102 102
1 40334 -386 577 13 -131 4 -1412 -1 -2 283 -68 141 -106 -34 N N N N 342 92 26 -49 -49
1 39962 -365 178 -14 11 4 -1 -111 4 64 -69 11 -25 -21 N N N N 59 16 8 -9 -9
1 39999 -362 -34 -5 -4 0 0 0 0 -8 14 -5 -90 -12 N N N N -332 -80 11 38 38
1 40000 -392 25 1 -1 0 0 0 0 7 -11 4 -99 -21 N N N N -337 -81 15 39 39
1 40001 -381 -47 3 -5 0 0 0 0 -14 19 -3 -77 -17 N N N N 123 34 13 -19 -19
1 40000 -382 38 -5 6 0 0 0 0 12 -15 0 -100 -25 N N N N 1681 424 18 -214 -214
1 39999 -376 42 4 0 0 0 0 0 10 -19 5 -87 -20 N N N N 586 150 13 -76 -76
1 41000 -430 -285 65 -122 92 -1379 -40 -2 -121 69 35 -155 -47 N N N N 300 81 23 -43 -43
1 42176 -454 -579 -23 124 -32 1390 -26 2 -279 54 -147 -124 -38 N N N N -717 -174 25 82 82
1 39998 -418 -207 -10 -2 0 0 0 0 -85 -61 -19 -203 -45 N N N N -1246 -305 30 149 149
1 40001 -439 -129 -2 -3 0 0 0 0 -41 -51 -9 -69 -23 N N N N -1116 -276 16 136 136
1 40000 -449 -190 3 1 0 0 0 0 -38 -88 -8 -134 -27 N N N N -230 -54 17 25 25
1 39999 -430 -130 -1 1 0 0 0 0 -9 -64 0 -207 -52 N N N N -258 -58 33 25 25
1 40000 -448 -61 -2 -4 0 0 0 0 1 -31 4 -146 -43 N N N N -2371 -589 31 296 296
1 43709 -507 215 1 133 0 1392 0 -2 11 109 -22 -63 -23 N N N N -2054 -513 15 262 262
1 40293 -444 521 -3 -1 0 0 0 0 171 197 1 -145 -30 N N N N -949 -235 22 120 120
1 41411 -488 724 16 -119 8 -1404 0 2 339 -79 167 -98 -21 N N N N -1174 -292 17 151 151
1 40001 -455 109 -7 -5 0 0 0 0 36 -48 10 -147 -40 N N N N -898 -221 27 113 113
1 39999 -464 -137 1 0 0 0 0 0 -44 57 -14 -146 -32 N N N N -353 -85 22 43 43
1 40001 -455 -152 -4 -2 0 0 0 0 -60 48 -21 -130 -33 N N N N 199 53 22 -31 -31
1 39999 -466 -84 -2 -3 0 0 0 0 -38 19 -13 -123 -37 N N N N -76 -15 24 5 5
1 40000 -464 -120 5 -3 0 0 0 0 -61 17 -17 -63 -20 N N N N -898 -224 14 117 117
1 43177 -525 131 -3 133 0 1404 0 -2 65 4 -46 -43 -14 N N N N -148 -36 9 18 18
1 43119 -512 -46 10 -128 11 -1410 0 2 -24 -14 57 -100 -17 N N N N 750 192 13 -103 -103
1 39999 -491 -157 -4 -1 0 0 0 0 -79 14 -24 -170 -38 N N N N -634 -156 27 79 79
1 40000 -494 -58 -5 -2 0 0 0 0 -29 0 -8 -133 -37 N N N N -23 -2 25 -2 -2
1 40000 -481 -28 5 1 0 0 0 0 -15 -1 -6 -174 -40 N N N N -352 -84 26 42 42
1 39999 -487 -127 4 1 0 0 0 0 -65 -13 -20 -150 -40 N N N N 147 41 26 -25 -25
1 41352 -533 120 -1 129 0 1419 0 -2 60 25 -50 -202 -47 N N N N 106 32 32 -21 -21
1 39416 -496 567 -1 -123 -22 -1419 0 2 262 -116 153 -95 -30 N N N N 799 207 24 -112 -112
1 40821 -468 172 -12 4 0 0 0 0 48 -76 14 -81 -22 N N N N 440 114 15 -63 -63
1 39998 -484 -122 -8 -6 0 0 0 0 -27 54 -13 -151 -34 N N N N 1941 496 21 -264 -264
1 40001 -463 -136 4 1 0 0 0 0 -47 54 -15 -41 -17 N N N N 2736 698 16 -364 -364
1 40001 -477 -115 0 -5 0 0 0 0 -49 33 -14 -81 -17 N N N N 1924 491 12 -253 -253
1 39999 -458 -83 0 2 0 0 0 0 -39 20 -12 -136 -29 N N N N 478 126 18 -66 -66
1 39999 -452 -25 -2 -3 0 0 0 0 -12 3 -4 -224 -58 N N N N -1797 -450 37 224 224
1 40000 -480 -41 1 -1 0 0 0 0 -20 7 -5 -116 -37 N N N N -3011 -760 25 391 391
1 40001 -450 -22 -1 2 0 0 0 0 -11 3 -5 -84 -27 N N N N -2234 -566 15 296 296
1 39999 -445 -92 1 5 0 0 0 0 -48 7 -15 -139 -31 N N N N -999 -251 21 132 132
1 40000 -447 -51 -1 -3 0 0 0 0 -26 1 -6 -119 -31 N N N N -758 -190 21 98 98
1 45823 -511 213 7 126 0 1414 0 -2 107 4 -32 -241 -55 N N N N -276 -64 39 30 30
1 41062 -477 442 -9 -122 8 -1416 -1 2 168 -172 116 -265 -65 N N N N -526 -128 40 64 64
1 39999 -422 -137 6 -5 0 0 0 0 -39 59 -11 -144 -49 N N N N 153 44 34 -28 -28
1 40000 -431 -144 5 1 0 0 0 0 -56 52 -17 -78 -29 N N N N 9 6 19 -5 -5
1 40000 -431 -88 0 -1 0 0 0 0 -39 24 -12 -122 -30 N N N N -41 -8 18 2 2
1 39998 -414 -50 -3 0 0 0 0 0 -23 10 -7 -182 -44 N N N N 129 38 28 -23 -23
1 40004 -435 -61 0 -2 0 0 1 0 -29 11 -11 -96 -30 N N N N -361 -90 22 45 45
1 39999 -430 -89 -1 -1 0 0 0 0 -45 9 -13 -64 -18 N N N N 115 32 12 -18 -18
1 39997 -437 -101 0 2 0 0 0 0 -53 2 -15 -108 -28 N N N N -101 -23 19 10 10
1 40000 -422 -108 2 -2 0 0 0 0 -55 -9 -16 -63 -18 N N N N 45 13 13 -9 -9
1 40000 -428 -119 1 3 0 0 0 0 -59 -19 -17 6 3 N N N N 2554 656 1 -351 -351
1 41002 -460 203 3 124 0 1412 0 -2 100 40 -38 -231 -43 N N N N 1334 346 26 -187 -187
1 42175 -459 702 17 -120 8 -1402 0 2 290 -183 168 -146 -41 N N N N -705 -175 28 90 90
1 40000 -455 113 -23 1 0 0 0 0 25 -56 1 -202 -53 N N N N 137 41 33 -26 -26
1 40000 -435 -139 6 -1 0 0 0 0 -25 68 -8 -246 -58 N N N N -373 -89 40 42 42
1 40000 -456 -113 -4 -6 0 0 0 0 -30 48 -13 -193 -58 N N N N -2425 -618 39 326 326
1 40000 -446 -101 5 2 0 0 0 0 -37 39 -12 -230 -64 N N N N -2103 -536 41 286 286
1 40001 -445 -54 -3 3 0 0 0 0 -22 18 -8 -153 -45 N N N N -1842 -470 32 255 255
1 44531 -495 -359 34 -7 10 -5 0 0 -181 53 -54 -242 -66 N N N N -378 -93 34 47 47
1 40000 -454 -132 -23 4 0 0 0 0 -63 -7 -22 -180 -50 N N N N -1225 -312 35 170 170
1 39999 -452 -139 -3 1 0 0 0 0 -67 -24 -20 -66 -26 N N N N -518 -132 18 72 72
1 40000 -470 -158 -2 -1 0 0 0 0 -66 -46 -18 -216 -50 N N N N 537 143 35 -84 -84
1 40000 -468 -124 -2 2 0 0 0 0 -42 -47 -10 -206 -53 N N N N -76 -15 31 5 5
1 40001 -470 -95 5 -3 0 0 0 0 -26 -41 -7 -175 -48 N N N N -92 -20 32 8 8
1 42999 -514 216 7 130 0 1415 -1 -2 66 88 -36 -174 -46 N N N N -15 0 31 -3 -3
1 40001 -493 629 1 5 0 0 0 0 300 85 78 -318 -70 N N N N 928 246 44 -143 -143
1 42704 -500 546 -32 -128 -29 -1413 1 2 195 -222 123 -206 -73 N N N N 1187 315 50 -180 -180
1 40000 -456 -100 6 -3 0 0 0 0 -20 48 -4 -342 -82 N N N N 161 49 50 -33 -33
1 40001 -463 -43 -2 -2 0 0 0 0 -10 19 -4 -107 -49 N N N N -10 2 34 -5 -5
1 39999 -441 -27 2 -1 0 0 0 0 -6 13 -3 -293 -65 N N N N 72 24 35 -17 -17
1 40000 -462 -95 -3 2 0 0 0 0 -31 39 -10 -180 -65 N N N N -418 -103 47 52 52
1 46741 -542 -374 20 -95 8 -1178 0 -3 -172 68 -4 -140 -47 N N N N -426 -108 26 57 57
1 38200 -423 -282 -9 95 1 1184 -1 3 -142 14 -91 -179 -43 N N N N -815 -209 26 114 114
1 40001 -452 -142 -2 -3 0 0 0 0 -66 -31 -17 -202 -52 N N N N -704 -180 35 97 97
1 39999 -461 -150 -1 1 0 0 0 0 -61 -47 -14 -109 -37 N N N N 164 46 27 -29 -29
1 40000 -461 -128 -1 -1 0 0 0 0 -39 -52 -8 -184 -47 N N N N 185 52 26 -32 -32
1 40001 -460 -80 -3 -2 0 0 0 0 -20 -35 -2 -153 -45 N N N N -206 -50 33 24 24
1 44178 -521 311 17 131 0 1410 0 -2 98 124 -38 -439 -98 N N N N -534 -133 62 68 68
1 40130 -469 725 9 -22 1 -203 2 -1 348 26 118 -227 -71 N N N N -1300 -336 47 185 185
1 39869 -437 445 -21 -98 9 -1209 -2 3 124 -216 84 -102 -53 N N N N -1002 -260 33 145 145
1 40000 -458 -70 2 -5 0 0 0 0 -9 34 -2 -378 -78 N N N N -794 -205 47 113 113
1 40000 -438 -70 -1 -4 0 0 0 0 -11 34 -5 -286 -89 N N N N -697 -177 58 97 97
1 40001 -444 -113 5 2 0 0 0 0 -30 52 -9 -159 -57 N N N N -833 -216 39 121 121
1 39999 -430 -90 -3 -2 0 0 0 0 -29 36 -10 -192 -51 N N N N -1431 -376 32 217 217
1 44329 -469 -358 17 -89 8 -1176 2 -3 -166 62 -7 -239 -68 N N N N -1857 -488 38 286 286
1 39847 -421 -310 -17 95 0 1187 -2 3 -154 8 -95 -160 -53 N N N N -2037 -537 37 319 319
1 40000 -428 -198 6 -6 0 0 0 0 -88 -52 -23 -165 -47 N N N N -1222 -322 30 193 193
1 40000 -430 -167 -4 2 0 0 0 0 -57 -62 -13 -136 -40 N N N N -606 -160 24 96 96
1 40000 -427 -106 4 -2 0 0 0 0 -26 -47 -9 -435 -84 N N N N -337 -87 52 49 49
1 40000 -429 -91 -1 -1 0 0 0 0 -15 -43 -2 -286 -105 N N N N -276 -70 70 37 37
1 42293 -462 182 4 133 0 1402 0 -2 36 84 -31 -348 -98 N N N N -434 -114 60 65 65
1 40002 -445 655 11 1 0 0 0 0 285 155 51 -255 -85 N N N N 44 14 52 -13 -13
1 43059 -445 634 -32 -122 -22 -1422 0 2 253 -209 146 -106 -45 N N N N -29 -7 31 2 2
1 39998 -410 -91 6 -5 0 0 0 0 -21 42 -5 -340 -72 N N N N 396 108 45 -70 -70
1 40001 -404 -49 1 -2 0 0 0 0 -12 22 -5 -50 -43 N N N N -272 -72 28 42 42
1 40000 -398 -37 -1 0 0 0 0 0 -12 15 -3 -134 -33 N N N N -427 -113 19 68 68
1 40000 -415 -87 -3 -2 0 0 0 0 -29 33 -11 -194 -56 N N N N -557 -148 39 89 89
1 43411 -435 -264 16 -121 9 -1379 0 -2 -122 36 23 -201 -48 N N N N -521 -139 27 85 85
1 43236 -466 -332 -6 120 0 1393 0 2 -168 33 -109 -310 -82 N N N N -361 -95 48 56 56
1 40001 -408 -146 2 -1 0 0 0 0 -69 -30 -20 -341 -98 N N N N 81 23 68 -20 -20
1 40000 -427 -95 -8 1 0 0 0 0 -40 -26 -9 -208 -70 N N N N -300 -79 44 46 46
1 40000 -428 -123 1 -3 0 0 0 0 -44 -45 -10 -98 -43 N N N N -16 -4 28 0 0
1 39999 -436 -76 2 3 0 0 0 0 -23 -31 -5 -613 -130 N N N N -343 -91 83 51 51
1 43175 -485 157 1 132 0 1397 0 -2 51 64 -40 -759 -203 N N N N 474 131 119 -92 -92
1 40000 -470 600 10 0 0 0 0 0 285 91 64 -317 -139 N N N N 524 145 90 -98 -98
1 40940 -477 535 -7 -127 10 -1403 0 2 199 -201 135 -93 -52 N N N N 163 45 34 -31 -31
1 40000 -450 -200 6 -3 0 0 0 0 -54 89 -18 -404 -97 N N N N -1151 -311 55 192 192
1 40002 -450 -206 -1 1 0 0 0 0 -83 67 -28 -456 -135 N N N N -921 -249 90 152 152
1 39999 -471 -102 -4 -2 0 0 0 0 -47 20 -16 -271 -92 N N N N -134 -36 57 18 18
1 39999 -458 -87 -1 4 0 0 0 0 -44 11 -15 -309 -94 N N N N -347 -94 56 57 57
1 43709 -529 122 3 122 0 1407 0 -2 60 5 -42 -184 -58 N N N N 196 54 38 -38 -38
1 43470 -512 268 0 -122 8 -1411 0 2 114 -100 98 -361 -105 N N N N 728 201 68 -134 -134
1 39998 -454 -145 2 -7 0 0 0 0 -57 48 -16 -292 -89 N N N N 758 208 56 -138 -138
1 40000 -473 -68 4 0 0 0 0 0 -32 18 -9 -248 -82 N N N N 466 130 49 -86 -86
1 40001 -463 -80 -4 1 0 0 0 0 -37 16 -13 -242 -71 N N N N -258 -70 42 41 41
1 40002 -465 -121 1 -1 0 0 0 0 -61 14 -20 -336 -98 N N N N -179 -49 62 26 26
1 43705 -516 128 3 134 1 1424 0 -2 63 8 -47 -349 -114 N N N N 783 219 70 -145 -145
1 37116 -407 223 -21 -122 -30 -1426 0 2 104 -80 93 -127 -51 N N N N -67 -18 32 9 9
1 39999 -428 -152 -2 -9 0 0 0 0 -64 42 -18 -225 -61 N N N N -256 -69 36 41 41
1 40000 -432 -22 -2 1 0 0 0 0 -10 5 -4 -186 -57 N N N N 173 49 41 -34 -34
1 40001 -425 -41 0 3 0 0 0 0 -20 9 -7 -298 -78 N N N N 79 23 46 -19 -19
1 40000 -423 -20 4 -6 0 0 0 0 -10 3 -1 -292 -85 N N N N 485 136 56 -91 -91
1 39999 -417 -32 -4 3 0 0 1 0 -16 4 -4 -277 -89 N N N N 497 140 62 -94 -94
1 40002 -424 -55 2 0 0 0 0 0 -28 8 -9 -247 -69 N N N N 1531 426 40 -272 -272
1 39999 -431 -95 0 -4 0 0 0 0 -49 3 -12 -240 -81 N N N N 3333 929 51 -580 -580
1 40000 -391 -44 7 3 0 0 0 0 -24 -1 -9 -187 -68 N N N N 344 99 39 -64 -64
1 40000 -430 -96 -6 4 0 0 0 0 -49 -7 -14 -264 -79 N N N N -2 2 43 -5 -5
1 42117 -444 97 6 128 0 1408 -1 -2 48 21 -54 -196 -64 N N N N 2763 774 48 -474 -474
1 41062 -435 394 5 -125 8 -1401 0 2 193 -66 126 -174 -51 N N N N 1780 500 35 -301 -301
1 39999 -406 -171 1 -5 0 0 0 0 -79 39 -24 -129 -41 N N N N 1257 354 19 -210 -210
1 39998 -388 -165 -4 -2 0 0 0 0 -83 14 -26 -283 -76 N N N N 1434 406 48 -242 -242
1 40002 -409 -144 -1 -2 0 0 0 0 -74 -7 -19 -112 -42 N N N N 4234 1189 34 -684 -684
1 39999 -403 -62 -5 0 0 0 0 0 -30 -9 -8 -30 -24 N N N N 1522 428 14 -241 -241
1 40001 -404 -46 5 0 0 0 0 0 -23 -8 -8 -255 -56 N N N N 1707 484 37 -273 -273
1 41352 -422 103 3 133 0 1405 0 -2 49 27 -53 -181 -52 N N N N 336 99 31 -59 -59
1 40000 -431 180 6 -6 0 0 0 0 92 12 27 -112 -42 N N N N 1596 454 31 -252 -252
1 41764 -429 195 7 -114 11 -1405 0 2 95 -39 95 -296 -72 N N N N 2634 747 44 -408 -408
1 40002 -411 -145 -9 -9 0 0 0 0 -69 20 -21 -118 -51 N N N N 1317 378 36 -206 -206
1 39999 -394 -84 -1 -6 0 0 0 0 -42 4 -12 -102 -36 N N N N 90 29 22 -19 -19
1 39999 -413 -53 -2 2 0 0 0 0 -28 -1 -8 -108 -30 N N N N -1283 -356 19 188 188
1 40003 -409 5 -1 2 0 0 0 0 3 1 -1 -126 -33 N N N N -2583 -723 26 385 385
1 39997 -396 -42 3 -4 0 0 0 0 -22 -3 -4 -239 -56 N N N N -2221 -619 35 335 335
1 44177 -479 176 3 128 0 1406 0 -2 90 17 -40 -108 -52 N N N N -1713 -478 33 261 261
1 41060 -425 168 13 -115 10 -1411 0 2 78 -44 91 -223 -48 N N N N 415 122 30 -71 -71
1 40000 -395 -151 -11 -9 0 0 0 0 -70 24 -22 -189 -60 N N N N 476 141 39 -84 -84
1 39999 -396 -16 -3 -1 0 0 0 0 -8 1 -1 -144 -47 N N N N -336 -90 33 46 46
1 40000 -413 -103 2 -2 0 0 0 0 -53 4 -17 -191 -55 N N N N -1514 -422 40 232 232
1 40001 -394 -118 2 -1 0 0 0 0 -60 -6 -19 -182 -52 N N N N -1157 -323 32 179 179
1 44236 -448 100 5 134 -1 1407 0 -2 49 21 -55 -207 -64 N N N N 322 97 41 -60 -60
1 40168 -417 332 -3 -32 2 -206 1 -1 166 -35 76 -144 -40 N N N N 4101 1168 31 -657 -657
1 39832 -371 45 -24 -95 -31 -1197 -1 3 25 -34 47 -135 -37 N N N N 2151 615 25 -340 -340
1 40000 -352 -66 -4 1 0 0 0 0 -29 18 -9 -92 -34 N N N N 3781 1079 26 -581 -581
1 40000 -383 -22 3 -2 0 0 0 0 -10 5 -4 -162 -34 N N N N 2709 774 18 -408 -408
1 39999 -359 -47 1 -2 0 0 0 0 -23 10 -4 -127 -47 N N N N 1298 377 37 -200 -200
1 40000 -367 -57 -1 4 0 0 0 0 -28 10 -10 -1 -9 N N N N 1123 321 7 -165 -165
1 40001 -381 10 -7 0 0 0 -74 0 7 -1 1 -78 -15 N N N N 2984 852 10 -432 -432
1 39999 -396 23 -1 -6 0 0 0 0 12 -5 5 -215 -49 N N N N 1131 330 33 -170 -170
1 40001 -394 -23 1 2 0 0 0 0 -12 4 -3 -259 -62 N N N N -1582 -440 39 214 214
1 40000 -413 53 1 2 0 0 0 0 26 -9 5 -175 -63 N N N N -3975 -1122 47 564 564
1 40000 -410 -2 -3 1 0 0 0 0 -1 0 1 -117 -39 N N N N -2111 -596 27 306 306
1 40000 -425 28 6 -5 0 0 -1 0 13 -6 5 -239 -63 N N N N -418 -110 39 52 52
1 39999 -430 -35 -8 3 0 0 0 0 -15 8 -7 -53 -36 N N N N -755 -211 26 107 107
1 40001 -432 -35 6 0 0 0 0 0 -19 6 -3 -208 -44 N N N N 2078 602 31 -319 -319
1 39999 -438 -12 -1 1 0 0 0 0 -6 1 -3 -268 -70 N N N N 381 119 46 -69 -69
1 40001 -437 -76 0 0 0 0 0 0 -39 10 -10 -187 -64 N N N N -1433 -401 43 203 203
1 42353 -521 100 50 128 71 1403 0 -2 38 9 -46 -280 -85 N N N N -798 -219 43 109 109
1 42470 -516 77 -19 -123 -30 -1413 0 2 41 -37 74 -218 -68 N N N N -867 -238 54 119 119
1 40000 -471 -110 -4 -5 0 0 0 0 -50 21 -18 -396 -96 N N N N -1808 -507 61 262 262
1 40001 -490 -23 -3 -1 0 0 0 0 -11 3 -3 -268 -86 N N N N -1929 -544 62 287 287
1 39999 -472 -36 1 4 0 0 0 0 -19 4 -7 -551 -137 N N N N -1362 -376 94 194 194
1 40001 -483 -125 1 -3 0 0 0 0 -64 4 -19 -419 -123 N N N N -1950 -550 76 296 296
1 24177 -297 -39 22 128 0 1420 0 -2 -25 10 -75 -111 -71 N N N N -759 -212 50 113 113
1 20000 -248 103 -16 1 0 0 0 0 56 5 17 -63 -31 N N N N -648 -185 19 102 102
1 20000 -253 138 -1 3 0 0 0 0 70 -8 23 -212 -38 N N N N -831 -237 25 131 131
1 20230 -255 40 1 -32 -3 -205 -1 -1 19 -9 26 -207 -58 N N N N -734 -207 40 114 114
1 19770 -232 -59 9 -99 12 -1211 1 3 -30 -9 39 -233 -67 N N N N -48 -8 43 -1 -1
1 20000 -247 -114 -5 5 0 0 0 0 -57 11 -21 -328 -92 N N N N -105 -22 55 6 6
1 19999 -239 -56 -4 -7 0 0 0 0 -28 -1 -6 -153 -56 N N N N -237 -63 41 31 31
1 20002 -250 -64 -2 -1 0 0 0 0 -32 -1 -11 -93 -49 N N N N -379 -106 39 56 56
1 19999 -248 -26 -1 -1 0 0 0 0 -13 -2 -3 -180 -43 N N N N -181 -49 24 26 26
1 20000 -239 -64 5 6 0 0 0 0 -33 -8 -12 -168 -50 N N N N -216 -58 36 30 30
1 20000 -240 -90 -2 -6 0 0 0 0 -43 -16 -10 -220 -66 N N N N -384 -106 44 56 56
1 20001 -246 -61 -4 -1 0 0 0 0 -27 -14 -8 -80 -31 N N N N -885 -255 26 146 146
1 19998 -237 -14 -1 2 0 0 0 0 -6 -4 -2 -179 -38 N N N N -1244 -360 32 208 208
1 24235 -300 -13 29 129 0 1409 0 -2 -9 -2 -67 -326 -93 N N N N -1419 -410 52 237 237
1 19998 -248 147 -21 2 0 0 0 0 69 39 18 -128 -57 N N N N -800 -229 43 133 133
1 20000 -250 205 -3 1 0 0 0 0 104 24 28 -354 -74 N N N N -809 -233 41 137 137
1 20001 -233 172 1 -3 0 0 0 0 87 -9 33 -275 -77 N N N N -939 -270 64 157 157
1 20945 -250 158 8 -121 2 -1404 0 2 70 -56 89 -165 -60 N N N N -822 -237 50 140 140
1 19998 -229 -70 6 0 0 0 0 0 -32 19 -10 -229 -67 N N N N -343 -98 40 56 56
1 20000 -230 -73 -13 -5 0 0 0 0 -30 14 -13 -352 -87 N N N N -323 -90 54 51 51
1 20001 -223 -141 2 -1 0 0 0 0 -72 16 -22 -325 -88 N N N N -431 -122 64 69 69
1 20000 -231 -51 0 1 0 0 0 0 -26 1 -8 -158 -64 N N N N -728 -212 50 126 126
1 19998 -213 3 -3 -1 0 0 0 0 3 1 -1 -156 -47 N N N N -697 -203 38 125 125
1 20003 -224 -74 -3 0 0 0 0 0 -38 -3 -11 -601 -102 N N N N -223 -61 68 31 31
1 19999 -223 -114 1 -4 0 0 0 0 -57 -13 -16 -323 -110 N N N N 111 38 86 -32 -32
1 19999 -218 -80 1 4 0 0 0 0 -39 -14 -13 -98 -69 N N N N 828 250 51 -163 -163
1 20002 -219 -55 -3 1 0 0 0 0 -24 -13 -7 -334 -81 N N N N 601 182 43 -118 -118
1 24234 -247 -56 26 124 -1 1414 0 -2 -27 -15 -68 -210 -85 N N N N 17 12 84 -16 -16
1 20352 -216 248 -16 0 0 0 0 0 116 59 30 -452 -41 N N N N 946 285 33 -181 -181
1 20353 -220 335 7 6 0 0 0 0 167 1 55 -1095 -192 N N N N 2349 715 143 -455 -455
1 23883 -232 349 -8 -122 11 -1414 0 2 139 -133 114 -327 -167 N N N N 3428 1047 163 -648 -648
1 19999 -210 32 1 -4 0 0 0 0 8 -16 4 -407 -114 N N N N 2801 853 81 -511 -511
1 20001 -207 -99 -4 -6 0 0 0 0 -27 41 -11 -449 -124 N N N N 3758 1147 92 -668 -668
1 20000 -222 -93 -4 3 0 0 0 0 -32 36 -14 -526 -138 N N N N 2616 806 93 -463 -463
1 20000 -195 -91 12 -1 0 0 0 0 -42 27 -11 -783 -161 N N N N 2450 764 117 -435 -435
1 20000 -181 -115 -1 -2 0 0 0 0 -53 25 -18 -1115 -237 N N N N 2167 691 156 -395 -395
1 20000 -171 70 5 6 0 0 0 0 31 -13 10 -1460 -346 N N N N 2668 882 294 -510 -510
1 20000 -184 -35 -7 -2 0 0 0 0 -14 7 -7 -1431 -397 N N N N 5075 1631 284 -882 -882
1 19999 -186 -42 -11 -9 0 0 0 0 -17 6 -4 -1273 -414 N N N N 5241 1706 298 -893 -893
1 20000 -197 67 7 7 0 0 0 0 30 -12 10 -818 -297 N N N N 4558 1501 258 -759 -759
1 18804 -194 -30 7 -2 -2 1 -44 -4 -16 6 -4 -2111 -418 N N N N 3087 1047 232 -526 -526
1 21197 -219 -82 -15 -5 2 0 -25 4 -36 13 -13 -2735 -634 N N N N 4757 1683 486 -844 -844
1 20000 -199 51 5 12 0 0 0 0 24 -6 3 -2503 -814 N N N N 7277 2550 550 -1198 -1198
1 20000 -214 48 1 5 0 0 0 0 22 -8 6 -4414 -1179 N N N N 12654 4588 995 -2021 -2021
1 19999 -206 -193 4 -17 0 0 0 0 -96 22 -24 -3348 -840 N N N N 17640 6204 650 -2338 -2338
1 20000 -196 -10 -11 2 0 0 0 0 -2 1 -4 -1347 -644 N N N N 15892 5731 593 -1929 -1929
1 20001 -211 188 3 12 0 0 0 0 92 -21 27 -3001 -758 N N N N 16034 5841 512 -1751 -1751
1 20000 -184 19 6 -5 0 0 0 0 8 -4 6 -2213 -837 N N N N 10554 4180 621 -1204 -1204
1 20000 -154 11 7 4 0 0 0 0 3 -2 1 -3291 -766 N N N N 8795 3771 729 -1056 -1056
1 20000 -124 87 0 0 0 0 0 0 38 -23 14 -5704 -552 N N N N 6509 2868 555 -764 -764
1 18776 -93 200 -9 -3 0 0 -44 -4 75 -73 27 -12127 -2247 N N N N 6590 4903 2289 -1517 -1517
1 20009 -89 128 -5 -61 4 -630 -97 4 33 -80 22 -4141 -1322 N N N N 7841 4832 1628 -1269 -1269
1 24742 -111 -31 0 -56 6 -756 -1 -2 -6 -5 8 -1941 -1993 N N N N 11180 6030 1390 -1340 -1340
1 20001 -90 -44 5 -3 0 0 0 0 -12 20 2 -415 -1329 N N N N 8946 4558 789 -889 -889
1 20002 -110 -108 -7 -2 0 0 0 0 -30 47 -3 -13 -774 N N N N 8864 4028 365 -677 -677
1 19997 -119 -113 -1 1 0 0 0 0 -41 43 -7 -25 -450 N N N N 8119 3489 170 -527 -527
1 22003 -141 -94 5 1 0 0 0 0 -42 29 -8 -6 -320 N N N N 6109 2689 161 -395 -395
1 19999 -123 -96 0 -1 0 0 0 0 -45 23 -11 -11 -169 N N N N 4266 1797 55 -247 -247
1 18801 -105 -102 14 124 1 1387 -35 -2 -55 45 -74 -19 -117 N N N N 2721 1165 46 -158 -158
1 19990 -127 -89 -20 0 -1 0 -92 0 -41 5 -15 -17 -101 N N N N 2763 1158 29 -152 -152
1 19944 -148 -60 -11 2 0 0 -67 0 -29 -3 -9 -3 -59 N N N N 2455 998 7 -125 -125
1 19976 -148 -39 -2 0 0 -1 -41 0 -20 -2 -5 0 -35 N N N N 1862 781 20 -100 -100
1 19969 -161 -50 -5 -3 -1 1 -65 0 -24 -7 -6 -4 -25 N N N N 1805 762 22 -97 -97
1 21849 -193 -19 -13 2 1 -1 -49 4 -7 -3 -1 -11 -17 N N N N 2071 840 4 -102 -102
1 20000 -170 -34 2 -1 0 0 0 0 -18 -5 -3 -2 -8 N N N N 1695 709 16 -87 -87
1 20001 -184 -50 2 -2 0 0 0 0 -24 -10 -5 -1 3 N N N N 920 378 4 -46 -46
1 19999 -187 -28 -1 0 0 0 0 0 -13 -7 -2 -2 -7 N N N N 813 339 7 -41 -41
1 20001 -182 -41 2 0 0 0 0 0 -19 -10 -5 -2 -3 N N N N 922 345 -16 -37 -37
1 19999 -187 -33 -2 1 0 0 0 0 -14 -9 -3 2 1 N N N N 733 329 20 -42 -42
1 20000 -206 -37 2 0 0 0 0 0 -15 -12 -4 -2 -1 N N N N 508 228 14 -29 -29
1 20000 -193 -40 2 -4 0 0 0 0 -16 -13 -4 -3 2 N N N N 370 132 -10 -14 -14
1 20001 -188 -34 -6 4 0 0 0 0 -12 -12 0 -1 -1 N N N N 498 199 -1 -23 -23
1 20000 -215 -38 2 1 0 0 0 0 -14 -14 -3 2 1 N N N N 261 109 3 -13 -13
1 16018 -165 -21 14 137 0 1403 -5 -2 -8 -6 -51 1 3 N N N N 179 89 10 -12 -12
1 10804 -118 -11 6 -14 0 0 0 0 -4 -5 1 1 -1 N N N N 47 51 18 -9 -9
1 11178 -106 82 -13 5 0 0 0 0 29 33 3 3 -2 N N N N 268 117 5 -14 -14
1 9999 -102 120 0 -3 0 0 0 0 48 39 3 0 0 N N N N 182 73 0 -9 -9
1 10354 -118 146 -3 -7 0 0 0 0 68 36 12 -1 -1 N N N N 141 67 6 -8 -8
1 9999 -106 155 2 6 0 0 0 0 79 19 14 -3 1 N N N N 60 20 -2 -2 -2
1 10353 -111 147 2 -4 0 0 0 0 76 0 22 -3 3 N N N N 90 35 -1 -4 -4
1 10001 -100 163 0 2 0 0 0 0 80 -22 28 -2 -1 N N N N 77 37 4 -5 -5
1 12974 -146 171 0 -137 5 -1408 0 2 72 -78 87 -6 1 N N N N 117 47 -1 -5 -5
1 10791 -103 141 4 16 0 0 0 0 43 -54 12 0 -2 N N N N -39 -20 -2 2 2
1 10000 -102 53 -19 -1 0 0 0 0 19 -25 -2 -5 2 N N N N 363 135 -6 -14 -14
1 9997 -97 -17 14 3 0 0 0 0 -6 10 1 -3 -2 N N N N 206 66 -10 -6 -6
1 10000 -101 -35 -6 -2 0 0 0 0 -8 15 -4 0 1 N N N N 31 32 11 -5 -5
1 10001 -92 -27 1 0 0 0 0 0 -7 12 -3 -7 -1 N N N N 332 137 1 -16 -16
1 10002 -110 -17 -1 0 0 0 0 0 -6 7 -1 -8 -2 N N N N 283 110 -2 -12 -12
1 10000 -103 -11 -4 -3 0 0 0 0 -2 4 -1 0 -1 N N N N 77 40 6 -6 -6
1 10000 -94 -13 0 2 0 0 0 0 -4 6 -2 -3 1 N N N N 138 54 -1 -6 -6
1 9998 -93 -28 3 -2 0 0 0 0 -9 11 -2 2 0 N N N N 200 76 -3 -8 -8
1 9999 -105 -40 4 -2 0 0 0 0 -16 15 -3 -3 1 N N N N 58 28 3 -4 -4
1 10001 -98 -21 -5 6 0 0 0 0 -6 9 -7 -5 -3 N N N N 180 65 -5 -6 -6
1 9999 -95 -29 4 -5 0 0 0 0 -13 9 1 -1 -1 N N N N 77 32 1 -4 -4
1 10001 -93 -17 -6 3 0 0 0 0 -5 6 -5 -5 1 N N N N 138 65 6 -8 -8
1 10001 -109 -8 2 -2 0 0 0 0 -3 3 -1 -3 -1 N N N N 161 61 -3 -7 -7
1 9998 -85 -3 -4 0 0 0 0 0 -1 0 -1 -6 -1 N N N N 84 50 9 -7 -7
1 10003 -91 -23 4 2 0 0 0 0 -11 7 -2 -8 -1 N N N N 113 32 -8 -2 -2
1 9997 -101 -9 -4 0 0 0 0 0 -3 3 -2 -6 -2 N N N N -11 0 3 -1 -1
1 10001 -103 -6 -1 0 0 0 0 0 -2 2 -1 -6 -1 N N N N -13 8 8 -2 -2
1 13424 -128 -22 32 -4 91 1 -12 -4 -19 5 6 -4 -3 N N N N 260 111 3 -13 -13
1 13820 -153 -115 36 -121 10 -1387 -34 2 -63 -9 43 -8 -5 N N N N 174 93 13 -13 -13
1 10335 -112 -133 3 36 1 208 0 -1 -65 31 -39 -14 -5 N N N N -31 1 8 -2 -2
1 10491 -116 -110 -21 92 -55 1190 -1 3 -52 21 -66 -35 -6 N N N N 106 43 0 -5 -5
1 9989 -91 -69 -18 -6 0 0 0 0 -32 -7 -3 -74 -15 N N N N 148 72 8 -9 -9
1 10000 -101 -51 2 -2 0 0 0 0 -25 -5 -10 -107 -23 N N N N 64 70 25 -12 -12
1 9999 -103 -75 27 6 0 0 0 0 -40 -14 -18 -60 -21 N N N N -27 30 23 -8 -8
1 10001 -90 -91 -25 1 0 0 0 0 -38 -20 -7 -61 -20 N N N N -24 10 12 -3 -3
1 10000 -92 -84 17 -3 0 0 0 0 -36 -26 -16 -97 -28 N N N N 25 65 32 -13 -13
1 10000 -107 -83 -9 0 0 0 0 0 -30 -29 -2 -17 -17 N N N N 25 38 16 -7 -7
1 10000 -118 -64 -11 -3 0 0 0 0 -19 -26 5 -1 -2 N N N N -49 -4 9 -2 -2
1 10001 -102 -73 -3 21 0 0 0 0 -20 -30 -9 -33 -10 N N N N 145 70 6 -8 -8
1 9998 -119 -117 17 -26 0 0 0 0 -23 -55 -13 -42 -14 N N N N -51 3 14 -3 -3
1 10001 -96 -43 -11 13 0 0 0 0 -6 -20 1 -33 -3 N N N N 125 80 17 -12 -12
1 9999 -93 -98 21 -14 0 0 0 0 -7 -49 4 -68 -28 N N N N 111 73 16 -11 -11
1 10001 -102 -58 -48 1 0 0 0 0 0 -28 11 -13 -5 N N N N 256 130 16 -18 -18
1 9999 -91 -35 49 4 0 0 0 0 0 -18 -19 13 -3 N N N N -26 6 9 -2 -2
1 10000 -87 15 -11 6 0 0 0 0 0 7 -5 13 2 N N N N 52 29 5 -4 -4
1 10001 -108 -80 33 1 0 0 0 0 5 -40 -4 7 0 N N N N 203 86 2 -10 -10
1 10000 -89 -37 -61 -20 0 0 0 0 6 -16 35 11 1 N N N N 231 93 0 -10 -10
1 10000 -121 26 53 40 0 0 0 0 -4 9 -41 66 -5 N N N N 188 74 -1 -8 -8
