version: 66.14
glider: 195
mission: 21
dive: 130
start: 5 5 105 0 41 33
columns: rec,elaps_tms,depth,heading,pitch,roll,AD_pitch,AD_roll,AD_vbd,GC_phase,mag.x,mag.y,mag.z,sbect.TempFreq,sbect.CondFreq,wlbb2fl.sig470nm,wlbb2fl.sig700nm,wlbb2fl.sig695nm,wlbb2fl.temp,aa4330.O2,aa4330.AirSat,aa4330.Temp,aa4330.CalPhase,aa4330.TCPhase,
data:
0 12398 51 1319 -700 -151 164 2218 1681 6 -21 -323 110 177756 137066 51 76 55 536 252074 98206 25264 29247 30653
1 4932 0 -298 76 135 0 0 0 0 26 -26 -71 -73 3 N N N N -1637 -334 169 6 6
1 5216 16 156 -128 27 0 0 0 0 -16 30 78 322 -1 32 99 56 536 1337 279 -134 -6 -6
1 5061 3 124 -1 -77 0 0 0 0 2 14 21 -49 -3 N N N N -1708 -272 219 -10 -10
1 4899 -5 -204 97 163 0 0 0 0 -15 -12 -17 14 -12 50 66 56 536 -648 -310 -31 40 40
1 5080 -17 130 -25 -147 0 0 0 0 -1 -4 -7 -76 -6 N N N N 792 257 -30 -23 -23
1 4954 9 -246 105 85 0 0 0 0 28 -27 -67 147 8 38 151 62 536 1243 336 -83 -23 -23
1 4946 -15 -17 -99 -23 0 0 0 0 18 -3 -24 -16 0 N N N N -770 -298 2 33 33
1 5016 17 65 138 16 0 0 0 0 -29 10 47 -118 7 43 94 57 535 1898 474 -148 -25 -25
1 5081 -4 78 -192 -66 0 0 0 0 12 -1 -7 361 0 N N N N -3030 -707 264 30 30
1 4959 9 14 36 14 0 0 0 0 -6 5 16 -382 -10 -53 133 50 536 219 111 15 -15 -15
1 5151 -3 -38 29 62 0 0 0 0 -9 5 11 49 -4 N N N N 451 155 -13 -15 -15
1 7125 -8 -31 -42 98 -1 0 6 -4 3 14 29 -209 -2 65 119 58 535 1553 144 -256 31 31
1 6589 10 240 -14 -192 -2 1 150 0 -16 12 20 550 2 N N N N -1452 -189 210 -17 -17
1 8436 28 -171 9 139 2 0 206 0 17 -7 -12 -78 5 48 131 46 535 -1415 -399 86 28 28
1 6607 17 -108 62 86 -1 0 159 0 4 -4 -7 -302 -4 N N N N -533 -188 11 19 19
1 5936 41 108 -116 -84 -1 0 149 0 11 5 7 -61 -7 56 82 56 535 -28 -1 6 0 0
1 6980 28 160 19 -186 1 -1 184 0 -16 -10 -12 -208 1 N N N N -283 -101 5 10 10
1 7213 60 102 -10 -45 0 0 193 0 -15 15 23 -131 -14 50 90 57 535 -218 -75 6 7 7
1 12889 207 -40 108 125 86 2 188 -1 -29 31 34 -49 -11 N N N N -202 -81 -1 10 10
1 6235 165 -116 53 101 1624 -1 0 0 -5 -5 -7 34 6 45 92 61 535 -52 -35 -8 5 5
1 6679 165 66 272 -58 613 0 185 2 -93 3 -34 52 24 N N N N -61 -42 -10 7 7
1 10872 223 -77 1 109 -9 1408 40 1 21 5 19 117 33 44 97 65 535 71 -8 -21 4 4
1 5231 112 -30 0 3 0 0 0 0 15 -7 -1 114 37 N N N N -385 -189 -21 26 26
1 4948 107 -24 -11 14 0 0 0 0 12 -2 2 45 16 45 93 77 535 376 105 -24 -8 -8
1 4954 110 -35 12 0 0 0 0 0 11 -11 -10 21 6 N N N N -92 -53 -9 8 8
1 5046 113 -40 -5 13 0 0 0 0 18 -6 -2 11 4 45 98 77 535 -70 -56 -17 9 9
1 4953 106 -21 14 -12 0 0 0 0 9 -7 -9 76 29 N N N N -42 -27 -5 4 4
1 5043 112 -8 -21 -18 0 0 0 0 6 -8 -9 22 9 43 95 79 534 -18 -42 -20 9 9
1 4952 123 -18 7 4 0 0 0 0 6 -3 -4 18 13 N N N N -72 -50 -12 8 8
1 5055 119 -24 9 6 0 0 0 0 10 -2 -3 83 25 41 96 85 534 87 16 -11 0 0
1 5084 121 -38 -7 -4 0 0 0 0 19 -7 -10 22 8 N N N N -90 -62 -14 10 10
1 4935 112 -24 1 0 0 0 0 0 9 -4 -8 1 2 46 97 87 534 -88 -45 -7 6 6
1 4942 118 -23 -7 1 0 0 0 0 14 0 -3 3 2 N N N N -61 -41 -9 6 6
1 5004 115 -22 11 1 0 0 0 0 7 -3 -8 15 5 47 99 86 534 141 42 -8 -3 -3
1 5092 121 10 -8 -2 0 0 0 0 -3 1 3 22 12 N N N N -128 -61 -6 8 8
1 4923 121 -11 -8 6 0 0 0 0 5 -1 -2 18 4 44 95 91 534 -63 -35 -6 5 5
1 5085 126 -8 -2 -3 0 0 0 0 5 0 -2 16 4 N N N N -59 -28 -3 4 4
1 4935 133 -26 10 8 0 0 0 0 11 0 -3 12 -1 45 101 93 534 40 -1 -9 2 2
1 5075 124 -47 8 1 0 0 0 0 21 -1 -13 0 -2 N N N N -19 -15 -4 2 2
1 4922 134 -30 -4 4 0 0 0 0 15 1 -6 1 0 48 98 95 534 -82 -35 -2 4 4
1 6683 164 -54 10 4 0 0 0 0 23 2 -14 15 -1 N N N N -244 -98 -1 12 12
1 5211 144 -19 -10 -6 0 0 0 0 9 1 -10 22 9 45 100 99 534 241 85 -6 -9 -9
1 4947 113 -7 -4 -8 0 0 0 0 4 0 -5 27 6 N N N N -74 -37 -4 5 5
1 5049 139 2 -1 -6 0 0 0 0 -2 -2 -4 11 5 46 98 101 534 -54 -37 -9 6 6
1 4957 130 22 -10 -6 0 0 0 0 -8 -2 4 99 18 N N N N -43 -25 -5 4 4
1 5020 143 38 8 -10 0 0 0 0 -19 -4 6 42 8 44 99 105 534 -27 -33 -12 6 6
1 5297 136 21 -5 9 0 0 0 0 -9 0 10 14 2 N N N N -156 -94 -19 14 14
1 5800 156 -9 5 2 0 0 0 0 4 1 -1 -1 3 45 98 106 534 -261 -114 -7 14 14
1 5078 128 11 -3 -6 0 0 0 0 -5 -1 0 18 1 N N N N -252 -107 -5 14 14
1 5161 146 6 0 8 0 0 0 0 -3 1 5 12 0 46 95 107 533 -45 -25 -5 3 3
1 5098 134 21 0 -13 0 0 0 0 -9 -2 1 29 3 N N N N -277 -119 -6 15 15
1 4936 128 24 -2 -2 0 0 0 0 -10 0 7 17 1 45 97 110 534 -96 -48 -6 7 7
1 5078 141 23 5 3 0 0 0 0 -13 1 6 15 -1 N N N N -223 -98 -6 12 12
1 5806 145 48 -5 -4 0 0 0 0 -20 2 13 44 -1 43 94 115 533 -341 -144 -6 18 18
1 10827 277 71 -6 3 0 0 0 0 -31 9 21 53 -10 N N N N -772 -331 -18 42 42
1 10016 252 54 7 -2 0 0 0 0 -25 9 13 85 -18 43 90 121 533 -756 -323 -16 40 40
1 10753 260 -24 12 23 0 0 0 0 8 1 3 394 20 N N N N -960 -417 -25 54 54
1 10014 240 -91 12 12 0 0 0 0 40 -10 -17 330 54 40 83 127 533 -1240 -664 -105 97 97
1 10867 237 -133 7 14 0 0 0 0 62 -4 -29 -50 -31 N N N N -1488 -668 -53 89 89
1 10015 217 -184 4 -4 0 0 0 0 84 18 -52 11 -54 42 85 125 533 -1052 -439 -18 56 56
1 10455 216 -110 -17 -12 0 0 0 0 42 21 -43 -83 -76 N N N N -950 -365 2 44 44
1 10250 227 -47 -3 -11 0 0 0 0 16 14 -18 48 0 40 84 127 533 -617 -235 2 28 28
1 10456 196 -100 5 14 0 0 0 0 33 33 -21 286 81 N N N N -422 -200 -21 28 28
1 10016 197 -170 13 4 0 0 0 0 39 71 -37 292 92 42 81 111 533 -38 -120 -62 26 26
1 10407 213 -83 -16 -44 -1 -211 5 -1 8 44 -30 413 176 N N N N -446 -312 -82 54 54
1 9743 182 -18 26 -100 35 -1233 0 3 7 27 -1 850 315 42 75 83 533 -244 -267 -102 52 52
1 10600 193 10 3 -7 0 0 0 0 -1 -4 0 239 93 N N N N 450 -143 -188 53 53
1 10015 176 8 1 2 0 0 0 0 -1 -4 2 57 31 39 74 69 533 25 -133 -84 32 32
1 9984 182 -4 1 -2 0 0 0 0 1 2 -1 8 10 N N N N -158 -127 -39 23 23
1 10017 175 -3 -3 0 0 0 0 0 0 2 0 10 9 40 73 68 533 -283 -146 -23 23 23
1 9983 181 -10 1 1 0 0 0 0 1 5 0 31 11 N N N N -171 -90 -14 14 14
1 10016 198 6 -2 -3 0 0 0 0 -1 -3 -1 8 4 41 72 68 533 -46 -39 -13 7 7
1 9984 196 54 3 -9 0 0 0 0 -6 -26 3 67 22 N N N N -152 -69 -6 10 10
1 10017 179 56 -3 3 0 0 0 0 -9 -29 4 173 61 39 73 64 533 -473 -225 -26 32 32
1 9982 214 -48 5 13 0 0 0 0 9 22 1 547 189 N N N N -998 -468 -51 69 69
1 10016 193 -13 0 -6 0 0 0 0 1 8 -3 795 292 38 71 56 533 -2248 -1052 -116 155 155
1 9985 185 22 6 -3 0 0 0 0 -2 -11 4 2065 710 N N N N -3040 -1487 -200 229 228
1 10016 179 211 1 -18 0 0 0 0 -48 -96 20 1695 548 39 72 58 533 -4115 -2207 -400 370 371
1 39985 582 510 3 24 0 0 0 0 -217 -115 119 4332 1398 N N N N -26639 -12002 -1381 2039 2039
1 40015 504 -608 1 11 0 0 0 0 244 154 -120 9079 2556 38 74 54 533 -18878 -8553 -1270 1735 1735
1 39984 450 118 13 -20 0 0 0 0 -31 -49 17 4872 1722 N N N N -24455 -10839 -1899 2593 2593
1 40001 376 481 -1 5 0 0 0 0 -210 -106 100 3481 1139 N N N N -24306 -9500 -1212 2547 2547
1 40000 299 61 0 3 0 0 0 0 -30 1 16 1990 443 N N N N -11171 -4084 -384 1192 1192
1 42587 233 -190 -19 127 -9 1449 2 -2 95 19 16 1740 559 N N N N -8577 -3240 -484 1048 1048
1 39998 224 -259 -2 -1 0 0 0 0 111 48 -70 222 215 N N N N -5095 -1848 -221 612 612
1 40000 246 -193 -1 1 0 0 0 0 60 68 -49 229 123 N N N N -3756 -1269 -45 409 409
1 43119 246 -205 13 -117 1 -1420 1 2 36 112 -48 440 134 N N N N -2224 -823 -132 293 293
1 40840 186 -3 3 -11 0 0 0 0 1 3 0 1862 297 38 77 61 533 -1944 -741 -151 274 274
1 39984 121 39 -4 -1 0 0 0 0 -4 -20 2 2274 394 N N N N -1702 -661 -157 252 252
1 40001 139 81 4 1 0 0 0 0 -12 -41 8 718 570 N N N N -1167 -554 -266 242 242
1 39999 181 116 -2 2 0 0 0 0 -27 -54 13 1386 467 N N N N -3773 -1502 -441 605 605
1 40001 200 -171 -2 1 0 0 0 0 36 81 -18 962 408 N N N N -5458 -2018 -449 807 807
1 39999 201 -58 1 -1 0 0 0 0 6 30 -5 277 111 N N N N -3704 -1270 -163 499 499
1 40002 221 131 3 -1 0 0 0 0 -18 -66 12 329 128 N N N N -1982 -717 -162 300 300
1 39998 242 147 3 0 0 0 0 0 -37 -66 20 402 95 N N N N -1413 -475 -54 191 191
1 45191 266 116 -19 125 -11 1410 2 -2 -41 -47 64 537 176 37 69 52 535 -931 -370 -142 170 170
1 40748 275 -16 1 -2 0 0 0 0 6 5 -4 295 104 N N N N -220 -110 -77 57 57
1 40000 278 -96 2 5 0 0 0 0 32 32 -23 466 135 N N N N -323 -138 -69 67 67
1 39435 292 -228 2 0 0 0 0 0 51 97 -50 540 151 N N N N -700 -313 -178 156 156
1 43743 330 -83 9 -125 0 -1405 0 2 10 60 -21 257 123 N N N N -893 -347 -132 160 160
1 40000 332 43 2 -4 0 0 0 0 -4 -22 3 68 32 N N N N -312 -113 -31 51 51
1 40000 361 57 -5 5 0 0 0 0 -8 -30 3 170 43 N N N N -483 -157 -12 63 63
1 40000 369 -22 5 -4 0 0 0 0 4 12 0 586 154 N N N N 169 6 -92 16 16
1 40016 371 47 -1 1 0 0 0 0 -7 -24 4 401 145 38 70 43 538 290 24 -127 16 16
1 39984 368 107 4 1 0 0 0 0 -23 -51 13 192 71 N N N N -507 -192 -69 88 88
1 40000 356 -34 -3 3 0 0 0 0 10 15 -3 351 103 N N N N -480 -180 -64 84 84
1 40000 336 -18 2 -1 0 0 0 0 3 9 -3 153 55 N N N N -664 -239 -67 107 107
1 40000 350 -47 -2 -3 0 0 0 0 9 23 -5 397 120 N N N N -586 -211 -60 95 95
1 40000 343 83 3 -2 0 0 0 0 -17 -39 10 506 154 N N N N 71 -33 -111 35 35
1 40000 348 230 0 2 0 0 0 0 -74 -92 37 284 94 N N N N -1849 -620 -107 269 269
1 40000 338 103 1 3 0 0 0 0 -43 -29 22 335 107 N N N N -3148 -995 -67 418 418
1 40017 360 -104 0 -3 0 0 0 0 44 30 -21 147 57 39 68 41 541 -1719 -550 -52 237 237
1 39983 378 -66 1 4 0 0 0 0 24 22 -12 160 51 N N N N -1092 -350 -38 154 154
1 40000 369 7 1 -5 0 0 0 0 -2 -2 1 199 63 N N N N -1055 -338 -35 149 149
1 40001 374 -99 1 3 0 0 0 0 32 39 -16 672 205 N N N N -2000 -666 -134 309 309
1 39999 361 -133 -2 3 0 0 0 0 33 60 -16 247 81 N N N N -2428 -761 -54 339 339
1 40001 378 -75 1 -2 0 0 0 0 12 38 -7 678 204 N N N N -2908 -924 -105 426 426
1 39999 364 104 0 -3 0 0 0 0 -18 -51 9 260 105 N N N N -3959 -1239 -107 578 578
1 40000 391 78 2 1 0 0 0 0 -19 -36 10 375 116 N N N N -2701 -832 -46 393 393
1 40017 400 74 1 1 0 0 0 0 -22 -31 13 948 289 39 69 40 543 -2834 -912 -175 460 460
1 39984 380 -72 -1 2 0 0 0 0 21 30 -11 497 171 N N N N -3685 -1153 -147 581 581
1 39999 364 -91 0 -2 0 0 0 0 23 42 -11 220 87 N N N N -2593 -797 -73 405 405
1 40001 378 -112 0 -1 0 0 0 0 18 56 -11 747 221 N N N N -2707 -841 -115 441 441
1 40000 375 109 -1 0 0 -1 1 0 -18 -54 10 613 208 N N N N -1002 -332 -129 189 189
1 40000 380 -37 0 3 0 0 0 0 8 17 -3 687 204 N N N N -445 -163 -125 103 103
1 40000 383 -29 2 -2 0 0 0 0 5 15 -2 290 100 N N N N -10 -28 -98 29 29
1 40000 353 5 1 2 0 0 0 0 -1 -3 0 491 169 N N N N 1771 497 -104 -238 -238
1 40016 374 -103 -1 1 0 0 0 0 12 53 -7 152 60 39 73 43 545 1936 556 -61 -270 -270
1 39983 364 18 4 -2 0 0 0 0 -2 -9 2 186 61 N N N N 3875 1131 -39 -551 -551
1 40000 346 -69 -5 1 0 0 0 0 4 36 -4 520 141 N N N N -132 -55 -56 36 36
1 40001 373 80 0 -7 0 0 0 0 -4 -41 4 192 93 N N N N 3674 1052 -90 -491 -491
1 39999 397 172 0 3 -1 0 -1 0 -29 -86 14 389 108 N N N N 3874 1113 -73 -508 -508
1 40001 413 294 4 -2 0 0 0 0 -99 -112 49 566 176 N N N N 10357 2990 -115 -1311 -1311
1 40000 386 183 -1 0 0 0 0 0 -83 -38 39 180 68 N N N N 14373 4175 -58 -1704 -1704
1 39999 381 113 2 4 0 0 0 0 -57 -9 26 141 43 N N N N 7622 2208 -34 -839 -839
1 40017 374 78 -1 1 0 0 0 0 -39 1 17 167 48 38 73 42 547 4957 1429 -29 -521 -521
1 39984 399 152 0 0 0 0 0 0 -74 17 34 365 108 N N N N 917 234 -56 -73 -73
1 39999 383 73 -1 1 0 0 0 0 -33 16 16 148 77 N N N N -792 -265 -57 107 107
1 40000 423 -10 2 2 0 0 0 0 4 -2 -2 386 95 N N N N -4121 -1234 -60 466 466
1 43941 471 -108 -19 123 -10 1412 0 -2 54 6 38 375 114 N N N N -5072 -1512 -71 586 586
1 40355 441 -210 6 5 0 0 0 0 101 -21 -46 489 142 N N N N -933 -314 -80 136 136
1 40352 429 -216 -6 -7 0 0 0 0 103 20 -57 767 231 N N N N 1580 384 -136 -121 -121
1 39767 432 -77 -1 -3 0 0 0 0 33 16 -21 398 147 N N N N 60 -44 -114 39 39
1 40602 474 60 0 4 0 0 0 0 -26 -13 16 317 108 39 70 42 548 63 -25 -78 25 25
1 41395 458 -130 5 3 0 0 0 0 53 33 -31 290 89 N N N N 1171 306 -57 -106 -106
1 40352 458 -220 -1 -2 0 0 0 0 65 82 -54 345 104 N N N N -785 -264 -71 115 115
1 41353 454 -36 10 -124 0 -1403 0 2 9 29 -30 85 46 N N N N -887 -274 -36 112 112
1 40000 429 2 0 -1 0 0 0 0 0 -1 1 349 90 N N N N -1110 -339 -40 139 139
1 40000 398 46 2 -4 0 0 0 0 -10 -21 5 307 107 N N N N -1974 -609 -85 253 253
1 40000 404 20 -2 5 0 0 0 0 -5 -10 2 58 17 N N N N -2327 -675 -21 271 271
1 40001 423 -54 -1 -1 0 0 0 0 13 25 -6 70 22 N N N N -1907 -552 -17 224 224
1 40014 428 83 1 0 0 0 0 0 -21 -38 9 285 81 37 73 43 549 -2216 -649 -35 269 269
1 39985 409 232 -1 -4 0 0 0 0 -79 -87 39 425 126 N N N N -2287 -685 -72 295 295
1 40000 407 125 2 6 0 0 0 0 -56 -31 28 671 199 N N N N -2594 -786 -109 348 348
1 40000 384 135 2 -2 0 0 0 0 -65 -19 29 123 57 N N N N -2158 -643 -72 286 286
1 43646 436 3 -19 125 -11 1398 -1 -2 0 15 61 80 27 N N N N -1526 -445 -32 196 196
1 40354 422 -79 0 1 0 0 0 0 38 4 -20 31 9 N N N N -1030 -294 -5 128 128
1 40354 426 -78 0 -1 0 0 0 0 37 9 -20 36 10 N N N N -883 -254 -11 113 113
1 40350 407 -112 0 -2 0 0 0 0 48 24 -30 307 74 N N N N -1516 -438 -23 196 196
1 40373 418 -238 5 2 0 0 0 0 80 80 -57 619 189 39 70 43 551 -2934 -873 -114 407 407
1 43394 428 -251 27 -122 28 -1416 -1 2 43 135 -45 182 68 N N N N -125 -61 -70 39 39
1 40001 360 3501 -2 -5 0 0 0 0 1 53 -3 37 16 N N N N 713 195 -17 -84 -84
1 40000 347 -75 -2 -2 0 0 0 0 -5 40 2 699 175 N N N N 917 249 -24 -107 -107
1 40000 324 -3396 3 -2 0 0 0 0 2 -108 1 214 93 N N N N 29 -38 -118 37 37
1 40001 338 223 2 6 0 0 0 0 -39 -111 20 586 174 N N N N -398 -149 -98 83 83
1 40000 345 70 -3 -4 0 0 0 0 -20 -30 9 339 114 N N N N -2420 -708 -85 332 332
1 39999 335 19 -1 4 0 0 0 0 -6 -8 4 526 148 N N N N -3246 -928 -62 435 435
1 40001 366 -139 2 1 0 0 0 0 38 61 -19 146 59 N N N N -5681 -1607 -77 768 768
1 39998 331 -174 -1 1 0 0 0 0 27 88 -13 153 47 N N N N -3536 -996 -40 488 488
1 40000 322 -47 2 -4 0 0 -1 0 4 25 -2 540 151 N N N N -3184 -904 -75 459 459
1 40003 309 220 -3 0 0 0 0 0 -30 -112 14 111 43 N N N N -4961 -1389 -50 713 713
1 39999 307 173 2 2 0 0 0 0 -51 -75 24 25 16 N N N N -3183 -886 -18 465 465
1 39998 326 171 4 -2 0 0 0 0 -68 -54 32 123 27 N N N N -1923 -536 -12 286 286
1 40001 306 48 0 2 0 0 0 0 -22 -12 10 643 181 N N N N -2308 -656 -97 367 367
1 40001 336 -225 -1 0 0 0 0 0 93 69 -40 460 135 N N N N -2628 -738 -71 413 413
1 39999 339 -269 0 1 0 0 0 0 67 122 -33 414 130 N N N N -2783 -781 -96 447 447
1 39999 333 -153 -1 -3 0 0 0 0 11 81 -7 201 72 N N N N -1491 -417 -50 242 242
1 40001 373 107 -51 -9 -81 -1 -1 0 -13 -56 -21 805 228 N N N N 568 141 -107 -68 -68
1 40000 418 369 1 7 0 0 0 0 -90 -167 49 552 160 N N N N 152 28 -105 -3 -3
1 40000 419 146 2 1 0 0 0 0 -57 -43 34 959 281 N N N N -1647 -469 -142 282 282
1 40000 433 -2 -1 5 0 0 0 0 0 0 0 664 221 N N N N -1564 -445 -163 272 272
1 40000 426 -100 -1 -5 0 0 0 0 42 28 -23 352 119 N N N N -965 -272 -96 168 168
1 40001 443 61 2 3 0 0 0 0 -25 -18 14 265 78 N N N N -279 -81 -53 53 53
1 39998 438 -42 -1 1 0 0 0 0 17 12 -9 211 69 N N N N -32 -13 -42 12 12
1 40001 451 -54 5 -1 0 0 0 0 21 17 -11 381 100 N N N N 352 89 -53 -46 -46
1 41706 430 -79 2 125 27 1418 -1 -2 28 22 30 350 107 N N N N 798 208 -69 -112 -112
1 40353 448 -121 -1 -1 0 0 0 0 35 47 -28 982 289 N N N N 1780 459 -161 -245 -245
1 41940 450 -266 15 -118 0 -1402 -1 2 38 146 -49 532 156 N N N N 3097 816 -102 -446 -446
1 40001 403 3570 -3 -8 0 0 0 0 0 17 -1 304 106 N N N N 3260 858 -89 -460 -460
1 39999 394 -3502 -2 2 0 0 0 0 -5 -52 2 70 43 N N N N 2983 791 -34 -420 -420
1 40001 406 70 1 2 0 0 0 0 -7 -37 4 301 72 N N N N 2609 688 -41 -358 -358
1 40000 403 -62 1 3 0 0 0 0 6 32 -4 148 42 N N N N 1780 469 -25 -240 -240
1 40000 426 -14 2 -3 0 0 0 0 3 8 1 595 166 N N N N 1488 378 -83 -184 -184
1 40000 395 107 1 -2 0 0 0 0 -14 -55 8 360 103 N N N N 2645 687 -67 -339 -339
1 40002 383 36 -3 -3 0 0 0 0 -6 -17 3 306 98 N N N N 2853 739 -71 -358 -358
1 39998 390 -79 0 3 0 0 0 0 13 39 -8 85 35 N N N N 2853 747 -35 -361 -361
1 40000 383 -16 1 -1 0 0 -1 0 2 8 0 104 33 N N N N 1670 435 -22 -207 -207
1 40001 393 74 -1 -2 0 0 0 0 -11 -37 5 27 10 N N N N 1198 314 -10 -149 -149
1 40000 411 76 0 5 0 0 0 0 -17 -37 9 125 30 N N N N 594 154 -11 -72 -72
1 39999 423 162 1 -3 0 0 0 0 -47 -68 26 270 74 N N N N 1450 370 -43 -168 -168
1 40000 403 158 -2 1 0 0 0 0 -63 -50 30 147 40 N N N N 1933 501 -31 -230 -230
1 40002 442 156 -3 -1 0 0 0 0 -71 -29 36 427 129 N N N N 1928 491 -55 -219 -219
1 39998 434 106 4 1 0 0 0 0 -52 -8 26 260 68 N N N N 2227 567 -57 -250 -250
1 40001 421 -44 2 3 0 0 0 0 21 2 -10 195 59 N N N N 1484 375 -42 -163 -163
1 45174 493 -139 -20 123 -11 1400 -1 -2 67 24 23 441 123 N N N N 981 237 -59 -97 -97
1 40414 458 -156 4 2 0 0 0 0 66 32 -41 241 72 N N N N 856 204 -56 -82 -82
1 40353 467 -163 0 -1 0 0 0 0 56 52 -44 97 31 N N N N 647 156 -34 -64 -64
1 39756 430 -123 -3 -4 0 0 0 0 31 51 -29 211 56 N N N N 699 173 -29 -71 -71
1 43715 480 -131 11 -120 0 -1402 -1 2 21 80 -36 385 116 N N N N 891 204 -73 -79 -79
1 39998 416 94 5 -1 0 0 0 0 -12 -48 8 129 33 N N N N -397 -111 -22 53 53
1 40000 409 120 -5 -2 0 0 0 0 -27 -56 15 269 84 N N N N -419 -130 -54 66 66
1 40002 415 227 3 -2 0 0 0 0 -78 -85 39 351 86 N N N N 221 43 -37 -13 -13
1 40000 405 192 -2 2 0 0 0 0 -85 -42 45 346 103 N N N N 2464 618 -59 -261 -261
1 39999 409 -16 -1 0 0 0 0 0 8 2 -3 98 40 N N N N 3334 847 -50 -357 -357
1 40000 424 -78 2 4 0 0 0 0 35 14 -18 472 122 N N N N 2206 554 -44 -227 -227
1 39999 425 -1 -2 -8 0 0 0 0 2 1 -1 144 52 N N N N 3036 762 -58 -309 -309
1 43883 453 -62 -13 131 -11 1400 -2 -2 25 15 37 83 26 N N N N 1887 479 -23 -193 -193
1 40000 442 -17 -3 -4 0 0 0 0 7 5 -6 303 79 N N N N 1473 364 -37 -143 -143
1 40002 429 22 -2 1 0 0 0 0 -9 -6 6 74 29 N N N N 1617 403 -31 -158 -158
1 39996 419 -49 2 -1 0 0 0 0 20 12 -13 39 8 N N N N 486 120 -12 -46 -46
1 40000 428 -69 0 6 0 0 0 0 25 19 -18 240 58 N N N N -230 -71 -23 33 33
1 40003 442 -184 2 -5 0 0 0 0 57 68 -45 669 179 N N N N 1106 243 -87 -82 -82
1 37855 379 -173 8 -109 36 -1416 0 0 31 96 -47 285 90 N N N N 1278 291 -77 -103 -103
1 42142 377 3459 24 -14 0 -1 -1 2 9 77 5 174 56 N N N N 92 1 -46 8 8
1 40000 365 -89 -1 1 0 0 0 0 -5 47 1 250 71 N N N N 270 52 -34 -15 -15
1 40002 383 -25 0 0 0 0 0 0 -2 13 1 103 31 N N N N 1499 369 -30 -140 -140
1 39998 390 79 2 -2 0 0 0 0 7 -41 -1 103 31 N N N N 304 69 -17 -25 -25
1 40003 374 -7 0 -2 0 0 0 0 -1 4 0 198 49 N N N N 1297 318 -29 -119 -119
1 40000 352 33 1 2 0 0 0 0 2 -18 0 353 94 N N N N 1680 403 -53 -147 -147
1 39997 350 -3546 -3 0 0 0 0 0 1 -29 0 33 26 N N N N 654 151 -30 -53 -53
1 40002 333 57 2 0 0 0 0 0 -3 -30 2 74 14 N N N N -115 -37 -13 16 16
1 40001 371 -6 1 1 0 0 -1 0 0 3 0 70 16 N N N N -343 -93 -11 38 38
1 40000 349 -2 -2 0 0 0 0 0 0 1 0 171 45 N N N N 19 -9 -25 9 9
1 39997 346 102 2 -1 0 0 0 0 -11 -53 5 119 37 N N N N 1303 322 -20 -121 -121
1 40000 363 124 -3 0 0 0 0 0 -25 -60 14 235 61 N N N N 576 126 -38 -42 -42
1 40000 364 90 1 1 0 0 0 0 -26 -39 13 23 8 N N N N -27 -15 -16 9 9
1 40000 383 77 1 -1 0 0 0 0 -26 -30 12 -8 1 N N N N 156 37 -4 -14 -14
1 40002 380 77 1 0 0 0 0 0 -30 -26 15 40 4 N N N N 188 45 -5 -16 -16
1 40001 383 26 0 2 0 0 0 0 -11 -8 5 56 14 N N N N 205 48 -8 -17 -17
1 44411 451 -81 -17 125 -10 1422 -1 -2 32 23 29 151 32 N N N N -349 -99 -18 41 41
1 40000 388 -225 0 0 0 0 0 0 67 84 -54 136 36 N N N N -711 -195 -26 80 80
1 41469 394 -160 14 -131 0 -1403 -1 2 28 94 -39 51 17 N N N N 210 45 -16 -14 -14
1 40001 385 -66 -2 5 0 0 0 0 3 34 -3 57 16 N N N N 343 81 -11 -29 -29
1 39999 369 3562 -3 2 0 0 0 0 0 20 -3 53 13 N N N N 459 112 -9 -42 -42
1 40001 377 -73 1 -3 0 0 0 0 -3 39 1 343 85 N N N N 553 118 -40 -38 -38
1 39999 389 23 2 3 0 0 0 0 2 -12 0 26 12 N N N N 22 -5 -20 6 6
1 39999 425 -3529 0 0 0 0 0 0 1 -38 0 60 19 N N N N -227 -65 -12 27 27
1 40001 420 75 -4 -1 0 0 0 0 -4 -40 2 228 45 N N N N -390 -109 -19 45 45
1 40000 443 -30 2 1 0 0 0 0 3 16 0 231 69 N N N N -705 -204 -47 87 87
1 40000 431 40 -4 -2 1 0 -1 0 -3 -21 1 32 12 N N N N -577 -156 -17 64 64
1 39999 427 52 4 -2 0 0 0 0 -6 -27 3 46 10 N N N N -333 -90 -11 36 36
1 40001 437 115 1 5 0 0 0 0 -21 -57 13 199 51 N N N N 337 73 -23 -24 -24
1 39999 413 1 0 -3 0 0 0 0 0 0 0 150 31 N N N N 927 224 -18 -83 -83
1 40001 394 -73 -3 2 0 0 0 0 14 35 -8 99 33 N N N N 1837 449 -29 -166 -166
1 40002 406 -36 4 0 0 0 0 0 6 18 -3 39 16 N N N N 1961 487 -15 -182 -182
1 39997 381 -14 0 -3 0 0 0 0 2 8 -1 210 57 N N N N 1388 337 -23 -122 -122
1 40000 421 30 2 3 0 0 0 0 -4 -16 3 83 19 N N N N 396 84 -29 -26 -26
1 40000 429 81 -4 0 0 0 -2 0 -16 -40 7 81 19 N N N N -674 -178 -13 69 69
1 40001 435 66 0 -4 0 0 0 0 -16 -30 8 101 23 N N N N -678 -176 -9 68 68
1 40000 420 90 1 5 0 0 0 0 -27 -38 15 94 27 N N N N -683 -186 -24 74 74
1 40001 405 -19 0 0 0 0 0 0 6 8 -2 45 8 N N N N -406 -108 -10 43 43
1 40000 393 -5 1 -4 0 0 0 0 2 2 -2 26 6 N N N N -165 -45 -6 18 18
1 39999 398 -15 -4 0 0 0 0 0 4 6 -4 0 1 N N N N -73 -20 -3 8 8
1 40001 381 -54 2 2 0 0 0 0 16 23 -7 20 1 N N N N -91 -25 -3 10 10
1 39999 392 5 -4 -1 0 0 0 0 -2 -2 -1 -10 -5 N N N N -65 -17 -1 7 7
1 40000 413 18 11 3 0 0 -1 0 -4 -8 7 14 -1 N N N N -8 -2 -1 1 1
1 40001 382 22 -5 -1 0 0 0 0 -7 -9 2 17 1 N N N N -73 -20 -1 7 7
1 40000 387 1 -1 -2 0 0 0 0 0 -1 -1 152 36 N N N N -162 -50 -17 23 23
1 40000 417 24 1 1 0 0 0 0 -7 -10 4 93 25 N N N N -758 -201 -18 79 79
1 39999 415 70 -1 0 0 0 0 0 -24 -27 12 68 16 N N N N -179 -53 -15 23 23
1 39999 426 87 3 -1 0 0 0 0 -34 -29 17 64 16 N N N N 129 26 -10 -8 -8
1 40003 431 70 -1 2 0 0 0 0 -30 -19 15 45 10 N N N N 161 36 -10 -12 -12
1 39999 423 29 0 -4 0 0 0 0 -12 -7 6 30 7 N N N N 166 38 -7 -13 -13
1 44766 463 -146 -16 128 -11 1397 0 -2 60 39 16 137 26 N N N N 65 9 -13 -1 -1
1 39999 437 -173 0 -2 0 0 0 0 57 60 -44 186 45 N N N N 130 19 -23 -3 -3
1 40470 439 -35 -3 -2 0 0 0 0 8 14 -10 206 57 N N N N 357 68 -39 -18 -18
1 39363 433 -26 5 2 0 0 0 0 7 11 -5 105 28 N N N N -20 -16 -20 9 9
1 40637 440 -54 -5 0 0 0 0 0 11 24 -12 177 44 N N N N 233 46 -21 -14 -14
1 40001 420 -29 0 -1 0 0 0 0 4 14 -6 89 29 N N N N 310 59 -33 -16 -16
1 41648 423 -29 10 -125 0 -1396 -2 2 6 31 -20 -14 3 N N N N -120 -34 -7 14 14
1 40000 423 24 1 4 0 0 0 0 -4 -13 2 30 -1 N N N N -96 -25 -2 10 10
1 39999 380 51 6 -3 0 0 0 0 -8 -25 6 15 4 N N N N -133 -35 -4 14 14
1 40001 396 54 -3 2 0 0 0 0 -12 -26 6 88 14 N N N N 84 17 -6 -5 -5
1 39999 399 -6 -3 1 0 0 0 0 1 3 -2 150 40 N N N N 1004 239 -21 -87 -87
1 40001 420 -33 2 -4 0 0 0 0 8 16 -3 181 46 N N N N 1058 249 -27 -89 -89
1 39999 436 -40 1 5 0 0 0 0 7 19 -4 126 33 N N N N 1064 253 -23 -90 -90
1 40000 431 -48 -2 -1 0 0 0 0 8 24 -4 61 19 N N N N 560 129 -19 -45 -45
1 40000 406 43 4 -3 0 1 -1 0 -7 -21 4 17 4 N N N N 427 101 -8 -36 -36
1 40000 406 64 -2 5 0 0 0 0 -13 -32 7 117 22 N N N N 318 74 -11 -25 -25
1 40000 390 -24 -1 -5 0 0 0 0 6 12 -3 113 34 N N N N 183 33 -20 -9 -9
1 40000 377 8 0 2 0 0 0 0 -2 -4 1 107 26 N N N N 295 62 -20 -19 -19
1 40000 395 72 -2 0 0 0 0 0 -18 -33 8 132 34 N N N N 161 29 -19 -7 -7
1 40000 402 -28 2 2 0 0 0 0 8 12 -3 78 20 N N N N -191 -58 -18 25 25
1 40000 416 -79 0 0 0 0 0 0 17 38 -9 95 22 N N N N -24 -14 -14 8 8
1 40000 406 -104 1 -1 0 0 0 0 15 53 -8 170 41 N N N N 231 42 -24 -12 -12
1 40001 422 40 0 -3 0 -1 -1 0 -5 -20 2 59 19 N N N N 56 3 -18 2 2
1 40000 409 25 2 1 0 0 0 0 -3 -13 3 72 13 N N N N -120 -35 -10 15 15
1 39999 385 -36 -4 3 0 0 0 0 4 18 -3 181 50 N N N N 159 21 -31 -2 -2
1 40000 390 50 1 -4 0 0 0 0 -6 -25 4 10 2 N N N N -254 -68 -8 27 27
1 40000 391 54 3 4 0 0 0 0 -11 -27 6 69 11 N N N N -213 -56 -6 22 22
1 40001 369 -121 -3 -4 0 0 0 0 20 61 -12 277 62 N N N N 706 160 -25 -55 -55
1 39998 374 -12 0 2 0 0 0 0 1 6 0 177 52 N N N N 703 155 -32 -51 -51
1 40001 409 -38 0 2 0 0 0 0 4 20 -2 92 31 N N N N -942 -251 -29 98 98
1 40000 393 -53 1 0 0 0 0 0 2 28 -2 228 51 N N N N -1099 -286 -24 111 111
1 39999 403 3580 0 -2 0 0 0 0 0 11 0 183 52 N N N N -300 -99 -42 45 45
1 40001 387 -3529 0 1 0 0 0 0 -2 -38 2 192 45 N N N N 162 28 -20 -7 -7
1 40000 387 3489 0 -3 0 0 0 0 1 60 -2 101 33 N N N N 46 -8 -33 9 9
1 39999 377 -137 0 4 0 0 0 0 -13 71 5 76 21 N N N N -112 -38 -17 17 17
1 40000 385 -141 2 -2 0 0 0 0 -31 68 13 165 34 N N N N -80 -28 -15 13 13
1 38784 179 -35 289 -48 349 -445 -110 -4 -5 18 112 105 37 N N N N 116 9 -33 3 3
1 39990 55 8 11 -1 -1 0 -177 0 3 -3 -6 26 6 N N N N -136 -37 -7 15 15
1 55044 -170 -17 367 6 536 0 -190 0 -71 0 137 -52 -1 N N N N -28 -12 -8 6 6
1 25002 -243 24 19 -1 5 0 -108 0 3 -11 9 -170 -41 N N N N -24 6 21 -6 -6
1 39895 -595 187 -11 14 -5 -1 -177 0 40 -87 15 -142 -41 N N N N -47 8 33 -9 -9
1 40047 -773 144 -48 2 0 0 -171 0 13 -76 1 -297 -73 N N N N 145 62 44 -31 -31
1 41239 -874 -3530 -62 4 0 0 -87 4 -1 -36 -3 -418 -110 N N N N -297 -37 64 2 2
1 40000 -884 73 -1 -6 0 0 0 0 -7 -40 -3 -357 -92 N N N N 1194 327 52 -132 -132
1 40000 -917 101 4 3 0 0 0 0 -15 -50 -10 -254 -68 N N N N 332 119 61 -55 -55
1 40000 -916 44 -5 -3 0 0 0 0 -10 -22 -5 -245 -59 N N N N 38 30 34 -18 -18
1 40000 -888 30 3 6 0 0 0 0 -6 -12 -4 -183 -46 N N N N 105 43 29 -21 -21
1 40000 -890 143 -2 -5 0 0 0 0 -44 -61 -25 -226 -58 N N N N -191 -22 43 0 0
1 40001 -887 47 7 6 0 0 0 0 -17 -15 -8 -313 -79 N N N N 150 65 47 -33 -33
1 39999 -927 94 -4 -4 0 0 0 0 -37 -30 -22 -180 -46 N N N N -375 -69 40 19 19
1 44235 -993 -214 3 -136 10 -1392 -5 -2 78 41 -5 -279 -70 N N N N -582 -126 33 40 40
1 40388 -905 -273 1 13 0 199 -1 -1 53 124 65 -327 -85 N N N N -1807 -417 60 145 145
1 39965 -898 -47 4 122 0 1195 0 3 2 65 20 -21 -2 N N N N -1839 -450 17 166 166
1 40001 -921 -40 -5 -8 0 0 0 0 2 18 1 -225 -53 N N N N -88 -10 21 0 0
1 39999 -896 3552 1 9 0 0 0 0 0 29 0 -433 -112 N N N N -344 -55 55 11 11
1 40000 -910 -3439 3 1 0 0 0 0 -8 -85 -4 -210 -56 N N N N -536 -99 64 25 25
1 40001 -902 67 -2 0 0 0 0 0 -8 -34 -7 -135 -33 N N N N -253 -49 26 14 14
1 39999 -876 49 -1 -4 0 0 0 0 -9 -25 -7 -82 -16 N N N N -245 -53 14 18 18
1 40000 -885 45 2 1 0 0 0 0 -11 -21 -5 -197 -51 N N N N -303 -60 29 18 18
1 39999 -910 65 0 -3 0 0 0 0 -17 -30 -10 -114 -25 N N N N 843 226 25 -91 -91
1 40001 -912 80 6 6 0 1 -2 0 -25 -31 -12 -7 5 N N N N 354 92 5 -36 -36
1 39999 -940 113 -3 -1 0 0 0 0 -42 -40 -24 -70 -11 N N N N 123 35 8 -15 -15
1 40001 -901 6 -5 -7 0 0 0 0 -1 -2 -6 -194 -46 N N N N -126 -15 28 1 1
1 40000 -865 -93 1 3 0 0 0 0 35 31 21 -190 -48 N N N N 435 126 30 -53 -53
1 40000 -898 76 2 5 0 0 0 0 -29 -25 -13 -269 -68 N N N N 1954 520 46 -204 -204
1 39999 -895 39 -4 -8 0 0 0 0 -15 -13 -13 -417 -113 N N N N -3104 -747 66 269 269
1 40001 -869 -78 4 2 0 0 0 0 30 25 18 -91 -23 N N N N -2704 -671 24 253 253
1 40000 -856 -64 -2 0 0 0 0 0 23 23 13 -432 -113 N N N N -44 22 62 -20 -20
1 42058 -866 -281 -15 -129 -33 -1399 0 -2 73 89 10 -372 -95 N N N N 1232 334 38 -135 -135
1 43528 -904 -3 -1 134 0 1395 -1 2 1 42 25 -148 -44 N N N N 114 64 63 -36 -36
1 39999 -831 148 -2 -2 0 0 0 0 -28 -73 -17 -240 -64 N N N N -1026 -240 40 84 84
1 40001 -813 47 -1 0 0 0 0 0 -12 -21 -7 -162 -41 N N N N 609 174 34 -73 -73
1 39999 -821 70 1 -4 0 0 0 0 -22 -30 -13 -42 -8 N N N N 295 81 10 -33 -33
1 40000 -821 -76 2 2 0 0 0 0 24 32 13 -344 -88 N N N N -265 -44 43 9 9
1 40000 -829 68 -2 1 0 0 0 0 -22 -28 -10 -289 -81 N N N N -1349 -314 56 111 111
1 40000 -823 83 -3 0 0 0 0 0 -28 -31 -17 -99 -24 N N N N -442 -99 26 33 33
1 40000 -820 119 1 4 0 0 0 0 -48 -35 -24 -562 -152 N N N N 281 115 78 -59 -59
1 45651 -962 -288 6 -136 10 -1389 -1 -2 101 69 13 -194 -53 N N N N -2113 -517 46 193 193
1 40173 -829 -178 4 108 0 1384 0 2 34 112 61 -448 -122 N N N N -1870 -444 69 161 161
1 40826 -862 111 -4 29 0 0 0 0 -18 -46 -9 -921 -257 N N N N -700 -117 123 24 24
1 39999 -828 -70 -4 -11 0 0 0 0 13 31 7 -280 -86 N N N N -1580 -360 94 126 126
1 40000 -820 -59 3 6 0 0 0 0 8 32 6 -424 -117 N N N N -955 -213 68 73 73
1 40000 -825 26 -1 0 0 0 0 0 -3 -13 -2 -495 -137 N N N N -2496 -618 56 239 239
1 40001 -840 170 -1 0 0 0 0 0 -34 -82 -20 -468 -139 N N N N -4366 -1083 108 426 426
1 39999 -821 -122 0 -7 0 0 0 0 26 55 14 -498 -146 N N N N -6603 -1677 95 693 693
1 40001 -831 -87 2 2 0 0 0 0 12 45 8 -425 -121 N N N N -2854 -715 72 299 299
1 39999 -825 92 4 6 0 0 0 0 -13 -45 -6 -506 -141 N N N N 775 238 88 -118 -118
1 40000 -867 141 -1 -1 0 0 0 0 -32 -66 -19 -394 -112 N N N N -1150 -274 69 108 108
1 40000 -822 168 -2 -1 0 0 0 0 -57 -65 -32 -474 -136 N N N N -1006 -231 86 87 87
1 40001 -853 15 -3 -2 0 0 0 0 -5 -5 -4 -430 -123 N N N N -996 -232 77 91 91
1 40000 -823 -25 4 3 0 0 0 0 10 8 6 -518 -153 N N N N -2456 -613 92 259 259
1 40000 -838 -1 -5 -1 0 0 0 0 0 1 0 -403 -119 N N N N -3981 -1020 88 451 451
1 40000 -848 210 -2 9 0 0 0 0 -90 -52 -43 -374 -109 N N N N -3325 -861 56 393 393
1 40000 -855 77 -1 -9 0 0 0 0 -37 -11 -24 -944 -274 N N N N -5826 -1497 159 694 694
1 40000 -834 -29 7 2 0 0 0 0 14 3 7 -421 -125 N N N N -4295 -1122 77 544 544
1 44058 -927 -126 6 -128 10 -1383 -1 -2 57 6 -32 -494 -151 N N N N -6038 -1585 104 796 796
1 40000 -834 -124 -10 1 0 0 0 0 52 29 35 -684 -191 N N N N -4036 -1063 78 551 551
1 40000 -815 -290 6 -11 0 0 0 0 85 105 70 -1170 -347 N N N N -4738 -1234 213 646 646
1 40824 -834 -143 -17 137 -28 1383 0 2 24 112 38 -495 -159 N N N N -4511 -1196 136 656 656
1 40001 -755 148 -3 0 0 0 0 0 -20 -75 -11 -830 -242 N N N N -1654 -432 124 235 235
1 40000 -766 78 1 -3 0 0 0 0 -17 -38 -11 -1281 -384 N N N N -250 -45 220 2 2
1 40000 -732 -147 1 -4 0 0 0 0 29 70 16 -1230 -364 N N N N 1987 564 192 -346 -346
1 39999 -762 145 -1 14 0 0 0 0 -28 -66 -13 -1022 -321 N N N N 781 242 230 -164 -164
1 40001 -771 225 1 -9 0 0 0 0 -75 -91 -41 -1182 -357 N N N N 1674 492 237 -308 -308
1 39999 -761 -114 -2 -3 0 0 0 0 42 40 20 -258 -88 N N N N 4606 1287 82 -726 -726
1 40001 -766 164 -3 5 0 0 0 0 -63 -54 -28 -705 -212 N N N N 9035 2531 136 -1366 -1366
1 44940 -844 -100 4 -133 8 -1385 -1 -2 40 6 -37 -859 -254 N N N N 8644 2444 151 -1248 -1248
1 40000 -757 -300 1 0 0 0 0 0 82 119 70 -682 -204 N N N N 6796 1932 114 -940 -940
1 41468 -791 3358 0 129 0 1385 0 2 11 164 38 -931 -284 N N N N 5072 1479 170 -707 -707
1 40000 -764 -3363 2 16 0 0 0 0 -11 -120 -6 -375 -125 N N N N 1737 524 96 -252 -252
1 40018 -770 -28 1 -16 0 0 0 0 3 10 0 -686 -214 36 70 44 560 802 287 160 -155 -155
1 39983 -745 -72 -2 2 0 0 0 0 7 38 4 -36 -13 N N N N 1629 469 24 -212 -212
1 40000 -763 17 3 4 0 0 0 0 -1 -8 0 -589 -174 N N N N 1267 387 72 -182 -182
1 39999 -748 36 -3 -4 0 0 0 0 -3 -20 -4 -683 -210 N N N N 2653 811 143 -376 -376
1 40000 -750 -86 -3 -1 0 0 0 0 6 45 5 -598 -188 N N N N 2750 835 124 -378 -378
1 40000 -773 75 2 4 0 0 0 0 -6 -38 -3 -368 -115 N N N N 4867 1423 80 -606 -606
1 40001 -764 55 1 -1 0 1 0 0 -6 -29 -4 -320 -98 N N N N 5272 1534 59 -629 -629
1 39999 -778 88 0 3 0 0 0 0 -16 -42 -9 -346 -108 N N N N 2785 836 76 -342 -342
1 40016 -766 182 -2 -1 0 0 0 0 -53 -79 -26 -393 -122 39 71 42 559 -98 15 82 -21 -21
1 39984 -747 24 3 -4 0 0 0 0 -8 -10 -7 -236 -72 N N N N -370 -79 53 20 20
1 40001 -747 46 -2 2 0 0 0 0 -17 -16 -8 -745 -223 N N N N -3391 -914 117 338 338
1 39999 -749 -50 0 0 0 0 0 0 19 18 8 -1047 -325 N N N N -10677 -2994 186 1197 1197
1 40000 -730 85 0 0 0 0 0 0 -33 -29 -15 -1057 -346 N N N N 11406 3411 223 -1441 -1441
1 40000 -734 -13 -1 -2 0 0 0 0 5 4 2 -404 -131 N N N N 8831 2629 110 -1033 -1033
1 43649 -794 -331 3 -131 10 -1391 -1 -2 98 101 22 -920 -276 N N N N -18815 -5426 126 2131 2131
1 40824 -729 -142 3 136 0 1396 1 2 15 112 41 -820 -268 N N N N -10147 -2897 185 1229 1229
1 40016 -746 89 0 0 0 0 0 0 -8 -47 -5 -553 -185 38 75 40 559 -5579 -1584 156 701 701
1 39984 -725 88 -3 -1 0 0 0 0 -14 -44 -9 -487 -159 N N N N -5155 -1491 89 697 696
1 40000 -719 93 -1 -1 0 0 0 0 -23 -43 -11 -918 -282 N N N N -4759 -1360 165 645 646
1 40001 -708 31 2 3 0 0 0 0 -8 -14 -4 -1260 -404 N N N N -366 -42 249 -17 -17
1 40000 -713 138 0 3 0 0 0 0 -47 -52 -23 -463 -158 N N N N -1178 -320 118 144 144
1 40000 -711 52 -2 -11 0 0 0 0 -21 -19 -15 -1292 -397 N N N N 1963 636 183 -350 -350
1 40000 -674 -137 1 2 0 0 0 0 51 48 27 -952 -321 N N N N 5350 1683 251 -868 -868
1 43824 -776 -163 -1 -130 1 -1393 -1 -2 45 37 -11 -301 -110 N N N N 4898 1520 125 -742 -742
1 41486 -734 -123 1 128 0 1384 0 2 20 96 46 -1304 -410 38 69 42 557 7546 2375 235 -1119 -1119
1 39985 -709 126 -1 5 0 0 0 0 -21 -61 -11 -364 -126 N N N N 4531 1429 119 -643 -643
1 40000 -707 37 1 -4 0 0 0 0 -7 -19 -7 -300 -94 N N N N 2881 908 67 -397 -397
1 40000 -698 -45 -1 3 0 0 0 0 9 22 8 -883 -277 N N N N 2521 845 162 -382 -382
1 39999 -708 11 -3 -3 0 0 0 0 -2 -6 -3 -323 -108 N N N N 1997 648 76 -280 -280
1 40000 -698 -48 3 3 0 0 0 0 10 24 6 -732 -227 N N N N 626 268 157 -138 -138
1 40001 -700 103 -4 6 0 0 0 0 -23 -47 -11 -1116 -344 N N N N 627 297 214 -161 -161
1 39999 -705 -2 1 -10 0 0 0 0 1 -2 -2 -106 -44 N N N N -37 27 79 -26 -26
1 40016 -705 -62 2 7 0 0 0 0 15 31 9 -732 -206 36 72 50 556 -107 10 88 -21 -21
1 39984 -711 16 -1 -6 -1 0 0 0 -5 -9 -2 -952 -306 N N N N -960 -202 203 42 42
1 40001 -715 -34 -1 -4 0 0 0 0 8 15 2 -1251 -395 N N N N 3375 1176 243 -517 -517
1 39999 -706 87 0 12 0 0 0 0 -20 -37 -9 -1051 -229 N N N N 165 171 236 -113 -113
1 40000 -664 -83 5 -5 0 0 0 0 18 37 12 -4575 -1334 N N N N 155 347 587 -252 -252
1 40000 -771 -159 -11 -10 0 0 0 0 25 78 6 -3410 -1066 N N N N 9830 3674 929 -1574 -1574
1 40001 -634 3344 -7 11 0 0 0 0 -10 138 -5 -4806 -1302 N N N N 10001 3837 893 -1527 -1527
1 40000 -520 -312 -5 -10 0 0 0 0 -87 133 -33 -12725 -3874 N N N N 23982 10126 2641 -3654 -3654
1 40014 -310 -331 -6 5 0 0 0 0 -151 71 -67 -3790 -1031 38 75 60 555 27452 11214 1565 -3132 -3132
1 44868 -175 68 22 127 1 1396 0 -2 30 6 -51 -1691 -529 N N N N 16134 6335 444 -1442 -1442
1 40410 -103 21 -2 2 0 0 0 0 10 -1 5 -1636 -448 N N N N 8984 3821 453 -841 -841
1 40354 -74 -178 -4 -1 0 0 0 0 -87 1 -43 -2337 -368 N N N N 8163 3497 393 -723 -723
1 40881 -67 -146 6 2 0 0 0 0 -72 -20 -32 -1153 -752 N N N N 4969 2555 548 -560 -560
1 10823 -24 4 -2 0 0 0 0 0 2 0 2 -128 -213 N N N N 969 510 112 -110 -110
1 10016 -24 15 4 -1 0 0 0 0 7 3 2 -229 -172 39 73 54 554 738 471 147 -109 -109
1 11105 -52 18 2 0 0 0 0 0 9 3 3 -294 -205 N N N N 3601 1524 127 -279 -279
1 10014 -42 17 -2 2 0 0 0 0 8 3 3 -251 -190 38 72 56 554 3379 1388 83 -243 -243
1 11515 -74 21 1 0 0 0 0 0 10 3 5 -161 -170 N N N N 2631 1125 94 -198 -198
1 10015 -51 7 -3 0 0 0 0 0 4 1 1 -95 -99 41 75 57 554 3296 1404 112 -242 -242
1 10985 -72 11 2 0 0 0 0 0 5 1 3 -136 -85 N N N N 3623 1483 76 -243 -242
1 10016 -75 19 -4 -1 0 0 0 0 10 3 4 -136 -65 41 72 58 553 3940 1582 58 -247 -248
1 10984 -80 42 1 0 0 0 0 0 20 3 10 -55 -42 N N N N 3799 1534 61 -236 -236
1 10015 -83 40 0 -3 0 0 0 0 21 2 9 -5 -18 38 76 64 553 3534 1456 73 -222 -222
1 11276 -79 48 3 3 0 0 0 0 23 0 12 -17 -20 N N N N 2929 1141 16 -163 -163
1 10016 -96 61 -4 2 0 0 0 0 30 -3 14 -40 -21 41 74 66 553 2470 986 29 -142 -142
1 11399 -82 56 4 -3 0 0 0 0 27 -5 15 -8 -11 N N N N 2072 857 42 -125 -125
1 10016 -79 35 0 1 0 0 0 0 16 -5 8 -40 -13 41 73 65 553 1616 640 15 -89 -89
1 10611 -93 31 -4 -32 -1 -195 0 -1 15 -8 24 -9 -10 N N N N 1482 562 -2 -75 -75
1 9104 -65 3 -14 -87 3 -1192 -23 -1 4 -15 41 -13 -6 37 74 63 553 887 335 -3 -44 -44
1 13493 -101 2 -2 -1 -2 1 -39 4 1 -1 1 -50 -16 N N N N 746 313 18 -44 -44
1 10850 -90 -20 0 -1 0 0 0 0 -9 5 -3 -21 -8 39 79 68 553 1096 413 -4 -54 -55
1 9984 -88 -18 3 0 0 0 0 0 -9 3 -4 -8 -5 N N N N 802 331 15 -46 -46
1 10016 -98 -25 -3 -1 0 0 0 0 -11 5 -5 -9 -4 38 76 68 552 791 356 34 -53 -52
1 9984 -85 -35 0 1 0 0 0 0 -18 5 -7 6 5 N N N N 435 155 -7 -19 -19
1 10016 -81 -48 2 0 0 0 0 0 -23 7 -10 -86 -21 39 74 71 552 524 197 -2 -25 -25
1 9985 -90 -75 -3 -1 0 0 0 0 -37 5 -16 -233 -79 N N N N 274 126 13 -19 -20
1 10015 -108 -106 1 -1 0 0 0 0 -53 -1 -24 -291 -114 40 79 86 552 59 140 72 -32 -31
1 9984 -87 -93 2 1 0 0 0 0 -47 -10 -20 -336 -120 N N N N -131 89 85 -28 -28
1 10016 -81 -80 -1 1 0 0 0 0 -37 -14 -17 -194 -91 38 79 94 552 -62 100 75 -27 -27
1 9984 -84 -50 -3 1 0 0 0 0 -23 -11 -10 -71 -44 N N N N 165 128 40 -24 -24
1 10016 -82 -32 2 -1 0 0 0 0 -14 -8 -7 -77 -39 41 81 96 552 -57 41 39 -13 -13
1 9984 -97 -19 -1 3 0 0 0 0 -8 -6 -3 -10 -13 N N N N -7 36 23 -9 -9
1 10016 -92 -44 -1 -2 0 0 0 0 -17 -13 -9 -136 -55 41 79 95 552 93 76 25 -14 -14
1 9984 -87 -114 1 -5 0 0 0 0 -42 -40 -17 -545 -155 N N N N 186 96 14 -15 -15
1 10017 -90 -76 0 1 0 0 0 0 -23 -32 -10 -98 -40 43 83 118 552 -160 154 132 -45 -45
1 9983 -102 -39 -1 2 0 0 0 0 -11 -17 -4 -29 -14 N N N N 432 237 43 -38 -38
1 10016 -75 8 -1 2 0 0 0 0 2 3 1 -17 1 41 86 123 552 367 152 6 -21 -21
1 9984 -84 44 2 -1 0 0 0 0 13 19 4 70 57 N N N N 244 128 21 -20 -20
1 10016 -81 22 -3 4 0 0 0 0 6 9 3 30 43 40 88 124 552 294 111 -2 -13 -13
1 9984 -70 -3 2 -1 0 0 0 0 -1 -1 0 22 25 N N N N 413 145 -9 -17 -17
1 10018 -92 -15 1 -3 0 0 0 0 -4 -6 -2 4 12 41 86 126 551 376 190 27 -29 -29
1 9981 -100 -19 -1 0 0 0 0 0 -6 -8 -2 3 5 N N N N 576 188 -21 -20 -20
1 10017 -82 -27 0 0 0 0 0 0 -7 -12 -3 7 9 41 87 122 551 240 125 20 -19 -19
1 9984 -85 -28 -2 2 0 0 0 0 -7 -13 -3 -36 -1 N N N N 308 117 -1 -15 -15
1 10017 -96 -65 1 -1 0 0 0 0 -13 -31 -5 -246 -49 41 88 126 551 481 136 -30 -11 -11
1 9983 -86 -96 -3 -1 0 0 0 0 -14 -47 -8 -286 -57 N N N N 19 122 69 -28 -28
1 10016 -93 -107 3 -2 0 0 0 0 -5 -55 -4 -117 -30 43 91 141 551 309 287 100 -55 -55
1 9984 -79 -125 8 -1 0 0 0 0 6 -64 -3 -430 -49 N N N N 651 311 35 -45 -45
1 10016 -103 -23 -14 2 0 0 0 0 0 -12 9 -68 20 44 98 138 551 582 413 112 -71 -71
1 9984 -115 42 3 1 0 0 0 0 -3 21 -2 35 49 N N N N 1057 474 37 -65 -65
1 10852 -113 76 1 1 -1 1 -4 -3 -4 39 -2 13 7 45 100 136 550 1471 587 9 -73 -73
1 15797 -177 37 5 -127 1 -1401 -10 1 0 36 1 29 19 N N N N 1821 748 23 -94 -94
1 10426 -115 14 -5 -2 0 0 0 0 0 7 3 12 9 44 100 137 550 1201 450 -10 -52 -52
1 10511 -107 8 -2 -4 0 0 0 0 -1 4 4 19 11 N N N N 780 309 4 -37 -37
1 10430 -120 -6 2 -2 0 0 0 0 2 -2 -4 19 17 45 101 131 550 645 256 3 -31 -31
1 10454 -116 -21 -6 -1 0 0 0 0 -2 -12 2 -25 -5 N N N N 698 258 -8 -29 -29
1 10430 -108 -40 4 3 0 0 0 0 0 -20 -8 -6 -1 44 105 130 550 516 210 5 -26 -26
1 10866 -111 -41 -2 2 0 0 0 0 2 -21 -3 -49 -13 N N N N 488 187 -1 -21 -21
1 10367 -114 -37 0 1 0 0 0 0 3 -19 -2 -10 -4 45 99 128 550 154 102 24 -17 -17
1 10455 -110 -39 3 -7 0 0 0 0 5 -18 -5 1 -1 N N N N 370 142 -1 -16 -16
1 5171 -50 -9 -8 2 0 0 0 0 0 -6 2 -17 -4 46 101 128 549 377 168 12 -22 -22
1 5164 -57 -14 3 2 0 0 0 0 2 -7 -1 -13 -3 N N N N 91 31 -2 -3 -3
1 6098 -65 -11 11 -11 0 0 0 0 3 -2 -8 -25 -8 47 109 127 549 19 -23 -18 6 6
1 5317 -49 -12 5 13 0 0 0 0 2 -8 0 -4 -2 N N N N 46 35 10 -6 -6
1 4869 -69 -22 -21 16 0 0 0 0 2 -15 11 5 0 46 104 128 549 -69 16 24 -6 -6
1 4954 -45 -23 6 -4 0 0 0 0 5 -10 -4 -14 -4 N N N N 98 2 -21 3 3
1 5678 -54 -12 2 -3 0 0 0 0 3 -5 -4 -35 -8 46 97 129 549 82 45 8 -6 -6
1 5020 -45 -4 -3 3 0 0 0 0 0 -3 3 -88 -22 N N N N -11 17 13 -5 -5
1 5189 -58 -9 2 -9 0 0 0 0 3 -2 -4 57 11 46 102 128 549 20 -10 -11 4 4
1 4954 -52 -9 7 -12 0 0 0 0 2 -2 -3 -54 -16 N N N N 7 18 9 -4 -4
1 5661 -62 -9 -8 1 0 0 0 0 2 -5 1 -2 -1 46 99 127 549 -16 6 7 -2 -2
1 5024 -57 -11 3 -3 0 0 0 0 2 -5 0 23 3 N N N N -64 18 24 -7 -7
1 5831 -70 -28 -2 6 0 0 0 0 8 -13 -1 4 2 44 99 126 549 97 37 0 -4 -4
1 4682 -69 -26 -14 -1 0 0 0 0 5 -14 9 -7 -2 N N N N 34 34 12 -6 -6
1 5803 -50 -24 -1 7 0 0 0 0 8 -11 0 -7 -3 46 101 126 548 68 22 -3 -2 -2
1 5745 -78 -14 23 -1 0 0 0 0 5 -4 -7 -39 -8 N N N N 103 16 -14 1 1
1 5929 -57 2 -11 1 0 0 0 0 -1 0 4 -7 -3 47 102 126 548 134 64 7 -9 -9
1 4681 -58 0 -1 -1 0 0 0 0 0 0 -1 -16 -5 N N N N -82 -13 11 -1 -1
1 5847 -62 -4 4 -5 0 0 0 0 1 -1 -1 -18 -5 46 101 124 548 126 41 -5 -4 -4
1 5035 -48 6 9 -3 0 0 0 0 -1 4 -5 14 3 N N N N -14 -7 -1 1 1
1 5195 -73 2 -7 3 0 0 0 0 -1 0 2 -16 -4 46 99 122 548 31 40 17 -7 -7
1 4957 -52 -8 -15 -4 0 0 0 0 2 -4 4 0 -1 N N N N 115 57 6 -8 -8
1 5057 -44 -20 10 -22 0 0 0 0 7 -4 -11 6 3 45 100 123 548 165 39 -14 -2 -2
1 5020 -72 -17 0 18 0 0 0 0 5 -10 9 2 0 N N N N 54 50 16 -9 -9
1 5189 -64 -6 -5 7 0 0 0 0 2 -4 4 -6 -1 45 99 118 548 -27 8 11 -3 -3
1 4956 -55 -8 16 8 0 0 0 0 4 -3 -4 5 -1 N N N N 59 3 -12 2 2
1 5051 -59 -14 -10 -10 0 0 0 0 4 -5 2 -1 1 46 96 124 548 120 68 13 -10 -10
1 5021 -70 -12 10 -3 0 0 0 0 4 -4 -3 0 1 N N N N -119 -41 3 4 4
1 5936 -81 -9 -19 3 0 0 0 0 3 -5 5 -1 0 47 100 124 548 178 67 -1 -7 -7
1 4674 -40 -22 10 -6 0 0 0 0 8 -7 -2 1 -1 N N N N 57 33 5 -5 -5
1 5804 -80 -34 2 -6 0 0 0 0 14 -11 -3 0 1 46 102 124 547 205 58 -12 -5 -5
1 5031 -65 -27 -7 19 0 0 0 0 10 -12 16 4 1 N N N N -127 -27 13 1 1
1 5173 -65 -29 6 -1 0 0 0 0 13 -9 -2 4 3 46 100 123 547 -47 -25 -4 4 4
1 5105 -71 -33 -7 7 0 0 0 0 14 -11 10 -4 0 N N N N 69 34 4 -5 -5
1 4882 -57 -8 10 4 0 0 0 0 4 -2 -1 6 0 45 99 124 547 149 66 5 -8 -8
1 5015 -64 13 -3 -8 0 0 0 0 -6 4 -5 -2 0 N N N N 70 17 -6 -1 -1
1 5174 -76 11 -3 0 0 0 0 0 -5 3 1 20 5 44 100 121 547 9 11 4 -2 -2
1 5093 -66 -5 6 -12 0 0 0 0 2 1 -5 -10 0 N N N N 1 -21 -12 4 4
1 4932 -61 -20 -19 4 0 0 0 0 9 -8 7 8 1 48 99 124 547 -23 -9 0 1 1
1 5078 -75 -24 8 3 0 0 0 0 11 -6 3 -9 -2 N N N N -97 -21 9 1 1
1 5161 -53 -26 1 5 0 0 0 0 13 -7 3 -9 0 44 96 121 547 65 10 -9 1 1
1 5100 -76 -92 12 -7 0 0 0 0 42 -19 12 7 0 N N N N -34 -6 5 0 0
1 9602 -122 -103 -18 22 0 204 0 0 52 -14 34 5 3 46 101 121 547 -111 -27 9 1 1
1 9015 -110 -36 5 105 0 1200 0 2 20 0 59 -12 -5 N N N N 96 36 -1 -4 -4
1 7522 -83 25 -5 3 0 0 0 0 -11 0 -6 6 2 44 97 121 546 42 8 -5 0 0
1 5308 -59 30 16 12 0 0 0 0 -19 3 5 0 1 N N N N 148 55 -1 -6 -6
1 5030 -66 9 -10 -3 0 0 0 0 -3 0 -5 -4 0 44 100 120 546 21 1 -4 1 1
1 5163 -52 -9 -19 -15 0 0 0 0 6 -2 -4 -4 -1 N N N N 96 57 11 -9 -9
1 4995 -43 -8 22 16 0 0 0 0 3 0 6 10 2 46 131 124 546 -88 -59 -14 9 9
1 4950 -52 -21 9 -5 0 0 0 0 10 -1 2 0 1 N N N N 264 87 -9 -8 -8
1 5163 -55 12 -15 2 0 0 0 0 -5 1 -1 -6 0 51 97 122 546 -204 -55 14 4 4
1 5086 -52 5 27 -8 0 0 0 0 -5 0 -6 10 1 N N N N 62 30 3 -4 -4
1 4967 -52 -1 13 -9 0 0 0 0 -1 0 -5 -6 -1 45 97 120 546 133 5 -26 4 4
1 4957 -50 3 -28 11 0 0 0 0 1 0 7 0 -1 N N N N -189 -22 29 -3 -3
1 4987 -63 -4 -16 1 0 0 0 0 4 0 0 -6 0 43 98 123 546 66 14 -7 0 0
1 5096 -40 11 11 6 0 0 0 0 -6 0 0 4 2 N N N N 69 36 5 -5 -5
1 4939 -50 4 -10 0 0 0 0 0 -4 2 6 27 6 46 100 123 545 68 23 -2 -3 -3
1 4950 -60 2 1 -6 0 0 0 0 1 -1 -8 5 2 N N N N 0 0 1 0 0
1 5053 -42 -3 16 -9 0 0 0 0 0 -1 -6 -15 -3 44 98 126 545 32 4 -5 1 1
1 4957 -47 13 -14 14 0 0 0 0 -5 2 6 1 1 N N N N 35 15 0 -2 -2
1 5069 -51 9 -6 -4 0 0 0 0 -6 1 0 -1 -2 47 105 122 545 27 22 7 -4 -4
1 4960 -42 23 20 -2 0 0 0 0 -11 1 -12 5 2 N N N N 68 -2 -17 3 3
1 5002 -38 4 -6 0 0 0 0 0 -4 1 6 -5 1 44 100 119 545 -14 22 16 -5 -5
1 4957 -47 12 -24 2 0 0 0 0 -3 1 -3 12 0 N N N N 11 12 5 -2 -2
1 5021 -37 -13 32 -6 0 0 0 0 4 -1 -2 -15 -2 44 101 124 545 179 64 -4 -7 -7
1 5098 -61 6 -12 4 0 0 0 0 0 0 -4 -14 -2 N N N N 21 7 0 -1 -1
1 4920 -43 -14 -19 -16 0 0 0 0 5 -2 4 27 4 44 97 122 545 -94 -33 2 4 4
1 5320 -51 -5 20 18 0 0 0 0 3 0 4 -13 -1 N N N N 57 -2 -14 2 2
1 5186 -44 16 -9 -16 0 0 0 0 -7 2 -11 25 6 45 99 121 545 -32 10 13 -3 -3
1 5092 -49 -4 6 16 0 0 0 0 1 -1 10 -1 0 N N N N -61 -21 2 2 2
1 5552 -43 -7 4 5 0 0 0 0 3 0 4 5 2 47 99 122 544 86 18 -9 0 0
1 4663 -48 -14 4 2 0 0 0 0 7 -2 3 -4 -3 N N N N 103 51 6 -7 -7
1 5188 -57 -40 -16 -25 0 0 0 0 20 -2 0 -19 -2 43 96 124 544 -22 -8 0 1 1
1 5095 -46 -19 2 12 0 0 0 0 13 -2 2 6 1 N N N N 33 25 7 -5 -5
1 4930 -40 -10 3 -1 0 0 0 0 4 1 4 1 1 46 96 122 544 56 12 -6 0 0
1 4945 -49 19 -10 -2 0 0 0 0 -10 0 -2 12 3 N N N N -46 -16 1 2 2
1 5023 -38 -8 4 2 0 0 0 0 6 0 -3 5 1 45 100 125 544 3 0 -1 0 0
1 5088 -47 -42 -1 24 0 0 0 0 18 3 30 1 1 N N N N 0 -1 0 0 0
1 4923 -27 -11 28 -17 0 0 0 0 6 -3 -15 12 5 46 97 125 544 -61 -31 -4 4 4
1 5090 -48 4 -6 -10 0 0 0 0 -5 1 2 6 2 N N N N 79 36 3 -4 -4
1 4956 -61 60 -25 25 0 0 0 0 -21 -1 -15 -11 -4 46 99 124 544 80 38 4 -5 -5
1 7336 -79 -45 28 -22 0 0 0 0 11 1 17 -9 -1 N N N N -134 -71 -11 10 10
1 5841 -65 40 -17 4 0 0 0 0 -14 -1 -16 6 0 46 99 121 544 115 60 9 -9 -9
1 5013 -54 15 -15 22 0 0 0 0 -2 1 0 11 5 N N N N 2 -2 -2 1 1
1 5164 -74 -32 18 6 0 0 0 0 10 1 20 5 3 46 97 120 544 68 35 5 -5 -5
1 5092 -52 -4 37 -26 0 0 0 0 -5 0 -8 416 0 N N N N 44 7 -6 0 0
1 5554 -46 127 -213 23 0 0 0 0 -45 7 -2 -60 4 47 95 123 543 43 21 3 -3 -3
