version: 66.14
glider: 195
mission: 21
dive: 94
start: 4 26 105 18 44 13
columns: rec,elaps_tms,depth,heading,pitch,roll,AD_pitch,AD_roll,AD_vbd,GC_phase,mag.x,mag.y,mag.z,sbect.TempFreq,sbect.CondFreq,wlbb2fl.sig470nm,wlbb2fl.sig700nm,wlbb2fl.sig695nm,wlbb2fl.temp,aa4330.O2,aa4330.AirSat,aa4330.Temp,aa4330.CalPhase,aa4330.TCPhase,
data:
0 11812 54 926 -609 36 171 2202 1524 6 15 -352 18 180371 137722 42 84 52 536 256038 98808 24751 29274 30680
1 4927 -16 -18 -38 -49 0 0 0 0 11 -3 -35 46 1 N N N N -947 -422 -32 53 53
1 5164 7 4 -47 15 0 0 0 0 9 2 9 -11 1 43 86 50 536 660 138 -63 -3 -3
1 5053 -3 23 71 -136 0 0 0 0 -9 -1 -54 -64 0 N N N N 1340 494 -12 -53 -53
1 4981 -9 -183 68 207 0 0 0 0 29 4 20 -55 3 44 86 51 536 -1949 -789 -21 92 92
1 5072 4 -55 -31 126 0 0 0 0 21 7 40 76 6 N N N N 1084 356 -34 -34 -34
1 4890 11 106 -85 -169 0 0 0 0 -30 -9 -46 -111 -4 43 85 53 535 249 -64 -87 24 24
1 5087 -2 42 14 76 0 0 0 0 -13 1 59 270 0 N N N N 1145 522 44 -67 -67
1 4957 8 221 38 -192 0 0 0 0 -40 -2 13 -101 -4 41 85 50 535 -507 -230 -19 29 29
1 4942 -9 -205 75 182 0 0 0 0 32 2 -4 -257 3 N N N N -498 -71 66 -4 -4
1 4956 -8 169 -139 -114 0 0 0 0 -14 4 19 30 -1 44 89 53 535 -116 -132 -48 24 24
1 5135 8 15 139 -99 0 0 0 0 -25 -10 -39 -10 2 N N N N 984 426 27 -53 -53
1 7179 -8 36 -148 77 0 0 8 -4 12 11 50 234 0 39 87 51 535 -1033 -290 58 22 22
1 6610 10 -210 44 156 1 1 158 0 36 -1 -18 -77 -1 N N N N -827 -182 75 6 6
1 8679 31 -91 -86 29 -2 0 214 0 22 -2 -36 -69 -4 41 85 53 535 -3996 -1403 76 143 143
1 6562 14 218 63 -286 1 1 160 0 -38 -7 -35 83 -1 N N N N -2077 -815 -7 94 94
1 5942 9 -106 -2 105 -2 0 148 0 14 2 1 -200 -1 43 90 52 535 -958 -361 5 41 41
1 7036 24 185 -32 -108 1 0 178 0 -24 -2 34 2 -1 N N N N -900 -322 15 34 34
1 7384 37 19 -28 4 0 0 188 0 -7 0 8 217 0 41 86 55 535 -190 -97 -14 14 14
1 6605 39 -89 109 176 -1 -1 178 0 1 12 53 -276 -3 N N N N -287 -89 13 8 8
1 12438 176 -171 -214 42 82 1 164 -1 30 -10 -80 78 16 42 89 54 535 -664 -248 4 28 28
1 6863 142 15 280 -20 1797 -1 2 0 2 2 22 -3 1 N N N N 67 -15 -23 6 6
1 7272 143 76 286 -61 534 1 208 1 -43 -2 17 -11 -3 43 84 57 535 -35 -23 -6 4 4
1 6767 102 -8 23 92 -9 1396 178 4 2 11 45 16 4 N N N N -277 -116 -5 14 14
1 9544 164 -65 -12 37 0 -2 1 -2 36 6 8 -11 -5 41 87 60 535 -149 -68 -6 9 9
1 5228 110 -37 -9 19 0 0 0 0 15 0 -8 -6 0 N N N N 349 130 -2 -15 -15
1 4956 95 -14 26 -16 0 0 0 0 9 1 -2 10 1 41 87 61 534 -391 -151 0 18 18
1 4952 100 -47 -11 7 0 0 0 0 21 2 -13 -5 -2 N N N N 10 -8 -7 2 2
1 5048 94 -28 -15 5 0 0 0 0 14 2 -7 1 0 42 89 62 534 3 4 2 -1 -1
1 4950 104 -30 19 -2 0 0 0 0 14 5 -5 10 1 N N N N -45 -21 -2 3 3
1 5093 101 -27 -21 10 0 0 0 0 13 3 -6 -1 -1 43 88 65 534 -112 -46 -2 6 6
1 4949 113 -19 16 -7 0 0 0 0 9 4 -4 16 4 N N N N -42 -15 0 1 1
1 4975 100 -26 0 1 0 0 0 0 10 3 -10 3 2 43 83 69 534 57 10 -6 1 1
1 5089 112 -34 -5 -1 0 0 0 0 15 7 -9 -1 -2 N N N N -22 -6 1 0 0
1 4985 102 -27 5 0 0 0 0 0 13 7 -3 3 1 44 87 70 535 -94 -39 -1 5 5
1 4951 104 -39 -4 8 0 0 0 0 14 8 -12 4 1 N N N N -14 -8 -2 1 1
1 5002 98 -23 1 -4 0 0 0 0 12 7 -3 3 0 43 86 72 534 -3 1 1 0 0
1 5083 95 -32 -1 2 0 0 0 0 11 10 -8 7 4 N N N N -96 -42 -2 5 5
1 4939 117 -36 7 -4 0 0 0 0 13 11 -10 2 -1 41 84 73 534 32 9 -2 -1 -1
1 4953 106 -34 -13 5 0 0 0 0 11 11 -9 -2 -1 N N N N -99 -41 -2 5 5
1 5014 102 -34 10 1 0 0 0 0 11 13 -6 0 0 42 84 75 534 7 5 1 0 0
1 5085 101 -49 0 -1 0 0 0 0 14 19 -11 0 -1 N N N N 25 6 -1 -1 -1
1 6589 139 -46 -4 1 0 0 0 0 11 18 -14 0 -1 42 87 75 534 -196 -75 0 9 9
1 5301 107 -18 -1 -8 0 0 0 0 5 9 -3 -2 -1 N N N N 142 52 -2 -6 -6
1 4889 109 -30 0 4 0 0 0 0 5 12 -8 -2 -1 43 85 75 534 -73 -29 0 4 4
1 4949 102 -35 3 -7 0 0 0 0 7 18 -6 0 -2 N N N N -90 -34 0 4 4
1 5031 94 -43 -3 -6 0 0 0 0 6 20 -12 0 2 42 84 78 534 33 12 0 -2 -2
1 5005 107 -37 8 14 0 0 0 0 5 17 -1 -1 -4 N N N N 25 10 0 -1 -1
1 5187 105 -29 -9 1 0 0 0 0 3 14 -7 -1 0 45 87 80 534 -12 -7 -1 1 1
1 5086 116 -37 8 1 0 0 0 0 1 18 -6 0 2 N N N N 2 2 0 0 0
1 4966 103 -35 -5 -5 0 0 0 0 2 19 -4 -1 -2 43 84 82 534 -24 -7 1 0 0
1 5074 103 3573 -2 -4 0 0 0 0 -1 14 -7 0 -2 N N N N -103 -42 -1 5 5
1 5802 118 -34 2 1 0 0 0 0 0 18 -1 -2 -1 43 87 79 534 15 8 2 -1 -1
1 4678 97 -36 5 5 0 0 0 0 -2 18 -3 1 0 N N N N 0 -1 -1 0 0
1 5196 107 -37 -7 8 0 0 0 0 -4 17 -6 -1 -1 42 87 80 534 9 6 1 0 0
1 5021 103 -23 4 -3 0 0 0 0 -3 13 -1 2 -2 N N N N -35 -15 -1 2 2
1 5166 115 -46 -10 6 0 0 0 0 -7 21 -7 -3 0 41 86 82 534 69 25 -1 -3 -3
1 5086 110 -36 14 -9 0 0 0 0 -6 21 4 1 -3 N N N N -106 -41 1 5 5
1 5022 106 -25 -7 -3 0 0 0 0 -6 12 -2 -1 0 42 85 83 534 -22 -9 -1 1 1
1 5011 114 -33 2 3 0 0 0 0 -7 16 -1 0 -2 N N N N -52 -19 1 2 2
1 5819 116 -43 5 3 0 0 0 0 -11 20 2 -1 1 43 87 83 533 95 37 0 -5 -5
1 4658 98 -37 -4 -3 0 0 0 0 -10 17 0 3 -2 N N N N -30 -14 -1 2 2
1 5189 104 -47 3 2 0 0 0 0 -16 20 0 -4 -3 43 88 83 533 1 1 0 0 0
1 5004 107 -42 -1 -3 0 0 0 0 -15 17 5 1 -2 N N N N -43 -17 0 2 2
1 10798 218 -72 0 6 0 0 0 0 -28 26 4 1 0 46 91 89 533 -66 -24 0 3 3
1 11044 244 -89 -1 -5 0 0 0 0 -38 29 11 0 0 N N N N -88 -35 0 4 4
1 10016 198 -105 5 5 0 0 0 0 -48 25 16 28 1 42 85 85 534 89 29 -3 -3 -3
1 11044 227 -130 2 1 0 0 0 0 -64 19 23 29 0 N N N N -115 -56 -7 8 8
1 9957 198 -167 14 -78 62 -1424 4 0 -84 2 78 303 68 44 89 92 533 146 33 -13 -1 -1
1 10471 184 -49 16 -60 -1 -1 0 2 -26 -11 39 362 92 N N N N -26 -146 -77 31 31
1 10819 189 39 2 -7 0 0 0 0 19 4 -4 118 46 43 87 99 533 -343 -264 -76 45 45
1 9985 160 51 -3 -3 0 0 0 0 26 5 -8 88 32 N N N N -753 -366 -44 52 52
1 10017 182 63 1 -3 0 0 0 0 32 3 -11 124 45 42 90 99 533 -794 -360 -31 49 49
1 9985 186 57 1 1 0 0 0 0 29 -1 -12 84 34 N N N N -567 -280 -36 40 40
1 10016 167 68 -1 -1 0 0 0 0 34 -4 -14 66 26 41 86 100 533 -679 -302 -24 40 40
1 9985 190 98 3 -5 0 0 0 0 48 -13 -16 205 63 N N N N -734 -330 -29 46 46
1 10014 183 98 2 4 0 0 0 0 46 -22 -18 173 64 45 91 100 533 -886 -416 -44 58 58
1 9982 179 91 -1 1 0 0 0 0 39 -27 -15 342 122 N N N N -1096 -502 -48 70 70
1 10019 191 52 0 2 0 0 0 0 20 -18 -8 783 286 43 87 103 533 -1593 -804 -114 121 121
1 9983 190 -2 3 4 0 0 0 0 -1 0 -1 38 31 N N N N -3094 -1433 -150 207 207
1 10014 180 84 -4 -8 0 0 0 0 29 -32 -9 927 310 41 87 100 533 -3100 -1245 -39 166 166
1 9988 193 256 11 2 0 0 0 0 56 -123 -14 1776 539 N N N N -3374 -1841 -342 305 305
1 10015 166 -3349 7 1 0 0 0 0 -2 -132 5 2638 770 43 85 97 533 -7594 -3548 -432 564 564
1 9983 144 146 1 -11 0 0 0 0 -28 -71 10 868 267 N N N N -5292 -2730 -487 482 483
1 10014 140 114 5 16 0 0 0 0 -34 -51 18 1086 378 42 85 95 533 -6171 -2612 -215 429 428
1 9985 119 141 -6 -5 0 0 0 0 -55 -50 14 915 278 N N N N -4922 -2239 -289 400 400
1 10015 129 98 1 -5 0 0 0 0 -44 -26 14 1328 390 40 82 95 533 -3808 -1822 -296 348 348
1 9987 128 73 8 1 0 0 0 0 -35 -15 15 817 254 N N N N -5116 -2215 -249 411 411
1 10016 122 42 -6 10 0 0 0 0 -21 -6 11 921 268 42 83 92 533 -4775 -2083 -256 403 403
1 9984 132 50 5 -3 0 0 0 0 -26 -5 7 622 259 N N N N -4320 -1874 -234 373 373
1 10014 106 44 -1 5 0 0 0 0 -23 -3 10 1345 379 40 83 92 533 -4303 -1827 -214 371 371
1 9983 126 39 7 6 0 0 0 0 -21 -1 9 823 272 N N N N -4538 -2007 -303 434 434
1 10016 106 18 -2 -11 0 0 0 0 -9 0 -1 1482 429 40 85 89 533 -4237 -1830 -261 403 403
1 9987 102 32 -2 -2 0 0 0 0 -16 0 5 1975 556 N N N N -3988 -1869 -380 448 448
1 20013 204 -21 1 0 0 0 0 0 10 -1 -5 601 320 39 84 89 533 -9179 -3840 -539 905 905
1 19984 199 -79 4 4 0 0 0 0 41 3 -11 1976 595 N N N N -7742 -2906 -193 674 674
1 20018 247 -76 0 3 0 0 0 0 40 6 -11 1097 378 41 80 74 533 -5930 -2485 -416 657 657
1 23042 248 -158 -8 121 -7 1432 1 -2 78 37 27 4320 1258 N N N N -9796 -4194 -861 1203 1203
1 20370 194 14 1 0 0 0 0 0 -7 -3 3 820 352 38 77 63 533 -10923 -4060 -415 1149 1149
1 20925 190 60 1 -5 0 0 0 0 -28 -11 11 879 313 N N N N -7469 -2732 -275 818 818
1 20371 161 14 -1 1 0 0 0 0 -7 -2 3 779 238 39 75 63 533 -6020 -2194 -238 690 690
1 20983 140 -12 3 2 0 0 0 0 6 2 -1 118 81 N N N N -3438 -1244 -137 404 404
1 20367 160 -34 1 1 0 0 0 0 16 6 -7 236 83 40 77 63 533 -2580 -907 -71 294 294
1 20928 136 -9 -2 -2 0 0 0 0 4 1 -3 238 67 N N N N -1992 -686 -38 221 221
1 20426 150 30 1 -2 0 0 0 0 -14 -5 6 407 121 40 78 64 533 -1520 -570 -96 201 201
1 23043 157 -22 4 3 0 0 0 0 10 4 -3 807 208 N N N N -1763 -658 -110 234 234
1 20367 116 -51 -4 0 0 0 0 0 24 11 -11 405 131 40 80 64 533 -2076 -792 -158 290 290
1 20984 121 -45 -4 -3 0 0 0 0 20 11 -10 1456 329 N N N N -2442 -887 -133 321 321
1 20368 103 -109 13 4 0 0 0 0 44 34 -18 1152 299 40 77 60 534 -2082 -836 -238 330 330
1 21281 104 -115 -8 -5 0 0 0 0 37 43 -26 1110 334 N N N N -2384 -968 -304 394 394
1 20368 57 -91 2 3 0 0 0 0 23 40 -14 833 266 40 79 55 534 -2183 -819 -184 323 323
1 21397 85 -157 5 5 0 0 0 0 23 76 -24 1368 405 N N N N -1156 -540 -276 248 248
1 21063 83 3484 -2 -129 0 -1418 1 2 2 71 -13 336 170 39 76 56 534 -1335 -572 -240 253 253
1 20817 88 -32 5 0 0 0 0 0 -1 17 3 272 124 N N N N -1187 -447 -118 185 185
1 20016 104 5 1 -1 0 0 0 0 0 -3 0 4 45 41 75 52 535 -1034 -345 -29 130 130
1 19983 112 55 3 -2 0 0 0 0 2 -29 1 735 180 N N N N -417 -161 -49 69 69
1 20016 144 11 -3 3 0 0 0 0 0 -6 -1 224 93 39 71 50 535 -269 -158 -126 83 83
1 19985 147 -9 1 0 0 0 0 0 0 5 1 84 41 N N N N -389 -162 -67 73 73
1 20015 141 -12 1 0 0 0 0 0 1 6 0 314 93 37 74 49 535 -318 -129 -51 58 58
1 19985 155 -3 1 -1 0 0 0 0 -1 2 0 108 40 N N N N -556 -206 -54 87 87
1 20016 181 15 0 -1 0 0 0 0 0 -8 0 485 136 37 73 48 535 -396 -154 -52 68 68
1 19985 157 -4 0 1 0 0 0 0 0 2 0 212 76 N N N N -768 -285 -77 121 121
1 20014 158 -3577 -1 -1 0 0 0 0 0 -12 0 272 72 40 75 45 536 -677 -248 -63 105 105
1 19985 158 35 -3 1 0 0 0 0 -1 -19 0 518 165 N N N N -378 -175 -102 87 87
1 20015 142 29 3 -2 0 0 0 0 -1 -15 1 24 23 40 72 47 536 -650 -223 -35 90 90
1 19987 152 38 -1 1 0 0 0 0 -3 -20 1 104 35 N N N N -363 -136 -42 60 60
1 20013 140 41 -2 1 0 0 0 0 -6 -21 1 78 29 39 73 44 536 -294 -98 -10 39 39
1 19984 134 25 1 2 0 0 0 0 -4 -13 2 67 21 N N N N -355 -122 -22 51 51
1 24490 181 -20 -12 124 -11 1421 1 -2 3 2 12 107 29 38 77 46 536 -386 -138 -34 60 60
1 20453 157 -74 1 2 0 0 0 0 8 37 -11 202 60 N N N N -300 -108 -26 46 46
1 20018 163 -78 0 -3 0 0 0 0 3 40 -10 83 34 38 73 47 537 -311 -129 -59 61 61
1 20455 169 3538 0 1 0 0 0 0 -1 32 -7 14 9 N N N N -375 -128 -22 54 54
1 20015 153 -102 5 3 0 0 0 0 -10 53 -7 153 37 40 72 44 537 -379 -126 -14 51 51
1 20452 174 -98 -4 -3 0 0 0 0 -20 48 -7 109 36 N N N N -305 -123 -55 58 58
1 20016 153 -54 1 3 0 0 0 0 -14 25 -3 313 91 39 72 43 537 -340 -122 -29 53 53
1 20634 159 -90 1 0 0 0 0 0 -28 40 1 192 58 N N N N -345 -126 -37 56 56
1 20015 140 -89 3 0 0 0 0 0 -34 34 4 698 203 40 74 46 538 -27 -54 -87 38 38
1 20454 165 -94 2 2 0 0 0 0 -40 31 6 184 74 N N N N 163 -3 -104 22 22
1 20015 130 -89 -3 -2 0 0 0 0 -42 23 8 63 31 39 74 43 538 -167 -80 -54 42 42
1 20810 165 -98 1 0 0 0 0 0 -50 18 11 119 39 N N N N -370 -129 -29 56 56
1 21275 159 -102 -1 -124 0 -1415 1 2 -52 9 80 126 41 38 73 44 538 -563 -192 -35 81 81
1 20784 160 -32 2 -3 0 0 0 0 -17 0 7 397 117 N N N N -684 -229 -35 97 97
1 20013 133 -1 3 0 0 0 0 0 -1 0 0 127 53 40 75 43 539 -447 -171 -67 80 80
1 19986 142 -14 -1 -1 0 0 0 0 -7 -1 3 53 20 N N N N -425 -146 -29 63 63
1 20018 141 -12 1 0 0 0 0 0 -7 0 1 4 5 38 71 42 539 -274 -87 -6 36 36
1 19981 133 5 0 1 0 0 0 0 3 0 0 13 4 N N N N -279 -92 -13 39 39
1 20018 135 34 0 1 0 0 0 0 18 0 -6 67 21 40 73 43 539 -338 -109 -11 46 46
1 19983 138 62 -1 -1 0 0 0 0 33 -1 -9 88 23 N N N N -516 -168 -18 70 70
1 20017 134 39 1 -2 0 0 0 0 20 -3 -6 170 51 39 73 43 540 -435 -142 -19 61 61
1 19983 143 50 -1 2 0 0 0 0 26 -6 -8 366 101 N N N N -724 -240 -36 103 103
1 20017 134 93 0 0 0 0 0 0 46 -16 -14 176 61 42 73 41 540 -441 -163 -58 77 77
1 19982 143 99 0 -3 0 0 0 0 46 -25 -13 353 107 N N N N 549 138 -62 -44 -44
1 20018 151 44 2 3 0 0 0 0 19 -14 -5 483 152 40 71 41 540 296 45 -94 0 0
1 19983 141 -28 0 2 0 0 0 0 -12 9 2 373 112 N N N N -462 -168 -55 78 78
1 20016 150 -51 -1 0 0 0 0 0 -23 14 7 225 86 39 71 44 540 -1953 -633 -80 272 272
1 19982 163 -24 1 -2 0 0 0 0 -11 7 3 115 48 N N N N -3360 -1044 -48 441 441
1 20016 177 -1 2 1 0 0 0 0 0 0 1 264 83 39 73 41 541 -3240 -1006 -51 435 435
1 19987 168 4 0 -1 0 0 0 0 1 -1 -1 350 109 N N N N -3164 -987 -66 439 439
1 20014 189 -8 0 1 0 0 0 0 -3 2 2 35 24 40 82 42 541 -2715 -843 -53 382 382
1 19983 164 -12 1 2 0 0 0 0 -6 3 1 13 9 N N N N -1729 -529 -14 240 240
1 20019 166 -7 -3 -1 0 0 0 0 -3 2 1 1 2 40 72 40 541 -904 -276 -6 126 126
1 19983 180 4 2 0 0 0 0 0 2 -1 0 -2 -1 N N N N -675 -207 -8 95 95
1 20014 160 3 -2 -2 0 0 0 0 1 -1 -1 1 3 40 71 41 542 -486 -150 -7 70 70
1 19987 172 5 0 3 0 0 0 0 3 -1 -1 0 -2 N N N N -362 -108 3 49 49
1 20017 186 7 4 -4 0 0 0 0 3 -1 0 -10 -2 40 72 43 542 -247 -77 -7 37 37
1 19980 164 -8 -1 3 0 0 0 0 -4 1 1 10 -1 N N N N -210 -64 0 29 29
1 20019 176 -4 -2 -2 0 0 0 0 -2 1 0 -1 -1 40 75 44 542 -139 -43 -5 21 21
1 19985 177 -1 3 4 0 0 0 0 0 0 1 0 -1 N N N N -111 -34 -2 16 16
1 20016 185 0 -5 -3 0 0 0 0 0 0 0 3 0 40 76 44 543 -80 -25 -1 12 12
1 19983 169 -14 3 1 0 0 0 0 -7 3 2 13 3 N N N N -54 -17 -2 8 8
1 20015 172 -25 -2 0 0 0 0 0 -12 5 3 23 6 38 73 41 543 -88 -27 -1 13 13
1 19984 172 -22 3 -1 0 0 0 0 -11 5 3 43 11 N N N N -141 -45 -7 22 22
1 20016 176 21 0 -2 0 0 0 0 10 -4 -3 181 50 41 74 44 543 -404 -128 -17 62 62
1 19985 178 81 -2 -2 0 0 0 0 39 -19 -10 147 47 N N N N -543 -176 -33 87 87
1 20016 170 85 1 3 0 0 0 0 37 -26 -11 88 32 41 75 43 543 -28 -20 -33 15 15
1 19985 181 68 -1 0 0 0 0 0 27 -24 -8 60 21 N N N N 30 5 -14 0 0
1 20012 154 41 0 3 0 0 0 0 14 -16 -5 98 28 43 75 43 544 94 22 -18 -7 -7
1 19984 161 46 1 -1 0 0 0 0 15 -19 -5 147 49 N N N N 119 27 -25 -8 -8
1 20018 159 80 -1 0 0 0 0 0 22 -37 -5 240 71 42 73 41 544 114 18 -47 -1 -1
1 19985 159 75 1 -2 0 0 0 0 17 -36 -4 59 19 N N N N 97 22 -21 -7 -7
1 20016 161 73 -1 0 0 0 0 0 10 -37 -4 386 124 41 76 44 544 -11 -22 -53 20 20
1 19983 150 49 1 -3 0 0 0 0 4 -26 0 112 35 N N N N 125 23 -43 -3 -3
1 20017 151 40 1 3 0 0 0 0 3 -21 0 46 19 42 76 44 544 296 81 -23 -34 -34
1 19981 159 -3565 2 2 0 0 0 0 -1 -19 0 145 39 N N N N 480 137 -21 -60 -60
1 20018 148 38 -3 -1 0 0 0 0 0 -20 1 98 33 41 75 42 544 866 251 -24 -111 -111
1 19983 157 21 1 0 0 0 0 0 -1 -11 0 248 67 N N N N 1503 437 -36 -193 -193
1 23838 174 -32 -10 127 -11 1404 0 -2 1 7 0 204 68 41 75 42 544 3320 974 -53 -428 -428
1 21752 189 3519 2 0 0 0 0 0 -1 42 -9 31 18 N N N N 2302 681 -20 -296 -296
1 20369 187 -31 -1 -1 0 0 0 0 -2 16 -4 221 53 40 74 43 545 883 257 -16 -109 -109
1 21454 181 -47 -2 1 0 0 0 0 -5 24 -5 593 185 N N N N -993 -330 -81 158 158
1 20427 174 -51 0 -3 0 0 0 0 -7 26 -5 375 121 41 75 41 545 -3084 -951 -82 435 435
1 21454 181 -10 -1 2 0 0 0 0 -1 5 1 313 107 N N N N -3664 -1121 -82 521 521
1 20311 170 -29 2 -1 0 0 0 0 -5 15 -2 97 46 40 74 42 545 -2495 -758 -48 358 358
1 20869 184 -17 0 1 0 0 0 0 -4 8 -1 132 43 N N N N -522 -166 -32 83 83
1 20602 181 -48 1 -3 0 0 0 0 -12 23 -1 69 30 38 77 44 546 1382 400 -29 -181 -181
1 20925 182 -50 1 4 0 0 0 0 -14 23 -1 36 15 N N N N 1298 380 -14 -173 -173
1 20368 191 -51 0 -1 0 0 0 0 -16 22 0 44 9 40 76 42 546 929 271 -11 -122 -122
1 21044 199 -48 0 0 0 0 0 0 -17 20 1 39 10 N N N N 971 283 -12 -127 -127
1 20426 189 -53 1 1 0 0 0 0 -20 20 1 10 35 40 77 44 546 852 250 -8 -111 -111
1 21043 197 -34 -5 -2 0 0 0 0 -14 12 1 90 9 N N N N 947 277 -10 -123 -123
1 20252 188 -37 3 2 0 0 0 0 -16 12 3 46 3 40 75 41 546 852 247 -13 -108 -108
1 21574 216 -10 4 -125 1 -1401 0 2 -4 11 56 88 -3 N N N N 1687 494 -15 -215 -215
1 20015 172 46 3 -1 0 0 0 0 20 -14 -5 109 37 39 77 43 546 2315 676 -21 -291 -291
1 19985 189 26 0 -3 0 0 0 0 11 -8 -3 19 25 N N N N 1854 542 -16 -230 -230
1 20016 194 20 -1 3 0 0 0 0 8 -7 -2 5 -1 37 76 43 546 983 289 -5 -123 -123
1 19983 194 -7 -1 1 0 0 0 0 -3 2 1 11 2 N N N N 613 180 -3 -75 -75
1 20017 186 -7 3 -2 0 0 0 0 -3 3 0 1 1 38 76 40 547 128 36 -3 -15 -15
1 19984 195 -4 -2 3 0 0 0 0 -1 1 1 -3 -1 N N N N 65 19 -1 -8 -8
1 20017 193 -7 1 0 0 0 0 0 -3 2 1 20 3 40 77 41 547 33 8 -3 -3 -3
1 19983 199 -7 0 -2 0 0 0 0 -3 3 1 12 7 N N N N 33 9 -4 -3 -3
1 20017 193 6 0 -2 0 0 0 0 2 -2 -1 9 -1 39 75 42 546 55 15 -2 -6 -6
1 19983 194 -1 -2 3 0 0 0 0 0 0 0 23 2 N N N N 129 35 -5 -14 -14
1 20017 203 -10 1 0 0 0 0 0 -4 3 1 46 20 38 75 42 547 -33 -11 -3 5 5
1 19983 193 -10 3 -3 0 0 0 0 -5 4 1 17 -2 N N N N -233 -74 -12 34 34
1 20016 189 -11 -4 3 0 0 0 0 -4 3 2 29 17 41 77 42 547 -404 -120 -2 51 51
1 19984 205 7 -1 -1 0 0 0 0 3 -2 -1 79 19 N N N N -483 -148 -12 65 65
1 20015 195 -2 3 1 0 0 0 0 -1 0 0 64 23 38 76 42 547 -568 -173 -12 76 76
1 36394 350 -117 15 127 22 1401 0 -2 -54 27 -40 160 45 N N N N -1299 -395 -28 174 174
1 30015 281 -178 3 0 0 0 0 0 -91 31 18 141 41 42 78 43 548 -1133 -347 -31 156 156
1 35340 310 -171 -2 -126 0 -1399 0 2 -90 -2 90 139 46 N N N N -650 -206 -35 96 96
1 30015 260 -147 -1 0 0 0 0 0 -75 -22 20 234 73 41 88 44 548 -369 -126 -41 62 62
1 29985 245 -52 1 0 0 0 0 0 -24 -13 8 -7 -4 N N N N -136 -44 -11 21 21
1 30015 242 4 0 -1 0 0 0 0 2 1 0 51 17 38 79 43 549 655 186 -17 -78 -78
1 29984 237 -10 -2 0 0 0 0 0 -5 -2 1 143 36 N N N N 270 77 -5 -33 -33
1 30017 240 30 0 -1 0 0 0 0 14 7 -4 97 34 42 77 41 549 -466 -151 -35 72 72
1 29984 230 49 1 -2 0 0 0 0 23 11 -7 143 44 N N N N -678 -207 -19 94 94
1 30015 223 49 -2 3 0 0 0 0 25 9 -7 457 139 40 77 44 549 -1812 -556 -59 255 255
1 29985 220 -27 3 -1 0 0 0 0 -14 -5 4 342 119 N N N N -5127 -1536 -89 708 708
1 30015 225 -81 2 0 0 0 0 0 -40 -17 10 76 35 38 74 42 549 -2726 -810 -37 382 382
1 29984 237 -52 -3 2 0 0 0 0 -23 -14 6 83 26 N N N N -938 -281 -19 134 134
1 34300 258 1 -6 -122 0 -1371 -1 -2 2 -24 55 205 62 38 81 42 549 -445 -138 -24 69 69
1 30464 245 85 0 1 0 0 0 0 40 23 -7 245 82 N N N N -167 -66 -54 41 41
1 30016 241 143 1 -4 0 0 0 0 72 26 -15 78 30 39 77 39 549 -130 -47 -27 26 26
1 31398 227 145 -2 -1 0 0 0 0 76 9 -21 68 22 N N N N -114 -40 -20 22 22
1 33897 274 101 1 122 -8 1369 -1 2 53 6 -77 135 43 40 76 42 549 97 22 -20 -7 -7
1 29985 221 45 4 2 0 0 0 0 23 -6 -5 40 7 N N N N 370 101 -21 -44 -44
1 30015 237 -85 -3 2 0 0 0 0 -44 11 10 618 172 40 73 42 550 438 112 -48 -45 -45
1 29984 216 -66 1 -4 0 0 0 0 -35 3 10 132 65 N N N N 1235 331 -81 -141 -141
1 30017 224 -16 2 -2 0 0 0 0 -9 1 4 106 39 43 79 42 550 1003 281 -32 -125 -125
1 29983 214 -4 -6 4 0 0 0 0 -1 0 -1 50 19 N N N N 810 228 -20 -102 -102
1 30017 208 17 5 0 0 0 0 0 8 0 -3 92 29 39 72 41 550 532 149 -14 -66 -66
1 29984 219 -32 -1 3 0 0 0 0 -16 1 5 90 27 N N N N 744 212 -12 -95 -95
1 30017 224 -58 0 -3 0 0 0 0 -31 -2 9 171 49 37 71 42 550 818 230 -19 -102 -102
1 29983 206 47 0 -4 0 0 0 0 24 1 -7 464 144 N N N N 1358 367 -70 -154 -154
1 30017 233 108 0 3 0 0 0 0 58 -4 -15 189 66 35 73 44 550 2156 601 -61 -257 -257
1 29983 234 139 0 1 0 0 -2 0 71 -20 -20 428 123 N N N N 2274 635 -52 -271 -271
1 30016 213 169 0 -2 0 0 0 0 76 -47 -21 489 154 39 72 42 550 2749 756 -90 -311 -311
1 29984 218 144 -1 -2 0 0 0 0 53 -56 -14 558 176 N N N N 2554 689 -104 -275 -275
1 30018 216 40 1 3 0 0 0 0 11 -18 -3 226 80 41 69 44 551 2518 688 -78 -274 -274
1 29981 242 56 0 -2 0 0 0 0 15 -26 -4 671 197 N N N N 1364 349 -90 -128 -128
1 30016 239 81 2 0 0 0 0 0 16 -40 -2 293 102 37 73 45 551 -576 -205 -89 101 101
1 29986 243 -25 -1 6 0 0 0 0 -4 12 1 314 97 N N N N -2807 -833 -72 361 361
1 30015 233 -13 4 -2 0 0 0 0 -3 7 0 286 92 37 71 42 551 -3356 -982 -60 429 429
1 29984 264 14 1 0 0 0 0 0 3 -7 0 388 111 N N N N -4766 -1378 -56 612 612
1 30017 238 -19 -3 -1 0 0 0 0 -4 9 1 421 126 39 73 43 551 -5838 -1691 -90 780 780
1 35924 314 -148 -5 126 -10 1406 0 -2 -39 59 -31 448 142 N N N N -5028 -1454 -89 696 696
1 30015 255 -168 -3 -1 0 0 0 0 -64 65 2 277 80 39 73 43 551 -2296 -667 -57 329 329
1 30457 270 -101 -4 0 0 0 0 0 -46 29 6 461 142 N N N N -3742 -1080 -80 541 541
1 30012 260 25 2 -1 0 0 0 0 12 -6 -2 602 191 37 73 44 552 -134 -66 -105 49 49
1 30751 274 -77 2 3 0 0 0 0 -37 19 7 1035 309 N N N N 4708 1278 -155 -600 -600
1 31841 287 -99 1 -1 0 0 0 0 -51 18 11 102 64 40 75 40 552 1335 345 -95 -150 -150
1 32982 297 -15 2 -129 0 -1406 -1 2 -8 2 67 316 92 N N N N -628 -191 -48 98 98
1 30017 275 161 0 1 0 0 0 0 82 -26 -22 784 231 38 71 43 552 -3622 -1049 -131 528 528
1 29984 253 -25 3 4 0 0 0 0 -12 6 3 242 83 N N N N -3208 -913 -72 462 462
1 30016 254 -64 -3 -1 0 0 0 0 -32 12 8 176 63 38 68 43 552 -2372 -672 -52 346 346
1 29986 245 -18 -3 0 0 0 0 0 -9 2 3 114 36 N N N N -1968 -553 -27 287 287
1 30016 222 -56 -2 -1 0 0 0 0 -29 7 8 254 70 36 67 41 552 -1219 -346 -32 182 182
1 29982 224 -84 1 -2 0 0 0 0 -45 4 12 632 174 N N N N -1339 -387 -73 212 212
1 30016 231 -101 4 6 0 0 0 0 -53 -4 15 301 109 38 71 44 552 -1633 -472 -97 261 261
1 29985 265 -23 3 -3 0 0 0 0 -13 -1 4 125 47 N N N N -475 -140 -44 80 80
1 30013 231 -14 -1 2 0 0 0 0 -7 -2 2 78 26 36 70 42 552 434 115 -23 -58 -58
1 29987 250 3 -1 0 0 0 0 0 2 0 -1 120 36 N N N N 581 156 -21 -79 -79
1 33660 278 138 -6 -125 -1 -1384 -1 -2 74 -9 44 479 120 38 71 42 553 795 211 -40 -105 -105
1 32987 268 210 34 122 36 1391 0 2 107 -7 -87 483 158 N N N N 1133 285 -122 -132 -132
1 30013 192 66 -4 -4 0 0 0 0 32 -15 -8 44 24 36 68 41 553 923 246 -34 -122 -122
1 29984 172 26 3 3 0 0 0 0 12 -7 -3 30 13 N N N N 400 106 -13 -53 -53
1 30016 187 -2 -3 -1 0 0 0 0 -1 0 0 61 19 40 70 43 553 143 37 -10 -18 -18
1 29984 176 15 -2 1 0 0 0 0 7 -4 -2 167 45 N N N N 222 57 -21 -26 -26
1 30017 190 80 2 -2 0 0 0 0 35 -25 -7 308 85 39 73 43 553 -126 -43 -35 27 27
1 29983 173 104 0 3 0 0 0 0 39 -40 -9 122 43 N N N N 35 -1 -44 6 6
1 30016 178 93 2 -2 0 0 0 0 28 -41 -6 66 27 38 69 42 553 701 186 -26 -91 -91
1 29985 195 38 1 3 0 0 0 0 9 -18 -2 33 7 N N N N 733 197 -13 -99 -99
1 30015 180 -22 0 -4 0 0 0 0 -5 11 1 148 38 38 69 41 553 433 116 -9 -57 -57
1 29983 192 -67 1 3 0 0 0 0 -19 30 4 156 48 N N N N -71 -26 -28 17 17
1 35665 303 -126 -67 126 -91 1400 -1 -2 -46 39 -61 231 70 39 73 44 554 -403 -121 -45 67 67
1 30456 302 -53 -2 -2 0 0 0 0 -22 19 3 227 63 N N N N 976 259 -33 -126 -126
1 30015 318 -30 -3 1 0 0 0 0 -12 10 2 82 29 38 70 43 554 2227 598 -31 -295 -295
1 30513 305 -68 3 -2 0 0 0 0 -31 21 6 33 11 N N N N 988 265 -15 -129 -129
1 30133 309 -46 0 2 0 0 0 0 -22 11 5 338 95 36 69 43 554 740 191 -40 -88 -88
1 30457 322 -62 2 3 0 0 0 0 -29 14 9 70 26 N N N N 870 228 -32 -107 -107
1 30016 311 -71 -2 -6 0 0 0 0 -37 11 11 177 43 38 69 42 554 361 94 -11 -45 -45
1 33042 310 -14 45 -120 54 -1413 -2 2 -9 4 70 162 51 N N N N 149 26 -53 -5 -5
1 30016 232 43 -1 -1 0 0 0 0 23 -5 -6 118 36 38 74 43 554 164 39 -19 -16 -16
1 29984 239 27 -4 -2 0 0 0 0 14 -3 -4 176 54 N N N N 817 214 -29 -99 -99
1 30016 238 30 4 3 0 0 0 0 15 -5 -4 235 67 36 72 41 554 1259 331 -32 -156 -156
1 29984 233 -11 0 0 0 0 0 0 -5 2 2 247 75 N N N N 1011 261 -42 -118 -118
1 30014 241 -9 0 2 0 0 0 0 -5 1 0 126 40 39 72 44 555 953 247 -35 -112 -112
1 29985 262 -28 1 -4 0 0 0 0 -15 5 4 135 39 N N N N 1117 293 -30 -133 -133
1 30016 233 12 -4 2 0 0 0 0 7 -2 -1 58 21 38 68 44 555 547 141 -21 -64 -64
1 29985 237 4 1 -2 0 0 0 0 2 -1 0 62 18 N N N N 242 61 -12 -27 -27
1 30016 232 18 -1 2 0 0 0 0 9 -3 -3 37 10 39 75 43 555 295 76 -10 -34 -34
1 29984 258 19 0 -4 0 0 0 0 9 -3 -3 81 22 N N N N 324 85 -10 -37 -37
1 30017 219 55 0 3 0 -1 -1 0 28 -11 -7 260 74 38 70 43 555 669 169 -33 -74 -74
1 29982 248 -9 0 1 0 0 0 0 -4 2 1 148 45 N N N N 1307 341 -34 -153 -153
1 30016 236 -1 3 0 0 0 0 0 -1 1 0 250 69 39 69 41 555 1104 286 -33 -126 -126
1 29984 240 31 0 0 0 0 0 0 15 -7 -4 370 109 N N N N 1518 389 -56 -168 -168
1 30016 246 27 -1 -1 0 0 0 0 13 -7 -4 177 59 37 68 45 555 2555 667 -52 -292 -292
1 29985 231 15 0 -1 0 0 0 0 7 -4 -1 247 76 N N N N 2215 578 -40 -251 -251
1 30015 259 -5 1 1 0 0 0 0 -3 1 -1 278 84 39 68 45 555 1757 456 -40 -193 -193
1 29984 236 -7 -2 -1 0 0 0 0 -3 2 2 446 126 N N N N 1484 367 -74 -147 -147
1 30016 237 -14 1 1 0 0 0 0 -6 4 2 170 59 37 70 42 555 2027 519 -55 -214 -214
1 29985 247 -4 -2 0 0 0 0 0 -2 1 0 48 23 N N N N 1146 296 -24 -122 -122
1 30015 242 1 4 1 0 1 -2 0 0 -1 0 7 4 36 73 44 556 609 160 -6 -67 -67
1 29985 254 24 1 -1 0 0 0 0 11 -6 -2 40 8 N N N N 385 100 -6 -41 -41
1 30015 256 41 -2 -1 0 0 0 0 19 -11 -5 31 8 39 72 43 556 -42 -16 -9 8 8
1 29985 254 13 2 4 0 0 0 0 6 -4 -1 61 13 N N N N -562 -153 -7 66 66
1 30016 273 3 -1 -5 0 0 0 0 1 -1 0 263 71 36 69 43 556 -587 -167 -26 76 76
1 29983 251 -40 1 1 0 0 0 0 -18 12 4 73 22 N N N N -376 -113 -30 53 53
1 30016 262 -42 -2 2 0 0 0 0 -19 11 5 92 28 40 70 41 556 -68 -26 -18 14 14
1 29985 246 -7 -1 -1 0 0 0 0 -3 2 1 257 69 N N N N 860 217 -27 -87 -87
1 30017 270 -10 3 3 0 0 0 0 -5 2 1 170 56 37 69 40 556 1322 333 -43 -134 -134
1 29982 262 15 2 -1 0 0 0 0 7 -3 -2 10 5 N N N N 57 9 -15 -1 -1
1 30017 259 33 0 -1 0 -2 -1 0 15 -10 -3 0 1 40 68 43 557 -677 -183 -6 78 78
1 29984 264 25 -4 -1 0 0 0 0 12 -6 -4 19 3 N N N N -606 -162 -3 69 69
1 30016 260 44 0 0 0 0 0 0 19 -14 -5 77 21 38 68 41 557 -397 -109 -10 49 49
1 29983 262 14 1 2 0 0 0 0 6 -4 -2 41 10 N N N N -269 -75 -8 33 33
1 30016 260 -16 2 -2 0 0 0 0 -7 5 2 171 44 37 67 43 557 -108 -38 -21 20 20
1 29986 255 -37 -1 -2 0 0 0 0 -16 12 5 211 58 N N N N 199 40 -29 -12 -12
1 30014 251 -44 1 2 0 0 0 0 -20 12 5 126 39 36 70 41 557 -273 -84 -30 41 41
1 29984 260 -37 0 -2 0 0 0 0 -18 9 5 82 26 N N N N 447 108 -23 -43 -43
1 30016 250 -14 -2 2 0 0 0 0 -7 2 2 315 77 39 70 43 557 419 103 -21 -39 -39
1 29985 266 -30 2 2 0 0 0 0 -14 7 4 251 83 N N N N 776 177 -64 -64 -64
1 30015 248 -12 -2 -2 0 0 -1 0 -6 3 1 199 61 40 69 42 557 1331 334 -39 -134 -134
1 29985 242 -3 1 0 0 0 0 0 -2 0 1 41 17 N N N N 1648 424 -24 -173 -173
1 30015 250 -19 0 2 0 0 0 0 -9 3 2 83 25 40 69 42 557 983 254 -12 -103 -103
1 29984 254 -7 0 -2 0 0 0 0 -4 1 1 137 34 N N N N 691 175 -15 -70 -70
1 30016 244 -27 -1 1 0 0 0 0 -14 4 3 315 90 38 68 40 557 720 167 -48 -60 -60
1 29985 253 -9 2 -1 0 0 0 0 -5 1 2 153 47 N N N N 957 236 -35 -90 -90
1 30015 232 4 -2 1 0 0 0 0 2 -1 -1 11 10 40 69 43 557 906 229 -19 -90 -90
1 29984 235 4 -1 0 0 0 0 0 3 0 0 8 3 N N N N 515 133 -5 -53 -53
1 30015 252 -17 4 2 0 0 0 0 -9 2 2 29 7 40 66 42 557 242 62 -4 -24 -24
1 29985 234 -12 -2 -4 0 0 0 0 -7 2 1 88 23 N N N N 253 60 -12 -22 -22
1 30016 250 0 -1 2 0 0 -1 0 1 0 1 47 14 40 67 42 558 279 68 -10 -26 -26
1 29984 240 18 0 1 0 0 0 0 9 -3 -3 74 19 N N N N 290 71 -12 -26 -26
1 30016 235 42 2 -2 0 0 0 0 21 -6 -6 36 10 39 69 41 558 284 70 -10 -26 -26
1 29984 244 74 0 2 0 0 0 0 37 -14 -9 88 24 N N N N -121 -39 -13 17 17
1 30017 237 40 -1 -1 0 0 0 0 20 -9 -5 0 -1 39 68 42 558 -958 -254 -6 104 104
1 29983 241 31 0 1 0 0 0 0 14 -9 -4 41 8 N N N N -1294 -342 -6 140 140
1 30015 237 -21 0 0 0 0 0 0 -10 6 2 119 30 37 69 43 558 -598 -162 -10 68 68
1 29985 220 -14 0 -1 0 0 0 0 -6 4 2 117 33 N N N N 258 57 -22 -20 -20
1 30016 219 -18 -3 0 0 0 0 0 -9 4 2 304 84 39 67 43 558 781 187 -36 -70 -70
1 29984 211 17 2 1 0 0 0 0 8 -4 -2 408 109 N N N N 1780 442 -50 -169 -169
1 30017 207 -30 -1 1 0 0 -2 0 -14 7 4 691 176 38 67 42 558 1333 308 -81 -109 -109
1 29984 203 -75 3 0 0 0 0 0 -37 15 10 420 152 N N N N 2745 661 -109 -242 -242
1 30014 195 -73 -1 1 0 0 0 0 -38 10 10 54 39 38 70 44 558 2138 529 -52 -198 -198
1 29985 215 -27 1 -4 0 0 0 0 -15 1 4 161 44 N N N N 1278 319 -25 -119 -119
1 30016 183 -8 -7 1 0 0 0 0 -3 2 1 207 53 37 71 44 558 1055 257 -31 -93 -93
1 29984 195 11 7 -1 0 0 0 0 5 -1 -2 53 26 N N N N 740 178 -25 -64 -64
1 30017 196 18 0 0 0 0 0 0 9 -3 -2 135 35 36 69 42 558 508 122 -18 -43 -43
1 29983 193 37 0 2 0 0 0 0 20 -3 -5 144 42 N N N N 525 122 -25 -42 -42
1 30016 201 37 1 0 0 0 0 0 19 -6 -5 362 98 40 71 43 558 746 167 -47 -55 -55
1 29985 196 62 -1 -1 0 0 0 0 31 -11 -8 123 39 N N N N 317 60 -40 -15 -15
1 30016 194 70 0 -2 0 0 -1 0 34 -16 -9 135 38 38 67 42 558 13 -8 -20 7 7
1 29983 178 106 1 0 0 0 0 0 45 -34 -12 327 90 N N N N -85 -46 -43 25 25
1 30016 196 40 1 3 0 0 0 0 16 -14 -4 65 26 39 68 43 559 -182 -66 -34 32 32
1 29984 190 16 -1 -5 0 0 0 0 6 -6 -1 27 9 N N N N -37 -17 -12 8 8
1 30016 192 35 -2 5 0 0 0 0 12 -15 -4 66 18 39 68 41 559 112 24 -10 -7 -7
1 29986 176 42 1 0 0 0 0 0 14 -17 -4 109 32 N N N N 179 37 -15 -11 -11
1 30014 181 26 -1 -5 0 0 0 0 8 -11 -1 43 15 39 67 43 559 316 73 -16 -25 -25
1 29985 199 -6 1 6 0 0 0 0 -2 2 0 -6 -3 N N N N 173 42 -4 -15 -15
1 30015 196 0 2 -3 0 0 0 0 0 0 1 38 8 39 67 41 559 57 14 -1 -5 -5
1 29984 207 31 -1 0 0 0 0 0 9 -14 -2 211 53 N N N N 162 29 -22 -7 -7
1 34840 227 -61 -8 124 -7 1412 -1 -2 -18 18 -37 467 112 38 68 41 559 116 8 -40 5 5
1 30513 216 -119 -1 2 0 0 0 0 -44 47 1 245 87 N N N N 570 101 -79 -24 -24
1 30018 211 -108 2 0 0 0 0 0 -46 37 5 0 8 37 69 42 559 401 91 -19 -31 -31
1 30454 224 -107 -1 -2 0 0 0 0 -52 26 9 9 4 N N N N 187 45 -6 -15 -15
1 30016 212 -100 2 0 0 0 0 0 -52 17 10 1 0 38 68 40 559 62 15 -2 -5 -5
1 33512 239 -85 2 -122 0 -1396 -1 2 -44 6 77 17 3 N N N N 28 6 -3 -2 -2
1 30015 199 -20 -4 0 0 0 0 0 -10 0 3 7 1 35 67 40 559 9 1 -2 0 0
1 29985 204 -14 3 -1 0 0 0 0 -8 0 2 -8 2 N N N N -36 -10 -2 4 4
1 30014 216 -15 -1 0 0 0 0 0 -8 -1 2 22 -1 39 69 43 559 13 2 -2 0 0
1 29986 201 -13 2 0 0 0 0 0 -7 0 2 4 0 N N N N 40 9 -1 -4 -4
1 30014 212 -7 -2 -1 0 0 0 0 -4 0 1 0 -1 37 67 43 559 -29 -7 0 3 3
1 29985 222 -7 2 -2 0 0 0 0 -4 0 2 4 0 N N N N 8 2 0 -1 -1
1 30016 197 2 -2 5 0 0 0 0 2 0 -1 2 -1 40 68 41 559 43 10 -2 -3 -3
1 29984 212 9 4 0 0 0 0 0 4 0 -2 -1 -3 N N N N -12 -3 1 1 1
1 30016 231 12 -3 0 0 0 0 0 7 1 -1 0 -1 38 72 43 559 14 3 -1 -1 -1
1 29985 219 -2 -1 -2 0 0 0 0 -1 -1 0 13 1 N N N N -43 -12 -2 5 5
1 30014 211 -3 2 0 0 0 -2 0 -2 0 0 6 0 38 69 40 560 -33 -9 0 3 3
1 29986 232 -31 0 3 0 0 0 0 -16 -2 5 213 53 N N N N -23 -14 -15 8 8
1 30015 214 -90 -1 -2 0 0 0 0 -47 -9 13 365 89 37 71 45 560 174 19 -44 1 1
1 29983 215 -47 1 -1 0 0 0 0 -24 -7 7 185 66 N N N N 380 65 -56 -14 -14
1 30017 233 0 -2 2 0 0 0 0 0 0 -1 16 8 36 68 43 560 270 61 -15 -20 -20
1 29986 229 30 1 -1 0 0 0 0 15 5 -4 54 14 N N N N 134 29 -8 -9 -9
1 30015 230 16 1 -1 0 0 0 0 8 2 -2 57 16 38 68 43 560 55 9 -8 -2 -2
1 29983 249 34 -2 1 0 0 0 0 18 5 -4 24 7 N N N N 149 32 -11 -10 -10
1 30016 218 -7 1 -1 0 0 0 0 -4 -1 1 7 3 42 69 44 560 52 12 -3 -4 -4
1 29983 243 -12 -2 2 0 0 0 0 -6 0 1 4 1 N N N N 40 8 -3 -2 -2
1 34608 293 101 -5 -126 0 -1387 -1 -2 54 -10 49 25 1 38 68 42 560 64 16 -1 -6 -6
1 30867 254 169 0 31 -1 204 2 -1 90 3 -40 18 4 N N N N 48 9 -5 -2 -2
1 29601 262 58 0 93 -7 1184 -2 3 29 0 -56 8 0 38 70 41 560 84 20 -3 -7 -7
1 29984 251 9 3 2 0 0 0 0 5 -1 -2 9 1 N N N N 53 12 -2 -5 -5
1 30016 251 4 -1 -3 0 0 0 0 1 -2 0 7 1 39 71 41 560 144 36 -2 -12 -12
1 29983 253 21 1 0 0 0 0 0 11 -3 -3 4 0 N N N N 113 28 -1 -11 -11
1 30017 265 0 1 3 0 0 0 0 0 0 -1 6 -1 38 68 43 560 220 56 -1 -20 -20
1 29983 260 -3 -2 0 0 0 0 0 -1 1 1 9 1 N N N N 191 48 0 -18 -18
1 30016 250 -9 1 -1 0 0 0 0 -5 2 1 -6 -1 38 69 42 560 208 53 -2 -19 -19
1 29984 255 -9 -3 0 0 0 0 0 -4 1 2 1 -5 N N N N 205 52 0 -20 -20
1 30016 270 15 -1 -2 0 0 0 0 7 -3 -3 2 0 40 68 41 560 54 13 0 -5 -5
1 29984 256 -6 2 4 0 0 0 0 -3 1 1 -1 -3 N N N N 53 14 0 -5 -5
1 30016 274 -12 3 -1 0 -1 -1 0 -6 2 2 0 -3 40 96 42 560 56 14 0 -5 -5
1 29985 263 2 -1 -3 0 0 0 0 1 0 0 -1 -2 N N N N 19 5 0 -2 -2
1 30015 278 -14 -1 2 0 0 0 0 -7 2 2 5 0 36 70 41 560 75 19 0 -7 -7
1 29984 263 -8 1 1 0 0 0 0 -4 2 1 -4 -3 N N N N 52 13 -1 -5 -5
1 30016 276 2 -1 -2 0 0 0 0 1 -1 0 -2 -3 37 68 43 560 134 34 0 -12 -12
1 29984 267 -8 -3 2 0 0 0 0 -4 2 0 10 1 N N N N 53 14 0 -5 -5
1 30018 277 -17 4 -1 0 0 0 0 -9 3 3 22 3 38 67 41 560 176 43 -2 -16 -16
1 29982 279 -32 -4 2 0 0 0 0 -16 4 4 31 7 N N N N 774 195 -5 -71 -71
1 30016 264 -37 4 -2 0 0 0 0 -20 2 6 75 19 39 69 42 560 1319 331 -9 -120 -120
1 29984 275 -32 -1 1 0 0 0 0 -17 2 5 14 5 N N N N 1653 417 -8 -150 -150
1 30016 281 -14 -1 -3 0 1 -1 0 -8 0 1 63 15 39 66 42 560 1054 265 -6 -95 -95
1 29984 267 17 -1 1 0 0 0 0 10 1 -1 41 11 N N N N 528 129 -9 -44 -44
1 30016 271 -6 0 1 0 0 0 0 -3 -1 1 36 8 37 70 42 561 407 100 -7 -35 -35
1 29985 295 -15 3 -1 0 0 0 0 -9 0 1 47 12 N N N N 188 43 -7 -14 -14
1 30015 256 -27 -2 -1 0 0 0 0 -14 2 4 76 17 38 70 42 561 213 49 -9 -16 -16
1 29984 269 -35 2 0 0 0 0 0 -19 -1 6 71 19 N N N N 447 104 -16 -34 -34
1 30016 288 -44 0 0 0 0 0 0 -23 -2 6 38 10 39 68 44 561 351 85 -6 -29 -29
1 29984 271 -13 -2 -1 0 0 0 0 -7 -1 3 77 17 N N N N -243 -69 -11 26 26
1 30016 266 -19 2 3 0 0 0 0 -10 -2 2 67 17 38 68 41 561 -1594 -413 -11 151 151
1 29985 277 -23 2 -1 0 0 0 0 -12 -2 4 44 13 N N N N -498 -133 -11 50 50
1 33959 331 71 -12 -122 0 -1378 -1 -2 39 -12 51 136 32 36 67 41 561 -187 -55 -12 22 22
1 30454 309 140 1 3 0 0 0 0 74 4 -22 84 22 N N N N -641 -176 -20 68 68
1 30779 276 98 3 115 -9 1372 0 2 50 1 -75 41 14 38 67 44 561 -1474 -383 -14 142 142
1 29985 300 42 2 3 0 0 0 0 21 -8 -6 67 14 N N N N -847 -222 -9 83 83
1 30015 269 2 -1 3 0 0 0 0 1 -1 -1 52 13 38 68 42 561 -150 -44 -12 19 19
1 29985 284 -17 -1 -3 0 0 0 0 -8 5 3 28 7 N N N N -98 -29 -6 11 11
1 30016 281 9 1 0 0 0 0 0 4 -3 -1 43 10 36 67 44 561 89 19 -6 -5 -5
1 29984 276 26 0 1 0 0 0 0 13 -5 -4 119 25 N N N N 159 35 -8 -12 -12
1 30015 268 -79 -2 1 0 0 0 0 -39 15 11 91 30 40 70 43 561 426 95 -23 -30 -30
1 29984 280 -71 0 -1 0 0 0 0 -37 7 11 39 10 N N N N 169 36 -11 -12 -12
1 30017 283 -64 2 1 0 0 0 0 -34 4 9 45 9 39 69 44 561 17 0 -7 2 2
1 29985 273 -63 -2 -3 0 0 0 0 -34 -1 10 70 21 N N N N -46 -19 -12 9 9
1 30014 257 -8 1 1 0 0 0 0 -4 0 1 95 22 37 69 41 561 55 6 -12 0 0
1 29985 276 41 -1 0 0 0 0 0 22 1 -6 21 7 N N N N -79 -26 -10 11 11
1 30016 271 54 3 -1 0 0 0 0 28 -1 -8 70 16 39 67 43 561 -119 -35 -9 15 15
1 29983 269 45 -1 0 0 0 0 0 24 -3 -6 150 36 N N N N -243 -72 -16 29 29
1 30016 247 64 -1 2 0 0 0 0 34 -7 -10 63 21 35 69 42 561 -216 -67 -21 29 29
1 29984 277 67 2 -3 0 0 0 0 33 -12 -9 67 16 N N N N -162 -47 -10 19 19
1 30017 257 4 1 3 0 0 0 0 2 -1 -2 201 52 39 67 41 561 -56 -31 -28 17 17
1 29985 261 -65 -1 -1 0 0 0 0 -33 12 9 56 19 N N N N 47 2 -17 2 2
1 30014 247 -26 -1 4 0 0 0 0 -12 4 4 33 10 38 69 42 561 91 17 -10 -4 -4
1 29984 237 7 1 -4 0 0 0 0 3 -1 0 44 8 N N N N 92 20 -5 -6 -6
1 30016 264 22 0 2 0 0 0 0 11 -3 -4 71 19 39 67 44 561 120 23 -11 -7 -7
1 29984 244 -6 2 0 0 0 -1 0 -3 1 1 59 16 N N N N 210 46 -13 -14 -14
1 30016 250 10 -2 -3 0 0 0 0 5 -2 -1 8 1 37 66 43 561 148 35 -4 -12 -12
1 29984 236 39 1 2 0 0 0 0 20 -7 -5 45 10 N N N N 1 -3 -6 2 2
1 30016 244 9 -1 -1 0 0 0 0 4 -2 -2 58 15 36 67 42 561 229 51 -9 -17 -17
1 29985 240 -35 0 3 0 0 0 0 -17 7 5 126 29 N N N N 461 109 -13 -38 -38
1 30016 242 -67 1 -2 0 0 0 0 -35 9 9 156 46 38 68 41 561 436 93 -27 -29 -29
1 29983 247 -46 -1 0 0 0 0 0 -24 4 8 85 21 N N N N 311 68 -18 -21 -21
1 30016 237 -54 1 -1 0 0 0 0 -29 2 7 117 30 35 70 41 561 151 28 -16 -7 -7
1 29984 248 -3 -3 4 0 0 0 0 -1 0 0 50 17 N N N N 184 36 -16 -10 -10
1 30016 231 3 2 -3 0 0 0 0 1 -1 0 16 4 40 68 42 561 65 13 -7 -3 -3
1 29984 219 10 -3 3 0 0 -1 0 6 1 -2 16 2 N N N N -255 -67 -4 25 25
1 30017 234 19 2 -4 0 0 0 0 10 -2 -1 2 3 37 68 41 561 -429 -110 -3 40 40
1 29983 233 9 -2 3 0 0 0 0 5 0 -2 19 0 N N N N -494 -125 -1 46 46
1 30016 223 -11 3 -3 0 0 0 0 -6 2 2 16 4 36 69 43 561 -835 -213 -4 79 79
1 29984 225 -25 -3 3 0 0 0 0 -13 0 3 49 10 N N N N -961 -245 -5 91 91
1 30016 216 -20 2 0 0 0 0 0 -11 0 2 -4 -3 39 68 41 561 -1375 -348 -3 130 130
1 29984 220 -11 -1 -1 0 0 0 0 -6 1 2 18 1 N N N N -1315 -331 -1 123 123
1 30016 229 5 2 1 0 0 0 0 3 -1 0 89 23 40 68 45 561 -1657 -425 -13 162 162
1 29984 213 42 0 -3 0 0 0 0 22 -1 -6 157 36 N N N N -1286 -333 -17 130 130
1 30016 221 4 -3 1 0 0 0 0 2 0 -1 71 21 38 68 44 561 -865 -228 -19 90 90
1 29984 218 -13 3 2 0 0 0 0 -7 1 1 150 41 N N N N -585 -158 -20 64 64
1 30016 217 -11 2 0 0 0 0 0 -6 0 2 103 27 35 68 42 561 -293 -84 -18 35 35
1 29984 231 -47 -6 1 0 0 0 0 -24 0 7 109 28 N N N N 86 12 -18 -1 -1
1 30016 222 -20 5 -2 0 0 0 0 -12 0 3 89 27 37 66 42 562 162 31 -18 -8 -8
1 29984 234 -16 -1 -1 0 0 0 0 -8 -1 3 240 55 N N N N 30 -5 -23 6 6
1 30016 205 52 0 1 0 0 0 0 28 1 -8 131 43 37 70 41 562 375 74 -36 -22 -22
1 29984 205 64 0 -2 0 0 0 0 34 -1 -9 137 38 N N N N 177 31 -24 -7 -7
1 30016 225 46 0 0 0 0 0 0 24 -3 -7 12 8 39 69 41 562 220 48 -12 -17 -17
1 29984 215 20 0 3 0 0 0 0 11 -1 -3 116 26 N N N N 104 20 -11 -5 -5
1 30016 221 -21 -1 1 0 0 0 0 -11 1 3 26 8 39 69 42 561 143 30 -11 -10 -10
1 29984 206 -4 2 -4 -1 0 -2 0 -3 0 1 137 34 N N N N 117 19 -18 -4 -4
1 30015 209 39 0 0 0 0 0 0 21 -3 -6 183 48 39 69 41 562 125 19 -22 -3 -3
1 29987 209 42 -2 -3 0 0 0 0 21 -6 -6 133 38 N N N N 94 8 -27 2 2
1 30014 208 -1 3 6 0 0 0 0 0 0 0 41 12 38 66 42 562 144 29 -14 -8 -8
1 29984 222 25 1 -1 0 0 0 0 12 -5 -4 34 11 N N N N 133 27 -10 -9 -9
1 30016 205 15 -3 -1 0 0 0 0 8 -2 -2 19 6 39 69 41 562 -11 -6 -6 3 3
1 29985 231 6 3 1 0 0 0 0 3 -1 -1 17 1 N N N N -14 -6 -3 3 3
1 30015 216 26 -2 -2 0 0 0 0 13 -5 -3 22 5 36 67 43 562 -33 -9 -2 4 4
1 29984 214 34 -1 1 0 0 0 0 16 -9 -5 72 17 N N N N -69 -22 -9 10 10
1 30016 209 39 -1 0 0 0 0 0 19 -9 -5 39 11 40 65 43 562 26 1 -10 2 2
1 36808 277 -66 -9 127 -9 1412 -1 -2 -32 10 -53 16 2 N N N N 80 18 -4 -6 -6
1 30015 263 -98 2 -2 0 0 0 0 -50 20 10 70 15 39 66 42 562 75 14 -7 -5 -5
1 32499 241 -104 15 -124 30 -1418 0 2 -54 13 80 138 34 N N N N 103 16 -17 -3 -3
1 30794 211 -22 8 1 0 0 0 0 -12 1 4 38 14 39 70 42 562 97 17 -14 -3 -3
1 29985 195 25 0 0 0 0 0 0 13 -1 -3 27 6 N N N N 92 18 -8 -6 -6
1 30015 196 20 1 -1 0 0 0 0 11 0 -3 35 8 38 69 43 562 69 14 -5 -4 -4
1 29985 212 13 0 2 0 0 0 0 7 -2 -1 33 8 N N N N 46 9 -5 -3 -3
1 30016 193 12 0 -1 0 0 0 0 6 -1 -2 36 9 37 67 43 562 10 -1 -7 2 2
1 29984 195 41 0 0 0 0 0 0 22 -4 -5 56 12 N N N N 64 13 -5 -4 -4
1 30015 210 45 -2 -1 0 0 0 0 23 -7 -7 85 21 40 67 43 562 36 1 -13 2 2
1 29985 190 67 2 1 0 0 0 0 33 -13 -8 213 53 N N N N 77 4 -26 3 3
1 28839 121 68 295 -70 164 -485 -69 -4 26 -17 42 97 29 38 68 42 562 188 32 -26 -7 -7
1 29984 76 60 -106 18 0 0 -139 0 28 -17 -7 -1 6 N N N N 116 26 -6 -9 -9
1 29999 53 45 24 -8 0 1 -133 0 20 -15 -8 -10 0 38 66 41 562 78 18 -2 -7 -7
1 29962 9 20 -59 15 -1 -1 -132 0 10 -6 -3 26 1 N N N N 52 12 -1 -4 -4
1 42723 -122 -47 335 3 383 0 -149 0 -63 10 98 -6 2 35 71 43 562 26 4 -5 -1 -1
1 18581 -114 -52 -37 2 0 -1 -82 0 -17 18 -14 -18 0 N N N N 12 4 1 -1 -1
1 28706 -203 -94 7 0 -1 1 -129 0 -43 25 -16 -177 -41 37 69 42 562 -47 -4 13 -1 -1
1 29966 -301 -81 -30 2 0 1 -132 0 -39 15 -15 -208 -58 N N N N -180 -24 38 2 2
1 30054 -334 -65 -20 2 2 -1 -130 0 -32 8 -12 -80 -23 36 66 43 562 -235 -45 24 13 13
1 31187 -377 -41 -64 3 -1 -1 -83 4 -17 2 -7 -60 -16 N N N N -116 -22 11 6 6
1 30016 -372 -37 1 1 0 0 0 0 -20 2 -6 -44 -10 37 69 43 562 -79 -15 8 4 4
1 29983 -383 -32 -2 0 0 0 0 0 -17 0 -5 -155 -38 N N N N -104 -16 17 3 3
1 30017 -386 -20 2 0 0 0 0 0 -10 0 -4 -102 -27 37 66 45 562 -147 -24 24 5 5
1 29983 -382 -10 1 1 0 0 0 0 -6 0 -2 -41 -9 N N N N -145 -32 6 11 11
1 30016 -369 -58 0 -1 0 0 0 0 -30 -4 -9 -95 -23 37 72 41 562 -156 -29 18 8 8
1 29985 -380 -23 2 0 0 0 0 0 -12 -2 -5 -23 -4 N N N N -13 -1 5 -1 -1
1 30015 -393 -32 -1 1 0 0 0 0 -17 -4 -4 -63 -14 38 66 43 562 57 19 7 -8 -8
1 29985 -363 -27 0 0 0 0 0 0 -14 -4 -4 -193 -51 N N N N -17 7 21 -7 -7
1 30017 -380 -80 0 -4 0 0 0 0 -38 -15 -13 -266 -68 38 66 43 562 -212 -31 40 5 5
1 34103 -460 172 9 134 0 1396 -6 -2 85 27 -42 -139 -39 N N N N -252 -46 30 12 12
1 30548 -411 228 -1 -20 1 -202 0 0 119 3 51 -145 -36 36 65 43 562 -212 -40 22 11 11
1 29804 -391 12 -5 -105 9 -1192 0 2 7 -11 57 -290 -77 N N N N -275 -49 37 12 12
1 30016 -398 10 2 1 0 0 0 0 5 -1 1 -225 -63 38 66 41 562 -578 -117 49 36 36
1 29985 -389 26 2 -2 0 0 0 0 13 -5 5 -168 -46 N N N N -335 -67 31 20 20
1 30015 -394 21 -1 0 0 0 0 0 10 -4 4 -208 -55 39 67 42 562 -390 -77 38 22 22
1 29984 -398 7 0 3 0 0 0 0 3 -1 0 -185 -50 N N N N 238 77 32 -35 -35
1 30015 -412 25 0 -1 0 0 0 0 13 -5 3 -107 -27 38 66 41 563 696 188 24 -76 -76
1 29984 -396 40 0 1 0 0 0 0 18 -9 8 -9 -2 N N N N 2419 612 6 -234 -234
1 30016 -415 53 -1 -7 0 0 0 0 25 -16 8 -64 -13 37 67 43 562 2321 590 10 -223 -223
1 29985 -414 18 2 4 0 0 0 0 8 -4 2 -36 -7 N N N N 2352 596 7 -223 -223
1 30017 -402 15 -3 1 0 0 0 0 6 -5 2 -10 2 38 66 43 562 1541 390 3 -144 -144
1 35982 -510 -89 4 -138 9 -1405 -1 -2 -40 -7 46 -173 -45 N N N N 525 146 23 -57 -57
1 30016 -418 -197 3 3 0 0 0 0 -98 40 -23 -142 -36 37 69 41 562 83 33 19 -16 -16
1 34631 -484 -73 1 131 0 1398 0 2 -39 28 -79 -283 -74 N N N N -216 -27 44 2 2
1 30016 -428 -52 1 -1 0 0 0 0 -27 -1 -10 -50 -15 38 70 43 563 -779 -184 21 63 63
1 29984 -427 -26 -4 -1 0 0 0 0 -13 -1 -4 -34 -8 N N N N -132 -29 7 9 9
1 30016 -438 -28 3 1 0 0 0 0 -15 -2 -6 -145 -36 40 68 44 562 -264 -54 21 16 16
1 29985 -435 -5 -2 -4 0 0 0 0 -1 -1 -2 -48 -12 N N N N -328 -75 13 26 26
1 30014 -430 -9 -1 4 0 0 0 0 -6 -1 0 -289 -76 39 69 41 562 -352 -68 34 18 18
1 29987 -427 -58 1 0 0 0 0 0 -30 -7 -9 -247 -67 N N N N -52 12 43 -13 -13
1 30014 -420 -52 -1 -2 0 0 0 0 -25 -9 -9 -79 -20 40 64 43 563 358 104 21 -42 -42
1 29983 -423 10 2 0 0 0 0 0 5 2 1 -151 -42 N N N N 339 102 27 -42 -42
1 30017 -440 75 1 6 0 0 0 0 37 12 11 -105 -25 40 65 39 562 137 45 18 -20 -20
1 29983 -429 110 -3 1 0 0 0 0 57 8 20 -125 -34 N N N N 126 43 18 -20 -20
1 30017 -430 -16 0 -7 0 0 -1 0 -8 -1 -1 -85 -23 40 65 42 562 -261 -53 20 16 16
1 29984 -427 -2 1 3 0 0 0 0 -1 0 -1 -61 -13 N N N N -478 -114 14 39 39
1 30017 -433 -5 -1 0 0 0 0 0 -3 -1 -1 -111 -29 38 67 42 563 -224 -48 15 15 15
1 29983 -434 -25 2 0 0 0 0 0 -13 -1 -4 -123 -30 N N N N 171 56 20 -24 -24
1 30015 -427 16 -3 0 0 0 0 0 9 1 2 -112 -29 40 68 41 562 1849 482 20 -180 -180
1 29985 -428 5 2 1 0 0 0 0 2 1 1 -73 -16 N N N N 1576 410 13 -151 -151
1 30015 -423 12 1 -1 0 0 0 0 6 0 3 -132 -35 38 70 45 562 430 123 23 -49 -49
1 29985 -440 65 0 3 0 0 0 0 34 1 10 -162 -40 N N N N 1126 301 22 -113 -113
1 30015 -441 45 0 -3 0 0 0 0 24 -3 9 -82 -24 38 65 41 562 -84 -7 23 -2 -2
1 29985 -427 16 -1 1 0 0 0 0 8 -1 3 -118 -30 N N N N 32 18 15 -9 -9
1 30015 -440 51 -3 1 0 0 -1 0 27 -5 8 -82 -25 38 67 43 562 -561 -132 18 44 44
1 29986 -429 28 3 -4 0 0 0 0 14 -4 6 -61 -17 N N N N -2339 -586 16 209 209
1 30015 -433 -6 -1 1 0 0 0 0 -3 0 -1 -4 1 37 69 43 562 -1424 -362 3 131 131
1 29983 -429 -4 3 3 0 0 0 0 -3 1 -1 2 3 N N N N -582 -148 1 54 54
1 30017 -431 -4 -2 -2 0 0 0 0 -1 1 -1 -5 2 39 67 44 562 -356 -90 2 33 33
1 29985 -423 2 -3 -6 0 0 0 0 2 -1 1 -12 -1 N N N N -340 -86 1 31 31
1 30014 -428 12 2 8 0 0 0 0 5 -1 1 -13 1 38 69 42 562 -457 -115 2 43 43
1 29985 -412 17 3 -1 0 0 0 0 8 -3 3 -11 -1 N N N N -521 -132 2 48 48
1 30016 -425 0 -3 -1 0 0 0 0 0 0 1 -29 -5 40 69 43 562 -525 -131 4 48 48
1 29986 -429 -20 0 -6 0 0 0 0 -9 2 -3 -4 1 N N N N -412 -104 3 38 38
1 30013 -421 -26 -2 7 0 0 0 0 -14 4 -5 -23 -2 40 67 43 562 -185 -45 3 17 17
1 29985 -431 -43 1 -3 0 0 0 0 -22 5 -6 -35 -5 N N N N -108 -25 6 8 8
1 30015 -418 -24 1 0 0 0 0 0 -12 2 -5 1 3 41 67 41 562 170 45 2 -17 -17
1 29986 -416 -3 0 1 0 0 0 0 -2 1 0 -39 -9 N N N N 66 19 4 -9 -9
1 30014 -423 -3 0 -3 0 0 0 0 -1 0 -1 -50 -12 40 68 42 562 -255 -60 8 21 21
1 29985 -435 21 1 3 0 0 0 0 10 -2 3 -306 -77 N N N N -333 -72 22 23 23
1 30016 -425 103 -1 0 0 0 0 0 53 -13 18 -515 -144 37 69 42 562 -662 -118 89 27 27
1 29983 -422 -9 0 2 0 0 0 0 -5 2 -1 -10 -5 N N N N -318 -65 29 19 19
1 30016 -429 -27 -2 -1 0 0 0 0 -13 4 -5 -8 -2 39 68 43 562 66 20 6 -8 -8
1 29985 -419 -7 2 0 0 0 0 0 -4 1 -1 1 1 N N N N 36 11 1 -4 -4
1 30017 -428 4 2 1 0 0 0 0 2 -1 0 -14 0 40 69 41 562 -21 -5 2 1 1
1 29984 -435 11 -2 -2 0 0 0 0 6 -1 2 -12 -1 N N N N -66 -15 3 5 5
1 30014 -432 5 1 0 0 0 0 0 2 -2 1 -17 -2 39 68 43 562 45 13 2 -5 -5
1 29984 -428 -9 -1 0 0 0 0 0 -4 2 -1 -1 5 N N N N -20 -4 2 1 1
1 30017 -432 -18 -3 -2 0 0 0 0 -9 2 -3 3 3 39 67 44 562 -16 -4 0 1 1
1 29984 -432 -19 2 2 0 0 0 0 -10 3 -4 -5 2 N N N N 21 5 0 -1 -1
1 30016 -414 -5 0 0 0 0 0 0 -3 0 0 -50 -11 38 79 40 562 -35 -7 4 1 1
1 29984 -425 -16 -1 -3 0 0 0 0 -7 2 -3 -579 -155 N N N N -537 -92 79 20 20
1 30016 -409 21 2 5 0 0 0 0 10 -2 3 -268 -78 37 68 41 562 -397 -75 48 19 19
1 29984 -416 -41 -1 -4 0 0 0 0 -21 3 -6 -229 -67 N N N N -401 -77 45 21 21
1 30015 -409 -46 1 2 -1 0 -1 0 -24 3 -9 -92 -27 37 72 43 562 -623 -146 26 50 50
1 29985 -415 28 1 1 0 0 0 0 14 -1 5 -100 -26 N N N N -429 -100 19 35 35
1 30017 -398 5 -3 -2 0 0 0 0 3 -1 1 -124 -33 41 67 43 562 -105 -17 18 3 3
1 29983 -420 -82 0 0 0 0 0 0 -43 3 -14 -205 -55 N N N N 471 141 35 -60 -60
1 30015 -391 -68 -1 1 0 0 0 0 -35 -4 -13 -57 -17 39 67 44 562 346 100 18 -42 -42
1 29985 -397 -60 3 0 0 0 0 0 -32 -6 -9 -174 -45 N N N N 172 53 15 -22 -22
1 30015 -389 -35 -2 -2 0 0 0 0 -17 -5 -6 -440 -123 40 70 43 562 20 45 70 -31 -31
1 29984 -390 -61 0 5 0 0 0 0 -30 -12 -12 -164 -48 N N N N -738 -167 43 56 56
1 30018 -394 -80 -1 -3 0 0 0 0 -37 -19 -12 -390 -109 37 67 42 562 -654 -146 41 47 47
1 29983 -393 2 5 3 0 0 0 0 1 0 -2 -333 -96 N N N N -1299 -305 57 106 106
1 33663 -435 105 3 127 1 1395 0 -2 49 21 -47 -1180 -341 37 71 44 562 -2980 -678 182 227 227
1 31044 -432 202 0 1 0 0 0 0 102 28 32 -373 -119 N N N N -3095 -756 100 278 278
1 31251 -429 178 0 -121 9 -1400 0 2 93 -16 96 -187 -61 39 68 44 562 -2774 -700 54 269 269
1 29982 -368 9 -2 -6 0 0 0 0 5 -1 4 -136 -40 N N N N -1937 -493 28 193 193
1 30017 -365 -57 0 -4 0 0 0 0 -29 7 -8 -78 -19 40 69 41 561 1018 276 20 -115 -115
1 29984 -380 -49 -3 -3 0 0 0 0 -24 4 -9 -137 -40 N N N N 1124 305 20 -126 -126
1 30016 -367 3 2 5 0 0 0 0 1 0 -1 -159 -45 38 68 44 561 -178 -33 28 8 8
1 29985 -383 2 0 -1 0 0 0 0 1 0 1 -28 -9 N N N N -643 -162 14 63 63
1 30014 -358 3 1 0 0 0 0 0 1 0 1 -73 -19 39 72 43 561 -469 -118 11 45 45
1 29985 -367 -24 -4 0 0 0 0 0 -12 2 -5 -224 -61 N N N N -621 -149 30 55 55
1 30016 -367 57 3 2 0 0 0 0 29 -6 10 -372 -109 37 67 42 561 -1306 -313 63 116 116
1 29984 -377 70 2 2 0 0 0 0 35 -8 12 -269 -81 N N N N -1766 -444 44 174 174
1 30015 -357 68 -2 -3 0 0 0 0 34 -14 12 -501 -144 39 69 43 561 -2339 -578 88 223 223
1 29985 -366 72 0 2 -1 -1 0 0 33 -18 10 -323 -97 N N N N -889 -209 57 78 78
1 30016 -364 25 0 -1 0 0 0 0 11 -7 4 -212 -67 38 66 45 561 -1388 -345 52 136 136
1 29984 -364 -6 1 -3 0 0 0 0 -2 1 0 -141 -40 N N N N -1351 -347 26 142 142
1 30017 -356 -38 -3 1 0 0 0 0 -17 11 -6 -46 -14 37 68 41 561 192 59 20 -29 -29
1 29983 -360 -24 4 1 0 0 0 0 -12 6 -3 -379 -101 N N N N 1688 464 37 -202 -202
1 30016 -379 28 -2 2 0 0 0 0 13 -7 3 -251 -80 39 66 43 561 -506 -107 60 35 35
1 29984 -377 57 -2 0 0 0 0 0 25 -16 9 -209 -61 N N N N -1798 -461 43 187 187
1 30015 -370 3 3 0 0 0 0 0 1 -1 1 -67 -20 38 70 42 561 -162 -33 22 11 11
1 29985 -373 -30 -1 -1 0 0 0 0 -12 9 -5 -65 -14 N N N N 1776 477 10 -204 -204
1 30017 -378 -10 1 0 0 0 0 0 -5 3 -1 -152 -43 40 71 43 561 600 168 19 -74 -74
1 35923 -473 -109 -4 -133 2 -1389 0 -2 -50 -3 44 -820 -238 N N N N -1501 -347 122 125 125
1 30380 -401 -216 7 108 -1 1395 0 2 -112 47 -86 -397 -125 40 70 43 561 -2468 -626 82 253 253
1 30799 -405 -109 -6 19 0 0 0 0 -56 -1 -31 -572 -172 N N N N -4002 -1033 102 433 433
1 30014 -390 -27 1 3 0 0 0 0 -14 -4 -4 -141 -48 38 70 43 560 -3333 -878 47 383 383
1 29984 -397 15 -1 -2 0 0 0 0 8 1 2 -271 -78 N N N N -1548 -404 35 177 177
1 30018 -402 -82 -3 1 0 0 0 0 -41 -11 -14 -136 -43 39 68 44 560 -1495 -388 42 170 170
1 29984 -412 -7 3 2 0 0 0 0 -4 -1 -2 -137 -42 N N N N -1246 -327 25 146 146
1 30014 -419 -49 1 -1 0 0 0 0 -23 -11 -8 -145 -42 36 68 42 560 -1374 -360 30 162 162
1 29986 -412 30 0 0 0 0 0 0 14 7 5 -121 -31 N N N N -644 -167 23 75 75
1 30014 -420 97 -2 4 0 0 0 0 48 16 15 -163 -48 39 71 42 560 -515 -132 22 58 58
1 29984 -421 50 3 -3 0 0 0 0 26 4 10 -576 -165 N N N N -1210 -302 80 129 129
1 30017 -431 -68 -1 -2 0 0 0 0 -35 -7 -11 -136 -51 39 70 44 560 -2369 -622 62 287 287
1 34220 -526 79 6 128 0 1401 0 -2 40 10 -55 -222 -58 N N N N -1204 -321 19 151 151
1 30418 -457 213 3 -18 1 -205 0 0 110 1 50 -388 -114 39 72 44 560 -528 -120 80 47 47
1 29935 -440 10 -12 -107 -1 -1191 -1 2 7 -11 57 -190 -59 N N N N -917 -238 40 110 110
1 30016 -424 -49 0 -1 0 0 0 0 -25 5 -8 -225 -67 38 67 43 560 -1645 -436 42 207 207
1 29983 -432 89 6 5 0 0 0 0 44 -11 14 -240 -71 N N N N -3644 -980 47 482 482
1 30017 -434 130 0 -2 0 0 0 0 62 -30 20 -280 -85 38 86 44 560 -1506 -400 45 197 197
1 29981 -439 -26 -4 -3 0 0 0 0 -11 7 -3 -177 -51 N N N N 44 22 44 -18 -18
1 30016 -446 -117 1 0 0 0 0 0 -57 24 -18 -444 -133 39 68 42 559 -1146 -296 72 142 142
1 29984 -438 -67 -1 2 0 0 0 0 -34 9 -12 -310 -89 N N N N -300 -70 58 28 28
1 30019 -430 18 2 -1 0 0 0 0 9 -2 4 -40 -16 36 66 42 559 -83 -16 28 4 4
1 29981 -443 -66 -2 0 0 0 0 0 -34 6 -12 -747 -210 N N N N 114 48 72 -34 -34
1 30019 -412 -73 -1 2 0 0 0 0 -38 2 -13 -221 -76 39 69 44 560 -1302 -338 92 161 161
1 29984 -417 -10 1 -2 1 -2 0 0 -5 0 -2 -127 -38 N N N N -1326 -357 38 182 182
1 30013 -402 2 2 -1 0 0 0 0 1 0 0 -150 -45 39 71 47 559 -1107 -300 22 155 155
1 29987 -401 45 -4 0 0 0 0 0 24 -1 8 -653 -190 N N N N -1171 -305 93 150 150
1 30013 -407 -1 2 2 0 0 0 0 -1 1 -1 -529 -162 36 69 44 559 802 241 99 -142 -142
1 29987 -418 24 -2 -3 0 0 0 0 14 -1 4 -242 -80 N N N N 1584 455 76 -250 -250
1 30016 -417 75 0 4 0 0 0 0 38 -6 13 -411 -123 39 70 42 559 2012 574 68 -309 -309
1 29984 -378 -80 2 -4 0 0 0 0 -42 6 -12 -857 -253 N N N N 3274 944 142 -505 -505
1 30013 -343 -21 0 1 0 0 0 0 -11 1 -4 -332 -106 36 71 44 559 5396 1523 63 -768 -768
1 29987 -370 -59 1 -1 0 0 0 0 -31 0 -10 -1078 -332 N N N N 2959 878 173 -453 -453
1 30013 -336 -127 -3 -2 0 0 0 0 -65 -11 -22 -848 -261 40 68 44 559 -3439 -928 130 431 431
1 34161 -404 150 6 134 -1 1397 0 -2 76 15 -43 -510 -167 N N N N -767 -171 161 60 60
1 32194 -393 198 -3 -123 1 -1406 0 2 103 -19 99 -444 -145 37 71 43 559 2045 605 97 -312 -312
1 29985 -350 56 -1 -7 0 0 0 0 28 -12 12 -587 -175 N N N N 2968 876 116 -442 -442
1 30015 -313 64 -4 -1 0 0 0 0 31 -15 10 -288 -88 38 73 43 559 8262 2368 64 -1113 -1113
1 29984 -320 49 0 0 0 0 0 0 21 -15 7 -408 -130 N N N N 7511 2171 88 -976 -976
1 30016 -306 6 0 1 0 0 0 0 2 -2 1 -639 -189 41 73 41 559 3074 908 75 -402 -402
1 29984 -316 -60 0 -3 0 0 0 0 -25 18 -8 -597 -193 N N N N 2908 898 149 -403 -403
1 30015 -313 -149 0 1 0 0 0 0 -73 31 -23 -752 -236 41 78 41 559 -759 -155 138 39 39
1 29984 -323 -139 -2 -3 0 0 0 0 -72 10 -24 -415 -138 N N N N -1701 -443 106 166 166
1 30017 -321 -89 1 3 0 0 0 0 -47 -2 -16 -328 -108 39 72 42 558 -3565 -992 83 409 409
1 29985 -330 46 0 3 0 0 0 0 24 3 7 -550 -172 N N N N -2878 -801 73 336 336
1 30014 -314 115 1 0 0 0 0 0 60 -4 20 -391 -130 39 79 43 559 -1208 -306 111 115 115
1 29986 -330 23 -4 -1 0 -2 0 0 12 -3 5 -240 -83 N N N N -3070 -873 43 384 384
1 30015 -342 19 5 -1 0 0 0 0 10 -2 3 -236 -79 39 74 43 558 -2551 -716 67 316 316
1 29984 -337 57 -2 2 0 0 0 0 29 -7 9 -211 -68 N N N N -1636 -459 50 203 203
1 30016 -337 0 2 -4 0 0 0 0 0 -1 1 -172 -52 38 75 43 558 -993 -279 28 126 126
1 29985 -349 96 3 3 0 0 0 0 46 -20 14 -251 -83 N N N N -1027 -284 45 126 126
1 30015 -343 93 -4 0 0 0 0 0 42 -26 13 -271 -88 38 74 42 558 -453 -113 58 44 44
1 29985 -354 92 4 -1 0 0 0 0 36 -33 11 -220 -70 N N N N 138 54 44 -33 -33
1 30015 -364 98 -3 1 0 0 0 0 32 -41 10 -262 -83 41 76 41 558 86 44 57 -30 -30
1 29984 -370 68 3 -1 0 0 0 0 18 -31 6 -286 -90 N N N N 214 76 41 -42 -42
1 30016 -376 153 -3 3 0 0 0 0 26 -76 6 -430 -145 39 79 42 558 3052 924 88 -447 -447
1 33926 -439 -49 -4 -135 0 -1389 0 -2 -5 -11 11 -174 -59 N N N N 4224 1258 54 -583 -583
1 30427 -407 -169 2 1 0 0 0 0 -38 81 11 -279 -86 40 93 42 558 2022 611 44 -280 -280
1 30750 -393 -198 0 -2 0 0 0 0 -71 79 -3 -43 -14 N N N N 1825 550 34 -248 -248
1 30425 -408 -168 1 0 0 0 0 0 -78 47 -15 -193 -57 41 80 42 558 -787 -221 26 92 92
1 29865 -395 -160 2 20 0 199 1 -1 -82 28 -31 -105 -32 N N N N 828 256 31 -118 -118
1 30607 -383 0 0 108 0 1206 -1 3 0 18 -56 -170 -49 41 74 41 557 155 57 27 -29 -29
1 29984 -394 103 -2 6 0 0 0 0 53 -9 15 -92 -32 N N N N 542 171 27 -80 -80
1 20017 -256 54 -1 -2 0 0 0 0 28 -7 10 -130 -40 40 78 41 557 580 180 23 -82 -82
1 19984 -259 29 4 3 0 0 0 0 13 -6 4 -133 -39 N N N N 837 256 22 -115 -115
1 20016 -260 24 -5 -2 0 0 0 0 12 -6 4 -58 -20 42 77 42 557 1008 308 24 -137 -137
1 19984 -258 5 0 -2 0 0 0 0 3 -1 1 -4 -1 N N N N 700 210 9 -91 -91
1 20016 -250 -2 2 0 0 0 0 0 -1 1 0 0 -1 40 77 42 557 344 103 4 -45 -45
1 19984 -262 -1 1 1 0 0 0 0 -1 0 0 -3 -1 N N N N 179 54 1 -23 -23
1 20014 -263 6 -1 0 0 0 0 0 3 -2 0 -29 -9 40 75 41 557 202 61 3 -26 -26
1 19985 -254 -6 -2 -1 0 0 0 0 -2 2 -1 -82 -20 N N N N -11 4 15 -4 -4
1 20016 -245 -39 0 1 0 0 0 0 -20 7 -6 -157 -42 40 77 41 557 -147 -39 11 14 14
1 19985 -238 -36 0 3 0 0 0 0 -18 7 -5 -52 -21 N N N N -2315 -673 28 283 283
1 20015 -238 -15 -1 -3 0 0 0 0 -7 3 -2 0 1 40 75 42 557 -1922 -565 8 244 244
1 19985 -251 -20 4 -3 0 0 0 0 -10 2 -4 0 1 N N N N -934 -276 2 120 120
1 20015 -233 -29 -3 3 -1 0 0 0 -15 4 -5 -12 -3 39 75 40 557 -696 -205 2 90 90
1 19985 -243 -48 -3 2 0 0 0 0 -25 4 -9 -31 -9 N N N N -733 -214 7 94 94
1 20016 -229 -58 3 -4 0 0 0 0 -30 2 -9 -144 -43 41 75 41 556 -780 -226 12 99 99
1 19984 -222 -27 1 3 0 0 0 0 -15 0 -5 -120 -34 N N N N -1511 -438 26 192 192
1 20016 -240 -48 -3 -1 0 0 0 0 -25 -2 -8 -318 -97 38 74 44 556 -2931 -854 39 382 382
1 19984 -208 -97 2 0 0 0 0 0 -50 -10 -16 -448 -154 N N N N -2684 -776 58 351 351
1 20016 -232 -134 1 -2 0 0 0 0 -64 -28 -22 -659 -186 40 73 42 556 177 86 101 -57 -57
1 19985 -230 -22 2 0 0 0 0 0 -10 -5 -5 -289 -100 N N N N 4736 1454 122 -691 -691
1 20015 -213 -37 -4 3 0 0 0 0 -16 -11 -5 -373 -118 41 74 43 556 4255 1291 55 -587 -587
1 19985 -222 -58 3 -1 0 0 0 0 -24 -19 -8 -189 -64 N N N N -1677 -473 70 197 197
1 20015 -216 -65 -2 0 0 0 0 0 -24 -23 -9 -188 -61 41 75 42 556 -2589 -760 41 334 334
1 19984 -224 -65 2 0 0 0 0 0 -22 -26 -8 -165 -52 N N N N -1878 -549 39 244 244
1 20015 -215 -52 -2 0 0 0 0 0 -14 -23 -5 -205 -66 38 74 41 556 -1053 -301 40 132 132
1 19986 -213 -2 1 1 0 0 0 0 0 -1 -2 -163 -56 N N N N -137 -26 44 5 5
1 20015 -223 1 -4 -2 0 0 0 0 -1 1 2 -364 -109 39 72 40 556 398 136 46 -71 -71
1 23865 -281 37 12 123 0 1388 0 -2 12 4 -37 -267 -94 N N N N -730 -195 72 78 78
1 20016 -250 131 -3 7 0 0 0 0 44 53 5 -272 -87 37 70 42 555 56 38 60 -28 -28
1 20458 -251 195 -1 1 0 0 0 0 84 61 17 -158 -52 N N N N -383 -99 48 38 38
1 20014 -254 181 2 0 0 0 0 0 91 31 25 -4 -5 40 79 43 555 305 98 17 -49 -49
1 20453 -257 179 -1 0 0 0 0 0 93 1 34 -1 -1 N N N N 188 59 6 -28 -28
1 23137 -282 154 -4 -124 1 -1408 0 2 77 -38 89 -11 -3 41 73 40 555 58 19 3 -9 -9
1 19983 -242 49 -1 -4 0 0 0 0 23 -13 8 -75 -22 N N N N 138 43 5 -21 -21
1 20015 -227 -59 -2 -3 0 0 0 0 -27 14 -7 -204 -61 40 74 41 555 1275 396 31 -188 -188
1 19983 -239 -83 -1 1 0 0 0 0 -40 18 -13 -132 -42 N N N N 1727 532 28 -248 -248
1 20019 -230 -36 2 1 0 0 0 0 -19 5 -6 -249 -74 40 73 43 555 2031 633 49 -293 -293
1 19982 -231 18 0 -1 0 0 0 0 10 -2 3 -35 -15 N N N N 1105 346 26 -159 -159
1 20016 -229 18 0 -1 0 0 0 0 9 -3 3 -15 -6 38 78 44 554 -61 -15 10 5 5
1 19983 -226 30 2 0 0 0 0 0 15 -6 4 -12 -5 N N N N -142 -42 5 18 18
1 20016 -233 37 -1 1 0 0 0 0 18 -7 6 -81 -26 41 77 41 554 4 4 6 -3 -3
1 19985 -220 88 0 1 0 0 0 0 40 -23 13 -512 -151 N N N N 2812 876 59 -396 -396
1 20016 -239 74 1 2 0 0 0 0 31 -24 8 -387 -121 39 75 42 554 4993 1544 63 -672 -672
1 19986 -241 -56 -4 0 0 0 0 0 -24 18 -6 -491 -159 N N N N 2653 849 92 -371 -371
1 20014 -236 -70 0 -4 0 0 0 0 -30 20 -9 -430 -136 39 71 42 554 377 170 118 -92 -92
1 19984 -228 -10 -1 1 0 0 0 0 -5 2 -2 -275 -90 N N N N -220 -33 76 -1 -1
1 20015 -258 -17 4 0 0 0 0 0 -8 5 -3 -184 -61 40 73 41 554 648 221 48 -100 -100
1 19986 -248 20 -5 0 0 0 0 0 9 -6 3 -138 -49 N N N N 1096 355 41 -153 -153
1 20016 -237 -11 2 -3 0 -2 0 0 -4 3 -1 -320 -96 39 71 43 554 552 196 55 -90 -90
1 19984 -244 -8 -3 2 0 0 0 0 -4 2 -2 -119 -42 N N N N 462 163 44 -74 -74
1 20014 -247 20 4 1 0 0 0 0 9 -5 3 -200 -61 39 74 44 554 882 288 36 -124 -124
1 19984 -229 57 2 3 0 0 0 0 25 -15 8 -735 -213 N N N N 1474 484 61 -204 -204
1 20016 -262 45 -3 -1 0 0 0 0 20 -14 5 -579 -187 41 70 45 554 474 223 154 -119 -119
1 19985 -247 -10 -1 -2 0 0 0 0 -4 3 -1 -195 -73 N N N N 26 57 96 -41 -41
1 20018 -255 38 1 1 0 0 0 0 15 -13 5 -128 -43 38 71 43 554 168 73 43 -37 -37
1 19983 -245 -6 -1 -3 0 0 0 0 -1 2 -1 -198 -62 N N N N 139 57 28 -28 -28
1 20015 -261 -63 -1 0 0 0 0 0 -27 20 -7 -112 -39 37 73 47 553 321 123 46 -58 -58
1 19984 -243 -71 -1 2 0 0 0 0 -32 20 -11 -50 -18 N N N N 495 164 20 -68 -68
1 20016 -261 -94 3 -3 0 0 0 0 -46 19 -13 -56 -17 37 80 48 554 339 114 18 -49 -49
1 19985 -256 -84 -7 0 0 0 0 0 -43 10 -13 -54 -13 N N N N 257 86 11 -35 -35
1 20016 -265 -98 4 1 0 0 0 0 -52 5 -17 -698 -203 39 73 49 553 113 52 32 -27 -27
1 19984 -253 -18 1 0 0 0 0 0 -9 0 -4 -906 -273 N N N N 361 230 228 -134 -134
1 20014 -253 86 -1 3 0 0 0 0 45 -2 13 -227 -85 38 75 49 553 842 306 82 -135 -135
1 19985 -261 118 0 2 0 0 0 0 60 -14 20 -418 -128 N N N N 703 263 81 -117 -117
1 20016 -240 106 -1 0 0 0 0 0 52 -22 16 -359 -115 38 75 49 553 714 268 84 -120 -120
1 19983 -252 110 2 0 0 0 0 0 48 -32 15 -550 -166 N N N N 535 228 110 -109 -109
1 20018 -229 95 -1 -2 0 0 0 0 36 -36 11 -195 -58 39 76 53 553 293 131 71 -64 -64
1 19984 -232 121 0 3 0 0 0 0 36 -53 9 -960 -277 N N N N -116 14 95 -24 -24
1 20016 -216 58 0 -4 0 0 0 0 14 -28 4 -1622 -469 38 76 57 553 37 177 305 -128 -128
1 19982 -224 -139 -5 -1 0 0 0 0 -35 64 -12 -2447 -681 N N N N 386 337 393 -207 -207
1 20018 -203 -150 -2 1 0 0 0 0 -56 57 -15 -1165 -323 38 78 61 553 1778 806 422 -386 -386
1 19983 -175 -127 0 1 0 0 0 0 -57 36 -17 -883 -266 N N N N 2659 968 186 -394 -394
1 20016 -160 -73 -3 0 0 0 0 0 -36 14 -11 -602 -190 39 78 63 553 2352 888 207 -363 -363
1 19984 -160 2 2 1 0 0 0 0 1 0 0 -286 -109 N N N N 3342 1177 141 -445 -445
1 20016 -162 -15 -1 1 0 0 0 0 -7 3 -3 -510 -147 40 90 63 553 2386 843 96 -311 -311
1 19984 -143 -67 0 -2 0 0 0 0 -35 7 -9 -566 -178 N N N N 1932 713 123 -269 -269
1 20017 -139 -8 -2 -1 0 0 0 0 -4 0 -2 -435 -142 41 76 64 552 2367 867 134 -318 -318
1 19984 -150 86 3 1 0 0 0 0 44 -10 13 -462 -141 N N N N 1922 687 79 -243 -243
1 18701 -134 35 -9 3 0 -1 -41 -4 19 -6 2 -2384 -688 40 82 67 552 1770 689 149 -256 -256
1 20090 -125 -104 -5 -3 0 2 -96 0 -53 15 -13 -3995 -1178 N N N N 6280 2796 971 -1086 -1086
1 21992 -161 -15 -4 4 -1 -1 -91 4 -7 2 -5 -2145 -684 40 83 94 552 11295 4274 555 -1375 -1375
1 20804 -136 28 -1 -4 0 0 0 0 15 -3 5 -2237 -680 N N N N 10390 4012 513 -1200 -1200
1 20016 -132 122 -2 3 0 0 0 0 62 -20 16 -500 -244 40 85 94 552 8669 3407 432 -956 -956
1 19984 -128 -81 -4 0 0 0 0 0 -40 15 -12 -2697 -784 N N N N 6110 2515 384 -686 -686
1 20015 -128 -135 0 2 0 0 0 0 -71 13 -20 -1810 -526 41 83 98 552 6309 2799 557 -761 -761
1 19984 -118 -70 3 -3 0 0 0 0 -38 -1 -8 -1463 -441 N N N N 7707 3141 367 -761 -761
1 20015 -111 -32 0 10 0 0 0 0 -17 -1 -9 -1123 -376 42 86 103 552 5524 2419 387 -584 -584
1 19985 -106 -57 -2 -9 0 0 0 0 -30 -6 -4 -1642 -425 N N N N 5277 2161 219 -476 -476
1 20016 -116 -103 -6 -2 0 0 0 0 -52 -17 -11 -1906 -497 44 87 105 552 5380 2544 488 -590 -590
1 19987 -113 -120 0 2 0 0 0 0 -56 -30 -15 -2138 -450 N N N N 5537 2620 473 -579 -579
1 10013 -56 -28 -1 4 0 0 0 0 -12 -9 -5 -343 -165 43 86 109 552 1912 1002 232 -227 -227
1 9984 -62 -46 -1 -3 0 0 0 0 -19 -15 -4 -136 -173 N N N N 2293 1137 222 -245 -245
1 10016 -66 -41 0 2 0 0 0 0 -15 -15 -5 -518 -154 42 94 93 552 2726 1170 118 -225 -225
1 9986 -64 -51 -4 -3 0 0 0 0 -19 -19 -2 -381 -240 N N N N 2527 1147 153 -224 -224
1 10014 -84 -38 -2 2 0 0 0 0 -12 -16 -3 -323 -184 40 89 105 551 2415 1156 188 -230 -230
1 9985 -75 -16 3 1 0 0 0 0 -5 -7 -3 -761 -215 N N N N 2873 1203 90 -213 -213
1 10017 -89 -22 -4 -1 0 0 0 0 -6 -10 1 -472 -225 43 90 110 551 2188 1096 197 -215 -215
1 9982 -75 -28 0 -1 0 0 0 0 -8 -12 -2 -303 -160 N N N N 3232 1428 147 -253 -253
1 10019 -75 -36 -1 -1 0 0 0 0 -8 -17 -2 -292 -146 43 103 104 551 4269 1785 117 -296 -296
1 9982 -80 -39 2 1 0 0 0 0 -8 -19 -4 -299 -125 N N N N 3345 1413 98 -230 -230
1 12918 -84 -66 23 -3 72 0 -3 -4 -10 -32 -14 -144 -126 43 91 106 551 5125 2156 139 -340 -340
1 9363 -60 -58 29 -1 -1 1 -44 0 -4 -29 -19 -52 -79 N N N N 3298 1326 45 -196 -196
1 9623 -68 -59 -10 5 1 0 -47 0 -4 -31 4 -51 -49 42 92 104 551 3784 1537 60 -225 -225
1 9307 -53 -46 -2 1 0 -1 -47 0 0 -24 2 -6 -29 N N N N 3504 1399 40 -197 -197
1 9479 -72 -33 -4 49 2 648 -47 4 1 -21 3 -9 -22 43 90 105 551 2632 1017 6 -137 -137
1 16135 -128 62 24 71 -2 753 -1 -2 1 24 -14 -40 -31 N N N N 3424 1303 -3 -170 -170
1 10483 -110 82 -1 0 0 0 0 0 4 42 -7 -36 -17 42 92 104 551 1758 698 16 -93 -94
1 10458 -104 90 3 -1 0 0 0 0 11 45 -6 -7 -6 N N N N 1592 662 33 -91 -90
1 10368 -126 96 -2 6 0 0 0 0 19 46 -2 -6 -3 42 89 102 551 1458 569 7 -74 -74
1 10456 -121 94 -1 -3 0 0 0 0 27 42 1 -57 -19 N N N N 754 308 11 -41 -41
1 12426 -147 101 -2 4 0 0 0 0 34 41 3 -217 -73 43 91 101 551 854 369 25 -51 -51
1 10868 -126 65 4 -2 0 0 0 0 26 23 5 -317 -105 N N N N 902 415 42 -60 -60
1 10425 -96 41 -2 -3 0 0 0 0 18 14 3 -435 -109 45 92 98 551 660 370 70 -60 -60
1 10458 -118 71 2 4 0 0 0 0 32 19 7 -61 -19 N N N N 1356 667 87 -98 -98
1 10778 -123 100 -3 1 0 0 0 0 49 21 12 -12 -8 42 92 98 551 1719 758 57 -104 -104
1 10455 -117 109 2 1 0 0 0 0 55 15 17 -8 -1 N N N N 1118 489 34 -65 -65
1 10311 -116 113 -1 0 0 0 0 0 59 3 20 -3 -1 42 89 98 551 957 394 15 -51 -51
1 9961 -121 95 0 -19 0 -202 -3 -1 48 -6 30 -8 -2 N N N N 743 304 11 -38 -38
1 10270 -106 53 -22 -101 -21 -1189 -1 3 31 -18 56 -5 -1 42 91 100 550 662 270 8 -34 -34
1 10517 -99 37 1 -5 0 0 0 0 18 -8 8 -3 0 N N N N 479 195 6 -24 -24
1 10015 -85 27 -1 2 0 0 0 0 12 -7 4 -3 -3 43 92 100 550 419 147 -8 -16 -16
1 9984 -96 20 0 -1 0 0 0 0 10 -5 2 0 1 N N N N 287 120 5 -15 -15
1 10016 -84 17 1 2 0 0 0 0 7 -4 3 -2 -1 44 90 100 550 60 37 9 -6 -6
1 9984 -88 16 0 -1 0 0 0 0 7 -5 2 -1 0 N N N N 472 179 -2 -21 -21
1 10016 -90 15 -2 -1 0 0 0 0 8 -4 2 -2 -1 44 91 96 550 15 15 5 -3 -3
1 9985 -82 23 -1 1 0 0 0 0 9 -7 3 -7 1 N N N N 299 110 -3 -12 -12
1 10015 -89 21 3 1 0 0 0 0 9 -6 2 -4 -3 41 90 98 550 133 68 10 -10 -10
1 9984 -81 12 -3 -1 0 0 0 0 5 -5 1 -1 0 N N N N 228 103 9 -14 -14
1 10016 -86 12 2 0 0 0 0 0 5 -4 2 -1 0 43 93 94 550 251 94 -2 -11 -11
1 9984 -80 10 1 -1 0 0 0 0 4 -3 2 -1 1 N N N N 97 35 -2 -4 -4
1 10015 -77 8 -2 2 0 0 0 0 3 -3 0 0 0 44 90 95 550 142 60 3 -7 -7
1 9986 -77 7 0 -3 0 0 0 0 3 -3 1 0 1 N N N N -88 -22 7 1 1
1 10015 -67 8 0 -1 0 0 0 0 3 -3 2 -2 -2 45 89 95 550 206 71 -4 -8 -8
1 9984 -76 7 1 1 0 0 0 0 3 -2 0 -2 0 N N N N -3 -1 0 1 1
1 10016 -66 7 0 2 0 0 0 0 2 -3 0 -1 1 43 91 93 549 115 61 9 -9 -9
1 9984 -64 4 0 -1 0 0 0 0 2 -1 1 -1 -2 N N N N 78 27 -2 -3 -3
1 10016 -62 9 0 -1 0 0 0 0 3 -4 2 -1 1 44 93 97 549 277 108 1 -13 -13
1 9984 -60 2 -4 -3 0 0 0 0 1 -2 0 -2 -2 N N N N 96 34 -1 -4 -4
1 10016 -64 5 1 3 0 0 0 0 2 -1 0 -2 2 44 90 93 549 67 34 4 -4 -4
1 9984 -37 7 0 2 0 0 0 0 2 -2 1 -3 -2 N N N N 121 36 -6 -3 -3
1 10016 -48 6 2 -2 0 0 0 0 2 -3 0 -1 0 45 87 91 549 -63 -9 9 -1 -1
1 9984 -48 12 1 1 0 0 0 0 4 -5 1 0 1 N N N N 160 64 1 -8 -8
1 10016 -47 21 -2 -2 0 0 0 0 7 -9 2 -12 -4 43 91 87 549 -23 -4 3 0 0
1 9984 -38 29 2 2 0 0 0 0 9 -12 3 -4 -2 N N N N 10 8 2 -1 -1
1 10016 -46 24 -3 -1 0 0 0 0 7 -11 1 -5 2 41 92 86 549 133 53 1 -6 -6
1 9984 -30 21 1 1 0 0 0 0 6 -9 2 -1 -3 N N N N 43 18 1 -3 -3
1 10016 -33 16 -2 -1 0 0 0 0 5 -8 0 -11 -3 41 101 85 548 62 24 0 -3 -3
1 9985 -49 14 0 -3 0 0 0 0 3 -7 2 -4 -1 N N N N 160 70 5 -9 -9
1 9836 -23 19 24 -3 74 -1 -3 -4 0 -10 11 -2 -1 45 94 82 548 69 28 1 -3 -3
1 10109 -63 28 24 7 0 1 -51 0 -1 -12 11 -6 -3 N N N N -9 5 4 -1 -1
1 8855 -67 26 1 0 -1 -1 -48 0 4 -13 3 -4 -1 44 94 80 548 51 26 4 -4 -4
1 10132 -77 22 -3 0 1 -1 -53 0 4 -11 0 -6 0 N N N N 164 64 0 -8 -8
1 9827 -101 24 0 0 1 1 -52 0 4 -12 0 -5 -1 44 90 80 548 -37 -6 5 0 0
1 8480 -91 13 3 0 -2 0 -44 0 1 -7 2 -23 -7 N N N N 155 65 3 -8 -8
1 5953 -82 -10 -2 -4 0 0 -30 0 -1 4 0 -20 -5 44 90 81 548 190 81 4 -10 -10
1 6637 -78 -8 -2 -2 1 0 -37 0 0 4 -2 -25 -8 N N N N -42 -5 7 -1 -1
1 5932 -81 -16 -5 4 0 1 -34 0 -2 9 -2 -58 -19 43 91 75 547 143 64 5 -8 -8
1 8019 -111 -57 -3 5 -1 -2 -44 0 -9 30 -5 -154 -44 N N N N -206 -43 20 1 1
1 5953 -84 -112 7 -24 1 1 -34 0 -31 45 0 -264 -97 41 88 69 547 213 123 23 -19 -19
1 6638 -78 -106 -14 43 0 0 -36 0 -29 55 -34 -160 -14 N N N N -312 12 75 -15 -15
1 6349 -72 -150 -18 -11 1 -2 -31 0 -62 43 -18 -328 86 45 91 65 547 25 67 33 -14 -14
1 7831 -73 -147 13 7 -1 0 -36 0 -71 32 -28 -83 20 N N N N 149 221 92 -43 -43
1 9161 -77 7 26 -13 0 -1 -15 4 1 -2 9 -69 12 42 87 65 547 345 183 28 -26 -26
1 5235 -81 7 -16 2 0 0 0 0 5 -1 0 30 -6 N N N N 454 212 20 -28 -28
1 4946 -81 -82 -11 -24 0 0 0 0 -40 6 -4 19 -15 44 98 64 547 105 50 6 -6 -6
1 7260 -119 27 9 28 0 0 0 0 12 1 -7 -84 30 N N N N 142 68 7 -10 -10
1 5804 -101 -24 -3 47 0 0 0 0 -11 6 -32 1 1 44 91 67 547 337 172 23 -24 -24
1 4678 -102 -97 -12 -125 0 0 0 0 -50 -9 50 33 -9 N N N N 199 80 1 -9 -9
1 5807 -103 -84 -23 76 0 0 0 0 -42 4 -53 -17 4 44 87 66 546 40 11 -2 -1 -1
1 5326 -99 -47 34 -54 0 0 0 0 -26 -8 16 -13 -1 N N N N 142 53 -1 -6 -6
1 5834 -104 -1 -25 37 0 0 0 0 1 3 -17 -24 14 43 87 66 546 0 14 8 -3 -3
1 4665 -76 -16 27 -23 0 0 0 0 -10 -4 7 -12 -1 N N N N 96 39 1 -4 -4
1 5809 -122 -69 -16 10 0 0 0 0 -33 -11 -15 29 -3 43 90 64 546 87 55 12 -9 -9
1 5224 -104 -60 1 24 0 0 0 0 -29 -12 -20 -9 8 N N N N 84 8 -14 2 2
1 5835 -104 11 12 -47 0 0 0 0 6 2 18 11 11 42 88 62 546 65 22 -2 -2 -2
1 4681 -76 -51 -23 12 0 0 0 0 -24 -13 -6 -14 -3 N N N N 38 28 8 -5 -5
1 5184 -68 -59 36 3 0 0 0 0 -24 -16 -22 26 -5 44 88 65 546 -72 -18 5 1 1
1 5212 -85 60 0 23 0 0 0 0 25 17 1 -32 6 N N N N 112 39 -3 -4 -4
1 5803 -111 -25 -14 14 0 0 0 0 -11 -8 -7 -35 0 43 89 60 546 66 42 10 -6 -6
1 4685 -86 2 -7 3 0 0 0 0 1 1 1 10 13 N N N N 95 40 1 -5 -5
1 5800 -104 29 7 -42 0 0 0 0 12 9 22 10 2 44 90 64 545 -20 -1 4 -1 -1
1 5327 -110 79 -1 7 0 0 0 0 37 18 10 3 -2 N N N N 175 69 1 -8 -8
1 5841 -99 61 3 19 0 0 0 0 29 11 2 41 13 43 97 63 545 25 7 -2 0 0
1 4672 -72 1 -4 -5 0 0 0 0 1 0 2 -6 7 N N N N -7 -11 -5 2 2
1 5795 -77 0 2 -3 0 0 0 0 0 0 1 11 11 46 88 62 545 6 -3 -2 1 1
1 7850 -135 -30 0 7 0 0 0 0 -16 -4 -6 -28 3 N N N N -4 0 1 0 0
1 5185 -97 20 -6 -1 0 0 0 0 11 3 3 -6 1 43 94 61 545 185 82 5 -11 -11
1 4968 -85 -5 8 12 0 0 0 0 -3 0 -8 -4 0 N N N N 48 18 0 -2 -2
1 5055 -91 11 22 -23 0 0 0 0 5 0 11 -57 -5 45 88 62 545 18 13 3 -2 -2
1 5617 -134 13 -11 10 0 0 0 0 7 2 -2 -57 0 N N N N -2 38 22 -8 -8
1 5810 -134 6 1 -10 0 0 0 0 4 2 3 7 1 43 91 60 544 63 37 7 -5 -5
1 4671 -113 66 -8 -22 0 0 0 0 33 5 26 -9 0 N N N N 50 17 -1 -2 -2
1 5844 -114 -26 -18 -10 0 0 0 0 -13 -4 5 10 2 42 93 61 544 20 19 6 -4 -4
1 5629 -105 -28 -5 50 0 0 0 0 -15 0 -28 26 0 N N N N 158 61 0 -6 -6
1 5806 -116 -18 4 30 0 0 0 0 -8 -1 -22 11 3 44 88 59 544 22 1 -4 0 0
1 4664 -90 -80 -1 -34 0 0 0 0 -39 -16 4 5 0 N N N N -104 -45 -3 6 6
1 5251 -67 -37 1 -15 0 0 0 0 -17 -9 2 -98 -8 41 90 58 544 74 32 2 -4 -4
1 5804 -67 53 33 7 0 0 0 0 23 12 1 -10 0 N N N N -122 -17 17 -1 -1
1 5846 -94 0 -57 32 0 0 0 0 3 2 -12 -2 -2 51 101 56 544 151 61 1 -8 -8
1 4678 -74 104 36 104 0 0 0 0 50 14 -40 -18 -2 N N N N 111 27 -9 -1 -1
1 5808 -90 5 -25 -74 0 0 0 0 2 3 48 -11 -2 42 96 56 544 -138 -18 20 -1 -1
1 5670 -71 71 13 -21 0 0 0 0 35 6 23 -25 -1 N N N N 159 65 2 -8 -8
1 6207 -116 -31 48 -5 0 0 0 0 -18 -3 -10 -31 -6 44 91 53 543 -197 -54 12 4 4
1 5246 -93 18 -57 -29 0 0 0 0 15 1 18 -45 -9 N N N N 240 101 4 -13 -13
1 5795 -108 30 48 -1 0 0 0 0 14 2 0 -20 2 43 109 52 543 -28 7 10 -2 -2
1 5791 -86 35 -183 29 0 0 0 0 33 3 -19 8 -16 N N N N 95 61 14 -9 -9
1 5805 -4 31 -31 86 0 0 0 0 15 -6 38 254 36939 43 89 53 543 88 46 6 -7 -7
