version: 66.14
glider: 195
mission: 21
dive: 256
start: 6 9 105 18 7 44
columns: rec,elaps_tms,depth,heading,pitch,roll,AD_pitch,AD_roll,AD_vbd,GC_phase,mag.x,mag.y,mag.z,sbect.TempFreq,sbect.CondFreq,wlbb2fl.sig470nm,wlbb2fl.sig700nm,wlbb2fl.sig695nm,wlbb2fl.temp,aa4330.O2,aa4330.AirSat,aa4330.Temp,aa4330.CalPhase,aa4330.TCPhase,
data:
0 17201 47 1107 -635 228 132 2112 1215 6 0 -264 191 172340 135349 41 89 53 531 249439 98221 25846 29139 30545
1 9985 6 95 -23 -51 0 0 0 0 -16 13 12 11 3 N N N N -105 -74 -18 11 11
1 10015 4 83 17 -272 0 0 0 0 -11 -67 -78 25 4 40 105 54 531 1674 403 -142 -19 -19
1 9985 8 -133 -42 138 0 0 0 0 39 6 8 152 -5 N N N N -43 113 72 -25 -25
1 10015 -3 269 19 -170 0 0 0 0 -42 27 34 -118 4 41 97 56 530 -1948 -509 143 30 30
1 9986 -5 18 -14 -15 0 0 0 0 8 0 2 294 1 N N N N -1043 29 247 -48 -48
1 8736 9 -152 13 279 -3 0 19 -4 5 52 50 -270 -3 43 89 53 531 704 -55 -186 40 40
1 9950 -1 -66 83 -33 1 1 262 0 -18 -39 -33 -53 5 N N N N 6667 2185 -243 -195 -195
1 9984 37 -3 24 74 -2 0 259 0 12 37 30 -95 -4 42 85 54 530 -8268 -1589 933 4 4
1 10061 27 87 -131 -117 2 0 268 0 23 -20 -16 22 -3 N N N N -2063 -268 315 -27 -27
1 9936 24 -181 -23 271 -2 -2 275 0 25 43 28 -28 0 44 94 53 530 291 193 42 -28 -28
1 10030 34 443 87 -346 1 2 268 0 -90 33 18 -25 -3 N N N N 125 116 37 -20 -20
1 10034 104 171 -164 -135 -1 0 286 0 62 14 9 -25 -2 43 86 56 530 -4 42 25 -9 -9
1 16698 415 -266 91 173 1008 0 207 -1 -31 -40 -21 8 -1 N N N N 85 79 25 -13 -13
1 9016 288 18 339 -24 1527 0 143 1 -150 -2 -51 5 -1 38 86 63 530 -207 -81 2 9 9
1 16790 306 63 154 -121 0 -1399 204 2 -67 -4 -71 -3 -3 N N N N -44 -23 -3 3 3
1 10017 170 127 11 -9 0 0 0 0 -25 58 11 6 -1 41 83 64 530 -155 -62 0 6 6
1 10457 166 138 2 1 0 0 0 0 -8 69 15 3 0 N N N N 32 9 -2 0 0
1 10015 148 116 -1 2 0 0 0 0 10 58 13 -3 -3 42 83 63 530 30 8 -2 -1 -1
1 10454 169 116 3 2 0 0 0 0 20 57 6 1 0 N N N N -3 -2 -1 1 1
1 10015 144 109 -5 -5 0 0 0 0 30 47 5 0 -1 42 89 71 530 -68 -28 0 3 3
1 10864 137 153 9 -7 0 0 0 0 51 59 -7 4 0 N N N N 112 45 0 -5 -5
1 10016 154 156 -2 4 0 0 0 0 69 47 -14 -2 -1 43 85 71 530 -57 -24 -1 3 3
1 10460 126 135 2 3 0 0 0 0 65 27 -19 3 1 N N N N 69 28 0 -3 -3
1 11895 162 163 -12 3 0 0 0 0 86 10 -28 -4 -3 42 89 73 530 -87 -35 0 3 3
1 10456 147 137 8 -3 0 0 0 0 68 -12 -23 1 0 N N N N -73 -30 0 4 4
1 10014 133 140 -8 1 0 0 0 0 66 -27 -29 -1 1 46 86 74 530 -38 -16 -1 2 2
1 15031 204 186 6 130 32 1406 4 2 69 -54 -79 0 -3 N N N N 177 71 1 -8 -8
1 10794 139 41 14 -1 0 0 0 0 13 -17 4 -1 1 43 88 74 530 -63 -25 0 3 3
1 9986 115 24 1 -1 0 0 0 0 6 -11 -2 -3 -3 N N N N -141 -56 0 6 6
1 10015 125 15 11 1 0 0 0 0 5 -6 3 -1 0 42 85 72 530 -56 -24 -1 2 2
1 9985 132 12 -3 -1 0 0 0 0 3 -6 -2 -2 -2 N N N N 88 37 1 -4 -4
1 10016 112 9 -3 0 0 0 0 0 2 -4 -1 0 3 43 89 74 530 -66 -24 1 3 3
1 9981 117 -1 -7 -2 0 0 0 0 0 0 -2 -1 -4 N N N N 16 6 0 -1 -1
1 10017 122 -15 6 -2 0 0 0 0 -4 7 3 -1 2 43 86 72 529 -20 -6 1 0 0
1 9984 129 -5 -4 5 0 0 0 0 -2 2 -3 -3 -4 N N N N -129 -49 2 6 6
1 10017 121 -3 -1 1 0 0 0 0 0 2 -1 -1 -2 43 85 73 529 74 27 -2 -3 -3
1 9985 130 -14 3 -5 0 0 0 0 -4 6 5 -2 -1 N N N N -69 -28 0 3 3
1 10014 126 -21 9 -3 0 0 0 0 -6 9 7 6 2 43 86 72 529 50 20 0 -2 -2
1 9986 123 -24 -8 1 0 0 0 0 -7 11 -2 -2 -1 N N N N 1 0 0 0 0
1 10015 130 -12 -5 5 0 0 0 0 -3 5 -1 -2 -2 45 86 74 529 -45 -19 0 2 2
1 9984 127 -10 8 -6 0 0 0 0 -4 4 5 2 1 N N N N -50 -20 0 2 2
1 10016 120 -17 -6 8 0 0 0 0 -5 7 -2 1 -1 44 86 73 529 -62 -24 0 3 3
1 19984 250 -22 0 -3 0 0 0 0 -8 9 2 1 0 N N N N 145 57 -1 -7 -7
1 20017 258 -28 1 -6 0 0 0 0 -10 10 6 -7 -3 43 119 73 529 -78 -33 -1 4 4
1 19983 259 15 6 5 0 0 0 0 5 -6 -1 18 3 N N N N 10 6 1 0 0
1 20015 248 -2 -2 1 0 0 0 0 0 2 -3 52 15 43 94 74 529 -137 -67 -6 8 8
1 19984 269 -51 -2 2 0 0 0 0 -19 18 7 -1 -1 N N N N -315 -144 -10 17 17
1 20016 251 1 3 -3 0 0 0 0 -1 0 -1 58 18 42 86 78 529 -224 -110 -11 15 15
1 19985 268 43 -3 3 0 0 0 0 17 -16 -4 151 38 N N N N -502 -240 -22 30 30
1 20016 275 147 2 -3 0 0 0 0 46 -62 -12 149 26 42 78 78 529 -1577 -731 -55 91 91
1 24806 297 -88 -2 124 -8 1382 1 -2 -25 37 -33 342 17 N N N N -1945 -848 -38 102 102
1 20310 248 -196 0 2 0 0 0 0 -77 71 7 408 103 39 81 79 529 -2851 -1413 -156 190 190
1 17405 222 -135 20 -120 58 -1425 0 2 -66 29 75 188 74 N N N N -2046 -901 -48 113 113
1 20828 215 175 17 -4 0 0 0 0 81 -42 -14 772 266 40 76 77 529 -1635 -886 -138 129 129
1 19984 188 189 1 -2 0 0 0 0 71 -70 -15 331 131 N N N N -1391 -797 -144 121 121
1 20017 195 84 -1 0 0 0 0 0 23 -38 -6 188 76 41 79 76 529 -253 -269 -101 50 50
1 19983 190 2 3 0 0 0 0 0 0 -1 2 628 204 N N N N 400 -19 -107 22 22
1 20016 176 104 1 1 0 0 0 0 20 -51 -5 945 306 40 77 71 529 -110 -475 -257 105 105
1 19984 176 112 1 2 0 0 0 0 11 -58 -2 177 68 N N N N -1434 -780 -129 119 119
1 20017 192 -3455 1 -1 0 0 0 0 -6 -76 2 314 106 39 76 69 529 -1412 -690 -82 100 100
1 19983 175 127 1 1 0 0 0 0 -20 -64 6 231 70 N N N N -1500 -747 -96 111 111
1 20016 167 117 2 -1 0 0 0 0 -31 -54 6 155 50 39 78 67 529 -1373 -629 -55 89 89
1 19985 165 97 0 -1 0 0 0 0 -34 -38 8 222 58 N N N N -942 -470 -62 71 71
1 20015 165 85 0 -1 0 0 0 0 -36 -29 6 837 239 40 76 66 529 -1230 -653 -106 103 103
1 19984 147 19 1 1 0 0 0 0 -8 -6 3 796 253 N N N N -1696 -986 -202 166 165
1 20016 155 -73 1 -2 0 0 0 0 31 24 -6 1454 444 39 76 66 529 -2782 -1525 -280 254 255
1 19984 163 -105 1 3 0 0 0 0 39 40 -7 665 235 N N N N -4441 -2220 -323 362 362
1 20015 130 -56 -4 -5 0 0 0 0 18 24 -6 1758 551 38 77 62 529 -3304 -1762 -323 308 308
1 24163 164 -162 14 123 -8 1421 1 -2 35 85 17 6006 1763 N N N N -5451 -3275 -806 633 633
1 20017 134 3423 -3 -3 0 0 0 0 12 89 -24 3435 1070 37 72 53 529 -8772 -5179 -1331 1070 1070
1 20456 135 -247 17 1 0 0 0 0 -36 125 -11 4571 1479 N N N N -13993 -6450 -1003 1301 1301
1 20016 130 -272 -3 0 0 0 0 0 -96 107 -6 1693 669 37 82 53 529 -11193 -5024 -811 1105 1105
1 22690 146 -235 -12 -123 0 -1394 0 2 -114 42 73 1777 655 N N N N -9226 -3976 -611 926 926
1 20015 108 -44 8 3 0 0 0 0 -25 3 3 697 250 38 69 52 529 -7116 -2809 -287 657 657
1 19985 113 65 3 -3 0 0 0 0 34 -6 -5 583 221 N N N N -4381 -1728 -188 421 421
1 20014 130 46 5 3 0 0 0 0 23 -6 -5 838 229 38 67 49 529 -3380 -1410 -227 369 369
1 19985 106 -7 3 -2 0 0 0 0 -4 1 2 660 233 N N N N -2827 -1179 -198 316 316
1 20014 99 49 6 0 0 0 0 0 25 -9 -1 454 132 40 69 49 529 -2663 -1065 -148 284 284
1 19985 92 48 -4 1 0 0 0 0 24 -10 -5 486 148 N N N N -2400 -954 -132 258 258
1 20018 98 58 5 -2 0 0 0 0 27 -15 -4 2871 722 38 68 48 529 -2805 -1132 -178 316 316
1 19983 83 42 -3 -1 0 0 0 0 19 -13 -3 354 279 N N N N -1867 -1088 -476 376 376
1 20016 104 50 -6 0 0 0 0 0 21 -17 -6 694 211 37 67 49 529 -2311 -917 -147 265 265
1 19987 76 -3 0 -1 0 0 0 0 -1 2 0 1690 462 N N N N -1498 -741 -257 248 248
1 20012 92 -109 4 0 0 0 0 0 -48 34 9 811 280 37 72 49 530 -419 -448 -336 190 190
1 19984 107 -119 1 1 0 0 0 0 -59 25 10 1025 246 N N N N -1719 -796 -249 265 265
1 20016 103 -168 8 4 0 0 0 0 -90 16 14 1214 417 37 68 48 530 -2009 -880 -242 289 289
1 19986 103 -189 -3 -2 0 0 0 0 -101 -13 16 1228 407 N N N N -1217 -658 -294 243 243
1 20016 127 -247 -2 0 0 0 0 0 -114 -62 19 762 276 38 72 46 530 -2297 -940 -218 307 307
1 25454 152 -247 -87 -119 -108 -1370 1 -2 -56 -138 70 1860 624 N N N N -3468 -1425 -353 478 478
1 20603 135 138 0 2 0 0 0 0 38 62 1 762 298 40 71 46 530 -2624 -1023 -215 342 342
1 20513 131 150 -5 2 0 0 0 0 56 57 -5 1208 397 N N N N -2150 -868 -218 302 302
1 20015 115 130 4 -1 0 0 0 0 57 38 -11 2143 553 38 70 46 531 -1995 -870 -295 323 323
1 20984 136 72 1 -3 0 0 0 0 35 14 -6 265 277 N N N N -2899 -1132 -272 403 403
1 20017 120 90 -1 -1 0 0 0 0 46 12 -12 66 112 39 69 44 531 -3028 -1081 -165 370 370
1 20928 119 146 2 -1 0 0 0 0 75 7 -22 653 169 N N N N -3200 -1090 -113 369 369
1 20015 118 218 2 4 0 0 0 0 108 -25 -42 3458 845 38 67 46 531 -3180 -1178 -255 436 436
1 17002 73 98 55 120 93 1391 1 2 39 -14 -49 -66 136 N N N N -6480 -2286 -395 848 848
1 20821 60 -3 16 -2 0 0 0 0 -3 0 7 117 92 40 68 42 532 -7341 -2357 -134 853 853
1 19985 63 -105 1 0 0 0 0 0 -48 29 10 547 148 N N N N -3961 -1225 -1 446 446
1 20015 62 -87 -2 0 0 0 0 0 -43 17 8 767 189 40 68 41 532 -2884 -973 -146 392 392
1 19985 80 -2 4 -1 0 0 0 0 -1 1 1 402 128 N N N N -4156 -1328 -90 524 524
1 20016 75 12 7 0 0 0 0 0 5 -2 0 200 88 38 68 41 532 -2627 -849 -81 347 347
1 19984 90 16 -3 2 0 0 0 0 9 -2 -2 475 120 N N N N -2230 -739 -109 315 315
1 20015 87 14 5 0 0 0 0 0 6 -4 -1 233 89 37 69 43 533 -2054 -659 -62 277 277
1 19986 110 -23 0 0 0 0 0 0 -11 5 3 127 73 N N N N -3448 -1100 -100 471 471
1 20015 90 -91 0 0 0 0 0 0 -48 13 6 424 96 38 67 41 533 -2745 -861 -55 371 371
1 19983 95 -43 2 2 0 0 0 0 -23 3 5 579 114 N N N N -2176 -714 -119 327 327
1 20016 102 -34 -3 -3 0 0 0 0 -18 1 3 478 151 38 66 42 533 -3583 -1129 -100 510 510
1 19985 104 -121 0 1 0 0 0 0 -65 -3 10 534 141 N N N N -2721 -846 -55 386 386
1 20016 91 -138 3 -1 0 0 0 0 -72 -19 12 273 119 38 69 42 534 -1772 -599 -170 301 301
1 19983 91 -131 0 2 0 0 0 0 -61 -33 9 37 52 N N N N -2728 -854 -90 408 408
1 20016 96 -108 0 -1 0 0 0 0 -45 -36 5 37 40 37 67 41 534 -1757 -541 -33 258 258
1 27454 125 -103 -15 -121 1 -1378 1 -2 -31 -72 44 39 33 N N N N -2520 -773 -46 374 374
1 20017 94 81 1 3 0 0 0 0 26 35 1 216 96 39 92 41 535 -901 -275 -13 135 135
1 20454 102 175 0 2 0 0 0 0 73 58 -1 368 123 N N N N -1246 -417 -140 224 224
1 20017 90 148 -3 0 0 0 0 0 73 32 -6 242 30 38 67 41 535 -1107 -349 -59 180 180
1 20924 91 144 1 -1 0 0 0 0 76 15 -11 -54 31 N N N N -415 -132 -27 69 69
1 20016 85 140 0 -1 0 0 0 0 75 -3 -15 -3 28 39 68 41 536 -38 -17 -19 11 11
1 20926 104 147 2 1 0 0 0 0 74 -22 -19 285 21 N N N N -56 -25 -28 17 17
1 24545 130 123 -101 118 -93 1367 0 2 61 -17 -97 116 34 41 109 44 536 62 15 -13 -5 -5
1 19983 125 -8 32 -3 0 0 0 0 -5 2 12 302 74 N N N N 266 83 10 -42 -42
1 20014 120 -118 4 0 0 0 0 0 -52 33 17 432 99 38 70 41 537 740 214 -23 -101 -101
1 19986 126 -207 -1 -4 0 0 0 0 -104 29 31 1374 383 N N N N 599 160 -59 -69 -69
1 20014 135 -116 -4 4 0 0 0 0 -60 1 17 575 183 36 67 42 537 1796 467 -221 -189 -189
1 19987 126 -28 1 1 0 0 0 0 -14 -3 5 129 73 N N N N 3423 984 -92 -451 -451
1 20015 122 -5 1 1 0 0 0 0 -3 0 0 580 149 38 69 41 538 2458 716 -33 -326 -326
1 19984 139 44 1 1 0 0 0 0 23 3 -6 717 227 N N N N 1368 365 -107 -149 -149
1 20014 127 68 0 -3 0 0 0 0 35 1 -11 236 105 38 67 41 538 2003 558 -88 -237 -237
1 19986 125 54 1 0 0 0 0 0 28 -3 -8 133 58 N N N N 2226 635 -54 -274 -274
1 20016 131 62 -2 1 0 0 0 0 32 -6 -10 179 47 38 69 41 538 1678 460 -82 -188 -188
1 19982 116 53 -1 0 0 0 0 0 27 -7 -8 151 45 N N N N 326 70 -65 -19 -19
1 20016 103 -32 1 1 0 0 0 0 -16 5 4 109 26 37 67 41 539 -2083 -631 -52 287 287
1 19984 120 4 -2 -2 0 0 0 0 2 -1 1 -30 -21 N N N N -2342 -679 20 300 299
1 20019 110 75 2 3 0 0 0 0 37 -13 -12 555 154 37 67 39 539 -2159 -633 -4 287 288
1 19983 121 110 2 1 0 0 0 0 51 -27 -14 829 260 N N N N -2206 -689 -124 338 338
1 20016 117 103 61 3 61 0 0 0 37 -35 10 537 185 38 68 41 540 2702 735 -150 -312 -312
1 19981 87 57 -9 -4 0 0 0 0 22 -22 -7 131 48 N N N N 4360 1233 -91 -537 -537
1 20019 93 64 1 1 0 0 0 0 21 -27 -4 188 62 40 68 41 540 5412 1551 -48 -665 -665
1 19985 112 40 1 2 0 0 0 0 11 -18 -2 14 18 N N N N 3438 973 -54 -400 -400
1 20015 97 21 -1 -3 0 0 0 0 5 -10 -1 30 10 40 68 41 541 1768 506 -13 -208 -208
1 19985 98 28 3 0 0 0 0 0 6 -13 -1 93 25 N N N N 1254 354 -20 -142 -142
1 20012 109 14 0 1 0 0 0 0 3 -7 -1 327 77 38 70 41 541 456 128 -8 -51 -51
1 19984 94 34 1 -2 0 0 0 0 6 -17 -1 122 44 N N N N 774 192 -68 -65 -65
1 20016 107 61 -1 3 0 0 0 0 9 -31 -1 54 27 39 69 40 541 1048 287 -32 -110 -110
1 19986 113 47 -2 0 0 0 0 0 5 -24 -1 44 21 N N N N 705 177 -54 -61 -61
1 20016 101 26 3 -1 0 0 0 0 1 -14 0 54 16 38 71 40 541 453 128 -6 -51 -51
1 19984 117 6 0 1 0 0 0 0 1 -3 0 47 12 N N N N 428 113 -21 -41 -41
1 20014 102 -36 -2 -2 0 0 0 0 -2 19 1 64 18 39 65 42 542 289 64 -37 -19 -19
1 19987 118 -76 3 3 0 0 0 0 -9 39 2 79 22 N N N N 231 60 -13 -21 -21
1 20015 119 -99 -1 -6 0 0 0 0 -19 49 4 142 41 38 69 42 543 356 91 -24 -32 -32
1 24647 139 -160 -3 124 -8 1380 0 -2 -48 73 -34 133 32 N N N N 404 98 -37 -31 -31
1 20001 136 -143 -3 0 0 0 0 0 -59 50 0 170 44 38 69 42 543 154 16 -55 3 3
1 22188 131 -172 -4 -128 0 -1388 0 2 -83 31 73 3 17 N N N N 223 41 -46 -7 -7
1 20813 121 -83 3 4 0 0 0 0 -44 10 8 121 23 38 71 42 543 -30 -11 -4 6 6
1 19984 115 -42 6 4 0 0 0 0 -23 2 3 209 51 N N N N 186 52 -2 -21 -21
1 80000 444 71 -2 0 0 0 0 0 38 -4 -8 709 217 N N N N 2931 767 -140 -274 -274
1 80000 368 201 -1 -1 0 0 0 0 101 -37 -20 378 126 N N N N 2248 587 -101 -207 -207
1 79999 340 157 1 1 0 0 0 0 66 -51 -13 401 101 N N N N 1252 321 -66 -110 -110
1 80001 345 161 -3 1 0 0 0 0 49 -70 -10 96 35 N N N N 90 6 -37 5 5
1 87133 450 -457 -8 2 -10 10 -3 0 -182 150 34 191 59 39 70 40 547 45 -47 -108 39 39
1 79983 423 -178 5 -2 0 0 0 0 -95 13 21 105 14 N N N N -1890 -518 34 192 192
1 80001 414 235 -1 -1 0 0 0 0 123 -23 -26 536 145 N N N N 4704 1284 -90 -471 -471
1 80000 440 -75 3 3 0 0 0 0 -38 13 8 200 63 N N N N -110 -66 -61 37 37
1 79999 456 -9 2 -2 0 0 0 0 -5 1 2 100 27 N N N N 25 -6 -23 7 7
1 86117 508 458 -9 -3 -8 5 -2 0 192 -141 -43 98 21 N N N N 2446 670 -37 -243 -243
1 79999 443 274 2 1 0 0 0 0 39 -138 -8 177 52 N N N N 365 86 -30 -26 -26
1 80000 447 -3343 -3 2 0 0 0 0 -28 -132 5 230 58 N N N N -102 -50 -35 26 26
1 80015 440 -4 0 2 0 0 0 0 1 2 0 245 78 37 70 42 550 -1196 -368 -53 147 147
1 79985 451 106 1 0 0 0 0 0 -29 -49 6 272 78 N N N N -2277 -668 -47 260 260
1 85000 508 3060 -6 117 -11 1371 -3 -2 38 274 -31 136 37 N N N N -1026 -323 -62 134 134
1 83473 524 -639 4 -119 0 -1386 -1 2 -258 192 80 186 61 N N N N 157 23 -38 -2 -2
1 79999 519 -80 -4 -2 0 0 0 0 -43 1 9 124 29 N N N N -455 -131 -5 51 51
1 80001 508 -6 1 2 0 0 0 0 -3 0 0 122 35 N N N N -1152 -339 -29 135 135
1 80001 473 -144 2 2 0 0 0 0 -75 -14 17 172 47 N N N N -1921 -549 -20 215 215
1 79999 476 -193 -4 0 0 0 0 0 -91 -44 20 128 40 N N N N 1464 392 -34 -144 -144
1 84543 507 584 0 -120 0 -1370 -2 -2 296 20 -11 210 54 39 73 43 552 301 55 -54 -11 -11
1 82220 469 489 -4 119 -7 1378 -1 2 177 -162 -97 71 25 N N N N -418 -122 -9 49 49
1 80001 465 -3358 2 1 0 0 0 0 14 -126 -3 317 87 N N N N -1377 -412 -50 168 168
1 80000 481 -51 -2 0 0 0 0 0 2 27 -1 17 7 N N N N -215 -66 -11 28 28
1 79999 476 3520 0 0 0 0 0 0 -2 42 0 149 40 N N N N -624 -187 -23 77 77
1 87001 551 -655 22 0 25 0 -3 0 -221 246 55 88 20 N N N N -6042 -1706 -40 684 684
1 80000 433 -197 -1 -1 0 0 0 0 -105 11 20 172 45 N N N N -6984 -1956 -16 810 810
1 80000 429 22 0 1 0 0 0 0 12 1 -3 176 54 N N N N -904 -266 -33 119 119
1 80014 436 73 0 0 0 0 0 0 39 -2 -6 168 51 38 71 44 553 2830 773 -34 -319 -319
1 79986 421 49 0 0 0 0 0 0 26 -4 -6 179 49 N N N N 401 96 -35 -33 -33
1 86060 481 519 -3 0 -6 6 -2 0 218 -157 -44 63 20 N N N N -5896 -1649 -22 701 701
1 79997 469 123 6 -2 0 0 0 0 23 -61 -2 217 55 N N N N -2142 -609 -34 270 270
1 80001 469 -184 2 -3 0 0 0 0 -40 89 9 193 60 N N N N -2277 -650 -44 294 294
1 80001 481 -97 3 3 0 0 0 0 -33 40 7 155 42 N N N N -1459 -414 -24 188 188
1 79999 485 -126 3 1 0 0 0 0 -52 43 10 253 74 N N N N -927 -276 -50 132 132
1 79999 487 -174 -2 -2 0 1 -2 0 -85 38 16 263 75 N N N N 420 99 -46 -37 -37
1 80018 480 -482 -2 -3 0 0 0 0 -250 -31 48 202 65 39 72 40 554 136 21 -47 -1 -1
1 79982 486 -594 -1 2 0 0 0 0 -153 -254 25 177 46 N N N N -774 -226 -31 106 106
1 80001 491 -538 -2 -3 0 0 0 0 124 -240 -26 226 70 N N N N -1993 -567 -46 265 265
1 87237 616 264 -62 2 -73 1 -3 0 -73 103 46 31 13 N N N N -1663 -462 -9 213 213
1 79999 650 85 -3 5 0 0 0 0 -17 42 6 195 50 N N N N -615 -175 -18 84 84
1 80000 669 248 1 -1 0 0 0 0 -13 126 5 274 79 N N N N -1910 -545 -57 262 262
1 80000 689 191 -1 0 0 0 0 0 27 95 -8 185 52 N N N N -5194 -1441 -35 691 691
1 80000 697 161 0 -1 0 0 0 0 47 69 -14 481 135 N N N N -2517 -711 -66 356 356
1 83119 648 643 36 -119 44 -1375 -2 -2 301 75 -28 349 106 N N N N -4493 -1256 -93 640 640
1 85350 646 599 -3 121 -5 1363 0 2 217 -193 -111 99 33 N N N N -2382 -659 -27 339 339
1 80000 588 -3384 0 -5 0 0 0 0 7 -113 -4 28 6 N N N N 126 33 -5 -16 -16
1 80002 590 81 3 1 0 0 0 0 -9 -42 3 201 53 N N N N -213 -65 -26 37 37
1 79998 564 91 0 3 0 0 0 0 -17 -45 4 291 84 N N N N -1539 -433 -58 232 232
1 79999 566 20 0 1 0 0 0 0 -4 -10 1 76 24 N N N N -228 -67 -19 37 37
1 83593 609 3058 -7 118 -12 1398 -2 -2 -3 276 -30 300 83 N N N N -2500 -695 -64 373 373
1 80117 552 -588 28 -118 43 -1399 -1 2 -259 156 96 70 24 N N N N -1923 -528 -15 282 282
1 79999 503 -280 2 0 0 0 0 0 -146 -29 29 180 42 N N N N -2133 -585 -22 318 318
1 80002 493 26 1 -3 0 0 0 0 12 5 -2 238 69 N N N N -2948 -810 -42 448 448
1 80000 489 249 -1 2 0 0 0 0 131 23 -26 171 53 N N N N -127 -40 -35 27 27
1 80000 483 331 9 4 0 0 0 0 166 -53 -33 66 18 N N N N -776 -214 -19 121 121
1 79998 503 -139 6 -7 0 0 -1 0 -67 33 17 430 115 N N N N -2073 -573 -70 329 329
1 80000 500 -658 -1 1 0 0 0 0 -329 -65 57 294 89 N N N N -531 -151 -58 92 92
1 80000 466 -630 -1 2 0 0 0 0 -84 -299 13 264 70 N N N N 549 143 -39 -77 -77
1 80000 446 -586 2 -2 0 0 0 0 216 -203 -40 183 64 N N N N -230 -69 -51 45 45
1 82645 459 -707 -19 119 -7 1394 -2 -2 341 131 -33 483 150 N N N N 1093 284 -85 -149 -149
1 80355 424 2904 -1 -1 0 0 0 0 -4 339 -67 406 110 N N N N -748 -210 -62 124 124
1 83471 472 -560 -35 -115 -52 -1386 -1 2 -257 118 90 161 59 N N N N 496 127 -46 -66 -66
1 80000 491 146 0 0 0 0 0 0 77 -7 -21 348 103 N N N N -490 -140 -56 85 85
1 79999 520 377 -3 0 0 0 0 0 169 -99 -46 168 45 N N N N -741 -202 -22 116 116
1 80000 493 246 4 0 0 0 0 0 61 -114 -16 534 153 N N N N 793 200 -97 -101 -101
1 80001 505 -3415 0 0 0 0 0 0 9 -97 -3 281 82 N N N N 1337 352 -46 -191 -191
1 84236 554 3036 -10 123 -10 1391 -1 -2 -122 259 -21 242 70 N N N N 1369 356 -65 -189 -189
1 82116 546 -358 2 -123 -1 -1394 0 2 -176 58 101 350 106 N N N N -528 -148 -51 87 87
1 80000 523 88 0 0 0 0 0 0 46 -5 -12 521 153 N N N N -1307 -362 -90 211 211
1 80000 543 292 2 0 0 0 0 0 140 -60 -38 345 103 N N N N -944 -260 -64 153 153
1 80002 573 209 -3 -1 0 0 0 0 72 -83 -22 420 121 N N N N -29 -18 -74 18 18
1 84705 553 -521 28 1 40 3 -1 0 -226 145 65 355 106 N N N N -248 -76 -77 51 51
1 79999 509 137 1 -1 0 0 0 0 71 -17 -16 374 103 N N N N -460 -129 -55 78 78
1 80000 512 368 1 1 0 0 0 0 150 -121 -34 607 178 N N N N -2485 -670 -110 391 391
1 80001 555 104 1 0 0 0 0 0 25 -49 -5 120 41 N N N N 2517 660 -35 -368 -368
1 79998 552 108 0 0 0 0 0 0 16 -55 -5 452 129 N N N N 3618 942 -75 -513 -513
1 83882 616 -509 -6 122 -10 1388 -1 -2 -156 214 -21 675 185 N N N N 2388 610 -108 -318 -318
1 83179 556 -358 24 -124 33 -1404 0 2 -189 28 101 143 53 N N N N -2700 -716 -47 394 394
1 79998 546 -25 0 1 0 0 0 0 -13 -3 2 197 54 N N N N -194 -55 -32 34 34
1 80002 512 201 1 1 0 0 0 0 107 1 -22 140 44 N N N N 2493 648 -29 -348 -348
1 79997 534 203 6 -1 0 0 0 0 102 -36 -19 331 78 N N N N -1088 -292 -45 162 162
1 80001 534 185 2 4 1 0 -1 0 77 -61 -14 316 98 N N N N 2139 546 -73 -285 -285
1 80000 533 108 9 -3 0 0 0 0 34 -46 -3 320 93 N N N N 3575 922 -58 -480 -480
1 79999 541 -425 -7 -3 0 0 0 0 -177 134 32 121 36 N N N N 298 72 -29 -34 -34
1 80000 515 -636 -3 0 0 0 0 0 -316 -78 56 274 67 N N N N -415 -116 -38 65 65
1 86473 549 437 -7 -112 -1 -1366 -1 -2 212 68 20 288 92 N N N N 23 -5 -58 11 11
1 85058 532 653 5 117 -5 1382 0 2 289 -138 -113 272 74 N N N N 406 96 -48 -44 -44
1 79999 485 149 8 -2 0 0 0 0 27 -74 -2 72 22 N N N N 631 159 -19 -81 -81
1 80001 486 -346 -5 -2 0 0 0 0 -92 156 16 161 39 N N N N 648 165 -19 -82 -82
1 80000 474 -497 -1 -3 0 0 0 0 -248 77 46 378 100 N N N N -1037 -281 -58 152 152
1 80000 440 -473 0 0 0 0 0 0 -214 -120 39 357 101 N N N N 1321 328 -68 -161 -161
1 84176 586 282 -78 -118 -88 -1382 -1 -2 133 61 46 186 63 N N N N 1127 284 -34 -141 -141
1 78772 572 658 8 107 37 1385 3 0 322 -8 -148 511 133 N N N N 2705 683 -62 -339 -339
1 82227 489 376 23 14 0 0 -4 2 101 -166 -25 177 64 N N N N -2087 -550 -57 287 287
1 79999 459 -3412 4 0 0 0 0 0 3 -99 -2 149 39 N N N N -788 -208 -27 110 110
1 80001 447 -27 -2 -2 0 0 0 0 2 14 0 233 65 N N N N -239 -70 -39 40 40
1 80001 447 0 4 0 0 0 0 0 -1 0 0 170 45 N N N N 86 16 -26 -5 -5
1 83178 498 3205 -10 130 -8 1391 -1 -2 -55 196 -26 445 119 N N N N 1239 301 -77 -143 -143
1 84765 493 -454 1 -126 0 -1396 0 2 -201 121 93 310 98 N N N N 4098 1034 -66 -510 -510
1 79999 472 108 -3 0 0 0 0 0 56 -13 -15 329 85 N N N N 1985 499 -35 -241 -241
1 80000 456 151 0 0 0 0 0 0 71 -36 -19 238 69 N N N N 2441 609 -51 -289 -289
1 80000 478 -49 2 0 0 0 0 0 -22 14 5 123 36 N N N N 386 90 -32 -39 -39
1 80001 469 -223 -4 0 0 0 0 0 -111 36 30 284 77 N N N N 501 117 -38 -51 -51
1 88410 555 444 -1 0 -9 -2 -1 0 200 -111 -55 286 81 N N N N 1328 320 -64 -144 -144
1 80000 511 177 -2 0 0 0 0 0 46 -81 -14 200 52 N N N N 1379 343 -28 -158 -158
1 80000 514 -110 1 0 0 0 0 0 -26 52 7 89 26 N N N N 1578 394 -20 -183 -183
1 80000 543 -159 -2 0 0 0 0 0 -53 65 15 208 54 N N N N 1196 294 -32 -133 -133
1 79999 557 -23 1 0 0 0 0 0 -10 7 3 236 58 N N N N 48 3 -28 3 3
1 80000 514 -147 24 -1 29 0 0 0 -67 42 24 180 56 N N N N 2497 617 -49 -278 -278
1 80000 524 71 -1 1 0 0 0 0 33 -19 -8 76 18 N N N N 2336 588 -13 -265 -265
1 80000 524 154 2 0 0 0 0 0 63 -51 -15 204 50 N N N N 1621 402 -23 -178 -178
1 80001 543 103 -4 0 0 0 0 0 33 -44 -8 133 40 N N N N 3805 949 -36 -416 -416
1 85883 615 -468 -4 0 -8 2 -2 0 -199 136 47 227 56 N N N N 2204 545 -33 -232 -232
1 80000 560 -151 -1 2 0 0 0 0 -79 6 20 146 41 N N N N 769 181 -31 -74 -74
1 79999 573 -58 2 -2 0 0 0 0 -31 -4 9 74 17 N N N N 1808 451 -15 -191 -191
1 80000 600 136 0 0 0 0 0 0 72 4 -18 88 23 N N N N 1371 340 -14 -142 -142
1 80001 567 -26 2 2 0 0 0 0 -14 1 2 54 12 N N N N 2017 503 -12 -211 -211
1 86177 659 525 -8 -5 -8 -6 -1 0 239 -124 -62 223 62 N N N N 4141 1024 -45 -418 -418
1 80002 582 65 -1 3 0 0 0 0 19 -29 -5 65 13 N N N N 1470 369 -3 -151 -151
1 79999 635 174 0 0 0 0 0 0 32 -86 -10 172 41 N N N N 95 11 -26 0 0
1 79999 604 -3359 0 -4 0 0 0 0 -3 -127 1 144 38 N N N N -482 -134 -27 59 59
1 80000 617 282 -2 3 0 0 0 0 -70 -131 18 158 36 N N N N -1059 -276 -22 117 117
1 81529 652 3130 -3 128 -10 1402 -1 -2 77 229 -29 208 52 N N N N -2267 -590 -44 252 252
1 84706 679 -688 18 -124 23 -1401 0 2 -227 259 70 219 56 N N N N -2227 -573 -32 245 245
1 80000 565 -234 -2 -1 0 0 0 0 -123 5 31 111 29 N N N N -1958 -501 -20 215 215
1 80001 543 -108 -2 1 0 0 0 0 -55 -13 13 106 26 N N N N -66 -23 -19 14 14
1 80000 531 -74 3 -1 0 0 0 0 -37 -15 10 70 18 N N N N -84 -27 -13 13 13
1 80000 556 -214 -2 -2 0 0 0 0 -90 -67 22 147 33 N N N N 129 24 -19 -7 -7
1 84349 561 607 -1 -122 0 -1387 0 -2 294 71 -12 153 42 N N N N 708 163 -35 -63 -63
1 82415 532 465 -6 122 -5 1393 0 2 196 -117 -110 57 12 N N N N 727 178 -9 -74 -74
1 79999 551 231 2 0 0 0 0 0 41 -114 -11 50 11 N N N N 424 102 -9 -42 -42
1 80000 499 -164 1 0 0 0 0 0 -24 83 6 102 26 N N N N 560 133 -18 -52 -52
1 80001 535 -234 0 0 0 0 0 0 -73 99 19 29 3 N N N N 351 84 -7 -35 -35
1 79998 533 -223 -2 1 0 0 0 0 -102 59 25 44 8 N N N N -175 -46 -7 21 21
1 80001 525 -188 3 -1 0 -1 -2 0 -98 17 25 105 23 N N N N -475 -125 -14 55 55
1 80001 521 -164 -1 2 0 0 0 0 -85 -10 22 25 3 N N N N -2385 -600 -9 255 255
1 80001 515 -133 1 -2 0 0 0 0 -66 -25 17 253 61 N N N N -6423 -1617 -33 707 707
1 79998 522 -28 2 1 0 0 0 0 -13 -8 3 102 25 N N N N -745 -194 -21 89 89
1 84236 596 563 -4 -121 0 -1382 0 -2 287 0 -18 164 40 N N N N 694 164 -26 -68 -68
1 81882 547 339 -3 123 -8 1388 0 2 133 -100 -91 122 34 N N N N 677 159 -27 -66 -66
1 79999 521 -4 1 -2 0 0 0 0 -1 2 0 211 51 N N N N 137 23 -27 -6 -6
1 80000 545 -118 -1 -1 0 0 0 0 -38 49 11 248 65 N N N N 740 168 -42 -67 -67
1 80000 520 -186 1 3 0 0 0 0 -79 58 20 226 60 N N N N 496 110 -34 -43 -43
1 80000 557 -172 0 -1 0 0 -1 0 -86 30 22 140 36 N N N N 279 61 -23 -23 -23
1 80000 553 -254 -2 -2 0 0 0 0 -133 -5 36 129 34 N N N N -747 -198 -31 92 92
1 80003 534 -268 1 3 0 0 0 0 -124 -64 32 128 32 N N N N -79 -27 -20 15 15
1 79998 554 -157 1 -3 0 0 0 0 -55 -61 14 56 11 N N N N 117 23 -14 -8 -8
1 84352 600 490 -5 -120 0 -1397 0 -2 214 105 5 254 64 N N N N 274 52 -42 -16 -16
1 81413 567 559 21 122 20 1402 -1 2 267 -67 -123 126 34 N N N N -128 -41 -24 22 22
1 79998 487 124 0 -2 0 0 0 0 39 -53 -9 102 24 N N N N 36 3 -15 0 0
1 80000 494 129 -1 0 0 0 0 0 27 -63 -7 25 5 N N N N -34 -10 -6 6 6
1 78729 232 -3315 311 -77 172 -514 -287 -4 -4 -160 46 99 26 N N N N 132 26 -16 -9 -9
1 107166 -129 79 159 9 348 1 -421 0 -69 -53 104 -36 -2 N N N N 132 28 -12 -10 -10
1 52839 -345 3372 -49 21 0 0 -228 0 27 128 14 -70 -22 N N N N -82 -12 21 2 2
1 82326 -734 -565 -98 -112 9 -1362 -226 2 -145 213 14 -117 -26 N N N N -175 -38 15 14 14
1 76590 -743 -411 4 132 -1 1366 -2 2 -210 76 -115 -155 -37 N N N N -92 -12 28 1 1
1 79999 -828 -141 -1 0 0 0 0 0 -69 -22 -24 -249 -63 N N N N -54 4 45 -9 -9
1 80000 -814 -178 3 -3 0 0 0 0 -78 -49 -26 -139 -32 N N N N 105 34 20 -18 -18
1 80002 -825 -59 -1 3 0 0 0 0 -21 -22 -8 -232 -58 N N N N -265 -54 30 19 19
1 83422 -802 886 -19 95 -38 1192 -5 -3 423 48 89 -230 -52 N N N N 593 159 30 -74 -74
1 79401 -591 77 -36 -93 -38 -1208 0 3 37 -50 35 -149 -42 N N N N 33 22 37 -16 -16
1 79998 -590 -254 2 0 0 0 0 0 -111 76 -22 -224 -59 N N N N -1244 -293 41 122 122
1 80001 -600 -301 -4 1 0 0 0 0 -158 21 -35 -149 -38 N N N N 35 19 26 -13 -13
1 80000 -591 -297 -2 1 0 0 0 0 -145 -57 -35 -180 -44 N N N N -168 -33 24 11 11
1 83411 -657 723 15 116 0 1398 -1 -2 360 28 32 -134 -33 N N N N -1134 -272 29 115 115
1 83235 -642 306 -6 -117 5 -1396 0 2 106 -145 69 -179 -45 N N N N -1005 -242 25 103 103
1 80001 -600 -263 -7 1 0 0 0 0 -85 109 -16 -152 -40 N N N N -649 -150 31 63 63
1 80000 -572 -165 0 -2 0 0 0 0 -76 44 -15 -79 -13 N N N N 6668 1669 11 -734 -734
1 79999 -584 -239 3 -1 0 0 0 0 -126 24 -26 -26 -6 N N N N 3476 873 11 -374 -374
1 85587 -653 580 8 3 5 -5 -23 0 263 -137 55 -62 -11 N N N N 1183 300 9 -128 -128
1 79998 -570 -23 -7 -2 0 0 0 0 -5 10 -3 -68 -15 N N N N 2 5 11 -4 -4
1 80001 -566 -192 4 4 0 0 0 0 -75 71 -14 -88 -20 N N N N -495 -117 16 47 47
1 80001 -553 -198 -1 -3 0 0 0 0 -95 44 -20 -53 -11 N N N N -399 -95 9 39 39
1 79999 -540 -240 -2 1 0 0 0 0 -127 8 -28 -66 -15 N N N N -342 -82 10 32 32
1 76236 -561 421 12 119 0 1397 -62 -2 213 -24 -4 -183 -45 N N N N -881 -208 29 84 84
1 76413 -541 162 -14 -117 6 -1388 -59 2 69 -78 61 -92 -22 N N N N -482 -113 17 45 45
1 80000 -557 -319 -5 -4 0 0 0 0 -141 90 -26 -128 -32 N N N N -43 -2 20 -2 -2
1 80000 -559 -297 -3 -1 0 0 0 0 -157 8 -32 -102 -25 N N N N 160 45 17 -23 -23
1 80001 -563 -493 -11 4 0 0 0 0 -207 -143 -47 -277 -69 N N N N 1099 296 45 -133 -133
1 79999 -588 -562 4 2 0 0 0 0 -8 -278 -15 -211 -56 N N N N 2706 696 38 -298 -298
1 76705 -596 311 26 110 -1 1394 -52 -2 -32 157 -16 -132 -35 N N N N 2496 639 26 -270 -270
1 79999 -659 1125 -2 6 0 0 0 0 443 261 63 -229 -56 N N N N 1606 421 35 -178 -178
1 81238 -610 253 -21 -115 1 -1396 -1 2 111 -102 70 -118 -33 N N N N 645 174 25 -75 -75
1 80000 -601 -340 -7 2 0 0 0 0 -149 100 -27 -151 -37 N N N N -80 -11 20 1 1
1 80000 -643 -589 -8 -5 0 0 0 0 -297 -60 -56 -103 -25 N N N N -3583 -893 20 363 363
1 80000 -640 -765 -8 1 0 0 0 0 -74 -359 -22 -170 -43 N N N N -2929 -726 28 299 299
1 83294 -703 780 28 101 0 1401 -1 -2 78 370 -25 -161 -42 N N N N -3091 -769 26 322 322
1 85353 -716 1065 -21 -108 0 -1406 1 2 488 -121 131 -217 -56 N N N N -2373 -584 38 245 245
1 79998 -649 -351 -12 1 0 0 0 0 -121 138 -20 -239 -60 N N N N -634 -145 39 57 57
1 80001 -684 -511 -1 -1 0 0 0 0 -268 27 -38 -155 -44 N N N N -2760 -686 31 296 296
1 79999 -655 318 12 -3 0 0 0 0 168 9 30 -163 -44 N N N N -4311 -1082 28 479 479
1 80002 -680 748 -4 -2 0 0 0 0 247 -280 24 -128 -31 N N N N -1883 -469 23 210 210
1 87431 -758 -818 69 16 84 17 -1 0 -295 287 -37 -247 -61 N N N N -1017 -246 36 107 107
1 80803 -848 -503 2 -3 0 0 0 0 -241 -83 -71 -212 -61 N N N N -1527 -375 39 167 167
1 80001 -892 -262 8 0 0 0 0 0 -73 -112 -31 -308 -83 N N N N -2716 -673 54 307 307
1 79999 -923 -212 7 -3 0 0 0 0 -18 -107 -13 -351 -93 N N N N -1522 -372 53 168 168
1 80000 -906 -293 -5 -1 0 0 0 0 43 -144 10 -260 -68 N N N N -1243 -303 47 137 137
1 82472 -799 839 -25 123 -55 1379 1 -2 77 390 -1 -458 -129 N N N N -1856 -449 89 204 204
1 82001 -754 900 -18 -119 0 -1392 -1 2 431 -59 155 -124 -30 N N N N -1388 -350 16 168 168
1 79999 -682 -157 -10 0 0 0 0 0 -57 58 -17 -570 -152 N N N N -3364 -838 88 401 401
1 80000 -650 -400 -3 -3 0 0 0 0 -202 59 -40 -261 -79 N N N N -3492 -882 61 436 436
1 80000 -655 -532 2 4 0 0 0 0 -239 -132 -56 -195 -54 N N N N -1908 -482 34 242 242
1 80001 -644 -560 2 -1 0 0 0 0 -30 -275 -19 -128 -34 N N N N 382 103 25 -56 -56
1 83527 -678 874 23 118 0 1389 0 -2 153 385 -13 -312 -83 N N N N 250 75 50 -45 -45
1 83354 -663 986 -23 -120 0 -1387 0 2 431 -193 147 -495 -138 N N N N 3271 860 80 -448 -448
1 79999 -579 -60 -11 8 0 0 0 0 -9 32 -6 -151 -46 N N N N -3455 -882 42 443 443
1 80000 -576 -366 6 -6 0 0 0 0 -129 141 -19 -297 -78 N N N N -246 -54 42 23 23
1 80000 -559 -535 -1 0 0 0 0 0 -277 19 -57 -555 -152 N N N N -2429 -611 89 305 305
1 80000 -577 -566 -5 -1 0 0 0 0 -186 -216 -42 -235 -74 N N N N 2996 788 55 -415 -415
1 77059 -551 496 16 103 -1 1381 -40 -2 151 206 -15 -264 -74 N N N N -2815 -722 40 369 369
1 81117 -601 915 -6 -106 1 -1383 -45 2 426 -126 136 -417 -117 N N N N -1603 -404 68 203 203
1 79998 -559 -228 -5 3 0 0 0 0 -78 92 -16 -421 -118 N N N N 342 102 69 -62 -62
1 80002 -579 -519 -9 0 0 0 0 0 -262 59 -49 -534 -150 N N N N -1772 -445 96 224 224
1 80000 -583 -618 2 2 0 0 0 0 -230 -208 -53 -411 -120 N N N N 579 165 77 -97 -97
1 79999 -609 -576 -5 -6 0 0 0 0 65 -278 3 -217 -72 N N N N -2458 -634 55 333 333
1 80709 -660 699 19 107 0 1383 -25 -2 -41 339 -28 -744 -206 N N N N -17 14 114 -22 -22
1 82292 -691 1208 -10 -109 0 -1387 0 2 539 11 139 -428 -134 N N N N -1619 -410 94 213 213
1 79998 -634 -281 -15 5 0 0 0 0 -106 103 -20 -419 -106 N N N N -3220 -842 45 460 460
1 80002 -651 -512 -8 -7 0 0 0 0 -266 20 -43 -455 -146 N N N N -3903 -1017 112 564 564
1 80000 -660 578 6 -4 0 0 0 0 296 -42 50 -411 -117 N N N N 3951 1054 71 -605 -605
1 79998 -650 -2901 0 3 0 0 0 0 111 -327 0 -148 -46 N N N N -48 -9 35 1 1
1 86828 -723 2660 26 34 0 7 0 0 -233 387 -35 -467 -133 N N N N 1033 285 79 -168 -168
1 80822 -651 -678 -28 -22 0 0 0 0 -318 -122 -49 -273 -78 N N N N -572 -145 51 75 75
1 80001 -664 -119 4 -14 0 0 0 0 -32 -54 -6 -495 -134 N N N N -4 9 75 -14 -14
1 79999 -633 759 -8 1 0 0 0 0 335 173 68 -421 -131 N N N N 768 217 85 -130 -130
1 80001 -662 611 3 -2 0 0 0 0 245 -195 30 -232 -67 N N N N 1967 531 41 -299 -299
1 84644 -818 -669 76 8 73 2 0 0 -288 200 -40 -398 -126 N N N N -1119 -287 78 149 149
1 80000 -840 -322 8 4 0 0 0 0 -163 -36 -54 -564 -164 N N N N -2169 -567 104 305 305
1 80000 -854 -215 -2 3 0 0 0 0 -86 -69 -28 -763 -221 N N N N 967 277 128 -170 -170
1 80001 -873 37 1 0 0 0 0 0 13 14 4 -670 -198 N N N N -302 -66 110 24 24
1 79999 -905 128 -4 0 0 0 0 0 51 42 17 -627 -191 N N N N -1601 -415 138 219 219
1 85532 -848 911 -42 2 -67 5 0 0 433 -86 109 -456 -130 N N N N -284 -68 74 30 30
1 80001 -685 -33 -14 -3 0 0 0 0 -6 14 -6 -256 -79 N N N N 1410 391 64 -229 -229
1 79998 -660 -399 -9 -5 0 0 0 0 -175 114 -32 -228 -64 N N N N 1228 340 46 -197 -197
1 80000 -707 -576 -11 10 0 0 0 0 -287 -73 -56 -265 -72 N N N N 2007 554 48 -313 -313
1 80000 -699 -717 -5 -7 0 0 0 0 -70 -340 -20 -133 -40 N N N N 3996 1094 31 -601 -601
1 84059 -732 936 32 104 0 1375 0 -2 165 408 -15 -361 -101 N N N N 2378 660 62 -361 -361
1 82115 -703 768 -20 -108 0 -1393 0 2 372 -116 122 -175 -55 N N N N 1348 377 38 -204 -204
1 80002 -680 -620 -2 -3 0 0 0 0 -292 126 -48 -217 -62 N N N N -2803 -758 42 397 397
1 79998 -680 -806 -12 9 0 0 0 0 -272 -279 -56 -134 -35 N N N N 2332 643 28 -346 -346
1 80000 -663 -1057 1 -5 0 0 0 0 376 -308 47 -358 -96 N N N N 1759 495 57 -267 -267
1 80000 -667 2627 6 9 0 0 0 0 227 397 56 -247 -73 N N N N 2786 773 44 -405 -405
1 87416 -780 -900 66 -3 65 15 0 0 -408 174 -78 -449 -138 N N N N 4631 1295 88 -666 -666
1 80014 -805 -335 14 -2 0 0 0 0 -138 -102 -48 -293 -85 38 70 43 560 4215 1175 55 -584 -584
1 79986 -822 -70 0 3 0 0 0 0 -20 -30 -7 -241 -70 N N N N 4842 1348 46 -649 -649
1 80000 -791 -186 0 -3 0 0 0 0 -33 -89 -13 -240 -69 N N N N 2610 736 48 -350 -350
1 80001 -785 -258 1 1 0 0 0 0 4 -131 -4 -252 -72 N N N N 2350 665 44 -312 -312
1 83998 -724 848 -33 121 -48 1377 0 -2 187 359 17 -320 -90 N N N N 998 297 58 -144 -144
1 84764 -669 827 -13 -120 3 -1385 0 2 382 -147 146 -359 -107 N N N N -472 -107 66 37 37
1 80000 -610 -73 -6 -4 0 0 0 0 -19 32 -5 -288 -87 N N N N 1733 505 66 -239 -239
1 80000 -614 -325 -4 4 0 0 0 0 -135 105 -29 -220 -65 N N N N 1297 377 44 -175 -175
1 80016 -638 -297 11 -1 0 0 0 0 -158 20 -34 -267 -76 36 70 41 559 2170 621 45 -282 -282
1 79984 -648 -263 -7 2 0 0 0 0 -129 -48 -30 -261 -74 N N N N 2795 796 45 -354 -354
1 85295 -754 855 23 -2 0 1 0 0 407 -64 97 -210 -62 N N N N 1590 469 61 -212 -212
1 79999 -666 149 -10 -1 0 0 0 0 44 -67 4 -160 -43 N N N N 9081 2543 23 -1060 -1060
1 80001 -661 -90 -8 1 0 0 0 0 -21 42 -6 -88 -26 N N N N 3629 1024 21 -413 -413
1 80000 -683 -130 3 -1 0 0 0 0 -44 53 -8 -112 -23 N N N N 1667 472 14 -189 -189
1 79999 -692 -420 -5 1 0 0 0 0 -202 86 -45 -199 -57 N N N N 894 273 45 -115 -115
1 85059 -805 563 6 -6 0 -6 0 0 249 -146 56 -368 -104 N N N N 1279 392 63 -164 -164
1 80016 -730 -169 0 0 0 0 0 0 -58 68 -10 -307 -91 36 72 41 559 -1271 -324 60 114 114
1 79984 -741 -219 -9 5 0 0 0 0 -99 60 -25 -164 -42 N N N N 1244 368 35 -149 -149
1 80002 -741 -279 7 -4 0 0 0 0 -148 15 -32 -193 -55 N N N N 1702 495 33 -197 -197
1 79999 -687 -190 -3 6 0 0 0 0 -96 -29 -24 -341 -95 N N N N 48 44 55 -27 -27
1 87117 -765 854 8 -3 0 6 0 0 400 -112 91 -421 -124 N N N N 3396 1009 94 -400 -400
1 80000 -640 -126 -3 -2 0 0 0 0 -41 52 -9 -246 -74 N N N N 1178 358 45 -142 -142
1 80000 -634 -309 -5 3 0 0 0 0 -141 82 -32 -222 -58 N N N N -219 -35 46 4 4
1 80001 -624 -165 -7 1 0 0 0 0 -87 9 -18 -468 -126 N N N N -1816 -482 55 169 169
1 80016 -619 -206 -1 -1 0 0 0 0 -107 -22 -23 -283 -76 36 70 42 558 -1800 -457 94 154 154
1 86629 -715 772 6 -1 0 0 0 0 368 -106 77 -349 -96 N N N N -276 -44 61 5 5
1 80001 -618 -58 -2 2 0 0 0 0 -20 24 -5 -641 -175 N N N N -652 -129 102 30 30
1 79999 -586 -342 -1 4 0 0 0 0 -153 95 -32 -1072 -293 N N N N -3003 -755 190 253 253
1 20017 -132 -76 -6 -4 0 0 0 0 -39 8 -8 -179 -61 38 68 39 558 -826 -209 51 72 72
1 19983 -141 -74 3 -1 0 0 0 0 -40 2 -8 -170 -51 N N N N -935 -247 39 89 89
1 20015 -148 -53 -3 6 0 0 0 0 -28 0 -8 -223 -66 37 74 42 558 -967 -253 48 90 90
1 19986 -143 -65 3 -3 0 0 0 0 -35 -6 -7 -56 -24 N N N N -973 -265 27 100 100
1 20014 -139 -43 2 -1 0 0 0 0 -22 -6 -5 -131 -38 40 71 42 558 -391 -102 19 37 37
1 19986 -144 -40 0 -1 0 0 0 0 -21 -6 -3 -178 -50 N N N N -326 -80 29 26 26
1 18718 -143 -68 -2 16 0 1 -36 -3 -33 -12 -15 -398 -103 37 72 40 557 -235 -43 47 8 8
1 26165 -210 228 18 101 -1 1383 -4 1 114 41 -31 -354 -99 N N N N -1273 -328 79 117 117
1 20428 -162 293 6 2 0 0 0 0 151 -20 43 -736 -215 37 71 43 558 -751 -171 92 52 52
1 22747 -180 210 -9 -120 1 -1388 0 2 93 -84 76 -1347 -431 N N N N -7268 -2007 209 790 790
1 20017 -147 0 -22 -4 0 0 0 0 5 -1 -5 -428 -162 38 69 44 557 -9136 -2592 155 1101 1101
1 19983 -149 -9 4 -1 0 0 0 0 -4 3 0 40 0 N N N N -6637 -1908 73 863 863
1 20015 -149 9 -3 5 0 0 0 0 5 -1 -2 10 30 38 71 40 557 -2129 -616 16 289 289
1 19985 -139 29 7 1 0 0 0 0 8 -12 4 -475 -115 N N N N 4048 1191 27 -564 -564
1 20016 -154 -22 -2 -4 0 0 0 0 -7 8 -1 -896 -253 38 67 41 557 3102 944 107 -451 -451
1 19984 -148 -3 -1 5 0 0 0 0 -1 2 -3 -454 -138 N N N N -11 48 139 -46 -46
1 20016 -139 27 1 -5 0 0 0 0 9 -12 4 -413 -140 39 71 45 557 -214 -30 91 -2 -2
1 19984 -144 84 -4 4 0 0 0 0 29 -34 2 -1484 -418 N N N N -2229 -566 254 216 216
1 20016 -141 119 -4 -6 0 0 0 0 28 -58 4 -396 -137 40 70 39 557 -3788 -1075 140 479 479
1 19984 -146 104 3 0 0 0 0 0 15 -53 1 -220 -82 N N N N -2030 -582 67 267 267
1 20016 -130 -3501 -8 1 0 0 0 0 5 -51 -5 -248 -81 38 70 40 557 -2110 -608 65 284 284
1 19984 -141 56 0 -2 0 0 0 0 -1 -30 -3 -282 -91 N N N N -1935 -560 57 266 266
1 20017 -140 4 -3 1 0 0 0 0 0 -2 0 -964 -241 38 67 41 557 -1234 -338 108 151 151
1 19984 -143 3510 -1 4 0 0 0 0 1 48 3 -361 -123 N N N N -206 -26 130 -7 -7
1 20016 -134 -99 -2 4 0 0 0 0 -6 53 -2 -285 -96 39 72 41 557 -81 -1 86 -13 -13
1 18707 -143 -129 -4 -9 0 1 -34 -4 -21 62 -2 -260 -80 N N N N 188 70 50 -43 -43
1 24059 -172 -322 14 -111 0 -1357 -28 2 -119 95 35 -655 -177 40 69 44 557 1326 433 120 -235 -235
1 19239 -146 -279 19 118 1 1364 -16 -2 -145 76 -76 -436 -126 N N N N 1419 456 94 -239 -239
1 21232 -141 -211 -39 0 -2 0 -26 4 -107 -13 -19 -959 -242 37 71 42 557 3017 953 130 -484 -484
1 19984 -150 -176 -4 1 0 0 0 0 -84 -40 -13 -779 -228 N N N N 5225 1651 195 -811 -811
1 20016 -169 -194 -6 -3 0 0 0 0 -74 -69 -12 -135 -70 40 68 44 557 3637 1144 97 -539 -539
1 19984 -151 -114 -2 -4 0 0 0 0 -32 -50 -4 -594 -154 N N N N 3101 973 70 -446 -446
1 20015 -159 -31 2 -5 0 0 0 0 -7 -15 -2 -1112 -301 39 70 45 557 4159 1344 171 -614 -614
1 19985 -161 135 12 3 0 0 0 0 34 61 3 -2348 -631 N N N N 4552 1553 344 -718 -718
1 20016 -177 213 -2 -5 0 0 0 0 82 75 18 -615 -254 36 69 44 557 7805 2572 313 -1095 -1095
1 19985 -171 247 4 3 0 0 0 0 123 45 23 -250 -127 N N N N 6888 2217 132 -874 -874
1 20014 -167 284 4 -3 0 0 0 0 151 -13 27 -291 -111 38 70 46 557 4553 1477 96 -563 -563
1 19985 -170 286 6 3 0 0 0 0 127 -82 18 -181 -78 N N N N 3130 1009 49 -371 -371
1 20015 -158 281 -3 0 0 0 0 0 71 -130 8 -212 -71 38 70 46 557 2571 840 56 -307 -307
1 19984 -171 -3321 -2 1 0 0 0 0 -1 -145 -11 -2093 -524 N N N N 2294 842 191 -331 -331
1 20016 -154 291 -7 1 0 0 0 0 -77 -131 -23 -1415 -462 40 68 45 557 3179 1252 375 -502 -502
1 19985 -139 206 2 -2 0 0 0 0 -92 -62 -18 -2580 -687 N N N N 3070 1193 316 -461 -461
1 20015 -136 153 -8 -3 0 0 0 0 -78 -24 -17 -2719 -851 39 71 46 556 2962 1366 590 -567 -567
1 25453 -201 35 54 -120 71 -1367 -2 -2 -29 -11 -66 -1505 -646 N N N N 3828 1699 621 -666 -666
1 20015 -156 -98 9 13 0 0 0 0 50 7 23 -2942 -929 39 70 46 556 2319 1161 527 -467 -467
1 20457 -169 -202 -2 -9 0 0 0 0 98 38 31 -426 -253 N N N N 4029 1622 363 -561 -561
1 20017 -158 -183 -3 0 0 0 0 0 69 62 34 -3020 -930 38 70 48 556 2742 1264 431 -459 -459
1 20453 -157 -303 0 0 0 0 0 0 56 140 51 -186 -146 N N N N 3522 1492 365 -500 -500
1 20014 -179 3284 1 1 0 0 0 0 -33 158 34 -424 -112 39 72 50 556 3242 1213 130 -362 -362
1 20930 -166 -310 -7 -1 0 0 0 0 -111 120 1 -1239 -362 N N N N 2164 945 238 -306 -306
1 22544 -165 -212 -16 126 -34 1363 1 2 -103 74 -77 -2921 -873 37 76 52 556 3175 1539 505 -516 -516
1 19984 -128 -47 1 0 0 0 0 0 -25 3 -6 -936 -334 N N N N 5854 2320 315 -658 -658
1 20015 -136 142 0 0 0 0 0 0 74 -16 17 -1652 -537 39 72 53 556 4103 1765 348 -507 -507
1 19985 -114 220 -6 5 0 0 0 0 103 -57 17 -4118 -1245 N N N N 4661 2221 586 -652 -652
1 20016 -113 86 -5 -7 0 0 0 0 34 -34 5 -2725 -909 40 74 59 556 6947 3309 801 -917 -917
1 19984 -98 216 10 0 0 0 0 0 54 -99 11 -2374 -745 N N N N 9094 4078 716 -1011 -1011
1 20015 -93 164 -13 3 0 0 0 0 17 -84 -5 -2905 -899 38 76 63 556 9588 4260 635 -970 -970
1 19985 -84 -14 2 0 0 0 0 0 0 7 -1 -974 -440 N N N N 7205 3522 688 -791 -791
1 20015 -90 -158 -1 0 0 0 0 0 -15 82 0 -650 -290 38 77 64 556 5385 2462 345 -502 -502
1 19985 -79 -216 -2 0 0 0 0 0 -58 98 -7 -1769 -560 N N N N 3912 1905 326 -388 -388
1 20016 -76 -109 -2 -1 0 0 0 0 -43 39 -7 -737 -286 37 78 64 556 3901 1963 359 -394 -394
1 19984 -93 -15 1 -3 0 0 0 0 -6 5 0 -803 -283 N N N N 4738 2148 244 -389 -389
1 20015 -87 99 3 2 0 0 0 0 40 -34 6 -404 -173 39 75 69 556 4117 1884 216 -332 -332
1 19985 -102 128 0 0 0 0 0 0 40 -55 8 -196 -99 N N N N 4504 1955 152 -322 -322
1 20015 -98 164 5 -1 0 0 0 0 33 -80 3 -335 -113 40 75 68 555 3239 1395 98 -222 -222
1 19985 -77 123 -2 0 0 0 0 0 9 -64 -1 -382 -114 N N N N 2454 1100 101 -177 -177
1 18848 -91 -3512 -6 1 0 0 -36 -4 -2 -46 -4 -348 -105 39 83 69 555 1250 690 137 -123 -123
1 19901 -104 61 -9 2 1 1 -101 0 -4 -31 -8 -347 -112 N N N N 1854 872 100 -141 -142
1 20063 -117 19 -7 1 0 -1 -100 0 -1 -9 -4 -438 -120 39 79 78 555 1262 666 115 -114 -113
1 19962 -143 -17 -16 -33 -2 -268 -104 1 6 2 -12 -318 -95 N N N N 1864 928 130 -151 -152
1 24829 -161 3334 12 -89 2 -1095 -1 1 0 116 25 -160 -76 40 76 75 555 1782 844 95 -131 -131
1 20515 -148 -245 -18 -2 0 0 0 0 -52 116 15 -299 -78 N N N N 1133 568 80 -91 -90
1 22016 -149 -125 -7 -6 0 0 0 0 -47 45 5 -592 -205 40 94 77 555 1502 833 155 -139 -139
1 20452 -145 51 3 5 0 0 0 0 21 -16 -3 -209 -105 N N N N 677 466 126 -84 -84
1 20017 -128 -14 -7 0 0 0 0 0 -5 5 -1 -262 -100 40 80 78 555 -10 84 56 -22 -22
1 20456 -141 4 3 -5 0 0 0 0 1 -3 2 -327 -112 N N N N -515 -34 107 -16 -16
1 20015 -126 40 2 -1 0 0 0 0 15 -15 -2 -196 -69 40 82 79 554 -118 71 75 -23 -23
1 20926 -140 34 1 4 0 0 0 0 12 -13 -2 -239 -81 N N N N 439 297 78 -53 -53
1 20016 -147 36 -4 -2 0 0 0 0 13 -15 -2 -268 -99 39 82 74 554 535 338 79 -58 -58
1 20926 -139 55 -1 3 0 0 0 0 15 -24 -5 -162 -75 N N N N 561 327 66 -54 -54
1 20016 -152 17 -1 1 0 0 0 0 5 -7 -3 -5 -18 41 82 84 554 686 325 33 -48 -48
1 20922 -146 33 -4 8 0 0 0 0 9 -13 -6 -229 5 N N N N 1463 593 7 -76 -76
1 19754 -133 -79 -9 -11 0 0 0 0 -19 34 6 -761 -167 41 80 82 553 2856 1405 165 -206 -206
1 20778 -153 7 8 0 0 0 0 0 0 -4 2 -72 -43 N N N N 2501 1183 112 -165 -165
1 20027 -140 31 1 3 0 0 0 0 10 -12 -5 -20 -17 40 86 86 553 1581 694 37 -91 -91
1 18774 -155 69 113 120 113 1364 -37 -2 -14 -8 26 -38 -14 N N N N 1215 513 16 -64 -64
1 21215 -181 189 -16 6 1 0 -26 4 25 -95 -6 -136 -30 42 84 87 553 1532 662 30 -84 -84
1 19984 -171 -3538 6 3 0 0 0 0 -2 -32 2 -146 -35 N N N N 1683 708 20 -87 -87
1 20014 -195 6 6 0 0 0 0 0 -2 -3 2 -32 -12 40 87 93 552 1435 632 33 -80 -80
1 19986 -186 -33 -3 3 0 0 0 0 2 18 -1 -42 -20 N N N N 1220 483 -3 -55 -55
1 20014 -181 3512 4 2 0 0 0 0 -3 47 2 -106 -28 40 88 93 552 624 292 24 -38 -38
1 19987 -162 -86 0 -4 0 0 0 0 -10 43 -1 -246 -58 N N N N 829 418 50 -57 -57
1 20013 -179 -41 -9 -9 0 0 0 0 -5 18 -3 -98 -30 42 90 87 552 1708 779 54 -98 -98
1 19985 -153 -8 8 16 0 0 0 0 -5 8 1 5 -5 N N N N 1277 537 14 -63 -63
1 20017 -179 -67 1 -4 0 0 0 0 -13 31 -5 -58 -14 45 89 88 551 683 321 26 -41 -41
1 19984 -149 -10 0 -2 0 0 0 0 -4 4 1 -10 -4 N N N N 755 287 -9 -30 -30
1 20014 -179 11 1 -2 0 0 0 0 4 -5 1 -16 -5 43 100 88 551 267 127 11 -16 -16
1 19986 -168 55 1 2 0 0 0 0 12 -26 3 -12 -5 N N N N 354 145 1 -17 -17
1 20015 -187 36 -2 -4 0 0 0 0 6 -19 2 -14 -1 43 91 87 550 331 171 22 -22 -22
1 19986 -175 36 -1 4 0 0 0 0 6 -17 0 -4 -3 N N N N 398 167 4 -19 -19
1 10014 -93 12 -4 0 0 0 0 0 2 -6 0 0 2 44 99 88 550 -68 -13 8 -1 -1
1 9984 -94 13 6 -1 0 0 0 0 1 -7 2 2 1 N N N N 150 23 -21 2 2
1 9979 -79 -15 -19 -89 -42 -1371 -3 0 3 -18 1 0 0 43 95 88 550 182 104 18 -15 -15
1 15316 -119 -124 -20 -36 0 -1 0 -2 -17 52 2 -3 -1 N N N N 273 120 5 -14 -14
1 10016 -74 -134 3 4 0 0 0 0 -40 60 5 -1 0 41 95 119 550 -92 -33 3 3 3
1 10750 -98 -126 -1 -1 0 0 0 0 -50 45 0 -3 2 N N N N 149 75 8 -10 -10
1 10015 -77 -138 -1 -2 0 0 0 0 -63 39 -5 0 -1 44 92 88 549 34 24 6 -3 -3
1 14694 -111 -168 20 131 0 1377 0 2 -91 54 -76 0 0 N N N N 169 71 2 -9 -9
1 10835 -77 -89 -14 -11 0 0 0 0 -44 -1 -8 -1 0 43 96 85 549 -88 -45 -6 6 6
1 9984 -90 -50 -1 3 0 0 0 0 -27 -1 -7 -1 -1 N N N N 66 24 -1 -2 -2
1 10017 -75 -29 -6 -1 0 0 0 0 -14 -3 -3 -1 1 43 91 87 549 89 41 3 -5 -5
1 9983 -69 -19 1 1 0 0 0 0 -10 -1 -4 -2 0 N N N N 142 44 -8 -3 -3
1 10016 -86 -6 0 -2 0 0 0 0 -3 -2 1 -2 0 43 90 85 548 -29 -7 3 0 0
1 9984 -76 -2 -3 1 0 0 0 0 -1 1 0 -1 -1 N N N N 0 11 6 -2 -2
1 10015 -66 5 2 3 0 0 0 0 2 0 0 -4 1 45 91 83 548 5 -11 -7 2 2
1 9985 -77 2 -3 2 0 0 0 0 2 1 -2 1 0 N N N N 101 51 6 -7 -7
1 10016 -75 7 3 -4 0 0 0 0 3 1 2 -2 0 44 110 85 548 142 51 -4 -5 -5
1 9985 -87 2 1 -1 0 0 0 0 1 -1 2 1 -2 N N N N 17 8 1 -1 -1
1 10015 -53 8 -1 1 0 0 0 0 4 1 1 -5 2 42 91 83 548 57 20 -2 -1 -1
1 9985 -79 11 0 -1 0 0 0 0 6 1 2 -1 -2 N N N N 79 38 4 -5 -5
1 10015 -77 -2 1 -2 0 0 0 0 -1 -1 -1 -3 -1 44 90 84 547 62 35 6 -5 -5
1 9984 -80 2 -6 2 0 0 0 0 2 1 0 1 1 N N N N 21 12 1 -2 -2
1 10017 -67 9 -1 -3 0 0 0 0 5 1 1 -4 -1 45 92 85 547 146 54 -2 -5 -5
1 9984 -69 7 2 6 0 0 0 0 3 1 -1 0 2 N N N N 25 16 3 -3 -3
1 10016 -69 15 -2 1 0 0 0 0 8 0 4 -6 -4 44 93 81 547 5 6 2 -1 -1
1 9982 -82 14 5 -5 0 0 0 0 7 1 2 2 1 N N N N 8 -3 -3 1 1
1 10018 -63 9 1 -3 0 0 0 0 5 0 1 -1 1 43 90 79 547 72 38 5 -5 -5
1 9983 -78 2 -3 7 0 0 0 0 1 0 -2 -2 -2 N N N N 28 14 1 -1 -1
1 10017 -63 3 1 -5 0 0 0 0 2 1 1 -6 -1 43 98 82 546 87 36 1 -5 -5
1 9982 -74 4 1 3 0 0 0 0 2 2 0 -2 1 N N N N 236 99 2 -11 -11
1 10016 -65 10 1 1 0 0 0 0 5 -1 1 -1 0 44 93 79 546 -175 -64 4 7 7
1 9985 -92 10 -1 -3 0 0 0 0 6 0 1 0 -1 N N N N 24 10 0 -2 -2
1 10016 -64 10 -1 1 0 0 0 0 5 0 2 -3 -1 44 89 78 546 -36 -12 1 1 1
1 9984 -72 27 2 1 0 0 0 0 14 -1 4 -12 -3 N N N N 354 138 -2 -14 -14
1 10015 -87 24 0 0 0 0 0 0 13 0 1 -6 1 42 93 74 545 -222 -76 7 7 7
1 9985 -79 23 -6 -8 0 0 0 0 13 -3 8 -57 -18 N N N N 8 5 1 -1 -1
1 10017 -79 66 11 7 0 0 0 0 33 -5 4 -29 -11 45 92 74 545 62 40 9 -6 -6
1 9983 -71 46 -1 5 0 0 0 0 24 -5 2 -1 -4 N N N N -160 -38 15 2 2
1 8191 -53 1 4 -6 1 2 0 0 -1 -2 5 0 2 41 90 83 545 73 29 -1 -3 -3
1 11808 -109 5 -19 3 -1 -2 0 0 7 0 -4 -63 -20 N N N N -20 9 10 -3 -3
1 10017 -72 9 11 6 0 0 0 0 2 -1 0 -31 -11 43 90 72 545 44 19 1 -2 -2
1 9983 -72 31 0 -5 0 0 0 0 15 -7 6 60 13 N N N N -78 -4 15 -3 -3
1 10016 -90 15 5 12 0 0 0 0 7 0 -5 -53 -12 43 89 72 545 40 7 -5 1 1
1 9985 -83 -5 0 -17 0 0 0 0 -3 -3 10 -20 -5 N N N N 127 64 7 -9 -9
1 10015 -87 15 -12 -10 0 0 0 0 10 -5 4 -12 -6 43 89 69 544 -46 -5 8 -1 -1
1 9986 -72 -21 -12 19 0 0 0 0 -8 9 -14 -14 -5 N N N N -150 -49 6 5 5
1 10015 -60 16 13 -11 0 0 0 0 6 -6 8 -7 -2 46 93 71 544 43 20 2 -3 -3
1 9984 -80 1 -13 9 0 0 0 0 2 1 -5 -3 -3 N N N N -100 -29 6 2 2
1 10016 -61 -12 14 5 0 0 0 0 -8 4 -2 -14 -4 43 91 68 544 255 90 -7 -8 -8
1 9983 -76 6 13 -4 0 0 0 0 -1 -3 9 13 6 N N N N -308 -99 14 8 8
1 10017 -77 -8 -9 -4 0 0 0 0 0 3 -6 28 7 42 90 73 544 70 19 -5 -1 -1
1 9984 -92 -32 -4 -7 0 0 0 0 -15 5 -1 -16 -2 N N N N 68 12 -9 0 0
1 10017 -66 -33 5 10 0 0 0 0 -18 7 -7 -3 -2 45 91 72 543 9 11 5 -2 -2
1 9983 -64 -27 -1 7 0 0 0 0 -14 5 -7 -13 -2 N N N N 9 11 3 -2 -2
1 10016 -91 13 4 -4 0 0 0 0 5 -4 6 -2 -3 44 88 73 543 -23 -10 0 1 1
1 9986 -68 55 2 -16 0 0 0 0 26 -13 18 0 -1 N N N N -10 4 5 -1 -1
1 10014 -74 7 -4 0 0 0 0 0 9 2 -11 -19 -4 40 87 69 543 -2 5 3 -1 -1
1 9984 -70 105 8 4 0 0 0 0 48 -24 14 13 3 N N N N 63 36 6 -5 -5
1 10016 -85 57 -14 -8 0 0 0 0 29 -19 0 -9 -1 44 94 70 543 0 -2 -1 0 0
1 9985 -86 49 12 8 0 0 0 0 14 -17 14 -12 -4 N N N N 68 24 -2 -2 -2
1 10015 -87 -31 -35 24 0 0 0 0 -7 15 -19 16 4 45 92 69 543 -148 -50 5 5 5
1 9983 -85 -36 44 -14 0 0 0 0 -22 10 9 4 5 N N N N -38 -23 -4 3 3
1 10017 -102 -63 -11 2 0 0 0 0 -30 16 -1 11 2 44 417 69 542 214 75 -6 -7 -7
