version: 66.14
glider: 195
mission: 21
dive: 495
start: 8 13 105 9 43 20
columns: rec,elaps_tms,depth,heading,pitch,roll,AD_pitch,AD_roll,AD_vbd,GC_phase,mag.x,mag.y,mag.z,sbect.TempFreq,sbect.CondFreq,wlbb2fl.sig470nm,wlbb2fl.sig700nm,wlbb2fl.sig695nm,wlbb2fl.temp,aa4330.O2,aa4330.AirSat,aa4330.Temp,aa4330.CalPhase,aa4330.TCPhase,
data:
0 17508 6 531 -566 -184 144 2045 885 6 196 -251 -178 172606 135215 N N N N 244579 96503 25957 29311 30717
1 9999 19 -131 45 312 0 0 0 0 19 -17 70 136 19 N N N N 13331 4232 -555 -366 -366
1 10002 -15 -57 -88 -83 0 0 0 0 10 40 -59 207 -1 N N N N -9340 -3619 17 396 396
1 10000 12 -4 -49 129 0 0 0 0 -12 -28 24 -250 -10 N N N N 1336 205 -177 9 9
1 10001 -13 27 163 -124 0 0 0 0 21 14 12 -282 -41 N N N N -1988 -396 213 5 5
1 9999 0 -89 67 49 0 0 0 0 42 43 45 -35 20 N N N N 3920 2459 512 -366 -366
1 8687 4 95 -66 -40 -5 1 26 -4 -38 -40 -27 -171 -11 N N N N -2493 -813 95 72 72
1 10014 14 120 -185 27 -1 0 254 0 -51 -49 -12 307 -15 N N N N -394 -1558 -784 317 317
1 9998 22 -41 16 -14 -4 -2 249 0 4 14 -18 131 -1 N N N N -5505 -724 812 -67 -67
1 10046 2 179 -84 -100 4 2 241 0 -27 -25 11 -220 -1 N N N N -522 1394 914 -322 -322
1 10025 21 -96 149 57 -1 0 251 0 19 6 19 -231 -2 N N N N -78 221 144 -50 -50
1 9966 40 68 -99 1 -2 -1 262 0 -34 -20 -5 100 -19 N N N N -126 109 92 -29 -29
1 9969 76 -198 -81 193 0 0 263 0 -1 9 -25 -445 -26 N N N N 138 92 20 -13 -13
1 9989 117 227 -8 -279 0 1 281 0 -6 6 -18 124 -13 N N N N 113 79 19 -13 -13
1 15856 343 -166 84 94 643 0 220 -1 31 22 -8 -516 -28 N N N N -18 28 20 -6 -6
1 8884 216 86 331 -32 1744 0 94 1 26 -19 131 -20 -4 N N N N -88 -18 10 0 0
1 9397 163 52 152 40 -5 877 380 4 -29 -10 77 2 -3 N N N N 98 51 7 -7 -7
1 15345 215 43 -27 51 -4 482 0 -2 -16 -1 25 -24 -6 N N N N -88 -15 12 0 0
1 10472 170 -108 -17 -4 0 0 0 0 48 24 -29 10 0 N N N N 43 21 2 -3 -3
1 10000 167 -176 1 23 0 0 0 0 62 56 -36 -1 0 N N N N 11 13 4 -2 -2
1 10471 157 -136 24 -24 0 0 0 0 34 59 -20 1 -4 N N N N 27 13 2 -2 -2
1 10000 148 -168 -3 23 0 0 0 0 22 81 -23 -5 -3 N N N N -61 -20 2 2 2
1 10411 149 3439 -3 -3 0 0 0 0 -2 83 -14 -1 -2 N N N N -132 -50 2 5 5
1 10000 140 -148 -2 -12 0 0 0 0 -24 74 -7 -7 -1 N N N N 42 21 2 -3 -3
1 10355 130 -194 9 3 0 0 0 0 -56 86 13 -7 -1 N N N N -99 -36 3 4 4
1 9359 121 -167 -6 30 0 0 0 0 -67 53 7 2 -2 N N N N 23 12 1 -2 -2
1 10641 147 -129 -2 -28 0 0 0 0 -60 28 29 -1 -1 N N N N -155 -63 0 7 7
1 9938 120 -160 -13 -29 1 -204 4 -1 -74 12 48 6 -7 N N N N -18 -6 1 1 1
1 9959 150 -107 27 -89 51 -1223 -1 3 -57 -22 69 -7 4 N N N N 29 14 1 -2 -2
1 10807 170 -17 19 -1 0 0 0 0 -13 -2 3 -19 -3 N N N N -109 -44 0 5 5
1 10001 143 19 1 -12 0 0 0 0 9 -1 3 1 6 N N N N -38 -15 1 2 2
1 9999 152 -110 14 18 0 0 0 0 -56 -12 8 -5 -5 N N N N 7 1 -2 0 0
1 10000 123 -165 -22 1 0 0 0 0 -63 -43 29 -3 -1 N N N N -144 -54 3 5 5
1 10000 126 -122 6 -12 0 0 0 0 -44 -47 19 3 0 N N N N -51 -20 0 2 2
1 10000 125 -149 -6 -4 0 0 0 0 -37 -65 15 -1 1 N N N N -31 -12 1 2 2
1 10001 131 -102 -1 5 0 0 0 0 -17 -46 3 3 3 N N N N 33 12 -1 -2 -2
1 10000 128 -122 6 -2 0 0 0 0 -13 -61 -1 -3 -2 N N N N -39 -16 0 2 2
1 10000 118 -99 6 -2 0 0 0 0 1 -50 -4 -8 -1 N N N N -112 -42 2 4 4
1 9999 128 -98 -15 8 0 0 0 0 15 -45 1 -6 -2 N N N N -82 -30 1 3 3
1 10000 137 -64 9 -9 0 0 0 0 8 -33 -10 0 -3 N N N N -47 -17 1 2 2
1 10001 136 -97 7 13 0 0 0 0 19 -38 -9 1 -3 N N N N 20 9 1 -1 -1
1 10000 126 -97 -6 -4 0 0 0 0 32 -39 -10 0 1 N N N N -91 -36 1 4 4
1 9999 125 -107 -3 4 0 0 0 0 39 -35 -14 -1 2 N N N N 47 19 -1 -2 -2
1 10000 129 -99 2 -5 0 0 0 0 41 -28 -18 2 -5 N N N N -28 -11 0 1 1
1 10001 127 -88 -5 5 0 0 0 0 40 -16 -15 0 -2 N N N N -21 -9 0 1 1
1 9999 141 -77 14 -4 0 0 0 0 34 -11 -15 1 3 N N N N -87 -35 0 4 4
1 26826 362 -302 -15 119 -8 1422 1 -2 153 33 -1 26 -1 N N N N -72 -30 0 3 3
1 19998 284 -274 2 3 0 0 0 0 115 68 -55 18 -2 N N N N -12 -8 -2 2 2
1 20471 299 -295 -3 11 0 0 0 0 71 126 -51 27 1 N N N N -248 -112 -6 13 13
1 20000 297 3241 -7 -11 0 0 0 0 -16 180 -35 -17 -1 N N N N -55 -23 -1 3 3
1 20001 300 -344 23 10 0 0 0 0 -115 140 23 121 28 N N N N -50 -44 -14 7 7
1 22621 294 -489 -10 -32 -1 -217 1 -1 -235 39 94 623 140 N N N N -429 -379 -117 63 63
1 17378 236 -209 18 -103 56 -1196 -1 3 -95 -73 81 768 196 N N N N -646 -562 -174 94 94
1 20000 236 33 10 7 0 0 0 0 9 13 -10 5487 1619 N N N N -1317 -1745 -705 327 327
1 20000 217 196 -1 -8 0 0 0 0 90 40 -23 13028 3380 N N N N 9297 -1415 -2874 704 704
1 20001 205 -43 -3 0 0 0 0 0 -21 -6 5 2397 1171 N N N N 6466 -70 -1386 276 276
1 20000 193 -341 9 7 0 0 0 0 -137 -101 38 1524 564 N N N N 4581 133 -845 150 150
1 19998 176 -230 -4 -3 0 0 0 0 -48 -104 16 823 596 N N N N -534 -971 -426 202 202
1 20002 180 -99 12 2 0 0 0 0 -13 -48 -3 1835 637 N N N N -146 -842 -434 191 190
1 19998 172 -102 -5 -4 0 0 0 0 2 -52 -1 1705 652 N N N N -3581 -2131 -480 365 366
1 20001 187 -227 4 4 0 0 0 0 30 -106 -14 2187 604 N N N N -3792 -2169 -475 378 378
1 24469 219 -101 -6 -119 0 -1355 2 -2 30 -75 -49 2307 741 N N N N -5393 -2806 -540 488 489
1 20000 190 217 0 -6 0 0 0 0 -49 88 35 2462 668 N N N N -11914 -5285 -724 906 905
1 20000 185 293 -1 4 0 0 0 0 -5 141 38 1215 679 N N N N -9551 -3807 -363 656 656
1 20000 188 257 6 -4 0 0 0 0 53 115 9 1192 361 N N N N -6514 -2757 -372 520 520
1 20000 188 236 1 1 0 0 0 0 89 82 -9 968 334 N N N N -24484 -8486 -225 1522 1522
1 20001 154 50 -3 5 0 0 0 0 24 14 -5 2798 386 N N N N -20497 -7257 -366 1505 1505
1 19999 160 139 -4 1 0 0 0 0 68 26 -16 2144 668 N N N N -25426 -9030 -625 2166 2166
1 20000 153 255 -1 -9 0 0 0 0 128 4 -38 869 582 N N N N -15835 -5450 -320 1459 1459
1 26472 148 218 3 121 -6 1391 0 2 100 -20 -90 2558 672 N N N N -15661 -5330 -329 1571 1570
1 20000 81 94 3 9 0 0 0 0 37 -31 -13 1857 677 N N N N -10445 -3643 -395 1200 1201
1 20001 87 184 -6 -2 0 0 0 0 54 -79 -18 1562 504 N N N N -8102 -2806 -335 986 986
1 19999 81 219 5 -3 0 0 0 0 27 -110 -7 1177 425 N N N N -8441 -2893 -366 1075 1075
1 20001 88 -3485 1 -1 0 0 0 0 -4 -60 0 712 294 N N N N -11770 -3839 -274 1475 1475
1 19999 87 119 2 -2 0 0 0 0 -17 -60 3 67 180 N N N N -11521 -3651 -129 1490 1490
1 20001 98 115 -2 1 0 0 0 0 -28 -53 7 53 108 N N N N -8436 -2652 -72 1154 1154
1 19999 94 -47 1 3 0 0 0 0 12 21 -3 591 77 N N N N -5184 -1628 -49 745 745
1 20000 102 -64 0 -4 0 0 0 0 15 30 -5 842 130 N N N N -4072 -1296 -102 624 624
1 20001 116 -64 -3 3 0 0 0 0 11 32 -4 343 136 N N N N -3456 -1120 -168 568 568
1 24232 139 3399 -12 126 -10 1367 2 -2 10 107 -12 979 191 N N N N -1459 -504 -180 276 276
1 20415 132 -226 11 0 0 0 0 0 -34 113 -6 916 209 N N N N -1108 -385 -157 216 216
1 20354 131 -171 0 -1 0 0 0 0 -54 72 4 588 222 N N N N 79 -29 -186 44 44
1 20293 135 -195 3 1 0 0 0 0 -84 60 14 197 160 N N N N -118 -62 -93 46 46
1 20293 138 -157 -3 -5 0 0 0 0 -77 26 19 147 132 N N N N -607 -209 -84 117 117
1 23940 146 -283 -8 -123 0 -1389 1 2 -139 -31 109 210 96 N N N N -660 -211 -41 112 112
1 20000 116 -128 5 2 0 0 0 0 -59 -29 17 171 75 N N N N -560 -175 -17 90 90
1 20000 107 -25 4 -4 0 0 0 0 -12 -8 3 228 80 N N N N -511 -168 -49 93 93
1 20000 100 -65 -3 1 0 0 0 0 -26 -19 7 312 57 N N N N -847 -268 -43 142 142
1 20000 114 -148 5 2 0 0 0 0 -52 -55 11 722 105 N N N N -1567 -506 -125 278 278
1 20000 121 -125 4 5 0 0 0 0 -29 -54 8 487 144 N N N N -1910 -605 -122 331 331
1 20000 112 -42 -4 -4 0 0 0 0 -6 -21 5 527 153 N N N N -1991 -613 -60 331 331
1 20000 101 -91 -2 0 0 0 0 0 -10 -44 2 308 128 N N N N -1455 -458 -96 257 257
1 20000 104 -181 2 0 0 0 0 0 -2 -90 -3 268 77 N N N N -904 -291 -96 170 170
1 20000 91 -191 -1 2 0 0 0 0 29 -90 -11 338 82 N N N N -1204 -371 -52 208 208
1 23609 117 -109 -13 -122 0 -1377 1 -2 35 -79 -48 392 142 N N N N -1881 -576 -79 326 326
1 19983 98 77 3 0 0 0 0 0 -23 29 13 128 36 N N N N -1784 -538 -27 301 301
1 20000 120 199 6 -2 0 0 0 0 -37 87 30 345 79 N N N N -1297 -408 -129 246 246
1 20000 122 163 -3 1 0 0 0 0 -3 78 22 191 85 N N N N -1319 -399 -46 231 231
1 19999 109 208 -1 -2 0 0 0 0 27 99 14 83 60 N N N N -1349 -406 -38 237 237
1 20001 111 185 3 0 0 0 0 0 53 77 2 52 2 N N N N -1562 -467 -23 273 273
1 19999 128 189 -1 -1 0 0 0 0 76 61 -10 11 16 N N N N -1908 -568 -13 334 334
1 20292 130 154 3 1 0 0 0 0 72 32 -17 69 22 N N N N -1574 -466 -3 277 277
1 20000 125 150 -1 3 0 0 0 0 76 14 -22 143 29 N N N N -967 -290 -24 177 177
1 21020 149 176 -1 35 -3 206 0 -1 88 -3 -46 221 56 N N N N -1286 -385 -40 237 237
1 18980 115 117 -3 87 -7 1172 0 3 54 -8 -60 152 47 N N N N -919 -272 -3 166 166
1 20000 129 121 7 1 0 0 0 0 48 -38 -14 92 38 N N N N -394 -119 -30 76 76
1 20000 133 97 2 0 0 0 0 0 34 -37 -11 41 40 N N N N -159 -50 -32 34 34
1 20001 132 114 3 -4 0 0 0 0 30 -51 -8 157 47 N N N N 111 30 -24 -16 -16
1 19999 140 39 0 1 0 0 0 0 7 -19 -3 86 36 N N N N 216 62 -21 -36 -36
1 20000 124 -46 -1 -3 0 0 0 0 -9 22 3 44 18 N N N N 50 15 -5 -8 -8
1 20000 136 -139 -4 5 0 0 0 0 -38 61 12 106 17 N N N N 339 97 -26 -57 -57
1 20002 131 -143 1 -1 0 0 0 0 -54 50 18 136 30 N N N N 107 29 -24 -15 -15
1 19998 120 -108 1 2 0 0 0 0 -48 28 16 116 8 N N N N 72 19 -30 -8 -8
1 22413 138 -116 3 119 23 1396 1 -2 -58 33 -44 168 54 N N N N 374 106 -44 -60 -60
1 21941 137 -172 -10 -122 0 -1402 -1 2 -85 -8 88 166 53 N N N N 555 159 -42 -92 -92
1 19999 112 -117 19 0 0 0 0 0 -63 -11 17 238 58 N N N N 548 158 -24 -93 -93
1 20001 116 -132 3 -1 0 0 0 0 -63 -26 17 205 55 N N N N 699 201 -40 -116 -116
1 20000 124 -153 -1 3 0 0 0 0 -63 -44 16 276 67 N N N N 853 246 -43 -141 -141
1 19999 134 -152 2 1 0 0 0 0 -49 -59 12 217 71 N N N N 896 256 -51 -146 -146
1 20000 129 -78 0 -4 0 0 0 0 -19 -36 4 253 70 N N N N 715 206 -35 -117 -117
1 20000 124 -87 1 -2 0 0 0 0 -16 -41 4 77 61 N N N N 674 191 -47 -106 -106
1 20000 129 -105 -4 6 0 0 0 0 -9 -50 2 55 36 N N N N 695 200 -24 -113 -113
1 20000 114 -107 5 -6 0 0 0 0 -1 -55 -3 44 31 N N N N 574 163 -29 -92 -92
1 20000 115 -101 -1 3 0 0 0 0 9 -49 -3 20 12 N N N N 71 19 -13 -9 -9
1 24469 156 -65 -15 -124 0 -1372 1 -2 16 -69 -26 50 26 N N N N -974 -284 -1 165 165
1 20000 128 129 5 2 0 0 0 0 -19 60 17 83 12 N N N N -286 -85 -8 50 50
1 20000 126 211 4 -1 0 0 0 0 2 102 24 175 32 N N N N -165 -53 -39 36 36
1 20001 132 155 -3 3 0 0 0 0 26 74 9 80 26 N N N N 54 13 -20 -6 -6
1 19999 132 195 1 0 0 0 0 0 60 79 1 72 26 N N N N 192 53 -22 -28 -28
1 20000 133 198 -1 -3 0 0 0 0 83 60 -10 34 14 N N N N -65 -20 -11 13 13
1 20000 139 186 2 1 0 0 0 0 91 30 -20 50 14 N N N N -109 -33 -6 20 20
1 20002 138 183 2 -1 0 0 0 0 93 1 -26 93 22 N N N N 230 65 -15 -36 -36
1 24236 157 176 -4 121 -9 1375 0 2 85 -3 -84 211 58 N N N N 565 163 -14 -93 -93
1 19998 134 59 7 3 0 0 0 0 25 -16 -6 61 36 N N N N 378 108 -13 -61 -61
1 20002 135 31 4 2 0 0 0 0 13 -10 -1 33 27 N N N N 621 176 -30 -98 -98
1 20000 136 -41 -3 -5 0 0 0 0 -17 13 4 -31 12 N N N N 886 257 -4 -146 -146
1 19998 143 -76 1 5 0 0 0 0 -34 20 9 127 23 N N N N 620 178 -18 -99 -99
1 20000 135 -77 -1 0 0 0 0 0 -37 15 10 142 25 N N N N 392 110 -23 -59 -59
1 20003 139 -87 -1 -1 0 0 0 0 -43 11 13 38 23 N N N N 510 145 -23 -79 -79
1 19999 136 -92 1 0 0 0 0 0 -48 4 12 7 0 N N N N 80 21 -11 -11 -11
1 19998 128 -110 -1 2 0 0 0 0 -55 -4 17 79 7 N N N N -601 -175 -4 100 100
1 20002 128 -125 0 0 0 0 0 0 -62 -17 16 114 21 N N N N -712 -210 -26 122 122
1 24117 171 -71 -20 -126 0 -1370 0 -2 -27 -56 63 161 54 N N N N -411 -122 -18 72 72
1 20353 146 137 10 2 0 0 0 0 62 31 -15 24 11 N N N N -30 -12 -16 8 8
1 20354 133 213 3 -4 0 0 0 0 107 16 -29 67 20 N N N N -26 -10 -20 8 8
1 20923 147 182 -5 137 -7 1371 0 2 91 8 -91 66 23 N N N N -23 -9 -14 7 7
1 20781 133 129 7 -13 0 0 0 0 57 -35 -10 20 10 N N N N 93 28 3 -16 -16
1 20002 128 112 2 -2 0 0 0 0 42 -39 -14 17 22 N N N N 310 88 -11 -49 -49
1 39998 258 62 1 4 0 0 0 0 20 -25 -5 36 25 N N N N 355 101 -9 -56 -56
1 40001 232 -253 -3 2 0 0 0 0 -97 86 28 126 18 N N N N 53 12 -25 -4 -4
1 39999 251 -225 5 -2 0 0 0 0 -111 34 33 232 41 N N N N 336 92 -34 -47 -47
1 40001 250 -228 -3 2 0 0 0 0 -115 -11 33 196 66 N N N N 1051 295 -53 -160 -160
1 43589 271 52 -8 -122 0 -1369 0 -2 28 -27 49 50 30 N N N N 221 60 -22 -31 -31
1 42939 267 415 11 119 21 1370 0 2 204 0 -114 112 34 N N N N -1498 -436 -25 248 248
1 40000 218 273 17 -1 0 0 0 0 100 -97 -23 73 36 N N N N -745 -217 -11 125 125
1 40000 233 1 1 3 0 0 0 0 0 0 0 71 28 N N N N -113 -34 -10 20 20
1 40000 258 -233 -3 1 0 0 0 0 -84 86 22 101 10 N N N N -17 -8 -24 8 8
1 40000 244 -264 2 -3 0 0 0 0 -128 49 33 158 32 N N N N -55 -20 -27 15 15
1 40000 265 -223 -1 0 0 0 0 0 -115 -7 29 208 48 N N N N 538 149 -40 -80 -80
1 45237 305 92 -10 -122 0 -1368 0 -2 50 -26 46 99 50 N N N N 138 34 -33 -15 -15
1 43646 327 424 -45 121 -80 1369 0 2 211 -25 -129 149 50 N N N N 426 120 -18 -66 -66
1 40000 325 256 6 0 0 0 0 0 83 -100 -29 234 68 N N N N 1287 364 -34 -200 -200
1 40000 336 50 1 -2 0 0 0 0 10 -24 -4 87 43 N N N N 1267 360 -25 -197 -197
1 40000 320 -216 -6 1 0 0 0 0 -58 94 21 165 36 N N N N 932 263 -26 -141 -141
1 40000 332 -209 5 4 0 0 0 0 -87 62 31 182 48 N N N N -1267 -369 -30 207 207
1 40000 331 -240 -6 -1 0 0 0 0 -117 28 39 215 66 N N N N -1257 -368 -53 212 212
1 40000 308 -187 32 -1 39 0 0 0 -101 -14 31 142 47 N N N N -1303 -379 -36 217 217
1 40000 303 -219 -3 3 0 0 0 0 -97 -51 27 178 51 N N N N -1348 -391 -36 226 226
1 40000 292 -267 -2 -4 0 0 0 0 -84 -105 23 62 31 N N N N -350 -103 -24 62 62
1 40000 290 -223 3 2 0 0 0 0 -30 -107 4 138 37 N N N N -1424 -410 -24 238 238
1 40002 293 -204 3 3 0 0 0 0 10 -100 -6 192 53 N N N N -1431 -412 -33 243 243
1 43998 326 114 -11 -123 -1 -1370 -1 -2 -6 14 -2 159 49 N N N N -574 -169 -42 103 103
1 40000 302 428 4 1 0 0 0 0 57 201 28 147 41 N N N N 91 22 -29 -10 -10
1 40000 308 401 -4 0 0 0 0 0 168 117 -23 104 34 N N N N 893 252 -20 -144 -144
1 43683 344 429 -4 127 -5 1374 1 2 213 11 -126 181 53 N N N N 367 101 -30 -55 -55
1 40789 297 213 13 -12 0 0 0 0 84 -70 -19 101 43 N N N N -490 -142 -23 85 85
1 40001 305 -140 -4 6 0 0 0 0 -53 49 15 81 27 N N N N -339 -98 -10 58 58
1 39998 323 -291 1 -2 0 0 0 0 -139 54 42 178 40 N N N N -2088 -596 -32 354 354
1 40001 305 -216 -1 1 0 0 0 0 -109 -9 33 130 42 N N N N -2574 -734 -28 441 441
1 39999 314 -250 4 1 0 0 0 0 -114 -57 31 143 43 N N N N -1885 -538 -32 329 329
1 44002 361 63 -13 -123 -1 -1378 -1 -2 30 -22 43 173 39 N N N N -1058 -302 -35 189 189
1 39998 326 434 -1 -1 0 0 0 0 211 57 -55 152 61 N N N N -278 -81 -35 54 54
1 42351 325 91 8 123 -9 1378 0 2 44 17 -70 135 46 N N N N 642 180 -21 -109 -109
1 40000 316 -276 -3 4 0 0 0 0 -139 12 41 138 28 N N N N 1031 290 -25 -175 -175
1 40000 301 -257 2 -7 0 0 0 0 -122 -48 37 171 51 N N N N 253 69 -33 -39 -39
1 39999 312 -244 2 4 0 0 0 0 -87 -86 23 144 51 N N N N -1569 -446 -32 276 276
1 40002 291 -231 2 -4 0 0 0 0 -42 -109 10 194 50 N N N N -286 -83 -32 54 54
1 43706 332 33 -15 -120 0 -1372 -1 -2 7 -27 12 138 48 N N N N -744 -212 -38 135 135
1 40002 320 431 2 1 0 0 0 0 120 179 3 164 39 N N N N -632 -180 -29 114 114
1 40000 309 423 3 1 0 0 0 0 204 63 -51 132 49 N N N N -424 -121 -27 78 78
1 44233 342 363 5 122 -9 1372 0 2 166 -47 -110 71 34 N N N N 692 193 -23 -118 -118
1 39999 298 32 1 -1 0 0 0 0 11 -12 -4 68 19 N N N N 3726 1048 -10 -640 -640
1 40001 313 -215 -3 1 0 0 0 0 -89 64 28 154 35 N N N N 3921 1100 -24 -651 -651
1 39999 310 -214 4 0 0 0 0 0 -107 26 33 184 45 N N N N 924 256 -27 -146 -146
1 40000 316 -205 -3 -1 0 0 0 0 -103 -13 32 77 33 N N N N -539 -154 -27 93 93
1 43651 356 46 -12 -122 0 -1373 0 -2 26 -29 49 94 26 N N N N 3855 1079 -22 -619 -619
1 43116 365 438 16 121 24 1363 -1 2 213 0 -120 172 47 N N N N 3835 1071 -32 -595 -595
1 40000 300 277 15 -1 0 0 0 0 99 -101 -27 130 47 N N N N 2494 695 -24 -378 -378
1 40001 307 197 1 3 0 0 0 0 36 -96 -10 102 39 N N N N 4172 1164 -24 -619 -619
1 39999 307 -89 -3 -4 0 0 0 0 -12 45 2 98 37 N N N N 2888 805 -19 -417 -417
1 40001 315 -253 1 5 0 0 0 0 -70 111 21 93 17 N N N N 4808 1341 -17 -679 -679
1 40000 328 -173 2 -4 0 0 0 0 -74 52 22 183 42 N N N N -1089 -311 -24 159 159
1 46941 363 -374 -16 6 -8 8 -1 0 -184 26 52 156 42 N N N N 368 94 -33 -42 -42
1 40000 327 -302 4 0 0 0 0 0 -139 -63 39 201 57 N N N N 4616 1281 -33 -629 -629
1 40001 317 -213 3 -3 0 0 0 0 -72 -82 18 134 47 N N N N 5991 1663 -30 -789 -789
1 40000 318 -246 0 -2 0 0 0 0 -38 -117 9 158 45 N N N N 1832 501 -29 -229 -229
1 39998 321 -227 -4 5 0 0 0 0 12 -111 -5 43 20 N N N N -134 -43 -17 23 23
1 40000 313 -216 2 -2 0 0 0 0 49 -96 -18 65 18 N N N N -2977 -833 -13 392 392
1 45883 376 149 -8 -125 0 -1385 -1 -2 -35 26 -14 111 30 N N N N -4323 -1212 -23 584 584
1 40409 325 475 0 1 0 0 0 0 1 225 55 97 30 N N N N -510 -148 -21 75 75
1 40355 317 455 2 0 0 0 0 0 161 163 -12 109 29 N N N N -709 -202 -16 101 101
1 40261 331 415 1 35 -1 205 0 -1 208 28 -73 133 37 N N N N 873 237 -23 -112 -112
1 40093 299 141 5 86 -8 1185 -1 3 64 -14 -61 90 40 N N N N -2322 -652 -21 323 323
1 39999 300 -149 -3 4 0 0 0 0 -69 33 19 135 31 N N N N -2064 -579 -21 291 291
1 40001 296 -214 -1 -3 0 0 0 0 -108 12 34 122 31 N N N N -2278 -639 -24 326 326
1 40001 299 -252 0 3 0 0 0 0 -123 -34 35 98 32 N N N N -2196 -615 -22 318 318
1 40001 286 -266 3 0 0 0 0 0 -102 -87 27 90 28 N N N N -2515 -701 -17 367 367
1 45468 340 120 -14 -122 0 -1383 -1 -2 44 4 32 173 44 N N N N -4412 -1229 -29 659 659
1 40000 281 489 5 -4 0 0 0 0 229 88 -51 255 60 N N N N -5660 -1575 -39 873 873
1 42412 307 241 -1 124 -10 1387 0 2 117 -8 -95 365 110 N N N N -3630 -1012 -56 582 582
1 40000 284 -211 4 3 0 0 0 0 -103 36 31 246 82 N N N N -3744 -1041 -59 614 614
1 39999 293 -279 0 -1 0 0 0 0 -140 -14 43 153 54 N N N N -3293 -912 -36 550 550
1 40000 252 -294 -3 0 0 0 0 0 -123 -80 37 141 50 N N N N -2427 -672 -28 413 413
1 40000 280 -333 -3 -3 0 0 0 0 -74 -149 20 191 45 N N N N -1591 -440 -37 276 276
1 45410 324 -17 -5 -126 0 -1399 -1 -2 1 -54 6 107 41 N N N N -703 -195 -22 123 123
1 40000 292 438 3 1 0 0 0 0 107 190 10 214 53 N N N N 277 75 -36 -43 -43
1 40475 312 434 -1 -1 0 0 0 0 205 78 -48 326 82 N N N N 29 5 -56 1 1
1 46764 319 306 28 127 23 1395 -1 2 143 -19 -98 153 80 N N N N -118 -34 -43 25 25
1 39998 278 -140 -6 -3 0 0 0 0 -64 33 16 126 27 N N N N 1 0 -16 2 2
1 40000 277 -239 3 3 0 0 0 0 -122 17 35 190 56 N N N N -63 -19 -36 15 15
1 40000 272 -272 0 -4 0 0 0 0 -133 -41 36 309 68 N N N N -207 -59 -43 40 40
1 40001 284 -289 -5 2 0 0 0 0 -103 -101 28 95 59 N N N N -302 -84 -41 56 56
1 45353 315 33 -4 -122 0 -1383 -1 -2 11 -29 29 172 50 N N N N -316 -88 -25 57 57
1 40000 317 441 3 1 0 0 0 0 183 130 -24 218 62 N N N N -276 -76 -42 52 52
1 41470 322 333 -9 123 -7 1383 0 2 170 23 -106 191 59 N N N N -365 -101 -29 65 65
1 39999 302 -182 5 0 0 0 0 0 -93 18 27 231 69 N N N N -387 -107 -43 71 71
1 39999 299 -255 5 -2 0 0 0 0 -129 -23 36 155 45 N N N N -601 -165 -34 107 107
1 40001 337 -204 5 3 0 0 0 0 -89 -54 23 126 42 N N N N -206 -57 -29 39 39
1 40001 335 -201 -3 1 0 0 0 0 -62 -79 16 97 29 N N N N 64 17 -18 -10 -10
1 39999 339 -274 -2 -1 0 0 0 0 -35 -132 8 187 43 N N N N 68 18 -27 -9 -9
1 45413 385 45 -11 -123 0 -1395 -1 -2 4 -21 6 185 60 N N N N 98 26 -39 -13 -13
1 40000 377 451 3 -2 0 0 0 0 105 197 13 166 51 N N N N 112 29 -34 -16 -16
1 40002 362 389 0 0 0 0 0 0 182 80 -37 243 58 N N N N 133 35 -35 -19 -19
1 43880 406 356 3 122 -8 1385 0 2 174 -15 -109 257 87 N N N N 239 64 -48 -36 -36
1 40000 377 -77 -2 1 0 0 0 0 -35 19 10 113 51 N N N N 152 40 -29 -23 -23
1 39999 361 -274 1 2 0 0 0 0 -137 28 40 268 53 N N N N -123 -35 -42 25 25
1 40000 374 -299 -1 1 0 0 0 0 -145 -42 41 117 47 N N N N -111 -31 -31 22 22
1 40001 359 -239 5 0 0 0 0 0 -91 -81 23 154 39 N N N N 283 76 -21 -46 -46
1 44061 410 160 -12 -126 0 -1371 -1 -2 60 16 33 240 61 N N N N 674 180 -52 -108 -108
1 39999 395 498 2 4 0 0 0 0 239 76 -58 282 77 N N N N -28 -9 -46 10 10
1 41880 388 369 1 122 -10 1377 0 2 164 -62 -109 252 87 N N N N 131 33 -50 -17 -17
1 40000 365 241 2 -2 0 0 0 0 63 -108 -17 191 68 N N N N 791 212 -31 -129 -129
1 40000 369 125 3 3 0 0 0 0 12 -64 -6 162 47 N N N N 595 158 -33 -95 -95
1 40000 369 -3377 -3 -4 0 0 0 0 -14 -116 1 211 51 N N N N 469 125 -38 -73 -73
1 40001 357 247 -1 3 0 0 0 0 -67 -111 16 148 54 N N N N 140 35 -34 -19 -19
1 43530 401 -209 -9 118 -9 1393 -1 -2 59 100 4 145 44 N N N N -107 -31 -27 21 21
1 40000 357 3176 1 3 0 0 0 0 3 213 -43 391 98 N N N N -108 -30 -60 25 25
1 40000 365 -480 0 3 0 0 0 0 -174 175 21 369 91 N N N N -369 -102 -60 67 67
1 42000 340 -435 26 -124 39 -1404 0 2 -223 -21 125 232 79 N N N N -348 -95 -50 63 63
1 40000 316 -327 2 1 0 0 0 0 -130 -102 30 146 50 N N N N -65 -19 -27 14 14
1 40000 296 -296 -2 -3 0 0 0 0 -52 -139 12 197 56 N N N N -239 -65 -38 43 43
1 40000 307 -236 5 3 0 0 0 0 12 -116 -7 265 81 N N N N -363 -98 -44 65 65
1 40000 297 -252 -4 0 0 0 0 0 64 -109 -18 143 54 N N N N -156 -43 -31 29 29
1 43648 325 130 -5 -129 0 -1365 -1 -2 -36 16 -22 243 42 N N N N -54 -16 -30 12 12
1 40000 290 454 -1 4 0 0 0 0 -29 214 59 313 98 N N N N -83 -24 -67 20 20
1 39999 296 482 -3 -2 0 0 0 0 152 188 3 118 58 N N N N 1 -1 -37 4 4
1 40065 265 498 3 36 0 205 1 -1 248 37 -79 77 23 N N N N 511 134 -13 -82 -82
1 40347 279 347 4 91 -6 1178 -1 3 139 -93 -80 178 49 N N N N 581 153 -29 -91 -91
1 40001 259 241 6 0 0 0 0 0 45 -117 -11 201 56 N N N N 311 81 -29 -47 -47
1 39999 232 -3350 -4 0 0 0 0 0 -11 -130 -1 95 39 N N N N 437 115 -26 -67 -67
1 40000 256 251 0 0 0 0 0 0 -68 -113 15 117 39 N N N N 395 103 -18 -62 -62
1 40000 238 183 3 -4 0 0 0 0 -76 -59 20 -1 11 N N N N 181 47 -11 -28 -28
1 44883 252 -164 -11 118 -10 1392 0 -2 71 66 20 107 15 N N N N 1305 345 -13 -206 -206
1 39999 227 -433 -3 7 0 0 0 0 88 196 -64 192 47 N N N N 657 171 -30 -100 -100
1 40003 235 3189 2 2 0 0 0 0 -75 198 -17 249 66 N N N N 312 79 -42 -43 -43
1 39905 217 -465 1 -33 -1 -203 -1 -1 -215 104 57 42 32 N N N N 316 82 -21 -47 -47
1 40094 215 -408 -4 -95 1 -1202 0 3 -193 -82 103 106 21 N N N N 1436 378 -10 -223 -223
1 39999 209 -309 6 1 0 0 0 0 -94 -124 21 179 46 N N N N 1222 320 -29 -184 -184
1 40001 227 -261 3 1 0 0 0 0 -21 -128 1 119 38 N N N N 311 80 -21 -45 -45
1 40000 233 -259 -5 2 0 0 0 0 41 -122 -11 142 39 N N N N 415 106 -28 -59 -59
1 39998 218 -275 5 0 0 0 0 0 94 -99 -29 133 39 N N N N 744 194 -24 -110 -110
1 45823 261 125 -17 -128 0 -1379 -1 -2 -45 7 -32 139 33 N N N N 524 135 -27 -75 -75
1 40410 247 486 3 6 0 0 0 0 -86 211 77 167 43 N N N N -645 -173 -29 103 103
1 40354 252 482 -2 0 0 0 0 0 110 211 18 235 55 N N N N -461 -125 -43 76 76
1 40355 250 473 0 -2 0 0 0 0 225 79 -50 140 49 N N N N -178 -49 -27 32 32
1 40940 244 422 6 124 -8 1390 -1 2 188 -68 -115 128 47 N N N N -348 -93 -24 56 56
1 40000 261 199 3 2 0 0 0 0 53 -89 -15 6 16 N N N N -57 -15 -6 10 10
1 40000 258 160 0 -1 0 0 0 0 17 -82 -6 266 60 N N N N -46 -15 -29 11 11
1 40000 265 -52 -2 -2 0 0 0 0 -3 27 0 64 30 N N N N 140 35 -21 -18 -18
1 40000 272 -264 -4 -1 0 0 0 0 -53 126 16 258 57 N N N N 177 42 -39 -21 -21
1 44236 300 -440 -6 124 -10 1392 -1 -2 -190 130 -7 145 48 N N N N 333 84 -35 -45 -45
1 42061 280 -407 21 -123 30 -1412 0 2 -205 -55 121 228 45 N N N N 326 82 -34 -44 -44
1 40001 284 -321 1 0 0 0 0 0 -113 -116 26 145 51 N N N N 332 84 -27 -45 -45
1 39997 278 -285 2 -2 0 0 0 0 -36 -138 6 184 49 N N N N 176 43 -28 -22 -22
1 40000 289 -276 1 1 0 0 0 0 33 -133 -12 121 47 N N N N 322 81 -31 -43 -43
1 40001 295 -298 -3 0 0 0 0 0 102 -110 -28 60 23 N N N N 292 74 -15 -42 -42
1 44409 332 81 -4 -124 0 -1374 0 -2 -32 -4 -41 152 30 N N N N 229 57 -21 -30 -30
1 40296 327 435 1 1 0 0 0 0 -99 178 70 196 42 N N N N 328 83 -32 -44 -44
1 40294 319 461 -3 -1 0 0 0 0 67 214 34 82 39 N N N N 662 169 -24 -93 -93
1 40472 328 488 0 1 0 0 0 0 218 118 -34 79 26 N N N N 436 111 -14 -62 -62
1 42584 341 464 0 124 -6 1387 -1 2 220 -46 -121 163 37 N N N N 526 134 -23 -73 -73
1 40001 301 201 9 -3 0 0 0 0 62 -84 -15 58 32 N N N N 189 47 -16 -25 -25
1 40000 331 -103 -5 3 0 0 0 0 -28 46 7 93 29 N N N N 315 80 -16 -43 -43
1 40001 315 -284 2 -1 0 0 0 0 -115 91 33 164 33 N N N N 332 83 -26 -44 -44
1 39999 313 -289 -4 3 0 0 0 0 -145 26 39 137 32 N N N N 474 120 -22 -64 -64
1 44297 360 22 -8 -126 0 -1387 -1 -2 13 -32 55 169 37 N N N N 291 72 -26 -38 -38
1 42529 322 413 3 125 -8 1389 0 2 198 -33 -115 201 59 N N N N 233 55 -40 -26 -26
1 39999 313 209 6 -2 0 0 0 0 69 -83 -19 130 48 N N N N 390 98 -21 -52 -52
1 40000 294 52 -1 1 0 0 0 0 13 -24 -5 131 42 N N N N 295 73 -26 -38 -38
1 40001 319 -276 -2 2 0 0 0 0 -88 112 26 284 45 N N N N 360 89 -28 -46 -46
1 40000 271 -304 -5 -2 0 0 0 0 -144 58 41 199 60 N N N N 651 161 -47 -83 -83
1 39999 293 -308 6 3 0 0 -1 0 -156 -21 42 138 46 N N N N 909 230 -28 -123 -123
1 40001 289 -294 -3 -4 0 0 0 0 -118 -90 33 203 54 N N N N 550 136 -36 -70 -70
1 39999 290 -255 -3 2 0 0 0 0 -58 -113 12 98 37 N N N N 593 150 -23 -79 -79
1 40000 286 -209 5 -2 0 0 0 0 -7 -105 0 51 25 N N N N 711 180 -14 -96 -96
1 40000 293 -250 0 3 0 0 0 0 42 -116 -13 82 20 N N N N 355 90 -12 -47 -47
1 44292 312 78 -13 -127 0 -1389 -1 -2 -15 -4 -22 88 22 N N N N -582 -153 -16 84 84
1 40002 303 468 5 1 0 0 0 0 -4 222 54 104 23 N N N N -182 -49 -16 29 29
1 40000 300 422 3 0 0 0 0 0 143 158 -5 118 31 N N N N 365 90 -22 -46 -46
1 39592 308 371 -1 -2 0 0 0 0 185 39 -46 167 40 N N N N 204 49 -25 -23 -23
1 42527 298 269 1 125 -10 1385 0 2 127 -25 -95 95 40 N N N N -24 -9 -19 7 7
1 39999 281 23 4 -1 0 0 0 0 9 -7 -1 83 27 N N N N 93 21 -15 -10 -10
1 39999 298 -243 -4 3 0 0 0 0 -112 55 30 120 24 N N N N 51 10 -21 -3 -3
1 40000 292 -314 -4 0 0 0 0 0 -158 -3 46 104 29 N N N N 101 23 -19 -10 -10
1 40002 287 -289 0 -2 0 0 0 0 -126 -74 35 128 28 N N N N 205 49 -19 -24 -24
1 44056 331 74 -7 -123 0 -1378 -1 -2 30 -16 39 71 25 N N N N 167 40 -20 -19 -19
1 40002 314 457 0 -1 0 0 0 0 220 71 -52 93 17 N N N N -563 -146 -11 80 80
1 37117 252 277 27 124 22 1383 0 2 129 -21 -90 105 32 N N N N -234 -63 -20 36 36
1 40001 276 -51 -2 -1 0 0 0 0 -23 13 6 37 19 N N N N -44 -13 -11 8 8
1 39999 269 -258 0 1 0 0 0 0 -128 39 32 138 19 N N N N -387 -101 -14 56 56
1 40000 265 -293 1 0 0 0 0 0 -147 -27 40 203 46 N N N N -157 -45 -31 28 28
1 40001 270 -299 1 -2 0 0 0 0 -119 -95 28 102 37 N N N N 561 140 -24 -73 -73
1 44939 305 94 -8 -118 1 -1380 0 -2 35 -4 33 130 36 N N N N 629 156 -25 -80 -80
1 40414 286 469 -3 0 0 0 0 0 219 96 -38 145 35 N N N N 322 77 -26 -39 -39
1 41881 274 475 4 121 -7 1382 0 2 216 -70 -119 92 36 N N N N -77 -22 -18 14 14
1 40000 250 62 3 0 0 0 0 0 21 -25 -4 3 16 N N N N -414 -106 -5 58 58
1 40000 269 -261 -2 2 0 0 0 0 -101 90 27 55 9 N N N N -332 -86 -8 47 47
1 40000 267 -290 -4 0 0 0 0 0 -144 36 38 153 25 N N N N -121 -33 -16 19 19
1 40000 274 -268 4 -2 0 0 0 0 -135 -31 36 122 37 N N N N 413 101 -26 -51 -51
1 44294 289 106 -9 -125 0 -1382 -1 -2 54 -18 44 44 21 N N N N 478 119 -13 -62 -62
1 40995 287 416 -4 135 -8 1384 -1 2 210 23 -123 17 5 N N N N 104 26 -5 -13 -13
1 40829 273 283 11 -11 0 0 0 0 112 -94 -23 144 28 N N N N -112 -31 -15 18 18
1 40001 269 72 1 -2 0 0 0 0 20 -32 -6 168 50 N N N N -38 -15 -30 11 11
1 39999 272 -255 -2 5 0 0 0 0 -88 99 24 148 30 N N N N 421 104 -19 -53 -53
1 40000 275 -295 -3 0 0 0 0 0 -142 52 39 50 25 N N N N 449 111 -20 -57 -57
1 40000 259 -273 2 -3 0 0 0 0 -139 -20 39 36 11 N N N N 299 74 -7 -38 -38
1 43764 303 10 -9 -124 0 -1384 0 -2 8 -35 55 91 19 N N N N 376 93 -13 -48 -48
1 40991 285 416 3 37 -5 207 1 -1 209 19 -74 58 18 N N N N 450 112 -13 -58 -58
1 39011 274 136 2 87 -5 1168 -1 3 62 -15 -58 56 19 N N N N 198 48 -9 -24 -24
1 40000 285 -304 -4 0 0 0 0 0 -147 51 41 73 13 N N N N 298 74 -11 -38 -38
1 39998 264 -344 0 4 0 0 0 0 -169 -38 48 124 25 N N N N 160 37 -17 -17 -17
1 40001 275 -282 3 -4 0 0 0 0 -106 -97 28 64 24 N N N N 77 17 -16 -7 -7
1 40000 273 -268 -2 -2 0 0 0 0 -46 -126 11 100 22 N N N N 80 18 -14 -8 -8
1 43528 326 69 -9 -124 1 -1384 0 -2 9 -10 11 58 20 N N N N 296 72 -15 -36 -36
1 39999 290 424 3 6 0 0 0 0 120 177 4 52 16 N N N N 182 44 -12 -21 -21
1 40002 297 414 -2 -1 0 0 0 0 201 64 -46 48 6 N N N N -30 -9 -5 5 5
1 44177 302 479 2 121 -9 1384 0 2 209 -88 -123 56 16 N N N N -4 -3 -11 3 3
1 39999 294 233 3 1 0 0 0 0 49 -111 -14 62 16 N N N N -8 -3 -8 2 2
1 40000 279 47 5 0 0 0 0 0 4 -24 0 80 25 N N N N 85 18 -15 -8 -8
1 40000 291 -262 -5 -4 0 0 0 0 -48 127 13 11 0 N N N N -7 -2 -5 2 2
1 40000 280 -245 -3 2 0 0 0 0 -92 86 29 44 8 N N N N -526 -135 -8 72 72
1 46000 312 -410 -20 5 -10 7 -1 0 -199 37 60 91 15 N N N N -586 -150 -13 81 81
1 40002 289 -291 13 -2 0 0 0 0 -137 -61 40 233 50 N N N N -73 -23 -29 15 15
1 39998 302 -293 -1 0 0 0 0 0 -89 -116 25 64 19 N N N N 249 59 -19 -29 -29
1 40001 274 -253 1 -1 0 0 0 0 -25 -124 5 54 23 N N N N 254 63 -9 -31 -31
1 39999 295 -297 -5 6 0 0 0 0 44 -140 -13 182 39 N N N N 275 65 -23 -32 -32
1 40001 289 -290 6 -7 0 0 0 0 102 -103 -36 147 42 N N N N 649 157 -30 -79 -79
1 45294 320 91 13 -125 29 -1397 0 -2 -42 -3 -44 103 29 N N N N 573 141 -21 -70 -70
1 39999 274 459 1 4 0 0 0 0 -107 187 76 115 26 N N N N 408 99 -18 -50 -50
1 40000 304 500 1 -4 0 0 0 0 82 227 32 172 42 N N N N 315 74 -26 -35 -35
1 42000 295 445 -2 5 0 0 0 0 203 103 -36 113 36 N N N N -29 -12 -23 9 9
1 41415 284 459 2 119 -6 1397 -1 2 217 -44 -121 38 21 N N N N 242 59 -11 -29 -29
1 39999 279 186 6 3 0 0 0 0 59 -76 -17 49 21 N N N N 519 128 -9 -65 -65
1 39998 283 -183 -5 -1 0 0 0 0 -58 75 16 23 5 N N N N 451 112 -5 -57 -57
1 40001 284 -284 1 2 0 0 0 0 -129 70 37 74 12 N N N N 69 16 -9 -7 -7
1 40000 273 -272 -4 -2 0 0 0 0 -138 2 40 188 36 N N N N 231 53 -25 -24 -24
1 44646 336 103 -6 -124 -1 -1396 0 -2 54 -26 44 83 25 N N N N 620 151 -21 -75 -75
1 41471 290 438 3 122 -8 1393 0 2 207 -41 -121 99 28 N N N N 321 77 -16 -37 -37
1 39998 298 223 4 1 0 0 0 0 70 -92 -19 135 39 N N N N 454 109 -20 -53 -53
1 40001 292 -207 -9 0 0 0 0 0 -62 87 16 71 22 N N N N 888 219 -14 -110 -110
1 39999 292 -289 4 1 0 0 0 0 -131 70 41 38 11 N N N N 619 152 -11 -75 -75
1 40000 291 -297 1 0 0 0 0 0 -152 -2 43 39 7 N N N N 654 163 -5 -81 -81
1 44651 344 17 -10 -125 0 -1389 -1 -2 12 -34 56 150 31 N N N N 732 178 -22 -87 -87
1 41940 327 389 -3 122 -10 1391 0 2 194 17 -118 48 19 N N N N 782 192 -12 -95 -95
1 39999 309 91 14 2 0 0 0 0 40 -22 -9 26 13 N N N N 253 62 -6 -29 -29
1 40000 294 -244 -4 2 0 0 0 0 -116 46 33 83 12 N N N N 312 76 -8 -37 -37
1 40000 314 -290 -1 0 0 0 0 0 -147 -12 43 66 19 N N N N 773 189 -15 -92 -92
1 40001 308 -281 0 0 0 0 0 0 -120 -75 34 70 14 N N N N 779 192 -10 -93 -93
1 39999 303 -281 0 1 0 0 0 0 -71 -121 20 80 20 N N N N 54 10 -15 -3 -3
1 44119 340 39 -15 -126 0 -1398 -1 -2 10 -27 19 28 11 N N N N -608 -153 -9 77 77
1 40411 325 443 8 0 0 0 0 0 146 168 -9 117 21 N N N N 257 60 -15 -28 -28
1 41009 322 494 -4 31 -1 200 1 -1 245 32 -85 115 28 N N N N 837 204 -19 -97 -97
1 39343 273 348 23 91 22 1198 -1 3 135 -96 -76 71 22 N N N N 555 134 -13 -65 -65
1 39999 279 29 4 -2 0 0 0 0 7 -13 -2 74 26 N N N N 146 34 -12 -14 -14
1 40001 287 -275 -3 5 0 0 0 0 -98 103 28 81 17 N N N N -65 -19 -12 11 11
1 40000 290 -197 3 1 0 0 0 0 -95 38 26 44 14 N N N N 40 7 -12 -2 -2
1 39999 286 -243 -2 -1 0 0 0 0 -125 2 34 69 12 N N N N -120 -33 -9 17 17
1 43529 314 60 -9 -127 0 -1390 -1 -2 33 -29 50 72 17 N N N N 551 134 -12 -64 -64
1 41651 299 459 -7 124 -7 1389 1 2 221 -36 -126 102 24 N N N N -585 -150 -19 76 76
1 39999 275 308 12 1 0 0 0 0 88 -132 -21 33 16 N N N N -35 -11 -7 6 6
1 39998 289 -15 1 2 0 0 0 0 -2 8 1 63 14 N N N N 110 26 -8 -11 -11
1 40001 293 -259 -2 -1 0 0 0 0 -73 113 20 53 12 N N N N -33 -11 -9 7 7
1 40000 283 -317 -6 -2 0 0 0 0 -143 76 43 53 12 N N N N -774 -195 -10 96 96
1 39999 272 -335 2 5 0 0 0 0 -170 -15 46 35 8 N N N N -374 -94 -8 48 48
1 43532 320 -34 -10 -128 0 -1393 -1 -2 -13 -46 60 107 19 N N N N -156 -42 -13 22 22
1 40952 285 459 8 35 -2 215 -1 -1 227 29 -79 81 23 N N N N 737 178 -16 -86 -86
1 39047 294 255 -1 89 -7 1179 1 3 110 -55 -74 35 14 N N N N 501 123 -7 -58 -58
1 39999 280 -157 1 -1 0 0 0 0 -64 51 19 59 12 N N N N 364 88 -8 -43 -43
1 40000 290 -265 1 0 0 0 0 0 -130 41 38 61 16 N N N N 555 135 -10 -64 -64
1 40000 274 -265 -1 3 0 0 0 0 -133 -22 38 69 16 N N N N 351 84 -11 -39 -39
1 39999 299 -283 1 1 0 0 0 0 -117 -81 32 47 16 N N N N 359 86 -11 -41 -41
1 44649 334 72 -12 -124 0 -1391 -1 -2 30 -17 38 23 4 N N N N 510 125 -7 -59 -59
1 38669 201 292 254 134 216 1440 -101 -2 71 106 -95 97 2 N N N N -390 -99 -11 50 50
1 40005 165 185 -11 -2 0 1 -174 0 101 15 -6 52 14 N N N N -273 -71 -10 35 35
1 40007 114 234 42 10 -1 -1 -167 0 122 -22 -14 17 0 N N N N -133 -34 -5 18 18
1 58140 -50 189 229 -3 484 -1 -195 0 13 -63 91 -40 2 N N N N -132 -35 -9 18 18
1 22633 -107 6 21 3 0 1 -98 0 -4 -1 3 56 21 N N N N -38 -10 0 4 4
1 39248 -255 -38 -13 6 0 -1 -163 0 -9 16 -12 -52 5 N N N N -44 -9 6 4 4
1 39951 -330 -194 9 6 -1 0 -167 0 -86 55 -42 -118 -24 N N N N 6 6 17 -5 -5
1 43993 -409 -406 -124 -18 1 0 -113 4 -174 4 -69 -35 -12 N N N N 751 189 10 -93 -93
1 40000 -382 -316 -3 2 0 0 0 0 -133 -82 -47 -80 -17 N N N N 227 59 11 -30 -30
1 40001 -380 -286 2 2 0 0 0 0 -69 -124 -27 -65 -16 N N N N -359 -86 13 40 40
1 40000 -387 -286 -2 -5 0 0 0 0 -2 -142 3 -86 -23 N N N N -234 -54 13 24 24
1 40000 -394 -268 -4 4 0 0 0 0 57 -120 24 -57 -12 N N N N -417 -101 10 48 48
1 39999 -363 -293 0 -3 0 0 0 0 117 -85 44 -132 -28 N N N N -558 -134 15 63 63
1 40707 -398 -403 18 -122 10 -1388 -40 -2 195 -30 14 -77 -23 N N N N -997 -243 18 116 116
1 40000 -403 -534 -5 5 0 0 0 0 184 177 110 -51 -14 N N N N -477 -116 11 56 56
1 40000 -396 3060 -1 0 0 0 0 0 -48 264 35 -98 -22 N N N N 376 97 13 -50 -50
1 41203 -412 -490 101 157 -54 1385 -4 -2 -237 157 -140 -42 -12 N N N N 490 124 12 -62 -62
1 40739 -361 -433 -142 -38 0 -1 -14 4 -170 -73 -44 -116 -19 N N N N -89 -18 15 7 7
1 39997 -340 -305 -4 -3 0 0 0 0 -87 -125 -24 -84 -18 N N N N 451 116 14 -59 -59
1 40000 -365 -326 4 3 0 0 0 0 -12 -161 -3 -60 -18 N N N N -32 -5 13 0 0
1 40000 -343 -287 -3 0 0 0 0 0 64 -128 21 -88 -20 N N N N 45 15 13 -8 -8
1 40001 -361 -243 0 1 0 0 0 0 97 -74 33 -84 -20 N N N N -30 -4 12 0 0
1 38751 -363 -276 -9 -86 5 -995 -105 0 139 -42 0 -93 -30 N N N N 81 24 17 -14 -14
1 44721 -400 -594 19 -34 2 -380 -1 -2 248 135 92 -158 -40 N N N N 74 24 22 -15 -15
1 39999 -387 3041 -4 2 0 0 0 0 -2 277 52 -73 -22 N N N N -505 -121 19 57 57
1 42469 -387 -601 3 29 0 207 1 -1 -257 168 -65 -114 -21 N N N N -729 -178 15 85 85
1 35826 -336 -391 -15 89 -1 1165 -73 3 -182 -44 -101 -67 -23 N N N N 101 29 15 -16 -16
1 40000 -392 -315 -13 2 0 0 0 0 -93 -127 -20 -100 -23 N N N N -67 -13 16 4 4
1 40000 -388 -246 5 -4 0 0 0 0 -19 -121 -4 -52 -14 N N N N -671 -164 13 79 79
1 40000 -395 -278 2 1 0 0 0 0 41 -132 11 -42 -6 N N N N -514 -126 8 61 61
1 40001 -381 -282 1 -2 0 0 0 0 100 -100 30 -161 -33 N N N N -250 -58 18 26 26
1 40000 -395 -275 -3 1 0 0 0 0 135 -42 40 -49 -15 N N N N -632 -155 15 75 75
1 36703 -360 -405 23 -119 10 -1384 -25 -2 193 30 10 -75 -28 N N N N -726 -179 10 88 88
1 40000 -386 3062 -3 2 0 0 0 0 118 233 86 -157 -35 N N N N -633 -154 17 75 75
1 40001 -402 -571 -4 1 0 0 0 0 -144 249 0 -124 -33 N N N N -1015 -248 30 121 121
1 42177 -417 -559 -4 121 0 1393 -18 2 -275 45 -138 -205 -54 N N N N -836 -204 22 100 100
1 40000 -407 -274 -6 -1 0 0 0 0 -107 -87 -28 -156 -34 N N N N -1065 -260 37 127 127
1 39999 -395 -257 0 -2 0 0 0 0 -55 -116 -14 -38 -16 N N N N -638 -156 14 79 79
1 40000 -407 -305 -5 2 0 0 0 0 7 -151 7 -108 -25 N N N N -622 -153 15 76 76
1 40000 -402 -272 2 -2 0 0 0 0 70 -116 21 -233 -53 N N N N -555 -133 32 65 65
1 40002 -384 -295 1 1 0 0 0 0 129 -76 38 -147 -40 N N N N -274 -64 25 29 29
1 45467 -457 187 16 -2 8 -19 0 0 -88 41 -32 -198 -51 N N N N -516 -123 32 60 60
1 40002 -411 116 -16 3 0 0 0 0 -43 38 -8 -196 -54 N N N N -768 -186 38 92 92
1 40000 -397 -262 7 -3 0 0 0 0 110 -72 32 -73 -26 N N N N -608 -150 17 76 76
1 40000 -393 -285 -5 2 0 0 0 0 147 -15 45 -264 -67 N N N N -544 -130 39 64 64
1 40000 -395 -254 0 0 0 0 0 0 123 49 37 -64 -18 N N N N -559 -138 20 70 70
1 40000 -402 -295 1 -1 0 0 0 0 101 115 29 -52 -15 N N N N 732 187 11 -100 -100
1 40411 -401 3168 14 -118 8 -1366 -16 -2 12 177 22 -141 -37 N N N N 277 73 18 -40 -40
1 40002 -396 -608 -3 2 0 0 0 0 -226 207 -35 -40 -10 N N N N 0 3 13 -3 -3
1 44235 -434 -507 -8 115 0 1379 0 2 -241 -33 -131 -54 -9 N N N N 62 17 10 -11 -11
1 39999 -399 -311 1 -1 0 0 0 0 -90 -127 -24 -131 -31 N N N N 117 33 17 -19 -19
1 40002 -384 -312 -1 1 0 0 0 0 -13 -154 -3 -99 -24 N N N N -116 -27 16 12 12
1 40000 -395 -310 0 1 0 0 0 0 68 -138 22 -136 -35 N N N N -212 -49 24 23 23
1 39999 -396 -297 0 -1 0 0 0 0 124 -83 40 -118 -33 N N N N -131 -29 22 12 12
1 37293 -364 -397 17 -115 8 -1385 -24 -2 198 -21 5 -59 -18 N N N N -216 -52 13 26 26
1 39999 -391 -574 3 -1 0 0 0 0 185 204 104 -131 -32 N N N N -241 -58 18 28 28
1 40000 -384 3032 0 1 0 0 0 0 -88 270 23 -63 -16 N N N N -272 -66 13 34 34
1 41322 -418 -613 7 118 0 1387 -19 2 -291 102 -144 -110 -32 N N N N -303 -74 17 37 37
1 40795 -385 -391 -21 -1 0 0 0 0 -152 -118 -43 -76 -14 N N N N -651 -162 16 84 84
1 40000 -402 -302 0 1 0 0 0 0 -49 -142 -12 -210 -54 N N N N -682 -169 28 86 86
1 40000 -394 -277 -4 -7 0 0 0 0 24 -136 11 -121 -34 N N N N -431 -104 30 52 52
1 40000 -395 -291 -2 6 0 0 0 0 90 -114 30 -26 -7 N N N N 106 28 6 -16 -16
1 40000 -394 -333 3 -6 0 0 0 0 156 -60 48 -261 -62 N N N N 9 6 25 -6 -6
1 44591 -441 -559 19 -115 7 -1391 1 -2 251 77 44 -52 -25 N N N N -710 -175 34 90 90
1 40001 -391 2989 0 3 0 0 0 0 37 295 72 -188 -44 N N N N 79 23 17 -15 -15
1 39999 -403 -586 -5 0 0 0 0 0 -231 181 -46 -214 -57 N N N N 260 72 35 -42 -42
1 40469 -403 -545 -3 123 0 1382 -26 2 -249 -62 -143 -183 -52 N N N N -55 -8 35 0 0
1 40001 -400 -327 -5 -4 0 0 0 0 -73 -146 -17 -249 -64 N N N N -703 -173 41 88 88
1 40000 -412 -295 -5 -2 0 0 0 0 9 -146 9 -63 -21 N N N N -452 -112 21 58 58
1 39999 -409 -290 3 -1 0 0 0 0 78 -121 24 -127 -31 N N N N 159 43 19 -26 -26
1 40000 -406 -266 -4 1 0 0 0 0 117 -67 38 -23 -9 N N N N 311 81 9 -44 -44
1 43664 -465 166 -12 1 -30 2 0 0 -75 35 -21 -300 -70 N N N N 147 44 42 -29 -29
1 40631 -381 176 -9 7 0 0 0 0 -66 60 -14 -38 -17 N N N N 196 54 18 -31 -31
1 39999 -399 -227 0 -3 0 0 0 0 89 -72 27 -176 -42 N N N N 126 35 22 -21 -21
1 40001 -379 -273 1 1 0 0 0 0 137 -34 38 -149 -40 N N N N -154 -35 27 15 15
1 39999 -396 -175 -2 2 0 0 0 0 91 14 27 -160 -44 N N N N -18 0 30 -3 -3
1 40001 -394 -250 7 -2 0 0 0 0 113 64 30 -205 -49 N N N N 58 19 26 -14 -14
1 36587 -355 -375 15 -126 7 -1380 -19 -2 89 127 13 -70 -28 N N N N -519 -129 23 68 68
1 39999 -387 3018 -4 5 0 0 0 0 -98 274 22 -136 -37 N N N N 213 58 22 -35 -35
1 39601 -399 -563 11 115 0 1386 -14 2 -274 95 -129 -92 -25 N N N N 229 62 19 -35 -35
1 40812 -406 -382 -19 1 0 0 0 0 -156 -108 -41 -127 -30 N N N N -229 -56 18 28 28
1 40001 -423 -283 -5 2 0 0 0 0 -56 -130 -11 -169 -43 N N N N -302 -74 28 36 36
1 40000 -405 -321 4 0 0 0 0 0 20 -158 6 -172 -44 N N N N -375 -92 29 47 47
1 40000 -416 -323 -2 -2 0 0 0 0 102 -125 30 -186 -50 N N N N -957 -241 32 127 127
1 39999 -407 -308 0 -3 0 0 0 0 147 -53 45 -222 -58 N N N N -583 -145 36 75 75
1 43766 -461 -525 23 -115 8 -1393 -1 -2 241 66 32 -359 -98 N N N N -683 -169 52 87 87
1 40352 -418 3056 -4 0 0 0 0 0 69 257 71 -231 -73 N N N N -699 -174 52 90 90
1 40353 -419 -564 -3 1 0 0 0 0 -189 215 -21 -74 -28 N N N N -262 -64 26 33 33
1 45235 -486 -579 -8 118 0 1401 0 2 -280 -16 -140 -200 -50 N N N N -387 -96 28 50 50
1 40000 -426 -325 -4 0 0 0 0 0 -96 -132 -22 -244 -56 N N N N -359 -89 34 46 46
1 40000 -427 -324 3 -2 0 0 0 0 -10 -160 -1 -75 -32 N N N N -523 -132 28 70 70
1 40000 -437 -339 2 3 0 0 0 0 81 -147 24 -109 -28 N N N N -356 -90 15 49 49
1 40001 -432 -319 -8 0 0 0 0 0 143 -76 45 -177 -45 N N N N -341 -86 28 45 45
1 44294 -489 -535 25 -119 9 -1392 0 -2 255 35 31 -265 -76 N N N N -499 -124 43 65 65
1 40350 -430 3031 -4 0 0 0 0 0 99 258 82 -107 -34 N N N N -598 -152 27 83 83
1 40356 -442 -570 2 2 0 0 0 0 -176 229 -13 -239 -61 N N N N -600 -152 39 82 82
1 43470 -475 -569 -9 121 0 1388 0 2 -276 8 -143 -240 -66 N N N N -706 -180 39 99 99
1 40000 -438 -422 -5 -6 0 0 0 0 -123 -170 -30 -302 -68 N N N N -662 -169 39 92 92
1 40001 -425 -315 0 1 0 0 0 0 0 -156 3 -258 -88 N N N N -485 -120 61 63 63
1 39999 -453 -250 -3 1 0 0 0 0 60 -110 20 -207 -57 N N N N -572 -146 31 81 81
1 40000 -441 -285 1 1 0 0 0 0 118 -82 36 -91 -34 N N N N -331 -84 30 46 46
1 45823 -510 42 3 2 9 -5 0 0 -20 9 -5 -257 -64 N N N N -284 -71 42 37 37
1 40001 -439 -118 1 -4 0 0 0 0 57 -21 15 -255 -69 N N N N 293 80 36 -50 -50
1 40001 -439 -293 2 -3 0 0 0 0 149 4 47 -206 -62 N N N N -65 -13 46 2 2
1 39999 -436 -256 -3 5 0 0 0 0 118 66 35 -267 -73 N N N N 254 71 43 -45 -45
1 39999 -436 -249 1 -3 0 0 0 0 76 104 22 -210 -64 N N N N 138 41 45 -28 -28
1 43766 -481 3064 29 -118 10 -1386 0 -2 -29 225 27 -329 -92 N N N N -91 -20 41 7 7
1 40526 -447 -606 -4 25 0 206 0 -1 -260 159 -77 -254 -68 N N N N -189 -46 47 22 22
1 39885 -408 -441 -40 94 -39 1178 0 3 -195 -70 -100 -276 -79 N N N N -1260 -327 60 185 185
1 40001 -395 -345 -2 2 0 0 0 0 -79 -153 -17 -86 -28 N N N N -1161 -305 22 177 177
1 39999 -401 -360 2 0 0 0 0 0 24 -176 7 -196 -51 N N N N -1594 -419 30 247 247
1 40000 -409 -356 -5 -3 0 0 0 0 123 -129 38 -278 -76 N N N N -1303 -342 42 201 201
1 40000 -403 -302 4 0 0 0 0 0 150 -37 42 -153 -58 N N N N -637 -165 49 96 96
1 44883 -450 -555 31 -123 8 -1383 0 -2 236 97 39 -221 -48 N N N N -818 -216 24 130 130
1 40000 -411 3005 -11 3 0 0 0 0 20 292 60 -471 -135 N N N N -709 -185 81 105 105
1 40587 -429 -604 -3 32 -1 204 1 -1 -253 177 -63 -317 -95 N N N N -371 -96 49 56 56
1 39413 -395 -407 -10 90 1 1181 -1 3 -192 -46 -101 -326 -98 N N N N -76 -18 67 5 5
1 39999 -417 -266 -4 -4 0 0 0 0 -84 -104 -18 -124 -51 N N N N 196 54 40 -37 -37
1 40000 -422 -217 -3 -1 0 0 0 0 -28 -105 -5 -315 -75 N N N N 100 28 38 -20 -20
1 40001 -427 -277 2 4 0 0 0 0 24 -135 8 -408 -121 N N N N -34 -6 67 -3 -3
1 39999 -436 -283 5 1 0 0 0 0 86 -112 25 -231 -75 N N N N 295 82 60 -55 -55
1 44823 -484 148 3 130 0 1397 0 -2 -52 67 19 -240 -69 N N N N 267 73 44 -49 -49
1 40000 -459 702 22 -4 0 0 0 0 -14 318 -93 -276 -77 N N N N 249 69 46 -46 -46
1 40001 -442 688 -3 3 0 0 0 0 303 155 64 -155 -51 N N N N 113 32 39 -23 -23
1 41647 -444 533 -21 -127 8 -1397 0 2 218 -179 135 -218 -63 N N N N -53 -12 40 4 4
1 39999 -446 -89 -2 -5 0 0 0 0 -23 38 -7 -373 -104 N N N N -981 -261 60 156 156
1 40000 -439 -269 2 3 0 0 0 0 -105 92 -33 -392 -111 N N N N -620 -165 69 96 96
1 40000 -437 -281 -2 -2 0 0 0 0 -140 32 -41 -161 -63 N N N N -179 -46 45 25 25
1 40000 -439 -292 3 1 0 0 0 0 -144 -39 -43 -174 -53 N N N N -581 -156 26 95 95
1 43177 -479 230 9 128 0 1407 0 -2 109 50 -34 -338 -91 N N N N -327 -87 57 50 50
1 42704 -489 707 4 -127 9 -1411 0 2 300 -176 164 -291 -84 N N N N -16 -2 57 -3 -3
1 40000 -445 217 -15 2 0 0 0 0 32 -109 5 -239 -77 N N N N -171 -45 52 24 24
1 40001 -442 -123 1 -3 0 0 0 0 -11 62 -3 -325 -95 N N N N -261 -70 51 40 40
1 39999 -442 -209 6 2 0 0 0 0 -49 98 -17 -217 -71 N N N N -278 -74 51 43 43
1 40002 -429 -127 -7 1 0 0 0 0 -44 48 -15 -254 -71 N N N N -204 -55 41 31 31
1 41282 -462 -425 28 3 -19 6 1 -2 -210 67 -66 -418 -117 N N N N -121 -31 64 15 15
1 42072 -427 -439 -32 -5 -1 0 -1 2 -195 -92 -51 -372 -108 N N N N 568 157 74 -106 -106
1 39999 -412 -238 -5 2 0 0 0 0 -66 -100 -13 -101 -46 N N N N 460 127 38 -83 -83
1 40000 -423 -261 5 -2 0 0 0 0 -19 -129 -5 -335 -90 N N N N 435 121 45 -80 -80
1 40002 -404 -241 -1 -2 0 0 0 0 35 -115 12 -251 -82 N N N N 395 110 61 -74 -74
1 39998 -414 -236 -5 3 0 0 0 0 78 -90 25 -58 -26 N N N N 21 6 16 -6 -6
1 45941 -477 226 8 120 0 1392 0 -2 -74 98 5 -498 -128 N N N N -15 -1 70 -4 -4
1 40000 -428 713 14 5 0 0 0 0 31 325 -78 -164 -65 N N N N 531 147 48 -97 -97
1 40120 -444 719 -4 -27 -1 -200 0 -1 337 103 98 -186 -56 N N N N -454 -123 39 74 74
1 39881 -390 485 -12 -97 9 -1195 0 3 173 -195 101 -231 -63 N N N N -102 -27 40 13 13
1 39999 -410 -89 3 -6 0 0 0 0 -19 40 -6 -172 -62 N N N N 361 101 38 -66 -66
1 40000 -415 -291 0 4 0 0 0 0 -103 111 -32 -221 -67 N N N N 1396 387 36 -246 -246
1 40001 -406 -259 -7 0 0 0 0 0 -125 42 -38 -506 -140 N N N N 3191 886 78 -553 -553
1 40000 -417 -236 1 1 0 0 0 0 -121 -13 -34 -344 -107 N N N N 3421 953 74 -581 -581
1 45294 -473 175 14 122 0 1394 0 -2 86 30 -41 -164 -59 N N N N 6542 1818 39 -1062 -1062
1 41824 -444 598 1 -122 10 -1403 0 2 256 -162 147 -148 -48 N N N N 6642 1848 37 -1031 -1031
1 39998 -415 67 -2 2 0 0 0 0 16 -31 4 -128 -45 N N N N 4405 1228 26 -660 -660
1 40000 -417 -212 -4 -4 0 0 0 0 -59 90 -21 -221 -57 N N N N 3275 918 38 -483 -483
1 40001 -410 -266 4 0 0 0 0 0 -117 73 -35 -129 -42 N N N N 2202 619 28 -321 -321
1 39999 -412 -250 -5 0 0 0 0 0 -127 12 -38 -167 -48 N N N N 948 272 33 -142 -142
1 43706 -475 117 10 124 0 1404 0 -2 59 19 -50 -182 -53 N N N N 5628 1576 35 -787 -787
1 41472 -433 499 -3 -123 10 -1402 0 2 215 -144 137 -273 -75 N N N N 4327 1222 50 -593 -593
1 40000 -416 -124 4 3 0 0 0 0 -42 50 -14 -139 -45 N N N N 1770 503 28 -241 -241
1 39999 -409 -256 -6 -4 0 0 0 0 -113 64 -36 -137 -44 N N N N 1969 559 27 -264 -265
1 40001 -404 -238 0 3 0 0 0 0 -121 11 -38 -173 -49 N N N N -3611 -999 31 461 462
1 40000 -401 -246 3 -3 0 0 0 0 -119 -40 -36 -54 -21 N N N N -3969 -1104 18 526 526
1 43765 -455 191 11 131 0 1403 0 -2 88 47 -41 -131 -34 N N N N -66 -11 24 2 2
1 43175 -437 671 -26 -126 -28 -1403 0 2 311 -130 159 -145 -41 N N N N 1985 564 29 -277 -277
1 40000 -371 131 1 3 0 0 0 0 32 -59 10 -212 -61 N N N N -3078 -853 32 408 408
1 40001 -373 -220 -1 -1 0 0 0 0 -60 96 -21 -157 -51 N N N N -7369 -2056 36 1025 1025
1 39999 -361 -218 3 -1 0 0 0 0 -93 64 -28 -136 -37 N N N N -9032 -2529 22 1337 1337
1 40000 -372 -271 -7 -4 0 0 0 0 -136 25 -38 -219 -62 N N N N -4909 -1372 38 759 759
1 40119 -378 -132 22 128 0 1408 -70 -2 -72 -1 -86 -174 -54 N N N N -2893 -808 37 458 458
1 39055 -375 499 -2 -123 8 -1407 -14 -2 248 -47 140 -64 -20 N N N N -2404 -673 22 391 391
1 41885 -398 63 -23 -3 -1 -1 -52 4 32 -22 5 -147 -43 N N N N -4055 -1138 24 678 678
1 40000 -396 -304 -2 -4 0 0 0 0 -142 65 -39 -139 -40 N N N N -1561 -438 24 264 264
1 40001 -402 -302 0 4 0 0 0 0 -155 -14 -42 -156 -46 N N N N -795 -222 33 134 134
1 40001 -378 -270 0 -1 0 0 0 0 -115 -75 -29 -216 -60 N N N N -30 -6 36 0 0
1 39998 -388 -309 3 4 0 0 0 0 -75 -135 -18 -189 -61 N N N N 419 121 34 -77 -77
1 36353 -365 -84 0 120 1 1403 -21 -2 -8 -36 -7 -228 -65 N N N N 686 197 47 -126 -126
1 40000 -410 726 14 2 0 0 0 0 226 267 -6 -204 -55 N N N N 1100 313 35 -195 -195
1 43530 -435 727 -2 -121 9 -1401 0 2 327 -142 163 -188 -57 N N N N -1033 -289 44 172 172
1 39999 -398 -64 -14 -5 0 0 0 0 -15 25 -9 -104 -39 N N N N -892 -250 27 152 152
1 40001 -393 -256 -1 -3 0 0 0 0 -101 84 -30 -222 -68 N N N N 22 9 38 -9 -9
1 39999 -400 -248 6 1 0 0 0 0 -127 30 -33 -198 -59 N N N N 424 122 39 -80 -80
1 40001 -401 -280 -2 3 0 0 0 0 -140 -30 -39 -133 -44 N N N N 2487 709 31 -436 -436
1 40469 -433 -13 5 128 0 1393 -16 -2 -7 5 -63 -248 -69 N N N N 2950 842 43 -509 -509
1 43355 -458 746 32 -121 11 -1399 0 2 345 -66 168 -146 -45 N N N N 2040 584 35 -347 -347
1 40000 -424 224 -25 -7 0 0 0 0 69 -101 15 -147 -48 N N N N 39 14 28 -12 -12
1 40000 -407 -252 -8 0 0 0 0 0 -68 109 -26 -271 -77 N N N N -694 -192 41 108 108
1 39999 -436 -243 -4 -3 0 0 0 0 -105 66 -31 -182 -53 N N N N -698 -194 45 109 109
1 40001 -418 -235 -1 3 0 0 0 0 -120 17 -35 -94 -32 N N N N 1503 431 22 -255 -255
1 40000 -415 -276 6 -1 0 0 0 0 -136 -43 -35 -244 -68 N N N N 804 235 41 -142 -142
1 44411 -467 101 4 123 -1 1425 0 -2 45 33 -48 -382 -98 N N N N 1410 411 60 -244 -244
1 42001 -450 724 14 -122 11 -1422 0 2 335 -100 162 -243 -81 N N N N 2383 691 63 -402 -402
1 40000 -394 -13 -7 -1 0 0 0 0 -2 5 -2 -250 -78 N N N N 1711 498 43 -285 -285
1 39999 -396 -312 -4 3 0 0 0 0 -131 91 -43 -153 -55 N N N N 781 231 44 -134 -134
1 40001 -394 -356 -4 -5 0 0 0 0 -180 1 -51 -134 -40 N N N N -23 -2 27 -2 -2
1 40000 -391 -277 3 3 0 0 0 0 -122 -70 -35 -190 -56 N N N N 175 57 39 -37 -37
1 39999 -387 -273 -2 -4 0 0 0 0 -76 -114 -17 -187 -54 N N N N 173 55 34 -35 -35
1 41530 -425 -69 0 133 0 1404 -15 -2 -10 -29 -19 -174 -54 N N N N -493 -135 37 70 70
1 39999 -426 645 7 1 0 0 0 0 219 228 6 -79 -23 N N N N -1053 -300 21 165 165
1 40000 -405 666 -17 -126 -22 -1400 -1 2 313 -115 155 -67 -9 N N N N 1554 450 13 -252 -252
1 40000 -406 -185 -2 -2 0 0 0 0 -70 64 -21 -186 -53 N N N N 1781 518 28 -290 -290
1 20000 -200 -131 -3 1 0 0 0 0 -59 31 -19 -194 -55 N N N N -47 -8 26 2 2
1 20000 -219 -113 4 -3 0 0 0 0 -58 15 -14 -162 -49 N N N N -702 -198 30 104 104
1 20001 -196 -143 6 5 0 0 0 0 -76 3 -21 -106 -39 N N N N -844 -238 33 127 127
1 19999 -221 -159 -8 0 0 0 0 0 -78 -18 -22 -58 -22 N N N N -1010 -289 19 159 159
1 20000 -215 -146 4 -1 0 0 0 0 -68 -35 -16 -22 -9 N N N N -969 -278 10 155 155
1 20000 -217 -162 -4 -2 0 0 0 0 -61 -55 -13 -31 -9 N N N N -332 -95 6 53 53
1 20000 -213 -131 -9 4 0 0 0 0 -36 -55 -5 -118 -32 N N N N 220 66 18 -40 -40
1 23706 -280 -56 22 122 1 1410 0 -2 -13 -23 -35 -131 -38 N N N N -117 -31 20 15 15
1 20000 -228 279 -12 -3 0 0 0 0 82 117 0 -85 -18 N N N N -335 -93 20 50 50
1 19999 -230 381 12 0 0 0 0 0 176 83 26 -192 -41 N N N N 140 45 31 -29 -29
1 21140 -238 402 14 -131 7 -1410 0 2 193 -71 131 -200 -64 N N N N -68 -13 42 2 2
1 20801 -222 252 -21 6 0 0 0 0 92 -96 19 -129 -38 N N N N -304 -85 21 45 45
1 20000 -223 -16 -1 3 0 0 0 0 -4 8 -3 -204 -68 N N N N -757 -214 41 117 117
1 20003 -221 -140 2 1 0 0 0 0 -45 58 -13 -123 -38 N N N N -730 -208 30 115 115
1 19997 -216 -149 0 0 0 0 0 0 -61 47 -18 -74 -25 N N N N -1175 -338 22 192 192
1 20000 -215 -146 -2 2 0 0 0 0 -69 30 -21 -63 -22 N N N N -777 -224 17 128 128
1 20000 -208 -144 -5 -10 0 0 0 0 -72 10 -18 -85 -25 N N N N -381 -109 13 62 62
1 20000 -221 -135 2 2 0 0 0 0 -70 -6 -21 -185 -46 N N N N -337 -95 27 53 53
1 20000 -214 -145 0 1 0 0 0 0 -71 -24 -17 -112 -32 N N N N -567 -162 26 92 92
1 20000 -213 -138 6 0 0 0 0 0 -61 -38 -17 -98 -22 N N N N -656 -189 23 108 108
1 23708 -260 -78 15 131 1 1398 0 -2 -30 -24 -59 -432 -110 N N N N 238 77 59 -52 -52
1 20002 -216 238 -16 -7 0 0 0 0 100 75 19 -371 -93 N N N N -168 -42 60 18 18
1 19999 -215 356 12 4 0 0 0 0 178 31 41 -425 -131 N N N N -477 -129 88 67 67
1 23176 -250 404 10 -123 9 -1399 0 2 171 -125 124 -225 -84 N N N N -1122 -321 71 184 184
1 20000 -207 153 -20 -1 0 0 0 0 47 -69 7 -158 -61 N N N N -915 -266 31 156 156
1 20000 -220 -98 2 -7 0 0 0 0 -24 43 -5 -388 -110 N N N N -886 -253 69 147 147
1 20001 -222 -120 3 4 0 0 0 0 -40 50 -12 -255 -75 N N N N -1005 -292 46 173 173
1 19999 -219 -158 0 1 0 0 0 0 -65 50 -21 -318 -90 N N N N -1204 -350 53 211 211
1 20001 -225 -155 -4 2 0 0 0 0 -74 29 -23 -370 -102 N N N N -1104 -319 90 190 190
1 19999 -223 -150 -3 -4 0 0 0 0 -76 9 -22 -76 -33 N N N N -151 -42 37 23 23
1 20000 -221 -103 -1 4 0 0 0 0 -53 -6 -15 -125 -25 N N N N 637 190 23 -122 -122
1 20000 -215 -115 1 -1 0 0 0 0 -57 -17 -16 -677 -152 N N N N 1559 470 97 -301 -301
1 20000 -212 -115 12 2 0 0 0 0 -54 -28 -15 -483 -118 N N N N 1438 434 81 -276 -276
1 24294 -264 -80 6 124 0 1407 0 -2 -33 -21 -62 -463 -141 N N N N 2586 783 125 -487 -487
1 20000 -225 244 -11 -5 0 0 0 0 109 67 23 -644 -144 N N N N 2232 675 85 -411 -411
1 19999 -221 287 8 4 0 0 0 0 144 19 39 -684 -111 N N N N 584 194 143 -131 -131
1 16362 -179 267 2 -127 -20 -1404 0 2 125 -76 105 -991 -289 N N N N 1363 435 186 -277 -277
1 20814 -204 311 -23 11 0 0 0 0 104 -124 20 -516 -153 N N N N 3379 1041 153 -617 -617
1 20000 -210 7 -1 -4 0 0 0 0 0 -5 2 -671 -235 N N N N 2334 727 121 -424 -424
1 20000 -204 -72 -5 -2 0 0 0 0 -12 34 -8 -820 -238 N N N N -397 -93 151 31 31
1 20000 -205 -112 0 0 0 0 0 0 -32 49 -10 -817 -197 N N N N -1214 -343 150 173 173
1 20000 -207 -132 5 1 0 0 0 0 -51 48 -13 -1316 -299 N N N N -996 -268 213 125 125
1 20000 -200 -155 3 1 0 0 0 0 -72 39 -19 -805 -277 N N N N 1828 602 244 -374 -374
1 20000 -205 -185 -4 -2 0 0 0 0 -92 21 -26 -846 -225 N N N N 2317 742 149 -435 -435
1 20000 -197 -116 6 -1 0 0 0 0 -62 -2 -16 -211 -75 N N N N 1775 577 138 -336 -336
1 20000 -212 -89 -6 4 0 0 0 0 -44 -11 -11 -147 -36 N N N N 3337 1048 64 -574 -574
1 24236 -222 -130 14 119 0 1397 0 -2 -64 -19 -75 -1804 -358 N N N N 5995 1930 262 -1042 -1042
1 20001 -208 116 6 -7 0 0 0 0 54 26 12 -2224 -441 N N N N 9472 3037 247 -1527 -1527
1 19999 -179 242 -4 7 0 0 0 0 124 22 29 -2544 -846 N N N N 9086 3100 631 -1526 -1526
1 18697 -188 295 -3 -116 6 -1397 -17 -2 142 -69 105 -777 -321 N N N N 8416 2818 311 -1260 -1260
1 21303 -187 -79 -4 -7 1 0 -16 4 -33 20 -9 -564 -335 N N N N 7153 2391 199 -1001 -1001
1 20001 -164 -193 -8 -1 0 0 0 0 -93 31 -27 -1666 -440 N N N N 5559 1912 229 -781 -781
1 19999 -167 -133 5 1 0 0 0 0 -71 0 -18 -2576 -688 N N N N 6165 2276 484 -935 -935
1 20001 -163 -178 -12 -6 0 0 0 0 -87 -22 -20 -1822 -577 N N N N 9855 3540 493 -1329 -1329
1 19999 -164 -134 3 8 0 0 0 0 -61 -32 -18 -677 -255 N N N N 10732 3757 296 -1271 -1271
1 20001 -166 -247 2 -8 0 0 0 0 -86 -92 -17 -1516 -370 N N N N 19025 6519 238 -1946 -1946
1 19999 -163 -143 4 6 0 0 0 0 -30 -65 -10 -3611 -931 N N N N 19587 7099 565 -1940 -1940
1 20001 -147 -153 4 -4 0 0 0 0 -13 -76 -2 -2050 -779 N N N N 19317 7216 612 -1760 -1760
1 20000 -151 -193 -11 -4 0 0 0 0 14 -95 11 -1492 -701 N N N N 17051 6449 493 -1401 -1401
1 18748 -146 -143 -5 11 0 0 -40 -4 31 -64 13 -1957 -644 N N N N 16637 6433 501 -1272 -1272
1 19924 -165 -175 -10 -5 1 1 -98 0 59 -67 19 -1465 -571 N N N N 11754 4713 419 -870 -870
1 17168 -152 -112 8 140 -1 1405 -58 2 47 -5 67 -994 -391 N N N N 8898 3576 293 -618 -618
1 20807 -176 157 14 -19 0 0 0 0 -66 38 -38 -1729 -389 N N N N 7071 3031 335 -520 -520
1 20001 -152 265 -5 2 0 0 0 0 -69 105 -44 -6898 -655 N N N N 4213 2784 794 -558 -558
1 19998 -81 28 -8 -3 0 0 0 0 -4 14 2 -8168 -1261 N N N N -2611 2076 1879 -659 -659
1 22177 -84 219 15 15 0 0 0 0 -10 104 -36 -3633 -1866 N N N N -5448 848 1829 -468 -469
1 20000 -84 -47 -15 -13 0 0 0 0 -1 -22 13 -1529 -2244 N N N N -1088 634 669 -210 -209
1 20001 -113 88 -8 7 0 0 0 0 6 44 -6 -1398 -906 N N N N 1119 1545 694 -329 -329
1 19999 -115 289 -4 5 0 0 0 0 62 130 -20 -350 -322 N N N N 2750 1839 461 -316 -316
1 20000 -103 239 12 -2 0 0 0 0 92 79 -3 -99 -181 N N N N 2120 1133 173 -170 -170
1 20000 -106 190 8 -4 0 0 0 0 92 36 15 -24 -161 N N N N 1980 935 84 -128 -128
1 20001 -118 149 -6 4 0 0 0 0 78 8 18 3 -110 N N N N 655 343 48 -50 -50
1 18783 -114 141 12 -155 100 -1410 -5 -2 70 -37 101 -12 -69 N N N N 528 272 36 -39 -39
1 19940 -142 105 36 29 0 -1 -92 0 39 -16 7 2 -60 N N N N 1047 444 13 -55 -55
1 19945 -165 2 -12 -1 1 1 -96 0 5 0 -2 -4 -35 N N N N 804 336 6 -40 -40
1 20091 -171 -116 6 3 -1 0 -66 0 -56 24 -19 -3 -15 N N N N 937 414 22 -53 -53
1 19943 -193 -95 -24 3 -1 0 -43 0 -42 12 -17 0 -5 N N N N 851 380 21 -48 -48
1 20086 -146 25 -7 9 1 0 -67 0 14 -1 -2 9 -4 N N N N 652 242 -12 -26 -26
1 15983 -98 -61 22 -12 0 -1 -35 4 -36 2 -3 0 0 N N N N 294 150 18 -20 -20
1 10816 -77 -110 7 -11 0 0 0 0 -57 -3 -13 3 1 N N N N 322 124 -4 -14 -14
1 9999 -88 -61 4 8 0 0 0 0 -32 -4 -13 1 0 N N N N 226 100 6 -13 -13
1 10000 -93 -114 -2 4 0 0 0 0 -55 -17 -20 0 0 N N N N 255 112 5 -13 -13
1 10002 -117 -83 -29 -8 0 0 0 0 -34 -20 3 -3 -2 N N N N 176 69 -1 -8 -8
1 9999 -102 -66 6 8 0 0 0 0 -28 -19 -13 -5 -2 N N N N -3 9 5 -2 -2
1 10000 -117 -72 14 -3 0 0 0 0 -30 -24 -10 0 2 N N N N 115 53 4 -7 -7
1 9998 -111 -100 -8 -1 0 0 0 0 -33 -38 -5 1 2 N N N N 137 55 0 -6 -6
1 10000 -128 -18 -32 2 0 0 0 0 -2 -7 11 1 2 N N N N 287 100 -9 -10 -10
1 10003 -110 -54 24 -1 0 0 0 0 -16 -24 -11 -1 -2 N N N N 112 70 14 -11 -11
1 9997 -124 -76 12 0 0 0 0 0 -17 -35 -10 6 1 N N N N 72 34 4 -4 -4
1 10000 -125 -100 7 0 0 0 0 0 -15 -48 -7 2 2 N N N N 208 88 2 -11 -11
1 10003 -129 -76 -23 -4 0 0 0 0 -5 -37 14 0 -2 N N N N 165 62 -3 -6 -6
1 9997 -113 -63 -5 4 0 0 0 0 0 -31 4 1 0 N N N N 106 48 3 -6 -6
1 9999 -108 -68 18 1 0 0 0 0 2 -34 -8 -2 -2 N N N N 127 37 -9 -3 -3
1 10004 -107 -75 -1 -3 0 0 0 0 9 -37 2 -2 6 N N N N -20 -1 4 0 0
1 9999 -113 -97 5 2 0 0 0 0 17 -45 5 0 -2 N N N N -72 -20 6 1 1
1 9998 -127 -80 -13 0 0 0 0 0 21 -34 14 4 1 N N N N 264 110 2 -13 -13
1 10003 -120 -77 -1 0 0 0 0 0 24 -30 9 0 -2 N N N N 101 36 -3 -4 -4
1 14207 -171 -61 -12 136 -40 1401 -3 -2 23 0 59 2 4 N N N N 192 92 8 -12 -12
1 10791 -120 32 1 -7 0 0 0 0 -12 10 -6 3 3 N N N N -50 -26 -2 4 4
1 9999 -122 127 -8 -4 0 0 0 0 -39 45 -22 -3 -1 N N N N 34 5 -6 0 0
1 10650 -123 138 -11 -10 0 0 0 0 -29 59 -18 7 -2 N N N N 49 37 10 -6 -6
1 10000 -108 194 22 10 0 0 0 0 -17 89 -40 1 5 N N N N -20 -10 -1 2 2
1 9999 -123 123 -18 -2 0 0 0 0 10 62 -3 1 1 N N N N 99 48 5 -7 -7
1 10000 -132 155 17 -8 0 0 0 0 28 69 -15 -1 -1 N N N N 207 85 0 -9 -9
1 10824 -129 181 12 18 0 0 0 0 54 72 -16 -2 4 N N N N 171 64 -2 -7 -7
1 10001 -138 160 -12 -13 0 0 0 0 67 52 16 2 -6 N N N N 116 49 1 -6 -6
1 10000 -129 156 -6 -1 0 0 0 0 77 33 7 3 4 N N N N 130 48 -3 -5 -5
1 12057 -173 231 -2 9 0 0 0 0 119 10 29 -1 3 N N N N 129 52 0 -6 -6
1 9992 -128 187 0 -26 0 -213 1 -1 93 -27 42 2 1 N N N N 26 22 6 -3 -3
1 9417 -117 131 2 -109 6 -1185 -2 3 57 -61 65 -3 -3 N N N N 107 38 -2 -4 -4
1 10591 -135 135 -12 12 0 0 0 0 50 -49 7 0 4 N N N N -19 -11 -2 1 1
1 10000 -125 -20 10 -2 0 0 0 0 -11 7 5 -7 -1 N N N N 35 12 -2 -1 -1
1 9999 -104 -78 -2 -11 0 0 0 0 -24 29 -8 2 0 N N N N 275 108 -1 -12 -12
1 10001 -111 -22 17 24 0 0 0 0 -14 14 -6 1 -2 N N N N 197 82 1 -9 -9
1 10000 -108 -166 -40 -37 0 0 0 0 -59 40 -16 5 2 N N N N 143 61 2 -8 -8
1 10000 -106 -78 -5 40 0 0 0 0 -36 25 -31 8 5 N N N N 200 69 -7 -6 -6
1 10000 -49 -6 -10 -17 0 0 0 0 -3 -5 14 3 -1 N N N N 97 25 -8 -1 -1
1 10000 -46 -106 96 -12 0 0 0 0 -74 11 -9 17 5 N N N N 77 49 10 -8 -8
1 10000 -87 -14 2 20 0 0 0 0 -14 -1 1 -10 -2 N N N N 290 111 -4 -12 -12
1 10000 -108 -23 -70 10 0 0 0 0 7 6 -16 34 -1 N N N N 256 110 4 -13 -13
1 10000 -77 -9 42 -35 0 0 0 0 -15 -8 21 19 6 N N N N 25 13 2 -1 -1
