version: 66.14
glider: 195
mission: 21
dive: 244
start: 6 5 105 19 13 12
columns: rec,elaps_tms,depth,heading,pitch,roll,AD_pitch,AD_roll,AD_vbd,GC_phase,mag.x,mag.y,mag.z,sbect.TempFreq,sbect.CondFreq,wlbb2fl.sig470nm,wlbb2fl.sig700nm,wlbb2fl.sig695nm,wlbb2fl.temp,aa4330.O2,aa4330.AirSat,aa4330.Temp,aa4330.CalPhase,aa4330.TCPhase,
data:
0 17019 48 898 -602 93 142 2207 1231 6 46 -345 47 171799 135107 42 83 52 532 249645 98698 26066 29046 30452
1 9984 5 20 -25 66 0 0 0 0 0 14 41 89 -4 N N N N -4169 -881 434 19 19
1 10015 -1 25 -75 -199 0 0 0 0 7 -23 -96 140 0 42 87 50 532 3163 629 -352 -6 -6
1 9984 32 -15 33 202 0 0 0 0 -25 18 91 -96 2 N N N N -5528 -839 771 -46 -46
1 10016 -39 177 69 -239 0 0 0 0 -12 -9 -19 120 -2 43 86 51 531 6737 1232 -819 11 11
1 9984 17 -51 15 116 0 0 0 0 5 15 35 -205 -1 N N N N -1010 -320 45 27 27
1 8720 3 -234 -81 131 -2 0 17 -4 47 -11 -57 93 -1 46 85 52 531 -1051 -117 168 -17 -17
1 10036 -3 116 84 -116 -1 0 263 0 -32 -6 5 -142 -3 N N N N 1948 705 -39 -71 -71
1 9907 40 -5 -94 117 0 -1 251 0 11 20 47 -16 -5 42 85 54 531 -5115 -711 748 -56 -56
1 10086 36 157 -54 -238 -1 2 271 0 -9 -19 -47 -5 -5 N N N N 247 344 139 -62 -62
1 9963 33 -386 -53 301 -1 -1 279 0 46 2 -47 102 -5 41 91 57 531 485 275 44 -38 -38
1 10062 41 -403 -51 388 0 1 270 0 4 0 -20 -19 -2 N N N N 363 222 42 -32 -32
1 15078 193 740 69 -756 783 -1 157 -1 -38 -11 4 -132 7 46 85 55 531 -416 -122 27 9 9
1 9146 156 -111 426 157 1738 1 93 1 -34 7 70 16 3 N N N N -159 -76 -7 9 9
1 9807 82 -7 144 -12 0 1 388 0 -18 -2 -1 -17 0 42 87 53 531 -103 -51 -6 7 7
1 13244 138 -38 -12 117 -9 1403 187 2 24 25 54 10 0 N N N N -83 -30 3 2 2
1 10795 160 -123 -19 7 0 0 0 0 63 2 -26 7 0 43 84 54 531 21 12 2 -1 -1
1 10452 181 -130 23 -6 0 0 0 0 60 16 -29 -6 -2 N N N N 14 4 -1 0 0
1 10489 165 -140 -16 16 0 0 0 0 61 36 -27 -3 -4 42 86 51 531 -110 -52 -4 6 6
1 10747 210 -170 28 -3 0 0 0 0 58 62 -27 -1 -1 N N N N 24 8 -1 -1 -1
1 10484 188 -48 -16 -28 0 0 0 0 12 17 -25 -6 -2 44 87 62 530 104 38 -3 -4 -4
1 10871 168 -93 -10 31 0 0 0 0 18 41 -16 2 2 N N N N -118 -44 2 5 5
1 10366 169 -161 22 -18 0 0 0 0 17 83 -15 20 5 43 93 63 530 -13 -9 -2 1 1
1 9820 149 3492 -11 9 0 0 0 0 -4 54 -18 11 1 N N N N -22 -12 -2 2 2
1 10652 165 -136 5 5 0 0 0 0 -19 69 -8 4 0 42 87 68 530 -24 -14 -2 2 2
1 10513 159 -124 4 -9 0 0 0 0 -31 59 3 -6 -2 N N N N 6 -5 -4 1 1
1 10310 156 -131 -9 9 0 0 0 0 -46 52 -4 -1 -1 44 88 65 530 -133 -49 3 5 5
1 10429 181 -87 1 -21 0 -208 2 -1 -36 31 14 -9 -3 N N N N 129 51 -1 -6 -6
1 10032 151 -79 35 -107 58 -1210 0 3 -38 22 69 7 -1 42 88 68 530 -169 -66 1 8 8
1 10818 135 -71 4 -12 0 0 0 0 -35 12 17 -3 0 N N N N 11 -2 -3 0 0
1 10016 125 -90 -2 9 0 0 0 0 -46 12 8 4 0 43 88 68 530 35 13 -1 -1 -1
1 9984 130 -64 5 -1 0 0 0 0 -34 3 11 -5 -3 N N N N 61 21 -2 -2 -2
1 10018 130 -18 -8 -2 0 0 0 0 -9 0 2 15 9 42 88 73 530 -108 -46 -1 5 5
1 9984 126 -34 1 3 0 0 0 0 -17 0 5 2 -1 N N N N -59 -27 -3 4 4
1 10014 135 -30 4 1 0 0 0 0 -17 -1 2 2 0 44 86 72 530 3 -1 -1 0 0
1 9984 121 -36 -3 14 0 0 0 0 -18 -1 0 13 5 N N N N -34 -16 -1 2 2
1 10017 124 -73 -1 -12 0 0 0 0 -37 -10 17 1 0 41 89 73 530 -86 -42 -4 5 5
1 9984 122 7 4 -5 0 0 0 0 3 0 2 -4 -2 N N N N -96 -40 -1 5 5
1 10015 143 3 3 6 0 0 0 0 0 2 -6 3 -2 44 85 76 530 -1 -3 -1 0 0
1 9985 127 -50 -9 -2 0 0 0 0 -22 -9 12 41 17 N N N N -39 -20 -2 3 3
1 10015 120 -40 5 1 0 0 0 0 -21 -8 3 1 4 44 86 80 530 -132 -65 -7 8 8
1 9984 123 -62 -1 2 0 0 0 0 -28 -14 9 -10 -6 N N N N -22 -13 -3 2 2
1 10016 116 -40 -3 1 0 0 0 0 -17 -11 5 2 -1 41 87 79 530 -113 -41 3 4 4
1 9984 135 -24 -2 -8 0 0 0 0 -10 -9 6 -5 1 N N N N 0 -4 -2 1 1
1 10016 114 -35 7 5 0 0 0 0 -15 -10 2 22 6 41 89 80 529 44 16 -1 -2 -2
1 19985 235 -53 2 0 0 0 0 0 -21 -19 5 20 10 N N N N -77 -45 -8 7 7
1 20016 233 -130 -2 -3 0 0 0 0 -41 -53 14 72 25 40 86 83 529 -112 -64 -11 9 9
1 19983 228 -91 -2 2 0 0 0 0 -21 -41 9 10 3 N N N N -342 -163 -14 20 20
1 20017 224 -87 3 -1 0 0 0 0 -15 -43 4 -4 1 42 88 84 529 -10 -10 -3 2 2
1 19983 223 -79 -3 -2 0 0 0 0 -6 -41 5 39 18 N N N N -100 -53 -7 7 7
1 20017 236 -76 -3 3 0 0 0 0 -1 -38 2 38 11 42 86 80 529 -192 -99 -13 13 13
1 19984 225 -60 6 -1 0 0 0 0 2 -31 -2 79 33 N N N N -18 -43 -20 9 9
1 24014 278 59 4 -127 0 -1348 1 -2 -4 -6 -7 185 69 48 81 87 529 -574 -292 -35 38 38
1 21045 269 195 -5 0 0 0 0 0 14 98 16 262 103 N N N N -879 -475 -69 65 65
1 20307 248 211 2 0 0 0 0 0 51 97 4 191 53 41 79 77 529 -1515 -712 -59 91 91
1 21045 279 212 1 1 0 0 0 0 84 75 -9 85 18 N N N N -1435 -654 -45 82 82
1 20368 270 193 0 1 0 0 0 0 94 41 -20 13 -1 41 81 77 529 -832 -367 -19 45 45
1 21043 272 174 -2 1 0 0 0 0 91 10 -25 51 -1 N N N N -603 -253 -6 30 30
1 20312 264 147 6 4 0 0 0 0 75 -12 -25 1033 273 39 79 72 529 -1343 -742 -119 107 107
1 23803 281 436 -8 115 -7 1376 0 2 167 -136 -102 3013 876 N N N N -5405 -2895 -439 423 423
1 20842 219 -3188 6 3 0 0 0 0 17 -212 2 1925 658 40 75 59 529 -6455 -3845 -793 626 626
1 19985 201 85 1 -5 0 0 0 0 -16 -42 4 1184 417 N N N N -5600 -2750 -355 425 425
1 20016 204 3288 6 1 0 0 0 0 26 161 -7 1580 471 38 74 58 529 -5751 -2947 -466 491 491
1 19983 191 -117 -2 3 0 0 0 0 -14 60 1 1180 387 N N N N -8010 -3701 -416 610 610
1 20017 159 113 0 2 0 0 0 0 14 -58 -2 1195 401 38 74 55 529 -4620 -2212 -310 391 391
1 19984 154 -3393 9 0 0 0 0 0 -7 -109 8 1306 415 N N N N -4094 -1892 -239 340 340
1 20016 149 270 0 0 0 0 0 0 -67 -124 22 2038 658 36 68 56 529 -3982 -2202 -506 452 452
1 19985 153 274 -2 -4 0 0 0 0 -119 -82 28 686 270 N N N N -4068 -2114 -439 438 438
1 20015 162 -94 4 -1 0 0 0 0 45 21 -11 1893 588 38 67 53 529 -2233 -1142 -236 242 242
1 19984 154 -307 0 -1 0 0 0 0 113 115 -29 399 173 N N N N -2694 -1527 -407 348 348
1 20015 148 3312 -1 -3 0 0 0 0 38 146 -13 325 106 40 70 52 529 -2423 -1119 -178 235 235
1 19985 129 -236 -2 5 0 0 0 0 -28 121 5 755 215 N N N N -1914 -868 -131 183 183
1 20017 150 -77 2 -1 0 0 0 0 -20 36 4 737 249 38 71 52 529 -2218 -1024 -171 222 222
1 19983 114 58 0 1 0 0 0 0 15 -27 -3 913 272 N N N N -2606 -1224 -225 275 275
1 20016 136 191 3 5 0 0 0 0 30 -96 -4 1133 384 37 69 49 529 -2883 -1342 -245 306 306
1 25512 166 -3362 -14 121 -11 1395 2 -2 -11 -122 17 1207 391 N N N N -4569 -2087 -372 486 486
1 20018 148 67 4 1 0 0 0 0 -12 -31 14 545 202 39 68 50 529 -2454 -1106 -197 264 264
1 20453 168 43 1 -4 0 0 0 0 -10 -19 7 580 193 N N N N -2965 -1212 -136 277 277
1 20016 150 19 1 -2 0 0 0 0 -5 -9 2 803 253 38 69 47 529 -2065 -929 -173 230 230
1 20453 161 -95 5 3 0 0 0 0 21 44 -13 591 184 N N N N -2025 -939 -199 242 242
1 20016 165 -109 -3 -1 0 0 0 0 16 53 -17 413 153 36 70 49 529 -1738 -795 -166 206 206
1 20457 159 3484 1 -2 0 0 0 0 4 59 -15 126 63 N N N N -1712 -697 -87 171 171
1 20016 154 -117 -1 -1 0 0 0 0 -10 60 -12 110 40 40 70 49 529 -1276 -501 -50 121 121
1 20511 166 -140 5 4 0 0 0 0 -27 69 -8 7 11 N N N N -674 -272 -33 67 67
1 20016 154 -134 -3 1 0 0 0 0 -42 58 -4 29 10 38 70 48 530 -341 -139 -17 34 34
1 20507 152 -121 1 -30 0 -212 2 -1 -49 44 15 80 35 N N N N -247 -99 -13 25 25
1 19966 136 -18 26 -94 35 -1203 -1 3 -10 4 50 229 56 37 68 46 530 -192 -54 13 9 9
1 19984 133 -47 4 0 0 0 0 0 -22 12 7 1337 368 N N N N -25 -95 -81 39 39
1 20015 113 -212 0 -4 0 0 0 0 -108 35 22 1385 405 38 70 45 530 -1744 -955 -330 287 287
1 19984 108 -199 -1 2 0 0 0 0 -106 -5 21 1870 453 N N N N -4033 -1698 -290 454 454
1 20017 102 -26 5 0 0 0 0 0 -14 -3 2 2124 627 38 68 46 530 -3396 -1545 -374 448 448
1 19985 102 -11 6 0 0 0 0 0 -7 -1 2 1205 367 N N N N -4423 -1945 -445 573 573
1 20016 101 -95 2 5 0 0 0 0 -48 -17 5 3941 769 37 69 45 530 -3970 -1658 -331 492 492
1 19984 80 30 -5 1 0 0 0 0 16 6 -2 1298 576 N N N N -1722 -1201 -677 460 460
1 20014 84 99 2 -4 0 0 0 0 50 16 -8 709 483 39 68 45 530 -2878 -1387 -479 473 473
1 19985 105 183 5 -2 0 0 0 0 97 5 -18 672 294 N N N N -3014 -1180 -213 367 367
1 20015 100 203 6 -1 0 0 0 0 105 -28 -17 1297 451 40 72 46 531 -2130 -883 -215 291 291
1 19983 86 152 -2 1 0 0 0 0 69 -45 -10 1523 388 N N N N -1899 -820 -237 283 283
1 20018 92 96 5 0 0 0 0 0 36 -36 -5 1321 535 38 68 45 531 -1807 -880 -353 328 328
1 19984 105 45 -1 -1 0 0 0 0 15 -19 -2 538 276 N N N N -1917 -839 -272 302 302
1 20015 107 36 1 1 0 0 0 0 11 -16 0 211 160 37 69 47 531 -2073 -791 -156 267 267
1 19985 98 57 -2 -1 0 0 1 0 14 -27 -4 625 189 N N N N -1780 -653 -107 218 218
1 20015 95 105 -5 0 0 0 0 0 19 -52 -3 864 227 37 71 43 532 -1196 -484 -132 175 175
1 19985 110 71 1 -2 0 0 0 0 7 -37 -1 383 182 N N N N -643 -323 -154 131 131
1 20016 99 -59 2 7 0 0 0 0 -5 31 1 1793 338 41 70 47 532 -563 -265 -112 106 106
1 19983 100 54 -3 -4 0 0 0 0 5 -28 -3 1179 417 N N N N -80 -208 -239 115 115
1 20018 101 62 5 2 0 0 0 0 2 -33 3 387 247 36 68 44 532 -396 -381 -336 190 190
1 19982 113 -3582 3 2 0 0 0 0 0 -9 1 474 182 N N N N -1582 -589 -126 210 210
1 20016 116 3573 0 1 0 0 0 0 0 14 0 805 271 36 65 44 533 -922 -365 -104 137 137
1 19984 122 -80 -2 -3 0 0 0 0 -4 42 -1 496 190 N N N N -1110 -478 -181 190 190
1 20016 104 -104 0 -1 0 0 0 0 -15 53 2 201 100 38 68 43 533 -1452 -524 -103 189 189
1 19984 120 -101 2 -1 0 0 0 0 -25 48 4 102 66 N N N N -1637 -569 -89 202 202
1 20016 113 -96 1 1 0 0 0 0 -31 41 4 107 49 39 69 44 533 -1520 -504 -50 175 175
1 19984 109 -97 0 -4 0 0 0 0 -38 35 7 165 52 N N N N -1265 -402 -17 136 136
1 20016 113 -88 0 3 0 0 0 0 -40 26 4 129 51 38 69 44 534 -1318 -451 -67 164 164
1 19985 96 -12 -4 -2 0 0 0 0 -5 3 4 404 77 N N N N -1726 -552 -30 191 191
1 20016 118 -40 -88 -3 -116 0 0 0 -12 9 -19 857 196 38 69 42 534 -948 -358 -102 142 142
1 19984 109 -31 8 2 0 0 0 0 -15 7 6 374 169 N N N N -1577 -557 -111 213 213
1 20014 106 -71 6 1 0 0 0 0 -36 12 11 1576 351 39 69 43 535 -1391 -493 -105 192 192
1 19985 125 -120 -2 -2 0 0 0 0 -62 10 19 297 186 N N N N -3737 -1256 -187 478 478
1 20016 107 -139 -2 -1 0 0 0 0 -72 -6 22 157 87 39 70 43 535 -4186 -1339 -112 505 505
1 19984 128 -135 -5 4 0 0 0 0 -66 -20 20 262 87 N N N N -5191 -1617 -79 615 615
1 20016 110 -111 -1 -1 0 0 0 0 -49 -29 16 223 76 39 68 42 535 -3660 -1150 -81 455 455
1 19984 113 -130 -1 0 0 0 0 0 -50 -44 17 306 79 N N N N -3519 -1080 -33 429 429
1 20018 102 -122 1 -1 0 0 0 0 -40 -50 11 715 167 36 70 41 536 -4618 -1433 -83 591 591
1 19985 111 -34 2 4 0 0 0 0 -7 -15 3 492 180 N N N N -6995 -2149 -99 917 917
1 20015 126 152 -1 -2 0 0 0 0 44 64 -16 509 173 40 67 42 536 -7203 -2186 -56 968 968
1 19982 118 195 2 -1 0 0 0 0 78 62 -25 611 165 N N N N -4952 -1557 -205 748 748
1 20017 128 146 -1 -1 0 0 0 0 71 28 -21 295 71 40 69 41 536 -2237 -716 -144 360 360
1 19984 121 103 1 -1 0 0 0 0 52 9 -17 119 71 N N N N -997 -306 -30 150 150
1 20016 113 130 -1 0 0 0 0 0 68 -2 -21 143 56 39 69 42 537 -282 -94 -31 50 50
1 23160 131 176 59 -113 84 -1343 0 -2 84 -43 42 508 126 N N N N -425 -161 -109 95 95
1 20603 91 107 -3 -5 0 0 0 0 49 -26 -18 96 48 36 71 43 537 -19 -27 -68 24 24
1 22984 115 93 -5 122 -5 1364 1 2 38 -20 -55 33 15 N N N N 196 42 -51 -11 -11
1 20017 89 14 2 3 0 0 0 0 5 -5 -1 12 9 38 66 42 538 91 44 56 -31 -31
1 19982 92 -34 0 -1 0 0 0 0 -13 13 2 -23 4 N N N N 360 116 26 -59 -59
1 20017 115 -40 1 -2 0 0 0 0 -16 14 4 17 4 37 66 42 538 240 75 13 -38 -38
1 19983 106 -71 -2 2 0 0 0 0 -30 23 5 -17 1 N N N N 122 31 -17 -12 -12
1 20018 106 -59 1 0 0 0 0 0 -28 15 5 345 70 38 68 43 539 -152 -56 -33 32 32
1 19984 110 36 0 0 0 0 0 0 17 -9 -3 114 42 N N N N -77 -30 -21 17 17
1 20014 98 88 1 3 0 0 0 0 39 -27 -7 81 27 39 69 42 539 288 74 -35 -29 -29
1 19984 114 109 1 -2 0 0 0 0 41 -41 -8 94 28 N N N N 60 -2 -63 12 12
1 20015 95 122 0 1 0 0 0 0 37 -53 -7 172 40 38 73 39 539 -252 -79 -12 39 39
1 19985 107 82 -2 -1 0 0 0 0 17 -40 -3 187 42 N N N N -589 -192 -57 101 101
1 20018 103 33 2 -2 0 0 0 0 5 -17 0 515 109 40 72 40 540 -723 -230 -54 119 119
1 19984 98 -4 6 0 0 0 0 0 -1 2 3 730 173 N N N N -166 -79 -98 54 54
1 20015 101 2 6 0 0 0 0 0 0 -1 4 440 144 38 67 40 541 103 -4 -110 20 20
1 19984 106 -17 2 -3 0 0 0 0 -2 9 1 705 196 N N N N 725 176 -116 -66 -66
1 20015 110 -26 -2 9 0 0 0 0 -5 13 -1 360 144 38 68 44 541 1689 445 -148 -187 -187
1 25867 139 -82 -17 116 -11 1399 -1 -2 -17 40 -36 223 119 N N N N 2913 823 -72 -373 -373
1 20252 106 -175 3 1 0 0 0 0 -58 74 -2 263 80 39 71 40 541 2361 648 -109 -278 -278
1 22793 126 -210 -5 -125 0 -1400 0 2 -93 59 65 473 164 N N N N 2645 740 -72 -321 -321
1 80794 433 -318 5 2 0 0 0 0 -168 21 34 852 272 40 67 43 542 9815 2775 -152 -1175 -1175
1 79983 420 -35 0 0 0 0 0 0 -18 -4 6 578 187 N N N N 4634 1279 -123 -506 -506
1 80000 429 -85 3 -1 0 0 0 0 -45 -12 8 874 246 N N N N 4976 1347 -167 -509 -509
1 80000 408 231 0 1 0 0 0 0 122 19 -25 625 180 N N N N 3878 1031 -151 -374 -374
1 86182 423 355 -7 -118 0 -1364 0 -2 178 -75 9 261 77 N N N N 1440 332 -145 -100 -100
1 82877 381 -29 0 118 -8 1361 0 2 -13 21 -45 265 85 N N N N 4648 1312 -20 -492 -492
1 80000 365 -333 2 2 0 0 0 0 -168 54 36 300 72 N N N N 657 164 -40 -53 -53
1 80000 425 -222 0 -2 0 0 0 0 -117 -19 25 237 75 N N N N 653 147 -65 -42 -42
1 80016 431 -278 -2 3 0 0 0 0 -121 -79 27 484 131 38 71 42 547 -943 -322 -95 139 139
1 84635 472 406 1 -122 1 -1363 -2 -2 188 72 18 179 60 N N N N 1126 254 -111 -73 -73
1 83880 473 613 -4 119 -9 1355 0 2 290 -96 -121 316 84 N N N N 647 155 -47 -48 -48
1 80001 448 -55 1 -1 0 0 0 0 -18 23 4 222 66 N N N N -518 -156 -18 62 62
1 80000 455 -143 0 2 0 0 0 0 -59 49 12 262 76 N N N N -1438 -434 -49 171 171
1 80000 466 -15 0 0 0 0 0 0 -7 4 1 198 60 N N N N -1120 -342 -47 137 137
1 80000 464 -293 -2 0 0 0 0 0 -148 46 32 154 48 N N N N -1891 -548 -27 212 212
1 84698 483 492 -7 6 -8 7 -4 0 228 -116 -53 -3 5 N N N N -1703 -509 -57 206 206
1 80844 479 170 4 -10 0 0 0 0 45 -78 -6 192 34 37 68 42 550 -1479 -413 5 158 158
1 79984 473 -260 1 4 0 0 0 0 -78 113 16 447 131 N N N N -1983 -589 -60 241 241
1 80001 494 -221 2 2 0 0 0 0 -100 62 22 255 84 N N N N 2700 723 -64 -269 -269
1 80001 513 -185 1 -4 0 0 0 0 -98 19 21 55 14 N N N N -1527 -442 -28 177 177
1 85707 571 543 -11 4 -8 5 -2 0 246 -136 -57 160 59 N N N N -331 -124 -60 60 60
1 80000 530 165 5 -2 0 0 0 0 37 -79 -6 260 60 N N N N 466 117 -24 -42 -42
1 80001 524 -132 -2 0 0 0 0 0 -28 64 6 325 97 N N N N 346 68 -54 -16 -16
1 79999 528 -210 1 1 0 0 0 0 -73 84 16 274 88 N N N N 60 -12 -56 16 16
1 80018 524 -287 -3 0 0 0 0 0 -138 63 31 304 86 38 71 42 552 322 64 -47 -16 -16
1 87156 558 483 34 2 42 -3 -3 0 207 -140 -32 122 42 N N N N 290 49 -60 -7 -7
1 80000 419 -130 -2 -4 0 0 0 0 -44 54 7 -3 -1 N N N N 60 18 3 -8 -8
1 80001 430 -269 2 1 0 0 0 0 -123 75 21 9 0 N N N N -415 -115 0 45 45
1 80000 441 -229 -5 -1 0 0 0 0 -122 15 23 33 3 N N N N -473 -135 -7 53 53
1 80000 442 -147 2 0 0 0 0 0 -78 -15 14 69 18 N N N N -553 -159 -10 64 64
1 85649 511 565 0 -111 -1 -1362 -2 -2 290 -60 -8 141 32 N N N N -1278 -374 -36 154 154
1 84471 617 168 -58 113 -87 1367 -1 2 66 -51 -81 175 54 N N N N -1918 -537 -10 214 214
1 80012 636 -90 -1 -2 0 0 0 0 -31 36 8 295 83 38 71 42 554 1717 442 -65 -163 -163
1 79987 640 -26 3 2 0 0 0 0 -10 10 3 84 18 N N N N -6864 -1910 -18 771 771
1 80000 627 -79 0 -4 0 0 0 0 -33 26 9 123 31 N N N N -10381 -2883 -21 1225 1225
1 79998 556 -219 25 2 39 0 -3 0 -108 47 32 244 66 N N N N -3346 -940 -39 422 422
1 80000 506 -299 -2 -2 0 0 0 0 -158 -6 37 308 90 N N N N -5994 -1673 -44 768 768
1 80001 486 -194 5 3 0 0 0 0 -93 -43 23 351 103 N N N N 4052 1095 -67 -490 -490
1 79999 463 -131 -2 1 0 0 0 0 -51 -45 13 154 52 N N N N -7205 -2006 -60 936 936
1 83592 506 652 -1 -117 0 -1368 -2 -2 317 73 -19 110 29 N N N N -3615 -1004 -29 485 485
1 81485 455 443 -3 119 -4 1360 -1 2 183 -123 -100 131 40 37 68 44 555 497 132 -18 -61 -61
1 79983 468 -140 0 0 0 0 0 0 -45 59 10 333 93 N N N N -1234 -355 -53 180 180
1 80001 475 -117 1 -2 0 0 0 0 -48 40 12 184 56 N N N N -1623 -456 -38 229 229
1 80001 487 -135 -2 0 0 0 0 0 -64 33 14 189 53 N N N N -1440 -404 -31 203 203
1 79998 510 -293 0 -1 0 0 0 0 -154 17 37 256 75 N N N N -2419 -676 -50 345 345
1 83590 560 391 -1 -118 -1 -1366 -1 -2 202 -52 4 427 123 N N N N -3947 -1100 -83 572 572
1 81764 534 369 -1 118 -8 1371 0 2 126 -133 -83 415 123 N N N N -2615 -729 -72 389 389
1 80000 539 -93 -1 -1 0 0 0 0 -22 44 5 407 119 N N N N -3287 -910 -66 491 491
1 80000 516 -101 0 1 0 0 0 0 -32 43 8 233 75 N N N N -2369 -655 -57 362 362
1 80000 516 -100 0 4 0 0 0 0 -39 36 9 126 37 N N N N -1203 -332 -30 185 185
1 80000 514 -158 0 -1 0 -1 -2 0 -73 42 17 472 132 N N N N -918 -260 -64 150 150
1 79999 507 -173 -2 -4 0 0 0 0 -90 22 22 105 41 N N N N -966 -268 -45 155 155
1 80001 499 -167 2 3 0 0 0 0 -88 -5 23 175 46 N N N N -604 -169 -32 97 97
1 80000 501 13 0 1 0 0 0 0 7 2 -2 203 55 N N N N -380 -107 -30 63 63
1 85764 553 528 1 -120 0 -1364 -2 -2 261 -85 -21 327 97 N N N N -576 -166 -69 101 101
1 84236 572 -24 -5 117 -8 1361 1 2 -9 18 -43 459 134 N N N N -334 -100 -71 64 64
1 80000 543 -127 0 2 0 0 0 0 -57 37 14 283 77 N N N N -704 -196 -46 116 116
1 80000 566 -114 -1 1 0 0 0 0 -56 22 14 191 60 N N N N 59 10 -50 0 0
1 80000 576 -195 1 -1 0 0 0 0 -103 12 27 215 61 N N N N 134 31 -32 -14 -14
1 84989 614 515 -2 -88 -1 -1148 -1 -3 247 -105 -32 160 46 N N N N 192 46 -48 -20 -20
1 79538 587 178 -3 89 -7 1155 -2 3 51 -74 -45 280 76 N N N N 145 34 -31 -16 -16
1 80000 592 -176 0 -3 0 0 0 0 -51 78 12 269 88 N N N N 312 75 -64 -35 -35
1 80001 600 -224 -1 4 0 0 0 0 -94 72 24 578 159 N N N N 224 50 -76 -19 -19
1 79999 594 29 2 -1 0 0 0 0 13 -8 -2 413 128 N N N N -700 -200 -96 123 123
1 80001 581 36 -1 -2 0 0 -1 0 16 -10 -5 190 57 N N N N -194 -57 -39 37 37
1 79998 569 104 -1 2 0 0 0 0 45 -33 -11 463 134 N N N N -119 -42 -75 32 32
1 80001 593 -178 2 -1 0 0 0 0 -79 52 20 521 149 N N N N 39 0 -80 9 9
1 80000 578 -155 0 3 0 0 0 0 -79 24 20 199 64 N N N N -412 -116 -54 71 71
1 88766 644 467 17 -5 22 3 -1 0 204 -130 -43 348 100 N N N N -1597 -432 -71 252 252
1 80002 524 126 2 0 0 0 0 0 31 -59 -6 238 65 N N N N -1252 -336 -41 196 196
1 79999 515 -188 -4 3 0 0 0 0 -51 85 10 102 31 N N N N -552 -149 -22 87 87
1 80001 527 34 1 -1 0 0 0 0 11 -14 -2 175 51 N N N N -337 -93 -34 57 57
1 80000 546 -74 2 0 0 0 0 0 -26 30 6 242 63 N N N N 458 118 -32 -64 -64
1 80000 539 -13 1 -1 0 1 -1 0 -5 5 1 267 74 N N N N 852 219 -49 -120 -120
1 80002 537 62 0 1 0 0 0 0 23 -24 -5 293 85 N N N N -439 -121 -50 74 74
1 79998 550 -162 -4 -3 0 0 0 0 -64 58 14 86 27 N N N N -413 -111 -26 66 66
1 79999 536 -254 2 2 0 0 0 0 -126 49 28 229 62 N N N N 1119 290 -38 -161 -161
1 86174 582 496 -3 0 -5 -4 -2 0 215 -142 -50 381 107 N N N N 620 154 -72 -80 -80
1 80002 531 -25 0 4 0 0 0 0 -8 11 2 212 60 N N N N 172 42 -31 -20 -20
1 79999 547 -295 0 -2 0 0 0 0 -117 103 26 312 92 N N N N -45 -19 -60 17 17
1 80000 497 -227 2 1 0 0 0 0 -117 31 27 355 94 N N N N 30 2 -50 5 5
1 79999 502 161 -2 -1 0 0 0 0 84 -18 -19 401 119 N N N N 530 128 -80 -64 -64
1 80001 493 132 -1 0 0 0 -1 0 64 -31 -14 430 121 N N N N 1030 260 -68 -138 -138
1 80001 485 -283 0 -3 0 0 0 0 -143 49 32 243 76 N N N N 593 147 -56 -76 -76
1 80000 474 -138 0 1 0 0 0 0 -73 -2 18 285 77 N N N N 683 173 -39 -91 -91
1 79999 476 36 3 2 0 0 0 0 19 2 -4 285 84 N N N N 997 250 -62 -130 -130
1 88058 549 573 -8 2 -8 -3 -1 0 271 -116 -66 248 78 N N N N 1165 293 -58 -154 -154
1 80000 470 -65 1 -4 0 0 0 0 -23 26 6 380 96 N N N N 279 66 -41 -31 -31
1 80000 485 -296 1 2 0 0 0 0 -135 79 32 236 74 N N N N 1486 376 -55 -197 -197
1 80000 489 -274 -2 2 0 0 0 0 -144 7 36 416 108 N N N N 2088 532 -43 -279 -279
1 80001 488 -100 2 -3 0 0 0 0 -52 -15 13 319 94 N N N N 3301 838 -74 -431 -431
1 84472 527 567 -1 -118 0 -1361 -2 -2 289 -47 -22 577 168 N N N N 8109 2062 -112 -1031 -1031
1 81822 499 139 -5 117 -8 1359 0 2 55 -38 -64 310 90 N N N N 6157 1569 -47 -756 -756
1 80000 504 -189 0 2 0 0 0 0 -77 64 20 255 77 N N N N 274 53 -56 -18 -18
1 80000 514 -230 -1 -3 0 0 0 0 -116 38 28 257 67 N N N N 65 8 -32 2 2
1 80000 519 -189 2 4 0 0 0 0 -100 -3 25 352 101 N N N N 3481 871 -65 -401 -401
1 84165 582 608 -1 -92 -1 -1163 -1 -3 293 -104 -43 121 39 N N N N 3848 968 -47 -440 -440
1 79481 484 109 18 90 22 1164 0 3 33 -43 -28 53 10 N N N N 908 231 -1 -105 -105
1 80002 496 -101 -1 -1 0 0 0 0 -31 44 6 235 58 N N N N 1366 339 -29 -149 -149
1 79999 533 -147 1 1 0 0 0 0 -58 53 13 176 54 N N N N 2862 715 -39 -314 -314
1 80000 527 -305 -3 -2 0 0 0 0 -152 55 32 98 24 N N N N 249 56 -23 -20 -20
1 85236 580 335 2 -115 1 -1366 0 -2 165 -76 10 143 36 N N N N -760 -205 -28 95 95
1 83532 596 261 -4 115 -6 1375 0 2 87 -96 -67 229 59 N N N N 1550 382 -34 -164 -164
1 80000 566 -68 1 0 0 0 0 0 -18 32 4 162 44 N N N N 810 196 -26 -82 -82
1 80000 574 -60 -2 1 0 0 0 0 -18 26 4 269 70 N N N N 2767 689 -37 -294 -294
1 79999 574 -122 2 2 0 0 0 0 -46 46 10 93 29 N N N N 1133 275 -30 -113 -113
1 80000 576 -157 -1 0 0 1 -2 0 -72 43 15 166 40 N N N N -1545 -402 -25 177 177
1 80001 578 -129 1 1 0 0 0 0 -66 20 15 54 13 N N N N -947 -245 -13 109 109
1 79999 564 -132 -1 1 0 0 0 0 -70 6 17 323 83 N N N N 1295 312 -41 -129 -129
1 80000 599 -191 1 -2 0 0 0 0 -100 -20 23 112 32 N N N N 2249 557 -29 -235 -235
1 85291 617 485 -2 -117 0 -1369 0 -2 252 -28 -5 194 53 N N N N 2164 530 -42 -218 -218
1 81885 590 397 -3 117 -8 1357 0 2 143 -136 -86 252 60 N N N N 1619 400 -21 -165 -165
1 80000 547 -123 1 1 0 0 0 0 -32 57 7 112 35 N N N N -824 -224 -35 100 100
1 80000 555 -303 -1 -1 0 0 0 0 -125 100 28 207 57 N N N N 1087 260 -34 -103 -103
1 80002 548 -198 -2 0 0 0 0 0 -102 26 24 98 23 N N N N 1464 360 -20 -146 -146
1 85446 595 441 0 -91 0 -1160 0 -3 207 -107 -17 352 91 N N N N -677 -196 -56 91 91
1 79435 547 219 -5 90 -8 1158 -1 3 59 -94 -46 159 41 N N N N -2024 -522 -29 223 223
1 80000 530 -38 3 -2 0 0 0 0 -7 19 2 74 20 N N N N -381 -103 -16 46 46
1 80000 530 -128 -1 3 0 0 0 0 -34 59 7 94 21 N N N N -3961 -1003 -19 431 431
1 80000 544 -201 -2 0 0 0 0 0 -77 73 19 160 38 N N N N -364 -99 -17 45 45
1 80000 510 14 1 0 0 -1 -1 0 6 -4 -1 231 61 N N N N -501 -142 -40 68 68
1 79999 534 33 -4 -3 0 0 0 0 14 -11 -4 168 47 N N N N 1398 337 -36 -139 -139
1 80001 508 -102 7 2 0 0 0 0 -46 30 11 131 30 N N N N 687 164 -18 -68 -68
1 80000 512 26 -2 2 0 0 0 0 12 -7 -3 29 10 N N N N -50 -18 -14 10 10
1 79999 522 -54 0 -2 0 1 -1 0 -25 14 6 176 43 N N N N 565 134 -19 -54 -54
1 80000 523 -91 1 1 0 0 0 0 -46 17 11 125 31 N N N N 948 226 -26 -92 -92
1 80000 504 -233 -2 -1 0 0 0 0 -123 9 30 87 23 N N N N 782 187 -19 -76 -76
1 80000 515 -148 1 0 0 0 0 0 -76 -17 20 27 4 N N N N 337 81 -8 -33 -33
1 84173 548 441 -4 -118 0 -1361 -1 -2 230 -18 -2 177 38 N N N N -2242 -567 -17 244 244
1 80355 508 354 23 116 22 1370 0 2 142 -103 -80 178 51 N N N N -799 -218 -43 100 100
1 80000 457 -73 1 1 0 0 0 0 -23 31 5 51 12 N N N N -1583 -397 -6 172 172
1 79999 466 -222 -1 0 0 0 0 0 -92 75 18 133 32 N N N N -211 -62 -22 31 31
1 80000 477 -174 -1 -1 0 0 0 0 -89 30 18 64 13 N N N N -1242 -315 -13 138 138
1 80000 473 -148 1 0 0 0 0 0 -79 4 18 97 23 N N N N -1705 -430 -14 191 191
1 85104 539 558 -12 5 -6 5 0 0 265 -115 -61 216 70 N N N N -253 -80 -45 43 43
1 80779 495 127 6 -2 0 0 0 0 36 -57 -5 88 8 N N N N -227 -61 -11 28 28
1 80001 500 -109 0 0 0 0 0 0 -30 50 6 62 13 N N N N -188 -50 -8 24 24
1 80000 519 -120 0 1 0 0 0 0 -44 47 9 175 41 N N N N -146 -44 -21 22 22
1 79999 492 -197 1 -4 0 0 0 0 -90 55 19 137 37 N N N N -977 -253 -28 117 117
1 80000 518 -93 -2 -1 0 0 -1 0 -48 14 11 93 20 N N N N -484 -126 -14 58 58
1 80000 535 -155 2 4 0 0 0 0 -82 7 19 181 45 N N N N 59 6 -25 1 1
1 80000 524 -210 -2 -2 0 0 0 0 -109 -25 25 18 6 N N N N 123 24 -17 -8 -8
1 80000 552 -199 3 2 0 0 0 0 -89 -56 21 64 14 N N N N 158 36 -9 -14 -14
1 84177 582 494 -3 -119 0 -1375 0 -2 244 59 4 306 73 N N N N 594 132 -42 -53 -53
1 85765 617 588 -3 117 -7 1369 -1 2 248 -150 -116 126 37 N N N N 852 199 -31 -83 -83
1 80000 569 -144 0 4 0 0 0 0 -42 64 9 237 54 N N N N 307 70 -17 -28 -28
1 80000 591 -266 0 -1 0 0 0 0 -114 83 25 171 49 N N N N 754 171 -42 -68 -68
1 80000 580 -154 1 -1 0 0 0 0 -79 23 18 238 60 N N N N 598 133 -38 -53 -53
1 79999 604 -134 0 1 0 0 0 0 -72 1 17 35 11 N N N N 337 76 -17 -30 -30
1 85241 640 560 -8 2 -9 -4 -1 0 267 -110 -64 119 30 N N N N 268 57 -25 -21 -21
1 80818 606 100 2 -4 0 0 0 0 30 -44 -5 122 26 N N N N 220 49 -14 -19 -19
1 78654 303 155 276 -47 186 -427 -291 -4 23 -78 56 44 9 N N N N 277 64 -11 -26 -26
1 106640 -39 55 208 8 344 -1 -419 0 -46 -35 111 -13 1 N N N N 87 20 -3 -8 -8
1 53496 -312 -101 -6 1 1 -3 -232 0 -11 54 -4 -65 -15 N N N N -8 3 11 -3 -3
1 79328 -645 -361 -145 -116 9 -1395 -221 2 -108 115 15 -183 -44 N N N N -362 -80 24 31 31
1 84000 -787 -338 4 132 0 1389 -1 2 -166 95 -103 -162 -38 N N N N -237 -50 23 18 18
1 80000 -795 49 2 1 0 0 0 0 25 -1 8 -445 -114 N N N N -792 -174 57 67 67
1 80001 -810 79 0 -4 0 0 0 0 41 -8 15 -220 -61 N N N N -930 -208 57 82 82
1 79998 -800 42 0 2 0 0 0 0 21 -6 6 -325 -85 N N N N -1189 -273 57 112 112
1 83119 -682 508 -61 4 -88 5 -6 0 202 -181 30 -181 -43 N N N N -789 -189 19 80 80
1 80001 -536 110 -1 1 0 0 0 0 15 -56 2 -135 -36 N N N N -332 -70 33 27 27
1 79999 -535 -67 0 1 0 0 0 0 -7 35 -1 -94 -22 N N N N -195 -43 15 16 16
1 80000 -541 46 2 -4 0 0 0 0 5 -25 1 -240 -62 N N N N 690 185 37 -88 -88
1 80000 -557 -16 -3 2 0 0 0 0 -1 9 -1 -65 -17 N N N N 779 201 20 -92 -92
1 79776 -617 -546 55 -1 8 -10 -95 -4 -191 214 -36 -64 -11 N N N N 197 51 7 -24 -24
1 81752 -653 -183 -59 0 0 0 -70 4 -89 19 -20 -154 -37 N N N N 99 32 19 -17 -17
1 79999 -660 -53 2 1 0 0 0 0 -29 1 -6 -197 -54 N N N N -284 -55 42 18 18
1 80001 -670 18 0 -2 0 0 0 0 10 0 1 -147 -30 N N N N 4183 1051 21 -463 -463
1 80000 -680 -70 -1 2 0 0 0 0 -38 -1 -7 -155 -38 N N N N 229 67 23 -33 -33
1 87296 -829 799 6 1 6 -6 -1 0 331 -215 69 -234 -56 N N N N 2410 617 38 -271 -271
1 79997 -737 -3324 0 2 0 0 0 0 5 -144 -2 -107 -27 N N N N 1628 417 22 -181 -181
1 80002 -752 -55 -2 -3 0 0 0 0 5 28 1 -60 -13 N N N N 156 44 14 -21 -21
1 79998 -738 -35 2 -1 0 0 0 0 2 18 1 -192 -47 N N N N -791 -185 29 74 74
1 80001 -770 59 -4 0 0 0 0 0 -4 -31 -1 -68 -15 N N N N -649 -158 15 64 64
1 81650 -797 2727 6 3 1 1 -1 0 -248 341 -49 -120 -27 N N N N -784 -186 21 76 76
1 80000 -757 -92 -3 -2 0 0 0 0 -49 4 -11 -85 -19 N N N N 128 39 15 -19 -19
1 80001 -758 27 0 -4 0 0 0 0 15 -1 3 -199 -47 N N N N -963 -230 29 94 94
1 80000 -744 -46 -1 3 0 0 0 0 -25 1 -4 -356 -93 N N N N -941 -214 54 83 83
1 80000 -726 100 1 2 0 0 0 0 53 -5 11 -32 -11 N N N N -688 -165 19 69 69
1 84762 -787 618 2 -1 0 -11 0 0 243 -200 50 -158 -32 N N N N 3010 764 20 -332 -332
1 80000 -702 27 -3 0 0 0 0 0 5 -14 0 -137 -34 N N N N 1824 470 26 -204 -204
1 80001 -684 14 1 -3 0 0 0 0 2 -8 1 -326 -86 N N N N 1830 484 53 -212 -212
1 80000 -678 41 -1 4 0 0 0 0 4 -20 0 -160 -41 N N N N 1757 453 23 -192 -192
1 80000 -645 -3368 1 -3 0 0 0 0 -5 -123 -3 -224 -60 N N N N -1271 -302 42 118 118
1 84001 -669 2762 9 5 0 17 0 0 -201 354 -38 -255 -63 N N N N 450 132 40 -62 -62
1 79999 -596 -103 -10 -2 0 0 0 0 -52 13 -12 -201 -57 N N N N -655 -149 38 55 55
1 80000 -571 114 -3 1 0 0 0 0 59 -16 13 -209 -55 N N N N -1336 -323 34 130 130
1 80000 -570 171 1 -1 0 0 0 0 82 -42 16 -205 -58 N N N N -2142 -526 37 216 216
1 79999 -545 -14 -2 -1 0 0 0 0 -6 4 -1 -107 -27 N N N N -3077 -770 24 327 327
1 80002 -555 39 1 0 0 0 -41 0 17 -12 2 -176 -46 N N N N 339 99 31 -48 -48
1 79998 -543 80 -1 5 0 0 0 0 31 -28 7 -118 -31 N N N N -685 -166 20 68 68
1 80002 -522 63 -4 -5 0 0 0 0 23 -27 3 -345 -90 N N N N 597 172 51 -83 -83
1 80000 -514 51 3 3 0 0 0 0 14 -22 4 -132 -38 N N N N -1294 -318 27 134 134
1 80000 -516 163 -4 0 0 0 -100 0 35 -79 4 -291 -80 N N N N -2262 -557 49 235 235
1 79999 -509 -3340 2 2 0 0 0 0 2 -136 -1 -119 -32 N N N N 322 93 26 -44 -44
1 79999 -537 197 -5 1 0 0 0 0 -40 -96 -11 -192 -51 N N N N -362 -83 25 32 32
1 80000 -520 304 2 -6 0 0 0 0 -122 -109 -27 -239 -68 N N N N -2759 -685 51 296 296
1 80411 -544 -338 -14 -118 0 -1398 -116 -2 134 101 -11 -127 -30 N N N N -1364 -342 18 150 150
1 78721 -557 2550 30 121 0 1387 -60 -2 -207 460 -1 -327 -91 N N N N -3022 -752 58 334 334
1 82106 -560 680 -45 -8 0 0 -50 4 248 -249 36 -304 -83 N N N N -3817 -959 55 436 436
1 80000 -574 -2343 -7 2 0 0 0 0 -458 -311 -76 -543 -133 N N N N -433 -91 66 32 32
1 80000 -576 1239 -3 -3 0 0 0 0 -6 524 15 -589 -170 N N N N -4155 -1038 98 480 480
1 80000 -576 -2387 1 3 0 0 0 0 469 -270 56 -294 -104 N N N N -8184 -2086 83 1018 1018
1 77645 -749 3283 82 -117 101 -1395 -46 -2 -63 125 59 -442 -130 N N N N -4270 -1087 71 547 547
1 83882 -928 -406 9 130 0 1395 0 2 -165 171 -73 -554 -157 N N N N -4764 -1214 94 629 629
1 80000 -932 255 3 0 0 0 0 0 112 -71 34 -538 -149 N N N N -1771 -446 78 230 230
1 80000 -942 181 0 -1 0 0 0 0 57 -76 17 -455 -132 N N N N -2024 -510 98 267 267
1 80000 -947 -3249 -1 1 0 0 0 0 29 -180 8 -590 -170 N N N N -1614 -407 100 213 213
1 84237 -827 2736 -50 -2 -65 8 -2 0 -229 337 -73 -626 -180 N N N N -1483 -371 124 193 193
1 79999 -655 382 -1 -1 0 0 0 0 175 -100 36 -441 -125 N N N N -417 -99 77 48 48
1 79999 -667 391 0 3 0 0 0 0 72 -189 15 -232 -68 N N N N 12 8 41 -9 -9
1 80002 -684 -3281 3 -2 0 0 0 0 -47 -161 -11 -411 -114 N N N N -407 -99 69 48 48
1 79998 -669 207 -1 2 0 0 0 0 -75 -81 -16 -223 -66 N N N N -876 -224 51 121 121
1 81529 -705 2567 -9 -128 0 -1406 -2 -2 7 442 49 -481 -128 N N N N -591 -148 67 78 78
1 83057 -722 -418 2 128 0 1398 1 2 -213 95 -91 -316 -96 N N N N -69 -11 64 -1 -1
1 80002 -700 282 3 -2 0 0 0 0 148 -27 31 -253 -71 N N N N -1736 -454 38 257 257
1 80001 -725 381 1 1 0 0 0 0 148 -135 29 -196 -60 N N N N -535 -136 62 73 73
1 79999 -722 -3149 -1 0 0 0 0 0 17 -232 3 -302 -81 N N N N 536 146 43 -89 -89
1 85883 -790 2718 7 1 0 -1 -1 0 -191 377 -37 -399 -114 N N N N 1610 434 73 -258 -258
1 79999 -718 116 -11 0 0 0 0 0 59 -26 9 -541 -155 N N N N 1325 360 72 -213 -213
1 80002 -742 406 2 0 0 0 0 0 134 -163 28 -665 -199 N N N N 359 112 136 -79 -79
1 79999 -711 -3180 1 -4 0 0 0 0 -15 -218 -3 -406 -123 N N N N 2157 588 90 -341 -341
1 80000 -715 412 0 1 0 0 0 0 -157 -150 -34 -429 -124 N N N N -188 -42 68 15 15
1 83352 -733 2662 -5 -122 0 -1391 0 -2 150 387 58 -304 -91 N N N N 360 107 75 -68 -68
1 81528 -677 -559 -33 115 0 1395 0 2 -239 184 -70 -237 -62 N N N N -1979 -527 32 294 294
1 80001 -687 596 8 -7 0 0 0 0 254 -173 39 -496 -138 N N N N 579 166 81 -103 -103
1 79999 -654 -2403 0 -4 0 0 0 0 -319 -423 -66 -148 -47 N N N N -3041 -813 44 460 460
1 80001 -639 1205 6 6 0 0 0 0 -221 472 -21 -400 -111 N N N N -1209 -321 60 179 179
1 87766 -767 1331 54 7 75 2 -1 0 547 -114 115 -586 -184 N N N N 4206 1150 116 -673 -673
1 80000 -869 -3195 25 11 0 0 0 0 -41 -204 -1 -572 -168 N N N N -25 5 99 -14 -14
1 80000 -928 558 2 -3 0 0 0 0 -243 -152 -72 -555 -168 N N N N 2625 727 105 -422 -422
1 80000 -917 350 -2 2 0 0 0 0 -176 41 -52 -623 -181 N N N N 2855 793 106 -452 -452
1 80000 -913 249 -2 -2 0 0 0 0 -94 87 -29 -802 -237 N N N N 7134 1974 146 -1076 -1076
1 82647 -810 1212 -30 120 -48 1383 0 -2 231 476 6 -370 -112 N N N N 3616 1011 94 -536 -536
1 83999 -786 -2620 -4 -118 5 -1380 0 2 331 -326 143 -344 -100 N N N N 2021 568 57 -296 -296
1 80000 -735 514 2 -1 0 0 0 0 -137 -228 -32 -512 -155 N N N N 5938 1660 107 -838 -838
1 80001 -747 485 0 -1 0 0 0 0 -250 -41 -61 -150 -39 N N N N 2076 578 25 -284 -284
1 80000 -745 372 1 0 0 0 0 0 -163 104 -39 -80 -21 N N N N 658 189 23 -93 -93
1 80000 -768 272 -2 -3 0 0 0 0 -59 126 -14 -304 -85 N N N N -1217 -323 41 148 148
1 84526 -854 1227 7 121 -1 1382 0 -2 409 355 40 -453 -136 N N N N 1412 418 97 -215 -215
1 82196 -810 681 -2 -122 8 -1408 0 2 199 -292 109 -250 -71 39 72 40 559 6444 1797 45 -847 -847
1 79983 -784 -3476 2 1 0 0 0 0 -7 -65 -2 -253 -71 N N N N 4971 1394 49 -637 -637
1 80001 -787 308 -2 0 0 0 0 0 -76 -143 -21 -134 -33 N N N N 5917 1650 27 -724 -724
1 80000 -758 224 -1 1 0 0 0 0 -98 -68 -24 -223 -60 N N N N 5539 1554 42 -662 -662
1 84117 -784 2665 -13 -122 2 -1372 0 -2 146 384 60 -236 -69 N N N N 4420 1252 51 -520 -520
1 77294 -653 -350 -14 124 -33 1395 0 2 -132 158 -61 -157 -45 N N N N 578 174 29 -76 -76
1 80000 -662 349 3 -3 0 0 0 0 136 -124 27 -93 -24 N N N N 743 218 22 -91 -91
1 80001 -668 -3193 -4 0 0 0 0 0 31 -208 6 -115 -28 N N N N 3024 852 21 -341 -341
1 80015 -683 407 2 0 0 0 0 0 -118 -178 -25 -296 -86 37 73 41 559 1540 454 48 -187 -187
1 79985 -705 299 -1 -2 0 0 0 0 -150 -58 -31 -217 -67 N N N N 139 63 47 -34 -34
1 83588 -771 2622 -4 -122 0 -1391 0 -2 266 347 66 -83 -21 N N N N -193 -41 24 12 12
1 81649 -758 -638 -13 119 0 1388 0 2 -241 244 -58 -161 -38 N N N N -487 -122 27 42 42
1 79999 -747 408 -17 -8 0 0 0 0 191 -108 29 -255 -68 N N N N 1568 462 45 -188 -188
1 80000 -758 -2385 7 -2 0 0 0 0 -216 -485 -45 -380 -111 N N N N 761 251 71 -110 -110
1 79999 -750 1195 4 1 0 0 0 0 -319 413 -39 -103 -32 N N N N -12 12 28 -10 -10
1 80001 -735 1228 1 -2 0 0 0 0 545 55 90 -172 -43 N N N N 20 20 27 -13 -13
1 80015 -694 -2404 -11 3 0 0 0 0 -235 -469 -52 -292 -80 38 70 39 558 1304 392 48 -160 -160
1 79984 -679 1231 6 -2 0 0 0 0 -297 440 -34 -393 -116 N N N N -9 39 75 -29 -29
1 80001 -666 1192 3 3 0 0 0 0 538 21 85 -294 -88 N N N N 1390 427 63 -174 -174
1 80000 -648 -2348 -2 0 0 0 0 0 -283 -461 -58 -362 -105 N N N N 1559 479 72 -195 -195
1 82353 -864 -636 80 -115 89 -1401 0 -2 272 124 48 -413 -117 N N N N 1256 389 59 -157 -157
1 81822 -958 2498 8 127 0 1399 0 2 -220 472 -25 -463 -132 N N N N -620 -118 99 25 25
1 79999 -998 500 0 -1 0 0 0 0 213 -139 66 -1021 -277 N N N N -94 81 187 -67 -67
1 80001 -1027 288 -1 0 0 0 0 0 44 -144 12 -760 -222 N N N N -5252 -1415 145 507 507
1 80014 -1007 -3382 2 3 0 0 0 0 -18 -112 -5 -2470 -721 38 68 41 557 -12793 -3463 412 1305 1305
1 19986 -241 117 -5 -1 0 0 0 0 -27 -56 -9 -341 -108 N N N N -3966 -1093 115 439 439
1 20015 -241 109 4 1 0 0 0 0 -35 -46 -11 -172 -63 37 69 40 557 -2532 -707 61 293 293
1 26101 -291 -136 -38 -130 -32 -1397 0 -2 53 30 -39 -1607 -469 N N N N -4327 -1178 191 483 483
1 20018 -192 3294 -3 1 0 0 0 0 39 150 44 -837 -246 39 70 41 557 -5288 -1462 213 626 626
1 20456 -205 -376 6 -4 0 0 0 0 -72 180 26 -254 -77 N N N N -2723 -753 129 329 329
1 20212 -209 -339 16 134 0 1402 0 2 -156 129 -74 -65 -28 38 69 41 557 317 108 44 -58 -58
1 20787 -192 -134 -10 0 0 0 0 0 -68 10 -19 -633 -173 N N N N 823 251 29 -122 -122
1 20016 -210 -108 -3 0 0 0 0 0 -57 -2 -15 -632 -186 39 71 44 557 -551 -123 115 39 39
1 19984 -190 15 2 -2 0 0 0 0 8 0 2 -267 -94 N N N N -791 -193 119 70 70
1 20017 -216 129 5 2 0 0 0 0 67 2 18 -231 -78 37 71 41 557 -1129 -312 67 137 137
1 19983 -211 79 -2 0 0 0 0 0 42 -7 10 -603 -178 N N N N -1731 -484 86 217 217
1 20017 -204 3 0 0 0 0 0 0 2 0 0 -592 -179 37 70 40 557 -2135 -600 109 273 273
1 19984 -206 -52 -2 -2 0 0 0 0 -27 4 -6 -999 -266 N N N N -1982 -550 132 250 250
1 20014 -199 70 1 1 0 0 0 0 36 -7 9 -1032 -299 39 68 41 557 1753 590 231 -328 -328
1 19985 -191 207 0 1 0 0 0 0 99 -47 26 -439 -120 N N N N 6665 2047 156 -1004 -1004
1 20016 -191 71 -3 1 0 0 0 0 30 -23 5 -1910 -541 37 68 42 557 7177 2255 257 -1070 -1070
1 19984 -181 -89 -3 -1 0 0 0 0 -37 28 -10 -1423 -431 N N N N 2085 744 282 -379 -379
1 20016 -174 -123 0 1 0 0 0 0 -58 31 -14 -962 -302 39 68 44 557 2675 920 252 -444 -444
1 19985 -174 -147 -1 -2 0 0 0 0 -75 19 -17 -766 -238 N N N N 4747 1556 232 -699 -699
1 20015 -171 -30 -1 1 0 0 0 0 -16 2 -5 -97 -52 38 70 43 557 6970 2191 98 -905 -905
1 19985 -171 2 1 0 0 0 0 0 1 0 0 -544 -172 N N N N 6625 2087 86 -823 -823
1 23311 -207 110 8 119 0 1388 0 -2 56 5 -47 -887 -263 39 69 45 557 5461 1790 180 -700 -700
1 21276 -196 291 -2 0 0 0 0 0 133 -68 49 -702 -217 N N N N 3809 1278 160 -492 -492
1 24839 -225 314 -6 -119 2 -1398 0 2 82 -166 66 -2055 -615 39 70 47 556 4217 1469 246 -564 -564
1 19983 -187 -3397 3 1 0 0 0 0 5 -106 1 -707 -247 N N N N 4513 1625 319 -617 -617
1 20016 -181 114 -5 -1 0 0 0 0 -14 -59 -5 -70 -55 37 71 44 556 3232 1091 106 -382 -382
1 19984 -180 227 4 -3 0 0 0 0 -63 -103 -16 -3063 -896 N N N N 1584 650 211 -256 -256
1 20015 -186 169 -4 4 0 0 0 0 -69 -56 -17 -1706 -586 37 69 47 556 1665 973 617 -442 -442
1 19984 -184 52 -3 -1 0 0 0 0 -25 -13 -6 -566 -231 N N N N 1718 754 276 -297 -297
1 20017 -177 -19 0 -2 0 0 0 0 9 4 2 -1066 -357 39 72 46 556 981 452 180 -179 -179
1 19984 -158 61 4 0 0 0 0 0 -30 -14 -8 -2378 -697 N N N N 453 430 380 -215 -215
1 20015 -164 147 2 -1 0 0 0 0 -77 -19 -20 -1030 -362 40 73 49 556 1327 712 367 -296 -296
1 19985 -154 203 0 -5 0 0 0 0 -109 7 -27 -2435 -709 N N N N 1814 878 364 -343 -343
1 20016 -136 151 -5 3 0 0 0 0 -74 28 -17 -771 -296 38 71 49 556 2548 1160 397 -428 -428
1 19984 -144 61 -34 -9 0 0 0 0 -25 16 1 -2795 -836 N N N N 2309 1135 448 -425 -425
1 20017 -135 39 27 14 0 0 0 0 -19 13 -6 -527 -259 38 71 48 556 5112 2079 417 -674 -674
1 19983 -146 105 3 -1 0 0 0 0 -40 38 -10 -437 -178 N N N N 4380 1624 150 -472 -472
1 20016 -153 126 -2 1 0 0 0 0 -38 53 -8 -1040 -333 36 72 50 556 3012 1161 147 -339 -339
1 19985 -143 107 -1 -1 0 0 0 0 -21 51 -5 -1063 -345 N N N N 2636 1150 269 -355 -355
1 20707 -167 127 0 124 0 1403 -24 -2 -14 66 3 -1190 -381 40 71 46 556 2549 1167 308 -362 -362
1 20766 -161 321 2 -3 0 0 0 0 32 158 -28 -1260 -409 N N N N 4141 1761 336 -507 -507
1 20015 -166 413 7 0 0 0 0 0 156 147 5 -1258 -401 38 70 48 556 3556 1544 305 -435 -435
1 20513 -166 369 2 -4 0 0 0 0 193 25 44 -1169 -373 N N N N 3364 1533 345 -431 -431
1 20013 -152 268 -2 2 0 0 0 0 126 -57 43 -847 -286 40 73 49 556 3415 1439 222 -374 -374
1 25984 -193 169 -17 -118 0 -1396 -2 2 65 -88 54 -936 -320 N N N N 4067 1760 293 -451 -451
1 20016 -123 0 0 0 0 0 0 0 -1 0 1 -245 -110 38 73 51 556 2435 1014 133 -246 -246
1 19986 -131 -69 1 2 0 0 0 0 -22 30 -4 -272 -95 N N N N 2042 803 64 -184 -184
1 20014 -141 -136 -2 -2 0 0 0 0 -52 49 -12 -774 -220 38 75 52 556 1378 593 89 -143 -143
1 19987 -130 -103 -2 -1 0 0 0 0 -47 28 -10 -707 -203 N N N N 2018 982 227 -251 -251
1 20014 -129 -28 2 1 0 0 0 0 -14 7 -3 -778 -254 39 71 54 556 2583 1138 179 -268 -268
1 19983 -126 -18 0 0 0 0 0 0 -9 3 -1 -401 -141 N N N N 2655 1176 184 -273 -273
1 20018 -128 -78 -4 2 0 0 0 0 -39 13 -10 -739 -245 38 72 52 555 1938 856 128 -194 -194
1 19984 -122 -75 6 -3 0 0 0 0 -41 7 -5 -1099 -348 N N N N 1922 964 219 -232 -232
1 20016 -116 114 0 0 0 0 0 0 60 -13 12 -1339 -412 41 76 52 555 1918 1081 313 -270 -270
1 19985 -115 107 0 0 0 0 0 0 53 -22 11 -1212 -379 N N N N 2507 1353 349 -323 -323
1 20014 -118 17 -2 0 0 0 0 0 8 -5 1 -430 -174 39 75 54 555 2631 1292 253 -287 -287
1 19984 -126 -19 -6 -1 0 0 0 0 -8 5 -1 -141 -77 N N N N 2296 984 101 -196 -196
1 20017 -123 -54 1 2 0 0 0 0 -26 13 -7 -314 -108 42 74 58 555 1429 641 85 -130 -130
1 19984 -134 -124 -6 1 0 0 0 0 -63 19 -15 -831 -253 N N N N 1075 616 165 -140 -140
1 20016 -148 -215 -1 -1 0 0 0 0 -115 0 -21 -1336 -405 38 80 58 555 2030 1175 318 -267 -267
1 18788 -125 -190 1 3 -2 1 -39 -4 -96 -33 -20 -1001 -324 N N N N 3560 1722 285 -345 -345
1 21179 -145 -79 7 124 2 1384 -65 2 -36 -20 -60 -790 -261 40 77 60 554 4536 2013 215 -370 -370
1 21195 -146 88 -4 -8 0 0 0 0 40 26 5 -1569 -495 N N N N 4926 2308 308 -424 -424
1 21074 -149 227 -5 0 0 0 0 0 116 38 17 -1745 -585 42 89 61 554 4868 2573 493 -486 -486
1 20925 -134 331 5 -1 0 0 0 0 173 -22 39 -2385 -739 N N N N 6497 3434 620 -616 -616
1 20200 -141 247 4 -108 0 -1392 -1 -2 102 -96 75 -226 -128 40 75 70 554 5277 2613 360 -428 -429
1 17945 -103 61 -26 -12 0 2 -83 2 25 -29 -2 -517 -181 N N N N 2388 1191 162 -190 -189
1 22224 -129 -20 -1 3 -1 -1 -2 2 -7 9 -2 -460 -174 37 81 73 554 2383 1209 172 -192 -192
1 19985 -101 -75 -4 -1 0 0 0 0 -24 31 -4 -501 -160 N N N N 1935 976 132 -151 -151
1 20015 -118 -48 2 -3 0 0 0 0 -18 18 -2 -559 -173 41 83 75 553 2053 1097 177 -173 -173
1 19984 -100 60 -1 3 0 0 0 0 22 -23 4 -359 -113 N N N N 2016 987 114 -145 -145
1 20016 -112 88 7 0 0 0 0 0 27 -37 5 -199 -74 41 83 74 553 2683 1266 120 -178 -178
1 19984 -98 68 3 0 0 0 0 0 17 -32 5 -209 -54 N N N N 1864 893 90 -125 -125
1 20016 -105 68 -2 -3 0 0 0 0 13 -34 1 -42 -14 41 88 80 553 1879 801 29 -102 -102
1 19984 -99 61 -8 -4 0 0 0 0 10 -32 -3 -32 -5 N N N N 1080 515 49 -70 -70
1 20016 -123 29 -8 0 0 0 0 0 5 -15 -3 -52 -6 41 87 80 552 1028 448 22 -57 -57
1 19985 -122 -3492 3 -5 0 0 0 0 2 -58 -1 -56 -9 N N N N 1423 600 17 -74 -74
1 20016 -124 163 3 4 0 0 0 0 -18 -84 0 -12 -4 41 82 84 552 906 392 17 -49 -49
1 19983 -122 180 1 -3 0 0 0 0 -49 -83 -10 -53 -14 N N N N 370 185 22 -25 -25
1 20018 -127 177 -10 3 0 0 0 0 -68 -64 -12 -92 -21 43 88 85 552 911 397 18 -49 -49
1 19982 -144 154 -5 -3 0 0 0 0 -75 -36 -14 -181 -57 N N N N 946 460 47 -62 -62
1 20018 -137 187 6 1 0 0 0 0 -102 -17 -12 -42 -26 42 87 84 551 1357 588 24 -71 -71
1 19206 -138 226 87 -1 99 0 -35 -4 -129 23 -36 -111 -43 N N N N 603 295 31 -39 -39
1 20923 -182 139 -16 -127 9 -1398 -65 2 -63 36 -64 -53 -26 41 91 91 551 1013 441 19 -54 -54
1 20795 -173 -206 11 11 0 0 0 0 96 -51 17 -34 -17 N N N N 799 364 24 -45 -45
1 20016 -185 -289 0 -1 0 0 0 0 151 -12 40 -39 -17 42 94 89 551 589 250 7 -29 -29
1 20456 -186 -294 2 1 0 0 0 0 138 62 52 -25 -12 N N N N 545 233 8 -28 -28
1 21897 -205 -322 0 0 0 0 0 0 87 135 56 -22 -9 43 95 90 550 345 170 18 -22 -22
1 20455 -192 3311 0 -4 0 0 0 0 1 146 33 -13 -6 N N N N 418 181 7 -21 -21
1 20014 -163 -275 0 3 0 0 0 0 -70 127 8 -11 -4 44 91 91 550 156 67 2 -8 -8
1 19926 -186 -249 -3 101 -76 1414 -1 0 -107 104 -57 -30 -11 N N N N 329 146 8 -17 -17
1 20547 -144 -95 -53 27 0 -4 -1 2 -39 21 -30 -4 -2 43 98 93 549 320 115 -8 -12 -12
1 19983 -123 35 0 0 0 0 0 0 18 -5 2 -14 -5 N N N N 121 63 8 -8 -8
1 10016 -71 40 4 -1 0 0 0 0 21 -6 4 -6 -3 44 113 91 549 -106 -41 2 4 4
1 9985 -65 53 2 -1 0 0 0 0 26 -11 6 -10 -3 N N N N 56 41 9 -6 -6
1 10016 -62 52 -3 2 0 0 0 0 25 -13 3 2 0 44 90 87 549 229 97 3 -11 -11
1 9985 -61 42 -1 0 0 0 0 0 20 -11 4 -5 -2 N N N N 125 42 -4 -4 -4
1 10016 -65 48 -2 -2 0 0 0 0 21 -16 3 -5 -2 42 92 90 548 60 35 6 -5 -5
1 9984 -70 53 1 -1 0 0 0 0 21 -19 5 -1 0 N N N N 72 32 1 -4 -4
1 10014 -66 58 3 2 0 0 0 0 21 -22 3 -1 -1 42 93 89 548 45 23 3 -3 -3
1 9985 -73 65 -1 1 0 0 0 0 19 -28 6 -4 1 N N N N 146 59 1 -7 -7
1 10017 -62 65 0 -3 0 0 0 0 19 -30 2 -4 -2 42 95 90 548 2 13 6 -2 -2
1 9983 -71 58 0 1 0 0 0 0 11 -28 3 -6 -2 N N N N -39 -24 -4 3 3
1 10016 -76 68 -1 1 0 0 0 0 12 -34 0 -7 -2 43 96 85 547 160 76 6 -9 -9
1 9984 -55 55 2 -5 0 0 0 0 4 -30 3 -2 -1 N N N N 103 48 4 -6 -6
1 10016 -69 60 1 2 0 0 0 0 3 -31 0 -18 -6 44 94 85 547 39 12 -2 -1 -1
1 9985 -69 -3535 9 8 0 0 0 0 -5 -32 7 8 1 N N N N -6 13 8 -3 -3
1 10016 -83 38 -2 -7 0 0 0 0 -2 -22 -4 -4 -2 41 94 84 547 77 22 -5 -2 -2
1 9984 -73 -11 -2 -5 0 0 0 0 1 5 1 -7 -1 N N N N 28 13 1 -1 -1
1 10014 -94 -28 -23 -7 0 0 0 0 9 13 -15 -69 -20 44 93 85 547 103 60 10 -8 -8
1 9986 -75 3493 21 0 0 0 0 0 -6 56 14 29 8 N N N N 28 -2 -7 1 1
1 10015 -111 -3 -11 20 0 0 0 0 3 7 -7 -10 0 46 94 86 546 -102 -27 8 2 2
1 9984 -52 -29 -3 1 0 0 0 0 -2 15 -1 7 1 N N N N 77 10 -12 1 1
1 10016 -72 50 11 0 0 0 0 0 1 -26 5 -16 -6 42 114 90 546 57 57 19 -10 -10
1 9985 -77 -3532 -4 -15 0 0 0 0 0 -40 0 -37 -10 N N N N 10 8 3 -1 -1
1 10015 -79 87 3 9 0 0 0 0 -7 -43 0 6 -3 43 91 83 546 74 51 11 -8 -8
1 9985 -90 37 -17 -9 0 0 0 0 -1 -21 -8 3 3 N N N N 146 64 3 -8 -8
1 10015 -58 6 13 12 0 0 0 0 -3 0 4 -31 -6 43 94 85 545 -80 -39 -3 5 5
1 9985 -63 29 -8 -6 0 0 0 0 -4 -16 -4 -1 -4 N N N N -40 -2 7 -1 -1
1 11356 -86 89 16 -2 0 1 -8 -4 -23 -44 2 2 1 45 97 79 545 90 45 5 -6 -6
1 15934 -100 -22 -12 -130 0 -1412 -15 2 7 -15 -36 -5 -2 N N N N 233 97 2 -11 -11
1 10016 -63 -105 -10 20 0 0 0 0 24 55 13 -5 0 44 97 82 545 -130 -43 5 4 4
1 10459 -62 3441 7 -4 0 0 0 0 11 79 21 20 5 N N N N -57 -20 2 2 2
1 10013 -52 -116 10 -4 0 0 0 0 -10 58 16 -10 -2 42 89 81 545 116 48 1 -5 -5
1 10453 -85 -100 1 7 0 0 0 0 -17 51 7 11 4 N N N N -68 -25 2 2 2
1 10015 -92 -99 -21 -7 0 0 0 0 -20 46 -2 -5 -2 46 92 81 544 69 23 -3 -2 -2
1 10932 -84 -186 17 0 0 0 0 0 -72 71 11 -3 2 N N N N 111 47 1 -5 -5
1 14622 -116 -167 54 153 92 1411 0 2 -89 78 -69 -3 -3 42 141 84 544 47 21 1 -3 -3
1 10784 -86 -55 7 -33 0 0 0 0 -29 4 12 -29 -8 N N N N -58 -31 -4 4 4
1 10016 -86 -30 -2 11 0 0 0 0 -14 6 -14 1 -1 44 93 80 544 3 10 4 -1 -1
1 9984 -75 19 -9 -29 0 0 0 0 11 -7 18 -1 2 N N N N -82 -37 -2 4 4
1 10016 -85 26 6 10 0 0 0 0 12 -3 -1 -3 -2 42 90 81 543 139 46 -6 -4 -4
1 9985 -90 2 7 2 0 0 0 0 0 0 0 -1 1 N N N N 36 21 4 -3 -3
1 10015 -79 15 -5 9 0 0 0 0 8 -1 -2 -2 -1 43 94 77 543 -62 -28 -1 3 3
1 9984 -105 56 7 5 0 0 0 0 25 -10 8 -1 2 N N N N -4 9 5 -2 -2
1 10016 -91 12 5 -5 0 0 0 0 4 -4 7 -9 -3 40 91 83 543 -18 0 4 0 0
1 9984 -121 28 -1 44 0 0 0 0 16 3 -23 15 4 N N N N 178 66 -3 -7 -7
1 10016 -108 112 -11 -44 0 0 0 0 48 -43 38 -5 -1 43 89 78 543 7 4 1 -1 -1
1 9984 -109 27 4 -8 0 0 0 0 14 -9 1 11 3 N N N N 6 4 1 0 0
1 10016 -99 29 -6 -2 0 0 0 0 9 -13 9 -4 0 44 93 96 542 39 -3 -10 2 2
1 9984 -104 108 -8 13 0 0 0 0 39 -40 -1 -1 1 N N N N -48 -7 6 0 0
1 10016 -96 20 -4 29 0 0 0 0 8 -2 -11 -2 -1 42 91 81 542 51 26 4 -4 -4
1 9985 -100 3 16 -31 0 0 0 0 -1 -8 12 -2 0 N N N N 69 29 0 -3 -3
1 10015 -97 78 10 -13 0 0 0 0 11 -42 19 2 2 44 91 97 542 20 7 -1 -1 -1
1 9984 -98 7 -9 28 0 0 0 0 2 5 -5 1 -1 N N N N -60 -24 1 3 3
1 10016 -90 22 -23 -10 0 0 0 0 15 -13 -12 6 2 46 101 81 542 -41 -14 1 1 1
1 9984 -81 1 2 2 0 0 0 0 0 0 -2 3 1 N N N N 104 38 -2 -4 -4
1 10017 -88 -34 20 -4 0 0 0 0 -15 15 12 -12 0 42 90 77 542 19 -4 -7 2 2
1 9985 -85 29 51 -30 0 0 0 0 -7 -23 25 9 0 N N N N -115 -29 10 1 1
1 10014 -103 74 -45 16 0 0 0 0 27 -32 -22 3 1 43 89 80 541 142 51 -3 -5 -5
1 9984 -107 9 -1 -4 0 0 0 0 -1 -6 3 -9 0 N N N N -61 -14 6 1 1
1 10016 -96 -116 -32 20 0 0 0 0 -1 65 -41 37 8 42 92 78 541 22 1 -5 0 0
1 9986 -71 -24 7 -48 0 0 0 0 -6 1 12 -26 -7 N N N N 0 -1 -1 1 1
