version: 66.14
glider: 195
mission: 21
dive: 379
start: 7 14 105 2 12 24
columns: rec,elaps_tms,depth,heading,pitch,roll,AD_pitch,AD_roll,AD_vbd,GC_phase,mag.x,mag.y,mag.z,sbect.TempFreq,sbect.CondFreq,wlbb2fl.sig470nm,wlbb2fl.sig700nm,wlbb2fl.sig695nm,wlbb2fl.temp,aa4330.O2,aa4330.AirSat,aa4330.Temp,aa4330.CalPhase,aa4330.TCPhase,
data:
0 17172 13 369 -565 125 157 1967 1021 6 200 -262 -142 172419 135352 N N N N 246657 97412 26007 29200 30606
1 10001 -2 -178 19 -84 0 0 0 0 34 98 -62 223 27 N N N N -206 -66 9 5 5
1 10000 20 262 -92 -281 0 0 0 0 -51 -25 -38 92 -23 N N N N 273 45 -35 2 2
1 9999 -20 -89 162 279 0 0 0 0 30 -54 89 -415 -5 N N N N 71 65 21 -12 -12
1 10001 9 101 -99 -72 0 0 0 0 -24 -17 -8 -84 -1 N N N N -939 -204 94 6 6
1 9999 -13 -82 -63 154 0 0 0 0 7 -1 15 -46 3 N N N N -1912 -49 403 -67 -67
1 8678 12 -121 16 -41 -2 1 29 -4 20 56 -46 19 -7 N N N N 2562 325 -392 34 34
1 10039 6 90 66 -101 2 0 254 0 -12 -15 0 108 0 N N N N 234 -18 -62 14 14
1 9964 25 -40 -124 35 -2 0 256 0 -26 9 -35 -180 -6 N N N N -1625 461 624 -165 -165
1 9994 23 131 -40 -76 0 0 249 0 -19 -26 8 988 -2 N N N N -128 611 375 -134 -134
1 10040 30 -193 82 83 0 0 273 0 41 51 -7 -728 3 N N N N 901 442 44 -57 -57
1 9990 45 -19 -129 -38 0 0 268 0 -34 27 -41 180 -17 N N N N 447 235 31 -31 -31
1 9939 63 27 45 22 1 1 268 0 -1 -25 11 -169 -10 N N N N 34 54 23 -10 -10
1 15888 281 -13 61 47 980 -2 169 -1 29 -11 28 -433 -7 N N N N 369 176 15 -21 -21
1 8438 170 38 323 -52 1466 1 107 1 76 0 130 -26 -7 N N N N -145 -55 2 5 5
1 9752 158 -25 118 3 2 1 428 0 15 13 66 9 -1 N N N N 24 23 8 -4 -4
1 15869 231 -97 5 105 -8 1370 86 2 19 46 5 2 0 N N N N 155 71 5 -8 -8
1 10001 143 -102 -6 0 0 0 0 0 10 50 -18 21 7 N N N N -145 -58 0 6 6
1 9999 139 -18 -1 0 0 0 0 0 2 9 -1 25 8 N N N N 206 77 -4 -8 -8
1 10001 121 3536 -4 -4 0 0 0 0 0 32 -12 18 4 N N N N -129 -61 -5 8 8
1 10000 141 -173 -12 4 0 0 0 0 -17 87 -15 -21 -6 N N N N -5 -5 -1 1 1
1 10000 137 -122 17 2 0 0 0 0 -27 60 7 21 11 N N N N -28 -10 0 1 1
1 10000 145 -97 -13 -17 0 0 0 0 -30 41 4 16 1 N N N N 2 -11 -6 2 2
1 10000 134 -74 0 16 0 0 0 0 -28 28 -4 10 5 N N N N 53 10 -7 0 0
1 13773 203 -68 10 -101 47 -1410 4 0 -26 22 58 72 23 N N N N 16 -12 -10 3 3
1 8935 113 -31 31 -33 -1 -1 -2 2 -16 6 29 51 17 N N N N -98 -55 -9 8 8
1 10818 135 2 10 9 0 0 0 0 0 0 -1 2 3 N N N N -1 -23 -12 5 5
1 10002 125 30 2 5 0 0 0 0 13 -7 -7 22 7 N N N N -114 -54 -5 6 6
1 10000 124 53 10 -1 0 0 0 0 21 -16 -5 5 2 N N N N 0 -10 -5 2 2
1 10000 113 64 2 -8 0 0 0 0 25 -22 -7 2 1 N N N N -87 -40 -3 5 5
1 10000 130 62 -6 4 0 0 0 0 23 -25 -4 5 3 N N N N 27 9 -1 -1 -1
1 9998 123 69 -2 6 0 0 0 0 20 -29 -12 3 1 N N N N -70 -32 -3 4 4
1 10003 123 74 7 -9 0 0 0 0 18 -34 -2 2 -1 N N N N -31 -13 0 2 2
1 9997 126 70 -2 7 0 0 0 0 13 -34 -6 -2 0 N N N N -167 -69 -1 7 7
1 10002 132 69 -1 -10 0 0 0 0 8 -36 -1 2 -1 N N N N -1 -1 0 0 0
1 9998 121 74 0 8 0 0 0 0 4 -38 -3 4 1 N N N N -90 -37 -1 5 5
1 10002 129 -3526 -3 1 0 0 0 0 -2 -39 -3 1 1 N N N N -150 -61 0 6 6
1 10001 125 73 9 -1 0 0 0 0 -6 -38 3 3 -1 N N N N 60 23 -1 -2 -2
1 9997 132 87 -7 0 0 0 0 0 -15 -43 2 2 3 N N N N -111 -47 -1 5 5
1 10003 118 93 7 -7 0 0 0 0 -22 -44 8 3 1 N N N N 25 8 -1 0 0
1 9999 128 84 -8 8 0 0 0 0 -26 -36 3 8 0 N N N N -233 -97 -2 10 10
1 10000 133 74 3 0 0 0 0 0 -27 -28 9 1 1 N N N N 92 36 0 -3 -3
1 10002 128 80 -4 -2 0 0 0 0 -32 -26 8 2 0 N N N N -119 -49 -1 5 5
1 12289 174 58 5 131 -8 1419 1 -2 -26 3 67 6 0 N N N N 31 9 -2 -1 -1
1 10826 135 -67 -2 -16 0 0 0 0 30 12 -20 16 2 N N N N -128 -52 0 6 6
1 10000 127 -143 -9 -11 0 0 0 0 55 46 -32 3 1 N N N N -153 -62 0 7 7
1 10002 151 -150 0 1 0 0 0 0 43 62 -24 0 -1 N N N N -11 -6 -1 1 1
1 20175 243 3305 0 2 0 0 0 0 27 148 -31 -2 -2 N N N N 0 -2 -1 0 0
1 20003 242 -304 -2 -1 0 0 0 0 -56 148 -7 7 1 N N N N -200 -82 -1 9 9
1 23593 289 -356 -8 -129 0 -1402 0 2 -147 99 91 35 16 N N N N -117 -57 -5 8 8
1 20817 255 -273 10 21 0 0 0 0 -140 11 36 205 56 N N N N -291 -169 -30 23 23
1 20000 201 -170 -7 -12 0 0 0 0 -81 -31 31 2354 574 N N N N -1152 -977 -292 161 161
1 20000 188 141 -2 0 0 0 0 0 68 25 -21 4274 1228 N N N N -4611 -3139 -751 494 494
1 19999 171 108 18 0 0 0 0 0 51 9 -17 4188 1280 N N N N -6701 -4581 -1160 769 769
1 20002 208 3 0 8 0 0 0 0 1 2 -6 1789 687 N N N N -5037 -3363 -872 598 597
1 19999 191 86 3 3 0 0 0 0 45 -1 -13 89 8 N N N N -8335 -3823 -418 597 598
1 20000 200 210 -1 -6 0 0 0 0 104 -31 -31 500 91 N N N N -11848 -4700 -155 704 704
1 20000 199 157 -5 7 0 0 0 0 66 -48 -25 735 298 N N N N -5758 -2508 -238 427 427
1 20000 198 191 2 -5 0 0 0 0 58 -80 -18 1592 498 N N N N -1803 -976 -212 195 195
1 23468 230 226 -9 117 -11 1397 0 -2 31 -113 -20 3530 1067 N N N N -790 -1146 -604 304 304
1 20000 169 -291 15 9 0 0 0 0 -47 145 -6 4457 1349 N N N N -6881 -4042 -1108 896 896
1 21240 198 -234 -23 -136 0 -1396 1 2 -85 80 63 1888 735 N N N N -5160 -2855 -755 656 656
1 20819 168 -98 19 14 0 0 0 0 -46 26 12 2442 815 N N N N -3974 -2082 -521 489 489
1 20000 163 58 10 -1 0 0 0 0 26 -13 -5 684 367 N N N N -3462 -1765 -434 423 423
1 20000 163 -12 -7 4 0 0 0 0 -5 3 -3 2385 645 N N N N -2871 -1407 -328 341 341
1 20000 150 32 0 -6 0 0 0 0 15 -8 -1 2125 769 N N N N -4284 -2169 -569 552 552
1 20000 123 52 2 2 0 0 0 0 22 -16 -7 1785 586 N N N N -4752 -2064 -373 505 505
1 20001 134 16 1 1 0 0 0 0 7 -4 -2 2222 556 N N N N -3954 -1834 -430 482 482
1 20000 137 137 1 0 0 0 0 0 51 -50 -16 2299 732 N N N N -4817 -2239 -558 614 614
1 19999 122 231 -5 1 0 0 0 0 53 -107 -21 1560 596 N N N N -6953 -2889 -544 781 781
1 20001 134 -3402 0 -3 0 0 0 0 8 -103 -4 1249 456 N N N N -6846 -2659 -403 728 728
1 24472 123 36 -9 124 -10 1398 1 -2 -3 -17 4 1606 589 N N N N -7305 -2690 -320 748 748
1 20001 106 3506 8 0 0 0 0 0 4 49 -5 790 461 N N N N -4312 -1615 -235 474 474
1 19999 119 -136 -1 1 0 0 0 0 -8 70 -11 1094 267 N N N N -7246 -2596 -296 771 771
1 20000 131 -228 4 1 0 0 0 0 -52 108 -3 1115 225 N N N N -9706 -3329 -270 1015 1015
1 20548 101 -148 -8 -38 0 -202 1 -1 -54 56 18 879 323 N N N N -9671 -3273 -256 1057 1057
1 19452 113 -83 8 -87 0 -1197 0 3 -37 18 49 924 263 N N N N -6667 -2223 -158 751 751
1 20000 105 -81 1 3 0 0 0 0 -39 17 11 470 194 N N N N -6064 -2018 -158 713 713
1 20001 120 -3 -2 -2 0 0 0 0 -1 1 1 626 184 N N N N -5136 -1683 -107 611 611
1 20000 103 81 -1 -1 0 0 0 0 39 -17 -12 411 151 N N N N -5046 -1657 -124 625 625
1 20000 118 192 -1 -4 0 0 0 0 78 -61 -25 871 193 N N N N -4271 -1438 -183 575 575
1 19999 110 229 -2 5 0 0 0 0 60 -103 -20 570 175 N N N N -4031 -1350 -177 554 554
1 20001 110 -3406 4 -3 0 0 0 0 14 -100 -7 777 178 N N N N -3070 -1016 -125 426 426
1 19999 111 20 -5 4 0 0 0 0 0 -10 -1 677 195 N N N N -2277 -773 -139 338 338
1 20000 107 54 0 0 0 0 0 0 -4 -28 -1 631 173 N N N N -769 -274 -77 126 126
1 24588 145 73 -9 122 -10 1400 1 -2 -8 -35 14 1019 320 N N N N -1905 -672 -183 311 311
1 20354 131 -39 7 0 0 0 0 0 5 20 -1 346 179 N N N N -4281 -1367 -120 596 596
1 20231 148 -107 5 2 0 0 0 0 8 55 -10 627 168 N N N N -4113 -1330 -172 607 607
1 20239 154 3460 -10 -5 0 0 0 0 -7 71 -16 1016 280 N N N N -4227 -1351 -161 631 631
1 20293 131 -136 0 2 0 0 0 0 -24 67 -6 374 146 N N N N -1787 -612 -188 311 311
1 20414 139 -113 -1 0 0 0 0 0 -32 51 0 -115 88 N N N N 175 16 -103 11 11
1 20231 137 -95 0 -1 0 0 0 0 -34 37 5 -82 30 N N N N -87 -35 -21 19 19
1 24769 154 -115 24 -121 41 -1396 0 2 -50 31 69 615 122 N N N N -1581 -493 -45 235 235
1 19999 129 -77 10 1 0 0 0 0 -37 18 12 338 73 N N N N -379 -130 -47 68 68
1 20000 123 -93 1 0 0 0 0 0 -47 14 13 288 73 N N N N -1213 -369 -9 174 174
1 20000 119 -101 1 0 0 0 0 0 -52 7 14 382 102 N N N N -2306 -724 -88 357 357
1 20000 129 -49 -1 -2 0 0 0 0 -26 0 6 332 82 N N N N -1408 -443 -63 222 222
1 20000 116 32 4 2 0 0 0 0 16 0 -4 218 63 N N N N -2059 -634 -51 316 316
1 20001 125 134 -1 0 0 0 0 0 70 -9 -18 162 64 N N N N -1992 -617 -66 314 314
1 20000 124 195 1 -1 0 0 0 0 93 -41 -23 456 80 N N N N -885 -289 -87 157 157
1 20000 112 159 -2 5 0 0 0 0 62 -55 -19 77 67 N N N N -636 -213 -83 120 120
1 20000 121 145 1 -3 0 0 0 0 41 -64 -11 -36 24 N N N N -1165 -358 -38 186 186
1 24113 150 129 -17 120 -8 1399 1 -2 21 -62 -28 56 40 N N N N -1331 -395 10 198 198
1 20001 106 -69 11 4 0 0 0 0 -9 36 1 280 58 N N N N -971 -288 6 146 146
1 20000 130 -114 0 -6 0 0 0 0 -25 55 -3 205 60 N N N N -524 -183 -107 111 111
1 20000 118 -145 1 2 0 0 0 0 -47 61 1 50 52 N N N N -357 -120 -59 71 71
1 23000 139 -163 -71 -123 -78 -1394 -1 2 -62 46 44 119 64 N N N N 282 73 -44 -31 -31
1 20826 141 -117 11 2 0 0 0 0 -56 22 22 198 -1 N N N N 238 75 17 -42 -42
1 20000 132 -82 7 0 0 0 0 0 -41 9 17 54 52 N N N N 315 95 9 -50 -50
1 19999 134 -95 3 1 0 0 0 0 -49 3 17 392 55 N N N N 229 64 -17 -30 -30
1 20001 128 -123 0 1 0 0 0 0 -61 -9 22 827 208 N N N N 174 31 -83 -4 -4
1 20000 122 -103 3 -1 0 0 0 0 -51 -16 16 157 97 N N N N 1443 402 -98 -189 -189
1 19999 137 -84 2 -3 0 0 0 0 -38 -21 13 111 59 N N N N 1199 336 -67 -159 -159
1 20001 137 -76 -1 3 0 0 0 0 -31 -22 9 34 39 N N N N 835 238 -34 -114 -114
1 20000 138 -88 -1 -1 0 0 0 0 -33 -30 11 71 26 N N N N 404 108 -40 -47 -47
1 19999 135 -77 2 0 0 0 0 0 -24 -31 8 40 21 N N N N 136 41 3 -21 -21
1 26061 170 2 6 -123 38 -1365 1 -2 -3 -40 27 136 22 N N N N 391 100 -53 -41 -41
1 20000 116 153 6 0 0 0 0 0 52 59 -4 82 31 N N N N -37 -20 -31 14 14
1 20000 141 207 3 3 0 0 0 0 91 58 -17 180 49 N N N N -461 -150 -53 83 83
1 20000 129 244 -2 0 0 0 0 0 124 25 -34 341 93 N N N N 51 -3 -66 12 12
1 20000 117 182 -5 1 0 0 0 0 91 -15 -35 528 136 N N N N 1934 544 -78 -256 -256
1 19999 112 169 2 -1 0 0 0 0 74 -38 -34 259 86 N N N N 2059 581 -72 -271 -271
1 24173 139 177 -12 119 -7 1370 0 2 60 -56 -71 555 127 N N N N 1887 529 -72 -242 -242
1 20002 106 161 18 3 0 0 0 0 33 -77 -4 -23 35 N N N N 2187 625 -41 -289 -289
1 20000 123 147 5 -2 0 0 0 0 11 -76 -4 88 28 N N N N 688 193 -25 -86 -86
1 20001 98 -3466 -2 0 0 0 0 0 -9 -70 1 155 38 N N N N -140 -49 -22 26 26
1 19999 118 142 1 -2 0 0 0 0 -26 -70 6 152 46 N N N N 114 27 -19 -9 -9
1 20000 107 129 2 5 0 0 0 0 -39 -56 11 183 52 N N N N 340 86 -38 -34 -34
1 20000 117 109 0 -1 0 0 0 0 -42 -39 12 201 57 N N N N 916 254 -38 -111 -111
1 20001 102 110 -2 0 0 0 0 0 -48 -32 13 117 45 N N N N 1032 289 -31 -128 -128
1 19997 114 90 2 -1 0 0 0 0 -44 -17 13 279 58 N N N N 687 188 -31 -81 -81
1 20002 121 137 -4 -1 0 0 0 0 -69 -15 19 460 120 N N N N 888 236 -61 -97 -97
1 24354 130 83 -6 120 -11 1386 0 -2 -41 26 73 278 112 N N N N 2489 694 -74 -300 -300
1 20000 107 -124 4 1 0 0 0 0 63 -1 -20 135 71 N N N N 1588 445 -37 -192 -192
1 20000 125 -167 -3 0 0 0 0 0 83 20 -30 143 48 N N N N 1530 419 -59 -174 -174
1 20000 118 -196 4 -1 0 0 0 0 83 52 -36 303 71 N N N N 1101 295 -56 -119 -119
1 19999 115 -169 -4 3 0 0 0 0 53 67 -29 82 45 N N N N 1362 375 -43 -155 -155
1 20587 141 -199 1 -1 0 0 0 0 33 95 -27 238 58 N N N N 1214 334 -36 -137 -137
1 19999 115 3408 -2 1 0 0 0 0 -3 99 -19 88 44 N N N N 1402 386 -40 -157 -157
1 20414 133 -182 2 -1 0 0 0 0 -35 89 -4 100 37 N N N N 1270 354 -26 -145 -145
1 20001 134 -168 3 1 0 0 0 0 -55 70 4 123 43 N N N N 714 194 -26 -77 -77
1 21764 144 -183 -24 -120 1 -1382 0 2 -77 48 65 197 62 N N N N 864 238 -22 -95 -95
1 19999 112 -132 21 2 0 0 0 0 -67 19 27 87 38 N N N N 1108 316 -4 -131 -131
1 20000 132 -109 4 -3 0 0 0 0 -57 4 18 43 20 N N N N 1488 414 -29 -165 -165
1 20000 124 -116 0 1 0 0 0 0 -59 -7 18 172 32 N N N N 886 256 4 -105 -105
1 20001 131 -87 1 -2 0 0 0 0 -43 -13 13 149 45 N N N N 343 78 -44 -24 -24
1 19999 131 -93 1 -1 0 0 0 0 -44 -20 12 250 56 N N N N 944 253 -36 -95 -95
1 20000 146 -125 2 4 0 0 0 0 -52 -36 15 189 52 N N N N 1044 282 -33 -108 -108
1 20003 121 -94 1 -1 0 0 0 0 -34 -35 8 73 34 N N N N 568 142 -42 -49 -49
1 19997 130 -49 0 0 0 0 0 0 -15 -20 4 -106 -19 N N N N 31 0 -18 3 3
1 20001 143 -59 0 -3 0 0 0 0 -16 -27 4 86 -1 N N N N -1646 -470 2 189 189
1 24649 160 49 -18 -119 0 -1380 0 -2 19 -19 32 295 73 N N N N -3447 -1003 -40 418 418
1 20350 140 197 3 -1 0 0 0 0 67 76 -6 74 40 N N N N -422 -139 -39 64 64
1 20354 132 230 0 1 0 0 0 0 105 58 -20 335 86 N N N N 684 173 -49 -62 -62
1 20413 143 247 -3 0 0 0 0 0 126 15 -40 -41 36 N N N N 2484 690 -38 -276 -276
1 43972 294 487 -5 136 -10 1372 0 2 202 -111 -133 226 54 N N N N 4496 1260 -38 -498 -498
1 40793 245 -3230 12 -16 0 0 0 0 39 -187 -7 112 31 N N N N 2597 734 -10 -286 -286
1 39999 268 353 0 -6 0 0 0 0 -78 -165 20 75 18 N N N N 1617 455 -9 -174 -174
1 40000 256 319 -2 5 0 0 0 0 -140 -87 40 230 56 N N N N 1355 361 -43 -131 -131
1 40001 249 256 6 1 0 0 0 0 -132 -7 42 45 22 N N N N 884 243 -14 -90 -90
1 39999 242 373 -1 1 0 0 0 0 -165 89 52 240 47 N N N N 568 145 -31 -49 -49
1 43647 285 450 -13 -122 0 -1378 -1 -2 -73 167 32 128 60 N N N N -105 -62 -57 35 35
1 40001 274 474 -2 -1 0 0 0 0 101 214 18 57 20 N N N N -92 -38 -22 18 18
1 39999 279 449 4 3 0 0 0 0 211 88 -52 -53 8 N N N N 6 0 -4 1 1
1 40235 283 436 -2 0 0 0 0 0 199 -73 -87 89 9 N N N N 106 27 -5 -9 -9
1 43001 265 345 35 119 30 1386 0 2 77 -150 -50 59 11 N N N N 303 87 3 -34 -34
1 39999 254 -3300 3 0 0 0 0 0 -22 -155 3 92 25 N N N N 533 140 -19 -49 -49
1 39999 261 271 3 -5 0 0 0 0 -86 -114 18 43 9 N N N N 367 99 -10 -35 -35
1 40001 254 235 -2 0 0 0 0 0 -109 -58 27 20 2 N N N N 329 89 -6 -33 -33
1 40000 267 211 0 3 0 0 0 0 -110 -12 28 98 16 N N N N 718 197 -12 -71 -71
1 45824 291 -171 -5 121 -8 1383 0 -2 91 28 35 173 51 N N N N 2149 582 -43 -208 -208
1 40001 283 -392 -5 1 0 0 0 0 173 96 -66 105 40 N N N N 1155 305 -36 -106 -106
1 39999 285 3204 -2 -2 0 0 0 0 65 187 -52 65 17 N N N N 475 126 -14 -43 -43
1 40000 286 -378 1 4 0 0 0 0 -71 182 -14 72 21 N N N N -508 -153 -16 59 59
1 42763 314 -349 3 -120 0 -1387 -1 2 -154 88 87 37 7 N N N N -256 -73 -1 27 27
1 40001 307 -163 5 -4 0 0 0 0 -86 8 24 17 11 N N N N 130 33 -6 -11 -11
1 39999 310 -22 2 2 0 0 0 0 -11 -1 4 91 16 N N N N -168 -51 -8 20 20
1 40000 311 -95 -6 -2 0 0 0 0 -48 -9 13 263 60 N N N N -1722 -502 -27 191 191
1 40000 303 -192 5 1 0 0 0 0 -93 -38 22 177 55 N N N N -3319 -962 -48 372 372
1 43709 360 239 -13 -117 0 -1387 -1 -2 119 14 27 14 13 N N N N -2221 -637 -22 248 248
1 40000 315 468 -4 0 0 0 0 0 230 -40 -80 69 31 N N N N -1303 -376 -18 148 148
1 41115 348 398 5 117 -9 1390 -1 2 109 -157 -80 137 29 N N N N 305 72 -27 -22 -22
1 39998 308 -3321 6 -1 0 0 0 0 -8 -146 -1 32 9 N N N N 254 69 -3 -26 -26
1 40001 332 167 3 2 0 0 0 0 -39 -79 11 48 9 N N N N 80 20 -5 -7 -7
1 39999 316 102 -2 -2 0 0 0 0 -34 -42 7 60 16 N N N N -566 -165 -11 66 66
1 40000 313 156 0 1 0 0 0 0 -65 -51 16 57 13 N N N N -1048 -303 -16 120 120
1 43652 363 -159 -9 118 -10 1379 -1 -2 67 63 22 -62 -24 N N N N -9730 -2730 4 1097 1097
1 39999 332 -408 -3 3 0 0 0 0 85 185 -58 2 -13 N N N N -20728 -5822 0 2571 2571
1 40002 319 3189 1 1 0 0 0 0 -68 201 -17 95 21 N N N N -18197 -5113 -15 2566 2566
1 44467 356 -426 1 -119 0 -1392 -1 2 -191 99 98 129 32 N N N N -4964 -1397 -19 760 760
1 39998 329 -225 5 -3 0 0 0 0 -117 -10 35 32 13 N N N N -1281 -360 -8 201 201
1 40002 325 -225 -1 1 0 0 0 0 -103 -51 27 97 23 N N N N 18 2 -15 0 0
1 40001 322 -202 1 -2 0 0 0 0 -72 -75 18 101 28 N N N N 853 237 -14 -130 -130
1 39999 315 -228 -2 1 0 0 0 0 -44 -107 10 132 36 N N N N -193 -58 -24 36 36
1 43705 357 128 -11 -119 0 -1372 -1 -2 24 22 19 81 23 N N N N -958 -272 -22 153 153
1 39970 330 469 1 -2 0 0 0 0 169 168 -13 134 38 N N N N -711 -203 -24 117 117
1 40032 321 483 -1 2 0 0 0 0 243 5 -76 96 33 N N N N -455 -131 -24 76 76
1 44235 348 467 4 122 -10 1379 -1 2 149 -165 -100 145 32 N N N N -511 -145 -19 84 84
1 39999 297 -3330 3 -1 0 0 0 0 2 -141 -4 129 39 N N N N -369 -107 -23 63 63
1 40001 311 184 1 1 0 0 0 0 -37 -90 9 229 63 N N N N -670 -192 -33 113 113
1 40000 302 -34 -3 -3 0 0 0 0 9 16 -3 132 48 N N N N -1268 -358 -32 208 208
1 40000 293 -255 -2 0 0 0 0 0 36 129 -8 134 44 N N N N -1877 -527 -30 307 307
1 43735 320 3222 -8 118 -10 1386 -1 -2 -58 187 -18 239 68 N N N N -2378 -667 -40 395 395
1 42029 289 -448 2 -115 1 -1388 0 2 -197 112 101 77 32 N N N N -543 -155 -33 95 95
1 39999 301 -242 5 -2 0 0 0 0 -124 -11 39 27 12 N N N N 352 98 -5 -58 -58
1 40001 274 -234 -2 1 0 0 0 0 -105 -56 31 156 35 N N N N -323 -92 -17 56 56
1 40001 291 -182 1 -2 0 0 0 0 -64 -69 16 141 43 N N N N -351 -100 -31 63 63
1 39999 280 -215 0 -1 0 0 0 0 -42 -101 10 93 30 N N N N -36 -12 -18 9 9
1 43824 328 140 -10 -117 -1 -1377 -1 -2 26 28 20 159 34 N N N N -146 -43 -24 28 28
1 40002 307 518 -5 1 0 0 0 0 202 170 -25 98 45 N N N N -68 -22 -33 17 17
1 40290 312 508 6 -5 0 0 0 0 247 -32 -89 222 49 N N N N -244 -70 -25 44 44
1 43473 298 458 25 125 30 1382 -1 2 113 -189 -77 131 47 N N N N -1002 -281 -37 171 171
1 40000 259 -3244 8 -3 0 0 0 0 -41 -181 9 286 68 N N N N -1134 -317 -33 194 194
1 39999 262 257 -2 0 0 0 0 0 -94 -98 21 174 64 N N N N -343 -98 -43 63 63
1 40001 268 77 4 -3 0 0 0 0 -36 -20 9 260 71 N N N N -48 -16 -35 14 14
1 39999 250 -192 -5 3 0 0 0 0 84 59 -19 153 61 N N N N 340 91 -44 -51 -51
1 44236 302 -364 -11 123 -8 1384 -1 -2 86 173 -15 184 52 N N N N 132 33 -39 -16 -16
1 40001 266 3191 -2 0 0 0 0 0 -47 204 -25 105 56 N N N N -265 -76 -36 49 49
1 41882 275 -377 -1 -122 0 -1397 -1 2 -156 111 83 197 43 N N N N -100 -30 -27 21 21
1 39999 268 -237 8 1 0 0 0 0 -123 11 36 110 33 N N N N -239 -67 -20 42 42
1 40000 282 -241 1 -3 0 0 0 0 -119 -38 32 84 27 N N N N -232 -65 -18 41 41
1 40000 281 -252 -1 0 0 0 0 0 -96 -86 24 158 46 N N N N -265 -75 -25 48 48
1 40001 280 -254 1 0 0 0 0 0 -52 -118 11 137 38 N N N N -236 -67 -26 43 43
1 39999 287 -252 3 0 0 0 0 0 3 -126 -7 57 23 N N N N -329 -91 -17 57 57
1 43704 339 157 -14 -117 0 -1373 0 -2 -6 41 6 18 9 N N N N -8 -3 -12 3 3
1 40001 306 497 -2 1 0 0 0 0 111 222 22 70 16 N N N N 54 14 -10 -7 -7
1 39999 318 472 1 -2 0 0 0 0 227 81 -51 163 45 N N N N -31 -10 -29 9 9
1 43746 353 532 -5 139 -8 1383 -1 2 223 -120 -135 184 50 N N N N 43 9 -30 -3 -3
1 40786 304 -3290 11 -20 0 0 0 0 38 -157 -6 129 34 N N N N 102 27 -23 -14 -14
1 40000 317 183 4 5 0 0 0 0 -21 -94 7 187 54 N N N N -462 -129 -29 81 81
1 40001 315 108 0 -2 0 0 0 0 -26 -51 6 95 35 N N N N -619 -171 -23 106 106
1 39999 308 -55 -1 0 0 0 0 0 15 25 -6 168 46 N N N N -148 -41 -23 28 28
1 40001 332 -227 -1 -4 0 0 0 0 31 115 -6 170 46 N N N N 86 21 -32 -11 -11
1 46351 366 3163 -9 123 -11 1394 -1 -2 -72 215 -17 222 68 N N N N -9 -5 -48 8 8
1 41355 339 -396 -1 -117 1 -1395 -1 2 -179 92 95 206 58 N N N N 412 110 -36 -64 -64
1 40000 334 -150 2 -1 0 0 0 0 -77 0 25 203 55 N N N N 279 74 -28 -42 -42
1 39999 345 -111 5 -3 0 0 0 0 -58 -13 16 249 78 N N N N 64 14 -48 -4 -4
1 39999 334 -33 -5 2 0 0 0 0 -15 -4 4 198 61 N N N N 75 18 -41 -7 -7
1 40000 320 -176 3 -2 0 0 0 0 -79 -46 22 174 51 N N N N 83 21 -29 -10 -10
1 44588 393 151 -11 -120 0 -1388 -1 -2 69 6 36 261 75 N N N N 226 57 -53 -30 -30
1 39999 352 484 2 -1 0 0 0 0 243 13 -74 289 59 N N N N 555 148 -35 -86 -86
1 41413 363 459 2 124 -10 1397 -1 2 155 -154 -107 102 66 N N N N 364 95 -53 -52 -52
1 40000 343 -3306 -1 -1 0 0 0 0 7 -153 -6 159 38 N N N N 203 54 -16 -30 -30
1 40000 322 54 2 0 0 0 0 0 -8 -27 5 251 77 N N N N 252 65 -36 -36 -36
1 39999 345 -140 3 -6 0 0 0 0 15 72 -3 183 58 N N N N 179 46 -42 -23 -23
1 40001 336 3427 -3 6 0 0 0 0 -9 90 6 136 41 N N N N -87 -26 -30 18 18
1 44822 371 -364 -10 119 -10 1372 0 -2 -102 161 -20 78 35 N N N N -594 -163 -29 100 100
1 44706 387 -381 3 -118 0 -1384 -1 2 -184 57 109 319 68 N N N N -68 -20 -25 15 15
1 39999 339 -124 3 -5 0 0 0 0 -64 -8 22 132 50 N N N N 274 71 -43 -38 -38
1 40000 335 -132 0 0 0 0 0 0 -64 -22 21 61 24 N N N N 170 44 -20 -25 -25
1 40000 339 -140 -2 4 0 0 0 0 -60 -38 16 81 27 N N N N -82 -23 -17 16 16
1 40000 342 -161 3 0 0 0 0 0 -57 -60 15 31 10 N N N N 332 88 -9 -52 -52
1 44942 399 317 -18 -120 0 -1378 -1 -2 129 67 18 150 37 N N N N 264 69 -24 -39 -39
1 40001 364 487 2 0 0 0 0 0 241 17 -81 141 31 N N N N -7 -4 -21 4 4
1 40472 352 449 30 121 29 1392 0 2 153 -149 -93 144 42 N N N N -183 -51 -27 33 33
1 39999 316 -3245 2 0 0 0 0 0 4 -184 -4 192 49 N N N N 406 107 -31 -60 -60
1 40000 324 316 3 -1 0 0 0 0 -91 -139 21 96 32 N N N N 195 50 -25 -27 -27
1 40000 321 356 -3 0 0 0 0 0 -170 -73 45 67 20 N N N N -166 -46 -14 28 28
1 40001 324 346 1 -2 0 0 0 0 -174 34 48 164 39 N N N N -153 -43 -25 28 28
1 40000 323 301 -2 2 0 0 0 0 -110 105 34 213 52 N N N N 14 2 -29 2 2
1 46058 395 466 -10 -123 0 -1399 -1 -2 -30 187 30 296 105 N N N N 830 217 -64 -121 -121
1 40468 341 499 1 1 0 0 0 0 159 197 0 152 54 N N N N 249 63 -36 -34 -34
1 40355 348 501 -4 -3 0 0 0 0 252 22 -73 189 51 N N N N 94 22 -32 -10 -10
1 44999 385 504 7 122 -8 1390 0 2 168 -171 -107 188 44 N N N N 155 39 -30 -20 -20
1 40000 327 -3206 0 3 0 0 0 0 -20 -203 1 154 43 N N N N 22 3 -27 1 1
1 40000 341 338 0 2 0 0 0 0 -120 -130 30 128 37 N N N N 126 32 -23 -16 -16
1 40000 333 288 1 -2 0 0 0 0 -144 -42 40 258 61 N N N N 90 21 -34 -9 -9
1 40000 341 333 -3 -4 0 0 0 0 -163 41 50 356 93 N N N N 332 83 -58 -43 -43
1 44591 365 -102 -5 123 -10 1384 -1 -2 48 9 41 93 57 N N N N 548 142 -38 -78 -78
1 40351 333 -442 -2 2 0 0 0 0 224 -9 -67 247 60 N N N N 394 101 -35 -55 -55
1 40354 334 -428 3 -2 0 0 0 0 158 142 -73 311 89 N N N N 381 94 -60 -49 -49
1 40766 342 3162 3 0 0 0 0 0 7 221 -42 63 34 N N N N 303 78 -26 -42 -42
1 42235 349 -464 -22 -115 0 -1381 -1 2 -164 167 68 316 73 N N N N -678 -183 -36 109 109
1 39999 320 -277 20 -4 0 0 0 0 -143 18 51 215 79 N N N N -1374 -367 -44 218 218
1 40000 326 -180 3 -1 0 0 0 0 -91 -25 25 207 55 N N N N -618 -166 -30 100 100
1 40000 329 -196 -5 1 0 0 0 0 -83 -54 25 111 36 N N N N -568 -152 -28 92 92
1 40000 323 -107 7 0 0 0 0 0 -39 -41 7 103 34 N N N N -188 -52 -22 32 32
1 40000 309 -112 -5 0 0 0 0 0 -28 -49 10 156 42 N N N N 181 46 -25 -24 -24
1 43882 388 285 -10 -120 0 -1386 -1 -2 96 74 22 137 45 N N N N 492 127 -34 -71 -71
1 40000 323 511 1 2 0 0 0 0 250 65 -66 42 23 N N N N 872 228 -19 -131 -131
1 43238 355 500 -17 118 -9 1388 0 2 194 -136 -130 196 38 N N N N 277 70 -23 -39 -39
1 39999 314 -3297 22 -1 0 0 0 0 26 -156 -2 181 42 N N N N 282 72 -25 -39 -39
1 40000 307 296 -1 1 0 0 0 0 -57 -144 14 123 38 N N N N 661 171 -27 -96 -96
1 40000 331 364 -5 2 0 0 0 0 -153 -110 44 75 30 N N N N 128 32 -23 -16 -16
1 40000 313 355 5 -2 0 0 0 0 -182 1 56 58 14 N N N N 1692 443 -9 -253 -253
1 39999 324 366 4 4 0 0 0 0 -149 109 47 48 13 N N N N 1481 387 -9 -218 -218
1 44059 357 479 -16 -121 0 -1388 -1 -2 -43 189 35 249 55 N N N N -222 -62 -30 38 38
1 40000 325 459 -1 -2 0 0 0 0 130 192 1 229 69 N N N N -260 -73 -45 46 46
1 40000 326 453 2 1 0 0 0 0 222 57 -62 103 34 N N N N 1146 297 -24 -165 -165
1 46823 390 556 14 121 20 1391 0 2 213 -153 -124 155 40 N N N N 796 205 -25 -112 -112
1 40000 289 -3257 10 -2 0 0 0 0 12 -178 -3 190 46 N N N N -402 -109 -31 65 65
1 40000 298 349 5 -1 0 0 0 0 -95 -156 25 70 31 N N N N 179 44 -21 -23 -23
1 40000 296 284 1 0 0 0 0 0 -134 -67 33 137 29 N N N N -590 -156 -15 89 89
1 40000 288 248 0 -2 0 0 0 0 -129 -2 36 138 50 N N N N -754 -201 -34 117 117
1 40002 305 301 1 -1 0 0 0 0 -137 68 40 180 36 N N N N -990 -260 -19 149 149
1 45735 348 -120 -20 -11 -7 -18 -1 0 54 -39 -18 244 69 N N N N 1473 379 -43 -209 -209
1 40790 285 -244 12 12 0 0 0 0 117 -34 -31 210 66 N N N N 180 42 -36 -20 -20
1 40002 305 -151 -2 2 0 0 0 0 79 3 -23 135 45 N N N N 312 78 -29 -40 -40
1 40001 300 -214 4 -4 0 0 0 0 105 38 -30 177 50 N N N N 573 145 -30 -78 -78
1 39999 305 -173 -2 4 0 0 0 0 71 59 -17 150 45 N N N N 397 99 -30 -52 -52
1 39998 294 -159 -2 -4 0 0 0 0 47 70 -12 99 29 N N N N 743 190 -19 -103 -103
1 41414 317 3230 -10 121 -10 1399 -1 -2 24 191 -20 32 15 N N N N 60 14 -18 -5 -5
1 40957 303 -421 -1 -33 0 -212 -1 -1 -120 183 17 135 26 N N N N -2663 -693 -17 388 388
1 39453 320 -290 7 -84 0 -1180 1 3 -141 45 83 55 16 N N N N -1996 -519 -13 295 295
1 40001 300 -219 0 0 0 0 0 0 -112 -11 33 273 52 N N N N -1578 -411 -20 237 237
1 39999 310 -142 -1 1 0 0 0 0 -67 -29 19 169 63 N N N N 476 119 -41 -65 -65
1 39999 302 -177 3 0 0 0 0 0 -72 -56 19 155 49 N N N N 1217 311 -33 -174 -174
1 40001 303 -148 -4 1 0 0 0 0 -44 -61 12 45 21 N N N N 299 75 -21 -40 -40
1 43649 376 319 -12 -119 0 -1380 -1 -2 117 80 21 133 25 N N N N -1516 -393 -15 226 226
1 40000 325 497 -2 -3 0 0 0 0 246 43 -73 158 51 N N N N 574 145 -34 -80 -80
1 40000 327 444 20 120 20 1385 0 2 169 -127 -104 90 21 N N N N 880 225 -21 -125 -125
1 40000 298 -3237 10 1 0 0 0 0 25 -186 -7 108 22 N N N N -299 -79 -12 45 45
1 40000 315 385 -3 -3 0 0 0 0 -104 -172 22 154 38 N N N N 427 107 -25 -58 -58
1 40000 310 351 5 3 0 0 0 0 -170 -70 46 49 23 N N N N 1266 325 -14 -181 -181
1 40000 308 375 -1 -2 0 0 0 0 -186 44 52 59 17 N N N N 672 172 -11 -95 -95
1 40000 303 412 -1 3 0 0 0 0 -125 164 38 61 16 N N N N 417 106 -11 -58 -58
1 43704 341 491 -17 -121 1 -1395 -1 -2 39 200 31 62 25 N N N N -47 -14 -16 9 9
1 40646 336 452 4 -1 0 0 0 0 183 141 -24 160 43 N N N N -163 -45 -25 28 28
1 40003 326 467 1 1 0 0 0 0 233 -21 -76 121 32 N N N N 169 40 -25 -20 -20
1 44116 365 456 4 119 -7 1401 0 2 131 -175 -90 140 22 N N N N 150 37 -13 -19 -19
1 39999 326 -3297 3 2 0 0 0 0 -15 -158 1 197 50 N N N N 771 195 -31 -104 -104
1 40000 321 287 1 0 0 0 0 0 -87 -123 22 146 41 N N N N 2079 530 -23 -290 -290
1 40002 313 292 -3 2 0 0 0 0 -138 -67 35 245 59 N N N N 2922 744 -37 -398 -398
1 40000 317 317 2 -4 0 0 0 0 -163 12 47 34 30 N N N N 467 116 -22 -60 -60
1 45412 363 -87 -8 117 -10 1382 -1 -2 46 16 46 -29 -2 N N N N -845 -217 -3 117 117
1 40000 326 -435 -6 3 0 0 0 0 219 26 -73 34 16 N N N N -2806 -720 -8 392 392
1 40001 312 -433 0 -1 0 0 0 0 133 169 -70 99 18 N N N N -871 -225 -14 124 124
1 40411 324 3215 2 2 0 0 0 0 -18 196 -31 89 13 N N N N -509 -132 -11 74 74
1 42057 328 -424 -15 -119 0 -1397 -1 2 -157 147 73 242 54 N N N N -567 -149 -30 86 86
1 40000 323 -229 21 -2 0 0 0 0 -119 20 41 138 41 N N N N 438 109 -25 -57 -57
1 39999 292 -147 1 0 0 0 0 0 -75 -12 22 251 65 N N N N 1239 312 -33 -168 -168
1 40001 308 -115 -3 -4 0 0 0 0 -55 -23 17 183 55 N N N N 1884 476 -35 -255 -255
1 39999 317 -142 2 3 0 0 0 0 -61 -40 15 53 23 N N N N 1592 403 -22 -214 -214
1 40000 309 -33 4 2 0 0 0 0 -14 -11 2 139 30 N N N N -224 -61 -20 34 34
1 45120 362 402 -17 -118 -1 -1373 0 -2 190 57 6 52 23 N N N N 401 99 -19 -51 -51
1 39999 337 521 1 -3 0 0 0 0 242 -77 -97 68 23 N N N N 1039 263 -14 -138 -138
1 44708 343 -3127 4 119 -8 1375 0 2 75 -219 -65 188 36 N N N N 1828 461 -26 -240 -240
1 40000 322 402 3 1 0 0 0 0 -95 -186 25 132 31 N N N N 1161 292 -20 -151 -151
1 40000 296 437 -6 5 0 0 0 0 -209 -81 61 106 31 N N N N -2256 -579 -22 307 307
1 40000 317 399 3 -8 0 0 0 0 -188 69 58 151 34 N N N N -1312 -336 -18 181 181
1 40000 302 365 1 4 0 0 0 0 -97 156 33 135 42 N N N N 564 138 -30 -70 -70
1 45000 365 519 -11 -120 0 -1381 -1 -2 61 210 27 122 41 N N N N 349 84 -24 -42 -42
1 40000 325 514 -3 -1 0 0 0 0 228 128 -46 209 52 N N N N 1121 280 -28 -144 -144
1 42701 340 540 2 33 -1 201 1 -1 243 -91 -114 173 48 N N N N 3174 798 -35 -412 -412
1 37299 273 335 33 87 30 1186 -1 3 58 -158 -33 45 17 N N N N 770 193 -14 -97 -97
1 39999 298 -3242 0 2 0 0 0 0 -51 -180 10 42 13 N N N N -795 -204 -9 106 106
1 40001 269 387 -1 4 0 0 0 0 -163 -120 40 117 20 N N N N -781 -200 -12 105 105
1 40001 296 381 1 -5 0 0 0 0 -197 4 52 69 25 N N N N 94 21 -16 -9 -9
1 39999 274 382 3 2 0 0 0 0 -150 122 43 47 15 N N N N 305 75 -11 -37 -37
1 46001 343 551 -15 -128 -1 -1388 0 -2 -15 227 37 117 31 N N N N -76 -23 -16 13 13
1 40467 295 496 -2 8 0 0 0 0 185 175 -13 32 20 N N N N 361 88 -18 -43 -43
1 40415 302 482 0 -3 0 0 0 0 242 -6 -74 130 28 N N N N 124 28 -16 -12 -12
1 45706 331 473 2 123 -7 1392 -1 2 144 -175 -96 142 27 N N N N 47 8 -20 -2 -2
1 39998 293 -3267 6 -3 0 0 0 0 -17 -173 2 113 27 N N N N -878 -225 -18 119 119
1 40002 291 311 3 2 0 0 0 0 -101 -129 24 -8 4 N N N N -1668 -422 -7 220 220
1 39999 293 354 -3 2 0 0 0 0 -175 -59 47 136 27 N N N N -2416 -613 -15 325 325
1 39999 290 327 2 -2 0 0 0 0 -162 43 46 210 47 N N N N 686 168 -26 -86 -86
1 45706 335 -112 -11 117 -10 1392 -1 -2 56 6 42 87 36 N N N N 2618 656 -23 -341 -341
1 40472 312 -414 2 3 0 0 0 0 210 -10 -62 -6 9 N N N N 39 7 -14 -2 -2
1 40353 303 -418 -1 1 0 0 0 0 161 132 -72 68 4 N N N N -3001 -756 -4 397 397
1 40350 303 3188 -2 0 0 0 0 0 24 207 -46 141 37 N N N N 294 70 -23 -34 -34
1 41606 291 -412 4 -36 -1 -214 0 -1 -127 174 22 124 35 N N N N 1786 446 -22 -231 -231
1 39514 307 -248 1 -87 1 -1184 0 3 -121 37 74 61 18 N N N N 724 180 -8 -94 -94
1 40000 295 -38 3 3 0 0 0 0 -20 2 6 107 26 N N N N -1493 -378 -14 200 200
1 40000 298 122 -3 -3 0 0 0 0 63 -11 -18 52 17 N N N N -466 -119 -12 64 64
1 40000 301 123 6 1 0 0 0 0 59 -23 -17 63 14 N N N N 2263 567 -9 -296 -296
1 39999 291 152 -6 2 0 0 0 0 65 -47 -20 55 15 N N N N 1573 393 -12 -201 -201
1 40001 298 305 0 1 0 0 0 0 82 -135 -28 47 12 N N N N 1672 418 -10 -213 -213
1 40001 312 -3242 3 0 0 0 0 0 -13 -186 0 41 10 N N N N 125 29 -9 -14 -14
1 39998 280 376 -6 -3 0 0 0 0 -129 -148 31 227 42 N N N N 719 176 -25 -86 -86
1 40001 292 392 5 3 0 0 0 0 -200 -38 57 71 34 N N N N 3238 807 -24 -402 -402
1 39999 296 372 -2 -3 0 0 0 0 -166 86 51 53 8 N N N N -3367 -846 -5 426 426
1 43588 336 492 -16 -123 0 -1389 -1 -2 -78 187 35 91 26 N N N N -3637 -915 -17 471 471
1 40000 304 491 1 1 0 0 0 0 119 215 14 84 27 N N N N -1059 -269 -17 142 142
1 39999 318 493 0 5 0 0 0 0 240 71 -63 98 25 N N N N -390 -101 -16 54 54
1 40483 305 467 -8 133 -9 1395 0 2 194 -110 -126 211 47 N N N N 263 61 -29 -28 -28
1 40811 294 -3248 13 -12 0 0 0 0 41 -178 -8 159 39 N N N N 566 136 -27 -68 -68
1 40001 303 313 8 -1 0 0 0 0 -60 -153 17 78 26 N N N N 742 183 -15 -92 -92
1 40000 286 338 -5 -4 0 0 0 0 -142 -104 37 131 32 N N N N 469 113 -20 -56 -56
1 39999 315 340 2 -3 0 0 0 0 -175 -8 51 137 35 N N N N 780 191 -22 -96 -96
1 40000 300 339 2 6 0 0 0 0 -148 89 46 59 23 N N N N 582 142 -17 -70 -70
1 44825 348 484 -20 -119 1 -1389 -2 -2 -67 188 36 45 15 N N N N 1394 345 -10 -175 -175
1 40000 323 501 5 -4 0 0 0 0 129 214 8 91 23 N N N N -104 -29 -17 17 17
1 39998 322 491 -2 1 0 0 0 0 241 61 -66 44 11 N N N N 636 157 -8 -79 -79
1 40000 314 454 13 119 20 1384 0 2 183 -115 -112 87 17 N N N N 2538 631 -10 -315 -315
1 40000 271 -3230 17 3 0 0 0 0 37 -188 -7 98 22 N N N N 912 223 -16 -109 -109
1 40002 300 333 2 -3 0 0 0 0 -76 -157 18 52 21 N N N N -387 -100 -14 52 52
1 39998 290 369 -3 2 0 0 0 0 -168 -95 40 59 9 N N N N 965 239 -7 -118 -118
1 40000 293 402 -2 -1 0 0 0 0 -203 30 57 95 21 N N N N -1008 -255 -15 128 128
1 40000 282 378 -2 3 0 0 0 0 -130 140 38 49 17 N N N N 93 21 -12 -8 -8
1 46000 349 484 -11 -122 0 -1387 0 -2 7 199 31 88 24 N N N N 665 162 -11 -79 -79
1 40474 310 479 3 3 0 0 0 0 179 168 -16 102 28 N N N N 135 29 -20 -12 -12
1 40408 303 478 -1 -3 0 0 0 0 240 -5 -73 38 22 N N N N -7 -5 -12 4 4
1 45238 350 491 5 121 -6 1391 0 2 149 -182 -96 141 17 N N N N -718 -182 -16 92 92
1 39999 296 -3241 5 -1 0 0 0 0 -26 -185 4 118 22 N N N N -247 -64 -14 34 34
1 40000 297 355 -3 3 0 0 0 0 -128 -135 31 107 32 N N N N 691 166 -20 -80 -80
1 40001 290 303 3 -6 0 0 0 0 -155 -37 41 124 35 N N N N 586 141 -21 -66 -66
1 39999 296 316 1 0 0 0 0 0 -155 48 44 51 18 N N N N 641 155 -14 -75 -75
1 44764 349 -78 -12 123 -10 1385 -1 -2 38 13 46 77 20 N N N N 450 109 -12 -52 -52
1 40354 304 -401 -4 -1 0 0 0 0 205 -31 -57 43 16 N N N N -99 -28 -13 16 16
1 40354 307 -410 0 1 0 0 0 0 173 110 -72 54 16 N N N N -130 -35 -11 18 18
1 40706 312 3209 3 -1 0 0 0 0 52 190 -50 92 17 N N N N 140 32 -10 -14 -14
1 40354 305 -376 1 0 0 0 0 0 -83 178 -8 90 23 N N N N 20 1 -17 2 2
1 41116 308 -352 -1 -119 0 -1389 -1 2 -160 80 92 61 14 N N N N 326 78 -9 -37 -37
1 40001 302 -210 6 -1 0 0 0 0 -109 -1 33 -10 1 N N N N 71 18 -2 -8 -8
1 39998 298 -78 4 2 0 0 0 0 -40 -10 11 -2 -3 N N N N -9 -3 -1 1 1
1 38794 196 123 273 -21 250 -106 -104 -4 11 10 -18 67 7 N N N N -214 -54 -5 27 27
1 39932 161 173 -5 1 0 0 -172 0 98 1 -3 22 0 N N N N -201 -50 -3 25 25
1 39955 94 244 -34 5 1 0 -168 0 134 -45 -12 26 -5 N N N N -35 -10 -5 6 6
1 40099 -26 106 145 0 396 0 -130 0 20 -39 45 17 -20 N N N N -157 -41 -5 20 20
1 39932 -178 -58 90 6 -1 -1 -167 0 -57 19 30 -54 39 N N N N -158 -38 2 19 19
1 40008 -275 -175 -21 10 1 1 -168 0 -76 49 -34 -48 -8 N N N N 25 8 8 -5 -5
1 40017 -321 -147 6 2 -4 0 -170 0 -74 20 -30 -18 -5 N N N N 153 40 8 -21 -21
1 41499 -370 10 -81 123 3 1399 -93 2 17 15 -57 -5 4 N N N N 349 86 -2 -42 -42
1 39165 -383 568 144 -115 1 -1374 -15 -2 217 -185 140 -89 -19 N N N N 215 55 9 -28 -28
1 40020 -386 -3331 -69 -23 0 0 -167 0 39 -152 -8 -123 -31 N N N N -185 -40 22 17 17
1 41755 -404 124 -119 23 -1 -1 -72 4 -9 -56 -8 -70 -17 N N N N -259 -61 11 28 28
1 39999 -402 79 2 -2 0 0 0 0 -17 -39 -3 -92 -21 N N N N 16 7 14 -5 -5
1 40000 -396 299 -3 -1 0 0 0 0 -101 -119 -29 -78 -18 N N N N 283 73 12 -38 -38
1 40000 -406 205 2 3 0 0 0 0 -98 -45 -27 -140 -31 N N N N -325 -75 21 34 34
1 40002 -393 241 2 -9 0 0 0 0 -127 -5 -40 -151 -42 N N N N -356 -82 25 37 37
1 43413 -455 -294 6 -107 0 -1418 -1 -2 151 -6 -11 -154 -41 N N N N -944 -229 24 110 110
1 40353 -394 -630 -1 1 0 0 0 0 200 230 106 -130 -33 N N N N -369 -86 23 39 39
1 40351 -421 3001 4 -4 0 0 0 0 -123 273 24 -134 -37 N N N N 252 68 24 -37 -37
1 43650 -446 -397 -3 124 1 1403 -1 2 -195 92 -108 -75 -18 N N N N 250 66 16 -35 -35
1 39999 -409 -79 -1 -8 0 0 0 0 -41 -8 -6 -122 -32 N N N N -1026 -250 21 122 122
1 40000 -393 22 -2 -3 0 0 0 0 12 2 4 -89 -20 N N N N 706 179 13 -91 -91
1 40000 -409 -16 -6 -7 0 0 0 0 -7 -2 1 -164 -41 N N N N 218 60 24 -33 -33
1 40000 -418 -266 1 13 0 0 0 0 -126 -54 -41 -46 -16 N N N N -313 -74 17 35 35
1 44000 -467 392 31 111 -1 1394 -2 -2 185 76 -7 -131 -30 N N N N -2767 -686 18 340 340
1 36801 -401 633 -21 -131 -31 -1405 1 2 268 -191 143 -57 -13 N N N N -662 -163 11 81 81
1 40786 -395 -3274 -31 13 0 0 0 0 35 -163 -12 -140 -33 N N N N -1361 -335 21 167 167
1 40002 -381 264 3 0 0 0 0 0 -53 -128 -14 -160 -42 N N N N -851 -208 24 103 103
1 39998 -381 387 -4 1 0 0 0 0 -167 -114 -41 -91 -23 N N N N -690 -168 18 84 84
1 40000 -386 339 4 -2 0 0 0 0 -178 3 -46 -303 -72 N N N N -864 -209 38 103 103
1 40000 -379 349 -8 5 0 0 0 0 -146 103 -31 -125 -39 N N N N -985 -240 32 121 121
1 41354 -409 518 29 108 0 1398 -40 -2 -55 251 -36 -135 -41 N N N N -813 -200 24 101 101
1 40350 -416 724 -17 5 0 0 0 0 272 236 33 -112 -31 N N N N -351 -84 22 41 41
1 40814 -431 698 63 -134 64 -1395 0 -2 296 -188 146 -60 -8 N N N N 3867 972 10 -504 -504
1 39422 -433 -3195 -28 14 1 -2 -17 4 8 -207 3 -241 -68 N N N N 3361 851 35 -436 -436
1 39999 -443 70 -1 5 0 0 0 0 -12 -33 -5 -57 -16 N N N N -1374 -341 19 169 169
1 40000 -455 -80 -3 3 0 0 0 0 13 41 7 -101 -27 N N N N -52 -9 15 3 3
1 40000 -450 3366 -4 7 0 0 0 0 12 124 0 -81 -21 N N N N -2142 -535 16 271 271
1 40002 -445 -301 -1 -3 0 0 0 0 -63 142 -18 -140 -35 N N N N -3072 -769 22 395 395
1 39998 -445 -304 1 -3 0 0 0 0 -128 90 -37 -74 -17 N N N N 577 148 12 -79 -79
1 40000 -455 -292 4 0 0 0 0 0 -150 16 -46 -198 -51 N N N N -322 -76 26 37 37
1 40000 -448 -263 -3 2 0 0 0 0 -125 -49 -39 -56 -20 N N N N -2475 -619 26 322 322
1 40002 -435 -272 3 -7 0 0 0 0 -94 -102 -28 -99 -23 N N N N 732 187 14 -101 -101
1 39998 -444 -284 -5 1 0 0 0 0 -38 -138 -12 -219 -52 N N N N 1617 411 20 -218 -218
1 43825 -513 326 28 118 0 1404 -1 -2 48 155 -29 -143 -43 N N N N -2696 -673 38 350 350
1 40001 -486 710 -1 -4 0 0 0 0 316 147 86 -142 -33 N N N N 1610 410 20 -219 -219
1 41174 -484 651 -9 -118 0 -1398 1 2 225 -251 131 -132 -33 N N N N 2031 518 28 -274 -274
1 40000 -447 -3259 -11 1 0 0 0 0 -16 -175 -15 -81 -23 N N N N 831 213 17 -113 -113
1 40000 -432 275 -2 6 0 0 0 0 -88 -112 -27 -154 -36 N N N N 234 64 21 -35 -35
1 40001 -430 202 -1 -2 0 0 0 0 -94 -50 -29 -65 -18 N N N N 395 102 16 -55 -55
1 39999 -442 -64 -1 4 0 0 0 0 33 13 10 -176 -45 N N N N -387 -93 24 44 44
1 40001 -433 -254 0 -2 0 0 0 0 105 80 32 -72 -21 N N N N 397 104 17 -55 -55
1 44236 -477 3021 7 -117 0 -1397 0 -2 52 247 36 -214 -50 N N N N 1222 315 23 -165 -165
1 42001 -455 -540 4 121 0 1402 0 2 -198 228 -78 -208 -59 N N N N -138 -26 41 8 8
1 40000 -427 -67 -11 -6 0 0 0 0 -31 6 -9 -138 -37 N N N N -3158 -796 29 409 409
1 40000 -426 -219 0 6 0 0 0 0 -113 -2 -38 -229 -62 N N N N -1216 -303 34 154 154
1 39999 -415 -195 -8 -4 0 0 0 0 -93 -37 -24 -160 -43 N N N N -1964 -494 30 258 258
1 39999 -413 -279 6 2 0 0 0 0 -102 -100 -32 -161 -43 N N N N 1327 342 27 -185 -185
1 40001 -423 -300 3 0 0 0 0 0 -43 -145 -15 -171 -46 N N N N 1041 271 31 -146 -146
1 43823 -473 353 12 108 0 1396 0 -2 58 167 -21 -73 -22 N N N N -677 -170 18 87 87
1 40355 -454 778 11 3 0 0 0 0 356 119 98 -185 -47 N N N N -1510 -380 27 198 198
1 41351 -447 603 -20 -121 0 -1404 0 2 182 -268 108 -164 -42 N N N N 640 168 26 -92 -92
1 39998 -410 -3385 -7 9 0 0 0 0 -9 -109 -9 -304 -79 N N N N -1564 -392 44 204 204
1 40000 -436 -30 2 -2 0 0 0 0 3 15 3 -248 -72 N N N N -2771 -701 47 373 373
1 40000 -420 3422 0 3 0 0 0 0 8 94 3 -169 -51 N N N N -1414 -356 40 191 191
1 40000 -432 -258 2 0 0 0 0 0 -42 128 -11 -81 -20 N N N N 256 67 15 -39 -39
1 46884 -507 -573 10 -2 0 8 0 0 -250 142 -76 -6 3 N N N N 2739 703 10 -384 -384
1 39999 -415 -325 -15 2 0 0 0 0 -159 -41 -49 -186 -37 N N N N 2783 716 13 -385 -385
1 39999 -433 -325 3 1 0 0 0 0 -114 -120 -35 -305 -89 N N N N 32 18 56 -16 -16
1 40000 -421 -311 0 1 0 0 0 0 -33 -153 -10 -284 -84 N N N N -2970 -755 50 398 398
1 40001 -432 -296 -4 2 0 0 0 0 47 -141 17 -114 -35 N N N N -2507 -641 23 348 348
1 40000 -434 -300 -2 -6 0 0 0 0 113 -103 31 -205 -54 N N N N -1411 -358 37 193 193
1 43650 -475 -564 18 -120 0 -1413 0 -2 280 -21 29 -118 -36 N N N N -287 -71 23 37 37
1 39999 -441 2989 -4 2 0 0 0 0 156 250 104 -93 -24 N N N N 132 36 19 -22 -22
1 40563 -450 -586 5 27 0 201 0 -1 -151 264 -3 -191 -51 N N N N -172 -41 21 21 21
1 39437 -434 -294 -21 95 0 1210 0 3 -142 65 -87 -87 -27 N N N N -1429 -365 31 200 200
1 40002 -420 -221 7 -1 0 0 0 0 -113 -21 -34 -172 -39 N N N N 71 21 19 -13 -13
1 39999 -434 -280 2 -5 0 0 0 0 -117 -83 -31 -119 -39 N N N N -1599 -409 34 227 227
1 39999 -441 -260 -2 1 0 0 0 0 -63 -115 -22 -202 -44 N N N N 613 160 18 -93 -93
1 40000 -412 -266 -4 3 0 0 0 0 -5 -134 1 -294 -77 N N N N 312 86 42 -52 -52
1 44883 -528 359 22 109 0 1390 0 -2 21 177 -28 -288 -92 N N N N -2020 -516 68 286 286
1 39999 -455 745 11 0 0 0 0 0 310 190 68 -157 -41 N N N N 571 151 32 -90 -90
1 41941 -485 670 -7 -116 -1 -1402 0 2 247 -237 142 -144 -37 N N N N 4056 1055 26 -597 -597
1 40000 -436 -3260 -19 -2 0 0 0 0 -4 -176 -12 -235 -61 N N N N 403 109 30 -64 -64
1 40000 -436 130 -4 4 0 0 0 0 -29 -60 -12 -200 -56 N N N N -369 -90 41 46 46
1 40002 -430 3 2 1 0 0 0 0 -2 -1 0 -273 -75 N N N N -626 -158 43 83 83
1 39999 -437 61 -5 4 0 0 0 0 -18 -24 -6 -267 -75 N N N N 351 97 44 -59 -59
1 39999 -429 -70 -2 -8 0 0 0 0 22 27 6 -128 -44 N N N N -1806 -466 35 258 258
1 44354 -489 3059 13 -111 1 -1383 -1 -2 23 235 33 -258 -75 N N N N 134 40 45 -28 -28
1 41765 -447 -592 0 116 0 1393 0 2 -234 220 -91 -185 -47 N N N N 829 220 28 -127 -127
1 40000 -442 -279 -11 3 0 0 0 0 -141 -16 -43 -217 -58 N N N N 566 153 37 -89 -89
1 39999 -431 -153 -3 0 0 0 0 0 -70 -36 -19 -86 -29 N N N N 483 129 26 -76 -76
1 40000 -427 -73 5 -2 0 0 0 0 -30 -23 -10 -294 -77 N N N N -605 -153 40 82 82
1 40001 -434 -141 0 0 0 0 0 0 -48 -54 -13 -178 -53 N N N N -1313 -339 37 187 187
1 40000 -433 -197 2 -1 0 0 0 0 -42 -90 -16 -42 -14 N N N N 543 144 19 -84 -84
1 43882 -494 399 26 114 0 1392 1 -2 112 166 -21 -234 -57 N N N N -2334 -609 28 343 343
1 40353 -481 692 1 -2 0 0 0 0 334 33 112 -272 -77 N N N N -1042 -268 49 149 149
1 41588 -468 -3018 -22 -117 0 -1402 -1 2 141 -285 89 -197 -59 N N N N -528 -135 40 74 74
1 40000 -439 252 -9 6 0 0 0 0 -31 -125 -16 -175 -51 N N N N -440 -113 35 61 61
1 40001 -420 254 0 -5 0 0 0 0 -88 -102 -28 -184 -52 N N N N -774 -201 32 114 114
1 39998 -435 220 1 3 0 0 0 0 -104 -49 -30 -214 -55 N N N N -816 -212 31 121 121
1 40001 -411 58 3 0 0 0 0 0 -31 -6 -8 -213 -63 N N N N 91 27 42 -20 -20
1 43939 -475 -515 2 -118 0 -1390 0 -2 217 116 32 -415 -122 N N N N 505 139 65 -88 -88
1 40356 -440 2972 0 -1 0 0 0 0 -14 306 63 -338 -91 N N N N 1164 312 46 -187 -187
1 41349 -427 -477 -2 123 0 1403 1 2 -207 165 -94 -313 -98 N N N N 570 159 79 -100 -100
1 40000 -404 -198 -5 0 0 0 0 0 -101 -5 -31 -312 -88 N N N N -64 -12 45 3 3
1 40001 -423 -199 2 -5 0 0 0 0 -96 -39 -25 -387 -109 N N N N -300 -74 66 36 36
1 39999 -415 -181 1 4 0 0 0 0 -70 -60 -23 -154 -56 N N N N -420 -107 47 57 57
1 40000 -417 -211 -2 0 0 0 0 0 -54 -92 -15 -242 -69 N N N N -399 -103 40 56 56
1 44236 -456 321 22 107 0 1389 -1 -2 93 133 -24 -245 -70 N N N N 138 42 49 -29 -29
1 40415 -435 693 8 3 0 0 0 0 333 50 103 -278 -75 N N N N -129 -31 43 14 14
1 41881 -454 552 -24 -124 0 -1398 1 2 154 -263 94 -400 -119 N N N N -47 -6 69 -4 -4
1 40001 -409 -3340 -6 8 0 0 0 0 -21 -131 -12 -185 -63 N N N N -958 -252 50 144 144
1 39999 -411 96 -1 -4 0 0 0 0 -23 -46 -8 -148 -42 N N N N -114 -29 26 14 14
1 40000 -411 -108 3 6 0 0 0 0 25 52 10 -214 -59 N N N N 49 16 33 -13 -13
1 40000 -391 3302 1 3 0 0 0 0 17 155 7 -218 -69 N N N N -386 -99 48 54 54
1 43853 -463 -536 3 -91 0 -1194 1 -3 -163 191 -5 -195 -55 N N N N -91 -22 31 10 10
1 39910 -386 -330 -3 90 0 1200 -2 3 -166 55 -91 -96 -30 N N N N -172 -45 23 25 25
1 40000 -398 -307 -7 -6 0 0 0 0 -145 -58 -41 -102 -29 N N N N -310 -81 22 46 46
1 40000 -400 -257 -1 3 0 0 0 0 -86 -98 -25 -426 -115 N N N N 40 15 65 -16 -16
1 40000 -386 -243 7 -4 0 0 0 0 -35 -118 -14 -250 -74 N N N N -175 -44 40 23 23
1 40001 -393 -236 0 1 0 0 0 0 16 -118 1 -321 -92 N N N N 87 28 56 -22 -22
1 41472 -402 242 20 114 1 1398 -11 -2 -16 120 -16 -309 -96 N N N N -152 -36 67 15 15
1 40000 -430 754 6 10 0 0 0 0 238 277 24 -135 -42 N N N N -509 -135 31 78 78
1 45035 -460 770 0 -134 -1 -1404 -1 2 327 -185 175 -251 -77 N N N N -273 -71 49 37 37
1 40788 -399 -3279 -25 7 0 0 0 0 29 -162 -8 -253 -70 N N N N -381 -101 36 58 58
1 40002 -372 250 -7 -2 0 0 0 0 -48 -121 -19 -242 -77 N N N N -198 -50 54 25 25
1 39999 -371 149 1 -1 0 0 0 0 -53 -58 -18 -236 -72 N N N N -148 -37 43 19 19
1 39999 -380 -53 5 3 0 0 0 0 20 19 8 -267 -77 N N N N 1 4 45 -7 -7
1 40000 -373 -69 0 -1 0 0 0 0 24 27 7 -333 -96 N N N N -135 -33 58 15 15
1 36942 -358 -130 -9 -116 0 -1388 -61 -2 39 27 -21 -320 -97 N N N N -409 -109 55 60 60
1 40000 -391 3035 9 -3 0 0 0 0 -27 276 62 -242 -79 N N N N -99 -23 55 10 10
1 40000 -389 -497 -16 125 0 1401 -39 2 -213 171 -92 -253 -75 N N N N -298 -78 53 43 43
1 39999 -386 -45 6 -7 0 0 0 0 -24 1 -5 -220 -67 N N N N 850 235 40 -148 -148
1 40000 -389 163 2 7 0 0 0 0 83 -14 21 -162 -52 N N N N 368 103 38 -66 -66
1 40001 -390 184 1 -5 0 0 0 0 86 -45 26 -80 -26 N N N N -190 -50 22 29 29
1 40000 -404 286 -9 0 0 0 0 0 96 -115 21 -69 -20 N N N N -153 -41 15 23 23
1 39999 -401 38 4 5 0 0 0 0 7 -17 2 -91 -27 N N N N -262 -71 16 42 42
1 40323 -406 -435 18 24 1 5 0 -4 -156 169 -50 -298 -78 N N N N 118 35 37 -25 -25
1 41264 -421 -293 -21 -17 -1 -4 -14 4 -145 24 -35 -113 -40 N N N N 466 130 36 -83 -83
1 40001 -424 33 3 -9 0 0 0 0 17 -1 9 -153 -45 N N N N 173 50 30 -33 -33
1 40000 -404 306 0 -3 0 0 0 0 153 -41 45 -92 -27 N N N N 100 29 19 -19 -19
1 40000 -428 355 5 1 0 0 0 0 123 -136 31 -295 -76 N N N N 264 76 43 -50 -50
1 40001 -410 -3286 -11 4 0 0 0 0 25 -160 0 -203 -62 N N N N 146 43 38 -30 -30
1 45765 -480 3410 1 -116 1 -1403 -1 -2 -2 63 7 -286 -88 N N N N -168 -42 57 20 20
1 41469 -453 -630 34 122 0 1399 0 2 -226 265 -60 -295 -84 N N N N -306 -81 51 44 44
1 40001 -431 -299 -35 -1 0 0 0 0 -147 0 -45 -154 -51 N N N N 104 31 39 -23 -23
1 39999 -435 -246 1 2 0 0 0 0 -114 -56 -32 -207 -66 N N N N 812 228 43 -142 -142
1 40001 -438 -290 -2 -3 0 0 0 0 -89 -118 -22 -119 -36 N N N N 660 185 23 -114 -114
1 39999 -446 -170 0 1 0 0 0 0 -21 -83 -7 -180 -50 N N N N 255 73 29 -47 -47
1 40000 -440 -158 8 -5 0 0 0 0 2 -80 -2 -80 -28 N N N N 475 134 24 -83 -83
1 43940 -521 381 11 112 0 1387 0 -2 30 188 -24 -170 -45 N N N N 142 42 29 -28 -28
1 40357 -487 774 12 8 0 0 0 0 337 169 69 -95 -27 N N N N -73 -18 21 9 9
1 42058 -497 690 -23 -124 0 -1395 -1 2 229 -277 121 -128 -40 N N N N 480 136 28 -85 -85
1 39999 -454 -3486 -3 1 0 0 0 0 1 -59 -3 -290 -79 N N N N -92 -22 39 10 10
1 40000 -453 3358 1 12 0 0 0 0 -14 129 -4 -167 -54 N N N N 1059 298 43 -183 -183
1 40000 -441 -241 -3 -2 0 0 0 0 -65 106 -19 -314 -92 N N N N 2018 569 52 -341 -341
1 40001 -441 -180 0 0 0 0 0 0 -76 56 -19 -170 -55 N N N N 1595 450 38 -266 -266
1 45352 -507 476 29 -7 0 -4 1 0 140 -193 53 -110 -33 N N N N 1295 366 29 -215 -215
1 39999 -432 -3232 -26 -7 0 0 0 0 -10 -191 -20 -116 -33 N N N N 478 136 20 -80 -80
1 39998 -430 248 4 5 0 0 0 0 -80 -102 -21 -138 -37 N N N N 556 159 23 -93 -93
1 40000 -418 308 -8 -2 0 0 0 0 -144 -69 -45 -165 -51 N N N N 898 256 33 -150 -150
1 40000 -406 284 7 8 0 0 0 0 -149 14 -36 -142 -39 N N N N 939 267 29 -154 -154
1 40000 -399 27 -2 -3 0 0 0 0 -13 4 -5 -71 -26 N N N N -567 -156 20 85 85
1 43298 -431 -538 14 -121 9 -1386 0 -2 269 2 22 -138 -36 N N N N -943 -262 20 147 147
1 39999 -395 2942 -9 11 0 0 0 0 137 287 104 -146 -41 N N N N -926 -256 26 143 143
1 42764 -416 -672 12 114 0 1395 0 2 -232 276 -71 150 58 N N N N 12611 3540 -4 -1941 -1941
1 39999 -385 -272 -11 0 0 0 0 0 -138 -3 -42 -156 -32 N N N N 25683 7214 8 -3479 -3479
1 39999 -372 -209 0 2 0 0 0 0 -98 -44 -29 -60 -17 N N N N 11281 3177 19 -1362 -1362
1 40001 -373 -285 1 0 0 0 0 0 -96 -109 -26 -21 -4 N N N N 4639 1306 6 -533 -533
1 40002 -362 -220 -2 -8 0 0 0 0 -31 -107 -8 -210 -53 N N N N 1556 448 20 -182 -182
1 39998 -366 -259 -4 4 0 0 0 0 17 -129 6 -23 -10 N N N N 900 265 24 -110 -110
1 37059 -364 -149 12 117 0 1391 -72 -2 36 -59 37 -130 -31 N N N N 621 181 13 -74 -74
1 40474 -416 741 15 -12 0 0 0 0 8 344 -70 -274 -73 N N N N 1489 447 53 -185 -185
1 39999 -419 765 -5 5 0 0 0 0 356 109 97 -61 -24 N N N N 4446 1265 23 -492 -492
1 44060 -448 632 -13 -120 9 -1405 -1 2 181 -283 102 -102 -27 N N N N 2392 683 16 -261 -261
1 40000 -411 -3366 -6 5 0 0 0 0 -20 -118 -10 -62 -19 N N N N 977 283 13 -109 -109
1 39999 -410 120 -1 -4 0 0 0 0 -30 -57 -11 -117 -32 N N N N 589 179 23 -71 -71
1 40000 -401 235 0 -1 0 0 0 0 -89 -85 -28 -284 -74 N N N N 229 89 41 -41 -41
1 40000 -403 299 0 6 0 0 0 0 -149 -45 -42 -27 -13 N N N N -2110 -583 22 214 214
1 44940 -488 -346 18 -117 10 -1381 0 -2 165 35 2 -158 -36 N N N N -1154 -319 13 117 117
1 40002 -435 2974 -2 0 0 0 0 0 115 277 99 -112 -35 N N N N -991 -261 35 92 92
1 41175 -450 -666 11 124 -1 1394 0 2 -232 275 -78 -89 -25 N N N N -833 -225 20 82 82
1 39999 -430 -204 -15 -1 0 0 0 0 -103 3 -32 -92 -24 N N N N -123 -25 16 7 7
1 40001 -438 -105 3 -3 0 0 0 0 -53 -14 -14 -205 -50 N N N N -43 0 24 -5 -5
1 40000 -425 -133 -5 2 0 0 0 0 -61 -28 -21 -97 -26 N N N N 108 46 28 -23 -23
1 39999 -436 -173 1 6 0 0 0 0 -68 -57 -21 -272 -71 N N N N -655 -157 52 50 50
1 40000 -437 -255 2 -3 0 0 0 0 -63 -113 -19 -187 -52 N N N N -1172 -314 35 114 114
1 44886 -506 446 18 110 0 1392 0 -2 136 178 -13 -471 -143 N N N N -4880 -1345 83 511 511
1 39999 -480 719 8 2 0 0 0 0 343 -9 121 -301 -94 N N N N -6961 -1943 85 773 773
1 44116 -479 438 -59 -117 -32 -1394 0 2 117 -230 55 -372 -79 N N N N 3644 1060 43 -443 -443
1 40001 -406 -3363 0 6 0 0 0 0 -19 -120 -4 -531 -155 N N N N -820 -179 114 52 52
1 19999 -203 105 0 -1 0 0 0 0 -23 -51 -8 -148 -47 N N N N -620 -167 22 64 64
1 20001 -200 101 2 -3 0 0 0 0 -33 -44 -8 -172 -47 N N N N -613 -163 28 61 61
1 19999 -209 126 -2 0 0 0 0 0 -50 -44 -13 -266 -83 N N N N -803 -207 49 76 76
1 20001 -208 112 -5 0 0 0 0 0 -51 -29 -13 -83 -25 N N N N -1226 -338 31 135 135
1 19999 -201 106 12 -5 0 0 0 0 -56 -20 -15 -75 -27 N N N N -1020 -282 25 112 112
1 20001 -209 126 -11 6 0 0 0 0 -64 -7 -14 -336 -84 N N N N -761 -205 31 80 80
1 23764 -243 -105 10 -117 7 -1392 0 -2 53 -11 -48 -113 -46 N N N N -1312 -355 50 141 141
1 20000 -227 -331 -4 -3 0 0 0 0 155 72 53 -69 -24 N N N N -931 -258 24 106 106
1 20000 -207 -314 9 -1 0 0 0 0 78 135 54 -216 -55 N N N N -548 -148 23 59 59
1 20000 -218 3281 -8 5 0 0 0 0 -7 164 29 -365 -99 N N N N -776 -204 46 79 79
1 20001 -223 -336 -2 -1 0 0 0 0 -106 140 4 -122 -52 N N N N -1175 -317 55 127 127
1 21941 -253 -379 63 116 75 1399 0 2 -199 91 -96 -311 -89 N N N N -1475 -408 44 170 170
1 20000 -252 -163 -3 -4 0 0 0 0 -81 -16 -27 -200 -67 N N N N -1599 -445 45 187 187
1 19999 -252 -148 -7 4 0 0 0 0 -67 -31 -25 -327 -102 N N N N -2129 -598 47 259 259
1 20001 -242 -80 2 -4 0 0 0 0 -33 -25 -10 -20 -12 N N N N -3359 -955 52 423 423
1 19999 -259 -96 -6 -1 0 0 0 0 -34 -35 -8 -262 -77 N N N N -718 -196 36 85 85
1 20000 -260 -114 5 5 0 0 0 0 -33 -47 -15 -120 -20 N N N N -531 -142 35 59 59
1 20001 -249 -135 3 -3 0 0 0 0 -26 -63 -12 -447 -122 N N N N 498 163 53 -84 -84
1 20000 -239 -126 -4 1 0 0 0 0 -11 -63 -1 -621 -176 N N N N -965 -251 86 101 101
1 20000 -247 -62 3 -2 0 0 0 0 0 -31 -3 -730 -235 N N N N -2760 -757 147 330 330
1 19999 -247 -29 -7 3 0 0 0 0 1 -15 5 -179 -64 N N N N -4586 -1318 81 620 620
1 22295 -278 152 -6 112 -42 1392 0 -2 2 76 -5 -268 -66 N N N N -1835 -521 57 248 248
1 19999 -246 332 7 2 0 0 0 0 72 151 -9 -127 -48 N N N N -85 -9 58 -5 -5
1 20001 -246 400 3 5 0 0 0 0 176 106 37 -181 -47 N N N N -251 -67 23 30 30
1 20469 -256 394 -11 -2 0 0 0 0 198 -24 72 -1087 -278 N N N N -763 -199 94 84 84
1 20938 -262 342 14 -136 8 -1403 0 2 113 -162 101 -120 -82 N N N N -2860 -808 135 386 386
1 20825 -249 213 -21 16 0 0 0 0 34 -102 -5 -675 -188 N N N N -2028 -579 85 285 285
1 20002 -244 -3477 -5 -8 0 0 0 0 -3 -67 -5 -206 -80 N N N N -1863 -528 100 261 261
1 19998 -241 106 -4 9 0 0 0 0 -13 -51 -6 -503 -127 N N N N 865 272 68 -153 -153
1 20002 -247 93 4 -1 0 0 0 0 -23 -44 -5 -772 -200 N N N N 2181 678 117 -368 -368
1 19998 -253 94 4 2 0 0 0 0 -28 -41 -8 -226 -84 N N N N 2392 743 111 -395 -395
1 20000 -244 144 -1 2 0 0 0 0 -56 -51 -16 -936 -246 N N N N 2304 714 88 -371 -371
1 20002 -247 152 -3 -5 0 0 0 0 -71 -37 -24 -9 -46 N N N N -962 -252 131 105 105
1 20000 -252 135 1 -1 0 0 0 0 -68 -18 -22 -903 -220 N N N N 1400 429 30 -218 -218
1 20000 -241 26 2 -1 0 0 0 0 -14 -2 -5 -1265 -349 N N N N -1046 -232 296 68 68
1 24117 -290 -166 7 -111 8 -1390 0 -2 83 0 -30 -707 -226 N N N N 207 113 180 -85 -85
1 20001 -250 -229 13 -1 0 0 0 0 96 56 50 -1346 -352 N N N N 2538 832 205 -444 -444
1 19999 -239 -307 -11 0 0 0 0 0 85 130 50 -1456 -400 N N N N 5113 1639 235 -826 -826
1 20003 -234 3274 -4 -1 0 0 0 0 -4 165 33 -1159 -321 N N N N 3158 1064 266 -541 -541
1 19997 -241 -277 7 4 0 0 0 0 -80 124 3 -1135 -349 N N N N 4108 1385 306 -683 -683
1 21649 -242 -281 12 119 1 1397 0 2 -129 108 -82 -1972 -536 N N N N 5540 1847 297 -862 -862
1 19999 -197 -117 -25 4 0 0 0 0 -55 11 -22 -1375 -409 N N N N 6856 2280 291 -1009 -1009
1 20001 -234 93 0 -5 0 0 0 0 48 -8 18 -638 -220 N N N N 8986 3001 323 -1249 -1249
1 20000 -209 162 -3 -8 0 0 0 0 80 -32 26 -1561 -381 N N N N 10432 3488 302 -1347 -1347
1 19999 -191 23 7 8 0 0 0 0 8 -4 2 -1718 -500 N N N N 11637 3938 331 -1413 -1413
1 20001 -206 -48 -4 -9 0 0 0 0 -20 10 -5 -1637 -503 N N N N 8488 2963 316 -1011 -1011
1 20000 -189 15 8 10 0 0 0 0 4 -1 0 -1950 -550 N N N N 8515 3053 371 -997 -997
1 20000 -198 23 -17 0 0 0 0 0 15 -6 1 -3808 -1191 N N N N 6991 2862 681 -961 -961
1 20000 -176 -105 -4 0 0 0 0 0 -49 23 -15 -3595 -1244 N N N N 8888 3681 805 -1160 -1160
1 19999 -195 52 18 0 0 0 0 0 21 -10 9 -2289 -728 N N N N 9571 3906 695 -1128 -1128
1 18782 -160 49 -7 1 0 2 -42 -3 25 -11 5 -1424 -563 N N N N 6662 2757 466 -750 -750
1 24436 -231 310 16 -11 0 -7 -6 -1 109 -117 43 -3616 -1134 N N N N 6565 3138 806 -876 -876
1 17170 -141 -3260 -13 13 -1 -2 -59 4 39 -168 4 -1708 -564 N N N N 5314 2331 418 -587 -587
1 20786 -170 143 0 -8 0 0 0 0 -18 -76 -7 -2548 -829 N N N N 3735 2124 696 -585 -585
1 20001 -129 96 -14 1 0 0 0 0 -18 -45 -11 -2096 -764 N N N N 1892 1392 610 -407 -407
1 20000 -168 72 -5 1 0 0 0 0 -20 -31 -8 -2417 -833 N N N N 6434 3006 554 -692 -692
1 20000 -131 131 7 4 0 0 0 0 -50 -48 -10 -1342 -575 N N N N 4806 2467 563 -570 -570
1 20000 -139 116 3 -1 0 0 0 0 -52 -34 -14 -519 -285 N N N N 3972 1880 318 -398 -398
1 20000 -141 113 -2 0 0 0 0 0 -55 -22 -17 -532 -246 N N N N 2395 1125 178 -230 -230
1 20000 -138 10 -4 0 0 0 0 0 -4 -2 -2 -846 -246 N N N N 2749 1290 198 -259 -259
1 20000 -145 -77 8 -1 0 0 0 0 37 13 11 -738 -78 N N N N 1817 1001 239 -215 -215
1 20000 -146 204 4 4 0 0 0 0 -106 -22 -25 -4327 -880 N N N N 3919 2040 410 -413 -413
1 18763 -105 176 -7 2 1 2 -46 -4 -89 9 -29 -3059 -467 N N N N 2583 2109 811 -493 -493
1 20058 -121 57 1 -5 0 0 -100 0 -29 9 -9 -1935 -657 N N N N 6943 3767 754 -711 -711
1 19989 -127 121 -5 6 0 -2 -99 1 -55 28 -13 -1216 -804 N N N N 5420 2930 545 -520 -520
1 26958 -218 -21 -14 -131 0 -1379 -14 1 10 -12 -51 -365 -563 N N N N 8704 4309 561 -686 -686
1 20351 -171 -131 -6 8 0 0 0 0 63 -31 15 -210 -193 N N N N 5381 2495 219 -359 -359
1 20471 -152 -223 3 -1 0 0 0 0 116 -18 23 -13 -86 N N N N 5298 2303 111 -305 -305
1 22645 -162 -279 -15 13 0 0 0 0 143 41 48 -111 -77 N N N N 4382 1847 54 -232 -232
1 20474 -136 -164 20 -12 0 0 0 0 61 49 26 -40 -33 N N N N 2269 1003 55 -128 -128
1 20352 -149 -233 -5 1 0 0 0 0 63 102 34 -47 -26 N N N N 1526 658 26 -81 -81
1 20234 -122 3313 1 -3 0 0 0 0 7 144 34 -18 -15 N N N N 1055 447 13 -54 -54
1 10705 -48 -155 16 -1 0 0 0 0 -34 74 15 -1 -3 N N N N 382 161 4 -19 -19
1 10000 -61 -111 -2 5 0 0 0 0 -33 50 0 3 -2 N N N N 282 130 10 -17 -17
1 10473 -56 -116 -10 3 0 0 0 0 -40 46 -7 11 0 N N N N 352 144 2 -17 -17
1 10212 -64 -118 24 128 73 1388 -5 -2 -57 71 -62 0 0 N N N N 197 80 0 -9 -9
1 9382 -55 -98 45 -14 1 0 -41 0 -58 15 -3 -3 -2 N N N N 317 119 -5 -13 -13
1 9163 -68 -43 -27 -2 1 0 -46 0 -16 5 -7 -7 -3 N N N N 341 141 2 -16 -16
1 10044 -68 -47 2 8 -1 -1 -48 0 -24 6 -13 5 0 N N N N 351 147 3 -17 -17
1 9969 -78 -51 -2 -8 0 0 -41 0 -25 1 -6 1 1 N N N N 477 182 -5 -20 -20
1 9922 -87 -28 -17 -3 0 0 -27 0 -12 0 -1 2 2 N N N N -32 -12 0 1 1
1 10026 -70 -18 20 0 0 0 -19 0 -12 0 -6 0 -1 N N N N 460 129 -32 -9 -9
1 10040 -104 -9 -21 -3 -1 1 -24 0 -2 -1 4 2 0 N N N N 60 84 35 -15 -15
1 9984 -89 25 3 3 2 0 -25 0 13 1 0 -1 1 N N N N 342 85 -31 -5 -5
1 10060 -78 51 0 0 0 0 -40 0 26 -1 10 -1 0 N N N N 171 115 27 -17 -17
1 9964 -105 86 8 -1 -1 0 -41 0 42 -9 15 -1 -1 N N N N 78 38 4 -5 -5
1 16145 -177 172 -14 0 0 -1 -37 4 86 -33 23 -4 1 N N N N 352 168 15 -22 -22
1 10794 -118 101 -5 -2 0 0 0 0 44 -31 13 1 -1 N N N N 199 68 -7 -6 -6
1 10000 -113 101 -7 4 0 0 0 0 39 -37 7 3 2 N N N N 212 94 5 -12 -12
1 10000 -96 49 20 2 0 0 0 0 10 -20 8 3 2 N N N N 302 108 -8 -11 -11
1 10000 -92 132 5 10 0 0 0 0 28 -58 12 0 0 N N N N -47 -28 -5 4 4
1 10000 -106 55 2 -36 0 0 0 0 7 -40 11 3 1 N N N N 195 101 13 -13 -13
1 10000 -106 57 -10 41 0 0 0 0 12 -15 -11 2 1 N N N N 283 73 -23 -4 -4
1 9999 -104 75 -21 -8 0 0 0 0 8 -42 -4 1 0 N N N N -149 -31 16 0 0
1 10001 -93 -3545 11 -18 0 0 0 0 -3 -35 3 -1 0 N N N N 39 32 9 -5 -5
1 10000 -100 42 3 10 0 0 0 0 -3 -19 -2 -3 0 N N N N 183 66 -4 -6 -6
1 10000 -111 29 13 -2 0 0 0 0 -8 -15 7 4 2 N N N N 141 62 3 -8 -8
1 10000 -118 36 -17 10 0 0 0 0 1 -15 -7 0 1 N N N N -131 -44 5 4 4
1 10000 -125 120 10 -8 0 0 0 0 -28 -61 -3 -1 0 N N N N 153 49 -7 -4 -4
1 9999 -127 131 -8 2 0 0 0 0 -36 -56 -15 -3 0 N N N N 143 48 -5 -5 -5
1 10001 -124 36 -4 -14 0 0 0 0 -12 -18 -11 1 0 N N N N -53 11 18 -4 -4
1 9999 -114 32 11 15 0 0 0 0 -14 -8 5 2 1 N N N N 239 77 -11 -7 -7
1 10001 -126 -10 4 3 0 0 0 0 0 6 6 1 0 N N N N 6 12 5 -2 -2
1 10001 -122 30 -22 -7 0 0 0 0 -5 -13 -14 1 4 N N N N 85 48 9 -7 -7
1 9999 -135 15 12 4 0 0 0 0 -9 -4 3 6 2 N N N N -51 -28 -5 4 4
1 10110 -130 25 -6 -107 11 -1391 -4 0 -11 -31 -49 1 0 N N N N 112 49 2 -6 -6
1 13950 -152 -121 12 -2 -1 0 -1 -2 47 38 19 -1 1 N N N N 151 53 -4 -5 -5
1 10234 -136 -190 -4 -11 0 0 0 0 51 77 32 -1 0 N N N N 133 66 7 -9 -9
1 10000 -130 -141 19 13 0 0 0 0 19 71 23 3 2 N N N N -33 -11 1 2 2
1 10354 -132 3463 -15 -6 0 0 0 0 4 69 12 1 -1 N N N N -9 -2 1 -1 -1
1 10000 -129 -114 -6 6 0 0 0 0 -10 61 4 2 3 N N N N 32 14 1 -1 -1
1 10352 -147 -140 2 -5 0 0 0 0 -34 63 9 3 1 N N N N 46 20 1 -3 -3
1 9999 -119 -126 13 0 0 0 0 0 -46 51 3 -5 -1 N N N N -20 -15 -4 3 3
1 10509 -152 -129 0 30 -2 202 -1 -1 -48 57 -25 2 1 N N N N 142 50 -4 -5 -5
1 10708 -137 -78 -10 95 -37 1199 1 3 -28 49 -64 0 1 N N N N 28 22 6 -4 -4
1 9963 -132 -59 -8 -3 0 0 0 0 -27 10 -10 2 2 N N N N 161 31 -19 0 0
1 9998 -119 5 -52 -12 0 0 0 0 4 -12 24 2 2 N N N N 84 45 6 -6 -6
1 10001 -85 -82 112 10 0 0 0 0 -60 19 -22 16 2 N N N N 43 14 -2 -1 -1
