version: 66.14
glider: 195
mission: 21
dive: 173
start: 5 15 105 18 1 51
columns: rec,elaps_tms,depth,heading,pitch,roll,AD_pitch,AD_roll,AD_vbd,GC_phase,mag.x,mag.y,mag.z,sbect.TempFreq,sbect.CondFreq,wlbb2fl.sig470nm,wlbb2fl.sig700nm,wlbb2fl.sig695nm,wlbb2fl.temp,aa4330.O2,aa4330.AirSat,aa4330.Temp,aa4330.CalPhase,aa4330.TCPhase,
data:
0 17404 41 1450 -616 62 167 2218 1129 6 -70 -197 234 180176 137989 43 94 50 535 251514 98293 25434 29206 30612
1 9986 -2 0 1 -127 0 0 0 0 -2 -56 -40 -126 -3 N N N N -704 -155 66 5 5
1 9999 1 -287 -53 80 0 0 0 0 61 -66 -75 214 4 N N N N 409 43 -65 7 7
1 10000 -10 4 84 12 0 0 0 0 -11 7 13 -74 -1 N N N N 313 305 101 -52 -52
1 10015 -2 -159 93 115 0 0 0 0 12 -9 -15 -49 -5 43 94 52 535 -233 -40 29 -1 -1
1 9984 5 186 -96 -90 0 0 0 0 -24 22 34 57 -3 N N N N -1236 -338 81 23 23
1 8682 0 109 -6 -8 0 1 32 -4 -37 29 30 -90 4 N N N N 44 98 45 -19 -19
1 9992 7 -142 -29 100 -2 0 258 0 39 -12 -9 39 0 N N N N 4199 766 -483 3 3
1 10056 23 211 4 -180 0 0 255 0 -28 10 8 -167 -2 43 94 55 535 461 188 4 -21 -21
1 9982 34 87 -113 -230 1 0 254 0 43 -47 -60 430 -3 N N N N -2947 -1646 -276 234 234
1 10013 16 -198 -5 189 -1 0 269 0 19 -1 0 -62 -4 N N N N -124 -125 -43 22 22
1 9995 36 -124 75 126 0 0 259 0 -2 5 7 -279 0 N N N N -409 -223 -36 32 32
1 9967 48 111 -34 -108 1 -1 258 0 -11 -4 -3 -34 0 47 110 55 535 -249 -103 -4 12 12
1 10038 118 36 -43 -2 4 1 297 0 17 11 14 -24 4 N N N N -572 -193 16 19 19
1 16382 501 -66 20 43 777 -1 235 -1 -5 -6 -10 48 12 N N N N 143 -50 -59 16 16
1 8556 332 34 292 12 1713 474 62 5 -103 14 3 28 8 N N N N -361 -152 -7 19 19
1 16413 406 -111 198 143 -8 911 0 -2 -7 9 8 48 16 45 91 65 534 -126 -106 -32 18 18
1 10457 183 -39 11 8 0 0 0 0 17 -7 -2 26 7 N N N N -269 -122 -10 16 16
1 10468 176 -59 8 -5 0 0 0 0 26 -14 -13 42 12 N N N N 4 -11 -7 3 3
1 9999 160 -54 -5 -10 0 0 0 0 27 -12 -15 37 11 N N N N 13 -12 -9 3 3
1 10490 158 1 0 4 0 0 0 0 1 3 5 126 40 45 94 66 534 -146 -94 -22 14 14
1 10512 167 2 0 -4 0 0 0 0 -2 -2 -3 176 56 N N N N -180 -126 -31 21 21
1 10471 163 49 -11 4 0 0 0 0 -22 9 12 409 131 N N N N -10 -99 -54 21 21
1 10001 158 49 6 -8 0 0 0 0 -24 8 5 510 160 N N N N 105 -178 -122 43 43
1 10369 157 -80 11 12 0 0 0 0 36 -12 -10 21 18 50 96 72 534 -531 -340 -76 54 54
1 12631 189 -135 3 10 0 0 0 0 70 -8 -16 71 29 N N N N -505 -266 -41 38 38
1 10352 165 -121 3 -12 0 0 0 0 62 1 -27 94 30 N N N N -242 -153 -34 25 25
1 10000 140 -118 3 8 0 0 0 0 56 15 -26 16 7 N N N N -32 -54 -23 10 10
1 10367 160 -106 -6 -3 0 0 0 0 48 24 -23 4 5 44 95 75 534 81 9 -13 1 1
1 10554 150 -145 10 -24 0 -228 4 -1 54 46 -37 28 8 N N N N -76 -44 -8 7 7
1 9893 135 -56 21 -102 58 -1184 -1 3 18 23 -27 8 4 N N N N -31 -24 -7 4 4
1 10833 135 -41 7 -5 0 0 0 0 12 18 -2 8 3 N N N N 117 33 -7 -2 -2
1 10018 115 -27 6 2 0 0 0 0 6 12 -5 6 1 43 92 79 534 -17 -14 -4 2 2
1 9984 123 -13 -7 -5 0 0 0 0 4 7 1 3 2 N N N N 103 35 -2 -3 -3
1 10000 109 -30 2 3 0 0 0 0 6 14 -3 12 2 N N N N -35 -17 -2 2 2
1 9998 122 -24 1 0 0 0 0 0 5 12 -1 10 4 N N N N -29 -17 -4 2 2
1 10016 108 -38 -2 0 0 0 0 0 6 19 -2 12 4 45 98 80 533 -23 -15 -3 3 3
1 9985 131 -33 0 1 0 0 0 0 5 17 -3 5 -1 N N N N 22 2 -4 0 0
1 10001 130 -35 4 1 0 0 0 0 3 18 0 18 5 N N N N 23 5 -2 0 0
1 9999 119 -26 -1 -2 0 0 0 0 2 14 -1 26 8 N N N N 57 11 -6 0 0
1 10016 109 -27 -1 0 0 0 0 0 2 14 0 51 15 45 91 78 534 52 8 -7 0 0
1 9983 138 3551 3 2 0 0 0 0 0 26 -1 61 17 N N N N 74 8 -11 2 2
1 10000 119 -45 -4 -4 0 0 0 0 -1 24 -1 47 16 N N N N -62 -47 -13 8 8
1 10000 117 -41 0 6 0 0 0 0 -3 21 2 33 13 N N N N 20 -18 -15 4 4
1 10017 132 -32 1 -5 0 0 0 0 -4 17 -1 8 0 44 102 78 534 -147 -74 -10 11 11
1 9984 125 -55 -1 -2 0 0 0 0 -7 28 3 11 5 N N N N -25 -19 -5 3 3
1 10000 126 -69 5 4 0 0 0 0 -14 34 3 89 25 N N N N -94 -45 -5 6 6
1 10000 119 -58 -5 -6 0 0 0 0 -15 27 4 67 19 N N N N -121 -77 -18 13 13
1 10016 136 -65 6 3 0 0 0 0 -20 28 7 18 3 46 97 80 533 -116 -74 -16 11 11
1 9984 118 -82 -4 3 0 0 0 0 -29 32 6 160 49 N N N N -121 -67 -12 10 10
1 9999 123 -57 1 0 0 0 0 0 -24 19 7 83 27 N N N N -113 -90 -27 16 16
1 10001 127 -21 3 -2 0 0 0 0 -9 7 2 70 21 N N N N -100 -92 -30 17 17
1 10017 110 -2 -3 -1 0 0 0 0 -1 0 1 49 16 41 96 85 533 -303 -155 -22 22 22
1 9983 129 25 1 2 0 0 0 0 11 -8 -1 139 40 N N N N -269 -132 -17 19 19
1 10000 110 28 1 -2 0 0 0 0 11 -9 -4 95 32 N N N N -454 -233 -34 34 34
1 10000 128 3 -3 2 0 0 0 0 2 -1 -2 62 19 N N N N -626 -287 -28 39 39
1 10015 111 14 5 0 0 0 0 0 5 -5 0 49 16 44 94 93 533 -498 -219 -17 30 30
1 9985 107 16 -4 -2 0 0 0 0 6 -6 -2 82 27 N N N N -333 -158 -18 22 22
1 10000 129 -3 4 1 0 0 0 0 -1 2 0 92 23 N N N N -551 -250 -23 34 34
1 9999 106 19 -3 0 0 0 0 0 8 -7 -1 80 26 N N N N -615 -275 -24 38 38
1 14003 151 65 -1 -112 0 -1356 2 -2 23 -29 28 73 22 44 96 90 533 -782 -347 -28 47 47
1 10941 139 95 2 -11 0 0 0 0 27 -41 -11 200 53 N N N N -812 -340 -18 45 45
1 9998 104 95 1 2 0 0 0 0 20 -44 -14 210 62 N N N N -534 -281 -46 42 42
1 10295 109 90 3 -6 0 0 0 0 12 -44 -13 143 36 N N N N -1159 -525 -50 74 74
1 10014 106 81 -3 6 0 0 0 0 4 -42 -10 124 37 46 97 97 533 -810 -372 -38 53 53
1 10926 104 -3490 1 -4 0 0 0 0 -5 -57 -10 313 91 N N N N -821 -376 -37 54 54
1 9999 93 114 6 5 0 0 0 0 -18 -58 -5 287 82 N N N N -1260 -600 -73 89 89
1 10353 99 96 -10 -8 0 0 0 0 -23 -45 -8 388 114 N N N N -1825 -826 -81 120 119
1 10014 76 75 5 9 0 0 0 0 -23 -34 5 282 87 44 95 96 533 -2319 -1013 -83 145 146
1 11399 99 94 0 -3 0 0 0 0 -35 -37 2 63 30 N N N N -2629 -1115 -76 159 159
1 9563 87 92 4 27 0 220 2 -1 -39 -32 18 276 77 N N N N -2156 -884 -44 125 125
1 9822 77 26 -7 93 -7 1158 -2 3 -11 -6 44 760 213 N N N N -1716 -717 -45 104 104
1 10631 75 0 3 2 0 0 0 0 0 0 1 726 220 43 102 95 533 -2094 -1104 -198 187 187
1 9984 90 31 1 0 0 0 0 0 -15 -8 3 699 210 N N N N -3055 -1387 -155 221 221
1 10001 64 16 4 -2 0 0 0 0 -8 -3 3 2178 596 N N N N -3750 -1677 -178 271 271
1 9999 77 -48 2 0 0 0 0 0 23 11 -5 2429 719 N N N N -4838 -2390 -391 422 423
1 10015 78 -64 2 0 0 0 0 0 28 19 -7 784 289 42 90 89 533 -8632 -3886 -482 688 687
1 9985 88 -49 -3 2 0 0 0 0 21 16 -6 142 95 N N N N -7647 -3247 -323 585 585
1 10000 82 -43 0 -1 0 0 0 0 17 15 -5 91 61 N N N N -5743 -2298 -156 416 416
1 10000 77 -40 2 2 0 0 0 0 14 16 -3 62 39 N N N N -4421 -1746 -110 323 323
1 10016 76 -15 1 -2 0 0 0 0 5 6 -2 49 37 40 84 91 533 -3186 -1225 -56 228 228
1 9986 87 9 -1 -1 0 0 0 0 -2 -4 1 56 30 N N N N -1890 -754 -56 147 147
1 9999 87 21 1 2 0 0 0 0 -8 -8 3 26 16 N N N N -1598 -618 -33 119 119
1 9999 87 16 -1 -2 0 0 0 0 -6 -6 1 49 20 N N N N -1211 -469 -25 90 90
1 10017 87 -11 1 1 0 0 0 0 4 4 -1 47 19 39 85 88 533 -1041 -394 -15 76 76
1 9985 93 -40 3 1 0 0 0 0 14 16 -4 274 74 N N N N -792 -309 -20 61 61
1 9998 83 -55 0 3 0 0 0 0 17 24 -3 350 99 N N N N -698 -297 -36 63 63
1 10001 85 13 -3 0 0 0 0 0 -4 -6 0 706 194 N N N N -494 -286 -87 72 72
1 10015 92 104 1 -2 0 0 0 0 -35 -42 11 681 180 43 81 89 533 -513 -333 -121 88 88
1 9985 95 130 1 -5 0 0 0 0 -54 -43 14 449 130 N N N N -876 -473 -129 117 117
1 10000 92 131 4 3 0 0 0 0 -64 -30 16 352 100 N N N N -1447 -686 -138 160 160
1 10000 74 76 -1 -1 0 0 0 0 -39 -11 9 347 102 N N N N -1688 -766 -136 177 177
1 10016 91 46 -2 1 0 0 0 0 -24 -3 7 226 69 41 80 87 533 -1551 -659 -90 148 148
1 9984 81 22 1 1 0 0 0 0 -12 -2 3 339 98 N N N N -1645 -672 -74 149 149
1 9999 71 10 1 -4 0 0 0 0 -5 0 1 140 56 N N N N -1581 -643 -71 143 143
1 10000 71 1 0 3 0 0 0 0 -1 0 1 245 77 N N N N -1685 -670 -63 149 149
1 10017 74 -18 0 -2 0 0 0 0 10 0 -3 476 143 41 81 84 533 -1558 -635 -74 145 145
1 9984 75 -35 0 2 0 0 0 0 18 3 -4 489 157 N N N N -1474 -620 -88 147 147
1 10000 65 -57 0 -2 0 0 0 0 30 5 -9 662 178 N N N N -1917 -795 -106 189 189
1 9999 64 -83 4 2 0 0 0 0 42 15 -9 1575 415 N N N N -1623 -712 -127 178 178
1 10016 50 -18 -3 0 0 0 0 0 9 4 -2 2451 715 43 79 74 533 -2096 -957 -203 250 250
1 8232 40 16 4 1 6 0 6 0 -8 -4 2 111 227 N N N N -2428 -1172 -300 321 321
1 11752 67 34 -1 2 -6 0 -5 0 -17 -6 6 71 112 N N N N -3482 -1534 -308 410 410
1 10001 48 53 3 -2 0 0 0 0 -28 -8 4 121 89 N N N N -3435 -1320 -132 332 332
1 10016 56 71 -2 0 0 0 0 0 -37 -7 11 207 88 39 80 72 533 -2704 -1015 -84 256 256
1 9985 52 80 -1 -2 0 0 0 0 -42 -3 11 130 68 N N N N -2104 -805 -83 209 209
1 9998 56 98 2 2 0 0 0 0 -52 6 13 361 110 N N N N -1964 -735 -63 191 191
1 10000 35 110 0 -2 0 0 0 0 -56 15 13 536 146 N N N N -1817 -696 -76 187 187
1 10017 37 63 0 1 0 0 0 0 -31 14 5 835 191 39 79 68 534 -1661 -678 -115 193 193
1 9985 33 -22 0 -2 0 0 0 0 10 -6 -2 250 120 N N N N -1998 -846 -174 250 250
1 9997 43 -113 2 1 0 0 0 0 56 -20 -15 1124 218 N N N N -1729 -663 -82 186 186
1 10002 50 -143 6 -1 0 0 0 0 75 -9 -17 821 238 N N N N -1417 -625 -158 196 196
1 10016 36 -136 -3 2 0 0 0 0 73 8 -17 791 193 37 77 69 533 -1822 -820 -225 263 263
1 9984 37 -91 0 1 0 0 0 0 46 16 -10 415 149 N N N N -2609 -1015 -154 302 302
1 10002 37 -76 -1 0 0 0 0 0 37 18 -9 121 72 N N N N -2561 -992 -153 302 302
1 9999 44 -56 2 -1 0 0 0 0 25 16 -5 33 46 N N N N -2285 -832 -79 245 245
1 10016 48 -44 -1 2 0 0 0 0 19 14 -5 35 30 38 75 66 534 -2051 -731 -55 216 216
1 9984 47 -49 0 -1 0 0 0 0 19 18 -4 46 30 N N N N -1797 -627 -34 185 185
1 10000 53 -33 0 1 0 0 0 0 12 13 -3 38 14 N N N N -1339 -460 -16 134 134
1 9998 59 -19 0 0 0 0 0 0 8 7 -1 226 48 N N N N -737 -258 -16 78 78
1 10017 49 25 0 1 0 0 0 0 -9 -10 2 426 85 41 76 65 534 -880 -310 -21 94 94
1 9986 59 65 3 -4 0 0 0 0 -25 -24 7 634 160 N N N N -806 -311 -53 102 102
1 9998 46 77 -3 5 0 0 0 0 -33 -25 7 554 132 N N N N -1260 -492 -94 164 164
1 9999 71 79 1 -2 0 0 0 0 -37 -21 9 623 171 N N N N -1329 -531 -114 182 182
1 10016 55 77 1 1 0 0 0 0 -39 -15 9 940 233 39 75 63 534 -1321 -542 -136 191 191
1 9984 60 91 3 -2 0 0 0 0 -48 -11 11 1364 392 N N N N -1285 -509 -111 177 177
1 10001 68 103 1 0 0 0 0 0 -55 -4 13 763 380 N N N N -694 -377 -197 158 158
1 10000 65 121 -1 2 0 0 0 0 -64 9 15 860 260 N N N N -179 -254 -259 133 133
1 10014 63 117 0 -3 0 0 0 0 -59 20 11 667 265 38 72 56 534 -152 -216 -223 114 114
1 9986 60 82 -1 -1 0 0 0 0 -38 20 9 854 233 N N N N 523 38 -174 26 26
1 9999 70 55 -3 3 0 0 0 0 -24 17 5 548 192 N N N N 275 -42 -173 50 50
1 10000 57 42 2 0 0 0 0 0 -17 14 4 349 133 N N N N 445 36 -142 20 20
1 14970 88 40 -10 124 -10 1406 1 -2 -13 46 47 504 217 39 71 59 534 941 162 -184 -10 -10
1 10795 70 -4 2 -5 0 0 0 0 2 -2 -1 657 148 N N N N 615 93 -136 1 1
1 10000 70 -28 -2 4 0 0 0 0 10 -10 1 695 226 N N N N -17 -6 -1 2 2
1 10000 61 -40 5 -3 0 0 0 0 15 -16 -3 570 175 N N N N 535 66 -135 9 9
1 10016 67 -62 -2 3 0 0 0 0 27 -19 -1 449 213 38 73 52 534 645 101 -136 -1 -1
1 10864 74 -88 4 -2 0 0 0 0 40 -24 -6 120 162 N N N N 346 -10 -154 36 36
1 10001 84 -100 -2 1 0 0 0 0 51 -19 -7 541 123 N N N N 553 67 -139 10 10
1 10000 67 -111 3 0 0 0 0 0 58 -12 -11 377 121 N N N N 287 20 -90 13 13
1 10665 74 -125 -2 3 0 0 0 0 67 0 -16 512 140 37 71 53 535 216 1 -86 19 19
1 10747 82 -89 1 -4 0 0 0 0 47 8 -12 259 97 N N N N 118 -33 -90 29 29
1 10002 68 -86 -3 -1 0 0 0 0 43 14 -15 100 62 N N N N 158 -37 -111 35 35
1 9999 74 -80 1 2 0 0 0 0 37 19 -13 113 46 N N N N 20 -47 -67 29 29
1 10017 70 -82 -5 -4 0 0 0 0 34 25 -16 67 37 38 73 50 535 -165 -60 -10 21 21
1 16300 111 -122 2 -119 0 -1423 0 2 44 38 -56 -43 108 N N N N -238 -118 -57 48 48
1 10801 62 -60 7 -4 0 0 0 0 17 27 -3 550 78 N N N N -36 -41 -38 20 20
1 10001 67 -40 -1 1 0 0 0 0 9 19 -2 287 36 N N N N -21 -45 -50 25 25
1 10016 66 -21 -2 -1 0 0 0 0 6 10 -1 10 19 36 70 51 535 162 23 -34 0 0
1 9984 59 -7 4 1 0 0 0 0 1 3 -1 81 31 N N N N 74 -2 -32 8 8
1 9999 63 -5 -1 0 0 0 0 0 0 3 1 172 64 N N N N -37 11 28 -10 -10
1 10000 75 -9 -1 1 0 0 0 0 3 4 -1 135 49 N N N N 207 17 -60 8 8
1 10016 65 -1 0 1 0 0 0 0 0 1 0 543 130 41 72 51 535 -97 -40 -14 15 15
1 9985 44 28 2 0 0 0 0 0 -6 -14 3 649 188 N N N N -70 -37 -19 16 16
1 10000 69 77 1 0 0 0 0 0 -19 -36 5 485 135 N N N N 272 12 -93 16 16
1 9999 53 99 1 1 0 0 0 0 -32 -42 8 219 45 N N N N 274 -6 -115 27 27
1 10017 61 92 -2 -2 0 0 0 0 -36 -34 8 107 34 38 71 48 535 -269 -171 -113 77 77
1 9983 50 79 1 1 0 0 0 0 -35 -24 8 115 23 N N N N -912 -353 -93 128 128
1 10001 46 74 1 -1 0 0 0 0 -35 -19 7 241 39 N N N N -1003 -340 -41 114 114
1 10000 40 62 -3 0 0 0 0 0 -31 -11 8 261 74 N N N N -1143 -367 -22 118 118
1 10016 48 50 1 -3 0 0 0 0 -26 -7 5 342 80 38 67 46 536 -838 -317 -78 116 116
1 9982 37 30 -2 4 0 0 0 0 -16 -4 4 81 113 N N N N -983 -338 -49 117 117
1 10002 52 38 0 -3 0 0 0 0 -20 -3 4 637 98 N N N N -570 -213 -52 79 79
1 9999 31 39 1 2 0 0 0 0 -21 -1 5 347 121 N N N N -246 -95 -27 35 35
1 10016 47 42 -3 1 0 0 0 0 -22 0 6 418 103 40 71 46 536 288 17 -95 15 15
1 9984 40 41 0 -2 0 0 0 0 -22 1 4 427 133 N N N N 339 91 -17 -25 -25
1 10000 51 35 1 1 0 0 0 0 -19 3 5 156 91 N N N N 433 111 -28 -29 -29
1 10000 63 28 4 -1 0 0 0 0 -15 3 3 34 55 N N N N 723 127 -125 -13 -13
1 10016 40 28 -4 -1 0 0 0 0 -14 3 3 27 18 39 67 43 536 635 159 -45 -41 -41
1 9984 57 28 4 1 0 0 0 0 -15 4 4 36 24 N N N N 945 263 -31 -75 -75
1 10001 55 32 -1 1 0 0 0 0 -16 6 3 248 61 N N N N 344 101 -5 -31 -31
1 9999 65 28 1 -2 0 0 0 0 -14 5 3 196 80 N N N N 463 119 -26 -31 -31
1 10016 52 17 1 0 0 0 0 0 -8 4 2 -18 28 39 70 43 536 364 77 -45 -14 -14
1 9984 57 4 -3 2 0 0 0 0 -2 1 1 -49 -2 N N N N 317 77 -24 -19 -19
1 10000 58 3 2 -2 0 0 0 0 -1 1 -1 -22 0 N N N N 417 85 -53 -15 -15
1 10000 64 0 0 -2 0 0 0 0 0 0 1 -83 -25 N N N N 296 107 22 -37 -37
1 13444 78 -24 -13 131 -11 1432 1 -2 14 24 57 -25 -23 41 68 44 537 -92 -33 -7 11 11
1 10850 72 -50 7 -2 0 0 0 0 24 -11 -5 -74 -22 N N N N -284 -111 -31 41 41
1 10001 55 -64 -3 1 0 0 0 0 33 -11 -6 -473 -118 N N N N -370 -94 22 25 25
1 9999 65 -61 3 -1 0 0 0 0 32 -7 -6 -104 -89 N N N N -458 -143 -5 45 45
1 10017 63 -62 -3 4 0 0 0 0 33 -3 -7 -65 -36 41 67 43 537 -1291 -384 7 118 118
1 10747 64 -53 0 -2 0 0 0 0 28 -1 -8 -128 -53 N N N N -1739 -511 21 156 156
1 10002 52 -49 -1 0 0 0 0 0 27 2 -6 -49 -23 N N N N -1665 -474 40 143 143
1 9999 61 -47 2 1 0 0 0 0 24 5 -7 -29 -24 N N N N -1515 -456 3 145 145
1 10015 57 -42 -2 -1 0 0 0 0 22 5 -6 32 -12 37 70 44 538 -1468 -444 1 144 144
1 10455 52 -36 1 -1 0 0 0 0 18 5 -6 81 14 N N N N -1040 -297 26 91 91
1 9998 52 -28 -2 1 0 0 0 0 14 5 -5 123 26 N N N N -963 -288 5 93 93
1 10002 61 -21 1 2 0 0 0 0 10 4 -3 132 35 N N N N -675 -204 1 67 67
1 10663 53 -21 1 -1 0 0 0 0 10 5 -4 85 37 41 69 45 538 -540 -156 10 50 50
1 10455 59 -35 -1 -3 0 0 0 0 16 9 -5 -53 -11 N N N N -188 -84 -39 36 36
1 9374 36 -48 2 4 0 0 0 0 21 13 -8 -43 -19 N N N N -183 -55 1 18 18
1 11060 64 -69 2 -34 1 -209 0 -1 27 19 -23 -1 -12 N N N N -328 -109 -14 40 40
1 9583 49 -42 -1 -92 -1 -1199 0 3 15 10 -38 58 9 40 69 46 538 -577 -190 -23 68 68
1 9982 51 -31 0 2 0 0 0 0 12 12 -2 22 10 N N N N -654 -203 -7 69 69
1 10000 46 -27 0 -1 0 0 0 0 8 12 -2 40 12 N N N N -875 -250 22 80 80
1 10000 34 -30 3 -2 0 0 0 0 9 13 -2 61 20 N N N N -408 -126 -4 43 43
1 10016 60 -24 -3 1 0 0 0 0 7 11 -3 25 17 41 71 42 539 -490 -157 -12 55 55
1 9984 35 -14 -1 1 0 0 0 0 4 6 0 -36 -23 N N N N -267 -86 -8 31 31
1 10001 36 0 1 1 0 0 0 0 0 0 -1 10 -3 N N N N -489 -149 -3 52 52
1 9999 42 3 2 -1 0 0 0 0 -1 -1 1 -3 -6 N N N N -820 -257 -13 90 90
1 10016 61 1 0 0 0 0 0 0 0 -1 0 -38 -10 40 71 41 539 -876 -258 11 86 86
1 9984 33 7 -1 -4 0 0 0 0 -2 -3 1 -13 -6 N N N N -749 -212 22 69 69
1 10000 34 7 1 1 0 0 0 0 -2 -3 -1 -2 -1 N N N N -443 -144 -15 53 53
1 10000 45 0 1 -1 0 0 0 0 0 0 2 -69 -13 N N N N -595 -173 11 58 58
1 10016 41 -24 -4 3 0 0 0 0 6 11 -3 -383 -133 40 69 44 539 -603 -182 1 63 63
1 9984 38 -22 3 0 0 0 0 0 6 10 -1 -217 -101 N N N N -774 -221 21 73 73
1 10000 42 -14 0 1 0 0 0 0 3 7 -1 -19 -25 N N N N -2040 -588 48 198 198
1 10000 43 -11 -1 -2 0 0 0 0 3 5 0 -5 -7 N N N N -2242 -671 14 237 237
1 10016 37 -9 -1 -2 0 0 0 0 1 5 -1 13 -8 37 69 40 540 -2744 -819 21 294 294
1 9984 50 -4 4 1 0 0 0 0 1 2 0 107 20 N N N N -2087 -628 10 230 230
1 10001 34 -5 -1 1 0 0 0 0 1 2 0 205 52 N N N N -1813 -559 -17 213 213
1 9999 42 -1 0 2 0 0 0 0 0 1 1 581 158 N N N N -1514 -454 10 169 169
1 10018 43 -1 -2 0 0 0 0 0 1 0 -1 297 112 39 68 40 540 -946 -321 -63 135 135
1 9982 58 7 1 -1 0 0 0 0 -2 -3 1 230 80 N N N N -179 -101 -86 55 55
1 10001 40 14 0 -1 0 0 0 0 -3 -7 1 73 34 N N N N 327 72 -51 -17 -17
1 9999 44 25 2 -2 0 0 0 0 -6 -12 2 26 17 N N N N 188 35 -39 -6 -6
1 10016 42 34 0 3 0 0 0 0 -8 -16 2 32 14 38 69 41 540 -124 -54 -32 27 27
1 9986 46 26 -1 0 0 0 0 0 -7 -12 1 7 13 N N N N -324 -108 -19 45 45
1 9998 46 27 0 1 0 0 0 0 -8 -12 3 36 10 N N N N -399 -124 -6 49 49
1 10000 51 26 0 -1 0 0 0 0 -8 -11 1 31 14 N N N N -245 -82 -16 35 35
1 10017 31 46 1 -3 0 0 0 0 -16 -19 5 141 38 37 69 41 541 -250 -79 -8 32 32
1 9983 42 55 1 3 0 0 0 0 -21 -21 5 156 47 N N N N -140 -49 -12 21 21
1 10038 48 70 -2 0 0 0 0 0 -29 -23 7 135 37 N N N N -134 -59 -34 29 29
1 10784 39 78 2 1 0 0 0 0 -36 -22 8 187 47 N N N N -152 -66 -39 33 33
1 10016 36 56 1 -1 0 0 0 0 -28 -13 6 57 27 38 66 41 541 -411 -144 -39 64 64
1 9985 45 39 -3 -3 0 0 0 0 -19 -7 5 50 21 N N N N -623 -198 -21 81 81
1 10000 16 39 0 1 0 0 0 0 -20 -5 5 53 19 N N N N -657 -206 -16 83 83
1 9999 40 32 2 0 0 0 0 0 -17 -5 4 108 35 N N N N -488 -154 -15 64 64
1 10017 27 30 -1 2 0 0 0 0 -16 -2 4 84 27 38 70 42 541 -302 -103 -25 45 45
1 9984 46 32 1 -3 0 0 0 0 -17 -2 4 95 33 N N N N -449 -139 -8 56 56
1 9999 38 31 -2 4 0 0 0 0 -17 -1 3 94 31 N N N N -350 -112 -15 47 47
1 10000 40 31 4 -2 0 0 0 0 -17 0 4 264 74 N N N N -185 -69 -27 33 33
1 10017 30 27 -1 -1 0 0 0 0 -14 0 4 112 45 39 69 41 542 34 -3 -26 6 6
1 9983 35 15 -2 2 0 0 0 0 -8 1 1 71 31 N N N N 193 42 -30 -11 -11
1 10002 51 8 2 0 0 0 0 0 -5 0 1 19 16 N N N N 283 70 -29 -22 -22
1 9998 35 10 0 0 0 0 0 0 -5 1 1 -6 0 N N N N 290 85 -3 -33 -33
1 10015 41 22 -2 3 0 0 0 0 -12 2 3 29 0 38 69 43 542 180 47 -13 -16 -16
1 9985 41 39 1 -3 0 0 0 0 -20 4 5 513 146 N N N N -119 -44 -16 21 21
1 10000 42 27 -1 0 0 0 0 0 -14 3 2 28 31 N N N N -350 -124 -39 56 56
1 10000 43 16 3 -1 0 0 0 0 -8 3 3 7 11 N N N N 343 81 -42 -24 -24
1 10016 56 8 0 2 0 0 0 0 -5 1 0 -28 3 40 72 42 542 393 112 -10 -42 -42
1 9984 48 7 -3 -1 0 0 0 0 -3 1 1 8 4 N N N N 404 116 -9 -44 -44
1 10000 41 9 1 1 0 0 0 0 -5 1 1 7 1 N N N N 418 120 -9 -45 -45
1 10000 56 14 2 0 0 0 0 0 -7 3 2 -51 -28 N N N N 242 69 -5 -26 -26
1 10016 50 6 -4 0 0 0 0 0 -3 1 0 -28 -16 40 68 40 542 -199 -56 6 21 21
1 9984 52 5 1 -1 0 0 0 0 -2 1 1 2 -5 N N N N -1088 -326 -4 128 128
1 10001 52 -2 -2 0 0 0 0 0 1 0 -1 -1 -3 N N N N -1641 -493 -8 197 197
1 9999 58 -7 2 0 0 0 0 0 3 -2 0 12 7 N N N N -1520 -450 5 179 179
1 10016 59 -4 3 1 0 0 0 0 2 0 0 18 5 39 68 42 543 -1038 -308 4 123 123
1 9984 55 6 -2 1 0 0 0 0 -3 1 0 81 19 N N N N -882 -264 -4 108 108
1 10000 48 14 2 -6 0 0 0 0 -6 2 2 154 43 N N N N -611 -188 -13 79 79
1 10000 59 8 -1 4 0 0 0 0 -5 2 0 63 24 N N N N -496 -157 -19 68 68
1 17418 109 -11 -10 123 -10 1399 0 -2 8 26 58 55 23 38 67 42 543 -420 -139 -30 63 63
1 10760 61 -30 4 3 0 0 0 0 14 -7 -3 28 7 N N N N -41 -21 -19 12 12
1 10001 72 -32 -5 1 0 0 0 0 17 -5 -2 -6 -8 N N N N -6 -6 -10 4 4
1 10000 55 -18 2 -6 0 0 0 0 10 -3 -1 140 34 N N N N -136 -43 -4 19 19
1 10015 72 -10 -2 5 0 0 0 0 5 -2 -1 461 94 40 68 39 543 -567 -175 -14 74 74
1 10867 71 -14 2 -1 0 0 0 0 7 -1 -1 240 126 N N N N -429 -153 -57 75 75
1 10000 61 -4 1 0 0 0 0 0 2 -1 -1 148 35 N N N N -17 -27 -48 20 20
1 9998 57 -2 -3 -4 0 0 0 0 2 0 0 59 25 N N N N 174 35 -35 -8 -8
1 10018 51 -27 3 5 0 0 0 0 13 -4 -3 -4 0 35 67 42 543 -79 -40 -36 23 23
1 10748 68 -35 0 -1 0 0 0 0 19 -2 -4 -23 -1 N N N N -1005 -303 -11 128 128
1 10000 63 -34 0 1 0 0 0 0 18 -3 -4 5 0 N N N N -1083 -324 -10 137 137
1 10001 51 -26 -1 0 0 0 0 0 14 -1 -4 46 1 N N N N -1057 -314 -3 133 133
1 10016 59 -23 2 -1 0 0 0 0 12 0 -2 196 57 38 69 43 544 -811 -245 -12 106 106
1 10453 59 -28 0 1 0 0 0 0 15 1 -4 -5 6 N N N N -746 -229 -18 101 101
1 9462 57 -28 -3 -3 0 0 0 0 16 0 -4 -41 -21 N N N N -433 -132 -10 59 59
1 10538 59 -37 3 2 0 0 0 0 19 3 -5 14 2 N N N N -440 -130 0 55 55
1 10015 54 -40 0 0 0 0 0 0 20 4 -7 17 7 40 70 41 544 -1158 -346 -10 152 152
1 10457 52 -50 0 2 0 0 0 0 26 7 -7 36 8 N N N N -891 -262 5 112 112
1 10000 59 -46 0 0 0 0 0 0 23 8 -7 7 10 N N N N -665 -203 -17 92 92
1 10000 55 -44 0 -3 0 0 0 0 21 9 -8 39 12 N N N N -614 -184 -8 82 82
1 10016 54 -45 3 3 0 0 0 0 20 12 -6 8 3 40 77 40 544 -387 -118 -8 53 53
1 32498 164 -108 15 -128 35 -1400 0 2 44 24 -58 -163 -60 N N N N -961 -280 9 123 123
1 40777 171 -70 8 3 0 0 0 0 25 28 -1 -12 -12 N N N N -2934 -857 25 380 380
1 40003 173 -56 1 1 0 0 0 0 17 24 -4 105 31 N N N N -1401 -418 -10 191 191
1 40000 176 -119 1 -2 0 0 0 0 29 57 -6 178 48 N N N N -229 -81 -37 44 44
1 39997 199 -132 0 -1 0 0 0 0 17 68 -5 197 66 N N N N 641 172 -48 -70 -70
1 40001 188 3473 -3 1 0 0 0 0 0 67 -1 243 74 N N N N 583 154 -49 -62 -62
1 40000 233 -82 0 -2 0 0 0 0 -8 43 1 90 32 N N N N 466 123 -38 -49 -49
1 40017 204 -88 3 3 0 0 0 0 -16 44 2 217 68 39 73 43 546 306 77 -35 -29 -29
1 39983 232 -67 -2 -2 0 0 0 0 -16 32 2 194 66 N N N N 1843 527 -38 -230 -230
1 45473 246 111 -1 -120 0 -1356 -1 -2 25 -58 16 248 74 N N N N 2685 774 -39 -335 -335
1 40000 243 -3404 1 2 0 0 0 0 17 -100 -23 134 52 N N N N 2819 807 -47 -342 -342
1 40000 215 228 -1 0 0 0 0 0 -27 -116 -18 97 35 N N N N 1705 486 -32 -202 -202
1 40999 223 260 2 0 0 0 0 0 -86 -111 -3 -2 -20 N N N N -1009 -299 -9 129 129
1 44588 219 183 -2 121 -5 1369 0 2 -85 -47 65 59 23 N N N N -3245 -956 -12 416 416
1 40001 183 65 -1 2 0 0 0 0 -33 -11 7 47 10 N N N N -406 -121 -7 54 54
1 40015 197 51 -1 -2 0 0 0 0 -27 -6 6 184 46 39 71 43 547 777 222 -14 -94 -94
1 39985 202 40 2 -1 0 0 0 0 -22 -3 3 146 50 N N N N 2838 813 -41 -344 -344
1 39999 195 13 2 2 0 0 0 0 -7 -1 3 325 96 N N N N 1210 338 -36 -138 -138
1 40001 208 63 -4 -3 0 0 0 0 -34 0 5 563 178 N N N N 3495 971 -111 -387 -387
1 39999 171 17 0 1 0 0 0 0 -9 0 3 124 53 N N N N 7866 2265 -53 -907 -907
1 40000 195 17 1 0 0 0 0 0 -9 1 2 123 39 N N N N 3941 1131 -30 -436 -436
1 42881 267 -102 -72 126 -103 1394 -2 -2 63 20 44 51 20 N N N N 1443 404 -28 -150 -150
1 40000 301 -194 0 -5 0 0 0 0 99 19 -36 129 40 N N N N 512 139 -19 -49 -49
1 40016 291 -167 -1 5 0 0 0 0 73 42 -34 195 60 38 70 43 548 2199 621 -31 -229 -229
1 45810 283 -52 48 -124 57 -1409 0 2 19 12 -36 116 44 N N N N -130 -56 -34 28 28
1 40000 236 135 -4 -2 0 0 0 0 -55 -45 15 308 82 N N N N -1524 -457 -25 178 178
1 39999 233 139 3 1 0 0 0 0 -68 -33 16 213 70 N N N N -5062 -1497 -58 589 589
1 40001 223 111 1 1 0 0 0 0 -58 -14 14 650 194 N N N N -920 -322 -107 147 147
1 40000 238 41 -1 0 0 0 0 0 -22 -2 5 137 55 N N N N 1500 406 -53 -150 -150
1 40000 233 51 -1 -2 0 0 0 0 -27 -1 7 266 84 N N N N 1414 382 -49 -139 -139
1 40000 225 -6 1 1 0 0 0 0 3 0 0 48 21 N N N N 2767 779 -33 -293 -293
1 40017 228 31 1 1 0 0 0 0 -17 1 3 35 12 38 71 43 549 1171 332 -9 -124 -124
1 45747 286 -105 -8 123 -8 1404 -2 -2 58 22 47 50 14 N N N N 201 49 -17 -15 -15
1 40000 257 -250 1 -1 0 0 0 0 126 36 -40 86 20 N N N N -409 -128 -19 52 52
1 41999 273 -195 0 -125 0 -1396 0 2 78 55 -73 255 85 N N N N 721 185 -40 -62 -62
1 40000 266 -1 -2 1 0 0 0 0 0 1 -1 26 7 N N N N 1364 384 -13 -142 -142
1 40000 261 64 4 2 0 0 0 0 -23 -26 6 23 6 N N N N 301 82 -8 -29 -29
1 40000 277 92 -1 -1 0 0 0 0 -38 -31 10 53 12 N N N N -126 -41 -8 17 17
1 40000 281 124 0 0 0 0 0 0 -58 -33 14 94 25 N N N N -312 -98 -15 40 40
1 40016 290 15 1 -1 0 0 0 0 -8 -3 2 131 32 38 73 41 550 -447 -139 -19 55 55
1 39984 282 -161 -3 2 0 0 0 0 76 42 -18 86 29 N N N N -1436 -426 -26 166 166
1 40001 306 -155 0 -4 0 0 0 0 58 60 -15 98 24 N N N N -1430 -418 -14 162 162
1 40000 285 -99 1 1 0 0 -1 0 28 44 -8 332 99 N N N N -250 -98 -49 47 47
1 39999 304 51 1 2 0 0 0 0 -14 -23 5 219 73 N N N N -122 -62 -50 34 34
1 40001 303 95 1 -1 0 0 0 0 -30 -41 7 268 84 N N N N 87 -1 -47 9 9
1 40000 307 76 2 2 0 0 0 0 -29 -29 8 215 66 N N N N -65 -41 -42 24 24
1 40000 295 16 -4 -2 0 0 0 0 -6 -5 2 55 20 N N N N 366 86 -34 -26 -26
1 40015 306 7 3 -1 0 0 0 0 -4 -2 1 31 9 38 72 43 551 356 94 -12 -34 -34
1 39984 314 124 -1 -1 0 0 0 0 -56 -36 13 242 73 N N N N 113 15 -33 1 1
1 40002 298 94 -1 4 0 0 0 0 -47 -19 11 112 32 N N N N -418 -134 -25 56 56
1 43646 354 -116 -8 125 -11 1399 -1 -2 59 38 40 54 20 N N N N -453 -142 -26 60 60
1 43529 348 -209 2 -126 1 -1402 -1 2 86 56 -79 642 184 N N N N -502 -180 -68 82 82
1 40000 322 -155 0 0 0 0 0 0 45 69 -12 316 104 N N N N -1649 -509 -76 212 212
1 40000 308 -22 -1 -1 0 0 0 0 5 11 -2 233 79 N N N N -814 -264 -64 115 115
1 40000 291 -40 2 0 0 0 0 0 7 20 -2 78 29 N N N N -298 -100 -30 45 45
1 40017 301 -4 0 -2 0 0 0 0 1 2 0 22 9 37 71 43 552 -139 -44 -10 19 19
1 39985 290 -6 -3 -2 0 0 0 0 1 3 0 68 20 N N N N -172 -55 -12 24 24
1 39999 294 -18 2 4 0 0 0 0 3 9 -1 94 26 N N N N -534 -162 -20 67 67
1 39999 289 -17 0 -1 0 0 0 0 2 9 -1 45 12 N N N N -559 -162 -9 66 66
1 40000 299 -66 2 0 0 0 0 0 7 34 -3 167 48 N N N N -92 -36 -20 18 18
1 44120 347 145 -2 -123 -1 -1384 -2 -2 -20 -71 -18 627 168 N N N N 1078 273 -60 -96 -96
1 40751 327 357 -2 26 0 209 1 -1 -122 -148 14 387 132 N N N N 511 81 -123 -9 -9
1 39481 302 205 -2 94 -8 1169 -1 3 -101 -39 69 200 73 N N N N -322 -113 -42 53 53
1 40018 309 135 -1 1 0 0 0 0 -72 -6 19 150 51 37 67 43 552 484 118 -36 -40 -40
1 39983 312 161 2 4 0 0 0 0 -85 14 23 233 72 N N N N 822 207 -44 -73 -73
1 40001 302 175 1 -2 0 0 0 0 -83 41 21 194 60 N N N N 303 66 -36 -18 -18
1 39999 285 160 -2 -1 0 0 0 0 -61 57 15 140 44 N N N N 65 -1 -36 7 7
1 39998 284 91 0 3 0 0 0 0 -28 39 8 31 14 N N N N 261 63 -19 -21 -21
1 40001 280 60 -1 -3 0 0 0 0 -14 28 2 104 28 N N N N 202 50 -12 -17 -17
1 40002 288 60 1 2 0 0 0 0 -12 29 3 122 38 N N N N 393 97 -26 -33 -33
1 44059 307 -88 -11 122 -10 1402 -1 -2 22 -8 25 86 22 N N N N 260 63 -18 -20 -20
1 40369 288 -232 4 1 0 0 0 0 74 -97 1 80 26 38 71 43 553 236 54 -21 -17 -17
1 40985 302 -243 3 2 0 0 0 0 113 -64 -16 31 7 N N N N 129 31 -9 -11 -11
1 39647 278 -268 -3 -1 0 0 0 0 142 -15 -37 189 48 N N N N 141 30 -18 -8 -8
1 40587 282 -293 -1 1 0 0 0 0 140 55 -54 306 95 N N N N 172 17 -59 5 5
1 41766 256 -124 24 -123 32 -1407 -2 2 45 39 -51 130 50 N N N N 155 26 -31 -4 -4
1 39998 239 -56 1 -1 0 0 0 0 17 25 -4 129 42 N N N N 227 49 -25 -14 -14
1 40001 229 3 0 -1 0 0 0 0 0 -2 0 226 64 N N N N 601 149 -34 -51 -51
1 40000 227 71 0 1 0 0 0 0 -23 -30 6 495 149 N N N N 1450 363 -74 -124 -124
1 39999 249 15 1 1 0 0 0 0 -5 -7 2 217 73 N N N N 2034 529 -61 -189 -189
1 40002 244 22 0 0 0 0 0 0 -8 -8 2 34 15 N N N N -614 -184 -25 75 75
1 39998 237 2 -1 -1 0 0 0 0 -1 -1 0 153 45 N N N N 207 46 -20 -14 -14
1 40001 246 -45 1 1 0 0 0 0 16 18 -4 213 66 N N N N 1920 512 -35 -185 -185
1 40001 248 -104 -1 -1 0 0 -1 0 31 46 -9 87 28 N N N N 1482 393 -29 -140 -140
1 39998 247 -106 1 2 0 0 0 0 23 52 -6 207 57 N N N N 851 221 -24 -77 -77
1 40001 246 -31 -2 -2 0 0 0 0 4 16 -2 134 42 N N N N 165 26 -33 -3 -3
1 40000 240 47 1 0 0 0 0 0 -7 -24 4 113 37 N N N N 168 28 -30 -5 -5
1 40000 234 42 2 1 0 0 0 0 -8 -21 2 144 42 N N N N 418 103 -21 -33 -33
1 40000 247 -62 -2 -1 0 0 0 0 11 31 -4 129 37 N N N N 541 135 -24 -45 -45
1 40001 238 -57 4 1 0 0 0 0 8 29 -3 80 29 N N N N -556 -168 -24 66 66
1 39999 243 17 -1 0 0 0 0 0 -1 -9 1 27 5 N N N N -1349 -377 -10 141 141
1 46000 262 188 -5 -122 1 -1359 0 -2 -40 -90 -25 67 14 N N N N -1392 -389 -9 146 146
1 40565 233 281 -1 120 -6 1377 -1 2 -109 -104 61 162 38 N N N N -5118 -1422 -23 543 543
1 40843 241 202 0 2 0 0 0 0 -103 -35 26 297 89 N N N N -8217 -2283 -44 905 905
1 40000 222 150 -1 0 0 0 0 0 -80 -3 20 104 34 N N N N -7166 -1985 -35 823 823
1 40000 240 109 -2 -3 0 0 0 0 -57 11 14 35 11 N N N N -3760 -1039 -14 444 444
1 40001 242 81 3 0 0 0 0 0 -41 15 8 21 7 N N N N -1923 -531 -7 230 230
1 40000 249 151 0 1 0 0 0 0 -69 41 16 113 30 N N N N -1296 -362 -15 161 161
1 39999 241 89 2 0 0 0 0 0 -34 33 8 55 14 N N N N -2208 -611 -14 272 272
1 40001 253 16 -1 0 0 0 0 0 -6 6 1 40 13 N N N N -1563 -432 -9 194 194
1 40001 257 -98 -4 -1 0 0 0 0 38 -36 -9 208 52 N N N N -1349 -375 -14 171 171
1 44943 321 -256 -1 123 -10 1385 -2 -2 122 -35 33 175 53 N N N N -3047 -853 -50 397 397
1 40000 282 -298 -1 2 0 0 0 0 158 -8 -39 72 21 N N N N -2069 -573 -21 270 270
1 40513 274 -300 1 -30 0 -207 0 -1 138 67 -61 75 21 N N N N -1470 -407 -13 192 192
1 39488 284 -183 -2 -92 0 -1182 0 3 58 72 -51 131 36 N N N N -1354 -376 -19 181 181
1 39999 266 -153 0 0 0 0 0 0 27 77 -8 262 72 N N N N -1908 -533 -35 260 260
1 40000 256 -104 0 0 0 0 0 0 6 55 -3 236 73 N N N N -2811 -782 -50 387 387
1 39999 265 42 2 0 0 0 0 0 -2 -22 2 322 92 N N N N -2586 -717 -44 360 360
1 40001 270 64 0 -3 0 0 0 0 -4 -34 2 521 153 N N N N -2470 -693 -78 359 359
1 40000 271 108 -1 1 0 0 0 0 -17 -55 6 406 126 N N N N -2867 -800 -91 421 421
1 40000 255 41 -1 -1 0 0 0 0 -9 -20 2 135 49 N N N N -2028 -562 -48 297 297
1 40001 276 55 1 1 0 0 0 0 -15 -25 4 215 60 N N N N -1255 -346 -29 185 185
1 39999 246 52 -1 3 0 0 -1 0 -16 -23 5 261 79 N N N N -987 -277 -49 153 153
1 40001 269 63 1 -3 0 0 0 0 -22 -25 6 279 82 N N N N -1119 -311 -45 171 171
1 39998 259 -8 -1 -1 0 0 0 0 3 3 -1 299 88 N N N N -842 -238 -53 133 133
1 40002 248 -63 3 2 0 0 0 0 22 25 -6 152 49 N N N N -599 -168 -39 96 96
1 39998 249 -38 0 3 0 0 0 0 11 17 -3 421 119 N N N N -228 -73 -63 47 47
1 40001 238 1 0 -8 0 0 0 0 0 0 0 166 56 N N N N 154 33 -47 -12 -12
1 40000 257 16 -3 5 0 0 0 0 -5 -7 1 226 66 N N N N 91 18 -36 -5 -5
1 40000 236 -21 5 0 0 0 0 0 6 9 -1 515 145 N N N N 199 42 -60 -15 -15
1 40000 236 -118 -4 -2 0 0 -2 0 29 56 -8 264 89 N N N N 1092 277 -89 -137 -137
1 40001 230 20 2 5 0 0 0 0 -4 -10 1 484 137 N N N N 690 174 -55 -85 -85
1 40000 239 17 0 -3 0 0 0 0 -4 -8 1 35 25 N N N N 577 144 -52 -69 -69
1 39997 249 -13 1 4 0 0 0 0 3 6 -1 216 59 N N N N 133 32 -16 -15 -15
1 40002 251 -16 -3 -3 0 0 0 0 3 8 0 74 29 N N N N 299 73 -35 -34 -34
1 40000 258 2 2 -1 0 0 0 0 0 -1 1 89 24 N N N N 218 55 -18 -26 -26
1 40001 258 -8 -2 2 0 0 0 0 2 4 -2 35 11 N N N N 248 63 -13 -32 -32
1 39999 262 8 1 -4 0 0 0 0 -2 -4 1 22 5 N N N N 123 31 -8 -15 -15
1 44411 284 162 -3 -122 0 -1387 -1 -2 -44 -72 -30 9 2 N N N N 29 7 -4 -3 -3
1 41999 298 214 -5 124 -9 1388 0 2 -85 -78 61 15 1 N N N N -46 -13 -4 7 7
1 40001 255 103 3 -3 0 0 0 0 -50 -24 13 23 5 N N N N 31 8 -2 -4 -4
1 39999 250 2 1 2 0 0 0 0 -1 -1 0 152 38 N N N N 63 15 -11 -6 -6
1 39999 257 -144 -3 -2 0 0 0 0 69 36 -17 161 46 N N N N 290 70 -35 -32 -32
1 40001 249 -85 1 0 0 0 0 0 35 29 -9 9 8 N N N N 313 81 -12 -40 -40
1 40001 247 -55 0 4 0 0 0 0 21 21 -6 31 8 N N N N 60 15 -5 -8 -8
1 39999 260 -128 -2 1 0 0 0 0 38 56 -11 223 61 N N N N 235 56 -30 -25 -25
1 40000 254 -101 3 -2 0 0 0 0 22 49 -7 364 98 N N N N 507 124 -48 -58 -58
1 40000 244 -70 -2 1 0 0 0 0 11 36 -2 229 70 N N N N 750 189 -48 -91 -91
1 45883 311 190 -3 -124 0 -1382 -1 -2 -37 -91 -24 82 29 N N N N 659 168 -32 -82 -82
1 40530 271 233 0 47 -1 218 1 0 -84 -96 22 42 12 N N N N 429 111 -11 -55 -55
1 39470 233 119 24 77 27 1157 -1 2 -56 -31 54 58 17 N N N N 154 38 -10 -19 -19
1 40000 232 25 1 -6 0 0 0 0 -12 -5 3 253 64 N N N N 271 67 -24 -30 -30
1 40000 242 -76 -1 2 0 0 0 0 37 17 -9 249 77 N N N N 708 177 -44 -85 -85
1 40001 230 -34 0 2 0 0 0 0 16 10 -3 151 47 N N N N 783 198 -37 -95 -95
1 39999 256 32 1 0 0 0 0 0 -15 -9 3 9 8 N N N N 628 162 -17 -79 -79
1 40000 231 47 0 1 0 0 0 0 -23 -12 5 101 28 N N N N 453 117 -12 -57 -57
1 40000 256 -30 -2 -1 0 0 0 0 15 7 -4 399 105 N N N N 914 230 -45 -109 -109
1 40001 239 32 1 -1 0 0 0 0 -16 -7 4 240 72 N N N N 1187 300 -49 -142 -142
1 40000 244 -24 0 0 0 0 -1 0 12 6 -2 439 126 N N N N 2163 551 -69 -261 -261
1 39999 237 -45 -2 0 0 0 0 0 21 12 -5 132 50 N N N N 2425 623 -52 -294 -294
1 40000 242 -42 3 1 0 0 0 0 19 12 -4 71 22 N N N N 1491 387 -17 -183 -183
1 40000 240 24 -3 -1 0 0 0 0 -10 -7 3 109 34 N N N N 1233 318 -19 -148 -148
1 40000 242 55 4 0 0 0 0 0 -27 -15 5 401 101 N N N N 1139 286 -41 -128 -128
1 40001 236 68 1 3 0 0 0 0 -33 -16 8 212 71 N N N N 2022 511 -57 -231 -231
1 39999 253 12 -1 -4 0 0 0 0 -6 -2 1 129 39 N N N N 1628 418 -23 -189 -189
1 40000 239 -12 0 4 0 0 0 0 6 2 -1 131 41 N N N N 1551 396 -28 -177 -177
1 40000 268 8 0 -2 0 0 -1 0 -4 -1 1 141 39 N N N N 2270 585 -25 -260 -260
1 40000 237 3 1 3 0 0 0 0 -2 -1 0 131 42 N N N N 1827 467 -28 -205 -205
1 40000 230 0 1 -3 0 0 0 0 0 0 0 186 50 N N N N 2498 641 -27 -279 -279
1 40000 264 -13 -3 1 0 0 0 0 7 3 -1 203 55 N N N N 2316 594 -26 -254 -254
1 40000 225 47 1 -1 0 0 0 0 -24 -9 5 126 42 N N N N 1644 413 -37 -172 -172
1 40000 230 45 1 1 0 0 0 0 -24 -6 6 19 9 N N N N 791 199 -16 -83 -83
1 40000 238 15 2 -2 0 0 0 0 -8 -1 1 14 2 N N N N 29 7 -3 -2 -2
1 40001 244 2 -3 2 0 0 0 0 -1 -1 0 93 19 N N N N -405 -108 -4 47 47
1 45940 284 -166 -8 122 -8 1404 0 -2 86 46 36 358 97 N N N N 515 114 -48 -41 -41
1 40735 281 -206 0 -121 0 -1402 -1 2 88 50 -78 96 34 N N N N 816 197 -38 -77 -77
1 40794 251 -123 1 -2 0 0 0 0 39 53 -9 82 23 N N N N 281 67 -12 -27 -27
1 40002 251 -53 1 2 0 0 0 0 14 25 -3 198 57 N N N N -345 -101 -27 48 48
1 39999 235 -8 0 -5 0 0 0 0 1 4 0 45 14 N N N N -503 -140 -22 63 63
1 40001 259 37 1 6 0 0 0 0 -8 -18 2 50 14 N N N N -311 -84 -8 37 37
1 39998 268 -30 2 -1 0 0 0 0 7 14 -2 156 43 N N N N 479 114 -25 -44 -44
1 40001 245 11 0 1 0 0 0 0 -3 -5 1 72 20 N N N N 98 20 -13 -6 -6
1 39999 264 40 -2 2 0 0 0 0 -9 -19 3 151 40 N N N N -208 -64 -22 31 31
1 40002 248 26 1 -3 0 0 0 0 -8 -12 2 40 13 N N N N -271 -76 -16 35 35
1 39998 270 14 1 -2 0 0 -1 0 -4 -6 1 10 3 N N N N -107 -30 -5 13 13
1 40001 259 6 1 2 0 0 0 0 -2 -3 -1 53 11 N N N N -31 -10 -5 6 6
1 40001 257 -63 -3 -2 0 0 0 0 18 29 -4 66 20 N N N N -173 -51 -15 24 24
1 39998 254 -59 0 0 0 0 0 0 13 29 -3 44 12 N N N N 109 25 -8 -9 -9
1 40002 259 -51 1 -1 0 0 0 0 10 25 -3 22 4 N N N N -60 -18 -5 8 8
1 39999 240 -93 -4 5 0 0 0 0 10 49 -3 75 16 N N N N 76 17 -7 -6 -6
1 40000 249 3502 1 -2 0 0 0 0 3 52 -1 131 31 N N N N 30 1 -15 2 2
1 40000 258 -11 1 1 0 0 0 0 -1 6 0 113 37 N N N N 144 26 -28 -6 -6
1 44530 290 -3415 -5 -122 0 -1376 0 -2 -10 -96 -16 138 38 N N N N 1347 337 -25 -139 -139
1 39999 250 203 1 -3 0 0 0 0 -47 -98 -8 18 5 N N N N 323 79 -8 -33 -33
1 41179 256 218 -3 123 -7 1381 -1 2 -85 -81 58 30 11 N N N N 143 35 -6 -13 -13
1 40821 258 92 1 1 0 0 0 0 -44 -24 10 37 7 N N N N 83 18 -7 -7 -7
1 40001 246 10 1 -3 0 0 0 0 -5 -1 2 82 21 N N N N 168 39 -11 -14 -14
1 39999 250 29 1 3 0 0 0 0 -15 -6 4 80 20 N N N N 380 92 -13 -37 -37
1 39999 255 31 0 0 0 0 0 0 -16 -5 4 75 22 N N N N 596 148 -13 -60 -60
1 40001 234 9 4 -1 0 0 0 0 -5 -2 1 142 36 N N N N 1082 272 -16 -110 -110
1 40000 255 48 -2 -1 0 0 0 0 -25 -6 6 140 41 N N N N 1434 355 -30 -143 -143
1 40000 252 48 -1 2 0 0 0 0 -26 -3 6 78 23 N N N N 485 117 -18 -45 -45
1 40000 244 38 1 -1 0 0 0 0 -20 -2 5 186 50 N N N N 487 116 -19 -45 -45
1 44530 292 -83 -9 124 -10 1395 -1 -2 46 25 50 127 35 N N N N 1229 301 -34 -117 -117
1 40001 255 -167 -1 -1 0 0 0 0 85 23 -27 86 22 N N N N -463 -126 -14 54 54
1 42601 276 -193 1 -26 0 -207 -4 -1 83 53 -43 76 22 N N N N 317 74 -17 -28 -28
1 37397 233 -95 0 -97 0 -1199 3 3 32 34 -42 37 12 N N N N 230 54 -10 -20 -20
1 40000 252 -63 1 -2 0 0 0 0 17 29 -5 115 28 N N N N -210 -59 -11 26 26
1 40002 236 -35 1 2 0 0 0 0 8 17 -2 50 14 N N N N -573 -154 -14 66 66
1 39999 260 -5 0 -2 0 0 0 0 2 2 0 156 40 N N N N -293 -83 -17 37 37
1 40000 250 9 -1 3 0 0 0 0 -2 -4 1 168 48 N N N N 171 30 -29 -8 -8
1 40000 262 14 0 -2 0 0 0 0 -3 -7 0 157 47 N N N N 579 134 -33 -49 -49
1 40000 250 -63 0 3 0 0 0 0 13 31 -4 64 19 N N N N 477 114 -16 -44 -44
1 40000 264 -32 1 -5 0 0 0 0 5 16 -1 92 23 N N N N 36 3 -14 2 2
1 44470 303 139 -7 -124 0 -1374 -1 -2 -30 -65 -27 185 45 N N N N 59 4 -23 2 2
1 40000 274 215 1 5 0 0 0 0 -76 -89 1 77 23 N N N N 68 6 -23 1 1
1 45237 275 113 24 121 24 1381 0 2 -53 -32 71 60 19 N N N N 434 105 -13 -40 -40
1 39998 234 51 0 -1 0 0 0 0 -25 -11 6 69 17 N N N N 142 31 -10 -11 -11
1 40001 233 80 0 0 0 0 0 0 -42 -13 8 201 50 N N N N 232 51 -19 -17 -17
1 40000 232 94 -2 2 0 0 0 0 -50 -9 11 208 62 N N N N -10 -24 -45 17 17
1 40001 237 5 2 -1 0 0 0 0 -3 0 1 31 12 N N N N -305 -86 -16 38 38
1 39999 234 -44 -1 -2 0 0 0 0 24 3 -5 1 2 N N N N -355 -93 -6 39 39
1 39999 228 -24 -1 2 0 0 0 0 13 2 -3 8 2 N N N N -168 -44 -3 19 19
1 40001 237 -21 0 1 0 0 0 0 11 3 -2 45 8 N N N N -104 -29 -5 12 12
1 43586 273 -164 -5 125 -8 1406 0 -2 84 46 36 177 42 N N N N 148 29 -18 -9 -9
1 41589 266 -208 2 -125 0 -1422 -1 2 87 55 -76 66 21 N N N N 242 51 -22 -17 -17
1 40000 233 -88 -1 0 0 0 0 0 28 38 -7 16 7 N N N N -44 -13 -5 7 7
1 40002 264 -61 0 -2 0 0 0 0 15 29 -4 40 10 N N N N 67 14 -6 -5 -5
1 39999 245 -23 0 3 0 0 0 0 5 11 -1 24 4 N N N N -3 -3 -6 2 2
1 40000 248 -18 1 -1 0 0 0 0 4 9 -1 60 12 N N N N 107 24 -5 -9 -9
1 40000 245 -41 -2 -5 0 0 0 0 7 21 -2 89 23 N N N N -94 -30 -14 15 15
1 40000 247 -28 2 2 0 0 0 0 4 14 -1 89 27 N N N N 16 -5 -18 5 5
1 39999 249 -11 0 3 0 0 0 0 2 6 0 159 35 N N N N 239 56 -10 -21 -21
1 40001 274 -31 1 -2 0 0 0 0 3 16 -1 226 61 N N N N 207 36 -35 -8 -8
1 45237 291 153 -6 -121 0 -1370 0 -2 -25 -76 -24 123 40 N N N N -143 -54 -37 28 28
1 39999 274 207 -2 1 0 0 0 0 -65 -91 -3 88 23 N N N N 34 0 -18 3 3
1 41764 272 106 2 123 -7 1394 0 2 -45 -35 59 163 43 N N N N -71 -25 -16 13 13
1 39999 256 39 -2 -3 0 0 0 0 -18 -11 4 145 41 N N N N -207 -69 -34 34 34
1 40000 264 57 1 2 0 0 0 0 -28 -14 6 43 14 N N N N -292 -80 -13 35 35
1 40000 256 16 -1 -1 0 0 0 0 -8 -3 2 15 4 N N N N -212 -56 -6 24 24
1 40000 263 -50 -1 2 0 0 0 0 25 11 -6 9 1 N N N N -71 -20 -3 9 9
1 40000 257 -69 2 2 0 0 0 0 32 19 -6 7 2 N N N N -19 -6 -2 2 2
1 40000 267 -24 0 -4 0 0 0 0 11 7 -3 87 17 N N N N -117 -32 -6 15 15
1 40001 255 115 -2 -1 0 0 0 0 -54 -31 11 116 31 N N N N -142 -45 -20 22 22
1 40002 253 50 2 2 0 0 -1 0 -25 -10 7 126 30 N N N N -190 -56 -16 25 25
1 39998 273 -44 2 1 0 0 0 0 22 9 -5 221 58 N N N N -251 -76 -27 36 36
1 39999 235 55 -3 1 0 0 0 0 -28 -11 6 199 58 N N N N 255 44 -45 -10 -10
1 40000 249 49 2 -2 0 0 0 0 -25 -8 6 156 42 N N N N 210 42 -22 -14 -14
1 40000 252 43 -2 1 0 0 0 0 -23 -4 6 72 24 N N N N -39 -21 -24 13 13
1 40001 259 56 5 -2 0 0 0 0 -30 -5 7 120 31 N N N N -148 -45 -17 22 22
1 40000 252 26 -5 1 0 0 0 0 -14 0 3 70 19 N N N N -117 -37 -17 18 18
1 39999 248 -42 6 1 0 0 0 0 22 2 -5 41 12 N N N N -81 -24 -8 11 11
1 43707 318 -122 -10 123 -9 1390 -1 -2 66 31 43 21 4 N N N N 21 1 -8 1 1
1 39999 262 -179 -1 0 0 0 0 0 86 37 -30 2 0 N N N N 10 2 -3 0 0
1 42294 286 -141 3 -122 0 -1404 0 2 56 39 -64 37 8 N N N N -28 -9 -2 3 3
1 40000 258 -40 -2 -4 0 0 0 0 13 17 -4 61 13 N N N N 45 7 -11 0 0
1 40001 257 3 -1 1 0 0 0 0 -1 -1 0 10 3 N N N N 48 10 -4 -4 -4
1 40000 265 13 2 -1 0 0 0 0 -4 -6 2 53 13 N N N N -60 -18 -6 9 9
1 40000 260 32 -1 3 0 0 0 0 -11 -13 2 42 8 N N N N 7 -2 -8 2 2
1 39999 253 23 2 0 0 0 0 0 -9 -9 3 41 12 N N N N -9 -6 -7 3 3
1 40000 259 -29 0 -1 0 0 0 0 11 11 -3 43 10 N N N N 63 12 -8 -3 -3
1 40000 251 -35 -2 2 0 0 0 0 12 15 -3 67 14 N N N N -23 -10 -9 5 5
1 40002 241 -56 -1 -4 0 0 -1 0 17 25 -5 111 28 N N N N -29 -14 -16 9 9
1 39998 248 -101 2 2 0 0 0 0 24 48 -7 177 46 N N N N -77 -30 -24 17 17
1 40000 229 -38 2 1 0 0 0 0 7 19 -1 133 38 N N N N 51 1 -24 3 3
1 40000 249 60 -5 0 0 0 0 0 -11 -30 3 76 20 N N N N -107 -36 -20 19 19
1 40000 247 33 5 -1 0 0 0 0 -8 -16 3 22 7 N N N N -99 -28 -6 12 12
1 40000 238 30 -4 -1 0 0 0 0 -7 -14 1 101 23 N N N N 3 -4 -10 3 3
1 40001 245 56 3 2 0 0 0 0 -17 -25 5 78 22 N N N N 301 68 -18 -24 -24
1 39999 256 84 2 0 0 0 0 0 -29 -35 7 219 56 N N N N 277 59 -21 -21 -21
1 40000 247 3 1 -1 0 0 0 0 -1 -1 1 58 18 N N N N 47 0 -26 4 4
1 40000 260 21 -3 1 0 0 0 0 -8 -8 2 26 10 N N N N 14 -1 -9 2 2
1 40000 263 8 1 -4 0 0 0 0 -3 -3 1 52 11 N N N N 89 20 -5 -7 -7
1 39999 271 -78 -4 1 0 0 0 0 29 31 -8 80 20 N N N N 320 75 -11 -29 -29
1 40001 266 -105 4 0 0 0 0 0 31 46 -8 115 30 N N N N 1256 306 -17 -121 -121
1 40000 266 -60 0 2 0 0 0 0 14 29 -4 29 9 N N N N 1790 441 -12 -177 -177
1 40001 265 -63 -1 -1 0 0 0 0 11 32 -3 27 5 N N N N 263 63 -7 -24 -24
1 40000 281 -51 2 -1 0 0 0 0 7 26 -2 20 3 N N N N -1010 -254 -3 103 103
1 44060 323 102 -8 -122 0 -1383 -1 -2 -16 -49 -22 62 12 N N N N -559 -143 -7 59 59
1 40236 294 232 0 0 0 0 0 0 -68 -105 -4 104 29 N N N N 664 157 -18 -60 -60
1 40350 278 175 26 120 25 1393 0 2 -76 -57 71 41 11 N N N N 415 98 -10 -38 -38
1 39999 262 61 -2 4 0 0 0 0 -30 -14 7 45 11 N N N N 209 50 -5 -20 -20
1 40000 242 45 0 2 0 0 0 0 -24 -8 4 168 39 N N N N 616 144 -20 -54 -54
1 40000 259 5 -1 -3 0 0 0 0 -2 -1 1 31 13 N N N N 92 16 -15 -4 -4
1 40002 247 -1 3 2 0 0 0 0 0 1 0 57 12 N N N N 188 42 -9 -15 -15
1 39998 281 38 0 -1 0 0 0 0 -20 -6 4 99 24 N N N N 251 56 -14 -20 -20
1 39999 260 34 -1 -1 0 0 0 0 -18 -4 3 44 12 N N N N -143 -41 -11 18 18
1 40003 271 35 -1 1 0 0 0 0 -19 -2 5 125 32 N N N N 399 92 -15 -34 -34
1 44529 310 -139 -4 125 -8 1398 -1 -2 75 34 43 118 31 N N N N 1395 336 -22 -130 -130
1 40495 289 -258 0 -32 1 -218 1 -1 117 64 -51 28 9 N N N N 62 10 -11 -2 -2
1 39507 288 -127 -2 -91 -1 -1188 -2 3 42 47 -44 34 8 N N N N 26 3 -5 0 0
1 39998 271 -89 -1 -2 0 0 0 0 21 43 -6 36 6 N N N N -279 -72 -6 29 29
1 39999 277 -23 3 1 0 0 0 0 5 11 -1 196 45 N N N N -597 -158 -19 67 67
1 40001 280 32 0 0 0 0 0 0 -6 -16 2 126 36 N N N N -847 -224 -27 94 94
1 39999 273 0 0 0 0 0 0 0 0 0 0 130 34 N N N N -481 -129 -20 55 55
1 40000 293 -52 -2 -1 0 0 0 0 10 26 -2 122 31 N N N N -275 -78 -20 35 35
1 40000 252 18 0 1 0 0 0 0 -3 -9 1 114 31 N N N N -39 -21 -22 12 12
1 40000 278 24 2 -1 0 0 0 0 -5 -12 1 38 13 N N N N 481 113 -13 -43 -43
1 44296 330 165 -7 -123 0 -1384 0 -2 -46 -75 -33 129 32 N N N N 703 167 -14 -65 -65
1 42058 281 204 -1 123 -8 1386 0 2 -83 -72 60 253 62 N N N N 1259 296 -33 -112 -112
1 40000 275 41 3 0 0 0 0 0 -20 -10 5 33 16 N N N N 1012 239 -21 -91 -91
1 40000 266 -22 -3 1 0 0 0 0 11 5 -2 23 8 N N N N 659 160 -7 -61 -61
1 40000 277 -10 -1 -2 0 0 0 0 5 3 -2 39 7 N N N N 357 85 -7 -33 -33
1 40000 279 -17 3 2 0 0 0 0 8 4 -1 19 5 N N N N 190 44 -5 -16 -16
1 40000 270 -34 -2 0 0 0 0 0 15 11 -3 49 10 N N N N 127 28 -7 -10 -10
1 39998 269 -65 1 -4 0 0 0 0 28 21 -7 72 16 N N N N 120 26 -6 -9 -9
1 40002 256 -90 2 4 0 0 0 0 34 34 -8 102 23 N N N N 111 19 -17 -5 -5
1 40000 247 -37 -3 -2 0 0 0 0 13 16 -3 102 28 N N N N 383 85 -19 -29 -29
1 40002 244 -5 1 0 0 0 0 0 1 2 -1 53 15 N N N N 411 95 -11 -36 -36
1 39998 252 -24 -1 2 0 0 0 0 7 11 -1 31 9 N N N N 342 81 -8 -30 -30
1 40000 259 -20 -1 2 0 0 0 0 6 9 -2 50 11 N N N N 246 57 -7 -21 -21
1 39997 239 24 3 0 0 0 0 0 -7 -11 2 52 12 N N N N 275 63 -9 -23 -23
1 40003 253 7 3 -2 0 0 0 0 -2 -3 1 32 10 N N N N 273 64 -7 -23 -23
1 40000 217 -31 0 1 0 0 0 0 9 14 -2 109 21 N N N N 288 67 -6 -25 -25
1 40000 245 3 -3 -4 0 0 0 0 -1 -1 0 159 42 N N N N 675 151 -29 -54 -54
1 40000 223 -5 0 1 0 0 0 0 2 2 0 42 15 N N N N 856 203 -15 -75 -75
1 38668 125 7 202 -43 155 -455 -105 -4 -11 -10 36 28 11 N N N N 411 97 -7 -36 -36
1 40009 71 64 -30 -5 0 0 -180 0 -20 -28 -4 -37 2 N N N N 256 62 -3 -24 -24
1 39992 5 43 19 -4 0 3 -174 0 -16 -19 -4 57 0 N N N N 107 25 -1 -9 -9
1 40060 -113 -7 298 5 339 -4 -135 0 -55 -3 105 -2 1 N N N N 10 1 -3 0 0
1 39931 -247 -64 -19 10 0 0 -174 0 36 30 -4 -46 -7 N N N N 93 26 5 -11 -11
1 40008 -340 -54 -62 5 2 1 -174 0 19 27 4 -84 -19 N N N N -249 -55 11 19 19
1 40002 -407 -54 80 -15 -1 -1 -171 0 13 22 2 -224 -59 N N N N -851 -190 37 67 67
1 43234 -520 235 -165 155 0 1408 -61 2 -70 -57 26 -88 -22 N N N N -996 -239 13 90 90
1 38213 -379 244 -78 -124 -100 -1387 0 2 -98 -100 -92 -66 -16 N N N N -690 -161 16 60 60
1 40001 -291 65 -2 -1 0 0 0 0 -35 -8 -7 -75 -16 N N N N -305 -70 10 25 25
1 39998 -285 56 2 -5 0 0 0 0 -31 -6 -6 -123 -34 N N N N -458 -104 17 38 38
1 40001 -277 64 0 3 0 0 0 0 -35 0 -6 -119 -31 N N N N -511 -116 21 41 41
1 39999 -286 26 -1 1 0 0 0 0 -14 -1 -3 -31 -8 N N N N -382 -88 11 33 33
1 40000 -278 -8 1 -1 0 0 0 0 4 0 1 -62 -13 N N N N -92 -18 8 5 5
1 40001 -286 0 -1 0 0 0 0 0 0 1 0 -31 -8 N N N N -110 -24 7 8 8
1 40001 -269 -8 -2 0 0 0 0 0 5 -1 1 -74 -19 N N N N -126 -27 8 10 10
1 41177 -292 -105 -10 -129 0 -1409 -58 -2 58 -5 -58 -237 -61 N N N N -696 -155 33 55 55
1 38686 -280 -476 75 91 60 1405 0 -2 209 134 103 -80 -23 N N N N -951 -227 18 86 86
1 42432 -383 -160 -25 33 2 -1 -61 4 32 85 33 -110 -29 N N N N -1155 -277 17 107 107
1 40000 -404 -69 0 0 0 0 0 0 9 36 3 -214 -55 N N N N -1559 -371 31 143 143
1 39999 -394 -27 2 0 0 0 0 0 3 14 1 -237 -63 N N N N -247 -44 35 11 11
1 40000 -411 -23 -1 0 0 0 0 0 1 12 1 -286 -75 N N N N 840 236 56 -104 -104
1 40000 -391 33 1 1 0 0 0 0 -2 -17 -1 -47 -15 N N N N 1146 292 15 -119 -119
1 40001 -408 29 -5 -3 0 0 0 0 -3 -16 -1 -188 -47 N N N N 833 220 24 -92 -92
1 40000 -402 -24 5 0 0 0 0 0 2 13 1 -50 -12 N N N N -1108 -269 14 105 105
1 39999 -390 -39 -1 3 0 0 0 0 3 21 1 -61 -16 N N N N -777 -188 11 73 73
1 46941 -478 307 7 123 1 1385 -1 -2 -60 -119 21 -138 -34 N N N N -113 -17 22 3 3
1 41059 -427 303 -5 -118 2 -1399 -1 2 -125 -131 -70 -214 -54 N N N N -201 -36 28 9 9
1 40000 -400 -23 0 -3 0 0 0 0 11 4 2 -84 -25 N N N N -756 -177 24 67 67
1 40000 -403 -2 0 2 0 0 0 0 1 1 0 -169 -43 N N N N -463 -103 26 37 37
1 39999 -400 39 2 1 0 0 0 0 -19 -9 -5 -32 -8 N N N N -760 -185 8 73 73
1 40001 -389 31 -1 -2 0 0 0 0 -16 -6 -4 -94 -23 N N N N 648 168 14 -70 -70
1 40000 -381 51 -1 1 0 0 0 0 -26 -8 -7 -101 -25 N N N N -733 -175 16 68 68
1 39999 -396 45 0 -1 0 0 0 0 -24 -4 -6 -81 -21 N N N N -1550 -380 17 151 151
1 40001 -381 -48 0 2 0 0 0 0 26 5 6 -30 -7 N N N N -675 -166 6 67 67
1 44218 -427 -345 -8 -112 -1 -1188 1 -2 159 75 -2 -209 -49 N N N N -309 -68 18 25 25
1 39428 -367 -180 6 110 1 1188 -1 2 50 101 57 -199 -56 N N N N -21 10 34 -11 -11
1 40000 -370 -69 2 -2 0 0 0 0 12 34 5 -45 -12 N N N N -418 -93 24 35 35
1 40000 -382 -78 0 1 0 0 0 0 9 41 2 -103 -26 N N N N -134 -28 13 9 9
1 40000 -373 -40 0 -1 0 0 0 0 2 21 1 -127 -31 N N N N 87 31 20 -16 -16
1 40000 -370 12 1 1 0 0 0 0 -1 -6 0 -132 -35 N N N N -37 2 24 -5 -5
1 40000 -368 -7 -2 -3 0 0 0 0 1 3 1 -124 -33 N N N N -52 -3 20 -2 -2
1 40000 -371 39 -2 -1 0 0 0 0 -3 -21 -2 -186 -51 N N N N 71 29 25 -17 -17
1 40000 -363 29 4 4 0 0 0 0 -3 -14 -1 -46 -11 N N N N 21 14 20 -9 -9
1 44942 -420 299 4 125 0 1393 0 -2 -72 -109 23 -23 -4 N N N N -32 -5 6 1 1
1 42000 -386 275 -4 -124 0 -1393 0 2 -121 -115 -74 -26 -5 N N N N 2 3 4 -2 -2
1 40000 -344 3 -1 3 0 0 0 0 -1 0 -1 -45 -9 N N N N -9 0 6 -1 -1
1 40000 -354 -26 -1 -1 0 0 0 0 13 5 3 -34 -8 N N N N -32 -5 7 1 1
1 39998 -334 -12 1 -1 0 0 0 0 5 3 2 -112 -28 N N N N -67 -9 16 1 1
1 40003 -350 61 -2 2 0 0 0 0 -30 -12 -8 -120 -31 N N N N -70 -10 16 1 1
1 39997 -337 -11 0 -3 0 0 0 0 5 2 2 -137 -36 N N N N 346 100 29 -46 -46
1 39999 -334 -38 2 1 0 0 0 0 20 7 4 -127 -33 N N N N 466 127 19 -55 -55
1 40002 -340 -16 -1 0 0 0 0 0 8 3 2 -186 -49 N N N N 241 68 17 -31 -31
1 40001 -348 -28 0 -1 0 -1 -1 0 13 7 4 -248 -69 N N N N -905 -204 51 75 75
1 39999 -324 -23 0 3 0 0 0 0 12 6 3 -158 -42 N N N N -117 -16 28 2 2
1 40001 -341 -106 -1 0 0 0 0 0 47 33 11 -122 -34 N N N N 198 62 26 -30 -30
1 39998 -344 -12 1 -2 0 0 0 0 4 4 2 -37 -8 N N N N 154 44 12 -20 -20
1 40002 -336 33 0 3 0 0 0 0 -13 -11 -3 -9 -3 N N N N 172 45 3 -19 -19
1 40000 -336 1 1 -2 0 0 0 0 -1 0 -1 -18 -1 N N N N 110 29 2 -12 -12
1 40000 -329 -51 -2 -4 0 0 0 0 21 16 6 -97 -25 N N N N 60 21 13 -11 -11
1 40000 -325 -37 1 1 0 0 0 0 14 15 3 -102 -25 N N N N 132 41 15 -19 -19
1 40000 -338 11 -3 2 1 1 0 0 -4 -4 0 -231 -63 N N N N 250 80 37 -40 -40
1 40001 -323 1 4 2 0 0 0 0 0 0 -1 -330 -90 N N N N 25 29 48 -20 -20
1 39999 -328 -38 -2 -2 0 0 0 0 13 15 4 -210 -58 N N N N 439 132 43 -61 -61
1 40000 -342 6 0 -1 0 0 0 0 -2 -3 0 -185 -54 N N N N -329 -68 34 21 21
1 39997 -340 48 0 1 0 0 0 0 -18 -18 -5 -87 -25 N N N N -30 3 21 -4 -4
1 40003 -344 36 0 1 0 0 0 0 -14 -13 -4 -17 -3 N N N N -41 -8 6 2 2
1 40000 -338 22 1 -1 0 0 0 0 -9 -8 -3 -77 -18 N N N N -70 -12 11 3 3
1 40000 -344 28 1 1 0 0 0 0 -12 -9 -3 -182 -49 N N N N -70 -5 27 -3 -3
1 40001 -351 -14 -3 -1 -1 0 0 0 6 4 2 -23 -7 N N N N -347 -84 10 33 33
1 40000 -356 27 1 -1 0 0 0 0 -12 -8 -3 -30 -6 N N N N 167 46 7 -20 -20
1 39999 -350 -48 0 1 0 0 0 0 21 15 5 -148 -36 N N N N 347 93 9 -40 -40
1 39999 -336 -58 -2 -3 0 0 0 0 23 21 6 -363 -101 N N N N 264 98 67 -52 -52
1 40000 -364 -46 -2 3 0 0 0 0 18 18 5 -56 -18 N N N N -171 -35 17 12 12
1 40001 -352 -15 5 0 0 0 0 0 5 6 1 -259 -71 N N N N -547 -121 41 42 42
1 40000 -339 19 -2 -2 0 0 0 0 -7 -8 -2 -121 -33 N N N N -238 -49 25 16 16
1 39999 -364 53 1 2 0 0 0 0 -20 -20 -5 -53 -13 N N N N 315 87 12 -38 -38
1 39998 -355 18 -1 0 0 0 0 0 -7 -6 -2 -243 -65 N N N N 90 35 26 -19 -19
1 40003 -353 -17 -1 0 0 0 0 0 7 6 1 -215 -57 N N N N -512 -114 37 40 40
1 40001 -369 25 2 1 0 0 0 0 -10 -9 -2 -177 -53 N N N N -624 -141 40 51 51
1 39999 -361 -18 1 -1 0 0 0 0 7 6 2 -176 -50 N N N N 635 178 31 -78 -78
1 39999 -347 -65 -4 -1 0 0 0 0 25 25 6 -138 -37 N N N N 777 210 23 -90 -90
1 40001 -356 -2 1 1 0 0 0 0 0 1 0 -245 -69 N N N N -543 -119 43 41 41
1 40001 -343 -13 1 0 0 0 0 0 5 5 2 -108 -29 N N N N -601 -147 17 57 57
1 39996 -365 -12 1 0 0 0 0 0 4 5 1 -205 -57 N N N N 120 47 35 -25 -25
1 40002 -354 -27 -3 0 0 0 0 0 9 12 2 -79 -23 N N N N -2297 -581 23 235 235
1 40002 -366 -42 -2 -1 0 0 0 0 11 19 3 -35 -9 N N N N -1144 -290 9 120 120
1 39999 -352 -22 3 0 0 0 0 0 6 10 2 -54 -13 N N N N -564 -142 9 57 57
1 40001 -346 -8 1 0 0 0 0 0 2 4 1 -115 -31 N N N N -398 -95 16 38 38
1 39996 -366 -4 -2 0 0 0 0 0 1 2 0 -30 -7 N N N N -359 -87 13 34 34
1 40005 -359 -35 1 1 0 0 0 0 9 17 2 -50 -12 N N N N 668 175 7 -75 -75
1 39998 -365 -99 -3 -1 0 0 0 0 18 49 5 -274 -74 N N N N -1231 -300 39 120 120
1 40000 -361 44 0 1 0 0 0 0 -7 -22 -1 -144 -39 N N N N -1298 -326 23 134 134
1 45412 -416 367 5 124 0 1401 -1 -2 -118 -124 21 -73 -22 N N N N 419 119 25 -55 -55
1 43527 -386 228 -5 -127 0 -1406 0 2 -112 -79 -82 -123 -33 N N N N -607 -150 16 61 61
1 40003 -358 -30 1 3 0 0 0 0 16 4 4 -175 -47 N N N N -302 -68 25 25 25
1 39997 -359 -46 -2 -2 0 0 0 0 24 7 6 -105 -30 N N N N 376 108 24 -50 -50
1 40002 -353 3 2 1 0 0 0 0 -2 0 -1 -65 -18 N N N N -147 -32 16 11 11
1 40000 -369 25 -5 1 0 0 0 0 -12 -5 -3 -70 -18 N N N N -424 -104 13 42 42
1 39997 -376 -4 6 0 0 0 0 0 2 1 0 -72 -17 N N N N -24 -2 10 -1 -1
1 40000 -363 -2 -5 0 0 0 0 0 1 1 1 -220 -54 N N N N 627 173 24 -78 -78
1 40003 -389 14 4 1 0 0 0 0 -8 -2 -2 -260 -77 N N N N 2761 737 47 -319 -319
1 44223 -398 -350 -8 -110 1 -1172 0 -3 158 82 -2 -273 -79 N N N N -1547 -376 60 148 148
1 39894 -365 -179 5 106 -1 1182 0 3 47 101 53 -95 -28 N N N N 88 31 18 -16 -16
1 40000 -359 -117 3 3 0 0 0 0 16 61 6 -172 -47 N N N N -179 -36 25 11 11
1 40000 -380 -78 -5 -6 0 0 0 0 4 40 2 -237 -66 N N N N -213 -40 34 11 11
1 40002 -366 3590 4 3 0 0 0 0 0 6 0 -425 -123 N N N N -2943 -738 71 303 303
1 39998 -377 -3483 -5 0 0 0 0 0 -7 -62 -3 -246 -75 N N N N -4056 -1039 50 443 443
1 40000 -364 25 1 -1 0 0 0 0 -3 -13 -1 -278 -81 N N N N -3648 -940 40 412 412
1 40000 -379 -79 3 3 0 0 0 0 8 42 3 -367 -108 N N N N -3569 -907 77 399 399
1 40000 -366 -27 -3 -2 0 0 0 0 1 14 0 -110 -33 N N N N -1956 -503 31 228 228
1 44058 -439 276 6 125 0 1397 0 -2 -46 -106 20 -119 -34 N N N N -1858 -480 21 221 221
1 42237 -405 362 -4 -121 0 -1403 0 2 -147 -154 -70 -486 -137 N N N N -2812 -716 74 327 327
1 39999 -361 70 0 -1 0 0 0 0 -36 -12 -9 -57 -21 N N N N -2102 -546 24 259 259
1 40001 -377 98 1 0 0 0 0 0 -52 -10 -13 -380 -107 N N N N -1251 -318 44 148 148
1 39999 -376 65 0 2 0 0 0 0 -35 -1 -8 -354 -103 N N N N -1859 -469 77 219 219
1 40001 -366 -26 0 0 0 0 0 0 14 0 3 -125 -43 N N N N -1494 -388 25 189 189
1 39999 -370 -44 -4 -2 0 0 0 0 24 2 6 -376 -104 N N N N -1096 -275 58 129 129
1 40001 -366 -53 4 0 0 0 0 0 28 4 6 -71 -24 N N N N -1071 -276 33 134 134
1 39999 -370 12 -2 -1 0 0 0 0 -6 -2 -1 -90 -25 N N N N -572 -148 14 73 73
1 40001 -372 -13 1 1 0 0 0 0 7 2 1 -134 -38 N N N N -468 -119 19 58 58
1 43941 -390 -264 -6 -136 0 -1390 0 -2 130 38 -28 -443 -124 N N N N -1087 -271 77 127 127
1 41001 -372 -218 6 134 0 1405 0 2 78 105 79 -227 -70 N N N N -888 -226 42 111 111
1 40001 -357 -17 -1 1 0 0 0 0 4 9 2 -61 -20 N N N N -590 -152 22 75 75
1 39997 -357 1 -1 -1 0 0 0 0 0 -1 0 -177 -48 N N N N -468 -120 21 59 59
1 40001 -363 21 0 2 0 0 0 0 -6 -9 -1 -206 -60 N N N N -471 -118 37 57 57
1 40001 -356 -1 1 0 0 0 0 0 1 0 -1 -122 -36 N N N N -503 -127 34 61 61
1 40001 -353 -17 -1 -1 0 0 0 0 4 8 1 -4 -1 N N N N -238 -62 5 32 32
1 39999 -346 16 0 1 0 0 0 0 -4 -7 -1 -26 -6 N N N N -123 -32 5 16 16
1 39999 -347 -2 1 -3 0 0 0 0 0 0 1 -41 -9 N N N N -62 -15 6 7 7
1 39999 -351 -32 -4 0 0 1 0 0 9 15 2 -96 -25 N N N N -50 -10 15 4 4
1 40001 -343 -62 1 1 0 0 0 0 14 30 3 -225 -62 N N N N -427 -108 36 51 51
1 40001 -356 -29 1 -3 0 0 0 0 5 14 2 -69 -20 N N N N -143 -35 17 16 16
1 40000 -356 -15 1 6 0 0 0 0 3 9 1 -654 -190 N N N N -453 -100 102 40 40
1 40000 -350 -47 -1 -1 0 0 0 0 6 24 1 -510 -145 N N N N -669 -169 51 83 83
1 39998 -348 -65 -3 -1 0 0 0 0 5 34 2 -228 -78 N N N N -1114 -283 85 139 139
1 40001 -343 43 3 -1 0 0 0 0 -3 -23 -1 -417 -122 N N N N -661 -170 42 86 86
1 40000 -336 100 1 2 0 0 0 0 -13 -51 -4 -614 -187 N N N N -654 -150 144 63 63
1 44881 -404 340 4 121 0 1378 0 -2 -111 -114 23 -80 -29 N N N N -277 -69 35 33 33
1 43236 -360 191 -6 -118 1 -1384 0 2 -92 -73 -72 -231 -65 N N N N 165 49 23 -30 -30
1 40001 -324 -81 0 -3 0 0 0 0 41 15 9 -210 -64 N N N N 459 133 50 -78 -78
1 39999 -335 -90 0 2 0 0 0 0 43 24 11 -229 -65 N N N N 800 223 38 -125 -125
1 40001 -332 -87 -1 -3 0 0 0 0 37 28 9 -217 -63 N N N N 552 156 34 -87 -87
1 40000 -336 -42 1 4 0 0 0 0 16 17 4 -600 -174 N N N N 1128 321 83 -182 -182
1 40000 -332 -151 0 0 0 0 0 0 48 65 11 -483 -145 N N N N 2652 741 97 -403 -403
1 40000 -331 -97 2 -6 0 0 0 0 20 46 6 -137 -48 N N N N 2516 699 60 -369 -369
1 39999 -328 -29 -1 5 0 0 0 0 5 16 1 -44 -17 N N N N 1275 351 17 -182 -182
1 43589 -396 320 -1 120 -1 1382 0 -2 -90 -114 23 -156 -43 N N N N 1109 308 24 -160 -160
1 42235 -378 348 -1 -122 1 -1395 0 2 -168 -108 -87 -435 -122 N N N N 2466 688 56 -353 -353
1 40001 -352 144 1 1 0 0 0 0 -78 -1 -18 -146 -48 N N N N 3981 1103 55 -550 -550
1 39999 -330 76 -4 -2 0 0 0 0 -40 8 -9 -50 -15 N N N N 2156 593 11 -287 -287
1 40000 -334 54 2 1 0 0 0 0 -28 8 -6 -75 -19 N N N N 1337 371 16 -179 -179
1 40000 -342 54 2 0 0 0 0 0 -27 11 -5 -138 -40 N N N N 1345 375 21 -181 -181
1 40000 -308 12 -1 0 0 0 0 0 -6 3 -1 -98 -27 N N N N 1897 527 24 -250 -250
1 39999 -341 -58 -1 0 0 0 0 0 29 -13 5 -56 -17 N N N N 1406 389 11 -182 -182
1 40001 -313 -75 0 0 0 0 0 0 39 -11 8 -47 -11 N N N N 1296 360 13 -167 -167
1 43704 -353 -351 -5 -132 -1 -1388 0 -2 187 2 -23 -61 -15 N N N N 1387 385 11 -177 -177
1 43768 -331 -395 5 132 0 1401 0 2 157 151 104 -154 -42 N N N N 1797 499 18 -228 -228
1 39999 -306 -86 0 -3 0 0 0 0 18 41 5 -119 -35 N N N N 2047 571 23 -258 -258
1 39999 -308 -83 -2 2 0 0 0 0 13 43 4 -354 -98 N N N N 3484 977 52 -437 -437
1 40001 -285 3488 1 0 0 0 0 0 5 59 2 -110 -34 N N N N 9492 2628 40 -1114 -1114
1 40000 -318 -100 2 2 0 0 0 0 -5 53 -1 -50 -14 N N N N 7874 2174 15 -872 -872
1 40000 -304 -55 -3 -3 0 0 0 0 -7 28 0 -69 -19 N N N N 3753 1038 9 -404 -404
1 40000 -320 -23 -1 1 0 0 0 0 -3 12 -1 -247 -70 N N N N 3408 961 40 -371 -371
1 40000 -300 1 2 -2 0 0 0 0 0 -1 0 -100 -32 N N N N 1170 337 26 -131 -131
1 44116 -362 -3286 8 123 0 1390 0 -2 5 -133 14 -56 -14 N N N N 386 117 16 -47 -47
1 39999 -317 409 -1 -1 0 0 0 0 -122 -179 6 -330 -94 N N N N 672 208 39 -85 -85
1 44059 -332 269 -7 -119 1 -1384 0 2 -134 -80 -83 -256 -82 N N N N 35 40 51 -25 -25
1 40000 -289 10 -1 3 0 0 0 0 -5 -1 -1 -167 -52 N N N N -1025 -260 42 88 88
1 39999 -297 -17 1 0 0 0 0 0 9 1 3 -63 -22 N N N N -2346 -638 19 236 236
1 40000 -292 -45 1 -1 0 0 0 0 24 5 5 -238 -66 N N N N 60 36 34 -20 -20
1 40001 -296 -67 -1 0 0 0 0 0 35 10 8 -457 -136 N N N N 506 175 62 -78 -78
1 39999 -306 15 2 -3 0 0 0 0 -9 -3 -1 -316 -103 N N N N -1887 -483 73 168 168
1 40016 -297 69 -3 3 0 0 0 0 -35 -8 -9 -162 -54 35 71 44 559 -1774 -469 44 170 170
1 39984 -307 -12 0 -2 0 0 0 0 6 1 1 -233 -72 N N N N -636 -155 41 52 52
1 41121 -304 -248 -7 -131 -1 -1422 0 -2 122 38 -32 -210 -65 N N N N -330 -68 44 18 18
1 41294 -311 -220 6 126 0 1415 0 2 78 104 78 -235 -75 N N N N -103 -1 52 -10 -10
1 40000 -291 33 2 0 0 0 0 0 -10 -15 -2 -38 -14 N N N N -209 -50 15 17 17
1 39999 -293 70 -3 3 0 0 0 0 -22 -29 -6 -46 -15 N N N N -163 -40 9 14 14
1 40002 -295 114 1 0 0 0 0 0 -45 -42 -11 -162 -43 N N N N -205 -48 18 15 15
1 39999 -301 118 2 0 0 0 0 0 -55 -33 -13 -117 -37 N N N N -185 -34 32 7 7
1 40016 -290 58 -3 -1 0 0 0 0 -29 -12 -7 -89 -28 35 69 41 558 -148 -32 18 9 9
1 39983 -285 -9 -1 1 0 0 0 0 5 1 2 -71 -21 N N N N -390 -102 13 37 37
1 40002 -287 -39 0 -4 0 0 0 0 19 8 4 -131 -39 N N N N -393 -98 23 33 33
1 39998 -283 -60 2 4 0 1 -25 0 29 16 7 -175 -51 N N N N 38 26 30 -15 -15
1 40001 -286 -47 -1 2 0 0 0 0 22 14 5 -154 -48 N N N N -28 8 31 -10 -10
1 40002 -303 -57 0 0 0 0 0 0 24 19 5 -239 -73 N N N N -578 -141 39 48 48
1 39998 -288 -118 -2 -1 0 0 0 0 44 46 11 -344 -105 N N N N -603 -143 51 46 46
1 39999 -314 -126 1 -3 0 0 0 0 34 57 8 -569 -173 N N N N 202 112 105 -64 -64
1 40017 -302 1 3 2 0 0 0 0 0 0 0 -207 -73 38 69 41 558 -771 -184 65 60 60
1 39984 -320 5 -4 2 0 0 0 0 -1 -2 0 -115 -37 N N N N -558 -143 28 51 51
1 39999 -326 -6 1 0 0 0 0 0 1 3 0 -60 -17 N N N N -176 -40 18 12 12
1 43646 -387 292 4 119 0 1375 -1 -2 -99 -92 27 -26 -7 N N N N 153 47 8 -20 -20
1 43356 -375 244 -4 -117 0 -1378 -1 2 -119 -82 -77 -139 -41 N N N N 184 60 15 -26 -26
1 39999 -335 91 -1 0 0 0 0 0 -49 -6 -11 -177 -53 N N N N -4 12 26 -10 -10
1 40000 -313 33 2 -1 0 0 0 0 -18 -1 -4 -370 -112 N N N N -57 17 65 -19 -19
1 40000 -349 31 -1 1 0 0 0 0 -17 0 -3 -441 -139 N N N N 997 321 73 -140 -140
1 40016 -320 -75 -2 -2 0 0 0 0 41 1 9 -285 -92 38 69 42 557 1813 557 80 -232 -232
1 39983 -314 -26 1 0 0 0 0 0 14 1 3 -65 -23 N N N N 990 294 23 -118 -118
1 40001 -328 -57 -2 2 0 0 0 0 31 6 7 -95 -28 N N N N 247 82 22 -35 -35
1 40000 -324 -86 3 -2 0 0 0 0 44 13 10 -160 -47 N N N N 170 57 16 -25 -25
1 40001 -314 -64 -1 1 0 0 0 0 32 14 7 -105 -35 N N N N 325 112 36 -50 -50
1 39998 -313 -22 1 -1 0 0 0 0 10 6 2 -70 -18 N N N N -151 -37 11 12 12
1 40000 -331 -35 -2 2 0 0 0 0 17 10 4 -180 -53 N N N N -466 -115 32 38 38
1 40001 -312 -64 0 -1 0 0 0 0 28 20 6 -193 -57 N N N N -307 -71 31 21 21
1 40016 -307 -91 -1 0 0 0 0 0 35 34 8 -137 -46 39 75 41 557 -43 4 31 -8 -8
1 39984 -318 -83 1 -3 0 0 0 0 27 35 6 -266 -82 N N N N -119 -11 41 -3 -3
1 40001 -310 44 0 3 0 0 0 0 -13 -19 -3 -265 -84 N N N N 47 47 64 -31 -31
1 39998 -323 112 1 -1 0 0 0 0 -42 -44 -9 -22 -9 N N N N -298 -76 16 26 26
1 40002 -310 140 -1 3 0 0 1 0 -62 -42 -14 -33 -8 N N N N 455 134 8 -53 -53
1 39999 -312 75 0 -1 0 0 0 0 -38 -16 -8 -142 -38 N N N N 1514 447 23 -175 -175
1 40000 -321 -100 0 0 0 0 0 0 50 23 10 -137 -37 N N N N 1039 311 25 -123 -123
1 40000 -311 -94 0 -1 0 0 0 0 42 28 10 -75 -22 N N N N 895 268 19 -105 -105
1 40016 -303 -88 -2 -3 0 0 0 0 34 32 8 -53 -13 39 71 43 556 652 195 14 -76 -76
1 39984 -315 -38 1 4 0 0 0 0 14 16 2 -225 -66 N N N N 593 182 21 -72 -72
1 40002 -295 25 1 -2 0 0 0 0 -10 -10 -2 -134 -43 N N N N -1059 -280 42 96 96
1 40000 -318 -16 -1 0 0 0 0 0 6 6 2 -102 -32 N N N N -307 -77 20 25 25
1 39998 -293 -35 2 1 0 0 0 0 12 15 2 -101 -33 N N N N -837 -225 28 80 80
1 40001 -310 17 -1 0 0 0 0 0 -6 -7 -1 -249 -76 N N N N -1121 -306 31 110 110
1 39999 -297 4 0 -2 0 0 0 0 -1 -2 -1 -763 -231 N N N N -4001 -1085 128 393 393
1 40001 -302 -67 -2 2 0 0 0 0 20 30 5 -212 -73 N N N N -3515 -983 64 375 375
1 40015 -304 -80 0 1 0 0 0 0 20 38 5 -248 -81 39 71 40 556 1648 502 49 -208 -208
1 39985 -310 -80 -1 -1 0 0 0 0 14 40 3 -160 -49 N N N N 2184 656 46 -266 -266
1 39999 -302 -60 2 -1 0 0 0 0 6 31 2 -156 -48 N N N N 2641 782 30 -307 -307
1 40001 -321 -38 1 1 0 0 0 0 3 20 1 -102 -33 N N N N 1585 473 24 -185 -185
1 43764 -355 282 2 120 0 1386 0 -2 -50 -110 22 -89 -27 N N N N 790 243 24 -97 -97
1 42236 -343 340 -4 -121 1 -1402 0 2 -139 -145 -66 -128 -41 N N N N 982 299 24 -117 -117
1 40000 -312 50 1 -1 0 0 0 0 -26 -9 -6 -59 -19 N N N N 308 98 14 -39 -39
1 40000 -295 -17 1 -3 0 0 0 0 8 3 1 -102 -31 N N N N -404 -108 18 36 36
1 40016 -314 -23 -3 3 0 0 0 0 13 4 3 -272 -86 38 71 41 555 -1103 -305 28 110 110
1 39983 -308 -54 0 1 0 0 0 0 27 12 6 -501 -151 N N N N -5827 -1646 94 614 614
1 40001 -291 -47 2 -1 0 0 0 0 22 12 5 -128 -48 N N N N -6159 -1771 53 695 695
1 39999 -295 47 -1 -2 0 0 0 0 -22 -13 -6 -267 -79 N N N N -1226 -343 32 134 134
1 40001 -306 5 -1 0 0 0 0 0 -3 0 0 -54 -20 N N N N -4308 -1241 41 508 508
1 40000 -310 -43 -1 2 0 0 0 0 21 11 5 -152 -24 N N N N -2432 -702 22 294 294
1 8267 -66 -8 2 1 -1 0 0 0 4 2 0 -111 -35 N N N N 637 190 8 -83 -83
1 11732 -81 -19 0 -2 0 -1 0 0 8 5 3 -182 -54 N N N N 483 152 24 -69 -69
1 10016 -76 -17 -1 2 0 0 0 0 8 6 1 -78 -25 36 70 41 555 -25 3 24 -6 -6
1 9986 -75 -22 -1 -2 0 0 0 0 9 7 2 -82 -27 N N N N -305 -82 18 32 32
1 9999 -77 -16 0 0 0 0 0 0 7 5 2 -35 -14 N N N N -445 -122 18 49 49
1 10001 -78 -9 2 1 0 0 0 0 4 3 0 -33 -13 N N N N -479 -136 12 56 56
1 10015 -65 1 0 1 0 0 0 0 0 0 0 -47 -15 36 70 42 555 -365 -103 10 42 42
1 9984 -91 13 0 -1 0 0 0 0 -6 -4 -1 -96 -32 N N N N -380 -106 12 44 44
1 10001 -61 12 0 1 0 0 0 0 -5 -4 -1 -73 -22 N N N N -338 -94 14 37 37
1 10000 -81 1 -2 0 0 0 0 0 0 -1 0 -29 -12 N N N N -648 -183 15 77 77
1 10015 -66 -7 0 0 0 0 0 0 3 2 1 -77 -23 38 72 44 555 -553 -159 9 67 67
1 9984 -87 -6 1 -3 0 0 0 0 2 2 0 -47 -18 N N N N -493 -138 16 57 57
1 10001 -70 -5 1 0 0 0 0 0 2 2 1 -34 -12 N N N N -517 -148 10 63 63
1 10000 -66 5 -1 3 0 0 0 0 -2 -1 -1 -76 -23 N N N N -476 -136 10 58 58
1 10015 -86 19 1 -3 0 0 0 0 -8 -7 -2 -139 -42 37 70 42 555 -517 -147 14 62 62
1 9985 -79 25 -3 0 0 0 0 0 -11 -8 -2 -99 -33 N N N N -458 -127 20 52 52
1 9998 -73 35 0 1 0 0 0 0 -16 -10 -4 -244 -76 N N N N -682 -193 18 83 83
1 10001 -77 36 3 1 0 0 0 0 -17 -9 -4 -87 -30 N N N N -954 -267 37 112 112
1 10016 -69 20 -2 -1 0 0 0 0 -10 -5 -2 -14 -10 36 70 40 555 -1376 -396 25 173 173
1 9985 -83 10 0 1 0 0 0 0 -5 -2 -1 -49 -17 N N N N -1012 -293 12 131 131
1 9999 -91 6 -3 0 0 0 0 0 -3 -1 0 -25 -11 N N N N -827 -240 12 107 107
1 10001 -71 -3 3 -4 0 0 0 0 1 0 0 -15 -4 N N N N -741 -215 10 97 97
1 10015 -69 -7 0 3 0 0 0 0 4 2 1 -30 -10 39 68 42 555 -503 -146 6 66 66
1 9984 -96 -11 2 -2 0 0 0 0 5 2 1 6 0 N N N N -356 -103 7 46 46
1 10000 -82 -7 -1 2 0 0 0 0 4 2 1 3 0 N N N N -351 -103 1 48 48
1 10001 -80 -8 -1 0 0 0 0 0 4 2 0 40 15 N N N N -220 -65 1 29 29
1 10014 -89 -16 0 3 0 0 0 0 8 4 2 106 46 38 71 40 555 66 18 -4 -7 -7
1 9985 -74 -13 0 -3 0 0 0 0 6 3 2 12 4 N N N N 459 131 -13 -58 -58
1 10001 -79 -15 1 -3 0 0 0 0 6 5 0 -11 -1 N N N N 966 283 -6 -130 -130
1 10000 -96 -17 1 2 0 0 0 0 8 4 3 -42 -9 N N N N 785 231 -1 -105 -105
1 10017 -73 -22 -2 0 0 0 0 0 10 7 1 -21 -8 39 69 42 555 624 185 2 -85 -85
1 8116 -77 -18 0 3 0 0 1 0 8 6 3 -22 -8 N N N N 355 106 6 -49 -49
1 11867 -92 -38 0 2 0 0 -1 0 17 13 3 22 19 N N N N 150 47 6 -22 -22
1 9999 -90 -31 0 -3 0 0 0 0 12 11 3 -99 -23 N N N N 467 136 -2 -62 -62
1 10016 -84 -31 0 1 0 0 0 0 12 12 2 -79 -24 37 69 42 555 857 259 13 -118 -118
1 9984 -91 -28 -1 -1 0 0 0 0 10 11 2 0 0 N N N N 801 241 13 -110 -110
1 10000 -80 -29 1 0 0 0 0 0 10 12 3 17 8 N N N N 630 188 4 -85 -85
1 10000 -88 -25 -3 1 0 0 0 0 8 11 2 1 1 N N N N 639 189 0 -83 -83
1 10015 -82 -24 3 -1 0 0 0 0 6 11 1 -2 0 39 66 42 555 578 171 1 -76 -76
1 9986 -82 -27 0 1 0 0 0 0 8 12 2 -52 -10 N N N N 463 137 1 -61 -61
1 10000 -81 -28 -1 0 0 0 0 0 7 13 2 -29 -8 N N N N 522 157 7 -69 -69
1 10000 -85 -20 0 0 0 0 0 0 5 10 1 -42 -12 N N N N 494 148 6 -66 -66
1 10015 -84 -19 1 0 0 0 0 0 4 9 1 -80 -27 38 69 42 555 343 104 7 -47 -47
1 9985 -86 -12 -3 -1 0 0 0 0 3 6 0 -96 -31 N N N N 210 68 14 -32 -32
1 9999 -81 -9 2 0 0 0 0 0 2 4 1 -157 -54 N N N N -85 -18 18 5 5
1 10000 -66 -3 -2 2 0 0 0 0 0 2 1 -283 -91 N N N N -385 -102 29 39 39
1 10017 -90 1 1 -3 0 0 0 0 -1 -1 -1 -157 -58 38 69 42 555 -760 -208 42 83 83
1 9983 -75 18 0 2 0 0 0 0 -2 -9 -1 -276 -63 N N N N -1249 -356 34 151 151
1 10000 -97 21 2 -5 0 0 0 0 -6 -11 -1 -5 -11 N N N N -754 -206 45 83 83
1 10000 -64 23 0 3 0 0 0 0 -5 -10 -1 -126 -43 N N N N 1096 331 17 -150 -150
1 10016 -71 7 -2 3 0 0 0 0 -1 -3 0 -478 -152 40 70 43 555 752 236 30 -108 -108
1 9985 -93 -9 2 -2 0 0 0 0 2 4 0 -100 -55 N N N N 285 110 64 -60 -60
1 9999 -67 -22 -2 1 0 0 0 0 5 11 1 -208 -42 N N N N -85 -10 38 -2 -2
1 10000 -71 -12 -1 -3 0 0 0 0 3 5 0 -176 -55 N N N N -287 -69 41 22 22
1 10016 -74 -6 1 1 0 0 0 0 1 3 1 -219 -74 39 68 42 555 -499 -133 38 52 52
1 9984 -70 -2 1 0 0 0 0 0 0 1 0 38 16 N N N N -391 -102 39 38 38
1 10001 -80 4 -1 2 0 0 0 0 0 -2 0 51 18 N N N N 662 203 12 -91 -91
1 10000 -63 7 -3 0 0 0 0 0 -2 -3 -1 -238 -74 N N N N 1541 460 1 -202 -202
1 10016 -74 2 3 -1 0 0 0 0 0 -1 0 -216 -56 39 67 42 554 1551 481 42 -215 -215
1 9983 -65 -22 0 1 0 0 0 0 5 11 1 -172 -49 N N N N 1220 378 32 -168 -168
1 10001 -70 -30 -1 0 0 0 0 0 5 15 1 -171 -50 N N N N 1718 528 32 -230 -230
1 9999 -72 -26 1 0 0 0 0 0 4 13 1 -107 -42 N N N N 1984 609 35 -262 -262
1 11940 -75 -32 -4 0 1 0 2 -4 4 17 1 -183 -58 37 71 42 554 1943 598 35 -253 -253
1 10038 -73 -27 0 0 0 0 -45 0 4 14 0 -208 -65 N N N N 928 293 32 -127 -127
1 11870 -82 17 6 118 -1 1410 -19 2 -3 19 11 -409 -134 N N N N 673 222 42 -98 -98
1 10797 -72 86 0 0 0 0 0 0 -13 -43 7 -496 -160 N N N N 356 144 77 -73 -73
1 10016 -72 116 0 3 0 0 0 0 -27 -55 5 -457 -154 37 69 42 554 -162 -4 92 -16 -16
1 10985 -89 142 2 -1 0 0 0 0 -49 -60 1 -97 -56 N N N N -1176 -312 91 110 110
1 9860 -60 138 -1 -25 2 -194 0 -1 -60 -52 -12 -163 -61 N N N N -1209 -344 43 133 133
1 9257 -78 78 -4 -99 -1 -1205 -23 -1 -37 -40 -53 -374 -118 N N N N -1020 -291 39 113 113
1 10899 -67 42 -9 5 -1 -2 -24 4 -20 -7 -5 -93 -44 37 69 41 554 -1229 -348 53 135 135
1 9986 -74 15 1 1 0 0 0 0 -8 -2 -1 9 -5 N N N N -989 -286 31 114 114
1 9999 -70 8 1 1 0 0 0 0 -4 -2 -1 17 3 N N N N -361 -103 14 41 41
1 9998 -76 7 1 -2 0 0 0 0 -4 -1 -1 42 23 N N N N 3 4 7 -3 -3
1 10018 -76 13 -1 0 0 0 0 0 -7 -1 -1 106 50 38 67 41 554 542 164 -1 -69 -69
1 9985 -74 3 -2 2 0 0 0 0 -1 -1 0 -30 -9 N N N N 1604 481 -12 -199 -199
1 9997 -75 -10 3 0 0 0 0 0 5 2 1 -357 -102 N N N N 2484 758 13 -315 -315
1 10002 -86 -13 -2 -1 0 0 0 0 7 2 1 -21 -16 N N N N 1359 432 40 -183 -183
1 10017 -77 -6 -1 -3 0 0 0 0 3 0 0 113 46 37 70 45 554 973 300 9 -123 -123
1 9981 -81 11 2 4 0 0 0 0 -6 -1 0 208 83 N N N N 1214 358 -19 -140 -140
1 10000 -83 7 -1 0 0 0 0 0 -3 -1 -1 10 8 N N N N 1711 512 -16 -200 -200
1 10002 -75 -8 2 1 0 0 0 0 4 1 1 -90 -24 N N N N 1760 531 -5 -207 -207
1 10014 -85 -18 -2 -2 0 0 0 0 9 3 2 -134 -36 39 68 45 554 1431 440 11 -173 -173
1 9984 -96 -19 -4 -2 0 0 0 0 10 3 2 -92 -23 N N N N 1350 420 20 -166 -166
1 10000 -67 -16 3 -1 0 0 0 0 8 3 1 -168 -52 N N N N 790 250 19 -99 -99
1 10000 -88 -4 0 5 0 0 0 0 3 1 0 -60 -26 N N N N 713 230 26 -93 -93
1 10016 -89 -5 2 -1 0 0 0 0 2 0 2 -200 -59 37 70 45 554 630 205 23 -82 -82
1 9986 -86 -2 -3 -3 0 0 0 0 1 1 -1 -182 -64 N N N N 340 120 30 -51 -51
1 9999 -61 6 0 3 0 0 0 0 -3 -1 0 -258 -78 N N N N 56 37 37 -21 -21
1 10000 -113 7 1 -2 0 0 0 0 -4 -1 -1 -86 -21 N N N N -357 -84 44 23 23
1 10014 -71 11 0 1 0 0 0 0 -5 -3 -1 -64 -21 40 74 46 554 71 37 27 -20 -20
1 9985 -87 10 3 -2 0 0 0 0 -6 -1 -1 -5 -4 N N N N 177 65 19 -28 -28
1 10002 -86 8 -1 1 0 0 0 0 -4 -2 -1 112 67 N N N N 199 65 9 -26 -26
1 10000 -78 5 -5 1 0 0 0 0 -2 0 0 22 13 N N N N 482 142 -9 -52 -52
1 10016 -89 1 4 2 0 0 0 0 0 -1 -1 93 43 40 71 44 554 1217 366 -9 -135 -135
1 9984 -92 -18 -3 0 0 0 0 0 9 4 3 -321 -103 N N N N 1251 379 -5 -139 -139
1 10000 -78 -19 -1 -2 0 0 0 0 10 3 2 -145 -45 N N N N 901 297 40 -117 -117
1 9998 -80 -16 0 0 0 0 0 0 8 3 1 -65 -24 N N N N 338 119 27 -49 -49
1 10018 -75 -22 1 2 0 0 0 0 11 5 2 23 52 39 71 48 554 168 63 18 -27 -27
1 9982 -79 -34 0 0 0 0 0 0 17 8 4 22 30 N N N N 610 187 3 -69 -69
1 8065 -58 -50 0 0 1 1 1 0 23 14 5 -114 -12 N N N N 1371 420 1 -152 -152
1 11935 -95 -66 1 3 0 0 -1 0 30 21 5 -111 -15 N N N N 1966 612 18 -223 -223
1 10018 -74 -69 0 -3 0 0 0 0 26 25 6 -51 10 37 72 48 554 1846 577 21 -209 -209
1 9982 -78 -69 -1 -2 0 0 0 0 24 28 4 -103 -16 N N N N 2172 673 14 -238 -238
1 10000 -81 -70 0 2 0 0 0 0 21 32 4 -125 -23 N N N N 2113 659 19 -231 -231
1 10000 -64 -49 -2 0 0 0 0 0 13 23 2 -69 -18 N N N N 1975 618 21 -214 -214
1 10016 -66 -29 0 0 0 0 0 0 6 14 2 -55 -22 40 71 50 554 1810 566 17 -194 -194
1 9987 -72 -20 4 -3 0 0 0 0 4 9 0 -37 -12 N N N N 1201 376 12 -128 -128
1 10000 -61 -24 0 -1 0 0 0 0 4 12 1 -87 -32 N N N N 768 242 10 -82 -82
1 9997 -61 -27 -2 4 0 0 0 0 4 15 1 -212 -74 N N N N 523 173 18 -61 -61
1 10018 -76 -28 -4 -6 0 0 0 0 4 13 -1 -465 -88 38 75 51 554 438 161 38 -61 -61
1 9984 -70 -20 2 3 0 0 0 0 2 11 0 -616 -141 N N N N 889 329 79 -125 -125
1 9998 -64 -18 1 1 0 0 0 0 1 10 1 -330 -78 N N N N 1193 445 112 -168 -168
1 10002 -68 -14 0 -1 0 0 0 0 1 7 1 -187 -50 N N N N 802 298 68 -110 -110
1 10016 -70 -13 -2 2 0 0 0 0 2 7 -1 -241 -65 38 75 51 553 645 240 58 -90 -90
1 9984 -60 -33 0 1 0 0 0 0 0 18 1 -232 -65 N N N N 650 240 53 -88 -88
1 10000 -61 3542 -1 2 0 0 0 0 0 31 -1 -438 -135 N N N N 480 183 47 -68 -68
1 9998 -61 -82 1 0 0 0 0 0 -7 43 -2 -999 -286 N N N N 337 183 107 -81 -81
1 10019 -64 -103 -1 1 0 0 0 0 -18 52 0 -1245 -381 39 74 57 554 10 135 177 -80 -80
1 9981 -63 -93 3 -1 0 0 0 0 -25 43 -4 -2003 -594 N N N N 163 223 233 -121 -121
1 10000 -60 -38 -6 -12 0 0 0 0 -10 14 -2 -1947 -612 N N N N -473 73 301 -87 -87
1 10002 -43 32 -1 6 0 0 0 0 9 -13 1 -498 -240 N N N N -1006 -60 350 -56 -56
1 10016 -67 40 -1 1 0 0 0 0 13 -17 0 -1310 -501 40 75 64 554 -769 -113 182 -4 -4
1 9984 -56 -15 3 3 0 0 0 0 -5 7 1 -1573 -433 N N N N -1289 -196 299 -2 -2
1 9998 -51 -31 -2 0 0 0 0 0 -9 14 -2 -488 -199 N N N N -1866 -389 295 62 62
1 10000 -50 -25 -1 0 0 0 0 0 -8 10 -2 -277 -122 N N N N -894 -164 179 14 14
1 10016 -64 -21 1 -1 0 0 0 0 -7 9 -1 -135 -87 41 76 69 553 -690 -139 122 19 19
1 9984 -59 -12 -2 -1 0 0 0 0 -4 5 0 -186 -89 N N N N -628 -136 97 24 24
1 10002 -48 -34 0 5 0 0 0 0 -12 14 -4 -1654 -456 N N N N -462 -107 64 20 20
1 10000 -54 -94 -5 0 0 0 0 0 -38 33 -10 -1602 -416 N N N N -683 -33 276 -47 -47
1 10014 -65 -128 6 0 0 0 0 0 -61 34 -9 -842 -237 40 78 71 553 1171 602 312 -261 -261
1 14516 -95 -176 35 -7 79 -2 -6 -4 -97 24 -9 -2383 -561 N N N N 4415 1730 375 -628 -628
1 8645 -67 -28 13 -2 1 1 -37 0 -17 0 -3 -219 -152 N N N N 2505 1026 258 -371 -371
1 9646 -79 15 -8 2 -2 0 -48 0 9 -1 1 -171 -103 N N N N 3458 1311 199 -437 -437
1 8173 -73 25 5 -1 1 -2 -41 0 13 -1 3 -141 -83 41 81 75 553 2514 936 116 -301 -301
1 10732 -92 58 -5 4 1 2 -54 0 31 -4 7 -201 -94 N N N N 2848 1043 103 -324 -324
1 8187 -70 45 -4 6 -1 -1 -41 1 24 -6 1 -67 -42 N N N N 2087 759 67 -230 -230
1 15677 -154 177 5 118 0 1393 -8 1 84 -24 -32 -2659 -854 N N N N 3233 1223 154 -374 -374
1 10015 -98 20 4 2 0 0 0 0 7 -5 6 -3111 -990 38 84 83 553 2458 1192 414 -415 -415
1 10453 -100 2 0 -2 0 0 0 0 1 -1 0 -1127 -391 N N N N 3998 1897 593 -632 -632
1 10002 -92 52 -3 2 0 0 0 0 22 -16 8 -435 -181 N N N N 5139 2108 353 -615 -615
1 11881 -106 80 1 -6 0 0 0 0 30 -30 14 -231 -118 N N N N 6489 2486 230 -658 -658
1 10014 -86 81 -2 2 0 0 0 0 25 -33 12 -132 -57 39 84 90 553 4281 1630 129 -412 -412
1 10457 -95 103 2 4 0 0 0 0 23 -46 17 -94 -44 N N N N 3232 1220 83 -299 -299
1 10000 -96 93 0 -1 0 0 0 0 13 -46 12 -60 -32 N N N N 2402 904 56 -216 -216
1 10000 -83 80 1 -2 0 0 0 0 5 -41 11 -29 -21 N N N N 1880 692 29 -160 -160
1 10017 -82 -3536 -1 -2 0 0 0 0 0 -34 6 -109 -28 40 84 94 553 1296 472 15 -108 -108
1 10805 -105 67 1 4 0 0 0 0 -6 -34 6 -47 -13 N N N N 1295 491 31 -113 -113
1 10001 -86 56 0 -1 0 0 0 0 -8 -28 5 -80 -21 N N N N 1229 450 15 -101 -101
1 10000 -100 52 -3 1 0 0 0 0 -8 -26 2 -283 -81 N N N N 899 344 25 -80 -80
1 10015 -71 27 3 -3 0 0 0 0 -7 -14 3 -410 -109 41 86 94 553 1002 424 64 -104 -104
1 10748 -104 -7 0 1 0 0 0 0 2 4 0 -736 -200 N N N N 1172 509 86 -127 -127
1 10003 -89 -19 0 4 0 0 0 0 4 10 -1 -976 -273 N N N N 1586 726 146 -184 -184
1 9999 -84 15 -4 -2 0 0 0 0 -3 -8 -1 -1015 -287 N N N N 2337 1068 209 -265 -265
1 10017 -89 56 1 -2 0 0 0 0 -13 -27 2 -158 -78 44 91 99 553 3128 1379 226 -328 -328
1 10455 -88 149 -7 -1 0 0 0 0 -47 -65 0 -573 -180 N N N N 3380 1379 143 -303 -303
1 9479 -79 179 2 -27 6 -193 -4 -1 -78 -66 -17 -462 -144 N N N N 2931 1220 139 -266 -266
1 9917 -74 104 -26 -93 -45 -1202 -1 3 -48 -42 -58 -433 -135 N N N N 1921 844 124 -187 -187
1 10618 -52 76 -13 -2 0 0 0 0 -38 -10 -11 -155 -58 42 89 93 553 1956 830 100 -176 -176
1 9986 -70 63 4 -2 0 0 0 0 -35 -4 -5 -12 -14 N N N N 1317 555 63 -117 -117
1 10000 -55 59 -2 3 0 0 0 0 -32 0 -6 -9 -13 N N N N 1045 408 25 -80 -80
1 9999 -57 55 1 -1 0 0 0 0 -30 3 -4 -8 -7 N N N N 579 231 15 -45 -45
1 10016 -50 56 0 2 0 0 0 0 -30 5 -6 -25 -9 41 86 98 553 258 117 19 -26 -26
1 9984 -60 58 -2 -2 0 0 0 0 -30 9 -4 -51 -16 N N N N 240 90 3 -17 -17
1 10000 -59 61 2 -1 0 0 0 0 -31 12 -5 -126 -35 N N N N 108 65 21 -16 -16
1 10000 -57 64 -1 2 0 0 0 0 -30 16 -6 -220 -61 N N N N 128 83 28 -21 -21
1 10016 -38 57 3 -1 0 0 0 0 -26 17 -2 -264 -74 42 88 100 553 183 125 46 -33 -33
1 9984 -67 67 -5 -6 0 0 0 0 -27 22 -6 -854 -220 N N N N 374 211 59 -50 -50
1 10001 -53 100 2 0 0 0 0 0 -35 40 -4 -1234 -349 N N N N 582 390 141 -100 -100
1 9999 -42 114 -2 1 0 0 0 0 -31 50 -3 -558 -198 N N N N 1888 1072 297 -253 -253
1 10016 -60 141 -3 1 0 0 0 0 -24 69 -4 -1159 -333 44 96 109 552 3425 1531 209 -310 -310
1 9984 -50 111 5 -2 0 0 0 0 -5 57 0 -601 -196 N N N N 4621 2053 261 -402 -402
1 10000 -55 113 -7 4 0 0 0 0 7 58 5 -418 -143 N N N N 5426 2262 183 -408 -408
1 10000 -42 86 1 0 0 0 0 0 13 43 1 -58 -45 N N N N 5170 2119 141 -364 -364
1 10016 -55 68 3 1 0 0 0 0 15 32 3 -96 -45 42 97 106 552 3290 1296 49 -209 -209
1 9984 -58 62 -3 -2 0 0 0 0 16 28 2 -121 -49 N N N N 2389 939 33 -149 -149
1 10000 -58 54 -3 2 0 0 0 0 17 23 4 -107 -44 N N N N 2423 991 59 -161 -161
1 10001 -57 44 3 0 0 0 0 0 16 17 2 -52 -22 N N N N 2202 870 32 -134 -134
1 10016 -49 40 -1 2 0 0 0 0 15 15 1 -85 -34 44 94 109 552 1887 729 16 -110 -110
1 9983 -47 37 2 -2 0 0 0 0 15 13 3 -42 -17 N N N N 1280 519 27 -80 -80
1 10001 -63 37 -3 -2 0 0 0 0 16 12 2 -45 -19 N N N N 1214 479 16 -72 -72
1 9999 -50 29 0 1 0 0 0 0 13 8 3 -19 -10 N N N N 1015 400 14 -60 -60
1 10016 -49 22 5 5 0 0 0 0 10 6 0 -108 -38 42 93 112 552 1103 424 7 -61 -61
1 9984 -49 20 -5 0 0 0 0 0 9 6 2 -114 -32 N N N N 705 316 34 -51 -51
1 10001 -50 13 2 -3 0 0 0 0 6 3 2 -57 -19 N N N N 920 387 27 -60 -60
1 10000 -69 0 1 2 0 0 0 0 0 1 -1 -41 -17 N N N N 879 337 5 -48 -48
1 10015 -48 -8 0 -1 0 0 0 0 -4 -3 1 -78 -23 44 99 115 552 839 378 41 -60 -60
1 11381 -66 -15 37 1 88 0 -6 -4 -9 -5 -12 -70 -26 N N N N 1167 442 3 -62 -62
1 9428 -73 -27 31 1 1 0 -46 0 -14 -7 -13 -194 -56 N N N N 628 252 10 -37 -37
1 8193 -65 -32 -10 0 -1 0 -45 0 -13 -10 0 -247 -67 N N N N 585 251 20 -38 -38
1 10026 -83 -33 -1 2 1 0 -53 0 -14 -10 -4 -89 -32 44 104 113 552 1291 604 75 -97 -97
1 9673 -81 -39 -3 -4 -1 -1 -51 0 -15 -13 -4 -121 -40 N N N N 1739 733 50 -108 -109
1 14005 -116 -78 1 -121 8 -1382 -29 2 -29 -36 34 -82 -27 N N N N 2145 890 51 -128 -128
1 10809 -103 -111 5 -2 0 0 0 0 -33 -44 -19 -68 -24 N N N N 1572 674 50 -99 -98
1 10014 -105 -117 -2 -2 0 0 0 0 -24 -53 -18 -39 -11 43 98 110 552 1350 561 32 -79 -79
1 10455 -92 -119 0 1 0 0 0 0 -12 -58 -17 -7 -5 N N N N 1130 443 11 -60 -61
1 10001 -91 -117 -2 3 0 0 0 0 1 -59 -14 -43 -14 N N N N 968 386 12 -52 -52
1 11882 -110 -138 3 -1 0 0 0 0 17 -68 -12 -97 -36 N N N N 698 301 23 -43 -42
1 10016 -90 -116 2 -2 0 0 0 0 26 -54 -5 -191 -52 48 100 107 552 773 335 26 -48 -49
1 10864 -110 -130 -2 -2 0 0 0 0 43 -53 -1 -105 -28 N N N N 963 451 52 -67 -67
1 10001 -103 -101 4 3 0 0 0 0 41 -35 2 -121 -34 N N N N 1217 491 18 -65 -64
1 9999 -90 -85 -5 0 0 0 0 0 38 -25 8 -177 -56 N N N N 1024 447 36 -63 -63
1 10016 -81 -83 -2 -4 0 0 0 0 41 -18 4 -206 -54 45 106 98 551 999 455 45 -65 -65
1 10750 -105 -78 7 3 0 0 0 0 40 -12 8 -157 -52 N N N N 1491 649 50 -90 -90
1 9998 -87 -79 -5 -3 0 0 0 0 42 -8 9 -145 -49 N N N N 1019 468 47 -67 -67
1 10004 -111 -73 -1 1 0 0 0 0 39 -1 12 -141 -44 N N N N 1087 487 43 -67 -67
1 10014 -88 -82 -1 -1 0 0 0 0 44 3 10 -78 -23 46 106 94 551 736 353 43 -51 -51
1 10456 -111 -100 3 -1 0 0 0 0 50 13 19 -74 -27 N N N N 877 370 21 -49 -49
1 10000 -91 -83 -2 3 0 0 0 0 42 17 11 -74 -24 N N N N 475 236 32 -34 -34
1 10000 -98 -92 1 1 0 0 0 0 40 26 18 -99 -29 N N N N 491 229 24 -32 -32
1 13952 -134 -118 -21 124 -50 1402 -4 2 48 66 58 -48 -17 45 110 93 551 638 306 36 -43 -43
1 10810 -90 -21 -16 1 0 0 0 0 12 8 -7 -43 -14 N N N N 285 101 -4 -12 -12
1 10001 -72 11 0 0 0 0 0 0 -5 -4 2 -29 -11 N N N N 229 115 15 -16 -16
1 9999 -72 34 -3 2 0 0 0 0 -12 -13 -2 -30 -7 N N N N 112 68 15 -11 -11
1 10016 -91 37 4 0 0 0 0 0 -12 -16 -3 -18 -7 50 105 89 550 206 102 13 -14 -14
1 9984 -78 36 0 -2 0 0 0 0 -15 -13 -4 -17 -6 N N N N 233 102 8 -14 -14
1 10000 -77 39 -6 2 0 0 0 0 -15 -13 -4 -18 -5 N N N N 136 63 6 -9 -9
1 10000 -72 35 2 0 0 0 0 0 -16 -11 -3 -33 -10 N N N N 47 21 2 -3 -3
1 10016 -93 34 2 -2 0 0 0 0 -16 -10 -2 -83 -23 49 108 86 550 101 65 15 -10 -10
1 9985 -67 16 -1 1 0 0 0 0 -7 -5 -1 -72 -19 N N N N 20 31 13 -6 -6
1 9999 -83 7 -1 2 0 0 0 0 -4 -1 1 -38 -11 N N N N 45 58 23 -11 -11
1 10000 -81 -3 0 -1 0 0 0 0 3 0 -5 -40 -11 N N N N 53 43 13 -8 -8
1 10016 -75 -18 -3 0 0 0 0 0 7 6 8 -40 -13 46 100 80 550 2 22 12 -5 -5
1 9984 -78 -2 1 0 0 0 0 0 2 0 -3 -26 -4 N N N N 64 44 11 -7 -7
1 10000 -78 -3 1 0 0 0 0 0 1 1 1 -22 -10 N N N N 110 57 8 -8 -8
1 10000 -86 0 1 -2 0 0 0 0 -1 0 1 -21 -4 N N N N 114 63 12 -10 -10
1 10015 -79 8 -4 2 0 0 0 0 -2 -3 -4 -8 -6 44 103 79 549 -3 16 9 -3 -3
1 9985 -74 8 2 0 0 0 0 0 -4 -2 -1 -22 -7 N N N N 93 36 1 -5 -5
1 10000 -75 7 1 0 0 0 0 0 -3 -2 0 -22 -5 N N N N 90 55 11 -8 -8
1 10000 -74 9 0 0 0 0 0 0 -5 -2 0 -26 -7 N N N N 21 20 7 -4 -4
1 10016 -76 10 -2 0 0 0 0 0 -5 -2 -1 -32 -13 47 97 76 549 67 36 6 -5 -5
1 9985 -88 3 5 0 0 0 0 0 -2 -1 2 -30 -7 N N N N 131 66 9 -10 -10
1 10000 -69 -3 -5 0 0 0 0 0 2 1 -2 -32 -12 N N N N -90 -13 12 0 0
1 10000 -74 -12 0 -3 0 0 0 0 6 2 0 -56 -17 N N N N 107 54 7 -8 -8
1 10015 -69 -7 -1 3 0 0 0 0 3 3 3 -42 -13 44 99 77 549 -57 10 18 -5 -5
1 9984 -82 -2 1 -2 0 0 0 0 1 0 0 -27 -9 N N N N -2 16 10 -3 -3
1 10001 -68 1 0 2 0 0 0 0 0 0 -2 -35 -12 N N N N 105 61 11 -10 -10
1 10000 -81 -5 2 1 0 0 0 0 2 1 2 -69 -24 N N N N -107 -24 10 1 1
1 10015 -64 -3 -1 -1 0 0 0 0 2 1 -2 -122 -33 46 99 70 548 86 66 19 -11 -11
1 9984 -72 -7 -1 -3 0 0 0 0 2 2 3 -96 -31 N N N N -111 10 29 -7 -7
1 10000 -67 14 0 3 0 0 0 0 -7 -3 1 -53 -18 N N N N -8 48 29 -11 -11
1 8754 -62 19 -1 -3 -1 1 -12 -4 -8 -6 -5 -119 -39 N N N N -14 20 15 -5 -5
1 11261 -83 30 -2 3 1 -1 -37 4 -15 -6 0 -190 -60 47 94 70 548 37 76 34 -15 -15
1 9985 -65 4 3 -1 0 0 0 0 -2 -1 -2 -289 -86 N N N N 105 122 46 -23 -23
1 10000 -70 -14 -5 0 0 0 0 0 9 2 -4 -249 -78 N N N N -120 63 62 -19 -19
1 10001 -70 -26 -3 4 0 0 0 0 12 8 9 -98 -43 N N N N 19 121 64 -26 -26
1 10015 -83 -40 4 0 0 0 0 0 18 11 4 -174 -55 45 93 69 547 167 131 37 -22 -22
1 9984 -65 -39 -2 0 0 0 0 0 19 11 0 -154 -52 N N N N 205 164 48 -28 -28
1 10000 -61 -98 -2 0 0 0 0 0 41 34 6 -262 -80 N N N N 68 131 59 -26 -26
1 10000 -66 -29 8 -5 0 0 0 0 10 10 0 2 -13 N N N N 177 167 56 -30 -30
1 10016 -83 -24 -7 4 0 0 0 0 10 11 0 -42 -20 42 94 67 547 140 101 26 -16 -16
1 9984 -72 -51 -4 -4 0 0 0 0 14 22 7 -126 -33 N N N N 112 71 16 -11 -11
1 10000 -58 -34 5 1 0 0 0 0 10 15 2 -56 -24 N N N N 147 104 26 -17 -17
1 10000 -71 -36 -1 -3 0 0 0 0 10 16 -1 -26 -9 N N N N -32 48 34 -12 -12
1 10016 -69 -22 -2 3 0 0 0 0 6 11 2 -28 -12 46 92 68 546 274 97 -5 -10 -10
1 9984 -49 -90 7 3 0 0 0 0 15 46 4 -157 -49 N N N N -14 21 14 -5 -5
1 10000 -76 51 -5 -5 0 0 0 0 -11 -26 2 118 27 N N N N -135 16 39 -9 -9
1 10000 -73 28 8 7 0 0 0 0 -4 -13 -1 -2 2 N N N N 216 80 -2 -8 -8
1 10017 -69 46 -12 -4 0 0 0 0 -9 -23 -8 -36 -9 46 95 65 546 110 48 3 -7 -7
1 9983 -61 -71 9 0 0 0 0 0 13 35 10 -64 -18 N N N N 105 48 4 -6 -6
1 10000 -78 -3 -13 -1 0 0 0 0 6 0 -12 -15 -5 N N N N 20 35 15 -7 -7
1 9999 -75 -16 16 6 0 0 0 0 -2 10 14 -8 -4 N N N N -14 19 13 -4 -4
1 10017 -69 6 -8 -23 0 0 0 0 3 -8 -15 86 7 43 91 64 546 176 71 2 -9 -9
