version: 66.11
glider: 175
mission: 10
dive: 239
start: 1 31 126 18 57 20
columns: rec,elaps_tms,depth,heading,pitch,roll,AD_pitch,AD_roll,AD_vbd,GC_phase,mag.x,mag.y,mag.z,sbect.TempFreq,sbect.CondFreq,aa4330.O2,aa4330.AirSat,aa4330.Temp,aa4330.CalPhase,aa4330.TCPhase,wlbb2f.redCount,wlbb2f.blueCount,wlbb2f.fluorCount,wlbb2f.VFtemp,
data:
0 22246 -779 1657 -711 52 238 2371 654 2 415 -56 261 279713 166733 338743 96810 10325 31930 31930 260 137 97 571
1 10020 2 58 -12 -42 0 -1 287 0 4 -5 -4 45 -2 1092 303 -4 -37 -37 -4 8 12 0
1 9988 11 -10 -9 16 0 1 281 0 6 6 -8 -4 1 963 271 -2 -33 -33 9 -28 -50 0
1 9993 22 4 -22 -7 0 0 274 0 11 -4 -13 21 3 -1072 -310 -2 39 39 25 22 48 -1
1 10016 27 -15 0 10 0 0 267 0 1 0 -1 28 -3 -40021 -12226 -394 1729 1729 27 16 40 1
1 9988 29 -52 -15 25 0 0 256 0 10 -6 -13 -77 3 -8976 -2557 -8 382 382 -9 9 -2 0
1 9995 34 -9 -18 -22 0 0 248 0 10 -15 -17 36 1 -5275 -1510 -9 232 232 -9 -9 -20 -1
1 9998 77 -13 -4 -10 0 0 260 0 2 -10 -4 14 1 -2113 -583 8 89 89 49 -27 -69 0
1 15130 298 -72 17 19 470 0 248 -1 -6 -15 9 100 -3 -1471 -458 -22 76 76 -47 1 30 1
1 8962 309 -25 227 31 1695 1286 3 5 -143 27 144 12 -11 -1991 -609 -24 101 101 12 18 9 -1
1 14989 454 -125 211 157 0 23 2 -2 -159 106 64 65 -26 -1366 -403 -10 66 66 -26 -6 -2 1
1 10000 249 4 37 -12 0 0 0 0 -36 -8 10 -26 -67 -727 -217 -6 36 36 -8 3 -4 -1
1 9999 234 -47 28 4 0 0 0 0 -11 -7 3 -35 -127 -664 -188 0 30 30 5 3 7 0
1 10001 197 -69 8 -1 0 0 0 0 11 -21 1 -14 -66 -806 -221 4 34 34 18 0 -8 1
1 10329 194 -68 -1 5 0 0 0 0 19 -15 -4 18 -24 -1700 -480 0 78 78 5 7 4 0
1 9999 182 -49 0 -5 0 0 0 0 18 -13 -4 45 -21 -1738 -494 -1 80 80 -22 -8 -4 -1
1 10000 184 14 -15 -10 0 0 0 0 9 -6 -2 81 -19 -1455 -420 -5 69 69 12 3 9 0
1 10000 202 -34 1 9 0 0 0 0 9 -1 -3 -40 -14 -1227 -360 -7 61 61 3 -4 -3 0
1 10318 208 -20 4 -1 0 0 0 0 4 -3 -2 -18 -20 -554 -158 -1 26 26 -4 6 0 0
1 9999 185 -49 4 7 0 0 0 0 12 -4 -3 73 -13 -256 -69 1 11 11 22 5 -5 1
1 10000 186 -61 11 -9 0 0 0 0 14 -11 -5 52 6 -595 -184 -8 32 32 -18 -10 3 0
1 10000 174 -43 -11 5 0 0 0 0 24 0 -10 54 8 -337 -110 -9 20 20 -8 3 -1 -1
1 11257 210 9 -9 2 0 0 0 0 2 -2 -1 -158 -57 91 16 -5 -1 -1 50 -2 -3 0
1 9999 194 -40 -5 17 0 0 0 0 18 12 -8 -18 -10 -389 -89 12 12 12 -41 8 10 0
1 8650 179 -19 22 -121 75 -1340 4 0 -8 -96 -6 95 34 858 249 3 -42 -42 51 -25 -48 0
1 11351 195 30 45 -69 0 -1 0 2 -44 -51 6 -83 -36 -1480 -429 -6 72 72 -46 20 39 0
1 9999 172 21 27 -40 0 0 0 0 -30 -33 -1 10 -3 -574 -150 7 24 24 16 -6 -4 0
1 10000 158 9 -1 3 0 0 0 0 -2 3 1 -31 -7 364 100 -2 -16 -16 -29 7 5 0
1 9424 136 11 8 -23 33 -1 -1 0 -10 -19 -4 -27 -10 -626 -168 5 27 27 15 2 7 0
1 10577 143 0 32 6 0 0 0 0 -27 6 10 93 18 -298 -80 3 12 12 1 -9 -9 0
1 9999 131 -6 10 16 0 0 0 0 -7 14 7 53 19 207 44 -8 -5 -5 0 5 4 0
1 10000 130 -15 -4 -5 0 0 1 0 9 -4 -4 35 10 375 102 -2 -17 -17 32 2 -3 0
1 10001 100 19 -2 -16 0 0 0 0 -5 -13 -4 -358 -127 -262 -76 -2 13 13 -31 -2 1 0
1 9999 96 48 0 15 0 0 0 0 -18 14 9 -53 -50 -876 -202 26 28 28 -1 -4 3 1
1 9854 102 47 -14 -2 -31 0 0 0 -5 1 2 67 -26 -1590 -424 15 68 68 -2 7 -6 -1
1 10605 120 30 -26 0 0 0 0 0 10 0 -2 12 -6 -941 -266 0 45 45 -5 -7 2 0
1 9999 121 56 -1 -9 0 0 0 0 -19 -1 3 33 -7 -379 -107 -1 18 18 16 5 -1 0
1 8161 87 1 -4 110 -2 1322 -1 0 2 97 25 -32 -14 -543 -159 -3 28 28 15 -12 -26 0
1 14290 162 -99 14 111 0 30 0 -2 20 84 3 47 -3 -459 -132 -1 22 22 -13 7 22 0
1 9999 107 -50 9 9 0 0 0 0 11 3 -2 1 -15 -283 -81 0 14 14 11 5 7 0
1 10001 104 -37 -7 7 0 0 0 0 20 4 -5 2 -5 0 -1 -1 1 1 7 4 0 0
1 10000 127 -52 4 -8 0 0 0 0 16 -10 -5 -5 -8 -48 -12 1 1 1 0 2 -2 0
1 8468 85 -16 -7 -114 0 -1329 0 0 14 -97 -14 -116 -1 -933 -265 0 46 46 57 1 -15 0
1 11530 129 -26 -11 -110 0 -30 1 2 20 -88 -33 112 -18 335 95 0 -17 -17 -77 -4 13 0
1 10002 111 11 3 9 0 0 0 0 -6 7 5 -3 -6 -327 -92 0 16 16 35 7 2 0
1 10000 101 53 5 -12 0 0 0 0 -23 -11 4 30 -62 -266 -75 0 13 13 -2 -5 -1 0
1 9415 103 12 -4 0 0 0 0 0 -1 1 0 24 -36 -375 -112 -4 20 20 30 16 5 0
1 10585 104 0 0 3 0 0 0 0 0 3 2 25 -13 -956 -272 -1 47 47 -5 -9 -4 0
1 10000 119 -14 -2 11 0 0 0 0 7 9 2 14 -2 -392 -116 -3 20 20 -39 -6 1 0
1 10000 101 -51 -1 -3 0 0 0 0 19 -1 -7 75 -4 -543 -160 -3 29 29 43 6 3 0
1 10000 117 -8 2 -13 0 0 0 0 0 -12 -7 -5 0 178 40 -7 -6 -6 -23 -5 -3 0
1 10000 102 -14 12 -8 0 0 0 0 -4 -5 1 11 3 -372 -113 -4 21 21 39 10 2 0
1 10000 117 -33 -13 15 0 0 0 0 21 16 -4 54 1 134 36 -1 -6 -6 130 14 -1 0
1 10000 114 -57 6 -5 0 0 0 0 15 1 -5 49 -1 -390 -123 -8 23 23 -161 -20 -3 0
1 10000 113 -54 6 1 0 0 0 0 13 5 -3 14 -2 217 49 -7 -7 -7 29 1 2 0
1 8085 95 -26 -21 -95 0 -1318 -1 0 24 -61 -43 -31 -1 -144 -46 -3 8 8 105 17 14 0
1 13287 157 42 4 -111 0 -39 0 -2 -15 -80 -48 47 2 4 -11 -7 4 4 -102 -13 -15 0
1 10001 125 26 15 7 0 0 0 0 -20 -3 9 44 -4 -254 -74 -1 13 13 -20 8 4 0
1 10085 129 24 -2 -13 0 0 0 0 -6 -11 -6 23 -6 -345 -103 -3 18 18 2 -8 -6 0
1 10000 129 14 5 0 0 0 0 0 -8 -2 2 24 -2 -78 -32 -6 7 7 -21 -3 1 0
1 10000 110 40 -4 8 0 0 0 0 -10 1 6 26 1 19 0 -3 1 1 72 9 2 0
1 10000 128 24 -3 -3 0 0 0 0 -6 -5 -2 30 -2 17 -2 -4 1 1 -51 -3 0 0
1 10305 127 21 10 -13 0 0 0 0 -15 -11 -2 47 0 -335 -106 -7 20 20 76 6 2 0
1 10000 134 -2 -4 11 0 0 0 0 3 8 5 374 31 -7 -13 -6 4 4 -30 -3 -4 0
1 10000 114 49 11 1 0 0 0 0 -26 -3 8 149 27 433 60 -37 -3 -3 8 1 0 0
1 8827 100 82 7 47 0 403 0 0 -37 24 34 -18 -54 -31 -53 -25 15 15 -43 3 2 0
1 11173 118 29 -32 150 0 959 -1 2 16 123 66 90 -10 -262 -98 -15 21 21 20 -2 0 0
1 10000 109 74 5 -21 0 0 0 0 -32 -14 1 -79 -54 -464 -148 -9 27 27 29 7 -3 0
1 9999 108 31 8 24 0 0 0 0 -16 27 14 8 -9 -526 -141 3 24 24 64 4 3 0
1 8242 82 -27 -10 142 -1 1343 0 0 10 112 25 -77 6 -287 -76 4 13 13 26 -20 -49 0
1 14259 156 -52 9 100 1 32 0 -2 12 88 2 27 -42 -666 -197 -6 36 36 -64 3 38 0
1 10000 109 -36 1 -13 0 0 0 0 12 -18 -2 -12 -2 -233 -61 3 10 10 -35 5 6 0
1 9999 113 -48 5 -3 0 0 0 0 14 -6 -3 -85 -39 -156 -37 4 5 5 -19 -3 2 0
1 10001 96 -46 0 12 0 0 0 0 18 12 -5 -35 -16 -385 -96 7 15 15 294 28 -1 0
1 8573 101 -6 0 -120 0 -1342 0 0 5 -100 -10 -340 -39 -1048 -284 7 49 49 -306 -31 -19 0
1 11426 100 24 -15 -109 0 -17 0 2 5 -95 -28 107 -41 -265 -32 25 0 0 27 3 21 0
1 10000 96 51 4 -2 0 0 0 0 -22 -1 6 -259 -65 -1044 -277 10 47 47 70 8 3 0
1 10000 108 -8 3 12 0 0 0 0 -1 8 3 153 38 -351 -71 17 9 9 -47 0 -9 0
1 9421 93 -10 7 -9 0 0 0 0 -1 -6 -2 -19 -12 -452 -123 3 21 21 507 36 8 0
1 10579 105 -2 -18 3 0 0 0 0 15 1 -3 -153 -47 -678 -181 6 31 31 -569 -44 -7 0
1 10000 110 -25 4 -5 0 0 0 0 6 -4 -4 229 59 -54 1 10 -2 -2 41 4 1 0
1 10000 110 -18 2 -3 0 0 0 0 4 -5 -4 37 8 255 52 -12 -7 -7 -25 2 9 0
1 10000 106 14 16 -5 0 0 0 0 -17 0 5 -144 -37 92 11 -9 0 0 187 8 -2 0
1 10001 102 4 -12 13 0 0 0 0 8 10 2 36 10 -44 -1 7 -1 -1 -182 -12 -4 0
1 10000 87 -39 13 4 0 0 0 0 4 4 1 -16 -14 59 21 2 -4 -4 175 22 -5 0
1 9999 109 -6 -9 -7 0 0 0 0 9 -9 -6 45 13 -359 -98 2 17 17 -149 -12 12 0
1 10001 107 1 -4 12 0 0 0 0 3 13 3 -54 -15 -56 -18 -1 3 3 -13 -13 -7 0
1 10000 112 -28 5 1 0 0 0 0 6 -1 -2 128 29 -92 -21 3 3 3 74 17 1 0
1 10000 114 -13 -2 -5 0 0 0 0 6 -1 -3 -2 4 14 -13 -10 5 5 -30 -14 1 0
1 9999 108 28 1 -8 0 0 0 0 -11 -9 0 -70 -21 247 66 -3 -11 -11 -55 -1 -1 0
1 9421 109 6 2 3 0 0 0 0 -4 3 3 4 -2 -14 -3 1 0 0 75 19 3 0
1 10579 111 10 1 7 0 0 0 0 -4 5 3 -50 -19 -304 -78 5 13 13 -105 -25 -6 0
1 10001 104 -30 -11 -10 0 0 0 0 20 -10 -10 50 16 149 47 3 -9 -9 56 4 2 0
1 9999 124 1 -1 0 0 0 0 0 0 1 1 0 -1 -350 -102 -2 19 19 30 15 -1 0
1 10001 120 18 18 -3 0 0 0 0 -21 0 5 26 -1 84 21 -2 -4 -4 -56 -16 5 0
1 10000 115 2 -6 7 0 0 0 0 4 5 1 28 5 173 48 0 -8 -8 -23 2 -5 0
1 10000 106 -1 0 1 0 0 0 0 0 0 0 -35 -26 37 6 -3 -1 -1 88 3 0 0
1 10000 103 19 -5 -2 0 0 0 0 -2 0 1 165 14 -198 -55 0 10 10 -43 -4 3 0
1 10000 116 0 -1 4 0 0 0 0 1 3 1 43 7 -104 -51 -12 12 12 7 4 -2 0
1 10000 104 -8 10 -3 0 0 0 0 -5 -2 1 97 17 105 14 -10 -1 -1 6 4 2 0
1 9999 106 -20 -4 1 0 0 0 0 10 -1 -3 7 -12 52 -2 -10 3 3 -31 -2 -2 0
1 10001 85 -36 -5 -2 0 0 0 0 17 2 -6 405 103 -17 -18 -8 5 5 92 18 -4 0
1 9418 88 -41 2 12 0 0 0 0 13 11 0 65 23 360 30 -43 4 4 -110 -15 3 0
1 10581 102 -11 -9 2 0 0 0 0 10 1 -4 -229 -48 503 107 -20 -14 -14 67 4 3 0
1 10000 99 9 7 -12 0 0 0 0 -8 -9 0 98 25 286 85 2 -16 -16 -67 -2 0 0
1 8423 96 28 1 -114 0 -1357 0 0 -9 -87 -40 -104 23 913 251 -3 -44 -44 19 16 26 0
1 14157 150 85 10 -109 0 -22 0 -2 -37 -80 -48 191 0 42 -18 -18 7 7 2 -24 -32 0
1 8828 92 26 -5 73 0 534 -1 0 -7 46 41 -95 26 -158 -38 4 6 6 184 27 -1 0
1 11172 121 -51 -2 148 0 846 0 2 18 115 57 54 -33 200 45 -7 -7 -7 -156 -26 11 0
1 9999 119 -64 -6 1 0 0 0 0 28 5 -7 492 117 -131 -25 7 3 3 -31 7 -7 0
1 10001 111 -39 8 -1 0 0 0 0 7 1 -3 83 18 273 15 -36 6 6 6 -5 8 0
1 8224 105 -27 2 -120 0 -1341 0 0 9 -86 -47 -49 10 1686 427 -28 -70 -70 -8 10 5 0
1 13319 150 104 -7 -119 0 -42 0 -2 -28 -88 -58 255 24 72 -26 -27 11 11 65 -2 -9 0
1 10000 116 22 4 27 0 0 0 0 -12 16 19 -23 -3 717 175 -16 -28 -28 23 -1 2 0
1 10090 115 74 9 7 0 0 0 0 -34 -1 12 -29 -14 85 11 -7 0 0 -50 -1 -5 0
1 8184 100 51 -3 116 0 1388 0 0 -19 81 64 -89 -11 -398 -110 1 19 19 -65 -5 -1 0
1 11817 122 19 -8 104 0 1 0 2 0 90 40 64 4 72 28 4 -6 -6 66 5 2 0
1 9999 101 11 -1 -15 0 0 0 0 -2 -10 -3 -49 -16 -410 -115 0 21 21 19 7 3 0
1 10001 105 -5 3 -4 0 0 0 0 -2 -6 -2 -54 -18 135 42 3 -9 -9 -34 -5 0 0
1 8286 97 4 -7 116 -1 1319 0 0 1 97 26 -182 -2 -675 -182 4 32 32 -73 3 33 0
1 13299 139 -66 7 116 0 32 0 -2 16 93 3 186 -15 57 25 6 -6 -6 74 -10 -38 0
1 10000 105 -35 9 -12 0 0 0 0 7 -8 -1 177 36 -47 -10 2 1 1 -13 7 3 0
1 10202 114 -31 4 7 0 0 0 0 7 1 -2 26 5 -26 -24 -11 7 7 186 19 1 0
1 13514 160 -57 8 -226 102 -1549 0 -2 18 -186 -40 172 55 329 49 -25 -3 -3 -145 -21 2 0
1 7627 45 -20 66 -13 0 0 -32 0 -49 -10 9 239 29 -466 -160 -18 32 32 -2 2 -5 0
1 7678 45 -3 21 -3 0 -1 -39 0 -17 -4 2 61 12 1301 341 -13 -57 -57 37 7 -1 0
1 9994 41 -4 3 -6 0 1 -49 0 -1 -2 -1 77 12 735 153 -31 -20 -20 15 1 7 0
1 10003 49 -12 -11 -2 -1 0 -50 0 14 1 -2 93 14 175 34 -9 -4 -4 -35 3 2 0
1 10002 47 -5 -5 4 0 0 -50 0 6 1 -1 -26 8 -290 -107 -15 22 22 97 5 2 0
1 10000 33 -13 -18 4 0 0 -49 0 20 6 -3 -28 6 1062 288 -6 -50 -50 -102 -2 -3 0
1 10001 41 -13 3 13 0 0 -50 0 2 10 4 102 2 420 101 -9 -15 -15 26 -5 -7 0
1 9999 28 -7 -19 -11 0 0 -47 0 19 -6 -8 -1 6 294 74 -5 -12 -12 -7 9 6 0
1 9999 38 -13 2 5 1 0 -48 0 3 2 1 -7 2 -52 -16 -1 3 3 -17 -11 4 0
1 10004 18 -31 -6 -3 0 0 -48 0 15 3 -5 126 2 193 47 -4 -8 -8 211 16 -9 0
1 10000 17 -30 -11 5 0 0 -48 0 19 8 -3 32 3 96 23 -2 -3 -3 433 25 5 0
1 9987 1 -5 -7 4 -1 -1 -50 0 8 2 -2 -35 1 408 110 -3 -19 -19 -538 -12 5 0
1 14334 -10 -43 123 -5 336 0 -33 0 -92 3 29 -15 0 32 -15 -14 6 6 -92 -28 -6 0
1 7549 -43 31 321 6 -1 0 -28 0 -302 -2 -25 -97 5 666 168 -11 -27 -27 74 8 -2 0
1 8943 -60 29 -21 4 1 1 -42 0 9 3 4 51 4 516 153 6 -28 -28 -22 0 0 0
1 9206 -60 -10 -17 -4 0 0 -47 0 17 -3 5 32 1 -91 -23 1 4 4 110 23 5 0
1 9974 -90 6 10 -3 0 0 -51 0 -10 -4 -5 -232 -23 104 29 0 -5 -5 -110 -24 -10 0
1 10026 -100 53 -13 8 0 0 -53 0 -5 2 -1 -222 -45 -10 6 5 -2 -2 18 -5 3 0
1 9989 -116 101 -6 3 0 0 -52 0 -27 -9 -13 -364 -54 -132 9 27 -8 -8 -111 -8 -2 0
1 9998 -110 43 -10 -6 0 -1 -52 0 -7 -1 -3 -27 -8 -437 -64 33 4 4 42 5 1 0
1 10016 -119 11 -8 3 0 1 -54 0 4 -1 1 2 -4 -1239 -287 36 42 42 43 13 7 0
1 9973 -117 -13 -3 -15 0 -1 -52 0 6 -11 -2 -67 3 -471 -111 12 17 17 -88 -19 -6 0
1 9997 -124 -19 5 3 0 0 -53 0 3 3 2 146 8 -1061 -288 5 49 49 17 1 2 0
1 10010 -130 7 -17 9 0 0 -54 0 12 6 8 19 14 -257 -72 0 13 13 30 5 0 0
1 11421 -160 -27 0 1 0 0 -45 4 9 4 4 96 2 -243 -75 -3 14 14 -63 -12 -1 0
1 10603 -154 -63 6 -12 0 0 0 0 17 -10 2 -20 14 -29 -12 -3 3 3 7 3 1 0
1 9999 -160 -13 -2 -2 0 0 0 0 6 -1 1 9 7 432 123 1 -22 -22 24 11 -1 0
1 9334 -146 -26 2 79 -25 1081 -4 0 7 68 26 -153 4 -408 -114 1 20 20 -8 -8 3 0
1 13984 -271 53 -7 156 1 324 0 -2 -12 129 13 17 -17 11 18 8 -5 -5 24 -3 -4 0
1 10000 -185 55 -10 5 0 0 0 0 -11 2 -3 -48 12 102 49 12 -12 -12 -41 4 2 0
1 10305 -181 71 -5 5 0 0 0 0 -22 -2 -7 102 33 141 35 -2 -5 -5 29 -9 -3 0
1 8887 -153 50 1 -93 6 -1384 -1 0 -18 -75 -13 -204 -32 1029 285 -2 -50 -50 -9 25 35 0
1 11113 -198 27 -27 -116 -35 -13 0 2 14 -93 -19 -144 -48 -1032 -263 15 43 43 -21 -24 -36 0
1 10000 -136 44 -21 -9 0 0 0 0 2 -5 -1 -687 -145 -7 67 41 -21 -21 12 -3 3 0
1 10000 -133 37 3 -3 0 0 0 0 -16 4 -4 -268 -58 -1079 -195 63 20 20 -57 -4 -5 0
1 8316 -85 6 14 -105 7 -1372 0 0 -11 -77 -41 -114 -19 -1812 -442 40 70 70 10 21 23 0
1 13337 -168 -108 -20 -116 1 -35 0 -2 56 -96 -47 347 83 -304 -43 25 2 2 143 -10 -17 0
1 10000 -107 -89 1 -29 0 0 0 0 31 -21 -10 58 20 -317 -107 -10 21 21 -93 -3 -1 0
1 8882 -98 -60 3 128 -1 1409 -2 0 18 85 75 -85 9 -162 -59 -8 13 13 247 33 7 0
1 11117 -130 -1 31 101 1 1 0 2 -28 81 34 -14 -37 481 133 -1 -24 -24 -278 -39 -6 0
1 10000 -128 12 0 -20 0 0 0 0 -4 -18 -8 -76 -17 443 137 7 -26 -26 8 3 -1 0
1 10000 -131 -26 -6 1 0 0 0 0 15 2 4 89 27 -80 -6 10 -1 -1 31 7 0 0
1 9996 -134 18 -4 15 0 0 0 0 -3 11 5 3 -7 -54 -24 -6 6 6 31 3 1 0
1 10005 -123 -37 -1 14 0 0 0 0 13 19 10 -62 -10 -181 -40 7 5 5 -46 -2 -2 0
1 10000 -125 -19 8 -2 0 0 0 0 -1 -2 -1 37 7 -125 -31 2 5 5 -25 -9 -2 0
1 8251 -99 -22 7 105 -1 1372 0 0 2 89 26 131 81 274 72 -3 -12 -12 -21 13 25 0
1 14307 -221 82 5 122 0 34 0 -2 -33 98 1 118 26 467 98 -19 -13 -13 208 5 -21 0
1 10001 -148 39 3 -3 0 0 0 0 -17 -5 -5 22 11 851 218 -14 -36 -36 -142 0 -2 0
1 10000 -164 45 -17 15 0 0 0 0 -2 13 -1 -2 18 259 64 -4 -10 -10 -19 -6 6 0
1 8207 -114 40 11 -110 1 -1413 0 0 -22 -92 -15 -51 -2 607 168 -2 -29 -29 46 -17 -42 0
1 11793 -181 22 -13 -112 0 -5 0 2 3 -94 -23 83 30 366 98 -3 -17 -17 41 27 36 0
1 10000 -144 -6 -11 -14 0 0 0 0 12 -10 0 -4 12 -167 -54 -4 11 11 -64 -10 3 0
1 10000 -155 -31 -2 2 0 0 0 0 13 1 5 -13 7 261 72 -1 -13 -13 -10 -6 -2 0
1 10001 -142 2 -1 3 0 -1 0 0 0 -1 0 3 0 423 121 1 -21 -21 28 5 -1 0
1 9999 -150 -50 4 -4 0 0 0 0 15 -4 3 10 3 213 57 -1 -10 -10 -49 -6 5 0
1 10000 -161 -38 2 3 0 0 0 0 12 4 5 11 2 142 38 -1 -6 -6 67 11 -3 0
1 10001 -154 -22 -6 -2 0 0 0 0 12 1 3 -72 7 254 71 -1 -13 -13 9 4 -2 0
1 9999 -168 -46 -2 2 0 0 0 0 19 3 6 -92 -18 -1 12 7 -3 -3 -73 -5 5 0
1 10001 -143 -24 4 -3 0 0 0 0 4 2 1 -137 -20 -267 -54 12 7 7 29 -4 -4 0
1 8271 -133 22 8 99 0 1403 0 0 -14 77 19 -95 7 126 61 15 -15 -15 26 -13 -52 0
1 13297 -262 114 8 134 1 16 0 -2 -49 109 -2 78 14 28 26 11 -6 -6 -56 0 48 0
1 8181 -132 44 2 -104 -1 -1420 0 0 -17 -84 -12 -51 18 302 87 1 -16 -16 -11 5 -2 0
1 11819 -217 44 -1 -111 0 -4 0 2 -15 -95 -30 -60 2 -205 -59 -1 10 10 72 0 3 1
1 10000 -164 27 -10 -32 0 0 0 0 -1 -24 -10 -113 -7 250 89 11 -17 -17 -114 -11 1 -1
1 10000 -156 18 -7 7 0 0 0 0 -1 8 3 -223 -15 45 47 20 -13 -13 44 14 6 0
1 8206 -118 -4 10 -113 0 -1349 0 0 -4 -81 -46 -150 -4 -158 -3 25 -5 -5 -61 3 11 0
1 14134 -209 14 -13 -73 0 -34 0 -2 6 -51 -35 -50 4 139 76 21 -18 -18 39 -19 -11 0
1 10000 -145 -22 -33 -59 0 0 0 0 37 -42 -24 -14 2 79 52 17 -13 -13 -39 6 -3 0
1 10001 -108 -71 36 25 0 0 0 0 -6 12 11 -4 -1 -232 -53 8 8 8 88 3 -3 0
1 10001 -106 -55 -13 6 0 0 0 0 31 -2 11 -40 1 281 91 6 -17 -17 -77 -9 5 0
1 8826 -95 -73 6 101 0 1248 -2 0 20 70 61 -100 1 1024 298 5 -53 -53 15 24 45 0
1 11172 -129 -42 23 97 -8 158 0 2 -6 80 41 54 -1 -1185 -327 5 55 55 -37 -23 -54 0
1 10001 -126 -7 -22 19 0 0 0 0 22 15 10 25 4 373 112 4 -20 -20 43 6 9 0
1 10000 -107 -25 -8 9 0 0 0 0 15 14 9 -21 1 66 18 0 -3 -3 19 -1 -4 0
1 8816 -81 29 14 77 -1 1314 0 0 -22 61 13 -89 -7 495 145 3 -26 -26 -38 -4 1 0
1 13311 -172 93 11 138 0 67 0 -2 -44 114 2 6 3 -681 -172 12 27 27 21 -4 -3 0
1 8814 -105 80 -9 -50 2 -541 0 0 -21 -45 -7 -214 -6 102 31 1 -5 -5 8 17 22 0
1 11186 -142 25 11 -156 7 -862 0 2 -17 -128 -35 156 -3 -161 -38 4 6 6 -18 -15 -19 0
1 10000 -116 23 -15 -2 0 0 0 0 4 -4 -1 4 13 210 69 6 -14 -14 -16 2 -1 0
1 10000 -120 -30 -1 -25 0 0 0 0 12 -21 -3 11 29 146 42 0 -7 -7 -32 -4 1 0
1 10001 -124 -17 -5 25 0 -3 0 0 10 16 10 17 16 -106 -28 1 4 4 29 -3 0 0
1 9998 -118 -46 -2 -5 0 0 0 0 19 -1 4 7 22 325 87 -3 -14 -14 -26 -2 -4 0
1 10001 -123 -2 18 5 0 0 0 0 -15 6 -2 -3 -2 279 77 -1 -13 -13 -5 3 5 0
1 10000 -139 36 -12 -2 0 0 0 0 -3 -5 -2 -2 -1 389 110 1 -19 -19 0 -1 -2 1
1 10000 -114 13 -1 -11 0 0 0 0 -3 -8 -6 4 1 -128 -34 1 5 5 11 1 -1 -1
1 10000 -125 1 6 -4 0 0 0 0 -6 -1 -1 0 -4 138 39 -1 -6 -6 1 -2 4 0
1 10002 -120 16 -8 6 0 0 0 0 1 6 2 11 -6 101 28 0 -5 -5 -17 1 4 0
1 9998 -117 -22 15 3 0 0 0 0 -5 1 0 -11 15 82 22 -1 -4 -4 26 1 -5 0
1 10000 -109 -65 -7 -6 0 0 0 0 30 -9 5 1 9 88 25 1 -4 -4 99 10 -4 0
1 10000 -121 -71 -1 0 0 0 0 0 26 2 9 -51 28 -290 -81 0 14 14 -111 -13 2 0
1 10000 -115 -38 -6 -7 0 0 0 0 19 -3 2 -12 2 238 77 6 -15 -15 -21 -4 4 0
1 10000 -103 -48 6 -14 0 0 0 0 10 -5 0 -56 17 341 101 3 -18 -18 -7 9 -3 0
1 8537 -91 -3 6 126 -1 1378 0 0 -4 109 31 -66 -2 1341 387 4 -67 -67 56 -18 -30 1
1 13336 -190 72 20 118 1 32 0 -2 -43 97 -2 18 13 -887 -243 5 41 41 -64 1 31 -1
1 10195 -134 66 -12 4 0 0 0 0 -13 -1 -3 -2 2 413 124 4 -23 -23 4 4 -2 0
1 9999 -137 50 -13 24 0 0 0 0 -7 17 -2 -12 0 388 115 3 -20 -20 20 9 0 1
1 8137 -99 56 -3 -106 0 -1385 0 0 -17 -90 -10 -91 24 705 202 2 -35 -35 4 -27 -50 -1
1 11863 -153 -28 11 -89 0 -4 0 2 1 -79 -17 117 49 -208 -58 0 10 10 -9 19 52 0
1 10001 -120 -42 5 -56 0 0 0 0 11 -43 -11 3 32 488 138 0 -24 -24 -12 7 -1 0
1 10000 -106 -37 -22 7 0 0 0 0 33 4 11 92 66 520 145 -1 -24 -24 31 -2 2 0
1 9999 -128 -52 -1 -7 0 -1 0 0 19 -2 4 57 42 726 189 -10 -30 -30 -47 -9 1 1
1 10000 -118 -20 2 10 0 0 0 0 6 8 4 40 28 1108 297 -9 -49 -49 48 16 -4 -1
1 10000 -122 -24 -4 1 0 0 0 0 12 2 3 18 11 937 251 -8 -40 -40 -63 -16 0 0
1 8206 -74 12 11 102 0 1363 0 0 -14 84 20 -60 1 1489 413 -4 -69 -69 64 -15 -41 0
1 13595 -194 100 5 115 0 36 0 -2 -41 98 -2 59 17 -333 -96 -1 17 17 -58 5 33 0
1 8841 -113 59 1 -47 0 -510 0 0 -23 -37 -7 -186 23 459 128 -1 -22 -22 -5 11 14 0
1 11159 -143 -16 -6 -168 -8 -902 0 2 12 -148 -28 158 22 46 15 1 -2 -2 -6 0 -6 0
1 9998 -122 -4 -11 -12 0 0 0 0 11 -7 1 -3 4 115 35 1 -7 -7 7 -3 7 0
1 10001 -123 6 -9 3 0 0 0 0 6 -1 1 0 4 351 100 1 -16 -16 -10 -2 -4 0
1 10000 -117 -8 0 -5 0 -1 0 0 3 -4 -1 0 2 48 13 0 -3 -3 18 -4 -5 0
1 9999 -116 -15 5 4 0 0 0 0 1 6 3 3 6 167 48 0 -8 -8 -6 4 2 0
1 10002 -104 -4 -5 -3 0 0 0 0 6 -4 -1 0 5 313 87 -1 -14 -14 49 4 1 0
1 9999 -118 -7 1 4 0 0 0 0 2 5 3 -1 2 -12 0 2 0 0 -68 -7 0 0
1 10001 -105 19 -5 1 0 0 0 0 -3 -4 -3 -33 14 35 8 -1 -1 -1 7 3 -1 1
1 10000 -113 -14 -2 -5 0 0 0 0 7 -4 1 -76 37 211 64 2 -12 -12 7 3 3 -1
1 9999 -117 -23 4 0 0 0 0 0 5 5 3 -60 15 267 95 12 -18 -18 12 -5 4 0
1 10000 -105 -11 -1 5 0 0 0 0 5 5 3 -28 46 20 19 7 -5 -5 -23 -3 -1 0
1 10001 -116 -34 -6 9 0 0 0 0 18 6 5 0 68 313 99 6 -17 -17 -5 -5 -5 0
1 9420 -86 -30 3 -14 0 0 0 0 8 -10 -2 21 24 369 109 2 -19 -19 101 17 2 0
1 10578 -113 -5 11 0 0 0 0 0 -8 0 -1 0 20 1235 347 -1 -57 -57 -89 -11 0 0
1 10002 -104 2 -1 3 0 0 0 0 0 4 1 5 18 985 281 1 -47 -47 4 13 10 0
1 8199 -78 10 -1 108 -1 1380 0 0 -3 90 25 -169 0 1475 414 -1 -67 -67 14 -27 -43 0
1 14312 -172 92 10 118 1 34 0 -2 -43 96 -2 167 8 -405 -113 1 18 18 -15 11 36 0
1 8842 -85 73 -7 -34 0 -177 0 0 -21 -25 -6 -61 0 560 157 -1 -25 -25 8 8 4 0
1 11158 -119 13 16 -171 7 -1240 0 2 -17 -146 -34 91 34 416 117 0 -19 -19 6 -1 -6 0
1 10000 -114 36 -4 -9 0 0 0 0 -11 -8 -6 -11 -4 176 47 -2 -8 -8 -35 -13 1 0
1 10000 -105 -5 -9 -17 0 0 0 0 10 -14 -2 7 8 461 129 -1 -21 -21 28 11 0 0
1 10000 -94 -17 0 5 0 0 0 0 7 6 4 14 12 133 39 1 -6 -6 9 2 2 0
