version: 66.11
glider: 175
mission: 10
dive: 105
start: 1 26 126 23 3 40
columns: rec,elaps_tms,depth,heading,pitch,roll,AD_pitch,AD_roll,AD_vbd,GC_phase,mag.x,mag.y,mag.z,sbect.TempFreq,sbect.CondFreq,aa4330.O2,aa4330.AirSat,aa4330.Temp,aa4330.CalPhase,aa4330.TCPhase,wlbb2f.redCount,wlbb2f.blueCount,wlbb2f.fluorCount,wlbb2f.VFtemp,
data:
0 22129 -274 331 -633 71 253 2404 646 2 529 -135 5 292783 183874 384281 97954 5648 32780 32780 662 204 130 573
1 9990 29 0 -37 -22 0 1 287 0 3 -1 -27 -445 -32 -37101 -5285 1836 286 286 -62 19 44 0
1 9995 -2 29 12 -24 0 0 288 0 -2 -11 8 -388 -2 -9944 -2638 8 354 354 -18 13 43 0
1 10005 29 14 5 -10 0 0 278 0 -2 -2 8 -50 -915 -7417 -1490 225 158 158 -13 -31 -49 0
1 9996 28 -71 -31 -52 0 0 272 0 6 15 -42 -1900 3 -3729 -614 180 47 47 -34 8 22 0
1 10009 14 50 12 72 0 0 259 0 -2 -10 25 -437 -407 -1248 -271 30 32 32 2 6 -35 0
1 9998 26 92 -22 -36 0 0 245 0 -6 -27 -10 -840 -1894 -1682 -128 153 -15 -15 -58 -35 -25 0
1 9997 77 87 -3 -72 0 0 258 0 -8 -28 -6 -2018 -5556 -2033 -152 188 -20 -20 -138 -4 30 0
1 15009 300 -83 -66 171 469 0 243 -1 9 22 -31 -1794 -4884 -8107 -1338 418 101 101 -31 -44 -39 0
1 17892 449 58 365 103 1657 1296 2 3 -92 103 308 -2265 -1534 -7351 -1366 323 129 129 28 20 -7 0
1 10331 229 -8 56 12 0 0 0 0 -28 23 34 -452 -301 -6126 -1368 165 166 166 -5 -9 -5 0
1 10000 188 -69 15 4 0 0 0 0 2 21 -4 -1541 -798 -2550 -439 136 36 36 18 7 -7 0
1 9999 174 -43 -2 -2 0 0 0 0 8 6 -10 -1013 -531 -3463 -561 208 40 40 -44 -9 -3 0
1 10001 166 -50 -8 2 0 0 0 0 9 13 -13 -487 -419 -4838 -1075 145 132 132 14 3 -6 0
1 10297 187 -45 7 4 0 0 0 0 4 13 -4 107 -107 -4173 -988 98 131 131 5 -2 4 0
1 10001 181 -77 0 4 0 0 0 0 5 21 -13 -686 -261 -5200 -1355 60 200 200 -13 2 -3 0
1 10000 183 -51 -6 3 0 0 0 0 6 13 -12 -193 -94 -3455 -824 83 113 113 -18 -2 -2 0
1 10000 194 -31 -2 11 0 0 0 0 1 14 -6 274 20 -3969 -1015 59 151 151 16 0 -6 0
1 10275 219 -66 -12 0 0 0 0 0 9 13 -17 373 50 -3691 -1029 9 167 167 32 6 4 0
1 10000 239 3435 22 0 0 0 0 0 -19 51 0 646 61 -1483 -475 -30 85 85 13 9 -1 0
1 10000 219 -90 20 -6 0 0 0 0 -19 27 9 117 -30 -871 -335 -50 67 67 17 -1 6 0
1 10664 227 -57 -7 5 0 0 0 0 -4 14 -7 41 5 -501 -202 -34 41 41 -23 -2 -9 0
1 10233 201 -78 -6 -1 0 0 0 0 -5 17 -8 115 22 -39 -35 -14 9 9 15 -1 0 0
1 9999 210 -84 5 -9 0 0 0 0 -13 18 5 104 25 -65 -46 -15 11 11 -17 5 5 0
1 10001 202 -62 3 6 0 0 0 0 -13 17 -1 36 3 -706 -223 -13 40 40 15 -5 -3 0
1 10000 191 -97 -4 -6 0 0 0 0 -16 15 6 264 53 153 21 -13 0 0 13 1 4 0
1 10317 198 -117 4 6 0 0 0 0 -28 24 6 180 39 298 31 -30 1 1 0 5 -2 0
1 9999 201 -90 2 -5 0 0 0 0 -21 12 11 2 7 -152 -98 -31 23 23 6 0 -3 0
1 10001 174 -163 5 4 0 0 0 0 -45 20 17 910 173 565 113 -26 -13 -13 38 9 2 0
1 9999 193 -123 -9 10 0 0 0 0 -25 10 9 265 63 497 -3 -81 19 19 -3 -3 1 0
1 10219 193 -85 9 3 0 0 0 0 -31 6 13 65 21 686 105 -49 -7 -7 15 6 -3 0
1 8765 179 -71 11 -127 103 -1287 5 0 -27 -80 83 439 97 831 166 -38 -20 -20 -36 10 22 0
1 11235 160 -19 76 -108 1 -2 0 2 -69 -84 64 111 12 -73 -109 -50 29 29 25 -12 -21 0
1 10000 128 67 23 6 0 0 0 0 2 8 -3 -940 -304 771 153 -35 -17 -17 23 4 1 0
1 10000 115 30 -3 -2 0 0 0 0 8 5 -5 8 -27 -1094 -179 72 14 14 -62 -11 1 0
1 10180 98 -16 19 -5 40 0 0 0 -22 -4 7 43 -12 -1061 -248 28 35 35 69 11 2 0
1 9821 74 -29 28 -5 0 0 0 0 -33 -7 9 27 -11 -568 -140 11 21 21 -48 -4 0 0
1 9999 64 16 -3 1 0 0 0 0 9 0 -2 74 8 -266 -67 4 11 11 112 14 -1 0
1 10000 85 -27 2 13 0 0 1 0 -9 7 -1 37 7 -99 -34 -4 6 6 -107 -13 -2 0
1 10000 63 -27 11 -4 0 0 0 0 -19 -5 4 -14 -2 -159 -59 -8 12 12 47 4 1 0
1 10001 51 -40 -10 -5 0 0 0 0 -2 -10 4 -45 -17 -47 -9 3 1 1 -21 -1 0 0
1 8807 58 80 -20 -139 0 -1271 0 0 39 -107 22 -137 -18 -281 -87 -5 16 16 -30 14 42 -1
1 14663 118 28 24 -90 0 -127 -1 -2 -10 -82 6 36 -63 -311 -58 17 6 6 -2 -11 -38 1
1 9999 86 50 7 17 0 0 0 0 8 22 -1 -5 -11 -368 -95 4 15 15 23 -6 -5 0
1 8886 66 14 -5 104 -22 1333 0 0 10 90 -13 -132 -13 -751 -208 2 35 35 22 -11 8 0
1 11115 90 -7 -45 84 -21 0 0 2 36 73 -28 52 -31 -178 -36 8 5 5 10 13 -8 0
1 9999 94 2 -13 3 0 0 0 0 13 0 -3 91 31 -332 -83 6 12 12 -11 1 3 0
1 10001 99 13 2 4 0 0 0 0 3 2 -2 26 9 158 32 -7 -3 -3 -14 -1 -10 0
1 10000 113 55 22 -4 0 0 0 0 -3 -1 2 -615 -247 59 17 0 -4 -4 149 10 6 0
1 10000 82 -87 -14 -1 0 0 0 0 -13 -5 5 -7 -30 -1204 -226 65 25 25 -148 -13 1 0
1 9999 84 -40 -3 23 0 0 0 0 -11 20 -5 173 59 -776 -187 17 28 28 37 4 1 -1
1 10001 95 15 4 -18 0 0 -1 0 0 -13 5 -69 -13 -605 -181 -6 32 32 -47 -4 -4 0
1 9999 93 -35 -32 11 0 0 0 0 18 6 -7 -121 -79 -427 -101 11 15 15 50 5 1 0
1 10000 138 5 33 -4 0 0 0 0 -26 -5 8 -725 -264 -139 -26 8 3 3 187 20 -3 0
1 10000 112 25 -33 0 0 0 1 0 33 6 -11 -175 -76 -1041 -179 66 17 17 -253 -26 1 0
1 10000 136 69 13 -49 0 0 0 0 10 -37 10 -23 -8 -1793 -435 41 66 66 42 4 2 0
1 10001 134 -2 34 54 0 0 0 0 -29 44 -7 -4 -20 -1389 -359 19 58 58 -32 -2 -2 0
1 9416 100 -25 -19 -17 23 0 0 0 9 -17 3 7 -10 -570 -136 15 21 21 39 1 1 0
1 10583 122 8 17 -13 0 0 0 0 -11 -12 8 -42 -16 -608 -164 5 27 27 -25 2 2 0
1 10000 102 6 13 35 0 0 0 0 -10 30 -8 13 -2 -187 -40 7 6 6 44 -1 1 0
1 10000 112 -36 -8 -6 -1 0 0 0 -6 -3 2 -46 -16 -346 -99 0 17 17 -62 -6 -6 0
1 10000 108 -46 11 0 0 0 0 0 -23 -4 6 -115 -41 439 137 7 -26 -26 35 7 7 0
1 10000 102 -4 0 15 0 0 0 0 -1 12 -4 85 19 -695 -189 5 33 33 -60 -8 -1 0
1 10001 110 -3 -25 -8 1 0 0 0 22 -9 -1 -76 -24 -37 0 6 -2 -2 133 11 -4 0
1 9999 108 -54 43 -62 0 0 0 0 -55 -59 27 -18 -9 -260 -55 10 8 8 -120 -11 3 0
1 10001 99 -47 -22 21 0 0 0 0 7 11 -4 7 2 -259 -65 5 10 10 2 0 2 0
1 8767 100 20 -21 -86 0 -1281 0 0 24 -71 13 -68 0 169 49 1 -9 -9 30 6 -8 0
1 13287 160 78 52 -115 0 -45 0 -2 -24 -94 7 54 -4 -123 -41 -3 8 8 37 15 6 0
1 10001 101 11 -20 18 0 0 0 0 21 20 -3 -4 -7 27 12 2 -2 -2 -33 -9 -3 0
1 10000 120 70 -4 1 0 0 0 0 25 8 -4 -11 -5 -371 -98 4 16 16 14 -4 3 0
1 8878 99 -26 3 103 0 1339 0 0 -8 84 -6 -130 -11 413 120 2 -22 -22 -2 15 29 0
1 11122 125 -18 -19 96 0 1 -1 2 10 82 -24 84 -14 -673 -189 1 34 34 -34 -19 -34 0
1 10000 122 74 9 -5 0 0 0 0 15 0 -3 25 15 -211 -48 7 7 7 23 10 8 0
1 9999 137 -23 30 38 0 0 0 0 -35 34 -5 -29 -14 125 35 -1 -7 -7 6 -6 -2 0
1 9994 93 -77 -41 -21 0 0 0 0 14 -25 7 35 10 -185 -48 3 8 8 -41 -2 2 0
1 10007 100 25 7 -1 0 0 0 0 1 2 -1 -56 -23 139 35 -2 -5 -5 6 4 0 0
1 10000 95 -3 10 11 0 0 0 0 -11 11 -2 0 2 -200 -48 5 7 7 21 -2 -4 0
1 9999 87 34 -23 -16 0 0 0 0 32 -14 -2 -33 -16 182 50 -2 -8 -8 -24 -2 -2 0
1 10000 104 21 23 11 0 0 0 0 -15 13 -1 76 28 -301 -73 8 11 11 4 -1 5 0
1 10000 79 -19 1 -4 0 0 0 0 -7 -4 3 -106 -38 -31 -25 -10 6 6 -4 -1 5 0
1 10000 87 -56 -22 23 0 0 1 0 2 16 -6 -87 -41 53 37 13 -9 -9 53 7 -8 0
1 10000 94 -36 41 31 0 0 0 0 -44 17 -1 -94 -34 -247 -56 8 8 8 11 6 5 0
1 10001 62 26 -15 -34 0 0 0 0 18 -21 6 -108 -41 -313 -67 14 9 9 -42 -4 -3 0
1 9999 96 -6 -15 -29 0 0 -1 0 13 -28 9 -139 -74 -203 -45 7 6 6 272 15 -7 0
1 10001 72 -27 1 8 0 0 0 0 -9 5 0 -178 -64 -519 -113 20 16 16 -258 -20 5 0
1 9999 102 -26 18 4 0 0 0 0 -25 2 2 -30 -19 -326 -58 21 6 6 -48 -1 0 0
1 8707 65 14 -13 -119 0 -1308 0 0 16 -102 25 -195 -41 -173 -19 18 -1 -1 46 21 42 0
1 13648 103 87 10 -88 -1 -29 1 -2 17 -68 2 6 -27 -1816 -478 22 81 81 -39 -21 -44 0
1 8840 75 47 0 60 1 355 -1 0 17 53 -7 -184 -41 -629 -158 12 25 25 18 -3 0 0
1 11160 79 18 -11 146 0 975 0 2 14 127 -35 58 -21 -1243 -324 17 55 55 0 0 -1 0
1 9998 80 14 7 1 0 0 0 0 -2 2 0 -63 -20 -488 -123 10 20 20 58 8 -1 0
1 10001 87 6 2 0 0 0 0 0 0 -1 0 59 -2 -214 -44 10 5 5 -38 -2 5 0
1 10001 86 -12 1 -2 0 0 0 0 -4 -1 2 89 22 32 16 4 -3 -3 14 4 -2 0
1 10000 66 3 1 -1 0 0 0 0 -1 -1 0 -208 -54 -347 -109 -6 21 21 14 3 -3 -1
1 10000 84 -10 1 -1 0 0 0 0 -4 -1 1 -24 -18 -198 -41 10 5 5 14 0 7 0
1 9420 93 -25 -2 1 0 -1 0 0 -6 2 0 144 40 -224 -45 11 6 6 -24 0 -1 0
1 10579 89 0 2 0 0 0 0 0 -1 -2 2 -150 -30 -576 -169 -3 31 31 -32 3 -5 0
1 9999 96 -7 0 1 0 0 0 0 -3 2 0 -151 -72 -381 -73 21 9 9 85 0 3 0
1 9420 72 21 2 -2 0 1 0 0 5 -2 -1 293 49 -606 -146 16 23 23 -3 -3 1 1
1 10581 99 13 -1 0 0 0 0 0 4 1 -1 1377 380 -253 -116 -27 27 27 -33 3 -1 -1
1 10000 90 18 4 3 0 0 0 0 3 3 -2 296 121 1877 314 -134 -28 -28 104 13 0 0
1 10000 98 8 0 -2 0 0 1 0 2 -2 1 119 44 2246 506 -78 -74 -74 -46 0 2 0
1 9999 86 -5 -2 -2 0 0 0 0 1 -3 0 61 34 1617 398 -36 -64 -64 -80 -9 4 0
1 10002 91 0 2 3 0 0 0 0 -2 3 0 0 14 1591 405 -26 -67 -67 97 8 -2 0
1 9420 81 6 0 -3 0 0 -1 0 1 0 -1 -26 -6 705 171 -17 -26 -26 -23 -6 -3 0
1 10580 103 7 -8 4 0 0 0 0 9 4 -2 -70 -18 455 118 -6 -20 -20 -9 2 -1 0
1 9998 84 10 5 -8 0 0 0 0 -1 -7 2 -19 -6 212 63 1 -11 -11 -5 4 4 0
1 9448 84 15 -17 6 -43 0 0 0 20 3 -6 5 3 -56 -16 0 2 2 -4 -2 2 0
1 10554 109 36 -28 -3 0 0 0 0 34 -1 -11 -166 -48 94 24 -1 -4 -4 22 0 -3 0
1 9998 125 0 0 3 0 0 0 0 -1 3 -1 -46 -39 -258 -53 11 7 7 -61 -9 -6 0
1 8844 106 -21 -6 107 -6 1261 0 0 -1 78 -41 -58 -19 -126 -20 10 2 2 -13 -16 -33 0
1 13486 161 -74 -9 114 0 92 0 -2 -16 79 -56 -73 -54 -486 -122 9 19 19 30 23 31 0
1 10000 118 -24 5 -1 0 0 0 0 -10 -1 5 206 28 67 38 11 -9 -9 2 0 7 0
1 10000 119 -33 7 -2 0 0 0 0 -17 0 6 65 14 -258 -93 -12 20 20 18 3 1 0
1 8818 116 -34 1 -99 0 -1203 0 0 -10 -69 58 -78 -5 -129 -60 -14 13 13 47 -7 -29 0
1 11182 111 -29 21 -109 33 -132 0 2 -25 -89 50 79 -12 -525 -156 -5 29 29 -19 7 25 0
1 10000 94 -39 8 -3 0 0 0 0 -20 -6 6 -28 -12 -125 -34 1 6 6 38 17 3 0
1 10000 82 -18 0 4 0 0 0 0 -4 1 1 -25 -10 -183 -51 0 9 9 -25 -4 6 0
1 8842 81 1 -2 -125 0 -1246 0 0 -1 -106 28 -61 1 1288 368 4 -66 -66 -19 -7 -13 0
1 13312 128 63 5 -92 0 -139 0 -2 18 -78 2 -544 -194 -1752 -484 5 85 85 63 10 3 0
1 10000 87 14 -4 3 0 0 0 0 6 7 -1 -105 -73 -965 -201 44 27 27 120 24 2 0
1 10000 92 17 -6 0 0 0 0 0 11 2 -2 -424 -174 -1386 -339 32 53 53 -5 12 -3 0
1 10445 94 26 4 -2 0 0 0 0 5 1 -1 70 -12 -1846 -435 53 68 68 31 0 0 0
1 8841 84 21 3 78 0 598 0 0 5 66 -7 11 1 -2323 -631 17 111 111 52 9 -9 0
1 11159 99 6 -10 127 -5 766 0 2 9 111 -31 -4 -26 -1177 -325 4 59 59 -23 -4 8 0
1 10000 94 4 7 0 0 0 0 0 -6 3 1 -34 -14 -376 -101 4 18 18 87 13 3 0
1 10005 89 -23 -3 4 0 0 0 0 -3 -2 0 -100 -45 -444 -111 9 18 18 -66 4 4 0
1 9995 81 -5 -1 -4 0 1 0 0 -1 -2 2 17 -2 -160 -23 14 1 1 -28 0 -1 0
1 10005 89 -4 5 -2 0 0 0 0 -7 0 1 -22 -13 -662 -179 5 32 32 36 -3 2 0
1 10000 93 -5 -1 1 0 0 0 0 0 -1 1 14 -5 -110 -27 3 5 5 132 21 -4 0
1 12017 108 23 20 -26 75 -201 0 -4 -9 -24 10 -251 -53 -311 -81 4 14 14 -48 -10 3 0
1 7630 60 42 57 4 -1 0 -34 0 -38 7 3 -34 -23 -333 -77 11 12 12 -48 -7 0 0
1 9178 46 15 5 2 1 -1 -46 0 0 2 0 -42 -13 -202 -41 10 5 5 37 2 -5 0
1 9985 47 28 -11 -1 0 0 -50 0 18 0 -3 21 -9 -658 -173 9 30 30 -1 4 -1 0
1 9997 59 38 -2 2 -1 1 -50 0 14 2 -3 -60 -7 68 26 4 -5 -5 -17 9 -2 0
1 10006 47 11 -12 4 1 0 -50 0 14 1 -3 -43 -7 -15 6 7 -3 -3 -45 -20 2 0
1 10008 44 7 -12 0 0 -1 -50 0 13 0 -3 -140 -23 -370 -99 4 18 18 323 33 1 0
1 10004 37 14 -8 0 0 1 -48 0 11 0 -3 72 -6 103 38 5 -8 -8 198 5 -2 0
1 9989 35 30 -5 1 -1 -1 -48 0 13 1 -3 -21 2 -178 -42 5 6 6 -551 -40 3 0
1 9999 24 10 -10 0 1 1 -48 0 11 0 -3 75 1 -220 -59 3 11 11 126 22 -3 0
1 10001 15 -11 -7 2 -1 -1 -49 0 4 1 -1 0 0 -142 -39 1 7 7 -81 -3 5 0
1 9999 3 8 3 -2 1 0 -49 0 -1 2 -1 41 2 247 71 0 -14 -14 5 -10 -2 0
1 10007 -8 6 -2 2 -1 0 -49 0 3 2 -2 -65 0 -211 -58 2 11 11 210 57 -5 0
1 13381 -28 26 128 -3 335 0 -23 0 -105 -4 25 34 1 -98 -30 -2 6 6 -168 -64 -39 0
1 7551 -59 -5 313 12 0 0 -29 0 -286 8 -49 -15 -1 -285 -81 0 15 15 9 15 46 0
1 9074 -56 -52 -29 -13 0 0 -43 0 10 -11 10 -37 1 110 36 3 -7 -7 104 13 0 0
1 9977 -66 -11 6 19 0 0 -50 0 -8 17 -9 -8 -4 -119 -34 0 6 6 -128 -26 -6 0
1 10005 -81 -30 -8 -5 1 0 -52 0 -1 -5 0 42 18 39 12 0 -2 -2 10 12 4 0
1 10007 -90 -37 0 -4 -1 0 -53 0 -11 -1 -4 85 19 341 94 -1 -17 -17 17 3 0 0
1 9997 -108 -47 -6 -3 0 0 -52 0 -8 -4 -2 144 32 -391 -121 -7 24 24 -84 -15 -4 0
1 10011 -120 -39 -8 1 0 0 -51 0 -4 -4 -1 -43 31 292 62 -13 -9 -9 224 20 -2 0
1 9993 -128 -13 -8 1 0 0 -54 0 2 2 1 145 31 640 160 -14 -27 -27 -216 -28 2 0
1 9998 -122 -1 -11 5 0 0 -52 0 9 2 4 93 36 -63 -35 -10 9 9 -26 3 1 0
1 9990 -120 -5 -6 -3 0 0 -53 0 4 -1 2 65 27 637 158 -14 -27 -27 -33 -9 5 0
1 9998 -141 16 -3 1 0 0 -53 0 7 3 2 -79 18 22 -15 -14 6 6 12 7 -1 0
1 10907 -145 17 -5 3 0 0 -41 4 10 0 2 129 19 518 145 -1 -27 -27 -2 -11 -4 0
1 10601 -148 27 -6 2 0 0 0 0 13 5 5 427 188 474 131 -2 -23 -23 -141 -33 4 0
1 10000 -143 23 -2 -4 0 0 0 0 8 -3 4 465 184 612 103 -44 -10 -10 -4 2 1 0
1 8298 -110 16 1 -3 0 0 -4 0 4 -1 2 7 37 1217 254 -56 -34 -34 7 10 23 -1
1 11704 -165 30 5 -3 1 0 -1 0 4 2 1 155 38 2534 664 -32 -116 -116 -68 -29 -26 1
1 9998 -137 -8 -7 4 0 0 0 0 4 -3 2 51 25 2088 549 -25 -94 -94 6 0 1 -1
1 10001 -124 12 4 3 0 0 0 0 0 3 -1 21 26 1065 283 -11 -49 -49 -4 8 -3 1
1 8612 -117 -12 5 -91 3 -1287 0 0 -8 -68 19 -177 -10 2037 559 -10 -98 -98 -47 -14 4 0
1 13309 -184 -131 -21 -120 1 -34 -1 -2 -22 -107 5 -330 -100 -561 -115 26 15 15 88 3 -3 -1
1 8071 -103 -65 10 87 -1 1351 -1 0 -26 65 -17 -50 1 764 254 23 -51 -51 -87 -11 -13 1
1 11928 -148 -54 24 107 1 2 0 2 -35 80 -38 309 82 -1270 -341 11 59 59 63 11 13 0
1 10000 -133 -34 -8 17 0 0 0 0 -3 7 -3 59 33 412 82 -21 -10 -10 -43 24 1 0
1 10000 -123 15 2 -4 0 0 0 0 2 1 0 -41 7 195 35 -12 -4 -4 -23 -33 4 0
1 8714 -105 -24 -2 94 -26 1360 -1 0 -5 64 -31 3 30 564 156 -2 -27 -27 17 4 -11 0
1 13993 -177 102 4 125 0 35 0 -2 27 96 -54 191 50 701 181 -10 -30 -30 -30 -2 7 0
1 10342 -129 89 -14 13 0 0 0 0 37 20 2 70 31 141 30 -6 -5 -5 1 -5 5 -1
1 8733 -106 61 -1 -87 -23 -1355 0 0 18 -51 54 -52 36 350 75 -14 -10 -10 76 -5 -43 1
1 11267 -121 1 -23 -100 0 -1 0 2 21 -74 52 73 -16 615 149 -15 -23 -23 -74 7 37 0
1 10000 -87 48 -11 -23 0 0 0 0 24 -13 13 -235 -65 386 109 0 -19 -19 26 3 -4 -1
1 10000 -74 14 -1 -1 0 0 0 0 5 -5 3 -1165 -317 -62 36 32 -14 -14 -96 -13 6 0
1 8303 -71 -28 8 -110 8 -1402 0 0 -16 -87 24 -13 5 -456 70 119 -39 -39 48 12 25 0
1 13319 -150 -123 -28 -125 1 -33 0 -2 -12 -118 8 50 -8 -2465 -641 34 107 107 31 -5 -24 0
1 8542 -67 -89 3 88 -1 1392 -2 0 -28 68 -15 -195 -3 -438 -97 16 14 14 -91 4 19 1
1 11459 -132 -57 36 130 1 1 1 2 -47 100 -43 225 7 -1108 -301 8 52 52 31 -15 -19 -1
1 10000 -106 -25 -6 6 0 0 0 0 -3 3 -2 17 5 -202 -56 1 10 10 3 8 2 0
1 10000 -96 13 -7 -3 0 0 0 0 9 0 4 5 5 -80 -19 2 3 3 14 4 0 1
1 8405 -66 -26 -3 88 -1 1374 0 0 -4 62 -30 5 35 -242 -68 0 12 12 121 4 0 -1
1 14503 -187 74 30 121 1 32 -1 -2 -6 91 -66 159 49 516 114 -19 -16 -16 -153 -18 -10 1
1 9999 -130 109 -21 23 0 0 0 0 51 30 1 32 23 505 142 -1 -26 -26 0 -1 7 -1
1 8815 -102 120 6 -14 0 -552 1 0 30 0 14 -82 9 259 65 -5 -10 -10 71 20 10 0
1 11185 -151 76 5 -187 1 -841 0 2 18 -133 96 70 -9 396 109 -2 -19 -19 -61 -20 -9 1
1 10000 -116 13 13 -31 0 0 0 0 -7 -24 8 2 3 25 9 2 -2 -2 -30 -3 -1 0
1 10000 -141 66 -28 52 0 0 0 0 44 37 -5 9 4 103 27 -2 -5 -5 30 8 -3 -1
1 8314 -85 16 2 -114 -1 -1393 0 0 3 -96 37 -56 11 1236 351 0 -62 -62 48 3 3 0
1 13315 -149 -211 -32 -194 0 -32 0 -2 -34 -165 7 60 -7 -1174 -338 -3 61 61 -34 -4 -2 0
1 10341 -88 -72 13 -8 0 0 0 0 -34 -5 -11 151 40 -167 -47 1 8 8 10 6 -3 0
1 8305 -87 -133 8 145 0 1416 -1 0 -46 109 -20 -171 -20 1136 310 -8 -54 -54 -69 15 51 0
1 11695 -143 -88 34 125 1 0 0 2 -54 90 -50 131 7 -955 -267 2 48 48 71 -16 -46 0
1 10000 -108 26 -22 19 0 0 0 0 26 18 8 39 10 384 95 -8 -16 -16 11 -3 1 0
1 10000 -153 113 3 -23 0 0 0 0 30 -1 15 -42 -1 145 33 -5 -5 -5 -64 -2 -1 0
1 10001 -109 -32 -10 -20 0 1 0 0 0 -20 5 22 4 133 43 4 -8 -8 60 6 -1 0
1 9999 -102 11 11 12 0 0 0 0 -7 10 -5 19 0 -184 -58 -4 11 11 -17 1 0 0
1 10000 -119 -9 14 30 0 0 0 0 -14 23 -16 -3 1 28 4 -3 0 0 11 -6 5 0
1 8826 -105 -20 -8 53 -1 1364 0 0 3 34 -15 -171 5 437 124 1 -22 -22 -14 -7 -2 0
1 13315 -179 89 4 201 1 33 0 -2 20 145 -106 96 -21 -487 -134 2 23 23 52 9 -4 0
1 8819 -115 86 8 -144 -1 -573 0 0 18 -79 85 -54 8 -78 -18 2 3 3 -68 -9 5 0
1 11181 -165 -18 -5 -126 1 -861 0 2 0 -99 55 76 0 -236 -67 1 12 12 23 5 -6 0
1 9999 -151 -7 0 13 0 0 0 0 -2 8 -4 -39 -9 338 97 0 -18 -18 -39 -5 5 0
1 10000 -157 -17 -9 -14 0 0 0 0 2 -9 4 4 2 -99 -25 2 4 4 9 4 3 0
1 10001 -145 33 -3 -25 -1 -4 0 0 13 -20 13 28 7 -227 -56 5 10 10 10 -4 -5 0
1 10000 -128 21 -6 9 0 0 0 0 11 11 0 125 27 152 41 -1 -8 -8 1 11 -4 0
1 9999 -138 -17 3 -23 0 0 0 0 -7 -23 6 -9 0 181 33 -11 -3 -3 4 -9 7 0
1 10001 -116 -18 -17 25 1 0 0 0 9 20 -5 -31 -5 -53 -25 -6 6 6 -15 2 -3 0
1 10000 -116 -15 12 -2 0 0 0 0 -16 0 -5 50 17 111 30 -1 -6 -6 3 3 -3 0
1 10000 -138 -40 -2 -16 0 0 0 0 -10 -18 3 -10 -3 -128 -39 -2 8 8 34 2 2 0
1 9415 -118 -35 -5 9 -1 0 0 0 -5 4 -4 3 5 209 56 -2 -10 -10 -20 0 2 0
1 10585 -118 8 11 -9 0 0 0 0 -7 -7 -1 -22 -8 -48 -13 1 3 3 55 1 -5 0
1 9999 -117 -74 3 10 0 0 0 0 -24 -2 -10 30 7 65 18 0 -4 -4 9 6 0 0
1 8263 -94 1 3 112 0 1425 0 0 -2 85 -40 18 41 1324 371 -3 -65 -65 -71 -8 6 0
1 14176 -201 88 0 127 1 16 0 -2 25 97 -61 95 8 -763 -237 -12 45 45 -5 -4 -5 0
1 10001 -138 102 3 -9 0 0 0 0 29 3 12 -34 -9 135 35 -2 -6 -6 22 5 -1 0
1 8270 -117 114 -3 -76 -1 -1397 0 0 35 -42 51 14 19 -671 -191 -1 34 34 43 -10 -18 0
1 11730 -168 29 16 -118 1 -7 0 2 -6 -98 53 -10 -19 769 214 -2 -38 -38 -52 12 22 0
1 10000 -141 -3 -29 -3 0 0 0 0 26 1 6 217 69 -102 -30 -1 6 6 -11 -4 -3 0
1 9998 -117 -13 5 -11 0 0 0 0 -9 -7 1 -62 32 368 78 -15 -11 -11 21 0 6 0
1 8231 -95 -17 -10 -99 -1 -1357 0 0 5 -82 27 673 204 1247 330 -14 -55 -55 1 15 23 0
1 13770 -140 -133 -19 -117 1 -34 0 -2 -24 -102 5 157 55 501 23 -70 11 11 -20 -18 -30 0
1 9149 -83 -101 0 52 -1 595 0 0 -30 34 -11 42 74 1027 238 -31 -35 -35 11 -7 -16 0
1 11180 -124 -48 41 132 1 795 0 2 -49 106 -42 442 117 613 135 -23 -19 -19 2 8 18 0
1 10001 -103 -27 -4 4 0 0 0 0 -6 1 -3 -113 16 1314 302 -40 -44 -44 -7 5 0 0
1 10000 -113 -15 -5 7 0 0 0 0 1 2 0 262 136 833 233 -1 -41 -41 23 2 2 0
1 8753 -100 75 0 116 -1 1371 -1 0 22 97 -34 421 147 1630 401 -34 -62 -62 -25 17 44 0
1 12130 -140 145 14 70 0 -477 1 -2 30 64 -30 55 55 1851 391 -75 -51 -51 3 -23 -46 0
1 11190 -137 57 1 -136 0 -900 0 2 17 -98 68 389 122 1248 282 -40 -40 -40 34 5 5 0
1 9999 -124 29 -16 -20 0 0 0 0 22 -15 14 40 34 687 139 -31 -17 -17 -5 -1 -2 0
1 10001 -120 28 -4 -12 0 0 0 0 12 -9 6 4 13 501 118 -13 -18 -18 -6 2 3 0
1 8193 -94 -4 -2 -97 0 -1360 -1 0 1 -83 27 -161 7 169 30 -10 -3 -3 -31 -15 -23 0
1 13307 -173 -103 -22 -116 1 -35 0 -2 -12 -99 8 116 3 1436 396 -3 -67 -67 13 12 18 0
1 10000 -120 -89 -8 -12 0 0 0 0 -21 -14 -6 -17 2 -97 -27 0 5 5 -17 -8 -1 0
1 8760 -78 -63 13 103 -1 1398 0 0 -29 82 -17 -49 22 1006 284 1 -49 -49 34 22 39 0
1 11240 -146 -18 27 97 1 0 1 2 -28 78 -31 177 40 -1140 -329 -5 58 58 -4 -6 -34 0
1 10000 -109 -15 -8 13 0 0 0 0 2 7 0 135 70 661 169 -10 -27 -27 -27 -12 -1 0
1 10000 -106 75 5 2 0 0 0 0 17 12 3 89 78 300 50 -19 -4 -4 -12 9 6 0
1 10000 -113 51 -5 5 0 1 -1 0 20 8 4 24 23 553 128 -15 -19 -19 42 -7 -2 0
1 10000 -119 87 -2 2 0 0 0 0 28 6 8 -511 -54 414 113 -2 -19 -19 -57 -7 -2 0
1 10000 -112 28 -6 -8 0 0 0 0 14 -6 6 -91 -12 366 182 45 -40 -40 66 6 4 0
1 8314 -82 57 12 -90 -1 -1354 0 0 7 -78 25 -304 -36 365 135 19 -27 -27 -104 10 20 0
1 14350 -183 -95 -31 -140 1 -36 0 -2 -2 -117 10 173 10 -446 -80 25 8 8 52 -18 -28 0
1 10001 -106 -66 -7 6 0 0 0 0 -14 1 -4 57 14 44 21 5 -5 -5 -11 1 3 0
1 8828 -74 -133 -11 52 -1 560 0 0 -30 31 -10 -598 -112 -341 -95 0 16 16 -17 2 8 0
1 11172 -119 -16 52 166 1 825 0 2 -49 138 -45 274 24 -191 19 41 -12 -12 14 -1 -11 0
1 10000 -130 21 -10 13 0 0 0 0 14 15 1 -149 -29 -121 -23 6 2 2 -15 -7 4 0
1 9999 -104 -33 -10 -4 0 0 0 0 0 -10 3 -220 -47 -132 -3 20 -3 -3 5 2 -4 0
1 8269 -77 1 16 102 -1 1375 0 0 -13 78 -43 -98 0 1013 321 20 -59 -59 -21 28 57 0
1 13372 -160 71 5 125 1 33 0 -2 16 92 -59 -46 -32 -1402 -368 15 59 59 3 -34 -54 0
1 10322 -113 75 -6 15 0 0 0 0 27 18 -4 -194 -36 -232 -33 18 1 1 5 13 3 0
1 8825 -97 82 5 -50 -1 -559 0 0 20 -23 33 -164 -6 -299 -46 22 3 3 -38 -24 -35 0
1 11176 -118 35 -3 -162 1 -840 0 2 13 -116 78 29 -32 -226 -27 21 0 0 17 10 32 0
1 10006 -106 40 -19 -33 0 0 0 0 29 -30 21 -420 -64 -551 -115 23 15 15 -24 -5 1 0
1 10000 -85 17 1 7 0 0 0 0 4 1 0 18 0 -116 34 38 -14 -14 37 5 -2 0
1 8399 -83 54 6 -105 -1 -1364 0 0 11 -85 27 -47 0 -435 -101 13 14 14 -45 17 47 0
1 13333 -158 -67 -18 -108 1 -35 0 -2 -4 -93 9 87 52 -51 2 9 -2 -2 53 -18 -50 0
1 10001 -116 -41 -7 -12 0 0 0 0 -6 -7 -2 7 48 118 35 0 -6 -6 -26 0 5 0
1 10437 -127 -61 -9 0 0 0 0 0 -11 -1 -3 -80 31 417 118 1 -21 -21 -8 -4 1 0
1 10002 -124 -92 0 -5 0 0 0 0 -29 -8 -9 -100 -14 143 59 10 -12 -12 -11 3 1 0
1 8596 -100 -50 10 126 -1 1399 0 0 -23 101 -15 -196 53 663 199 7 -35 -35 27 -20 -40 0
1 11404 -128 -74 26 100 1 1 0 2 -44 73 -37 315 94 -646 -151 18 22 22 -42 11 38 0
1 9999 -103 -40 0 3 0 0 0 0 -11 -4 -4 152 61 972 254 -12 -41 -41 14 2 5 0
1 10000 -113 -50 0 1 0 0 0 0 -14 -7 -5 426 205 493 109 -17 -14 -14 55 7 -3 0
1 8635 -73 -11 4 109 0 1372 0 0 -6 77 -39 496 287 1175 262 -39 -36 -36 -36 20 51 0
1 13353 -139 165 2 130 -1 33 0 -2 45 113 -58 327 310 2975 677 -91 -93 -93 -13 -26 -42 0
1 10438 -93 176 -1 19 0 0 0 0 54 27 -2 703 477 4048 1032 -59 -157 -157 -17 -8 -1 0
1 8273 -56 69 9 -138 0 -1421 0 0 12 -89 81 204 220 5767 1485 -73 -225 -225 -49 11 11 0
1 11727 -54 -25 -20 -105 1 -8 0 2 10 -77 45 576 305 1089 196 -59 -18 -18 69 -6 -5 0
1 10000 -14 28 -1 -4 0 0 0 0 10 -3 4 293 168 1025 199 -47 -21 -21 8 4 1 0
1 10001 12 22 -1 -1 0 0 0 0 7 -6 4 165 97 2505 598 -55 -83 -83 -51 -5 7 0
1 10000 14 27 3 -6 0 0 0 0 5 -5 3 370 187 2028 487 -42 -68 -68 15 -2 -1 0
1 10000 -16 -31 4 46 0 0 0 0 -13 41 -21 245 154 872 182 -32 -21 -21 -10 -1 5 0
1 9999 -11 -169 -15 -18 0 0 0 0 -36 -23 0 3127 1119 2559 621 -49 -87 -87 115 22 12 0
1 10000 -8 -139 -45 -38 0 0 0 0 -3 -43 16 36 848 3014 560 -144 -55 -55 -6 7 -1 0
