version: 66.11
glider: 175
mission: 10
dive: 306
start: 2 2 126 23 3 10
columns: rec,elaps_tms,depth,heading,pitch,roll,AD_pitch,AD_roll,AD_vbd,GC_phase,mag.x,mag.y,mag.z,sbect.TempFreq,sbect.CondFreq,aa4330.O2,aa4330.AirSat,aa4330.Temp,aa4330.CalPhase,aa4330.TCPhase,wlbb2f.redCount,wlbb2f.blueCount,wlbb2f.fluorCount,wlbb2f.VFtemp,
data:
0 16983 -731 1384 -540 102 242 2363 507 2 343 -87 330 279910 166278 341740 97254 10144 31913 31913 330 122 48 571
1 10001 18 50 -122 -34 1 0 286 0 60 -29 -59 11 -1 -160 -24 10 0 0 -11 55 92 0
1 9982 -7 -33 8 10 0 0 286 0 -7 -7 4 -38 -1 -700 -184 6 22 22 -20 -50 -86 0
1 10017 31 86 -73 -39 0 0 282 0 20 -10 -26 -1 0 1267 372 6 -47 -47 39 31 42 0
1 9990 13 -62 -39 -24 0 0 273 0 33 -29 -51 -59 0 -39217 -11734 -281 1627 1627 -6 -4 3 0
1 10005 16 30 17 9 0 1 261 0 -4 20 13 -30 0 -20009 -5724 -34 867 867 -24 14 46 0
1 9996 51 20 -56 9 0 0 249 0 27 9 -39 126 0 -8175 -2309 1 366 366 45 -34 -82 0
1 10000 72 -76 -8 -10 0 0 258 0 3 -30 -19 -22 1 -424 -121 0 19 19 -71 -9 24 0
1 9993 132 -48 15 -24 0 -1 285 0 -4 -23 -5 35 3 -1796 -507 0 82 82 36 44 55 -1
1 11651 321 -106 31 37 463 1 89 -1 -3 -7 4 -33 -1 46 10 -2 -1 -1 -2 -24 -51 1
1 8346 318 104 220 -108 1714 -866 2 5 -130 -40 142 36 -5 667 171 -9 -25 -25 -1 -16 -27 -1
1 15013 448 98 253 -157 0 -532 2 -2 -225 -114 47 94 1 -900 -264 -6 44 44 7 18 27 1
1 10000 209 7 15 -1 0 0 0 0 -18 -2 3 -21 -6 -18 -5 0 1 1 -14 6 1 0
1 10000 217 1 21 -16 0 0 0 0 -16 -12 -5 76 10 -503 -142 1 22 22 6 1 -2 0
1 10000 211 -51 -3 -4 0 0 0 0 10 -16 -14 63 6 158 35 -6 -4 -4 14 -5 -4 -1
1 10322 196 53 17 15 0 0 0 0 -22 26 23 27 1 435 105 -10 -15 -15 -6 -2 5 1
1 10000 189 71 -2 -20 0 0 0 0 -13 2 3 31 2 416 103 -8 -15 -15 17 1 2 0
1 8849 212 14 -16 105 51 1384 2 0 9 89 48 -77 -1 1638 453 -5 -72 -72 24 26 29 0
1 11151 224 58 38 160 1 1 1 2 -49 162 45 186 10 -1144 -326 -2 53 53 -14 -15 -31 0
1 10000 159 -48 6 8 0 0 0 0 2 -9 -2 14 -2 31 -12 -11 4 4 -31 -3 2 -1
1 10000 171 -47 -6 -18 0 0 0 0 11 -36 -5 27 2 186 45 -4 -6 -6 23 -4 -5 0
1 9541 130 17 64 -10 42 0 1 0 -56 0 0 75 2 -3561 -1016 -6 168 168 14 4 5 1
1 10605 64 11 -11 -5 0 0 0 0 8 -1 0 106 5 3704 1019 -15 -164 -164 13 7 -2 -1
1 10000 44 -32 -4 -16 0 0 0 0 8 -26 -5 135 2 113 8 -13 2 2 14 -4 1 0
1 10000 69 -20 -22 -22 0 0 -1 0 27 -25 -7 -47 0 43 -7 -10 3 3 -24 3 -1 1
1 10000 95 -21 49 28 0 0 0 0 -45 17 5 -93 -2 -496 -147 -4 25 25 20 1 4 0
1 10000 86 63 -22 15 0 0 0 0 10 35 8 72 2 103 30 0 -5 -5 33 1 -3 -1
1 9415 68 59 17 12 0 0 1 0 -25 33 4 -14 -1 -65 -20 0 3 3 14 1 4 0
1 11075 67 112 7 -29 61 -321 -1 -4 -18 13 -1 -353 -8 95 35 4 -7 -7 -67 -11 -3 0
1 8322 37 -3 58 21 0 0 -37 0 -56 18 -7 77 -1 34 35 14 -8 -8 35 6 -2 0
1 10002 -7 63 -37 -49 0 0 -49 0 34 -21 4 -41 1 410 121 3 -21 -21 -43 3 7 0
1 10014 -1 18 30 20 0 0 -52 0 -23 26 -2 10 -2 -340 -88 4 14 14 -14 -16 -6 0
1 9987 -29 13 -30 -52 0 0 -50 0 22 -43 0 -84 1 -171 -58 -5 10 10 -15 3 3 0
1 9994 -22 -38 -6 44 0 0 -51 0 4 25 3 63 0 -377 -97 5 15 15 14 7 -5 0
1 10006 3 -32 -5 7 0 0 -50 0 8 -5 1 50 0 552 168 7 -29 -29 -11 -9 6 0
1 10006 -6 -23 -4 -9 0 0 -49 0 6 -17 -1 35 1 93 29 1 -5 -5 17 10 -5 0
1 9988 1 -38 23 -9 0 0 -49 0 -22 -23 -6 14 2 -503 -140 2 23 23 85 5 4 0
1 10007 -14 -72 -39 27 0 0 -49 0 45 -2 5 -8 -1 613 163 -6 -26 -26 -90 -4 -4 0
1 10005 -22 -20 37 -2 0 0 -49 0 -28 -7 -5 -55 1 -44 -14 -1 3 3 12 -3 1 0
1 10005 -33 46 -10 -16 0 0 -49 0 -1 0 1 -41 1 -430 -117 2 18 18 -5 -4 -1 0
1 9981 -63 60 -45 -5 0 0 -51 4 39 18 6 33 1 -160 -51 -3 9 9 14 4 1 0
1 13818 -101 -21 130 37 329 159 -9 -4 -117 27 -16 17 0 734 203 -2 -32 -32 -6 0 -1 0
1 7529 -92 46 254 71 0 0 -29 0 -222 65 -111 15 1 -1151 -332 -4 55 55 107 8 4 0
1 9155 -130 -4 16 -57 0 0 -45 0 -7 -40 -7 72 2 681 196 2 -33 -33 -129 0 4 0
1 9504 -114 -90 20 -4 0 0 -48 0 -10 -38 -13 23 1 509 142 -1 -23 -23 25 -4 -4 0
1 9995 -133 7 27 5 0 0 -52 0 -16 8 -13 -20 2 58 11 -3 -1 -1 -14 4 -4 0
1 10017 -134 23 -54 -47 0 0 -53 0 34 -25 25 40 2 -672 -190 0 31 31 9 -9 6 0
1 9987 -130 -32 15 72 0 0 -52 0 -9 38 -2 14 2 -59 -18 -1 3 3 26 -1 -3 0
1 10015 -149 -27 -24 -10 0 0 -53 0 20 -16 16 -128 3 465 128 -1 -20 -20 -50 0 1 0
1 9988 -127 47 22 16 0 0 -53 0 -22 27 -15 101 0 -694 -200 -3 33 33 38 7 -1 0
1 9989 -148 -29 -32 -51 0 0 -54 0 28 -46 16 46 3 827 229 -2 -37 -37 -17 -13 1 0
1 10012 -146 -41 15 62 0 0 -54 0 -5 31 1 -81 0 -353 -97 1 16 16 -7 5 1 0
1 9990 -156 -9 22 -24 0 0 -54 0 -14 -21 -15 47 3 -464 -135 -2 22 22 5 2 1 0
1 11194 -215 14 -24 -56 1 0 -37 4 15 -34 7 80 3 152 39 -2 -6 -6 10 5 -3 0
1 10001 -181 -39 10 36 0 0 0 0 3 14 2 30 2 170 50 1 -8 -8 -16 4 -1 0
1 9999 -203 26 -17 -7 0 0 0 0 7 3 8 5 2 -77 -27 -3 5 5 32 -5 4 0
1 7836 -106 37 -10 7 -15 0 -3 0 -3 15 2 -134 -1 1710 483 0 -78 -78 -39 -20 -55 0
1 12165 -179 14 -26 48 0 0 -1 0 17 42 17 177 3 -1860 -535 -5 87 87 37 19 49 0
1 10000 -98 2 21 -10 0 0 0 0 -15 -7 -9 41 4 177 45 -3 -6 -6 34 6 -1 0
1 10000 -82 -58 1 -1 0 0 0 0 9 -21 2 -16 -5 192 48 -3 -7 -7 -36 -9 5 0
1 9999 -110 -25 34 -45 0 0 -1 0 -19 -41 -23 -27 5 -302 -88 -2 14 14 -10 7 -2 0
1 10000 -133 10 -8 -21 0 0 0 0 6 -10 1 -80 0 98 40 7 -8 -8 -15 -9 4 0
1 10000 -139 -8 -28 1 0 0 0 0 19 -5 13 -17 4 29 21 7 -4 -4 3 0 -5 0
