version: 66.11
glider: 175
mission: 10
dive: 2
start: 1 23 126 17 57 21
columns: rec,elaps_tms,depth,heading,pitch,roll,AD_pitch,AD_roll,AD_vbd,GC_phase,mag.x,mag.y,mag.z,sbect.TempFreq,sbect.CondFreq,aa4330.O2,aa4330.AirSat,aa4330.Temp,aa4330.CalPhase,aa4330.TCPhase,wlbb2f.redCount,wlbb2f.blueCount,wlbb2f.fluorCount,wlbb2f.VFtemp,
data:
0 22228 113 547 -706 -39 243 1901 698 2 518 -198 -33 284827 170531 392906 107357 8441 31083 31083 332 160 110 572
1 9990 4 -1 -14 11 0 1 284 0 1 4 -6 -194 0 -584 -356 -76 55 55 -26 -1 49 0
1 10005 14 -61 2 -9 0 0 278 0 4 8 -18 86 0 7961 2099 -27 -225 -225 68 -28 -97 0
1 10002 33 -37 -60 -16 1 0 277 0 2 15 -57 122 2 -59084 -14723 610 1616 1616 21 18 33 0
1 9997 28 -28 7 33 -1 0 270 0 3 5 8 -54 -4 -19101 -5175 51 680 680 -22 30 59 0
1 9996 34 27 -26 4 1 0 258 0 -4 -10 -19 -45 2 -7461 -2060 3 288 288 -10 -36 -64 0
1 10009 49 80 12 -27 0 0 257 0 -2 -16 22 -391 -4 -2687 -741 1 105 105 29 31 59 0
1 9998 99 -42 -8 48 0 0 278 0 0 6 -5 -193 -231 -1710 -455 9 64 64 -4 -38 -74 0
1 12345 326 122 28 44 423 0 181 -1 -4 -20 66 -347 -230 1346 533 77 -94 -94 1 37 60 0
1 7952 307 28 209 -69 1831 0 9 1 -39 -9 155 -489 -307 -3758 -939 51 125 125 -8 -9 -23 0
1 16355 514 116 283 111 -9 1419 123 2 -178 59 233 -701 -544 -7194 -1739 131 226 226 -2 -5 -10 0
1 10354 219 84 49 38 0 0 0 0 -63 28 41 105 -375 -4073 -923 107 115 115 71 18 -3 0
1 9999 170 -37 35 26 0 0 0 0 -16 25 10 33 -239 -3300 -941 -10 144 144 -34 -5 0 0
1 10001 151 -89 26 2 0 0 0 0 8 15 -2 -170 -152 -385 -100 4 14 14 8 3 0 0
1 10975 147 -81 7 5 0 0 0 0 18 15 -7 -260 -210 -1426 -316 43 39 39 24 9 5 0
1 10000 124 -87 7 -2 0 0 0 0 16 17 -8 -371 -275 -1002 -255 13 37 37 -36 -10 -9 0
1 10001 116 -91 1 -1 0 0 0 0 18 20 -10 -245 -204 -2505 -591 57 78 78 68 -1 -2 0
1 9999 116 -80 3 -5 0 0 0 0 13 14 -8 251 -5 -2338 -612 23 90 90 -18 3 1 0
1 11099 135 -96 -7 -1 0 0 0 0 16 25 -13 -538 -251 -2088 -583 1 91 91 -31 -2 -2 0
1 10000 113 -120 -2 0 0 0 0 0 10 32 -13 -154 -257 -1579 -322 64 37 37 -3 1 3 0
1 10000 109 -105 -11 1 0 0 0 0 7 29 -13 -45 -142 -1101 -261 25 36 36 -7 -5 1 0
1 8018 95 3546 -7 -119 -1 -1389 8 0 3 -71 13 -152 -63 -777 -201 10 30 30 9 12 15 0
1 11982 134 -60 -11 -95 0 -5 0 2 8 -53 -3 469 15 -2688 -742 7 117 117 46 3 -17 0
1 10181 122 -7 61 -8 169 0 0 -4 -39 -6 30 -5 -167 -1023 -354 -36 65 65 1 6 -3 0
1 8629 60 35 121 7 1 0 -39 0 -109 -9 49 74 -64 -2481 -721 -13 120 120 55 -3 -3 0
1 10014 25 -3550 38 11 0 0 -49 0 -35 -5 12 -44 -7 -1460 -419 -5 69 69 -42 6 3 0
1 9984 26 21 -8 0 0 1 -53 0 6 -6 -4 54 -2 19 3 -2 0 0 -32 -10 1 0
1 10000 22 20 -10 -1 0 -1 -52 0 12 -6 -3 11 -8 -149 -45 -1 8 8 43 8 0 0
1 10007 33 33 -7 6 0 0 -53 0 8 -4 -3 -64 -9 -348 -98 -1 16 16 -39 -6 -2 -1
1 10003 42 14 1 -7 0 0 -51 0 -2 -10 -1 25 -2 176 49 0 -8 -8 40 7 0 1
1 9997 41 59 -1 -5 0 0 -51 0 -1 -21 -2 71 -4 169 47 0 -7 -7 -9 -4 1 -1
1 9994 39 88 -8 6 0 -1 -51 0 -1 -19 -3 -110 -15 -208 -61 -1 10 10 33 6 -4 1
1 10000 37 72 -4 -2 0 1 -50 0 0 -23 -5 69 -7 -63 -17 0 2 2 -69 -5 6 0
1 10009 32 87 -13 0 0 0 -52 0 -1 -23 -6 54 -11 -336 -94 0 16 16 115 16 -1 -1
1 9994 25 73 -10 -4 0 0 -51 0 -7 -20 -4 -3 -10 237 67 0 -11 -11 -75 -14 -5 0
1 16622 37 84 122 11 335 0 -47 0 -126 -19 20 -26 -27 858 233 -4 -37 -37 32 -18 -43 1
1 8380 -35 -18 314 6 1 0 -33 0 -286 10 -50 34 -15 -1481 -419 -2 69 69 -5 22 44 0
1 10003 -40 -49 -60 -3 0 0 -51 0 59 11 29 -108 -30 -216 -58 2 9 9 -67 -4 4 0
1 10005 -44 -81 4 -6 -1 0 -53 0 8 16 8 28 20 62 20 1 -4 -4 6 -7 -2 -1
1 10007 -51 -109 5 -1 1 0 -52 0 11 27 11 45 54 -239 -66 1 11 11 17 0 1 0
1 9983 -79 -107 -6 2 -1 0 -52 0 15 32 10 -77 46 308 86 -1 -14 -14 -18 3 1 0
1 10009 -90 -126 -5 -5 1 0 -54 0 6 33 6 79 86 -236 -67 0 11 11 22 2 -3 1
1 9989 -110 63 -9 23 -1 0 -56 0 8 2 3 -190 133 -122 -30 2 5 5 -44 -9 0 0
1 10012 -132 78 9 -2 1 0 -53 0 -6 -27 -5 -276 19 703 200 2 -34 -34 -8 -4 -2 -1
1 10006 -135 64 -10 1 0 0 -54 0 1 -16 -3 -29 37 -76 38 33 -13 -13 59 18 5 1
1 9979 -166 145 -8 19 0 0 -55 0 -10 -24 -8 -315 93 512 182 21 -35 -35 -92 -23 1 -1
1 10007 -186 137 0 -6 -1 0 -55 0 -28 -36 -18 893 500 521 198 28 -38 -38 71 11 3 0
1 15253 -284 39 -3 -220 11 -1383 -14 2 -4 -174 -101 444 364 2251 499 -73 -66 -66 -33 -6 0 1
1 10000 -188 27 -15 -10 0 0 0 0 7 -12 -7 384 309 1938 458 -47 -64 -64 -16 -1 4 0
1 10303 -182 20 -5 -7 0 0 0 0 -2 -5 -6 206 201 3362 824 -63 -118 -118 -2 -2 -4 -1
1 10001 -197 -7 -5 -5 0 0 0 0 6 -3 0 -32 93 2007 490 -39 -70 -70 -6 1 4 1
1 9999 -180 -65 -18 -9 0 0 0 0 31 -1 13 -69 215 1926 520 -10 -80 -80 -11 -12 -3 -1
1 10000 -162 -175 3 -25 0 0 0 0 33 10 18 -153 206 1510 425 2 -67 -67 -14 1 2 1
1 10294 -169 -189 7 2 0 0 0 0 16 43 36 578 375 1814 516 4 -81 -81 -14 -2 3 -1
1 9999 -163 -133 5 9 0 0 0 0 2 40 25 107 108 2214 538 -41 -75 -75 8 2 5 0
1 8826 -130 -55 6 101 0 1139 -5 0 -7 101 42 18 76 1874 478 -24 -68 -68 -10 -5 -1 0
1 11174 -183 3490 -42 121 -78 278 -1 2 33 141 27 397 204 2850 745 -26 -108 -108 7 5 11 0
1 10000 -135 -78 -17 10 0 0 0 0 5 29 1 56 57 2264 562 -36 -77 -77 -8 -10 -13 0
1 10001 -130 -105 -13 -9 0 0 0 0 3 19 -1 18 40 1631 421 -17 -59 -59 7 6 15 0
1 8790 -95 -77 4 120 -64 1344 -1 0 -18 125 -26 -65 59 891 222 -13 -31 -31 -57 1 -10 0
1 13996 -174 -80 -18 117 0 33 0 -2 1 110 -51 531 212 1277 320 -18 -44 -44 -1 8 -130 1
1 10975 -123 -73 -16 7 0 0 0 0 -3 12 -9 474 178 1226 274 -33 -33 -33 -266 -206 75 -1
1 10000 -109 -63 -124 -15 0 0 0 0 112 7 -2 126 58 3269 743 -83 -92 -92 0 108 0 0
