version: 66.11
glider: 175
mission: 10
dive: 146
start: 1 28 126 7 33 53
columns: rec,elaps_tms,depth,heading,pitch,roll,AD_pitch,AD_roll,AD_vbd,GC_phase,mag.x,mag.y,mag.z,sbect.TempFreq,sbect.CondFreq,aa4330.O2,aa4330.AirSat,aa4330.Temp,aa4330.CalPhase,aa4330.TCPhase,wlbb2f.redCount,wlbb2f.blueCount,wlbb2f.fluorCount,wlbb2f.VFtemp,
data:
0 17000 -437 1372 -691 43 249 2333 502 2 416 -158 242 283099 168944 366205 97754 7487 32411 32411 342 122 78 572
1 9989 10 18 -17 -17 0 1 282 0 9 -4 -12 22 -1 -1458 -377 5 46 46 -10 -8 -3 -1
1 10015 0 17 -17 -39 0 0 283 0 17 -12 -20 77 0 -659 -134 18 13 13 -75 35 97 0
1 10001 20 -27 -9 34 1 0 278 0 -5 3 1 -23 0 1441 358 -11 -43 -43 49 -16 -76 0
1 9991 36 9 -33 -5 -1 0 272 0 18 2 -25 -23 -2 -45710 -8918 1553 843 843 33 -12 -22 0
1 9995 21 30 1 -7 1 0 262 0 1 8 2 69 0 -13812 -3666 80 505 505 -15 2 29 0
1 10002 38 32 -31 4 0 0 253 0 13 10 -14 -146 0 -3458 -986 -13 147 147 -63 26 9 0
1 10013 47 37 7 -16 0 0 254 0 -5 5 7 133 -3 991 184 -45 -17 -17 29 -8 -3 0
1 9993 132 117 -7 -67 0 0 276 0 -2 6 3 -74 -25 -1768 -373 59 42 42 35 -22 -46 0
1 11852 332 -142 35 127 450 -1 114 -1 -9 17 23 -199 -162 -482 9 71 -17 -17 -26 21 50 0
1 8155 328 -164 204 44 1711 -704 3 5 -102 -5 112 -1389 -877 299 158 37 -31 -31 4 5 0 0
1 15019 470 126 231 -307 0 -636 2 -2 -203 -205 23 -593 -407 -13227 -3096 307 401 401 -11 -1 -7 0
1 10000 248 19 44 -12 0 0 0 0 -45 -9 7 -16 -38 -4027 -1028 53 148 148 -8 -8 -14 0
1 9999 219 33 24 -6 0 0 0 0 -28 4 6 -52 -44 -1040 -245 25 33 33 17 5 7 0
1 10000 202 35 4 4 0 0 0 0 -12 11 10 -35 -34 -1112 -267 25 36 36 -26 -7 4 0
1 10324 190 68 4 -25 0 0 0 0 -13 1 2 -295 -205 -690 -160 17 22 22 8 7 -4 0
1 9999 196 40 1 19 0 0 0 0 -6 27 17 -284 -187 -2576 -645 44 92 92 2 0 0 0
1 10000 188 70 -5 -5 0 0 0 0 -2 20 9 -101 -54 -3465 -894 44 134 134 22 3 -2 0
1 10001 191 85 12 6 0 0 0 0 -15 34 16 -58 -53 -2269 -605 19 94 94 -11 -1 -2 0
1 10310 181 49 -12 3 0 0 0 0 12 20 7 -66 -44 -1546 -407 16 63 63 0 -2 0 0
1 10000 192 72 5 -15 0 0 0 0 0 12 5 -109 -73 -1042 -260 19 38 38 -5 1 -3 0
1 10000 181 113 5 13 0 0 0 0 14 50 11 -218 -132 -1210 -320 12 50 50 10 -1 1 0
1 10000 171 48 -14 2 0 0 0 0 22 17 1 -513 -340 -657 -125 34 14 14 -1 0 -4 0
1 11111 203 54 7 -1 0 0 0 0 0 17 3 156 -39 -3853 -976 64 148 148 31 15 0 0
1 10000 183 2 -7 7 0 0 0 0 8 7 0 112 -35 -1590 -452 -1 76 76 -29 -5 -2 0
1 10000 197 17 2 1 0 0 0 0 3 5 0 98 -18 -828 -250 -9 44 44 46 2 4 0
1 9999 196 31 4 -8 0 0 0 0 3 1 -1 112 -1 -373 -121 -9 23 23 -41 -6 -6 0
1 10220 201 39 5 0 0 0 0 0 6 10 1 107 4 -219 -86 -14 17 17 23 7 2 0
1 10000 179 45 3 6 0 0 0 0 9 16 0 10 -1 -224 -89 -15 19 19 -2 5 6 0
1 8687 165 9 -1 94 56 1354 2 0 7 83 -3 103 15 946 262 -2 -44 -44 26 -15 4 0
1 11313 199 19 35 110 1 0 0 2 -28 101 -14 130 3 -787 -255 -19 47 47 -21 16 -5 0
1 10000 139 10 8 7 0 0 0 0 -4 8 -2 59 7 41 -10 -13 5 5 31 4 -2 0
1 10000 142 21 2 -1 0 0 0 0 2 5 -2 9 0 106 16 -8 -1 -1 3 -7 -2 0
1 9422 128 19 10 0 24 0 1 0 -3 2 0 38 5 -209 -72 -7 13 13 -27 5 6 0
1 10578 124 -3 19 7 0 0 0 0 -15 2 1 53 -13 29 -4 -7 3 3 22 -5 -3 0
1 10000 116 -30 1 -3 0 0 0 0 -11 -6 4 -26 -8 105 19 -6 -2 -2 -7 5 -3 0
1 10000 109 -30 -7 3 0 0 0 0 -2 -2 0 -24 -13 -144 -38 1 6 6 -24 -3 3 0
1 10000 99 -27 -3 -1 0 0 0 0 -5 -6 3 -30 -14 -237 -65 1 11 11 11 3 -2 0
1 10000 112 -31 2 -12 0 0 0 0 -11 -16 5 -105 -36 -87 -20 3 3 3 36 1 4 0
1 9421 88 -40 7 13 0 0 0 0 -13 0 1 -54 -24 -10 10 8 -4 -4 -38 -2 -12 0
1 10579 113 -56 -10 12 0 0 0 0 -8 0 0 -34 -21 -455 -109 11 16 16 12 -1 9 0
1 10001 108 9 6 -19 0 0 0 0 -5 -15 4 -55 -27 -417 -101 10 16 16 -5 1 1 0
1 8251 81 2 -4 -104 0 -1345 0 0 3 -93 14 -114 -2 459 137 4 -25 -25 -4 12 38 0
1 14162 148 66 8 -100 0 -41 0 -2 10 -76 -3 42 -46 -1438 -394 6 66 66 18 -18 -43 0
1 10000 115 35 6 -9 0 0 0 0 2 2 0 -21 -19 -185 -38 9 5 5 -10 7 1 0
1 10000 99 26 1 4 0 0 0 0 7 9 1 -30 -25 -644 -175 4 29 29 1 1 -1 0
1 8117 96 20 -4 121 0 1404 -1 0 11 113 -6 -138 -29 719 212 5 -38 -38 17 -17 -30 0
1 11884 109 15 -7 95 0 1 1 2 11 87 -21 124 -7 -1333 -365 7 62 62 -5 17 29 0
1 9999 100 8 2 0 0 0 0 0 0 1 0 8 -8 -305 -87 0 15 15 4 2 3 0
1 10001 87 -2 4 0 0 0 0 0 -3 -1 1 2 -9 -89 -24 0 4 4 79 9 2 0
1 10000 80 33 0 -4 0 0 0 0 7 4 -2 18 -8 -86 -26 -1 5 5 -66 -8 3 0
1 10000 95 44 -2 4 0 0 0 0 16 8 -5 -14 -17 -355 -102 -1 18 18 5 0 -6 0
1 9999 87 71 6 0 0 0 0 0 17 8 -6 -302 -124 -222 -59 2 9 9 -33 -2 7 0
1 8086 61 3 -9 119 -2 1319 0 0 12 89 -46 -283 -63 283 122 25 -26 -26 15 -24 -59 0
1 13286 101 -57 -2 104 0 30 -1 -2 -19 74 -52 24 -58 -884 -201 28 28 28 -20 18 50 0
1 10231 101 -46 1 9 0 0 0 0 -13 1 1 -62 -51 -455 -93 22 12 12 25 8 3 0
1 10000 99 -33 15 -4 0 0 0 0 -24 -5 8 -18 -122 -615 -155 11 24 24 11 7 1 0
1 10001 102 -24 12 -8 0 0 0 0 -19 -6 7 14 -39 -1489 -408 8 70 70 33 0 -2 0
1 9999 108 -21 -12 5 0 0 0 0 5 0 0 -54 -34 -1667 -464 5 80 80 -15 0 -3 0
1 9166 92 -47 11 -46 0 -496 1 0 -22 -39 33 -83 -15 -528 -138 7 23 23 42 4 4 0
1 11165 113 -42 -35 -154 0 -876 0 2 20 -135 64 -20 -57 -745 -204 4 35 35 -51 -8 -1 0
1 9999 102 -37 21 -18 0 0 0 0 -26 -26 8 -8 -7 -515 -133 8 22 22 7 1 -1 0
1 10000 105 12 -13 -46 0 0 0 0 14 -38 8 82 25 -710 -191 6 32 32 10 1 0 0
1 10001 117 37 7 9 0 -1 0 0 4 16 -3 67 40 -133 -46 -5 10 10 -6 8 0 0
1 10000 112 -36 -16 33 0 0 0 0 6 22 -6 -87 -27 -124 -46 -6 9 9 2 0 -2 0
1 9999 127 5 8 -6 0 0 0 0 -6 -5 2 37 2 -288 -74 5 12 12 18 1 6 0
1 10001 111 -46 11 17 0 0 0 0 -22 5 -1 52 -8 236 60 -5 -9 -9 78 13 0 0
1 10000 109 -24 -8 11 0 0 0 0 1 3 -1 63 4 -147 -49 -4 10 10 -85 -22 -6 0
1 10000 114 -3 -2 -26 0 0 0 0 2 -25 6 24 -5 -239 -77 -5 14 14 26 3 6 0
1 8051 98 -28 -1 -115 0 -1325 0 0 -6 -112 14 436 118 144 18 -14 0 0 8 -13 -38 0
1 13290 149 29 2 -89 0 -43 0 -2 2 -73 -6 340 63 733 90 -71 0 0 -35 15 38 0
1 10225 117 26 12 -16 0 0 0 0 -3 -8 -1 -117 -16 813 186 -26 -28 -28 11 -3 -3 0
1 10000 121 40 -2 9 0 0 0 0 8 21 3 115 31 215 56 -3 -9 -9 87 27 3 0
1 10000 109 -3 -4 5 0 0 0 0 3 3 -1 176 41 -18 -19 -8 5 5 -38 -18 -2 0
1 10001 121 22 7 2 0 0 0 0 0 8 1 158 24 267 31 -27 1 1 135 23 -1 0
1 10322 116 80 10 -30 0 0 0 0 11 -8 0 -128 -25 561 119 -23 -16 -16 -101 -19 1 0
1 8373 100 15 -15 148 0 1383 -1 0 22 135 -5 -49 8 437 125 1 -22 -22 -41 6 23 0
1 11627 124 24 -1 86 0 2 1 2 7 81 -19 204 21 -597 -173 -3 31 31 16 5 -21 0
1 10002 111 -17 -5 0 0 0 0 0 1 -4 1 -3 2 208 35 -14 -4 -4 120 10 -4 0
1 9998 102 11 14 -4 0 0 0 0 -10 -1 1 -54 -17 157 36 -5 -5 -5 -92 -11 6 0
1 10002 107 16 -9 -1 0 0 -1 0 12 3 -2 -6 -1 -138 -35 3 6 6 8 5 -1 0
1 9998 110 -19 4 -1 0 0 0 0 -10 -4 2 9 6 -62 -20 -2 4 4 -39 -15 -4 0
1 10000 105 -16 0 8 0 0 0 0 -4 5 -1 14 5 24 12 3 -3 -3 -2 3 -3 -1
1 10000 99 -43 -3 21 0 0 0 0 -5 6 -3 19 1 -59 -23 -4 5 5 -27 -7 2 1
1 10000 93 -63 -17 -22 0 0 0 0 -5 -30 10 85 22 123 34 0 -6 -6 -15 4 0 0
1 10000 105 55 14 -7 0 0 0 0 3 5 -1 -120 -27 95 11 -10 0 0 98 9 2 0
1 10000 105 -67 -6 -5 0 0 0 0 -12 -20 5 374 82 -154 -32 7 4 4 -47 -1 1 0
1 10000 113 -59 12 2 0 0 0 0 -25 -14 4 324 71 174 11 -23 3 3 151 17 -6 -1
1 10000 95 -63 3 7 0 0 0 0 -15 -12 2 33 8 440 47 -45 2 2 -148 -8 6 1
1 8333 99 -1 -11 -120 0 -1340 0 0 8 -110 9 -90 3 453 94 -20 -12 -12 61 -6 -8 0
1 13784 144 15 -12 -96 1 -43 0 -2 15 -84 -10 190 1 808 205 -14 -33 -33 -41 -4 5 0
1 10224 135 40 1 21 0 0 0 0 7 32 5 32 11 -3 -26 -14 7 7 49 6 0 0
1 10001 135 -73 13 -13 0 0 0 0 -28 -35 -5 -53 -4 175 45 -3 -7 -7 -80 3 -1 0
1 10001 125 24 4 2 0 0 0 0 2 9 2 197 9 -58 -39 -13 10 10 36 0 1 0
1 9999 127 10 -1 0 0 0 0 0 2 4 0 -5 -5 710 180 -12 -29 -29 29 -3 4 0
1 10213 121 17 26 7 0 0 0 0 -21 12 1 -5 -1 -306 -94 -5 17 17 -36 -3 -10 -1
1 10000 104 37 -41 -26 0 0 0 0 47 -13 -1 265 50 14 -5 -5 2 2 37 7 7 1
1 10000 127 11 27 18 0 0 0 0 -20 18 3 -37 2 220 19 -25 3 3 18 -1 3 0
1 10000 103 7 11 -4 0 0 0 0 -11 -1 -1 76 15 402 104 -5 -18 -18 -24 3 -2 -1
1 10440 93 27 -16 0 0 0 0 0 22 7 2 -100 -21 100 5 -14 3 3 -18 -9 2 1
1 9999 107 32 18 -5 0 0 0 0 -11 5 0 -5 3 -103 -18 6 1 1 32 18 -1 0
1 10000 83 24 -28 -4 0 0 0 0 32 3 0 27 -2 -266 -75 1 13 13 80 4 5 0
1 10001 99 6 5 14 0 0 0 0 -3 14 1 101 22 257 68 -3 -11 -11 -24 -10 -4 0
1 10237 102 70 18 -18 0 0 0 0 1 1 1 6 3 104 15 -8 -1 -1 -22 3 -4 0
1 8820 80 43 -9 109 -1 1172 0 0 25 103 -3 -151 -8 1398 386 -5 -67 -67 117 12 2 -1
1 11179 96 13 -13 121 0 203 0 2 15 111 -27 91 -3 -1266 -352 3 62 62 -209 -27 0 0
1 10001 92 -74 -11 7 0 0 0 0 -11 -6 3 67 14 19 5 0 -1 -1 13 5 0 0
1 10000 100 -24 8 -7 0 0 0 0 -14 -11 5 31 7 -334 -98 -3 18 18 70 8 6 0
1 9999 98 -49 8 0 0 0 0 0 -20 -11 4 149 25 289 70 -6 -11 -11 -53 -4 -6 0
1 10001 87 -19 13 11 0 0 0 0 -17 5 -1 193 9 226 46 -10 -6 -6 98 14 -4 1
1 10000 89 11 -13 -8 0 0 0 0 15 -4 1 150 77 259 30 -26 0 0 -114 -12 8 0
1 10000 90 -10 -12 3 0 0 0 0 9 0 -1 -175 -40 602 132 -21 -18 -18 16 1 -5 -1
1 10000 109 10 14 -6 0 0 0 0 -11 -3 1 470 118 368 70 -20 -8 -8 14 -2 -3 1
1 9999 106 44 4 0 0 0 0 0 9 9 -2 -183 -87 675 154 -20 -23 -23 373 43 2 -1
1 10001 94 20 -4 -1 0 0 0 0 7 5 -2 9 -1 -40 -9 1 2 2 -209 -16 3 1
1 10000 94 9 1 2 0 0 0 0 4 2 -1 40 5 -113 -39 -4 7 7 -122 -13 -2 -1
1 10000 100 -1 4 -4 0 0 0 0 -5 -4 2 100 16 149 38 -2 -6 -6 125 24 9 0
1 10000 87 50 -9 -5 0 0 0 0 23 4 -4 252 45 63 -11 -17 6 6 -31 -3 -9 0
1 9999 82 46 11 7 0 0 0 0 3 14 -4 111 23 453 81 -27 -8 -8 87 -7 3 1
1 10001 92 20 2 -7 0 0 0 0 2 -2 0 66 19 188 24 -16 -1 -1 62 32 5 -1
1 11574 89 -6 20 -22 86 -259 0 -4 -18 -22 9 -6 19 31 -27 -21 9 9 7 -10 -1 1
1 7649 40 13 49 -8 0 0 -33 0 -41 -5 3 -32 -3 532 135 -9 -21 -21 65 4 -9 -1
1 9608 41 6 23 4 0 0 -49 0 -19 4 -1 2 -7 413 103 -7 -17 -17 97 22 15 1
1 9987 31 44 -19 -4 0 1 -49 0 32 0 0 -15 7 -57 -14 2 2 2 -229 -35 -6 -1
1 9988 27 25 -4 7 0 -1 -51 0 10 11 -4 123 27 30 6 -1 -1 -1 47 3 -4 1
1 10005 38 19 -5 4 0 1 -49 0 10 6 -2 -82 -11 104 15 -9 0 0 -103 -14 0 -1
1 10005 34 -17 -11 4 0 -1 -51 0 5 1 -1 41 -1 142 34 -3 -5 -5 41 7 1 0
1 10005 30 39 -2 -4 0 0 -48 0 15 -1 -1 114 17 60 22 3 -5 -5 23 3 0 0
1 9996 33 14 -9 -4 0 0 -48 0 12 -2 0 -113 -7 -139 -38 0 7 7 -61 -4 -2 0
1 10002 27 -44 -5 9 0 0 -48 0 -8 3 0 -96 0 -123 -44 -5 9 9 390 71 3 0
1 10003 2 -31 -15 -7 0 0 -50 0 3 -8 1 9 -11 112 25 -4 -4 -4 -246 -48 -1 1
1 9987 5 -13 -7 3 0 0 -48 0 1 3 0 58 0 -59 -16 1 3 3 32 15 -4 0
1 10003 -6 -14 -2 -1 -1 0 -50 0 -2 -3 1 -75 0 84 30 3 -6 -6 773 29 5 -1
1 14281 -33 -4 119 24 338 107 -20 0 -108 17 -5 -43 0 27 11 2 -3 -3 -851 -41 -3 1
1 7524 -47 57 331 0 0 0 -29 0 -270 5 -104 16 1 151 34 -4 -5 -5 72 -1 -4 -1
1 8982 -71 -22 -16 25 0 0 -43 0 4 16 0 -90 -2 19 8 1 -1 -1 91 32 11 0
1 9211 -75 -35 -10 -30 0 0 -46 0 -1 -26 9 11 -22 -200 -52 2 8 8 -268 -51 -2 0
1 10014 -99 -8 -9 6 0 0 -51 0 5 4 2 11 -11 315 97 6 -18 -18 89 -1 -9 0
1 9990 -112 18 2 -3 0 0 -53 0 2 1 2 -34 4 -76 -4 10 -1 -1 127 16 5 0
1 9998 -134 -32 -5 3 0 0 -52 0 -3 -4 0 -16 -10 -166 -38 4 5 5 -76 3 0 1
1 10004 -136 -7 -15 9 0 0 -52 0 10 6 3 33 2 -143 -40 1 7 7 59 -1 -3 0
1 10006 -144 -29 -2 -5 0 0 -53 0 -6 -8 -1 -29 -17 -93 -17 5 2 2 -98 -9 2 -1
1 9994 -152 -16 -10 2 1 0 -53 0 3 0 2 -129 -21 -185 -37 8 5 5 -109 -6 3 0
1 9991 -141 -36 -5 -7 -1 0 -53 0 -6 -12 1 -505 -62 -312 -77 6 12 12 2 -17 -1 0
1 9998 -138 -30 -4 5 0 0 -54 0 -4 -2 -3 35 13 -251 13 49 -13 -13 -100 -26 -3 1
1 11564 -182 3 -5 10 1 -1 -45 4 4 9 0 382 121 -545 -134 10 21 21 -12 5 1 -1
1 10601 -150 17 6 -1 0 0 0 0 0 2 0 -247 -80 -18 -13 -4 3 3 -63 -11 -3 0
1 10000 -158 29 -5 -1 0 0 0 0 13 3 6 -231 -34 297 106 13 -22 -22 43 9 9 0
1 7807 -111 60 -5 5 -29 1 -4 0 19 14 7 -223 -57 322 134 25 -29 -29 98 -18 -41 0
1 12193 -195 19 -19 -8 0 0 0 0 22 -4 13 -107 -59 -1043 -230 37 33 33 -97 22 29 1
1 10000 -141 18 -8 11 0 0 0 0 11 12 1 -122 -25 -820 -187 25 27 27 20 0 5 0
1 9999 -141 4 -8 22 0 0 0 0 9 16 -4 68 0 -620 -142 19 21 21 -1 3 -3 -1
1 8745 -104 -22 11 -136 -16 -1378 -1 0 -18 -106 29 -96 -6 29 7 -1 -2 -2 6 11 27 0
1 13975 -177 -157 -41 -134 0 -32 0 -2 -11 -134 2 -175 -40 -668 -159 17 25 25 29 -21 -24 0
1 8072 -68 -83 6 102 0 1352 -2 0 -23 63 -12 -124 0 33 36 16 -10 -10 -27 33 46 0
1 11928 -137 69 41 132 0 1 0 2 -16 118 -32 108 -4 -453 -115 7 19 19 -30 -35 -48 0
1 9995 -115 1 -9 0 0 0 0 0 9 0 6 -32 -11 -341 -84 7 13 13 -28 -2 3 0
1 10005 -129 -13 -7 6 0 0 0 0 -1 4 -1 -11 -1 -31 3 6 -2 -2 3 2 2 0
1 9995 -123 3 4 -3 0 -1 0 0 0 -3 -1 -15 -1 -203 -53 3 9 9 -21 -7 -2 0
1 10005 -132 54 -3 -10 0 0 0 0 15 4 9 -20 -5 -78 -15 4 1 1 83 5 -1 1
1 9995 -131 8 5 7 0 0 0 0 -1 7 -4 0 2 -70 -13 4 2 2 -75 6 2 0
1 10005 -122 9 0 -4 0 1 0 0 1 0 1 -36 -2 -8 -2 0 0 0 46 -5 -1 -1
1 9995 -128 -22 -14 -3 0 0 0 0 6 -7 5 -16 0 321 95 3 -17 -17 18 9 4 0
1 10005 -123 47 6 1 0 0 0 0 8 10 2 -46 0 -413 -109 4 18 18 -36 -10 -4 1
1 10000 -136 2 4 -8 1 0 0 0 -2 -8 1 -3 -2 167 58 7 -12 -12 -9 -4 0 -1
1 10000 -134 22 3 7 0 0 0 0 2 12 -3 -39 2 -112 -25 4 4 4 -33 7 -1 0
1 10000 -145 36 -1 -10 0 0 0 0 12 -5 9 -8 -3 82 32 5 -7 -7 41 -2 -4 0
1 8697 -109 11 -2 -108 -1 -1322 0 0 3 -81 22 -124 -5 -317 -81 5 13 13 -57 -5 0 0
1 13352 -193 -71 -17 -95 0 -34 0 -2 -7 -88 3 7 -7 341 108 7 -20 -20 77 1 2 0
1 10000 -147 -32 20 -14 0 0 0 0 -25 -14 -13 -253 -61 -100 9 22 -7 -7 -63 -4 5 0
1 8816 -119 -92 -38 38 0 29 -2 -1 9 7 4 -303 -21 -375 -72 20 9 9 -10 -1 -2 0
1 11184 -142 44 34 195 0 1356 0 3 -13 162 -32 192 -2 -629 -149 16 22 22 40 9 -3 0
1 10000 -140 -56 13 -6 0 0 0 0 -27 -15 -11 -93 -28 3 11 7 -3 -3 -47 -13 -2 0
1 10000 -131 44 -18 -14 0 0 0 0 26 -2 18 -63 -10 -40 3 8 -2 -2 -29 -1 3 1
1 10000 -138 -19 3 3 0 1 0 0 -9 0 -6 10 -12 55 33 10 -9 -9 15 1 -1 -1
1 10000 -130 12 6 -8 0 0 0 0 2 -7 3 -432 -86 -420 -110 5 19 19 15 10 9 1
1 10000 -146 -15 -8 19 0 0 0 0 1 13 -4 -84 -34 -740 -142 40 16 16 -53 -21 -10 -1
1 10000 -138 -1 -1 -9 0 0 0 0 -1 -6 3 -259 -49 -407 -66 29 6 6 -9 3 -3 0
1 10000 -135 24 -8 15 0 0 0 0 13 17 2 -106 -25 -463 -59 43 1 1 9 -6 0 1
1 10000 -132 32 9 -6 0 0 0 0 1 1 0 -81 -10 -827 -202 19 31 31 -13 0 4 -1
1 10000 -122 24 -10 -2 0 0 0 0 16 3 7 -107 -9 -500 -107 20 15 15 -25 2 0 0
1 10000 -126 19 9 1 0 0 0 0 -3 5 -2 -49 -4 204 81 14 -18 -18 35 -7 -2 0
1 10000 -121 15 -2 14 0 0 0 0 5 14 -2 16 14 -106 -9 13 -1 -1 -19 5 2 0
1 10000 -128 -34 3 -23 0 0 0 0 -11 -25 1 13 17 -123 -26 5 4 4 -2 -1 -2 0
1 10000 -97 -3 -7 -6 0 0 0 0 3 -3 3 -2 12 58 21 3 -5 -5 7 9 3 0
1 10000 -109 -24 5 9 0 0 0 0 -8 0 -4 -134 -12 37 12 1 -2 -2 5 -11 -1 0
1 10000 -108 24 1 0 0 0 0 0 5 5 0 9 0 -40 -2 6 -1 -1 5 0 0 0
1 9999 -110 56 0 10 0 0 0 0 16 18 2 -178 -38 283 94 8 -19 -19 -22 -3 4 0
1 10001 -122 -14 -3 -5 0 0 0 0 -2 -6 2 6 19 -262 -36 23 2 2 19 1 1 1
1 10000 -106 6 1 0 0 0 0 0 1 0 1 -57 42 -95 -16 7 1 1 -23 -4 -4 -1
1 10000 -103 31 -3 4 0 0 0 0 12 8 3 -258 -17 224 74 5 -14 -14 -35 -9 -1 0
1 10000 -109 -8 -6 5 0 0 0 0 3 2 1 221 73 195 101 28 -24 -24 -13 2 -6 0
1 10000 -110 17 3 -8 0 0 0 0 1 -2 2 248 83 342 85 -7 -14 -14 -7 -6 3 0
1 10000 -99 -8 -1 0 0 0 0 0 -1 -2 -1 510 173 537 119 -20 -16 -16 11 14 8 0
1 9999 -123 -19 -4 3 0 0 0 0 -2 0 -1 101 52 1317 275 -59 -36 -36 -2 -7 -7 0
1 10000 -109 -9 5 -1 0 0 0 0 -7 -1 -3 69 43 1401 336 -36 -52 -52 22 0 -2 0
1 10001 -96 -29 -4 1 0 0 0 0 -3 -6 -2 284 118 1283 334 -17 -55 -55 -16 -4 3 0
1 10000 -115 -61 6 0 0 0 0 0 -23 -11 -6 32 28 971 214 -35 -29 -29 23 2 -1 0
1 10000 -112 -39 -1 -6 0 0 0 0 -8 -15 -1 -60 -4 1135 288 -20 -46 -46 -33 0 -3 0
1 10000 -107 -31 -3 8 0 0 0 0 -6 0 -3 -320 -56 423 119 0 -20 -20 30 8 7 0
1 10000 -119 4 0 -9 0 0 0 0 -1 -5 2 19 14 -175 -4 27 -6 -6 -28 -2 -4 0
1 10000 -113 62 5 6 1 0 0 0 12 19 1 295 111 93 28 1 -5 -5 7 -3 4 0
1 10000 -115 28 -1 3 0 0 0 0 9 8 1 97 40 245 33 -21 -1 -1 -29 -5 0 1
1 10000 -112 13 -6 0 0 0 0 0 7 4 5 102 38 207 37 -13 -3 -3 42 10 -2 -1
1 10000 -120 16 1 -4 -1 -1 0 0 5 -2 3 22 12 250 42 -16 -4 -4 -30 -9 -1 0
1 10000 -115 21 -3 -5 0 0 0 0 8 0 4 24 11 500 124 -10 -19 -19 5 1 0 0
1 10000 -106 17 9 5 0 0 0 0 -4 9 -5 118 45 678 174 -10 -28 -28 34 2 4 0
1 9999 -110 0 -4 -7 1 1 0 0 5 -8 4 -9 1 -91 -44 -11 10 10 -44 -1 -2 1
1 10001 -110 16 -4 7 0 0 0 0 8 8 2 15 31 646 171 -6 -28 -28 -2 0 4 -1
1 10000 -111 -18 -3 -2 0 0 0 0 -3 -5 0 -209 -30 202 50 -4 -8 -8 53 2 -6 0
1 10000 -98 -19 6 0 -1 0 0 0 -11 -2 -4 -30 -3 440 153 16 -30 -30 -52 -7 1 0
1 10000 -103 -56 -3 2 0 0 0 0 -11 -11 -3 -117 -13 -99 -13 9 1 1 8 0 2 0
1 10000 -104 -15 6 -3 0 0 0 0 -9 -6 -3 -157 -16 149 63 12 -14 -14 -12 -1 -1 0
1 10000 -94 -4 3 -2 0 0 0 0 -3 -2 -2 -127 -8 -228 -26 22 0 0 -20 3 1 0
1 10000 -104 -5 -8 8 0 0 0 0 5 6 1 -24 -3 -158 -11 20 -3 -3 22 0 0 0
1 10000 -111 16 0 -4 0 0 0 0 4 0 2 -47 -5 -27 11 10 -4 -4 -20 -1 -1 0
1 10000 -105 -9 -4 3 0 0 0 0 0 2 1 -59 -4 120 48 8 -10 -10 17 1 1 0
1 10000 -101 -2 1 2 0 0 0 0 -2 1 -2 -17 1 27 24 9 -6 -6 -18 -8 5 0
1 10000 -107 -18 3 -2 0 0 0 0 -7 -6 -1 -18 -1 -17 7 8 -3 -3 13 1 -4 0
1 9999 -85 -11 7 -6 0 0 0 0 -9 -7 -3 -100 -6 75 31 5 -6 -6 -7 10 2 0
1 10001 -102 17 -9 10 0 0 0 0 13 11 3 -83 7 -376 -88 10 12 12 -26 -8 0 0
1 10000 -81 0 0 0 0 0 0 0 0 1 0 -43 36 -77 1 14 -3 -3 15 -5 -2 0
1 10000 -103 7 5 -8 0 0 0 0 -3 -5 0 -43 27 260 89 8 -17 -17 -6 6 2 0
1 10000 -89 -72 -1 8 0 0 0 0 -16 -11 -7 146 165 79 35 8 -8 -8 -1 -11 -6 1
1 10000 -107 -101 9 -3 0 0 0 0 -28 -31 -11 329 222 -72 -24 -2 5 5 -19 6 10 -1
1 8384 -87 -59 -4 91 0 1370 -1 0 -5 46 -17 76 96 2566 666 -35 -106 -106 -11 -4 -7 0
1 13342 -171 63 1 127 1 35 1 -2 6 104 -49 -43 -27 714 145 -32 -17 -17 1 -2 4 0
1 10226 -137 -30 5 4 0 0 0 0 -10 -8 -3 74 33 1752 492 -2 -83 -83 19 -3 -6 0
1 10224 -121 52 8 4 0 0 0 0 5 16 -7 154 89 1214 330 -8 -53 -53 9 5 7 0
1 10001 -126 70 -4 -1 0 0 0 0 20 20 1 16 18 969 241 -18 -36 -36 -20 -4 1 0
1 9999 -132 50 -3 -4 0 0 0 0 13 11 2 34 26 480 123 -7 -19 -19 1 5 4 0
1 10330 -131 39 -8 6 0 0 0 0 16 15 0 41 75 805 211 -9 -33 -33 -6 -7 -1 0
1 10001 -121 24 -9 1 0 0 0 0 13 8 2 7 75 930 253 -5 -41 -41 -11 2 -4 0
1 8831 -108 60 3 -58 -1 -560 0 0 14 -25 30 -11 59 666 181 -4 -29 -29 -3 -7 3 0
1 11168 -124 21 1 -158 1 -843 -1 2 5 -109 64 754 356 598 150 -11 -22 -22 19 8 5 0
1 10000 -118 -17 -11 -9 0 0 0 0 5 -10 6 448 199 1380 292 -53 -36 -36 -3 0 3 0
1 10000 -95 10 -5 1 0 0 0 0 7 3 2 278 138 2043 450 -69 -59 -59 -3 0 4 0
1 10000 -102 3 10 -7 -1 -3 1 0 -6 -8 0 93 65 2675 660 -50 -95 -95 21 -1 -7 0
1 10000 -105 -24 -2 2 0 0 0 0 -5 -2 -2 42 37 1664 411 -31 -60 -60 20 3 4 0
1 10000 -98 -20 1 5 0 0 0 0 -9 3 -4 33 29 1995 518 -23 -78 -78 -20 0 -2 0
1 10000 -106 -26 -1 0 0 0 0 0 -6 -5 -2 34 29 1276 334 -13 -50 -50 -9 0 2 0
1 10000 -108 -77 6 1 0 0 0 0 -23 -18 -8 59 89 465 114 -8 -16 -16 8 0 0 0
1 10000 -91 -65 4 -8 0 0 0 0 -19 -22 -5 -74 23 393 90 -11 -12 -12 58 6 4 0
1 8805 -68 -68 9 109 0 1282 0 0 -20 58 -33 39 80 329 88 -2 -13 -13 -41 -2 5 0
1 13347 -161 4 3 108 0 111 -1 -2 -5 71 -46 281 127 327 74 -9 -10 -10 -21 -6 -5 0
1 10000 -107 50 5 8 0 0 0 0 11 17 -4 353 183 500 92 -26 -8 -8 -2 3 6 0
1 10000 -107 65 -7 39 0 0 0 0 18 42 -19 254 137 1626 368 -46 -48 -48 0 0 -1 0
1 10342 -101 75 -11 -22 0 0 0 0 27 8 14 41 35 2688 673 -42 -96 -96 1 -2 -4 0
1 8810 -105 106 1 -39 0 -162 0 0 28 -3 21 1 33 1613 420 -16 -61 -61 13 4 -1 0
1 11190 -114 27 2 -176 0 -1238 1 2 8 -120 78 214 68 1256 312 -20 -44 -44 -11 -2 4 0
1 10000 -95 4 -17 -2 0 0 0 0 15 -1 9 61 42 522 129 -9 -18 -18 12 1 4 0
1 10000 -88 54 2 -13 0 0 0 0 14 -3 7 94 93 434 80 -21 -8 -8 -9 -5 -3 0
1 8252 -73 45 -1 -122 0 -1362 -1 0 13 -95 35 -15 40 2256 609 -11 -90 -90 30 -23 -13 0
1 13333 -138 -22 -19 -93 0 -36 1 -2 11 -82 9 127 83 -722 -226 -12 37 37 -32 25 7 0
1 10000 -98 -67 -10 -8 0 0 0 0 -13 -13 -3 54 20 848 217 -10 -31 -31 -8 -2 3 0
1 11098 -86 -64 15 -5 0 0 0 0 -32 -10 -13 -13 3 578 147 -7 -20 -20 10 3 2 0
1 10000 -104 -74 -14 -1 0 0 0 0 -10 -12 -6 12 11 200 43 -7 -5 -5 -1 7 4 0
