version: 66.11
glider: 175
mission: 9
dive: 60
start: 6 1 125 23 7 35
columns: rec,elaps_tms,depth,heading,pitch,roll,AD_pitch,AD_roll,AD_vbd,GC_phase,mag.x,mag.y,mag.z,sbect.TempFreq,sbect.CondFreq,sbe43.O2Freq,
data:
0 21966 30 2989 -725 11 239 2021 670 2 523 62 6 250386 168807 7605583
1 9975 3 84 49 48 0 0 292 0 -3 7 12 184 3 1599
1 10010 5 129 36 -9 0 0 288 0 2 -19 13 251 -61 2100
1 9994 36 244 -69 -123 0 0 282 0 16 -71 -56 194 -49 2644
1 9996 69 -3256 -33 -106 0 0 282 0 -4 -69 -52 3642 -609 4707
1 10008 26 192 14 174 0 0 275 0 -1 -39 39 1339 -29 2975
1 9999 30 97 7 -24 0 0 266 0 -6 -28 7 1282 -518 660
1 10157 110 321 -15 19 12 0 173 -1 -19 -61 56 3206 -745 1588
1 9850 168 176 206 6 2415 -1 20 1 -88 -21 213 1721 -345 1795
1 12383 173 -54 188 175 -10 1426 200 2 -105 121 150 339 47 -10574
1 10997 209 -89 4 14 0 0 0 0 26 17 -17 173 63 193
1 10355 189 -89 2 1 0 0 0 0 24 9 -19 379 86 -651
1 10361 210 -96 4 2 0 0 0 0 20 21 -18 375 79 -325
1 10350 194 -66 2 38 0 0 0 0 13 36 -12 298 50 -484
1 10989 201 -102 0 -37 0 0 0 0 15 1 -17 388 73 -186
1 8822 170 0 0 -96 50 -1417 6 0 -1 -60 0 176 32 9549
1 11178 190 -21 35 -93 1 -3 0 2 -20 -54 12 518 64 -9912
1 10000 165 38 0 -5 0 0 0 0 -7 -11 2 428 50 544
1 10000 178 86 6 -2 0 0 0 0 -18 -21 11 445 79 -968
1 8831 168 34 -4 80 13 1359 0 0 -2 45 14 139 31 8476
1 14560 262 -27 7 111 0 65 0 -2 2 80 7 291 47 -11446
1 10359 183 -50 8 -8 0 0 0 0 4 8 -3 128 25 -1652
1 10978 198 -63 -3 12 0 0 0 0 11 23 -12 203 47 -2106
1 8243 160 -75 4 -83 9 -1423 0 0 6 -37 -4 331 34 7574
1 11755 216 6 6 -108 0 -2 0 2 -8 -74 -1 197 -4 -10408
1 10001 173 25 7 0 0 0 0 0 -6 -9 4 -11 -24 -1142
1 10000 172 15 -1 1 0 0 0 0 0 -4 0 142 -3 -2105
1 10000 169 26 -5 0 0 -1 0 0 -2 -4 0 0 -12 -1639
1 10000 185 -2 2 -1 0 0 0 0 -1 0 0 7 -24 -1687
1 10000 197 -11 3 -1 0 0 0 0 1 0 0 -93 -46 -885
1 9423 170 10 1 -6 0 0 0 0 -4 -4 2 -113 -61 -1406
1 10576 192 -32 -3 12 0 0 0 0 6 17 -1 90 -18 -1651
1 10001 178 -64 5 -4 0 0 0 0 4 11 -3 44 -5 -1819
1 8317 154 25 -8 -91 1 -1353 0 0 -1 -66 -18 17 0 7900
1 14706 274 61 3 -104 0 -16 0 -2 -12 -81 -30 1 0 -12205
1 10341 190 69 -7 -5 0 0 0 0 -6 -15 -5 27 -4 -2196
1 8179 172 29 10 86 -3 1386 0 0 -8 42 34 68 -22 7879
1 11821 213 17 -1 111 0 1 0 2 2 69 31 190 5 -10776
1 10001 188 -6 4 2 0 0 0 0 -3 3 2 67 7 -1363
1 10000 184 0 -4 -2 0 0 0 0 3 0 -2 150 6 -1709
1 10000 169 6 2 2 0 0 0 0 -3 -1 1 -1 3 -1502
1 10001 170 -2 1 1 0 0 0 0 0 1 1 -1 -5 -1562
1 9998 162 -5 -1 -1 0 0 0 0 2 1 -1 -3 -2 -1434
1 10001 177 -4 0 3 0 -1 0 0 -1 5 1 2 -2 -1270
1 10000 161 7 -3 -1 0 0 0 0 2 -4 -2 5 -1 -1350
1 10000 177 -26 8 -6 0 0 0 0 2 -3 0 7 -4 -1261
1 10000 168 5 -2 5 0 0 0 0 -2 7 2 -5 0 -1620
1 10000 160 22 1 1 0 0 0 0 -5 -4 2 11 -14 -895
1 10001 162 36 0 -2 0 0 0 0 -6 -12 2 -96 -55 -1570
1 8258 133 5 -5 78 -2 1385 0 0 3 54 11 -8 -22 6981
1 14680 245 -47 -4 106 0 16 0 -2 15 85 -3 -14 -10 -11522
1 10330 170 -61 3 1 0 0 0 0 7 17 -8 -353 -143 -1428
1 10340 191 -37 6 0 0 0 0 0 3 5 -4 -218 -101 -1593
1 8184 158 -44 0 -92 0 -1410 0 0 3 -50 0 -35 -29 7305
1 11816 187 -14 -4 -90 0 -8 0 2 1 -60 -12 -45 -26 -9406
1 10001 177 1 3 -6 0 0 0 0 -1 -4 2 -33 -25 -1043
1 10001 175 19 1 3 0 0 0 0 -2 -4 1 -65 -36 -1283
1 10000 168 6 0 2 0 -1 0 0 0 -1 0 -50 -33 -960
1 9998 178 -13 2 -6 0 0 0 0 0 -1 0 -29 -16 -1305
1 10001 174 17 -9 3 0 0 0 0 1 2 -1 -101 -56 -765
1 9998 181 -42 9 -10 0 0 0 0 0 1 0 -50 -39 -858
1 10003 168 14 3 10 0 0 0 0 -1 1 3 -27 -24 -979
1 9416 167 -60 -4 4 0 0 0 0 8 20 -4 56 -5 -635
1 16564 280 -163 -21 -169 1 -1374 0 -2 19 -73 -43 1006 116 -4307
1 14292 240 -4 14 -12 0 0 0 0 -6 -10 2 151 42 -2819
1 10545 207 36 -1 -7 0 0 0 0 -4 -12 0 -12 3 -313
1 14952 258 -4 -4 7 0 0 0 0 4 6 -1 158 36 -1765
1 10334 196 -18 4 -4 0 0 0 0 -2 1 2 -31 -22 -911
1 10328 187 20 6 -6 0 0 0 0 -4 -10 -1 -28 -11 -256
1 10343 189 28 -2 6 0 0 0 0 -1 -2 0 -63 -28 -436
1 10737 191 31 1 3 0 0 0 0 -5 -5 2 -221 -95 -544
1 10324 187 48 3 -3 0 0 0 0 -6 -13 -1 36 -2 -354
1 10328 163 42 2 -3 0 0 0 0 -4 -13 -2 21 3 -920
1 10330 180 61 1 3 0 0 0 0 -9 -11 1 -26 -9 -434
1 10860 175 52 -2 3 0 0 0 0 -4 -11 -2 -35 -19 -993
1 8129 135 55 -4 88 -1 1396 0 0 -3 44 28 45 1 6271
1 11869 188 -2 3 89 0 -1 0 2 0 62 26 -59 -27 -6968
1 10000 164 4 -1 4 0 0 0 0 0 2 0 -100 -38 -818
1 10000 171 4 2 1 0 0 0 0 -1 -2 1 -30 -16 -852
1 10001 163 20 2 -6 0 1 0 0 -7 -5 3 101 19 -196
1 10001 154 14 2 -5 0 0 0 0 -4 -8 1 -43 -28 -306
1 10000 170 8 -5 15 0 0 0 0 3 9 1 13 0 -937
1 8793 146 0 0 75 0 1374 0 0 2 49 8 -4 -4 6501
1 13835 227 -107 6 96 0 15 0 -2 16 95 -6 26 6 -8491
1 10697 166 -40 -8 -127 0 -1407 0 2 9 -80 -10 42 5 -790
1 10619 177 -9 5 -50 0 0 0 0 -3 -34 -4 116 31 -349
1 10000 157 25 1 -1 0 0 0 0 -5 -7 2 -45 -29 -630
1 10000 163 28 4 0 0 0 0 0 -5 -8 3 17 -8 -97
1 11403 189 5 45 -27 197 -196 -5 -4 -37 -21 22 48 7 5303
1 8207 81 -6 110 4 0 0 -37 0 -88 -3 54 -16 -9 1066
1 9309 59 15 20 4 0 0 -48 0 -20 -1 9 -8 -6 837
1 9922 44 -9 -4 -3 0 0 -51 0 5 0 -3 1 0 151
1 9972 40 21 -10 3 0 -1 -52 0 4 -1 -2 1 -1 -345
1 10009 44 10 -8 2 -1 1 -51 0 6 -1 -2 -15 -5 -133
1 10017 34 13 -7 6 1 0 -51 0 5 0 -3 1 -1 396
1 10001 42 -2 -9 -7 0 0 -50 0 6 -2 -4 9 4 135
1 9985 24 7 -6 1 0 0 -50 0 4 -1 -2 -5 -1 -342
1 10016 24 23 -11 6 0 0 -51 0 5 0 -2 1 -1 850
1 13644 26 -17 14 11 16 94 -34 0 -6 10 5 4 1 -1916
1 6332 -26 -61 348 3 408 0 -14 0 -321 1 57 0 1 1647
1 10003 -79 -20 96 3 0 0 -49 0 -89 3 -18 20 5 430
1 10017 -70 -7 -23 -3 0 0 -50 0 22 2 6 6 8 -587
1 10000 -79 -10 4 0 0 1 -51 0 0 0 1 -4 1 88
1 9986 -87 -6 -4 0 0 -1 -51 0 7 2 2 -13 1 465
1 10001 -105 1 -2 3 0 0 -53 0 0 3 1 -45 -8 -374
1 10006 -103 -4 -6 1 0 0 -53 0 7 3 2 6 3 275
1 10000 -122 -11 0 0 -1 0 -52 0 2 2 1 -1 9 -454
1 10001 -134 -28 -6 -4 1 0 -53 0 12 5 3 5 6 -37
1 11407 -180 7 -5 5 0 0 -43 4 3 3 2 7 13 -7164
1 10623 -172 -7 2 -7 0 0 0 0 -2 -5 -2 -33 0 -323
1 10001 -173 15 -3 12 0 0 0 0 2 7 2 -90 -21 -90
1 9998 -163 -16 0 -10 -1 0 -3 0 1 -5 0 12 2 42
1 10002 -171 11 3 2 0 0 0 0 -5 0 -2 -71 -19 -396
1 9999 -172 14 -2 2 0 0 0 0 2 -3 -1 -25 -5 -502
1 9999 -178 -4 -4 -6 1 0 0 0 2 -4 0 145 56 -355
1 10000 -163 -9 0 2 0 0 0 0 3 4 2 -82 -10 274
1 10001 -174 -20 4 2 0 0 0 0 1 7 0 -23 1 -404
1 10000 -158 12 -2 0 0 0 -1 0 -2 -2 0 84 32 -203
1 9999 -172 8 1 2 0 0 0 0 -2 -1 0 20 16 -20
1 10000 -162 -20 -2 -4 0 0 0 0 3 3 1 46 34 -177
1 10000 -170 -21 7 0 0 0 -1 0 2 3 1 -9 11 -158
1 10001 -176 16 -3 6 0 0 0 0 0 1 0 3 14 -279
1 10000 -160 27 -2 2 0 0 0 0 -4 -5 -1 157 62 -316
1 10000 -170 33 2 0 0 0 0 0 -8 -9 -4 158 63 -98
1 10000 -167 39 -6 1 0 0 0 0 -4 -8 -2 -41 5 150
1 10000 -154 10 7 0 0 0 0 0 -8 -4 -3 -23 -3 -322
1 9999 -163 14 -5 -8 0 0 0 0 0 -9 -3 -11 1 -426
1 10001 -159 -7 3 5 0 0 0 0 2 3 1 -7 3 187
1 10000 -161 12 0 -2 0 0 0 0 -5 -3 -1 5 3 -297
1 10000 -161 37 -2 4 0 0 -1 0 -8 -4 -2 -105 -16 60
1 10000 -165 46 -3 -8 0 0 0 0 -9 -17 -9 -85 -18 -378
1 10000 -169 62 3 11 0 0 0 0 -19 -3 -6 -624 -114 -97
1 8278 -120 44 8 -88 11 -1392 0 0 -24 -79 -39 -278 -31 7290
1 13904 -259 -72 -1 -105 0 -10 0 -2 19 -70 -39 -98 -20 -8205
1 11212 -189 -62 -4 -6 0 0 0 0 20 3 9 -16 -10 -839
1 10340 -181 -57 1 4 0 0 0 0 14 11 11 -3 0 -43
1 9164 -143 -30 3 72 -1 1009 -1 0 6 63 38 -19 2 6827
1 11156 -199 27 8 119 1 358 0 2 -8 98 35 -14 10 -6666
1 10000 -164 38 -9 0 0 0 0 0 -5 -4 -2 -12 5 -553
1 10001 -160 33 6 -7 0 0 0 0 -12 -16 -9 -34 14 324
1 10000 -155 22 -3 0 -1 1 -1 0 -1 -7 -2 -1 2 -133
1 9999 -175 6 -1 1 0 0 0 0 -4 3 1 4 3 143
1 10000 -161 0 -2 -1 0 0 0 0 4 -3 -1 0 3 -377
1 8208 -124 -57 7 -94 9 -1357 0 0 4 -69 -25 125 81 7480
1 12700 -202 -89 3 -21 0 1034 1 -2 18 0 3 77 44 -1456
1 11158 -195 22 -7 114 -6 330 0 2 3 98 38 60 31 -6637
1 10000 -157 -38 -5 -2 0 0 0 0 14 8 4 138 64 -476
1 10001 -146 -16 5 3 0 0 0 0 0 6 2 123 65 181
1 9999 -152 -4 1 -2 0 0 0 0 -2 -1 -1 39 25 221
1 10001 -155 16 1 2 0 0 0 0 -2 -3 -1 51 29 -99
1 9999 -160 7 -5 0 0 0 0 0 2 -2 0 61 32 43
1 10000 -158 -40 4 -9 0 0 -1 0 2 4 1 377 178 319
1 10001 -166 -27 0 1 0 0 0 0 5 8 3 62 46 -304
1 9999 -164 -15 -3 2 0 0 0 0 7 6 4 -17 28 196
1 8652 -133 9 10 88 1 1364 0 0 -8 82 7 4 7 7245
1 13862 -244 114 1 103 -1 23 0 -2 -21 64 -5 -60 -7 -8134
1 8120 -141 -9 7 -86 1 -1381 0 0 -7 -80 -1 -16 1 7765
1 11880 -199 -51 -11 -96 1 -4 0 2 18 -76 -7 -1 6 -7942
1 10000 -157 1 -6 -2 0 0 0 0 5 0 0 -3 2 20
1 10000 -160 -9 3 -1 0 0 0 0 -2 1 0 1 4 259
1 9422 -165 12 -7 3 -21 -2 0 0 6 -1 1 -12 1 418
1 10621 -143 -4 -11 -3 0 0 0 0 11 -2 2 0 10 -208
1 10000 -161 -9 0 0 0 0 0 0 3 3 1 -44 -3 -23
1 10000 -151 -32 0 0 0 0 0 0 4 9 3 -176 -24 276
1 10000 -159 -4 3 3 0 0 0 0 2 3 1 -141 -30 -197
1 10000 -148 30 -7 4 0 0 0 0 1 -5 -1 -117 6 -121
1 9420 -128 -10 -4 -7 0 0 0 0 3 -2 0 22 34 371
1 10580 -138 14 13 -17 0 0 0 0 -15 -21 -8 7 11 -198
1 10000 -143 0 -3 17 0 0 0 0 3 17 5 -1 13 -14
1 10001 -134 -10 -4 2 0 0 0 0 4 6 2 -5 1 210
1 9999 -142 15 -1 -2 0 0 0 0 1 -8 -2 -1 3 -139
1 10000 -147 -7 -5 -4 0 0 0 0 2 0 0 -3 1 -81
1 10000 -127 21 8 10 0 0 0 0 -7 1 0 -50 -6 -54
1 10000 -134 5 -2 -6 0 0 0 0 1 -7 -2 -35 17 330
1 10000 -129 -9 4 -5 0 0 0 0 -3 -3 -1 84 74 -87
1 10000 -140 0 -1 12 0 0 0 0 0 14 2 11 15 -227
1 10000 -123 -5 -7 -24 0 0 0 0 6 -21 -3 15 19 821
1 10000 -138 3 2 23 0 0 0 0 -2 21 5 -49 18 205
1 9421 -113 -43 -2 -9 0 0 0 0 10 3 2 -50 17 601
1 10579 -137 -11 4 5 0 0 0 0 0 7 2 31 16 258
1 10000 -129 7 -5 0 0 0 0 0 2 -1 0 -52 3 -241
1 8196 -101 46 5 95 0 1365 0 0 -9 78 7 -76 9 7300
1 13492 -184 64 18 22 3 -801 0 -2 -30 -1 -5 -328 -16 -844
1 11183 -159 11 -9 -116 4 -574 0 2 1 -108 -17 -235 -37 -6801
1 10000 -132 19 -4 -3 0 0 0 0 -1 -7 -2 -91 -21 -361
1 9999 -139 13 -1 1 0 0 0 0 -2 -3 -1 -63 -15 -85
1 8103 -108 -23 0 -3 0 0 0 0 5 2 2 -99 -14 8328
1 11897 -195 -66 0 -1 0 0 0 0 16 15 7 -433 -66 -7175
1 10001 -142 -71 -2 -3 0 0 0 0 12 19 6 -228 -35 9
1 10000 -144 -106 13 -1 0 0 0 0 5 29 6 -396 -42 137
1 8825 -134 7 -3 87 -1 1293 0 0 4 85 5 -394 -64 7080
1 13864 -251 64 12 99 1 93 0 -2 -19 75 -10 -321 -53 -7142
1 10323 -176 18 -4 -3 0 0 0 0 3 -9 1 -120 -28 252
1 10330 -190 46 4 10 0 0 0 0 -11 -6 0 -464 -82 79
1 10964 -198 31 -2 -6 0 0 0 0 -4 -15 2 -523 -103 877
1 10328 -194 -3 4 5 0 0 0 0 -3 5 -2 -232 -46 386
1 10330 -179 -35 -2 -22 0 0 0 0 8 -10 3 -484 -78 825
1 10329 -188 -59 -6 -6 0 0 0 0 14 14 1 -189 -31 866
1 11518 -240 2861 137 -158 0 0 0 0 -171 65 -68 -8195 2077 -1934
