version: 66.11
glider: 175
mission: 9
dive: 81
start: 6 2 125 19 59 57
columns: rec,elaps_tms,depth,heading,pitch,roll,AD_pitch,AD_roll,AD_vbd,GC_phase,mag.x,mag.y,mag.z,sbect.TempFreq,sbect.CondFreq,sbe43.O2Freq,
data:
0 16972 -6 325 -735 29 241 2023 1185 2 532 -118 -50 253647 164312 7734291
1 10012 2 12 -16 -3 0 0 265 0 -1 0 -8 -423 -9 -772
1 10086 19 -19 6 -26 0 0 261 0 0 -1 -7 342 24 2295
1 9920 53 -50 -6 22 0 1 252 0 1 12 -5 58 53 -3416
1 9995 104 42 -10 -14 0 -1 269 0 -3 -10 -7 1109 168 -129
1 15019 198 103 3 9 551 -1 246 -1 -2 -25 12 3270 660 -7656
1 9969 191 -56 327 -3 1904 0 98 1 -54 28 275 2415 496 -744
1 16941 264 21 113 -193 1 -1373 152 2 -65 -120 47 1112 344 -18291
1 10365 173 35 0 -4 0 0 0 0 -4 -10 -1 512 157 -5930
1 10372 202 -2 10 5 0 0 0 0 -5 0 7 303 96 -4567
1 10374 202 55 1 -12 0 0 0 0 -9 -18 -1 1235 266 -3900
1 11010 205 56 6 5 0 0 0 0 -10 -12 5 48 44 -3250
1 10373 192 81 0 -3 0 0 0 0 -14 -19 1 342 79 -4076
1 10366 196 32 -4 -1 0 0 0 0 -3 -7 -3 153 42 -2835
1 10373 198 45 3 4 0 0 0 0 -10 -10 4 139 44 -3489
1 11005 227 31 3 -4 0 0 0 0 -10 -7 3 129 31 -2580
1 10378 213 45 -2 2 0 0 0 0 -9 -6 3 48 13 -2088
1 10835 225 59 4 4 0 0 0 0 -17 -9 8 95 23 -1050
1 10371 210 18 -6 -7 0 0 0 0 0 -6 -3 103 21 -2552
1 10897 224 27 -4 -1 0 0 0 0 -4 -2 1 231 34 -466
1 10367 226 3 6 4 0 0 0 0 -5 -3 4 411 62 -2007
1 10371 220 66 6 -8 0 0 0 0 -23 -13 6 385 49 -1725
1 10354 215 42 2 7 0 0 0 0 -14 -2 11 329 43 -1836
1 10902 224 61 1 -4 0 0 0 0 -21 -10 6 286 30 -2416
1 10361 200 44 -3 3 0 0 0 0 -12 0 7 127 17 -2761
1 10370 208 25 -3 5 0 0 0 0 -5 4 6 180 22 -2534
1 10374 212 32 4 -1 0 0 0 0 -15 -3 7 224 34 -2591
1 10890 212 7 -7 10 0 0 0 0 4 7 4 259 36 -2496
1 10367 185 -5 -1 -6 0 0 0 0 2 -4 -5 255 50 -1227
1 10364 206 42 7 -6 0 0 0 0 -18 -2 9 29 14 -2235
1 10365 197 21 -2 3 0 0 0 0 -6 2 5 104 19 -1504
1 10921 217 41 7 -7 0 0 0 0 -18 -2 6 88 10 -2085
1 10354 204 -7 -16 21 0 0 0 0 15 16 5 125 14 -2199
1 10366 202 17 13 -18 0 0 0 0 -16 -13 -2 6 2 -1178
1 10359 204 18 -6 7 0 0 0 0 -3 4 5 -43 -15 -1681
1 10915 203 -10 -6 -7 0 0 0 0 9 -4 -7 -93 -26 -1141
1 10360 210 8 5 3 0 0 0 0 -8 1 4 20 -6 -1211
1 8877 184 -30 1 81 -8 1258 3 0 5 56 35 49 -21 9022
1 11124 185 -49 39 97 53 114 1 2 -23 68 44 157 -3 -10726
1 10000 157 14 7 -1 0 0 0 0 -11 3 4 85 14 -894
1 10000 164 39 -1 -2 0 0 0 0 -12 5 5 236 52 -797
1 8821 154 36 1 -83 23 -1360 0 0 -7 -62 -24 41 6 8461
1 14556 216 52 12 -88 0 -14 0 -2 -25 -62 -33 -29 -52 -13507
1 11019 164 37 6 0 0 0 0 0 -16 6 9 -21 -19 -2439
1 10353 151 48 -2 3 0 0 0 0 -14 12 9 255 20 -2222
1 10361 150 43 -1 4 0 0 0 0 -13 12 10 164 13 -1556
1 10357 144 37 1 -8 0 0 0 0 -6 6 4 144 24 -1146
1 11007 158 44 -9 -1 0 0 0 0 -6 9 7 -48 -41 -1688
1 10355 159 45 10 6 0 0 0 0 -18 20 12 40 -14 -1340
1 10359 164 42 11 -5 0 0 0 0 -14 11 6 66 1 -1373
1 10366 143 42 -4 -8 0 0 0 0 -4 7 4 78 -22 -1461
1 10910 157 16 -14 14 0 0 0 0 10 19 7 33 -8 -1893
1 10364 157 12 0 6 0 0 0 0 -2 10 5 0 -3 -1697
1 10367 159 46 20 -9 0 0 0 0 -17 10 4 -21 2 -909
1 10353 143 13 -10 -4 0 0 0 0 9 1 1 4 -5 -1954
1 10804 159 26 -11 -8 0 0 0 0 5 3 0 14 0 -1712
1 10354 153 11 1 11 0 0 0 0 2 15 5 2 -4 -806
1 16854 262 -25 42 148 156 1246 0 -2 -39 136 26 67 -13 3518
1 8199 76 15 93 12 0 0 -36 0 -94 18 -8 27 -8 -415
1 9700 59 -3 16 3 0 0 -49 0 -15 2 -3 6 -4 445
1 8205 52 -12 -5 4 1 0 -41 0 9 -1 2 0 -1 14
1 8206 63 -5 -6 2 0 0 -42 0 5 0 0 29 -4 89
1 8487 49 6 -7 -4 -1 0 -44 0 6 -2 2 13 -2 95
1 9778 52 -19 -8 5 0 0 -48 0 7 -2 0 1 0 -609
1 9377 44 -6 -4 0 1 0 -48 0 5 -3 1 31 -5 -968
1 10021 47 -6 -8 1 -1 0 -49 0 6 -1 1 15 -2 -952
1 9996 40 0 -7 3 0 0 -50 0 5 3 1 6 -3 -580
1 9986 28 18 -11 -3 0 0 -50 0 12 4 1 5 -1 -508
1 10024 36 19 -1 4 0 0 -50 0 0 12 0 44 -3 -277
1 10006 6 42 1 -1 0 0 -51 0 2 16 0 13 -7 -565
1 13411 1 17 6 5 16 0 -37 0 -3 12 0 -6 -5 -2579
1 6590 -34 49 377 2 381 0 -15 0 -320 11 -140 -2 1 853
1 9969 -62 -21 49 2 0 0 -48 0 -36 -7 -35 -39 9 12
1 10006 -61 -22 -12 -3 0 0 -52 0 2 -9 5 -10 7 -417
1 9997 -83 30 3 1 0 0 -53 0 2 11 3 -29 7 -1125
1 10000 -95 32 -8 2 0 0 -52 0 8 12 4 -30 6 -218
1 9997 -114 27 -9 4 0 0 -52 0 8 12 6 -46 17 -984
1 9997 -135 2 -6 -6 0 0 -53 0 7 -4 7 -26 5 -555
1 10040 -133 29 -5 0 0 1 -52 0 2 11 0 -5 4 -559
1 9976 -154 50 3 -5 0 -1 -52 0 9 9 7 -42 19 -219
1 9999 -157 26 -7 10 0 1 -55 0 8 16 3 -29 7 -812
1 9986 -152 42 -1 -4 0 -1 -53 0 8 9 3 -20 7 -1121
1 10022 -164 5 -4 -54 8 -1138 -45 4 2 -40 11 -26 3 -442
1 15330 -302 -101 -3 -125 3 -237 -1 -2 -19 -122 -15 -19 12 -11220
1 11018 -199 -85 -3 -21 0 0 0 0 -2 -43 -12 -11 -4 -1082
1 8868 -167 -111 11 98 -1 1377 -2 0 -10 37 -3 -18 2 8410
1 11132 -216 -101 7 88 1 3 0 2 -6 30 0 -52 13 -9727
1 10000 -184 -47 -7 19 0 0 0 0 6 -2 7 13 10 -329
1 10000 -168 -21 4 -11 0 0 0 0 3 -15 -1 60 40 -1040
1 8340 -147 6 -3 82 0 1375 -1 0 -5 61 0 -157 -16 8362
1 13850 -274 89 4 114 0 22 0 -2 -10 110 -27 -71 -4 -11373
1 10357 -202 98 0 2 0 0 0 0 8 36 -9 -213 -8 -1006
1 10893 -219 61 3 -5 0 0 0 0 1 16 -5 -239 -36 -1223
1 9174 -170 101 2 -59 4 -952 -1 0 11 -8 15 8 5 8231
1 11166 -215 68 -3 -116 0 -439 0 2 6 -61 28 38 77 -9398
1 10000 -179 -2 -2 -9 0 0 0 0 3 -8 5 -188 -29 -891
1 10001 -182 0 -7 2 0 0 0 0 3 3 1 -207 -58 -733
1 8530 -147 17 6 -80 9 -1388 0 0 -4 -56 8 -118 -12 7891
1 13885 -261 -42 -1 -101 0 -9 0 -2 -8 -87 -8 -139 3 -10566
1 10346 -184 -45 -3 -4 0 0 0 0 -1 -18 -4 -174 -10 -993
1 10903 -189 -75 5 -9 0 0 0 0 -9 -29 -14 -2 -3 -920
1 8279 -135 -75 0 90 -13 1395 -1 0 0 41 6 -6 1 7824
1 11720 -219 -55 4 87 1 0 0 2 -3 46 1 -3 8 -8474
1 10002 -161 -22 -11 12 0 0 0 0 3 1 3 23 13 -630
1 9999 -177 -4 -3 -1 0 0 0 0 2 -2 1 48 21 -281
1 8306 -120 0 8 77 -1 1355 -1 0 -2 57 -6 -177 -28 7988
1 13903 -253 89 6 108 1 22 0 -2 -4 104 -33 -245 -36 -9957
1 10352 -186 83 -6 4 0 0 0 0 11 31 -3 -65 -14 -613
1 8883 -143 49 4 -87 3 -1380 0 0 4 -45 24 -208 -23 7502
1 11118 -200 -9 -3 -99 0 -12 1 2 -3 -73 19 -330 -36 -8131
1 9999 -168 19 -1 1 0 0 0 0 4 6 3 -126 -17 -551
1 10001 -151 56 -2 -1 0 0 0 0 9 16 3 -216 -22 -302
1 8827 -137 -2 -2 -74 0 -1333 -1 0 -2 -56 8 -192 -28 7276
1 13910 -249 -59 -7 -115 1 -49 0 -2 -5 -104 -11 -161 -16 -9952
1 10354 -164 -49 0 4 0 0 0 0 -3 -13 -5 -299 -39 -711
1 9177 -140 -88 -2 52 -1 964 0 0 -4 10 0 -122 -19 7499
1 11171 -181 -91 19 121 1 421 0 2 -10 60 -2 -254 -33 -7552
1 10000 -173 -50 -6 1 0 0 0 0 3 -17 1 -332 -53 -427
1 9999 -146 -61 -2 4 0 0 0 0 6 -18 3 -120 -20 260
1 8528 -136 -29 1 75 0 1375 0 0 -5 43 0 -81 -16 8145
1 14752 -263 66 9 115 0 23 -1 -2 -10 104 -24 -138 -31 -8742
1 10361 -186 62 -5 -2 0 0 0 0 3 21 -4 -61 -9 359
1 10335 -189 80 1 -1 0 0 0 0 1 26 -9 -55 -21 115
1 10341 -184 57 2 1 0 0 0 0 3 19 -5 -88 -12 362
1 13073 -243 78 -2 2 0 0 0 0 13 27 -1 -122 -28 -314
1 8300 -138 68 3 -80 -5 -1407 0 0 4 -34 21 -23 -11 8302
1 11700 -201 52 -11 -100 0 0 1 2 11 -55 30 -140 -33 -8026
1 10000 -172 19 -4 -4 0 0 0 0 10 1 7 -55 -18 1142
1 10000 -149 46 0 -27 0 0 0 0 6 -9 8 -438 -87 796
1 8379 -119 11 -2 -51 4 -1364 0 0 -1 -34 7 -216 -37 9068
1 14317 -204 -129 -3 -113 0 -8 0 -2 -21 -121 -19 -2014 -456 -9250
1 10341 -161 -67 3 11 0 0 0 0 -7 -13 -9 -390 -104 2153
1 11006 -159 -72 -5 1 0 0 0 0 -4 -21 -7 -381 -87 1799
1 8421 -120 -64 3 82 0 1386 -1 0 -2 39 6 -714 -159 10607
1 11579 -160 26 15 98 0 3 1 2 -9 83 -5 -1656 -277 -7800
1 10000 -128 109 -35 -40 0 0 0 0 16 11 13 -3227 -564 -766
1 10000 -14 -64 -184 31 0 0 0 0 150 3 94 977 643 -1886
