version: 66.11
glider: 175
mission: 9
dive: 209
start: 6 7 125 12 23 40
columns: rec,elaps_tms,depth,heading,pitch,roll,AD_pitch,AD_roll,AD_vbd,GC_phase,mag.x,mag.y,mag.z,sbect.TempFreq,sbect.CondFreq,sbe43.O2Freq,
data:
0 21958 -375 3026 -760 36 243 2003 1302 2 522 69 -44 252129 164954 7712222
1 9996 0 32 -2 -17 1 1 260 0 1 -3 -7 -170 1 -292
1 9997 26 -18 -4 -10 -1 0 254 0 -1 2 2 -203 3 996
1 10004 86 85 -24 -43 0 0 259 0 0 -13 -29 -37 1 3884
1 10017 105 118 13 -10 0 0 277 0 5 -23 -4 75 -25 1411
1 10016 169 132 0 -3 1 0 300 4 3 -29 -10 196 -54 -119
1 11552 341 -3189 38 -144 486 -2 76 -5 4 -93 12 1269 -79 -482
1 8588 333 116 172 74 2067 208 1 5 -15 -53 156 5117 590 947
1 15571 451 0 271 277 -9 1210 4 -2 -109 139 229 1267 248 -8620
1 10391 195 -57 56 19 0 0 0 0 -36 40 28 1346 246 570
1 10388 161 -91 8 -4 0 0 0 0 -1 20 -4 517 149 655
1 10392 162 -82 4 17 0 0 0 0 -3 32 -9 1354 290 -1374
1 10993 158 3526 -6 -9 0 0 0 0 -2 11 -3 272 82 876
1 10385 148 -81 7 -2 0 0 0 0 -7 18 -2 103 31 53
1 9231 126 -89 -3 -50 -1 -520 4 0 -3 -15 10 28 13 12586
1 11158 132 -143 30 -130 49 -895 1 2 -33 -64 49 686 112 -14089
1 10002 108 -69 10 -3 0 0 0 0 -17 11 10 429 104 -1215
1 9999 116 -49 0 -1 0 0 0 0 -6 9 2 86 25 -555
1 8897 105 -105 9 -88 24 -1176 0 0 -18 -49 23 264 38 11262
1 14590 146 25 2 -83 0 -162 0 -2 7 -70 0 140 26 -14013
1 11044 105 48 13 3 0 0 0 0 -1 -6 1 51 19 -1727
1 10378 94 28 -12 -3 0 0 0 0 13 -9 -8 10 4 -1641
1 10390 97 14 8 -2 0 0 0 0 -5 -6 2 41 11 -1210
1 10376 90 45 -1 5 0 0 0 0 8 -3 -6 9 5 -1288
1 11136 103 48 4 2 0 0 0 0 3 -8 -3 -13 -3 -1503
1 10384 85 51 -4 -1 0 0 0 0 5 -14 -5 71 14 -1752
1 10359 72 65 9 1 0 0 0 0 0 -14 -2 65 14 -1579
1 10377 81 23 -10 -34 0 0 0 0 13 -29 -15 643 101 -727
1 10940 91 5 1 29 0 0 0 0 -3 20 7 219 34 -1014
1 10373 90 15 3 4 0 0 0 0 -3 -1 1 49 12 -1587
1 10377 98 -31 -2 -6 0 0 0 0 2 4 0 147 17 -1143
1 10378 89 -20 0 4 0 0 0 0 -4 6 4 354 36 -940
1 10817 105 -50 -3 0 0 0 0 0 0 13 1 218 27 -1656
1 10379 102 38 7 2 0 0 0 0 -3 -9 2 6 4 -962
1 10372 81 1 -9 -3 0 0 0 0 6 -2 -5 3 -3 -1231
1 10378 97 -28 7 -7 0 0 0 0 -6 1 4 -7 -14 -1464
1 10822 92 -23 -14 11 0 0 0 0 6 14 -2 -9 -44 -1543
1 10367 105 -58 12 -1 0 0 0 0 -12 13 10 -9 -54 -1964
1 10383 83 -46 -4 -10 0 0 0 0 -2 2 2 11 -48 -1849
1 10379 94 -3 6 5 0 0 0 0 -6 3 4 67 -10 -1494
1 10922 88 64 3 -2 0 0 0 0 5 -17 -4 -72 -26 -1727
1 10371 95 84 11 -1 0 0 0 0 0 -19 -4 9 -12 -1591
1 10372 68 50 -14 4 0 0 0 0 15 -6 -11 -17 -5 -1608
1 10365 100 66 5 -6 0 0 0 0 1 -20 -5 50 6 -1800
1 9861 94 125 2 65 -1 780 -1 0 1 22 3 141 13 8979
1 11164 78 -3513 0 115 0 572 0 2 -3 72 8 226 -1 -12677
1 10001 79 -1 1 0 0 0 0 0 -2 1 1 79 1 -2776
1 9999 96 -81 0 -4 0 0 0 0 -1 16 1 -4 -19 -1033
1 9416 61 3585 0 3 0 0 1 0 -2 6 0 48 -4 -1345
1 10585 85 -30 0 -1 0 0 0 0 2 7 -1 116 3 -2105
1 10000 80 -38 -5 1 0 0 0 0 3 10 -2 7 1 -2049
1 8160 61 -36 9 -2 0 0 0 0 -10 7 5 -3 -1 11380
1 11839 95 -47 1 2 0 0 0 0 -5 12 2 -11 -14 -13509
1 10000 73 -60 -5 0 0 0 0 0 -2 13 -1 0 -3 -2065
1 10000 71 -50 0 -3 0 0 0 0 -4 9 2 -2 -3 -1034
1 11444 83 -53 -6 -152 0 -1354 -1 -2 7 -112 3 -58 -35 -2208
1 10806 94 49 -4 -18 0 0 0 0 6 -27 -8 69 -4 -1804
1 10372 78 14 5 -2 0 0 0 0 0 -3 0 13 -5 -647
1 10353 82 43 1 2 0 0 0 0 1 -9 -2 -6 -7 -804
1 10355 92 43 1 3 0 0 0 0 4 -7 -4 15 1 -743
1 10908 94 50 3 2 0 0 0 0 3 -9 -3 -10 -14 -1043
1 10354 77 21 -5 -4 0 0 0 0 2 -8 -5 -16 -13 -1298
1 9191 77 57 1 60 0 651 1 0 1 35 6 24 3 10578
1 11168 80 26 5 120 0 722 0 2 -6 92 6 3 -1 -11243
1 10001 75 -21 1 -2 0 0 0 0 -2 4 3 32 3 -701
1 9999 79 -39 2 -5 0 0 0 0 -2 5 -1 41 -2 -140
1 8595 65 -10 -4 1 0 0 -1 0 0 3 1 -45 -33 10541
1 11405 81 -8 1 0 0 0 1 0 -1 2 0 -31 -15 -11581
1 10000 73 4 -2 0 0 0 0 0 2 -1 -1 -17 -8 -346
1 10000 79 29 2 -1 0 0 0 0 0 -8 0 -33 -21 -320
1 9999 80 44 0 1 0 0 0 0 2 -9 0 -33 -16 -735
1 10001 74 21 3 2 0 0 0 0 0 -4 0 0 -5 -719
1 10000 70 -3587 -3 0 0 0 0 0 1 -3 0 -14 -9 -404
1 8820 67 56 -1 111 0 1323 0 0 1 76 -13 -2 -3 10625
1 13864 101 -60 8 63 0 64 0 -2 -7 64 -15 -7 -5 -11953
1 10352 72 3541 2 -1 0 0 0 0 -6 14 -3 -5 -4 -438
1 10922 87 -47 -2 1 0 0 0 0 -6 11 -1 3 0 -598
1 8829 77 -49 -2 -105 0 -1276 0 0 4 -71 25 -13 -5 9576
1 11170 85 24 -5 -69 0 -112 0 2 8 -62 8 -25 -15 -10162
1 10001 68 18 6 -1 0 0 0 0 -1 -4 2 2 -4 -81
1 10000 83 -3 0 -1 0 0 0 0 -1 0 0 0 -6 -347
1 10000 71 12 -1 2 0 0 0 0 -1 -2 0 -11 -16 25
1 10000 78 -1 -3 -2 0 0 0 0 3 -1 -1 -10 -17 -589
1 10000 79 7 1 1 0 0 0 0 -1 -1 0 -4 -6 -265
1 8226 63 -26 -2 4 0 0 0 0 0 9 -1 -13 -29 9637
1 11774 79 -75 4 -6 0 -1 0 0 -7 12 2 -4 -41 -9883
1 10000 69 -23 0 4 0 0 0 0 -3 9 2 18 -3 -628
1 9999 77 -24 -3 -3 0 0 0 0 -2 2 0 6 -1 -440
1 9295 68 -57 -1 -109 0 -1247 0 0 3 -77 8 -2 -1 9508
1 13889 121 51 -6 -64 0 -122 0 -2 10 -64 -13 20 -2 -11745
1 11116 90 68 5 -1 0 0 0 0 3 -15 -4 3 -4 -1775
1 10359 64 61 3 2 0 0 0 0 4 -12 -5 -3 -8 -1276
1 10566 96 63 -2 19 0 15 0 0 0 0 -2 -1 -5 8835
1 10345 73 -3520 -1 154 0 1350 0 2 -1 107 10 -1 -3 -10057
1 9999 64 13 4 0 0 0 0 0 0 -3 1 -3 -1 -268
1 10000 75 22 -2 5 0 0 0 0 -1 -1 0 0 -1 -487
1 11326 83 34 -1 103 0 1248 0 0 1 75 -9 -3 -3 8192
1 13868 110 -62 6 65 0 145 0 -2 -9 67 -16 -7 -5 -11702
1 10354 75 3552 5 -5 0 0 0 0 -4 8 1 4 0 -544
1 10360 77 -57 -2 5 0 0 0 0 -1 17 -7 7 -5 12
1 9843 71 -72 -1 -55 0 -495 0 0 -4 -26 14 -6 -6 8765
1 11181 83 -26 -9 -122 0 -904 0 2 6 -95 21 -1 -5 -9670
1 10002 61 7 7 2 0 0 0 0 -4 1 2 2 -1 -36
1 10000 78 -4 -1 0 0 0 0 0 1 1 0 8 -1 -587
1 9659 69 -15 5 -5 0 0 0 0 -2 0 1 0 0 168
1 10619 53 -20 -3 5 0 0 0 0 -1 9 -1 -2 -5 -506
1 10000 63 -26 3 -1 0 0 0 0 -3 5 2 0 -3 -228
1 8836 72 -70 -5 -106 0 -1315 0 0 0 -73 6 -1 -1 9281
1 14585 85 31 -2 -67 0 -63 0 -2 10 -60 -9 -7 -7 -10890
1 10371 77 67 -8 -9 0 0 0 0 10 -23 -10 -7 -17 -310
1 11141 69 82 14 4 0 0 0 0 -5 -16 -2 -11 -19 -685
1 9202 73 97 -10 53 0 505 0 0 7 20 -2 -16 -18 9030
1 11170 68 -3537 0 134 0 876 -1 2 1 95 8 -10 -11 -9638
1 10000 58 40 2 -8 0 0 0 0 -3 -16 2 -10 -8 133
1 10000 63 15 6 0 0 0 0 0 -3 -5 2 -11 -10 -510
1 11622 81 66 -13 158 0 1408 1 -2 10 109 -22 -4 -7 -970
1 10987 74 -43 14 25 0 0 0 0 -13 33 -2 -10 -5 -945
1 11122 96 -33 2 0 0 0 0 0 -1 9 0 -14 -3 -473
1 10354 77 -87 6 -6 0 0 0 0 -7 18 -3 22 5 -416
1 10338 82 31 -21 4 0 0 0 0 14 -8 -7 -69 -38 -90
1 10975 94 -25 14 8 0 0 0 0 -9 14 1 -11 -3 -751
1 10353 91 8 2 -16 0 0 0 0 -2 -14 6 -66 -43 106
1 10346 75 3529 7 -3 0 0 0 0 -9 16 0 -8 -15 -302
1 11122 98 -75 -8 28 0 0 0 0 -1 36 -17 -3 -5 -766
1 8982 83 -100 -7 -163 0 -1277 0 0 3 -105 42 -2 -1 9440
1 11018 74 -45 7 -33 0 -141 0 2 -8 -16 8 -3 -3 -9643
1 10000 74 -13 3 -4 0 0 0 0 -5 -2 4 -16 -10 49
1 10001 87 38 4 5 0 0 0 0 0 -3 -1 0 1 -59
1 9727 66 52 -9 -108 0 -1282 0 0 17 -103 -1 4 1 9800
1 16754 132 52 -10 -74 0 -69 0 -2 18 -70 -20 -7 -3 -12534
1 10366 83 15 2 17 0 0 0 0 -5 9 4 4 -4 -352
1 10360 87 -21 -3 -2 0 0 0 0 3 4 -2 12 4 173
1 11019 95 37 5 -6 0 0 0 0 -3 -14 0 -6 -4 -300
1 10366 79 46 -5 -19 0 0 0 0 8 -25 -12 -8 -1 -190
1 9624 93 -3523 4 122 0 1290 0 0 -3 80 15 -4 -3 9305
1 10375 92 10 -5 73 0 84 0 2 2 58 0 7 2 -8788
1 10001 78 41 16 -1 0 0 0 0 -14 -11 11 -2 4 -390
1 9999 90 56 -18 -12 0 0 0 0 17 -25 -11 8 1 -3
1 8665 80 74 2 121 0 1378 0 0 -6 80 -3 -8 0 9382
1 13922 127 -75 19 70 0 9 0 -2 -16 77 -10 -6 -5 -10538
1 11760 91 -57 -10 -17 0 0 0 0 10 -1 -5 3 0 -535
1 10355 71 -44 -4 9 0 0 0 0 0 17 -7 -5 -1 -213
1 10347 73 3549 13 10 0 0 0 0 -15 22 0 -2 -1 -1
1 10366 78 -67 5 -11 0 0 0 0 -9 7 2 -9 -3 -147
1 9674 68 -97 -24 -107 0 -1281 0 0 13 -65 18 -6 -3 9318
1 9741 84 -61 -31 -65 -36 -122 0 2 25 -39 -5 -3 -1 -8311
1 10585 102 -58 4 -3 0 0 0 0 -12 7 6 0 -2 -439
1 10000 105 -2 13 3 0 0 0 0 -10 5 5 -4 0 242
1 9411 100 5 -17 -99 0 -1266 -1 0 23 -77 -4 24 0 9312
1 13889 168 6 8 -83 0 -99 0 -2 -5 -70 1 -6 -2 -10569
1 11145 128 237 32 5 0 0 0 0 -7 -53 -5 1 -1 -237
1 8489 80 -3488 -29 72 -1 1370 0 0 22 34 -11 0 -6 9721
1 11510 79 70 -20 73 1 0 0 2 13 41 -4 5 1 -9400
1 10001 71 3471 5 44 0 0 0 0 -7 67 3 -5 -5 807
1 10000 52 -50 -27 -5 0 0 0 0 19 7 -16 16 11 -74
1 10002 107 -3514 47 -24 -1 0 0 0 -30 -39 29 -4 -1 -230
1 9999 104 120 -28 -6 0 0 0 0 18 -34 -18 -10 -7 490
1 9999 104 21 17 20 0 0 0 0 -7 9 10 6 -2 11
1 9106 85 91 -5 100 23 1190 0 0 -2 55 -3 -1 3 9734
1 14614 116 26 32 94 1 210 0 -2 -24 69 5 -3 -2 -11114
1 11000 77 -51 8 -9 0 0 0 0 -5 9 2 -1 -7 -186
1 11116 67 -82 -5 -1 0 0 0 0 3 20 -9 -1 9 -438
1 10354 64 -99 0 4 0 0 0 0 0 27 -10 11 5 201
1 10353 59 2 -13 23 0 0 0 0 11 14 -13 -3 0 209
1 11080 81 3545 9 -34 0 0 0 0 -14 -10 14 4 3 -324
1 10351 75 6 10 47 0 0 0 0 -8 35 -12 0 -1 304
1 10354 64 -86 -15 -33 0 0 0 0 9 -8 -2 3 0 -213
1 9362 81 12 -19 -158 -1 -1299 1 0 22 -125 26 -14 -7 9422
1 10075 71 39 56 -48 0 -126 -1 2 -40 -48 34 0 -3 -8571
1 11645 84 -47 -24 -1 114 -133 0 -4 19 11 -13 1 -1 8814
1 8209 51 -3508 125 30 0 0 -36 0 -105 5 57 -2 -24 213
1 9600 29 3543 -24 -15 0 0 -48 0 22 0 -9 -2 -9 1094
1 9996 16 -3460 -14 -24 0 0 -51 0 17 -59 -8 1 -3 -169
1 9996 18 -13 -10 42 0 0 -51 0 5 43 -2 1 5 397
1 9997 34 15 16 -22 0 0 -50 0 -13 -25 7 -1 1 277
1 9987 26 153 -28 -1 0 0 -49 0 17 -41 -11 0 -6 510
1 10008 35 -5 18 1 0 0 -49 0 -13 1 7 0 -9 -329
1 9998 25 -15 -11 -14 0 0 -50 0 7 -7 -5 5 3 54
1 9995 15 -10 -34 9 0 0 -50 0 31 11 -16 -4 -3 911
1 10011 6 23 38 -4 0 0 -50 0 -33 -11 17 4 -3 -706
1 10008 -1 -33 -11 12 0 0 -49 0 12 20 -4 5 3 358
1 9995 -14 -63 9 -7 0 0 -50 0 -8 11 3 -6 2 255
1 13662 -48 89 150 2 334 0 -16 0 -135 -28 49 -2 -3 -1495
1 8116 -62 -36 259 3 1 0 -34 0 -245 4 5 0 -2 996
1 9468 -73 -52 -87 -26 -1 0 -48 0 86 -6 9 -3 -22 487
1 8765 -80 24 52 -6 0 0 -45 0 -56 -14 -8 3 -4 270
1 9988 -122 114 -22 44 1 0 -53 0 11 10 4 3 13 999
1 10003 -150 61 -34 1 0 0 -52 0 25 -15 0 -4 -12 -1014
1 9986 -146 -86 8 -22 -1 0 -53 0 9 0 0 3 56 259
1 10030 -161 2 -10 -4 1 0 -54 0 5 -3 1 -1 -2 461
1 9987 -179 -42 -23 0 -1 0 -52 0 26 14 3 4 6 -556
1 9987 -169 32 13 38 1 0 -53 0 -13 28 3 0 4 73
1 9992 -180 -34 -1 -3 0 0 -54 0 4 7 0 11 16 -74
1 10013 -173 -51 -4 -16 0 0 -54 0 12 0 0 1 6 184
1 13221 -248 3407 17 -154 10 -1321 -31 2 -21 -94 -14 -9 -2 -10508
1 10621 -205 -86 -22 -24 0 0 0 0 17 2 1 -4 -3 -294
1 9207 -170 -159 -17 41 0 1230 -4 0 -5 84 12 -8 -2 8594
1 10792 -198 -2 2 105 -30 128 -1 2 -6 105 -4 4 5 -8632
1 10001 -151 11 5 19 0 0 0 0 -1 17 -2 -7 2 -169
1 10000 -153 -46 -9 4 0 0 0 0 -4 12 -3 6 1 230
1 9928 -143 -52 4 60 -24 1164 -1 0 -16 69 -19 1 5 8841
1 14597 -229 126 -6 121 0 208 0 -2 23 82 -35 6 1 -10701
1 10365 -155 99 -19 19 0 0 0 0 30 -6 2 8 4 17
1 10360 -141 77 11 -16 0 0 0 0 -4 -32 16 14 11 71
1 9122 -108 53 -9 -58 1 -1241 -1 0 13 -68 25 -17 -11 9761
1 10879 -143 1 11 -93 0 -111 0 2 -4 -92 19 23 13 -9444
1 10000 -121 -3585 -6 -12 0 0 0 0 6 -16 1 10 9 -336
1 10000 -117 3580 8 -11 0 0 0 0 -3 -5 0 8 8 383
1 9420 -109 -3576 -5 2 0 0 -1 0 1 -6 0 -21 -2 -74
1 10581 -113 3577 0 11 0 0 0 0 1 18 -1 -17 -7 -134
1 9999 -119 17 9 10 0 0 0 0 -11 5 0 3 -3 96
1 9999 -132 -3563 -9 -13 0 0 1 0 13 -24 1 9 8 -263
1 10002 -138 -9 3 -9 0 0 0 0 -6 -6 1 7 0 497
1 9999 -147 76 1 -1 0 0 0 0 -1 -24 0 29 25 -219
1 8690 -140 -96 -6 -61 1 -1412 0 0 5 -34 0 21 0 9504
1 12748 -190 3356 -31 -76 -1 671 -1 -2 17 -6 -3 -26 -11 -1227
1 11164 -138 19 65 123 1 692 -1 2 -65 119 -2 125 82 -9173
1 10000 -144 6 -36 14 0 0 0 0 31 11 -1 1 -5 -120
1 10001 -111 -34 1 -2 0 0 0 0 -4 7 -2 42 37 66
1 8628 -97 -38 6 59 0 1384 1 0 -12 66 -17 15 5 9851
1 14902 -209 144 -4 111 0 21 -1 -2 14 67 -26 4 7 -10755
1 10360 -136 73 -3 7 0 0 0 0 9 -12 5 -114 1 -266
1 8545 -97 42 1 -72 -1 -1402 0 0 6 -78 28 -8 2 9360
1 11454 -142 -17 0 -101 1 -2 0 2 3 -95 16 46 23 -8933
1 10001 -107 0 -3 -5 0 0 0 0 6 -6 1 67 26 471
1 10000 -102 -5 0 -2 0 0 0 0 0 0 0 -6 4 -371
1 9416 -86 -9 -2 0 0 -1 1 0 0 2 0 18 10 622
1 10584 -112 -12 1 3 0 0 0 0 -4 8 0 1 0 53
1 10000 -106 23 1 3 0 0 0 0 2 -4 0 2 0 293
1 9422 -102 -5 -1 -2 0 0 -1 0 0 -1 -1 27 29 74
1 10578 -120 10 -3 1 0 0 0 0 3 -1 0 -19 23 -512
1 10000 -116 -15 1 -3 0 0 0 0 0 0 1 7 -3 416
1 9420 -99 -13 1 1 0 0 0 0 -1 6 -1 -14 7 18
1 10580 -124 -7 2 -1 0 0 0 0 -2 1 0 -15 11 100
1 10001 -112 6 2 -3 0 0 0 0 1 -5 0 -10 4 10
1 9415 -112 8 -4 3 0 0 0 0 -2 0 1 -12 -1 -245
1 10584 -126 15 3 0 0 0 0 0 2 -4 0 -12 -1 322
1 10000 -114 -4 0 -1 0 0 0 0 0 0 0 -3 14 68
1 9418 -116 -9 -7 -1 0 0 0 0 4 1 -1 34 41 232
1 10582 -124 -21 3 1 0 0 0 0 -4 7 0 71 51 -343
1 10000 -124 -7 -1 -4 0 0 0 0 1 -2 0 10 14 538
1 9420 -106 18 -6 2 0 0 0 0 3 -4 0 -40 5 -76
1 10580 -124 8 7 3 0 0 0 0 -2 3 0 -4 -2 -138
1 10000 -130 7 -3 0 0 0 0 0 0 -3 1 4 3 -31
1 9422 -112 -29 4 0 0 0 0 0 -3 9 -2 20 22 158
1 10579 -130 -17 -4 2 0 0 0 0 -1 6 0 43 25 31
1 9999 -126 -58 1 1 0 0 0 0 -6 17 -2 138 85 -185
1 7832 -89 -48 6 -5 0 0 0 0 -7 9 -1 -48 -3 9706
1 12168 -150 -10 -7 7 0 0 0 0 2 9 -1 -39 -6 -9078
1 10000 -118 -38 2 -5 0 0 0 0 -10 2 -1 7 8 -397
1 10001 -118 -46 4 4 0 0 0 0 -7 18 -4 13 10 -31
1 11164 -135 25 5 112 0 1404 0 -2 -11 96 -30 37 19 -100
1 10902 -150 126 -3 65 0 0 0 0 18 30 -15 -70 -16 -580
1 9200 -104 58 2 -47 0 -768 -1 0 12 -54 25 40 33 8999
1 11152 -156 -9 1 -113 0 -630 1 2 1 -107 27 16 25 -8994
1 10001 -112 26 -7 -14 0 0 0 0 10 -21 2 17 10 203
1 10001 -125 23 -9 1 0 0 0 0 7 -6 1 -23 3 166
1 9995 -116 -3541 14 4 0 0 0 0 -7 -14 0 -36 7 48
1 10004 -120 16 -6 -9 0 0 0 0 2 -13 1 1 0 47
1 10002 -124 21 1 -5 0 0 0 0 2 -13 0 -32 6 127
1 8834 -98 18 3 -68 -1 -1215 0 0 -4 -74 -3 -306 -13 9876
1 13860 -183 3507 -7 -96 1 -149 0 -2 11 -67 -15 -147 -11 -10488
1 10364 -127 -88 -12 -8 0 0 0 0 7 18 5 -19 3 19
1 8502 -99 -50 7 75 0 1370 0 0 -15 88 12 -61 0 10369
1 11499 -141 -48 17 93 0 3 0 2 -28 105 -4 -24 26 -8412
1 10000 -119 -35 -6 4 0 0 0 0 2 13 -2 18 84 -194
1 10000 -122 0 -8 2 0 0 0 0 6 1 0 35 48 95
1 8890 -95 54 8 69 0 1263 -1 0 1 56 -13 -36 40 9881
1 13932 -166 191 3 96 0 109 0 -2 9 39 -14 -18 13 -1740
1 10806 -140 -3553 1 -144 0 -1378 0 2 5 -154 34 -258 2 -8543
1 10000 -105 79 2 -9 0 0 0 0 -2 -33 1 4 2 194
1 10000 -130 -53 -6 -22 0 0 0 0 4 -6 0 -28 -3 70
1 10318 -105 0 -4 -52 0 -1237 1 0 9 -53 -3 -10 2 9905
1 13858 -167 3487 -17 -128 0 -144 -1 -2 17 -92 -22 -30 -4 -11135
1 10360 -102 -103 2 3 0 0 0 0 -8 32 10 1 -1 127
1 8496 -82 -14 6 85 0 1387 0 0 -13 87 13 -25 -1 9639
1 11504 -127 -23 14 87 0 1 0 2 -20 93 -2 -427 -40 -9172
1 10001 -99 -48 -8 3 0 0 0 0 -1 15 -1 -47 -5 603
1 10000 -99 15 -1 5 0 0 0 0 4 1 0 -170 -33 -116
1 8847 -91 45 5 85 -1 1350 0 0 -2 72 -16 -516 -86 9957
1 13722 -140 145 -1 46 0 -765 0 -2 10 6 -3 -2 -10 -1158
1 11179 -144 -35 2 -118 1 -595 0 2 7 -105 22 -20 -10 -8161
1 10002 -107 33 -8 -6 0 0 0 0 9 -16 0 -50 -16 157
1 10000 -101 28 1 3 0 0 0 0 0 -5 0 5 -1 305
1 9420 -100 -3574 -6 -4 0 0 0 0 5 -13 0 -260 -37 934
1 10580 -115 24 5 3 0 0 0 0 -6 -3 1 -509 -57 847
1 10001 -110 5 3 -1 0 0 0 0 -2 -3 0 -270 -40 152
1 9261 -80 -42 -2 -75 0 -1223 0 0 2 -64 -2 -107 -25 9803
1 13894 -141 3446 -11 -84 0 -124 0 -2 4 -39 -7 -620 -112 -375
1 10777 -114 18 16 143 0 1351 0 2 -17 138 8 0 -10 -9167
1 10000 -94 -22 -9 9 0 0 0 0 4 15 -2 8 -1 1216
1 10001 -109 -15 -1 -1 0 0 0 0 1 3 0 -6 -2 572
1 8500 -73 3 -2 4 0 0 0 0 1 3 -1 -391 -94 10350
1 11499 -128 -179 5 -3 0 0 0 0 -29 42 -6 -2066 -386 -9725
1 10000 -98 -8 -7 3 0 0 0 0 5 4 -1 -1641 -281 362
1 9999 -105 40 -7 -4 0 0 0 0 15 -12 2 -2827 -425 -144
1 11621 -97 133 1 142 0 1399 0 -2 5 101 -30 -1712 -201 -164
1 10617 -113 99 -5 46 0 0 0 0 19 18 -10 -813 -81 57
1 8439 -70 -29 2 -95 0 -1406 0 0 -4 -81 30 180 94 11283
1 11561 -117 -15 -6 -73 0 -3 0 2 7 -67 13 23 -6 -8030
1 10000 -74 -52 1 -12 0 0 0 0 -1 3 0 -109 -9 1350
1 10000 -90 -92 3 0 0 0 0 0 -20 22 -2 -488 -57 1177
1 9079 -62 -79 -2 78 0 1245 0 0 -15 90 -25 -751 -103 10968
1 13898 -131 92 2 98 0 154 -1 -2 6 67 -32 -70 -26 -9426
1 11566 -95 94 5 0 0 0 0 0 11 -19 9 -70 -16 149
1 10342 -93 59 2 -4 0 0 0 0 8 -17 8 -85 -2 824
