version: 66.11
glider: 175
mission: 9
dive: 80
start: 6 2 125 19 10 14
columns: rec,elaps_tms,depth,heading,pitch,roll,AD_pitch,AD_roll,AD_vbd,GC_phase,mag.x,mag.y,mag.z,sbect.TempFreq,sbect.CondFreq,sbe43.O2Freq,
data:
0 21759 0 440 -740 3 242 2093 1311 2 528 -144 -44 254802 165064 7656125
1 10003 7 -56 -13 4 0 0 262 0 1 11 -19 381 -11 -2250
1 10016 20 -60 9 8 0 0 256 0 3 15 5 -247 23 263
1 9992 99 13 -28 -11 0 0 260 0 -4 -5 -26 1134 60 2204
1 10001 85 21 -8 30 0 0 273 4 0 -7 -2 1524 74 1130
1 11423 157 -3 25 42 496 0 33 -5 1 0 22 1348 322 609
1 8578 128 -18 283 -58 1928 0 43 1 -39 21 239 1814 313 141
1 16899 202 -14 115 -197 0 -1444 130 2 -55 -104 57 2277 534 -9243
1 10353 141 -4 1 8 0 0 0 0 0 5 3 417 125 -841
1 10360 171 31 5 -12 0 0 0 0 -5 -15 -1 154 70 -2190
1 10362 173 81 12 -4 0 0 0 0 -15 -23 6 397 108 -1190
1 11042 190 78 -5 13 0 0 0 0 -8 -8 3 159 54 -532
1 10358 178 61 4 -7 0 0 0 0 -11 -19 2 178 54 -811
1 10373 178 29 -1 4 0 0 0 0 -4 -3 2 41 17 -574
1 10361 177 37 0 -4 0 0 0 0 -7 -10 1 39 16 -1128
1 10999 206 48 -10 -4 0 0 0 0 -2 -11 -6 -2 7 -1455
1 10360 187 15 9 3 0 0 0 0 -8 -4 7 141 25 -569
1 10853 204 18 -2 -5 0 0 0 0 -3 -4 0 188 29 -393
1 10365 205 -16 2 10 0 0 0 0 2 6 2 283 40 -665
1 10890 200 27 -3 -9 0 0 0 0 -4 -6 0 188 32 -163
1 10355 192 30 7 4 0 0 0 0 -11 -7 6 114 17 -483
1 10347 198 18 -8 0 0 0 0 0 2 -3 -3 90 16 -443
1 10361 206 19 -1 -5 0 0 0 0 -4 -6 -1 91 15 -666
1 10895 216 26 8 3 0 0 0 0 -12 -5 8 249 22 -985
1 10358 206 46 1 -3 0 0 0 0 -12 -8 5 40 6 -353
1 10356 208 46 3 -3 0 0 0 0 -14 -11 5 84 11 -890
1 10348 212 42 1 0 0 0 0 0 -12 -5 7 84 12 -781
1 10895 197 45 1 9 0 0 0 0 -14 1 12 465 60 -585
1 10360 177 33 -1 0 0 0 0 0 -9 -5 6 47 7 -289
1 10361 189 22 -5 1 0 0 0 0 -4 0 1 77 12 -1090
1 10364 171 41 2 1 0 0 0 0 -14 0 9 296 39 -858
1 10892 183 12 4 -1 0 0 0 0 -7 -3 5 182 30 -1819
1 10366 175 61 -2 -4 0 0 0 0 -17 -1 9 235 31 -1667
1 10359 161 40 2 3 0 0 0 0 -15 1 11 257 30 -2301
1 10353 166 37 -6 -1 0 0 0 0 -7 1 5 91 13 -1407
1 10799 187 30 0 -1 0 0 0 0 -9 2 7 51 9 -1896
1 10360 168 8 -3 1 0 0 0 0 -2 1 1 323 43 -2031
1 8848 154 -2 6 83 -9 1262 3 0 -9 58 43 191 26 8391
1 11152 187 1 42 99 53 114 0 2 -43 79 52 19 -11 -10335
1 10000 147 51 -2 -8 0 0 0 0 -16 4 6 33 -6 -810
1 10000 149 -4 4 6 0 0 0 0 2 8 3 23 -5 -1125
1 8815 130 16 2 -93 35 -1363 0 0 -2 -78 -29 42 -6 7399
1 14584 203 47 -3 -71 0 -16 1 -2 -8 -46 -27 58 -7 -11931
1 11016 169 -28 15 -11 0 0 0 0 -5 -15 -7 -3 -1 -1520
1 10359 139 -81 -15 51 0 0 0 0 35 25 4 45 -4 -1531
1 10362 159 4 1 -52 0 0 0 0 3 -35 -25 39 -3 -1648
1 10365 140 -61 4 4 0 0 0 0 15 -5 -10 12 1 -1226
1 10914 169 -3 5 -7 0 0 0 0 -2 -3 -2 2 -3 -1198
1 10347 152 -25 -1 4 0 0 0 0 7 -2 -4 32 -3 -1404
1 10353 151 14 6 -1 0 0 0 0 -9 1 4 37 1 -1251
1 10349 142 51 3 1 0 0 0 0 -20 4 12 15 -13 -1082
1 10897 137 59 4 -4 0 0 0 0 -21 6 11 0 -2 -1730
1 10352 131 33 1 5 0 0 0 0 -13 8 9 2 -4 -1744
1 10359 139 20 -6 -2 0 0 0 0 2 3 3 35 -16 -1514
1 10356 131 17 1 0 0 0 0 0 -6 3 5 51 -15 -1169
1 10896 146 21 -5 1 0 0 0 0 -5 4 2 17 -4 -2085
1 10346 145 56 7 -9 0 0 0 0 -19 7 9 12 -20 -1075
1 10354 132 51 -2 1 0 0 0 0 -11 14 11 -4 -13 -1532
1 10348 131 25 3 12 0 0 0 0 -10 17 11 41 -24 -385
1 10898 140 16 -5 -2 0 0 0 0 2 4 2 19 -3 -1090
1 10346 114 22 2 -5 0 0 0 0 -5 3 2 28 -6 -1068
1 10347 141 38 1 -1 0 0 0 0 -5 12 8 4 -4 -854
1 10350 133 24 3 4 0 0 0 0 -8 12 6 14 -9 -954
1 10902 142 40 -4 -3 0 0 0 0 -1 12 6 9 -6 -1115
1 11141 133 26 0 -2 0 0 0 0 -2 8 3 13 -10 -1227
1 10352 144 15 -3 1 0 0 0 0 -2 7 2 8 -6 -1332
1 10359 135 43 5 1 0 0 0 0 -3 18 7 -2 -11 -452
1 11006 147 25 -2 0 0 0 0 0 0 10 4 13 1 -1515
1 11141 144 33 -1 2 0 0 0 0 -1 15 4 32 1 -1083
1 9176 129 7 5 78 -6 962 0 0 -1 80 16 9 -5 7809
1 11177 126 -24 -2 99 0 424 0 2 0 89 3 9 -9 -9084
1 9999 129 41 3 8 0 0 0 0 1 25 -2 -4 -6 -787
1 10000 116 27 -3 -7 0 0 0 0 7 4 -1 -8 -26 -548
1 10001 123 32 5 3 0 0 0 0 1 16 -2 13 -12 -491
1 10000 121 8 -4 -3 0 0 0 0 4 0 -1 21 -13 -727
1 10000 117 1 -1 2 0 0 0 0 0 2 0 45 -6 -407
1 10000 118 2 1 -2 0 0 0 0 0 -1 0 78 -1 -671
1 10000 126 28 3 0 0 0 0 0 2 9 -1 64 -8 -685
1 10000 128 13 1 -1 0 0 0 0 1 4 -2 -31 -25 -253
1 10711 142 -29 -7 100 -1 1272 0 0 5 85 -22 94 -13 6483
1 13887 188 2 -8 80 0 125 1 -2 9 71 -34 121 -21 -9531
1 10359 139 9 5 -5 0 0 0 0 0 -1 2 36 4 -523
1 10361 151 -28 11 14 0 0 0 0 -21 4 0 7 0 -712
1 11682 148 -31 -5 -1 0 0 0 0 1 -11 6 -11 0 -711
1 10353 136 -33 4 -4 0 0 0 0 -6 -15 8 6 1 -676
1 10350 127 -26 -10 0 0 0 0 0 6 -9 4 3 -1 -481
1 10688 141 -16 16 -98 0 -1276 0 0 -17 -98 33 3 -1 7431
1 9143 112 2 -11 -85 0 -127 0 2 8 -82 12 82 0 -7748
1 10619 137 -9 2 -1 0 0 0 0 -4 -6 0 7 -2 -150
1 9998 129 -7 0 1 0 0 0 0 1 -1 1 3 0 -532
1 10631 134 -11 3 2 0 0 0 0 -3 -3 0 21 2 7846
1 9373 101 -2 1 -2 0 0 0 0 -1 -4 1 7 4 -7704
1 9996 131 -25 2 2 0 0 0 0 0 -7 -1 -48 -20 -434
1 10002 135 -8 -4 -2 0 0 0 0 2 -7 1 71 8 65
1 9998 119 -15 -2 0 0 -1 0 0 2 -6 -1 6 -1 -224
1 10000 125 -21 1 2 0 0 0 0 0 -6 1 7 1 -331
1 10001 135 -5 0 1 0 0 0 0 -3 -2 -1 12 4 -381
1 8280 109 46 -2 -113 0 -1351 0 0 6 -93 -10 3 -2 8172
1 13897 185 52 0 -64 0 -18 0 -2 0 -41 -12 -5 -1 -9230
1 10896 136 31 -6 -7 0 0 0 0 4 6 2 9 2 -1062
1 9194 134 -10 3 84 0 963 0 0 -3 78 15 1 1 7907
1 11166 137 -33 6 97 0 411 0 2 -8 84 5 -3 -4 -8200
1 10000 136 12 8 -3 0 0 0 0 -4 2 0 -7 -2 50
1 10000 131 -6 -8 3 0 0 0 0 5 1 0 -7 -3 -277
1 9999 132 -3 -4 3 0 0 0 0 2 1 -1 -1 -1 -281
1 10002 124 -12 7 4 0 0 0 0 -3 0 1 2 0 -23
1 9999 129 -4 -3 -5 0 0 0 0 1 -7 0 2 -3 -396
1 9420 118 17 2 5 0 0 0 0 0 12 0 -2 2 169
1 10580 140 4 3 -8 0 0 0 0 1 -7 0 -4 -3 -627
1 10000 137 -10 -8 1 0 0 0 0 -1 -3 0 -6 -2 -96
1 10001 132 -13 3 0 0 0 0 0 2 -5 0 -5 -2 -143
1 10000 138 -2 4 5 0 0 0 0 -6 4 0 12 2 -18
1 9999 137 13 5 -8 0 0 0 0 -5 -3 1 -4 1 -567
1 10000 121 11 -7 3 0 0 0 0 8 8 -1 5 -3 -222
1 10000 122 -15 -4 5 0 0 0 0 4 -1 -1 4 0 -219
1 10001 133 4 3 -4 0 0 0 0 -4 -2 1 4 -2 159
1 9999 120 -1 2 -1 0 0 0 0 -1 -3 0 -10 -2 94
1 10000 133 -13 -3 0 0 0 0 0 1 -5 0 -12 -1 -262
1 10000 119 -3 3 2 0 0 0 0 -2 1 0 15 -1 -12
1 9417 131 -3 0 -5 0 0 0 0 0 -7 0 -7 -1 74
1 10583 126 -20 -2 0 0 0 0 0 1 -9 0 -7 -1 -1001
1 10000 132 -5 0 9 0 0 0 0 1 8 0 18 0 409
1 11071 125 1 48 -29 180 -195 0 -4 -43 -29 2 9 -1 6655
1 9374 61 0 119 1 0 -1 -39 0 -113 2 -9 2 -2 534
1 8533 33 3 -4 2 0 1 -43 0 7 3 2 9 0 1481
1 9827 47 -5 -15 3 0 -1 -49 0 10 1 1 14 2 -431
1 10040 39 7 -5 3 0 1 -51 0 3 5 1 6 -1 324
1 10056 28 0 -8 -1 0 0 -50 0 8 -1 1 4 0 -325
1 9925 23 4 -6 -3 0 0 -48 0 6 -1 0 5 0 514
1 9994 14 -20 -6 6 0 -1 -49 0 6 -2 1 2 0 464
1 10018 1 -6 -1 -3 0 0 -50 0 1 -6 0 5 0 -112
1 9978 -9 -20 2 4 0 0 -49 4 4 -3 0 3 0 162
1 14001 -31 -8 133 10 419 74 -8 -4 -127 7 -26 -1 0 -1403
1 8159 -59 31 339 1 0 1 -30 0 -268 10 -187 -1 1 928
1 8189 -67 -17 -39 7 0 -1 -40 0 31 1 35 -7 3 739
1 9687 -73 -21 12 -2 0 0 -49 0 -9 -9 -9 -2 1 289
1 9974 -105 -14 -11 -5 0 0 -51 0 7 -9 3 -10 0 330
1 10014 -109 0 -8 4 0 0 -51 0 4 3 8 -8 2 108
1 9985 -137 12 -2 -10 0 0 -51 0 6 -2 4 -7 -1 -147
1 9997 -140 23 0 1 0 0 -52 0 -2 8 -1 -15 0 -322
1 10015 -146 -10 -8 17 0 0 -52 0 0 8 3 -26 0 -454
1 9975 -164 -20 0 44 0 744 -46 4 1 24 0 -27 1 344
1 15348 -291 77 9 132 0 626 -1 -2 -4 115 -28 -4 1 -10498
1 11007 -214 60 1 -5 0 0 0 0 -4 15 -9 16 2 -228
1 9173 -176 64 -6 -60 7 -959 -2 0 14 -16 19 -14 2 7237
1 11172 -210 27 9 -110 3 -424 0 2 -3 -68 13 -24 -2 -8071
1 10000 -199 24 -6 -13 0 0 0 0 2 0 6 7 3 21
1 10000 -192 3 2 4 0 0 0 0 1 3 0 -4 4 155
1 10000 -197 -6 -5 -1 0 -1 -1 0 3 -2 2 -7 0 -363
1 10001 -204 -2 -1 -2 0 0 0 0 -1 -2 -1 -8 0 -20
1 9999 -187 11 2 1 0 0 0 0 3 3 2 -6 1 -160
1 9999 -193 -9 0 -2 0 0 0 0 -2 -4 0 -5 2 -177
1 10001 -178 0 -1 0 0 0 0 0 -1 1 -1 -21 1 -72
1 10000 -199 13 2 1 0 0 0 0 0 4 0 -8 0 -358
1 8322 -148 26 6 -82 10 -1381 -1 0 -2 -51 3 -4 1 7855
1 14703 -284 -86 -7 -106 0 -9 0 -2 -5 -99 -17 -19 2 -9736
1 10341 -210 -56 1 -2 0 0 0 0 -6 -19 -8 -61 6 -324
1 10862 -223 -51 12 126 0 1393 -1 2 -4 70 7 -52 8 -517
1 10621 -218 1 -4 62 0 0 0 0 2 43 4 -5 1 -769
1 10001 -204 -11 1 0 0 0 0 0 -1 -4 -1 -6 5 182
1 10000 -201 1 -5 -2 0 0 0 0 1 -1 2 -15 1 282
1 10000 -205 2 7 0 0 0 0 0 -2 1 -2 -60 -5 -684
1 9999 -191 8 -3 -11 0 0 0 0 0 -5 1 -17 8 -68
1 10000 -206 25 -3 7 0 0 0 0 3 13 1 -72 16 -99
1 10001 -199 -13 5 6 0 0 -1 0 -3 0 -2 -21 10 -460
1 9999 -202 -4 -5 1 0 0 0 0 4 -1 4 -20 6 -45
1 10000 -195 -21 3 0 0 0 0 0 -2 -6 -3 -8 5 -136
1 10000 -206 -29 -1 5 0 0 0 0 -1 -7 -2 -16 7 -300
1 10000 -198 -8 -4 -9 0 0 0 0 4 -9 6 -2 0 -89
1 10000 -196 -7 3 -12 0 0 0 0 -3 -11 -4 15 -2 145
1 8309 -153 -20 8 81 0 1375 0 0 -5 49 -6 3 2 7089
1 14764 -312 45 10 116 0 22 0 -2 -11 87 -30 -48 12 -8852
1 10347 -219 40 -4 -2 0 0 0 0 5 14 1 -68 27 -692
1 10355 -212 12 2 8 0 0 0 0 2 9 -3 -22 15 -103
1 10353 -220 6 -1 0 0 0 0 0 2 2 1 -2 38 54
1 9822 -196 91 -4 -19 3 -534 0 0 10 18 1 -22 30 6993
1 11172 -247 71 -17 -159 -19 -872 0 2 14 -80 46 9 12 -7369
1 10000 -190 62 -8 1 0 0 0 0 14 19 11 -153 19 58
1 10000 -188 18 2 -13 0 0 0 0 3 -6 2 0 26 13
1 8830 -166 27 0 -69 7 -1283 0 0 1 -42 10 5 15 7438
1 13890 -277 -41 -2 -123 1 -101 0 -2 -9 -99 -9 -49 13 -8640
1 10334 -205 -70 -3 8 0 0 0 0 -7 -14 -8 -206 8 -379
1 10341 -191 -31 1 3 0 0 0 0 -4 -6 -6 -271 -29 -7
1 10989 -211 -30 2 -9 0 0 0 0 -3 -17 -4 -21 17 -127
1 10336 -193 -67 -4 3 0 0 0 0 0 -18 -9 -62 -19 -432
1 8310 -154 -75 0 89 -13 1396 -1 0 -1 37 8 -3 -2 8118
1 11691 -211 -24 -1 98 0 1 1 2 2 61 9 -3 5 -7528
1 10000 -187 30 -2 6 0 0 0 0 1 15 0 120 55 -153
1 9999 -168 4 -3 -17 0 0 0 0 4 -11 5 72 31 167
1 10004 -159 -12 -2 3 0 0 0 0 0 -2 0 16 22 49
1 9997 -168 6 -3 -2 0 0 0 0 -1 0 -1 4 11 -207
1 9999 -154 -35 9 12 0 0 0 0 -3 -3 -3 1 3 525
1 10824 -181 -35 5 130 0 1381 -1 -2 -7 79 -12 -20 6 -440
1 10618 -166 65 8 58 0 0 0 0 -4 59 -23 -46 9 19
1 10337 -169 54 -1 8 0 0 0 0 4 23 -6 -72 -6 -308
1 10890 -194 42 -7 -15 0 0 0 0 8 6 6 -433 -51 -440
1 8201 -125 72 6 -81 8 -1402 0 0 4 -32 16 -182 -28 8133
1 11799 -200 1 -7 -99 0 -5 1 2 -1 -67 19 -286 -40 -7706
1 10000 -173 6 4 0 0 0 0 0 0 1 0 -147 -27 144
1 10000 -167 -6 -8 1 0 0 0 0 3 0 3 -64 -16 -99
1 10000 -162 2 -1 1 0 0 0 0 1 1 0 -5 0 71
1 10000 -161 11 5 0 0 0 0 0 0 3 0 -50 -9 295
1 10000 -165 0 -4 -1 0 0 0 0 2 0 0 -37 -2 461
1 9424 -148 63 3 9 1 0 -1 0 7 25 2 -319 -57 232
1 10576 -162 50 3 -6 0 0 0 0 4 10 3 -70 -4 -17
1 10000 -162 6 -4 2 0 0 0 0 4 3 3 -22 -2 -204
1 8266 -126 19 5 -90 5 -1352 0 0 -2 -62 10 -463 -57 8033
1 14723 -251 -48 -1 -103 0 -10 0 -2 -10 -86 -12 -304 -39 -8413
1 10329 -179 -65 -6 -3 0 0 0 0 -4 -21 -6 -15 -4 -254
1 10335 -176 -76 1 -6 0 0 0 0 -11 -26 -14 -218 -28 454
1 10347 -190 -72 -2 10 0 0 0 0 3 -17 -4 -112 -12 -12
1 11971 -198 -77 4 139 -20 1378 0 2 -2 72 12 -49 -10 -1195
1 10621 -173 -25 -13 40 0 0 0 0 7 20 8 -144 -18 127
1 10001 -153 -38 0 2 0 0 0 0 5 -11 4 -126 -19 191
1 9999 -144 7 -1 5 0 0 0 0 -3 6 -1 -323 -53 266
1 11408 -185 23 10 133 0 1391 0 -2 -9 102 -17 -117 -23 143
1 10623 -166 69 5 50 0 0 0 0 0 56 -19 18 -6 582
1 10334 -155 55 -3 1 0 0 0 0 4 20 -2 -135 -32 232
1 9170 -147 41 -4 -54 2 -839 0 0 1 -22 12 -51 -12 8808
1 11174 -177 13 1 -124 1 -550 0 2 5 -84 24 -8 1 -7688
1 10000 -152 -25 -12 -7 0 0 0 0 -1 -12 2 4 2 687
1 9999 -143 -21 5 2 0 0 0 0 1 -6 -1 -185 -34 1610
1 8416 -126 16 0 2 0 0 0 0 0 7 0 -60 -13 9083
1 11585 -172 29 -1 0 0 0 0 0 4 10 2 -88 -19 -7640
1 10000 -140 22 1 4 0 0 0 0 3 9 2 -267 -44 880
1 9999 -142 40 -4 -5 0 0 0 0 1 11 1 -146 -24 565
1 10675 -143 17 6 -130 1 -1385 0 -2 -4 -91 1 -325 -69 315
1 10893 -142 -71 -7 -58 0 0 0 0 2 -66 -10 -855 -185 1041
1 10340 -142 -65 3 2 0 0 0 0 -5 -19 -9 -251 -52 762
1 8340 -120 -81 -6 98 0 1377 0 0 -1 43 9 -147 -28 8860
1 11660 -171 -28 12 83 0 5 0 2 -7 51 1 -317 -62 -6748
1 10000 -139 -17 -6 4 0 0 0 0 4 -2 4 -447 -104 999
1 10000 -134 -4 2 -4 0 0 0 0 -1 -5 0 -1417 -292 930
1 8294 -94 -4 5 96 0 1372 0 0 -3 68 -7 -775 -161 9722
1 13927 -184 130 8 91 0 24 0 -2 -4 104 -34 -1885 -317 -7942
