version: 66.11
glider: 175
mission: 9
dive: 118
start: 6 4 125 1 38 44
columns: rec,elaps_tms,depth,heading,pitch,roll,AD_pitch,AD_roll,AD_vbd,GC_phase,mag.x,mag.y,mag.z,sbect.TempFreq,sbect.CondFreq,sbe43.O2Freq,
data:
0 22316 -100 357 -742 53 239 2084 1325 2 533 -128 -53 247283 163671 7649156
1 9995 4 110 -33 -66 0 0 261 0 -5 -19 -16 219 -3 830
1 10002 25 26 25 48 0 0 253 0 0 -11 27 7372 62 1282
1 9986 53 54 -11 -24 0 0 256 0 -3 -11 -4 5256 994 3509
1 10005 73 80 -25 3 0 0 264 0 -6 -18 -6 1119 157 5770
1 10027 79 9 6 8 0 0 270 0 2 -2 9 88 764 1408
1 11757 218 28 33 -15 496 0 98 -1 -2 -5 30 832 566 1128
1 8509 235 4 210 -27 2024 -390 3 5 -38 -4 170 1375 299 2532
1 15551 327 30 265 -155 3 -1043 4 -2 -153 -116 136 497 161 -11174
1 10375 167 13 4 -6 0 0 0 0 -6 -5 2 256 62 741
1 10364 159 25 3 -3 0 0 0 0 -8 -7 1 74 38 1456
1 10367 168 64 -1 -1 0 0 0 0 -15 -11 4 4 18 247
1 10999 188 29 3 2 0 0 0 0 -10 -5 4 19 13 7
1 10366 159 20 -4 9 0 0 0 0 -3 3 4 146 28 240
1 10354 163 2 1 -4 0 0 0 0 -1 -3 -1 263 31 543
1 10378 157 27 3 -5 0 0 0 0 -10 -7 1 492 76 -176
1 10989 174 20 6 3 0 0 0 0 -11 -1 6 39 13 -1593
1 10365 158 48 -5 11 0 0 0 0 -11 -1 8 37 11 -637
1 10346 157 51 5 -11 0 0 0 0 -19 -11 4 28 6 -756
1 10368 150 62 -7 -9 0 0 0 0 -15 -10 0 34 8 -800
1 10908 186 38 10 14 0 0 0 0 -22 8 17 54 8 -1047
1 10377 164 47 4 -1 0 0 0 0 -18 0 10 16 1 -1570
1 10373 154 64 -6 -5 0 0 0 0 -18 -3 5 59 6 -1114
1 10372 164 47 -1 0 0 0 0 0 -15 4 8 -9 4 -1085
1 10914 162 69 2 -5 0 0 0 0 -25 4 12 149 14 -2098
1 10372 162 58 -4 -4 0 0 0 0 -13 8 9 -50 -4 -1171
1 10370 171 75 11 4 0 0 0 0 -33 19 19 126 14 -1271
1 10368 160 39 -4 1 0 0 0 0 -5 11 9 176 8 -916
1 10914 158 29 -5 2 0 0 0 0 -3 10 6 177 24 -1315
1 10365 158 28 0 2 0 0 0 0 -8 9 6 43 3 -1012
1 10373 154 22 3 2 0 0 0 0 -7 9 5 89 11 -1381
1 10378 161 36 -5 -2 0 0 0 0 -3 10 5 18 -10 -1440
1 10915 172 13 3 3 0 0 0 0 -5 7 5 28 6 -1277
1 9210 139 16 3 41 -4 647 2 0 -5 45 17 21 -4 9110
1 11162 144 -8 48 116 57 680 0 2 -46 111 30 210 7 -11019
1 10000 115 53 7 10 0 0 0 0 -13 31 3 163 9 -1055
1 10000 97 29 -5 2 0 0 0 0 2 14 2 115 7 -676
1 9683 104 13 10 3 33 1 1 0 -10 9 0 96 9 -987
1 10622 96 -13 21 0 0 0 0 0 -17 -5 -2 70 -6 -1656
1 9999 93 -4 1 -3 0 0 0 0 -1 -5 0 6 -3 -2241
1 8341 103 -7 -1 3 1 0 0 0 -1 0 0 17 -2 8230
1 11659 94 5 2 -2 0 0 0 0 0 0 0 94 -9 -12593
1 10000 93 -4 0 3 0 0 0 0 -3 1 0 60 5 -1620
1 10000 97 26 -2 -2 0 0 0 0 0 9 0 163 9 -1658
1 9418 78 17 0 2 0 0 0 0 -1 9 1 104 13 -1232
1 10582 116 25 5 -2 0 0 0 0 0 9 -1 23 2 -1148
1 10000 99 17 1 0 0 0 0 0 0 6 1 43 5 -1508
1 8356 79 -42 -5 104 -2 1373 0 0 3 88 -9 38 2 8422
1 14723 146 -80 5 77 0 17 0 -2 -9 42 -12 7 -2 -12428
1 10349 94 -42 5 -2 0 0 0 0 1 -19 5 129 -22 -1554
1 8345 91 8 -2 -108 0 -1347 1 0 7 -102 15 8 -24 8268
1 11655 95 -6 -7 -64 0 -9 0 2 3 -69 -1 -220 -100 -10399
1 9999 92 -12 1 0 0 0 0 0 3 -4 0 -111 -54 -487
1 10001 87 -11 2 0 0 0 0 0 1 -4 -1 177 21 -1255
1 9999 87 -5 0 0 0 0 0 0 -1 -3 -1 73 16 -1112
1 10002 76 24 -2 0 0 0 0 0 -2 10 1 36 8 -872
1 10000 86 -1 -1 -1 0 0 0 0 5 -1 0 -12 -15 -1551
1 9998 89 -10 -1 -2 0 0 0 0 0 -6 0 -66 -19 -650
1 10001 69 14 3 2 0 0 0 0 -5 7 1 -57 -31 -1341
1 9999 95 1 2 -3 0 0 0 0 0 -2 -1 -9 -13 -1346
1 10001 84 -4 -5 5 0 0 0 0 4 4 1 4 -3 -1107
1 10000 85 -23 6 -1 0 0 0 0 -1 -10 -1 7 -1 -982
1 10000 94 26 -6 -4 0 0 0 0 0 5 0 -9 -3 -1249
1 9999 87 2 6 1 0 0 0 0 -6 2 0 -34 -12 -326
1 10001 90 -45 -7 1 0 0 0 0 10 -18 -2 -5 1 -1327
1 10000 95 15 6 -2 0 0 0 0 -5 5 1 -57 -19 -1026
1 8500 84 2 2 1 0 0 0 0 -4 1 1 -7 -12 8294
1 11501 97 -33 -12 1 0 0 0 0 20 -11 -2 -20 -9 -10667
1 9999 97 -21 8 1 0 0 0 0 -7 -8 -1 -26 -11 -659
1 10001 101 13 7 1 0 0 0 0 -11 6 0 25 14 -444
1 10000 94 -5 -8 0 0 0 0 0 10 -2 0 -37 -26 -1212
1 9999 87 2 7 -3 0 0 0 0 -3 0 0 -11 -12 -732
1 10000 109 -14 1 0 0 0 0 0 4 -5 0 0 -11 -660
1 10001 83 -51 -4 3 0 0 -1 0 10 -16 -2 5 -29 -690
1 10000 79 -21 2 -6 0 0 0 0 6 -13 -4 -2 -51 -272
1 9998 86 -15 -2 6 0 0 0 0 1 -1 0 12 -24 -575
1 8826 73 44 -4 -108 0 -1339 1 0 4 -86 -26 -7 -22 8343
1 17180 152 -9 10 104 6 1174 -1 -4 -16 95 27 -17 -4 -4090
1 8177 68 -14 48 -12 67 1 -28 0 -42 -15 -6 -4 0 272
1 8199 41 -7 1 3 0 0 -42 0 -1 0 0 -103 -44 372
1 9984 61 18 15 -15 0 0 -50 0 -16 -7 -4 -5 -10 -276
1 9998 58 -6 -14 9 0 -1 -51 0 14 6 4 -49 -37 -584
1 10009 52 -35 -5 3 0 1 -51 0 17 -7 0 0 -3 -439
1 10007 49 6 -1 4 0 0 -50 0 -2 5 1 -35 -11 -496
1 10001 29 31 -32 1 0 -1 -50 0 19 8 3 -1 6 -757
1 10005 42 17 6 0 0 0 -50 0 -4 9 2 -13 -10 -128
1 10002 35 -11 -1 -2 0 0 -50 0 -1 -8 -2 -49 -31 -315
1 9979 25 -10 -12 1 0 0 -50 0 14 -3 0 14 -1 -125
1 10016 23 15 5 -2 0 0 -50 0 -7 4 1 -24 -4 -353
1 9994 -2 20 -8 4 0 0 -52 0 3 11 2 21 1 -554
1 13336 -34 22 120 -1 333 0 -25 0 -114 12 -14 -5 2 -2121
1 6663 -45 -42 258 8 -1 0 -27 0 -218 -1 -108 -9 -2 1127
1 10008 -45 -20 -28 -28 0 0 -49 0 28 -27 14 -23 -5 37
1 9991 -59 42 22 34 0 1 -53 0 -25 42 -8 -28 -4 -520
1 10001 -62 43 -23 -15 1 -1 -53 0 9 -1 8 77 14 -96
1 9993 -77 21 -6 17 -1 1 -52 0 -1 20 4 26 17 -611
1 10005 -79 -2 3 -15 1 0 -53 0 0 -13 -4 18 6 -690
1 9992 -90 -28 8 19 0 -1 -53 0 -3 7 -1 78 49 207
1 10008 -80 -14 -13 -13 -1 0 -52 0 11 -17 6 12 26 -345
1 10004 -83 14 8 4 0 0 -53 0 -8 9 -6 84 56 -317
1 9991 -96 19 -13 -10 1 0 -54 0 6 -3 6 13 28 -609
1 9998 -107 2 4 12 -1 0 -54 0 -1 12 0 6 20 -686
1 11186 -115 -3 -13 -3 1 0 -30 4 9 -5 6 -7 9 -9087
1 10002 -110 -5 -4 0 0 0 0 0 6 -1 2 1 15 -842
1 10001 -105 -1 4 1 0 0 0 0 -1 2 1 2 9 -598
1 9999 -114 15 -7 0 0 0 -3 0 0 3 1 -5 37 -455
1 10001 -104 24 -2 -20 0 0 0 0 -1 -8 -2 3 12 -457
1 9998 -106 -25 12 2 0 0 0 0 -4 -6 -3 0 -6 -726
1 9423 -103 -33 -3 14 0 1 -1 0 7 1 4 -6 11 83
1 10577 -139 -22 -3 0 0 0 0 0 4 -9 1 20 31 -623
1 10001 -110 10 3 3 0 0 0 0 -4 6 -1 12 10 -819
1 8460 -93 14 0 99 -1 1416 -1 0 -5 87 4 34 14 8045
1 14718 -189 103 5 88 1 23 0 -2 -16 104 -27 2 4 -10558
1 8243 -92 65 4 -85 2 -1377 0 0 -2 -43 8 0 7 7868
1 11757 -153 55 -8 -88 0 -9 0 2 -1 -52 7 60 29 -8390
1 9999 -117 26 0 -17 0 0 0 0 4 -5 2 -9 6 -277
1 10000 -128 6 -5 3 0 0 0 0 4 5 3 63 27 -596
1 8566 -99 8 4 -67 0 -1376 -1 0 -2 -52 -1 9 3 7561
1 13892 -178 -56 -13 -109 0 -9 0 -2 10 -109 -19 -29 -2 -9355
1 10340 -125 -77 1 -1 0 0 0 0 6 -28 -6 12 8 -248
1 9807 -109 -110 4 56 0 929 -1 0 9 8 7 31 23 7730
1 11181 -137 -78 20 110 0 448 0 2 -7 63 16 -71 4 -8667
1 10000 -121 -5 -15 12 0 0 0 0 11 8 10 231 117 -521
1 10000 -104 32 -3 4 0 0 0 0 -5 12 0 -199 44 -41
1 8828 -90 12 6 74 0 1308 0 0 -11 64 0 -90 -10 7747
1 13885 -169 73 6 105 0 86 0 -2 -17 108 -21 -53 -5 -9549
1 10342 -113 63 0 -1 0 0 0 0 -1 23 -7 -228 -5 -175
1 8420 -91 72 -2 -80 0 -1390 0 0 1 -37 8 -92 9 7952
1 11580 -148 47 1 -91 1 -7 0 2 3 -56 9 -123 1 -8007
1 10001 -115 13 -9 -7 0 0 0 0 4 -1 4 -221 -20 -292
1 9999 -125 -48 1 -3 0 0 0 0 1 -20 0 -181 -7 -595
1 8400 -93 -14 3 -78 0 -1365 0 0 -2 -70 -5 -21 0 8088
1 14709 -185 -66 -14 -96 0 -8 0 -2 16 -101 -20 -86 -8 -9387
1 10349 -117 -58 -6 -1 0 0 0 0 11 -22 -3 -41 1 -641
1 8631 -91 -86 7 80 -1 1379 0 0 6 36 18 -25 0 7945
1 11369 -134 -32 16 89 1 2 0 2 -14 60 11 -16 4 -7350
1 10001 -115 -4 -3 3 0 0 0 0 6 4 5 -49 4 -394
1 10000 -112 18 -4 0 0 0 0 0 1 5 1 -56 -10 -125
1 8412 -103 8 2 82 0 1369 -1 0 -12 67 2 -73 -16 8355
1 13880 -178 41 8 102 0 21 1 -2 -15 95 -16 -287 -25 -9260
1 11000 -131 50 -12 0 0 0 0 0 4 19 -1 -54 -10 -762
1 10341 -136 48 10 -7 0 0 0 0 -8 12 -9 10 4 104
1 8463 -105 56 3 -75 -1 -1396 -1 0 -5 -40 6 -97 -12 8462
1 11537 -156 42 -4 -95 1 -3 0 2 7 -61 8 21 1 -8066
1 10000 -110 15 -7 11 0 0 0 0 3 15 3 0 1 80
1 10000 -133 26 -1 -11 0 0 0 0 -1 0 0 28 4 40
1 8377 -101 8 5 -87 0 -1372 0 0 1 -69 -3 -128 -16 8554
1 13910 -165 -53 -16 -90 0 -8 0 -2 12 -94 -12 -116 -16 -9038
1 11002 -140 -78 -3 -7 0 0 0 0 7 -32 -11 23 2 -395
1 9214 -84 -84 -2 16 -1 46 0 0 12 -17 -1 -23 -5 8194
1 11138 -130 -61 27 147 1 1341 0 2 -18 99 26 -21 -1 -7022
1 9999 -108 -14 -5 8 0 0 0 0 7 2 4 -5 0 418
1 10000 -113 -38 -6 10 0 0 0 0 8 -6 4 -389 -42 732
1 9713 -117 -63 6 72 -1 1253 0 0 6 39 11 -94 -3 7458
1 13862 -181 61 0 108 1 138 0 -2 -20 104 -10 272 16 -7975
1 10352 -143 0 5 -3 0 0 0 0 -2 -2 -3 -617 -71 443
1 11000 -137 60 -5 -17 0 0 0 0 -6 7 -3 -184 -35 226
1 11196 -150 106 3 13 0 0 0 0 -12 47 -19 -277 -34 146
1 8309 -82 88 0 -82 -1 -1401 -1 0 0 -32 7 -124 -24 8840
1 11691 -135 58 3 -82 1 -3 0 2 -2 -45 4 -18 -7 -7420
1 10000 -115 -1 -16 -3 0 0 0 0 12 -2 8 14 2 84
1 9999 -94 0 10 -1 0 0 0 0 -7 -1 -5 -144 -23 340
1 8356 -83 22 -1 -78 0 -1358 0 0 3 -57 1 -90 -17 9440
1 13912 -150 -78 -7 -105 -1 -8 1 -2 5 -113 -23 -86 -18 -8857
1 10902 -111 -85 6 -19 0 0 0 0 7 -42 -15 -28 -5 1112
1 9252 -101 -100 3 43 0 46 -1 0 12 2 8 -34 -3 9025
1 11097 -134 -45 0 141 1 1337 0 2 -5 92 33 -9 -4 -7257
1 10000 -99 -6 -3 7 0 0 0 0 3 3 2 -57 -9 1079
1 10001 -105 3 0 -2 0 0 0 0 1 1 1 -171 -25 986
1 9684 -96 27 2 81 -1 1242 0 0 -10 75 4 -289 -49 9150
1 13851 -161 182 -2 112 0 138 0 -2 -15 153 -32 -1058 -157 -8628
1 8206 -86 138 1 -94 1 -1383 0 0 0 -24 9 -495 -97 9182
1 11794 -138 48 5 -83 -1 -6 0 2 3 -51 12 -137 -39 -7076
1 10000 -106 59 -7 -16 0 0 0 0 9 7 6 -450 -91 1174
1 10000 -101 46 3 5 0 0 0 0 8 17 2 -1330 -305 403
