version: 66.11
glider: 175
mission: 9
dive: 127
start: 6 4 125 7 20 21
columns: rec,elaps_tms,depth,heading,pitch,roll,AD_pitch,AD_roll,AD_vbd,GC_phase,mag.x,mag.y,mag.z,sbect.TempFreq,sbect.CondFreq,sbe43.O2Freq,
data:
0 22591 -125 282 -723 5 244 2073 1333 2 537 -103 -35 249053 165498 7642174
1 10006 17 -101 -11 53 0 0 263 0 1 20 -18 -39 -14 -554
1 9979 61 -114 13 24 0 0 262 0 1 26 3 253 -86 1379
1 9996 77 3482 -7 57 0 0 273 0 -2 26 -13 877 -78 3098
1 10024 78 6 -25 -20 1 0 285 0 2 -6 -15 3912 -58 1371
1 9989 114 -3420 -34 -96 -1 0 297 4 -7 -43 -32 4989 289 2635
1 12240 294 -43 25 29 471 0 14 -5 3 10 19 1185 269 2978
1 8564 251 -11 229 -58 2046 -145 3 5 -15 9 205 3263 569 1965
1 14561 290 106 264 -177 1 -1278 2 -2 -123 -144 178 832 256 -10738
1 10371 156 32 5 -1 0 0 0 0 -6 -9 2 307 120 145
1 10994 167 65 -1 -2 0 0 0 0 -4 -17 -2 64 49 691
1 10366 144 68 -1 5 0 0 0 0 -8 -11 0 49 30 746
1 10364 157 55 1 -1 0 0 0 0 -6 -14 -2 184 40 396
1 10367 164 84 -2 -9 0 0 0 0 -11 -23 -4 185 35 363
1 10994 173 41 8 0 0 0 0 0 -11 -12 3 119 16 -250
1 10373 164 49 -1 2 0 0 0 0 -8 -9 1 451 50 -151
1 10371 163 67 0 -1 0 0 0 0 -13 -14 3 545 85 -179
1 10373 171 30 3 5 0 0 0 0 -8 -6 1 254 37 421
1 10896 162 56 -6 -3 0 0 0 0 -9 -8 2 1 0 -490
1 10360 160 26 7 4 0 0 0 0 -12 -5 6 51 10 7
1 10365 150 64 0 -2 0 0 0 0 -16 -12 4 5 -21 -535
1 10361 144 75 -1 5 0 0 0 0 -21 -8 9 113 0 -696
1 10895 132 72 -1 0 0 0 0 0 -21 -8 7 36 -12 -101
1 10379 131 51 -6 2 0 0 0 0 -11 -1 5 -75 -63 -1064
1 10372 127 49 0 -6 0 0 0 0 -16 -5 5 -54 -105 -493
1 10366 133 48 1 0 0 0 0 0 -17 -2 8 87 -22 -550
1 10907 130 56 9 0 0 0 0 0 -28 -2 11 303 70 -1205
1 10368 133 25 -13 1 0 0 0 0 1 2 0 -78 -16 -552
1 10365 152 61 7 -10 0 0 0 0 -24 -1 9 98 19 -977
1 10367 152 81 13 2 0 0 0 0 -37 12 21 268 62 -1041
1 10901 138 58 -12 11 0 0 0 0 -8 18 15 302 26 -546
1 10354 145 35 5 -4 0 0 0 0 -13 6 6 -256 -106 -926
1 10361 143 52 -1 5 0 0 0 0 -17 14 13 -55 -51 -1206
1 10371 134 22 -3 0 0 0 0 0 1 8 3 5 -75 -181
1 10908 141 19 1 2 0 0 0 0 -7 6 6 14 -8 -846
1 10360 145 7 -2 -3 0 0 0 0 1 0 -1 3 -4 -1466
1 10364 154 28 4 0 0 0 0 0 -9 9 6 -10 -4 -1621
1 10369 132 13 -2 4 0 0 0 0 -4 6 4 -10 -12 -1617
1 9022 134 -31 0 93 -9 1262 3 0 4 76 30 -151 -76 8651
1 10976 115 -48 53 84 61 113 0 2 -48 63 20 -85 -54 -11596
1 10001 96 21 6 -2 0 0 0 0 -6 7 3 -72 -43 -2025
1 10000 107 26 -1 -1 0 0 0 0 -6 8 1 -36 -29 -1962
1 9444 102 46 9 -90 39 -1159 1 0 -11 -70 -16 -44 -27 8477
1 14580 129 68 24 -80 0 -213 0 -2 -28 -50 -18 -21 -20 -12763
1 10360 77 37 -10 -1 0 0 0 0 4 13 4 17 3 -1330
1 10359 105 31 4 4 0 0 0 0 -7 15 6 2 -1 -1299
1 8843 79 -22 -2 107 0 1283 0 0 1 96 23 2 -2 8285
1 11157 88 -3 10 61 0 100 0 2 -8 61 6 6 1 -10756
1 10000 74 -14 0 1 0 0 0 0 -3 -6 -1 17 2 -1633
1 10000 74 -18 -1 3 0 0 0 0 3 -3 0 1 -1 -793
1 9403 60 2 2 -4 0 1 1 0 2 -3 0 0 -4 -1145
1 10622 77 -6 -6 3 0 0 0 0 0 0 0 2 0 -963
1 10000 78 2 7 -2 0 0 0 0 -2 -1 0 -8 -2 -1342
1 9417 64 15 1 1 0 -1 0 0 -4 7 0 -10 -5 -581
1 10582 74 2 -5 0 0 0 0 0 8 1 1 -37 -14 -1104
1 10001 63 -13 -2 3 0 0 0 0 -4 -3 0 26 5 -996
1 9998 76 3 13 -3 0 0 0 0 -7 0 -1 0 -2 -781
1 10001 70 0 -13 0 0 0 0 0 8 -2 1 -35 -8 -888
1 10000 60 14 3 0 0 0 0 0 -1 7 0 -5 -6 -1073
1 9996 78 -11 7 -1 0 1 0 0 -6 -6 -1 16 7 -752
1 10004 65 10 -5 -1 0 0 0 0 7 3 1 -3 -5 -709
1 10000 83 -8 -1 0 0 0 0 0 -2 -4 -1 9 4 -379
1 9422 59 14 3 2 0 -1 -1 0 -2 9 1 -20 -8 -359
1 10578 77 6 -3 2 0 0 0 0 0 4 0 -21 -8 -1105
1 10000 79 8 -2 -1 0 0 0 0 0 2 0 -23 -9 -450
1 9418 66 5 1 0 0 0 0 0 3 3 0 -5 -5 -915
1 10582 80 5 5 -1 0 0 0 0 -3 0 0 -5 -4 -1002
1 10000 71 -6 -4 0 0 0 0 0 1 -3 0 -18 -12 -234
1 9996 74 -2 -1 0 0 0 1 0 -1 0 0 -57 -26 -575
1 10004 84 -3 1 1 0 0 0 0 -1 0 0 -131 -51 -1088
1 9999 64 13 -1 -1 0 0 0 0 0 4 0 -94 -38 -37
1 9389 74 -9 2 5 0 0 0 0 -1 2 0 -7 -10 -447
1 10617 88 17 2 -4 0 0 0 0 -1 3 0 1 -4 -1437
1 10002 86 7 0 -1 0 0 0 0 0 1 0 -5 -2 -401
1 9423 74 -14 0 7 0 0 0 0 -2 2 0 -3 -6 -483
1 10576 83 18 0 -8 0 0 0 0 5 -1 0 -1 -1 -934
1 10001 83 19 3 -2 0 0 0 0 -5 5 0 -26 -14 -320
1 9423 69 -11 -3 1 0 0 0 0 2 -3 0 -14 -10 -306
1 10576 96 -3 -1 2 0 0 0 0 -1 0 0 6 0 -860
1 9999 77 -17 1 0 0 0 0 0 1 -7 0 -8 -7 -273
1 10002 92 -5 -1 -4 0 0 0 0 3 -5 0 -3 -5 -674
1 9999 88 -7 1 2 0 0 0 0 -5 -2 0 7 -9 -171
1 10000 82 -18 1 2 0 0 0 0 3 -4 0 5 -1 -638
1 13052 124 4 19 -27 66 -211 0 -4 -17 -26 -4 4 -7 7394
1 8182 50 2 45 4 0 0 -37 0 -42 6 -5 -5 -4 56
1 8480 63 21 -7 2 0 0 -44 0 3 9 1 -20 -8 726
1 9549 59 18 -5 0 0 0 -48 0 6 8 2 9 -1 -264
1 9561 56 7 -7 5 -1 0 -49 0 6 8 1 -3 -3 -333
1 10002 56 34 -7 -3 1 0 -52 0 7 10 1 -3 -3 -78
1 9999 47 15 -8 0 0 0 -50 0 6 6 1 1 -3 -70
1 10006 47 27 -6 1 0 0 -49 0 8 12 1 20 -4 -555
1 10005 43 19 -12 0 0 0 -50 0 11 8 1 4 -2 -71
1 9984 27 12 -2 3 0 0 -50 0 4 8 0 -14 0 -415
1 10008 14 33 0 -4 0 0 -50 0 2 9 -1 20 0 -126
1 9980 3 9 -3 5 -1 0 -50 0 7 8 0 5 -3 -194
1 10018 -14 10 -3 1 1 0 -52 0 2 5 0 -6 0 -551
1 14380 -41 33 149 13 329 92 -18 0 -130 21 -26 -40 -1 -2438
1 8144 -49 -60 233 5 1 0 -35 0 -204 -24 -112 13 2 767
1 9726 -37 -20 -36 -15 0 1 -49 0 27 -18 24 5 7 -175
1 8467 -50 10 7 38 0 0 -44 0 -7 34 -9 4 5 392
1 9278 -55 49 -2 -38 0 -1 -49 0 6 -14 7 -1 2 -119
1 10019 -58 -13 -14 20 0 1 -53 0 9 13 5 2 2 -704
1 9968 -70 -2 4 -7 -1 0 -51 0 -6 -6 -4 2 1 -440
1 10007 -75 -4 9 1 1 0 -53 0 -2 -2 0 2 0 -49
1 10004 -84 -4 -7 -1 0 -1 -53 0 1 -1 -1 4 2 -442
1 10007 -95 -5 3 -2 0 0 -53 0 0 -4 2 1 1 -611
1 9983 -91 -27 -11 -1 0 0 -54 0 8 -11 6 4 26 -29
1 10014 -109 -13 1 6 0 1 -54 0 -3 2 -1 -8 5 -806
1 19232 -204 -28 -9 -169 2 -1397 -36 2 4 -148 -9 4 10 -13098
1 10357 -118 -74 -12 -15 0 0 0 0 7 -39 -7 19 14 -542
1 9836 -100 -101 3 55 0 927 -4 0 6 9 6 13 6 8032
1 11174 -141 -88 17 109 0 437 0 2 -9 58 9 176 68 -8871
1 10002 -122 -59 -7 17 0 0 0 0 14 -6 9 105 47 75
1 10000 -119 -3 -6 -1 0 0 0 0 5 -2 2 10 5 -693
1 9043 -95 -26 6 71 0 1229 -1 0 -3 50 6 -7 2 8523
1 13888 -190 41 -1 108 0 163 0 -2 -13 97 -12 42 15 -10112
1 10348 -124 67 1 8 0 0 0 0 -5 32 -8 -40 -8 -480
1 10347 -140 91 -2 -7 0 0 0 0 -4 26 -11 29 16 -519
1 10908 -147 79 9 6 0 0 0 0 -5 31 -13 -1 -2 -159
1 9331 -114 81 -4 -67 0 -1230 -1 0 6 -23 12 6 2 8269
1 10669 -143 37 4 -99 0 -145 0 2 -1 -66 15 6 8 -8370
1 10000 -130 20 -11 -12 0 0 0 0 7 -2 6 7 2 -485
1 9999 -123 11 -1 -3 0 0 0 0 1 1 2 8 6 -502
1 8486 -98 27 0 -78 1 -1391 0 0 1 -56 5 38 25 8389
1 13902 -183 -55 -10 -104 0 -5 0 -2 1 -105 -13 28 19 -9586
1 10340 -126 -73 -5 -6 0 0 0 0 6 -30 -8 42 24 -430
1 11006 -134 -84 1 -1 0 0 0 0 1 -30 -8 -1 0 -812
1 9198 -111 -101 5 51 -1 796 -1 0 5 7 3 -11 -2 8452
1 11154 -152 -47 12 117 1 591 0 2 -12 77 16 -30 -7 -8505
1 10000 -128 -33 2 25 0 0 0 0 3 10 5 15 5 -526
1 10000 -136 -39 -4 -7 0 0 0 0 12 -18 4 19 23 396
1 8455 -92 -28 6 74 0 1370 -1 0 -5 49 4 119 42 8067
1 13888 -203 89 -2 113 0 21 0 -2 -16 120 -18 240 140 -9071
1 10340 -149 105 0 -4 0 0 0 0 -7 34 -13 76 53 -726
1 11007 -171 86 0 -1 0 0 0 0 -1 30 -9 32 24 -327
1 8704 -114 107 -1 -85 -1 -1405 0 0 3 -28 12 -11 4 8576
1 11295 -156 44 6 -88 1 -1 0 2 3 -57 14 -19 1 -7757
1 10000 -134 24 -10 -7 0 0 0 0 10 3 6 -31 -3 -344
1 10001 -139 3 -1 -1 0 0 0 0 2 0 1 -50 -9 22
1 8419 -101 28 0 -71 0 -1355 0 0 -1 -50 6 19 43 8420
1 13879 -175 -57 -14 -105 0 -9 0 -2 3 -106 -10 62 38 -9753
1 10343 -134 -90 -1 -3 0 0 0 0 1 -34 -8 263 101 -413
1 11012 -117 -91 0 -1 0 0 0 0 0 -32 -11 -222 10 -208
1 8461 -93 -108 9 76 -1 1380 0 0 4 25 10 -116 -20 7950
1 11538 -145 -66 11 92 1 3 0 2 -7 51 9 -50 -14 -7730
1 10001 -114 -32 -6 10 0 0 0 0 10 -2 7 -91 -13 -355
1 10001 -113 -33 1 3 0 0 0 0 5 -8 2 -205 -53 455
1 8391 -98 -30 3 64 0 1364 0 0 3 45 8 -236 102 8526
1 14064 -188 83 -6 114 -1 20 0 -2 -16 116 -14 8 69 -9170
1 10348 -123 86 2 4 0 0 0 0 -11 33 -13 11 30 -71
1 10890 -142 85 -2 2 0 0 0 0 -3 31 -12 -136 -3 -572
1 9173 -113 87 4 -56 0 -917 0 0 1 -12 5 -29 5 8855
1 11171 -132 46 3 -118 1 -477 0 2 2 -79 16 -115 -1 -8075
1 9998 -115 -8 -14 -16 0 0 0 0 9 -16 8 -123 -11 341
1 10002 -112 -14 -2 4 0 0 0 0 0 -1 0 -369 -56 492
1 9415 -97 26 5 4 0 0 0 0 -2 12 -1 -141 -23 280
1 10583 -101 40 -5 0 0 0 0 0 6 14 2 -517 -62 72
1 10000 -116 24 -2 -5 0 0 0 0 1 5 1 -148 -16 175
1 8837 -67 31 5 -73 0 -1249 0 0 0 -52 4 -145 -22 8023
1 13887 -147 -31 -8 -100 0 -121 0 -2 2 -94 -9 -159 -23 -8678
1 10355 -116 -56 -6 -4 0 0 0 0 2 -23 -6 -58 -9 341
1 11196 -106 -68 1 -3 0 0 0 0 -2 -25 -9 -35 -8 -116
1 11006 -109 -86 1 2 0 0 0 0 4 -29 -7 -42 -7 486
1 11945 -125 -113 26 138 29 1380 -1 2 -15 73 12 -55 -13 125
1 10621 -116 -33 21 34 0 0 0 0 -14 17 -4 -61 -8 951
1 10001 -123 -18 -5 5 0 0 0 0 8 -1 4 -21 -5 914
1 9999 -114 -4 -4 -2 0 0 0 0 4 -3 3 -10 -3 305
1 11166 -136 0 11 124 1 1385 1 -2 -16 96 -4 -144 -33 686
1 10620 -150 96 -3 59 0 0 0 0 -8 79 -18 -523 -112 383
1 10351 -130 92 -2 8 0 0 0 0 -3 38 -13 -194 -34 583
1 9816 -117 103 5 -65 6 -921 0 0 1 -12 6 -388 -74 9570
1 11175 -146 46 11 -112 2 -469 0 2 -1 -72 13 -1006 -188 -7824
1 10001 -117 1 -7 -11 0 0 0 0 2 -8 2 -1737 -279 1156
1 9999 -110 -36 -2 -3 0 0 0 0 -2 -15 1 -863 -161 768
1 10000 -116 -30 1 0 0 0 0 0 -3 -11 0 -1221 -219 298
1 10002 -108 5 -3 0 0 0 0 0 4 3 1 -329 -24 1131
