version: 66.11
glider: 175
mission: 9
dive: 88
start: 6 3 125 1 22 21
columns: rec,elaps_tms,depth,heading,pitch,roll,AD_pitch,AD_roll,AD_vbd,GC_phase,mag.x,mag.y,mag.z,sbect.TempFreq,sbect.CondFreq,sbe43.O2Freq,
data:
0 22398 -29 3450 -713 41 239 2100 1327 2 536 -10 -50 255149 164636 7611528
1 10008 10 50 -16 -62 0 0 261 0 0 -14 -15 44 -3 1432
1 9987 21 -3 -20 66 1 0 253 0 -2 0 -17 287 -3 2993
1 10008 80 90 -30 -89 -1 0 257 0 -2 -19 -21 -100 73 3838
1 10014 103 -3357 -9 -49 1 1 271 0 -2 -51 -9 2860 221 2676
1 9971 140 83 1 63 -1 -1 294 4 -1 -23 9 1896 692 2464
1 11486 314 25 14 46 574 0 64 -5 1 -9 17 289 206 1816
1 8543 308 119 242 -37 1940 689 3 5 -28 -29 216 356 128 -2160
1 15548 425 -45 235 203 -5 643 3 -2 -100 137 186 3089 711 -7785
1 10361 215 -37 30 -5 0 0 0 0 -17 13 15 271 70 744
1 10352 180 -45 6 4 0 0 0 0 -1 15 -3 357 76 732
1 10348 186 -89 3 1 0 0 0 0 5 23 -8 187 45 923
1 10971 174 -105 0 1 0 0 0 0 0 28 -9 238 46 120
1 8825 160 -128 1 -90 71 -1423 4 0 -3 -30 13 375 55 9779
1 11175 157 3535 53 -93 5 -2 0 2 -38 -51 43 285 43 -9355
1 10000 131 -2 9 0 0 0 0 0 -5 1 4 107 18 -1254
1 10000 133 -13 2 -1 0 0 0 0 -2 2 2 38 8 -106
1 8814 118 -64 6 -87 38 -1329 0 0 -3 -54 5 195 19 9554
1 14564 172 28 28 -89 0 -16 0 -2 -18 -80 2 46 11 -10886
1 10366 104 57 2 7 0 0 0 0 -2 -9 -3 47 8 -1105
1 11011 127 -3547 -3 -4 0 0 0 0 2 -15 -4 -5 2 -584
1 10347 109 59 4 -4 0 0 0 0 0 -18 -6 72 5 -766
1 10355 110 66 -2 2 0 0 0 0 -1 -14 -5 1 1 -172
1 10353 120 68 -4 6 0 0 0 0 -2 -11 -3 3 2 -497
1 9906 116 76 1 69 0 956 0 0 -5 35 15 -4 -2 8411
1 11168 116 14 -5 101 0 405 0 2 4 78 15 31 1 -9068
1 9999 103 -35 6 7 0 0 0 0 -2 15 3 20 0 -268
1 10000 109 -52 3 -7 0 0 0 0 2 7 0 52 -1 -1007
1 9999 106 -40 4 -6 0 1 0 0 -1 5 1 67 7 -161
1 10000 87 -16 0 4 0 0 0 0 1 7 -1 176 21 -399
1 10001 102 -46 -3 -1 0 0 0 0 1 12 0 107 14 -890
1 8228 97 -45 -5 -98 0 -1346 0 0 4 -69 -8 0 2 8988
1 14633 152 76 1 -72 0 -17 0 -2 -2 -76 -21 25 3 -11101
1 10351 105 77 3 -1 0 0 0 0 -6 -20 -3 115 13 -1236
1 9169 113 94 -2 72 0 879 0 0 -4 33 14 85 10 8808
1 11182 109 59 -3 102 0 490 0 2 0 66 19 71 9 -9852
1 9998 94 16 8 -1 0 0 0 0 -7 -7 3 54 7 -646
1 10002 99 51 -3 1 0 0 0 0 -6 -10 1 40 5 -259
1 8339 83 41 -3 98 0 1379 0 0 -1 68 9 25 1 8183
1 13874 140 -34 9 80 0 14 0 -2 1 72 -4 34 5 -10999
1 10872 107 -28 0 -3 0 0 0 0 3 6 -2 31 4 -1504
1 10353 109 -57 9 -1 0 0 0 0 1 13 -4 38 3 -251
1 10346 109 24 -9 7 0 0 0 0 5 -2 -1 133 8 -1227
1 10351 102 -17 1 -4 0 0 0 0 -2 5 0 48 6 -826
1 11016 107 -42 5 -1 0 0 0 0 0 10 -2 230 18 -858
1 10354 104 -64 8 -2 0 0 0 0 -2 17 -3 360 43 -1382
1 10352 94 -69 -1 2 0 0 0 0 2 20 -7 180 46 10
1 9687 105 -78 -9 -95 0 -1255 1 0 4 -56 10 35 19 7803
1 9967 101 -37 -39 -83 -36 -138 -1 2 33 -61 -18 15 4 -8906
1 10616 120 18 0 1 0 0 0 0 -1 -4 0 278 43 -667
1 10000 107 -26 2 -2 0 0 0 0 -1 5 1 129 15 -1199
1 8426 113 3537 -2 -94 0 -1348 0 0 4 -60 -4 152 12 8284
1 14897 168 -3562 -2 -82 0 -18 0 -2 1 -72 -19 7 3 -11110
1 10340 127 38 2 3 0 0 0 0 -1 -7 -1 -28 -9 -1031
1 10337 125 28 -4 4 0 0 0 0 0 -3 -1 8 -16 -671
1 10347 132 36 3 -3 0 0 0 0 -2 -12 -2 -154 -75 -607
1 10970 122 80 4 1 0 0 0 0 -8 -18 -4 15 -44 -965
1 9278 111 81 -4 87 -4 1265 0 0 -4 47 19 -12 -29 8198
1 10721 121 37 -1 88 0 97 0 2 3 58 14 -70 -31 -9036
1 10000 112 -5 2 -1 0 0 0 0 -3 1 2 -116 -62 -947
1 10000 104 -13 -2 1 0 0 0 0 3 5 -2 -29 -26 -593
1 8362 90 -14 -1 97 -1 1388 0 0 6 77 -2 -17 -18 8420
1 13876 136 -88 7 79 0 15 0 -2 -2 86 -12 -38 -16 -10657
1 10337 118 -42 1 -2 0 0 0 0 1 9 -4 -10 -10 -960
1 11162 107 -103 -1 -96 0 -1258 0 0 2 -48 10 6 -7 7067
1 8567 94 -28 -9 -79 0 -136 0 2 5 -56 2 4 -1 -8016
1 10623 99 -33 5 0 0 0 0 0 -4 9 4 46 7 -419
1 10001 98 3573 2 0 0 0 0 0 0 6 -1 38 6 -880
1 8728 87 -129 -11 -94 0 -1354 0 0 0 -46 1 134 21 8207
1 16734 196 -78 -8 -78 1 -19 0 -2 5 -42 -8 219 7 -11464
1 10354 109 56 16 -5 0 0 0 0 -8 -18 4 16 -33 -1151
1 10348 103 68 1 1 0 0 0 0 5 -14 -7 -6 -5 -150
1 10898 121 39 -10 -7 0 0 0 0 4 -14 -9 -9 -2 -712
1 11102 115 -3527 9 13 0 0 0 0 -3 -8 1 -3 -5 -924
1 10327 109 61 -3 -10 0 0 0 0 2 -21 -8 -7 -5 -891
1 10344 112 81 3 24 0 0 0 0 -6 -2 4 -29 -13 -195
1 10853 99 32 -3 -17 0 0 0 0 3 -20 -9 -17 -8 -587
1 9173 93 96 -4 75 -1 947 0 0 -3 33 13 -60 -30 7648
1 11002 94 45 4 102 0 429 0 2 -5 68 19 -6 -25 -8282
1 10617 88 43 -2 -4 0 0 0 0 -4 -14 1 -24 -46 -818
1 10000 87 15 2 2 0 0 0 0 -4 -1 2 -6 -9 -2
1 8514 76 66 -1 115 0 1378 0 0 -3 69 8 -1 -2 7816
1 13853 107 -60 3 64 0 15 0 -2 5 67 -8 -54 -20 -9919
1 11116 105 -44 2 -3 0 0 0 0 4 9 -4 28 3 -754
1 10775 98 -54 3 0 0 0 0 0 1 15 -4 5 1 -333
1 10346 90 -45 2 1 0 0 0 0 0 13 -4 -99 -34 -1005
1 10341 96 -41 1 0 0 0 0 0 3 9 -4 -17 -12 -111
1 8218 71 -57 -3 -102 0 -1380 0 0 1 -63 12 -30 -16 7844
1 11784 96 -39 -6 -79 0 -18 0 2 4 -53 -1 3 -7 -8300
1 9998 96 14 12 2 0 0 0 0 -4 -3 5 -29 -20 -654
1 10000 89 21 -6 3 0 0 0 0 -1 -1 -1 52 7 63
1 10000 92 12 5 -4 0 0 0 0 2 -9 0 73 5 -530
1 10001 84 43 -3 -1 0 0 0 0 -2 -11 0 -25 -7 -406
1 9999 98 28 0 1 0 0 0 0 0 -7 1 -8 -8 172
1 9422 76 28 -1 1 0 0 0 0 -4 -5 0 28 0 -313
1 10578 106 -6 1 1 0 0 0 0 1 2 0 24 6 -171
1 10000 77 -14 -1 -1 0 0 0 0 1 2 -1 93 22 -461
1 10000 93 34 -4 -3 0 0 0 0 0 -10 0 -75 -26 334
1 10000 104 -5 5 2 0 0 0 0 0 1 1 42 6 -567
1 10000 87 -2 2 0 0 0 0 0 -3 1 1 9 6 -225
1 9423 84 -1 -1 1 0 0 0 0 1 1 -1 64 18 -217
1 10579 102 -11 -6 0 0 0 0 0 3 5 -1 -13 -2 -381
1 10000 89 -36 1 0 0 0 0 0 3 8 -1 -13 -13 -41
1 9998 76 -2 4 1 0 0 0 0 -3 2 1 -27 -19 -201
1 10000 99 -9 -5 0 0 0 0 0 2 3 -1 -77 -27 -376
1 10001 89 -2 3 2 0 0 0 0 -1 2 1 -76 -31 106
1 9999 94 -19 1 -6 0 0 0 0 0 -1 0 -12 -9 -406
1 10000 88 -8 3 0 0 0 0 0 -2 2 1 -278 -95 -415
1 10000 90 -30 -1 6 0 0 0 0 3 13 0 16 -6 -165
1 10000 89 6 -2 -3 1 0 0 0 0 -4 -1 3 -2 -369
1 10000 91 4 2 -1 0 0 0 0 1 -3 -1 119 22 141
1 10000 90 19 0 0 0 0 0 0 -2 -5 1 102 31 -436
1 9421 91 19 -4 1 -1 0 0 0 2 -3 -1 26 8 141
1 10579 104 -3 2 1 0 0 0 0 -2 2 2 44 11 -317
1 10002 91 16 1 0 0 0 0 0 -2 -4 0 23 8 -116
1 9998 90 11 -1 -1 0 0 0 0 0 -3 0 -98 -31 -13
1 10000 86 -8 0 0 0 0 0 0 1 1 0 1 -6 -417
1 10000 88 6 2 5 0 0 0 0 -1 2 -1 -4 -4 -152
1 10000 92 5 -1 -3 -1 0 0 0 0 -3 2 -5 -3 98
1 10000 88 -14 0 -3 0 0 0 0 2 0 -2 -24 -12 -347
1 10000 90 4 -1 -2 0 0 0 0 -2 -2 2 37 15 67
1 10000 77 -3 5 7 1 0 0 0 0 6 1 2 -1 -8
1 10000 87 3 -6 -4 0 0 0 0 1 -3 -3 -145 -48 -297
1 10000 76 -15 3 -3 0 0 0 0 2 0 0 73 14 -103
1 9421 75 12 -4 5 0 0 0 0 -1 3 1 214 66 -28
1 10579 98 0 0 -2 0 0 0 0 0 -2 -1 21 9 -384
1 10000 78 -3 3 0 0 0 0 0 -3 1 2 -247 -71 -33
1 10000 96 -17 -1 0 0 0 0 0 2 4 -1 -288 -98 267
1 10002 69 0 0 3 0 0 0 0 0 3 0 -21 -15 -395
1 9999 92 -1 3 -2 0 0 0 0 -1 -2 1 -170 -64 -76
1 10000 77 7 2 -1 1 0 0 0 0 -3 0 222 44 -259
1 10000 72 18 -6 2 0 0 0 0 1 -2 -1 0 5 69
1 9999 87 1 5 -2 0 0 0 0 -2 -4 2 54 18 -185
1 10002 71 24 -4 0 -1 0 0 0 1 -5 -2 1 -3 -24
1 9419 72 18 2 -2 0 0 0 0 -2 -7 1 -66 -27 810
1 10579 86 30 -2 2 0 0 0 0 -2 -5 0 -52 -20 -298
1 9428 83 31 3 4 0 0 0 0 -2 -6 2 -59 -24 -45
1 10573 89 38 0 -7 0 0 0 0 -4 -16 0 58 3 -298
1 9999 82 65 -1 3 0 0 0 0 -8 -13 3 8 -2 -225
1 8573 82 52 0 99 0 1387 0 0 -5 64 10 -12 -10 7966
1 14673 139 -30 0 84 0 16 0 -2 7 73 -6 13 -4 -8997
1 10341 96 -58 8 -5 0 0 0 0 -1 14 -2 -30 -10 -428
1 10352 89 -78 2 2 0 0 0 0 8 19 -9 -24 -17 404
1 10342 87 -40 -7 -2 0 0 0 0 4 11 -6 -20 -9 -27
1 10860 85 -63 6 -3 0 0 0 0 -1 14 -3 -42 -19 -255
1 10895 85 -56 -13 -148 0 -1407 0 2 9 -102 8 -307 -96 -428
1 10622 89 -28 9 -31 0 0 0 0 -2 -20 3 -10 -11 -220
1 10001 72 -4 -3 8 0 0 0 0 -1 9 0 -95 -36 392
1 10001 80 -25 -3 0 0 0 0 0 2 7 -1 99 21 -211
1 8806 72 -9 3 -107 0 -1360 0 0 0 -85 -6 -94 -24 7861
1 13848 109 49 -6 -70 0 -17 -1 -2 4 -65 -23 -22 -9 -8313
1 10339 79 48 5 2 0 0 0 0 -4 -12 0 -4 -6 -201
1 10860 82 44 -2 -5 0 0 0 0 -3 -13 -4 -32 -12 -62
1 8635 55 62 -5 105 0 1385 0 0 0 65 21 -3 -3 8108
1 11366 59 20 13 70 0 0 0 2 -8 48 17 -17 -7 -7674
1 9998 54 2 -8 1 0 0 0 0 2 4 -2 -54 -19 -104
1 10001 48 -6 4 1 0 0 0 0 -1 1 1 22 5 160
1 10000 41 2 -1 -3 0 0 1 0 2 -4 -1 12 3 257
1 10000 45 -7 5 2 0 0 0 0 -3 3 3 -38 -14 311
1 10002 40 0 -4 0 0 0 0 0 2 0 -3 2 1 -195
1 9416 32 8 -1 3 0 -1 -1 0 -2 3 2 -24 -13 312
1 10583 30 16 3 -3 0 0 0 0 -1 -9 0 -35 -18 9
1 10000 19 26 -5 4 0 0 0 0 1 -2 -1 26 1 168
1 8818 21 41 -5 97 0 1382 1 0 1 64 2 44 10 7783
1 15036 3 -60 12 84 0 15 -1 -2 -2 83 -7 117 36 -9138
1 10335 4 -42 -6 2 0 0 0 0 7 12 -7 106 23 -301
1 10341 -7 -38 4 -6 0 0 0 0 -2 6 -1 -12 0 177
1 10336 -14 -64 -4 -6 0 0 0 0 7 10 -9 -34 -10 127
1 11540 -26 3399 -18 -86 0 -1397 1 2 9 -17 -1 -198 -87 -330
1 10618 0 -3571 1 -67 0 0 0 0 0 -59 10 -48 -50 -142
1 10000 25 61 7 -41 0 0 0 0 -2 -48 3 -7 -14 168
1 10000 45 118 -22 21 0 0 0 0 16 -13 -13 14 8 -35
1 9468 67 -58 16 2 0 -3 -1 0 -13 17 10 -12 -30 250
1 10623 79 -112 5 -40 0 0 0 0 -3 -5 4 -3 10 224
1 10000 79 2 0 -2 0 0 0 0 -2 -2 0 1 -10 162
1 8788 93 24 3 -84 0 -1375 0 0 2 -72 -8 -8 2 8231
1 14956 144 138 11 -57 0 -10 0 -2 -13 -79 -16 2 -2 -9381
1 9180 82 137 -9 99 0 969 0 0 -2 43 16 0 1 7557
1 11174 64 -35 -1 78 0 414 0 2 6 70 11 41 29 -6779
1 10000 32 22 -5 37 0 0 0 0 4 23 0 2 0 525
1 10000 43 38 -4 -6 0 0 0 0 -3 -13 1 -4 5 -223
1 8792 71 129 -34 112 0 1392 0 0 15 46 -9 -20 -15 8278
1 13873 124 -23 28 18 0 20 0 -2 -20 27 13 0 9 -8628
1 10354 86 -30 6 3 0 0 0 0 0 10 -1 6 -1 4
1 10987 125 10 2 -1 0 0 0 0 0 -6 1 -17 -6 121
1 13474 178 -14 30 -145 96 -1547 0 -2 -26 -108 13 3 -19 6659
1 8190 84 -89 76 -52 0 -1 -37 0 -51 -24 27 -6 -9 692
1 8178 57 -20 -17 9 0 1 -40 0 14 15 -6 4 1 1175
1 9788 36 -137 3 33 0 0 -50 0 6 66 5 19 1 807
1 9198 36 89 -52 -29 0 -1 -46 0 36 -47 -27 -1 -4 563
1 10010 45 103 110 31 0 1 -51 0 -99 -5 52 1 16 11
1 9967 4 109 -59 -40 0 0 -49 0 35 -62 -28 0 -31 10
1 10021 2 114 -19 19 -1 -1 -50 0 -6 -11 -1 -18 -1 452
1 9994 -12 29 -14 7 1 0 -49 0 4 2 -3 -1 0 69
1 9997 -4 -39 -14 13 0 0 -49 0 21 20 -5 -3 2 908
1 10017 9 -84 17 -10 0 1 -49 0 1 12 2 -9 2 -177
1 9988 -6 -50 -3 -13 0 -1 -51 0 11 1 -6 5 -1 772
1 10013 -27 -21 -14 2 0 0 -50 0 14 8 -7 0 0 106
1 13335 -58 -6 113 10 334 0 -28 0 -94 4 49 -4 1 -1519
1 8105 -81 34 262 12 0 0 -32 0 -258 -11 35 3 1 811
1 9713 -95 2 -33 -18 0 1 -49 0 29 -15 -2 -1 2 536
1 8837 -84 -48 23 12 0 0 -46 0 -11 23 4 1 5 618
1 10002 -92 5 -3 -14 0 -1 -53 0 2 -16 -4 -2 -1 127
1 9995 -109 -27 1 -7 0 0 -51 0 3 1 1 4 11 162
1 9995 -124 -40 -2 11 0 0 -52 0 10 22 4 3 12 227
1 10009 -120 5 -4 -5 0 0 -52 0 -1 -4 0 3 8 -185
1 9998 -125 3 -3 25 0 1 -53 0 8 22 4 3 17 7
1 10011 -115 8 -6 -13 0 0 -52 0 0 -14 -3 5 8 211
1 9988 -116 -65 12 -12 0 -1 -54 0 -5 8 2 -1 -5 -131
1 10009 -138 9 -36 35 0 0 -53 0 39 33 4 -2 4 33
1 11166 -151 -71 18 4 0 0 -35 4 -11 25 1 4 7 -8045
1 10003 -135 41 -16 9 0 0 0 0 11 -3 1 -1 1 -254
1 10000 -107 -93 5 -52 0 0 0 0 2 -24 -3 50 45 151
1 10001 -90 -60 12 7 1 0 -3 0 -12 25 3 8 19 179
1 9999 -104 -71 -15 -23 0 0 0 0 17 -1 -1 -22 -28 -92
1 10000 -58 68 1 11 0 0 0 0 0 -10 -1 29 26 23
1 10000 -47 30 -1 -6 0 0 -1 0 -3 -14 -1 3 2 10
1 10001 -68 -11 21 54 0 0 0 0 -21 58 3 -3 -4 3
1 9999 -94 -99 1 -3 0 0 0 0 4 27 -1 -3 1 65
1 8812 -80 3557 -13 -43 53 1 -2 -4 8 -31 1 22 6 8124
1 10008 -92 -37 37 35 0 -1 -52 0 -41 47 -3 -15 -3 470
1 10009 -121 40 6 -5 0 0 -54 0 2 -16 2 81 72 -275
1 9994 -151 -35 -13 -3 0 1 -53 0 9 7 0 6 5 -145
1 9995 -160 -10 1 0 0 -1 -53 0 0 3 -1 -7 0 371
1 9995 -160 4 -9 -2 0 0 -56 0 7 -3 0 -14 -3 355
1 12272 -231 -3486 14 135 0 1396 -32 2 -12 99 -18 -15 -4 -8748
1 10621 -213 111 -12 46 0 0 0 0 9 11 -4 -5 -1 -706
1 9175 -191 62 -4 -13 2 -253 -1 0 3 -32 9 -1 1 8345
1 11173 -225 -5 -18 -143 -39 -1136 -1 2 17 -140 14 19 7 -8286
1 9999 -167 15 -13 -5 0 0 0 0 13 -10 0 -5 2 710
1 10000 -169 -6 -5 -16 0 0 0 0 2 -12 -2 -9 -2 255
1 9999 -173 -17 4 -9 1 -1 0 0 1 -7 0 -3 2 157
1 10001 -161 -2 0 0 0 0 0 0 0 2 1 -4 0 -145
1 10001 -174 3 0 4 0 0 0 0 -1 4 0 2 2 -335
1 9999 -164 28 -9 -4 0 0 -1 0 3 -11 -2 20 28 -135
1 10000 -152 0 9 -8 0 0 0 0 -4 -12 -1 382 121 -23
1 10000 -144 34 0 10 0 0 0 0 -5 2 0 36 13 132
1 9999 -144 -11 -5 4 -1 0 0 0 4 8 2 4 9 -649
1 10001 -157 -1 1 0 0 0 0 0 0 0 0 40 17 206
1 10000 -135 -33 3 -6 0 0 0 0 1 3 0 9 10 -81
1 9997 -136 7 -3 9 0 0 -1 0 1 8 1 56 23 290
1 10003 -133 -9 0 7 0 0 0 0 3 9 0 26 4 -174
1 10000 -137 -42 0 -28 0 0 0 0 -2 -15 0 47 39 -249
1 10000 -132 -60 8 12 0 -1 0 0 3 29 1 457 181 199
1 10000 -135 -6 -9 3 0 0 0 0 3 7 0 184 87 139
1 10000 -120 -14 -2 3 0 0 0 0 2 7 0 156 55 -348
1 10000 -134 -20 4 0 0 -1 0 0 0 6 1 -94 -14 11
1 10000 -125 7 0 -9 0 0 0 0 1 -13 -1 -118 -18 276
1 10001 -136 28 0 7 0 0 0 0 -5 1 0 -207 -61 -248
1 9999 -114 21 2 3 0 1 -1 0 1 -5 0 6 22 -47
1 10000 -141 17 -1 3 0 0 0 0 1 -2 0 -11 -10 -88
1 10000 -139 -9 -4 -1 0 0 0 0 2 2 0 -13 2 171
1 10002 -139 25 -3 5 0 0 0 0 -1 -2 0 132 49 -350
1 9999 -153 8 5 -3 0 0 0 0 -1 -6 0 235 84 102
1 9998 -143 9 -3 4 0 0 0 0 1 1 -1 26 20 226
1 10000 -152 -15 1 -5 0 0 0 0 1 0 0 -20 2 -359
1 10000 -155 0 4 -6 0 0 0 0 -2 -7 0 -116 -15 85
1 10000 -152 -23 1 3 0 0 0 0 -2 11 1 44 18 69
1 10001 -162 4 -1 -2 1 0 0 0 0 -3 0 16 -1 148
1 10000 -153 -15 -4 5 0 0 0 0 2 10 0 -5 9 -82
1 10000 -147 -12 -1 -4 0 0 0 0 3 -1 0 41 21 -614
1 10000 -155 5 0 4 0 0 0 0 1 3 0 -5 3 69
1 10000 -150 1 4 6 0 0 0 0 -2 5 -1 -42 4 36
1 10001 -142 -29 -8 -9 0 0 0 0 3 1 1 10 7 49
1 9996 -140 -24 2 0 -1 0 0 0 1 7 0 3 16 -410
1 10003 -132 -39 -3 2 0 0 0 0 -1 14 0 48 36 92
1 10000 -140 -10 4 5 0 0 0 0 0 8 -1 56 32 -168
1 8469 -98 17 10 55 0 1386 0 0 -7 49 -5 32 37 8233
1 14665 -218 131 -5 108 0 11 -1 -2 0 66 -14 15 24 -9324
1 9178 -121 55 -3 -45 1 -968 0 0 1 -61 14 -16 1 7766
1 11165 -157 -1 8 -119 0 -444 1 2 -8 -119 5 -8 2 -7617
1 9999 -123 1 -7 -7 0 0 0 0 7 -7 -2 3 3 -488
1 10002 -134 10 2 -1 0 0 0 0 -6 -3 1 3 4 459
1 9416 -122 14 -3 3 0 0 0 0 2 -1 0 -35 4 144
1 10583 -140 47 3 1 0 0 0 0 -7 -14 -2 -343 19 -338
1 9999 -136 78 -6 3 0 0 0 0 -6 -20 -2 -204 41 333
1 8848 -98 -20 9 -68 3 -1359 0 0 -6 -62 -13 91 36 7265
1 13871 -201 -142 -12 -112 0 -23 0 -2 24 -63 -25 49 41 -8563
1 9179 -118 -65 -12 32 0 636 -1 0 18 48 17 101 112 7844
1 11157 -142 8 26 120 0 766 -1 2 -25 115 25 -57 13 -7749
1 10000 -122 -6 -5 13 0 0 0 0 6 15 1 6 8 169
1 10000 -128 5 -3 4 0 0 0 0 1 4 0 3 3 -331
1 9517 -119 19 1 2 0 0 0 0 2 -5 0 -1 1 595
1 10624 -129 -9 -1 0 0 0 0 0 2 3 0 -23 15 -230
1 10000 -137 -12 -3 2 0 0 0 0 1 6 1 -69 -3 136
1 9999 -140 1 -1 3 0 0 0 0 0 3 -1 -91 -3 -103
1 10000 -130 1 -2 -3 0 0 0 0 0 -3 0 -41 -5 62
1 10000 -131 8 3 3 0 0 0 0 0 0 0 -34 -10 -93
1 10002 -133 40 3 2 0 0 0 0 -6 -11 0 -189 -38 324
1 9999 -122 27 -3 0 0 0 0 0 0 -8 0 -24 -6 81
1 10000 -146 -1 0 -4 0 0 0 0 0 -3 -1 -105 -34 95
1 9999 -135 2 3 -4 0 0 0 0 0 -6 0 -131 -24 -70
1 10000 -121 44 -3 6 0 0 0 0 -5 -6 -1 -402 -46 249
1 10001 -142 -38 -2 -5 0 0 0 0 4 8 1 -123 -14 -2
1 10000 -141 -48 5 -2 0 0 0 0 0 11 0 -91 -6 153
1 9999 -139 -33 4 1 0 0 0 0 0 11 2 -19 -6 200
1 10001 -146 -61 9 7 0 0 0 0 -3 25 1 4 2 -133
1 10000 -141 9 -15 3 0 0 0 0 10 1 -1 -21 -4 326
1 10000 -143 -21 0 -12 0 0 0 0 4 -7 0 7 2 -406
1 10000 -149 -22 0 10 0 0 0 0 -3 18 0 6 2 245
1 8769 -111 43 1 64 0 1367 0 0 -3 51 -4 -7 0 8150
1 12745 -191 109 4 49 4 -952 0 -2 -7 15 -1 -99 -13 -1022
1 11169 -157 34 -4 -104 -8 -436 0 2 -3 -113 4 -367 -44 -7313
1 9999 -144 33 -5 -10 0 0 0 0 6 -21 -2 -248 -35 -213
1 10000 -127 24 1 -5 0 0 0 0 -4 -13 -2 -158 -21 216
1 8503 -104 -10 2 -68 1 -1366 0 0 -1 -65 -12 -82 -6 8135
1 13871 -179 -106 -14 -101 0 -7 0 -2 19 -63 -23 -5 -1 -8064
1 9165 -118 -68 -6 51 -1 956 -1 0 11 68 20 -3 1 8132
1 11167 -147 -3 21 103 1 422 1 2 -20 102 18 1 4 -7395
1 10001 -124 8 -2 11 0 0 0 0 4 8 1 -3 0 561
1 9999 -138 -11 -1 0 0 0 0 0 2 4 0 -11 0 752
1 10001 -114 -7 -3 2 0 0 0 0 1 5 1 -17 -1 204
1 10000 -131 -17 4 -1 0 0 0 0 -3 4 0 -54 -5 735
1 10000 -120 -25 0 1 0 0 0 0 1 9 0 -132 -11 470
1 8434 -90 27 10 75 0 1370 0 0 -8 66 -4 -547 -54 8654
1 12914 -178 134 -6 46 0 -954 0 -2 -4 5 -1 -359 -55 -548
1 11172 -146 22 1 -96 0 -418 0 2 -4 -102 5 -158 -28 -7303
1 10000 -142 21 -9 -16 0 0 0 0 10 -23 -3 -291 -49 480
1 9999 -128 12 -5 -3 0 0 0 0 -1 -5 -1 -211 -40 1173
1 10000 -119 9 1 -2 0 0 0 0 1 -6 -1 -244 -44 434
1 10000 -127 2 0 -1 0 0 0 0 -3 0 0 -34 -8 805
1 10000 -110 -17 -1 5 0 0 0 0 4 10 1 -13 -3 706
1 10000 -120 -56 2 -4 0 0 0 0 4 12 2 -48 -8 551
1 10001 -118 -42 -1 -1 0 0 0 0 3 12 0 -55 -9 679
1 10000 -122 9 0 -4 0 0 0 0 -1 -6 0 -266 -52 898
1 9999 -126 -23 1 5 0 0 0 0 2 11 0 -1470 -313 443
1 10001 -118 -69 7 -1 0 0 0 0 -6 20 2 -442 -101 538
1 9999 -110 -74 0 -5 0 0 0 0 1 17 -1 -765 -193 905
1 8810 -104 36 7 72 0 1381 0 0 -5 62 -5 -221 -71 10242
1 13890 -180 179 -7 104 0 21 0 -2 2 46 -9 -151 -39 -8751
1 8264 -102 38 -4 -70 0 -1407 0 0 -1 -80 14 -481 -122 9719
1 11737 -148 46 9 -98 0 -2 -1 2 -15 -112 -4 -1386 -317 -7229
1 10000 -131 -6 -11 -8 0 0 0 0 6 -4 -1 -1393 -304 251
1 9999 -128 9 13 16 0 0 0 0 -9 11 3 4 -75 859
