version: 66.11
glider: 175
mission: 9
dive: 40
start: 6 1 125 2 5 32
columns: rec,elaps_tms,depth,heading,pitch,roll,AD_pitch,AD_roll,AD_vbd,GC_phase,mag.x,mag.y,mag.z,sbect.TempFreq,sbect.CondFreq,sbe43.O2Freq,
data:
0 22186 43 285 -728 10 248 2012 669 2 534 -110 -50 262347 166531 7459284
1 9974 0 15 6 -1 0 0 284 0 1 0 12 5 -1 2779
1 10025 16 -109 -6 48 0 0 280 0 1 22 -17 37 -1 2853
1 9994 -2 -52 -17 -45 0 0 267 0 -1 9 -22 31 0 3331
1 9995 12 -7 -8 6 0 0 256 0 -1 1 -7 -109 0 1551
1 9986 75 34 -22 0 0 0 248 0 -2 -7 -12 -30 -1 1424
1 10017 92 16 0 18 0 0 257 0 0 -6 -2 0 2 2743
1 10000 124 13 -19 -4 0 0 283 0 -3 -4 -15 1161 128 493
1 12702 318 -41 27 -33 579 -4 201 -1 4 12 17 468 125 508
1 8448 324 81 226 -39 1936 0 42 2 -17 -24 203 75 15 1409
1 16484 531 73 241 205 -10 1421 77 1 -105 105 195 437 80 -5973
1 10316 261 -35 46 15 0 0 0 0 -26 26 23 62 14 311
1 10329 241 -37 11 -8 0 0 0 0 -7 7 5 280 64 636
1 10308 234 -68 18 10 0 0 0 0 -10 27 2 140 35 249
1 10937 219 -102 -3 -5 0 0 0 0 -2 22 -7 92 22 -135
1 9124 175 3508 3 -50 0 -750 7 0 -1 -13 9 -9 -4 5863
1 11175 201 -43 29 -122 55 -656 0 2 -22 -79 36 706 85 -5794
1 10000 140 3 8 -11 0 0 0 0 -6 -10 5 218 45 -225
1 10000 145 5 3 -2 0 0 0 0 -2 -3 2 71 20 287
1 8733 126 -26 5 -77 26 -1348 0 0 1 -55 2 56 12 5935
1 14577 185 51 20 -98 0 -16 0 -2 -15 -93 -8 139 36 -6970
1 10336 134 -3494 13 0 0 0 0 0 -9 -27 -1 152 22 -588
1 8727 118 95 -6 75 0 1360 0 0 4 37 8 19 4 5928
1 11273 126 100 -12 100 0 0 0 2 2 56 9 9 1 -5218
1 10000 116 -5 14 -8 0 0 0 0 -7 -7 5 26 -21 84
1 10001 120 -10 -12 11 0 0 0 0 5 14 -3 2 -3 362
1 8824 109 -12 -3 79 0 1289 0 0 8 66 -3 3 -8 4835
1 13859 163 -45 16 103 0 127 1 -2 -12 96 -9 -19 -13 -6485
1 10318 113 -89 -1 0 0 0 0 0 0 23 -7 -30 -6 377
1 10328 112 -102 14 -4 0 0 0 0 -13 24 0 -4 -9 -219
1 8664 104 3526 -16 -86 0 -1386 0 0 10 -52 11 -2 -4 5827
1 11335 123 -63 -9 -82 0 -16 0 2 3 -53 10 4 1 -5752
1 10001 129 -30 6 -8 0 0 0 0 -4 0 2 -23 -8 223
1 10000 111 22 -7 3 0 0 0 0 5 -2 -3 24 7 -95
1 8755 110 -70 4 -96 0 -1361 0 0 -2 -63 7 8 -4 5466
1 13843 165 69 -3 -82 0 -15 0 -2 10 -82 -18 38 3 -6091
1 10316 130 70 -5 2 0 0 0 0 4 -15 -6 69 11 -445
1 10326 132 63 7 8 0 0 0 0 -3 -9 -1 20 2 182
1 10972 133 -3551 -7 -1 0 0 0 0 8 -11 -8 125 25 -339
1 9124 129 58 -11 57 0 1008 -1 0 3 32 4 204 27 5758
1 11176 126 -18 14 105 0 371 1 2 -7 88 17 386 65 -5763
1 10000 107 -35 1 4 0 0 0 0 -4 12 3 352 50 345
1 10001 107 -25 11 -3 0 0 0 0 -6 4 4 67 14 -449
1 9998 100 5 -4 6 0 1 0 0 -1 4 0 37 8 -7
1 10000 101 -6 3 -10 0 0 0 0 1 -7 -1 11 7 -303
1 10000 110 17 -3 8 0 0 0 0 3 2 -1 173 18 56
1 10002 112 21 5 -5 0 0 0 0 -3 -9 3 260 15 -127
1 9998 113 -20 -4 1 0 0 0 0 0 6 -1 493 37 -34
1 10001 113 3531 2 -2 0 0 0 0 -5 15 2 -25 -24 -78
1 10000 109 -60 1 0 0 0 0 0 -3 14 2 -62 -50 -64
1 10000 113 37 1 0 0 0 0 0 5 -8 -2 227 24 -16
1 9999 111 7 0 6 0 0 0 0 -1 3 0 182 -30 87
1 10001 123 13 1 -4 0 0 0 0 1 -6 0 73 -9 -180
1 10000 107 30 -4 5 0 0 0 0 2 -4 -1 54 -25 -19
1 9999 126 -40 -1 -1 0 0 0 0 -3 9 1 -16 -35 -404
1 10001 117 -64 2 -3 0 0 0 0 -4 13 1 -32 -20 -168
1 10000 137 -78 2 -3 0 0 0 0 -5 16 2 4 -27 229
1 9999 110 -47 1 1 0 0 0 0 -7 11 2 13 -10 -733
1 8585 121 -63 -2 -91 0 -1362 0 0 3 -60 6 22 -9 5110
1 13836 174 62 -1 -77 0 -17 0 -2 6 -79 -11 97 3 -5945
1 10317 136 91 6 0 0 0 0 0 3 -21 -5 37 -19 -239
1 10317 155 68 -1 3 0 0 0 0 5 -13 -6 17 -6 -310
1 10873 142 51 -4 -4 0 0 0 0 4 -14 -8 30 -15 -607
1 10317 133 -3522 5 2 0 0 0 0 -1 -18 -3 31 -14 -64
1 8203 109 101 -8 95 -1 1387 0 0 -2 52 13 6 -10 5642
1 11797 144 44 2 79 1 1 0 2 -1 53 8 4 -8 -5785
1 10000 138 -1 5 0 0 0 0 0 -3 0 2 6 -3 -272
1 9999 110 -8 2 -5 0 0 0 0 0 -2 0 -1 -3 235
1 8199 98 39 -3 91 0 1375 0 0 2 64 -2 2 -5 5167
1 13834 171 -62 9 87 0 16 0 -2 -9 89 -12 3 -5 -6022
1 10827 109 -66 6 -2 0 0 0 0 -3 16 -3 4 -6 -653
1 10311 125 -63 -3 4 0 0 0 0 -2 19 -5 9 -8 102
1 8633 92 3511 -5 -99 -36 -1413 0 0 4 -58 16 4 -14 5115
1 11367 146 -45 -37 -77 -2 -2 0 2 30 -55 -10 41 -3 -5360
1 10000 130 -5 -3 -1 0 0 0 0 -2 0 0 10 -35 224
1 10000 131 -38 4 -2 0 0 0 0 -2 8 1 -46 -20 -20
1 8355 120 -48 2 -85 15 -1354 0 0 -1 -57 5 -225 -93 5257
1 14529 194 57 9 -87 0 -8 0 -2 -4 -85 -7 -174 -74 -6426
1 11769 156 62 4 0 0 0 0 0 -2 -15 -3 -53 -32 -585
1 10317 134 64 -5 -4 0 0 0 0 5 -17 -9 3 -9 -275
1 10336 133 -3544 -6 -1 0 0 0 0 5 -13 -8 -2 0 379
1 8061 115 84 3 102 -1 1372 0 0 -3 59 16 50 9 5167
1 11940 149 56 -1 63 0 2 0 2 3 35 5 -48 -15 -4855
1 10000 143 10 0 8 0 0 0 0 -3 5 3 -57 -21 -603
1 10000 131 41 4 7 0 0 0 0 -6 -5 3 27 3 443
1 8871 112 49 5 81 0 1260 0 0 -4 52 5 -18 -6 4926
1 14524 179 -51 0 90 0 132 0 -2 2 86 -14 -97 -32 -5789
1 10329 125 -76 3 -3 0 0 0 0 0 18 -4 -20 -8 -303
1 10319 127 -29 -3 11 0 0 0 0 2 15 -7 71 12 196
1 11114 148 -42 -4 -37 0 0 0 0 5 -19 2 63 20 -414
1 10835 126 -48 8 37 0 0 0 0 -8 42 -6 188 50 141
1 8164 101 3508 6 -98 0 -1389 0 0 -9 -53 22 -69 -16 5561
1 11836 127 -71 -28 -87 0 -11 0 2 19 -56 -3 -21 -4 -5309
1 9995 116 39 25 -2 0 0 0 0 -14 -10 12 120 14 233
1 10005 100 11 -11 9 0 0 0 0 9 5 -8 60 22 121
1 8193 107 -66 0 -105 0 -1358 0 0 -3 -71 4 -23 -3 5425
1 13843 166 63 -7 -79 0 -17 0 -2 11 -76 -23 -9 -8 -5961
1 13026 170 69 6 4 0 0 0 0 -6 -15 2 108 29 -812
1 10878 134 -3566 5 3 0 0 0 0 2 -6 -3 -52 -11 -4
1 9160 112 81 -11 55 0 1031 0 0 2 25 3 -86 -29 4735
1 11157 130 64 1 112 0 356 0 2 -3 73 15 14 0 -4732
1 10000 120 86 6 0 0 0 0 0 -7 -23 2 -55 -10 602
1 9999 115 -17 10 13 0 0 0 0 -9 17 9 85 10 -169
1 8413 96 21 -16 75 0 1378 0 0 16 52 -10 65 18 5812
1 13837 146 -81 14 86 0 16 0 -2 -9 92 -8 -117 -29 -6003
1 10317 100 -51 -12 4 0 0 0 0 10 14 -11 -12 -4 62
1 10841 142 -85 12 7 0 0 0 0 -13 29 -1 -63 -12 -322
1 9136 98 3477 4 -81 -1 -1013 0 0 -5 -33 15 52 4 5390
1 11183 126 -13 -10 -96 1 -386 0 2 12 -76 7 109 23 -5053
1 9999 113 57 -10 4 0 0 0 0 8 -10 -4 50 12 346
1 9999 120 -3568 3 5 0 0 0 0 -2 -4 1 36 9 153
1 10002 114 31 15 -14 0 -3 -1 0 -7 -20 7 -52 -8 101
1 9999 116 -3 -16 11 0 0 0 0 11 11 -9 112 16 129
1 9999 122 11 8 -2 0 0 0 0 -9 -4 6 -4 2 377
1 9421 104 -1 1 -4 0 0 1 0 1 -4 0 17 3 395
1 10579 141 -26 -1 -15 0 0 0 0 0 -6 0 9 2 -264
1 10001 112 26 -2 27 0 0 0 0 1 17 -1 -15 -5 -278
1 10000 120 30 0 -10 0 0 0 0 -1 -17 1 3 2 97
1 10000 114 -8 6 -4 0 0 0 0 0 -2 0 -31 -13 313
1 10001 122 -4 -5 -2 0 0 0 0 1 0 -1 -5 -6 -13
1 9999 114 20 4 6 0 1 0 0 -4 1 3 -8 -2 223
1 10000 126 2 -5 -1 0 0 0 0 3 -2 -2 -15 -7 24
1 10000 107 -17 7 0 0 0 0 0 -3 4 2 -50 -11 -37
1 10000 112 -23 -5 -2 0 0 0 0 3 4 -3 -48 -20 486
1 10000 118 16 0 1 0 0 0 0 -1 -3 2 0 -3 67
1 10000 108 11 3 -4 0 0 0 0 0 -6 0 23 3 -145
1 9418 96 3 2 -6 0 -1 0 0 0 -6 1 -12 -2 636
1 10582 116 22 -6 11 0 0 0 0 1 4 -3 9 2 86
1 10000 121 13 2 -3 0 0 0 0 -3 -6 2 147 23 134
1 10001 109 16 -2 1 0 0 0 0 4 -3 -1 58 26 -90
1 9999 108 15 -3 0 0 0 0 0 0 -4 -1 44 12 309
1 10000 111 17 4 3 0 0 0 0 -2 -2 2 22 3 -145
1 10635 108 30 -7 126 0 1410 0 -2 5 93 -12 -54 -16 -236
1 10621 112 -42 13 52 0 0 0 0 -8 53 -7 -48 -12 -98
1 11219 124 -88 0 -8 0 0 0 0 -3 16 -4 36 7 -196
1 9133 99 3544 0 -17 0 -80 0 0 -3 1 2 139 35 5459
1 11185 117 -68 -13 -146 0 -1322 0 2 14 -101 16 23 10 -5028
1 10916 117 -27 32 -27 107 -207 -5 -4 -27 -16 19 80 19 4186
1 9678 65 14 58 -3 0 0 -46 0 -50 -6 29 -50 -12 722
1 8220 51 13 11 7 0 0 -42 0 -7 3 4 -114 -30 865
1 10001 50 57 1 1 0 0 -52 0 4 -13 -3 96 20 -83
1 10003 51 -3577 -18 -4 0 0 -52 0 15 -10 -7 81 23 174
1 10021 44 7 -4 -15 0 0 -52 0 3 -15 -1 12 4 -3
1 9973 53 3575 -8 17 0 -1 -50 0 4 22 -3 34 6 519
1 10003 52 3 5 -4 0 0 -51 0 0 -5 1 -95 -22 -121
1 9992 32 -6 -7 1 0 0 -49 0 4 3 -2 98 25 -204
1 10017 34 -35 -17 -11 0 0 -51 0 12 -1 -8 1 2 271
1 10014 38 -19 -6 10 0 0 -50 0 1 13 -2 -3 1 542
1 9997 26 -11 5 0 0 0 -51 0 -2 3 2 23 3 131
1 9188 30 70 -7 12 0 40 -46 4 10 -7 -5 4 2 433
1 12961 27 -3540 6 3 15 51 -1 -4 -2 -13 0 0 -1 -1367
1 7837 -21 27 344 8 322 0 -24 0 -315 -1 87 -1 2 975
1 10006 -44 -63 14 -5 0 0 -49 0 -17 14 -1 -14 -1 153
1 9981 -41 3518 -2 -3 0 0 -52 0 0 22 0 -4 -2 -52
1 9997 -53 27 -7 -2 0 0 -51 0 11 -10 0 -32 -2 52
1 10029 -52 -3481 14 12 0 0 -52 0 -12 -25 1 77 11 237
1 10003 -61 32 -17 -1 0 0 -55 0 17 -11 0 -8 2 226
1 9982 -65 -29 3 -11 0 0 -53 0 -7 -2 -1 4 1 -114
1 10002 -92 -35 -4 8 -1 0 -52 0 9 19 1 -26 -6 -115
1 10006 -100 -10 -8 0 1 0 -53 0 4 3 0 23 8 206
1 9984 -112 38 6 4 0 0 -54 0 -8 -7 0 5 2 -9
1 10028 -114 -49 -13 0 -1 0 -53 0 20 15 0 -372 -92 -203
1 10577 -130 -10 -7 -4 1 0 -36 4 2 -1 0 23 -2 -5291
1 10583 -114 -2 -5 0 0 0 0 0 3 1 0 16 2 50
1 10001 -127 15 1 0 0 0 0 0 0 -5 -1 -24 -7 149
1 9463 -108 3562 -4 9 -13 1 -2 0 4 21 -1 6 3 86
1 10621 -112 -10 -8 -9 0 0 0 0 4 -6 1 -14 -3 -284
1 10000 -124 -8 -1 3 0 0 0 0 3 6 0 5 0 -363
1 10001 -109 3 -2 -3 0 0 0 0 0 -5 0 -2 0 259
1 10000 -120 -14 7 5 0 0 0 0 -4 10 -1 8 3 -50
1 9999 -111 -17 -2 2 0 0 0 0 -1 7 0 -3 -1 -66
1 8178 -95 34 4 81 -1 1340 -1 0 -5 70 -11 -49 -7 5344
1 12691 -148 -3541 11 23 3 -982 0 -2 -7 5 -1 -16 -2 -715
1 11187 -136 3559 -2 -104 4 -383 0 2 2 -91 13 -4 0 -5634
1 10000 -112 -3594 -7 -7 0 0 0 0 8 -9 0 -211 -50 200
1 10000 -120 17 -2 3 0 0 0 0 -2 -2 0 -8 -4 -21
1 9999 -116 14 -1 4 -1 0 -1 0 3 0 0 31 13 -51
1 10001 -113 -15 0 -6 0 0 0 0 0 -1 0 33 11 62
1 10000 -106 -3 2 -1 0 0 0 0 0 -1 1 4 4 25
1 10001 -119 16 2 8 0 0 0 0 -2 4 -1 -12 -4 -300
1 9998 -98 -22 -8 -8 0 0 0 0 2 -1 1 45 19 281
1 10000 -107 25 3 3 0 0 0 0 0 -5 -1 -3 1 112
1 9996 -109 5 3 -1 0 0 0 0 -3 -3 0 -7 -1 -467
1 10005 -110 19 -1 1 0 0 0 0 2 -4 1 -72 -13 106
1 9999 -108 -59 -4 -3 0 0 0 0 0 14 -1 -49 -12 47
1 10002 -119 3572 8 -1 0 0 0 0 -4 7 0 -15 -3 -21
1 9999 -90 -47 -1 1 0 0 0 0 -2 16 -1 -74 -19 10
1 10000 -115 -18 -1 2 0 0 0 0 -1 7 0 -16 -6 -293
1 8327 -78 55 1 88 0 1357 0 0 -3 71 -13 -6 -1 5315
1 12684 -145 -3529 9 22 4 -992 -1 -2 -6 1 -1 -13 -3 -1044
1 11185 -132 -29 3 -99 1 -370 0 2 3 -90 15 -20 -6 -5254
1 10000 -103 3589 -15 -10 0 0 0 0 10 -6 0 -26 -6 243
1 10000 -100 -35 9 -2 0 0 0 0 -6 8 -1 -31 -6 88
1 9394 -100 -7 -18 -6 -31 0 0 0 13 -5 1 7 1 267
1 10619 -76 -20 -13 1 0 0 0 0 11 6 -1 0 2 -421
1 9999 -87 -16 -2 -1 0 0 0 0 1 4 -1 -27 -7 64
1 9373 -74 56 4 88 0 1232 0 0 0 72 -11 -2 0 5191
1 13865 -133 -3485 7 97 0 152 0 -2 -8 60 -18 -10 -3 -6247
1 8821 -71 23 7 -91 4 -1297 0 0 -2 -95 26 -6 1 5177
1 11178 -106 -22 -3 -82 0 -101 0 2 4 -75 6 -30 -3 -5402
1 10000 -79 -2 -8 -7 0 0 0 0 9 -6 -1 6 -1 481
1 10001 -78 -1 -5 -1 0 0 0 0 2 -2 0 -9 -3 -227
1 9999 -82 -5 2 11 0 0 0 0 2 13 0 -13 -1 -173
1 10000 -85 -18 3 -9 0 0 0 0 -7 -3 1 5 3 218
1 10000 -74 -25 4 -5 0 0 0 0 0 1 -1 -25 -4 -348
1 10001 -102 19 -9 8 0 1 0 0 5 4 0 5 -2 394
1 9999 -78 -27 2 -4 0 0 0 0 -1 4 0 -5 -1 -200
1 10000 -77 -6 -3 0 0 0 0 0 0 2 0 1 2 247
1 10000 -86 -14 5 7 0 -1 0 0 -1 11 -1 -12 -1 -289
1 10000 -95 3569 -2 -10 0 0 0 0 -3 -2 1 -4 -1 107
1 10000 -93 -47 2 -2 0 0 0 0 -4 12 0 22 9 74
1 8351 -54 7 11 87 0 1381 0 0 -11 85 -14 94 42 5373
1 14076 -145 -3483 -2 95 0 22 0 -2 1 58 -19 14 10 -6391
1 8083 -61 5 1 -87 1 -1388 0 0 4 -85 24 68 30 5070
1 11917 -109 -41 -10 -88 1 -4 0 2 8 -76 9 193 81 -5228
1 10001 -73 25 -1 -2 0 0 0 0 5 -10 0 141 58 319
1 9998 -69 38 -2 1 0 0 0 0 2 -10 0 71 33 108
1 8834 -74 32 0 -1 -1 1 -4 -4 -2 -10 0 59 32 4812
1 9985 -70 36 3 3 0 0 -52 0 0 -9 0 32 41 198
1 10018 -70 13 -6 -3 0 -1 -53 0 4 -7 -1 -18 6 247
1 9994 -71 -43 10 -6 0 1 -54 1 2 4 0 -45 16 -332
1 13689 -97 3454 -21 -121 0 -765 -8 -1 10 -75 -10 -40 8 -1353
1 9997 -89 4 44 117 39 760 -36 0 -42 116 12 -10 5 298
1 9999 -93 -23 -5 5 0 0 -55 0 0 12 -1 -15 10 269
1 9997 -105 -30 -5 3 0 0 -54 0 6 12 0 -80 11 -224
1 10000 -117 -33 -12 2 0 0 -55 0 4 11 -2 -55 17 459
1 11424 -139 -41 -1 0 1 0 -38 4 -4 12 -1 -56 9 -5308
1 10618 -126 -7 4 7 0 0 0 0 -3 9 -1 -18 12 -117
1 10000 -140 7 4 32 0 0 0 0 -4 30 -5 -18 9 23
1 8414 -116 21 1 72 0 1375 -3 0 -4 63 -17 -5 13 5655
1 14903 -229 -3430 -7 82 0 21 0 -2 22 31 -14 -72 12 -7197
1 9134 -144 67 8 -51 -1 -1000 0 0 -7 -67 24 79 -11 5427
1 11171 -175 -108 7 -145 1 -384 -1 2 -2 -113 16 -138 15 -5171
1 10000 -180 19 -8 15 0 0 0 0 1 11 0 76 3 -317
1 10000 -164 -5 -8 -33 0 0 0 0 11 -33 0 66 2 512
1 10001 -166 3572 4 7 0 -1 -1 0 -2 15 0 -26 14 120
1 9999 -145 -23 0 7 0 0 0 0 -2 14 0 -40 -17 -3
1 10001 -145 -103 -16 -3 0 0 0 0 2 26 -2 38 15 77
1 11417 -136 32 21 81 0 1386 0 -2 -18 72 -13 -170 -55 -585
1 10619 -186 -3480 24 105 0 0 0 0 -15 67 -21 94 13 -23
1 9119 -161 79 -11 -44 -1 -1009 -1 0 12 -64 21 -117 -24 4933
1 11186 -213 106 -2 -71 1 -384 0 2 3 -104 16 145 34 -4773
1 10002 -159 42 -14 -40 0 0 0 0 9 -53 -1 -249 -50 -223
1 9999 -152 -54 -6 -16 0 0 0 0 11 1 -1 -4 2 -4
1 8270 -104 -65 3 -79 0 -1365 0 0 -7 -59 -5 -173 -52 5392
1 12723 -178 3448 -15 -45 0 841 0 -2 22 1 -3 27 7 -1110
1 11163 -158 -33 18 104 0 525 0 2 -28 113 10 9 6 -4805
1 10001 -138 -21 -1 15 0 0 0 0 2 22 -2 -9 9 -109
1 10000 -134 -1 -6 7 0 0 0 0 4 8 -1 -47 0 162
1 9531 -121 58 6 65 -1 1240 0 0 -2 48 -8 -36 -15 4835
1 13579 -201 -3473 0 38 0 -881 -1 -2 5 -1 0 -74 -1 -1268
1 11171 -161 4 -9 -104 1 -364 0 2 6 -104 11 15 32 -4706
1 9999 -125 23 3 4 0 0 0 0 -1 -3 0 -20 -11 -4
1 10001 -150 0 2 -6 0 0 0 0 -4 -6 -1 3 10 272
1 9996 -148 14 -1 -7 0 0 0 0 1 -13 0 38 36 236
1 10004 -130 13 4 14 0 0 0 0 -3 11 1 31 36 -147
1 10000 -144 43 -6 2 0 0 0 0 3 -11 -1 19 24 585
1 8178 -125 -63 6 -78 0 -1362 0 0 -2 -60 -5 5 6 5030
1 13365 -189 -120 -7 -47 -1 958 0 -2 14 -11 -5 5 12 -1249
1 11160 -160 27 5 106 1 417 0 2 -12 99 10 6 13 -4772
1 9998 -141 23 -3 6 0 0 0 0 4 0 1 -248 88 228
1 10000 -137 46 7 2 0 0 0 0 -7 -13 0 -40 25 198
1 10002 -131 8 -5 -6 0 0 0 0 5 -9 -1 -2 6 -86
1 10000 -136 45 -7 7 0 0 0 0 -1 -4 0 -2 4 81
1 9998 -126 -6 3 -9 0 0 0 0 4 -10 -1 2 2 -104
1 8211 -97 -31 -3 -73 0 -1382 0 0 3 -63 -6 -9 13 5535
1 14044 -176 -72 -7 -28 0 1042 0 -2 7 -6 -3 -15 20 -1270
1 11171 -146 30 14 99 0 339 0 2 -16 90 10 -40 7 -4962
1 9999 -121 -59 -3 1 0 0 0 0 6 18 0 -425 -27 565
1 10001 -139 3542 -5 6 0 0 0 0 1 24 0 -172 -15 -49
1 9425 -108 -37 2 1 0 0 0 0 -5 11 -1 -23 -5 -50
1 10575 -137 -50 -3 0 0 0 0 0 -1 15 -2 -105 -10 -24
1 10001 -133 10 0 0 0 0 0 0 -1 -3 1 -598 -92 -24
1 8167 -91 44 1 75 0 1365 -1 0 -1 62 -11 -60 -13 5745
1 14723 -199 -3421 0 113 0 22 0 -2 8 58 -18 -119 -31 -6414
1 10843 -156 46 16 -111 0 -1399 1 2 -12 -123 29 0 13 204
1 10622 -137 38 -12 -76 0 0 0 0 7 -87 1 -189 -35 -275
1 10000 -123 28 -7 -15 0 0 0 0 8 -25 -3 7 -7 275
1 9999 -131 27 5 12 0 0 0 0 -9 4 1 -104 -11 406
1 8263 -94 -24 0 -76 0 -1376 0 0 2 -68 -10 -75 -12 6018
1 13866 -175 -94 -7 -82 0 -6 0 -2 13 -52 -17 -139 -22 -6097
1 10316 -127 -84 -2 -10 0 0 0 0 4 15 4 -108 -8 268
1 9702 -91 3506 -10 3 -1 46 -1 0 6 30 8 24 9 5157
1 11115 -143 8 25 148 1 1342 -1 2 -25 146 19 65 19 -4859
1 10000 -108 -22 -6 18 0 0 0 0 6 24 -2 -32 -2 778
1 10000 -118 -42 -6 -2 0 0 0 0 -1 10 -1 2 7 499
1 11279 -135 32 13 114 0 1395 1 -2 -12 104 -20 -2 3 -196
1 10618 -122 -3490 -3 56 0 0 0 0 7 22 -8 -161 -29 86
1 9151 -97 68 -1 -38 -1 -1042 -1 0 2 -56 17 -461 -68 5853
1 11160 -138 -11 0 -117 1 -362 0 2 4 -113 14 -304 -37 -5058
1 9999 -111 23 -8 -9 0 0 0 0 6 -16 -1 -40 -11 500
1 10001 -119 22 1 0 0 0 0 0 0 -7 0 -90 -21 731
1 10000 -97 36 0 -3 0 0 1 0 -3 -14 -1 -112 -22 545
1 9999 -120 30 -2 0 0 0 0 0 -1 -9 0 -124 -36 632
1 10002 -118 -1 1 0 0 0 0 0 1 -1 -1 -296 -71 561
1 8167 -99 -71 8 -72 0 -1359 -1 0 -3 -50 -6 -27 -14 5912
1 12879 -158 3412 -11 -69 -1 145 1 -2 9 -12 -4 -149 -19 78
1 11166 -154 -3537 13 135 1 1231 -1 2 -14 116 12 55 3 -4675
1 9999 -113 3510 -15 9 0 0 0 0 11 37 -3 -182 -20 237
1 10001 -130 -10 8 20 0 0 0 0 -9 22 -2 -3 -1 1018
1 9440 -100 -16 11 49 0 1268 1 0 -13 53 -9 -75 -9 6263
1 13902 -194 -3496 5 103 0 117 0 -2 2 69 -22 -22 1 -5008
1 9660 -131 79 -8 -34 0 -906 0 0 6 -54 17 -50 -7 6004
1 11174 -154 -28 -8 -128 0 -481 0 2 7 -118 19 -212 -49 -4683
1 9994 -130 -29 -4 -13 0 0 0 0 12 -5 -1 -1004 -157 977
1 10006 -132 -11 -2 -6 0 0 0 0 -13 -3 1 -27 -14 593
1 10001 -67 17 -155 6 0 0 0 0 194 -1 -45 97 8 -3124
