version: 66.11
glider: 175
mission: 9
dive: 187
start: 6 6 125 13 44 3
columns: rec,elaps_tms,depth,heading,pitch,roll,AD_pitch,AD_roll,AD_vbd,GC_phase,mag.x,mag.y,mag.z,sbect.TempFreq,sbect.CondFreq,sbe43.O2Freq,
data:
0 22724 -302 3136 -742 54 248 2094 1323 2 528 55 -51 255417 165160 7695770
1 10014 -3 -82 -5 -15 0 0 258 0 -4 13 11 -90 -2 -217
1 10013 34 -126 -16 13 0 0 252 0 -7 22 4 -112 -3 1413
1 10008 75 -10 -36 -43 0 0 256 0 -2 0 -20 -97 -6 3638
1 9981 90 -106 12 12 0 0 271 0 -3 16 31 268 -1 2214
1 10011 162 120 4 -32 0 0 292 4 6 -18 -16 384 40 -1203
1 11510 344 -53 17 31 477 0 75 -5 -3 11 18 28 20 1887
1 8540 333 129 256 -8 2029 350 3 5 -40 -14 195 1746 212 -2579
1 15584 428 -27 222 168 -7 970 4 -2 -136 119 110 2167 308 -9744
1 10391 213 -39 29 -9 0 0 0 0 -28 8 19 1443 210 264
1 10389 171 -2 -10 4 0 0 0 0 6 -2 -5 1176 264 1463
1 10385 145 45 -12 -5 0 0 0 0 18 -12 -6 1684 335 696
1 11043 153 -35 4 14 0 0 0 0 -11 12 -1 460 142 -394
1 10390 157 -43 2 -6 0 0 0 0 -8 7 3 86 49 79
1 10365 152 -26 -4 -1 0 0 0 0 -1 2 1 198 54 -564
1 10373 153 -135 39 22 0 0 0 0 -61 33 16 558 88 -1472
1 11025 162 -13 -21 -34 0 0 0 0 16 -18 8 30 11 -205
1 10383 126 -173 -9 29 0 0 0 0 -36 30 -3 71 8 -422
1 10378 138 -12 -3 -2 0 0 0 0 0 -1 1 69 14 -1027
1 10379 162 -59 -7 -26 0 0 0 0 -11 -13 19 60 6 -983
1 11610 188 -17 12 21 0 0 0 0 -12 12 -3 54 5 -1204
1 10385 167 -7 16 -2 0 0 0 0 -19 4 5 33 -1 -1502
1 10375 161 -59 -16 -4 0 0 0 0 0 -7 6 -9 -2 -2095
1 10378 170 -157 20 15 0 0 0 0 -64 6 21 105 -28 -2245
1 10928 180 65 -25 -31 0 0 0 0 39 -17 0 19 -8 -490
1 10380 196 -63 11 12 0 0 0 0 -28 4 6 7 2 -1726
1 10377 165 11 -5 1 0 0 0 0 9 1 -2 62 -3 -1571
1 10373 174 -186 17 47 0 0 0 0 -64 8 10 56 -28 -2199
1 10913 167 -48 -3 -54 0 0 0 0 -14 -51 38 27 -11 -390
1 10372 154 -8 -12 -63 0 0 0 0 10 -57 28 39 -8 -1662
1 10372 150 -40 -10 51 0 0 0 0 0 33 -16 -2 -2 -1984
1 10378 147 -19 -5 14 0 0 0 0 -1 7 -4 46 -6 -1314
1 10927 182 -27 4 4 0 0 0 0 -5 -5 4 7 -1 -2101
1 10366 166 -53 25 18 0 0 0 0 -32 -1 5 -27 0 -2045
1 10365 163 -5 -27 -29 0 0 0 0 23 -27 10 89 -12 -1537
1 10368 187 -63 23 13 0 0 0 0 -31 -11 8 30 -3 -1934
1 10920 171 -54 -23 -20 0 0 0 0 21 -39 13 77 -6 -3054
1 10378 172 -33 9 24 0 0 0 0 -12 9 -2 16 5 -1893
1 8899 149 -19 -8 -78 21 -1384 3 0 11 -83 21 218 -17 10165
1 11100 209 -22 72 -101 50 -15 0 2 -64 -108 11 808 -94 -13340
1 10000 146 -71 8 -10 0 0 0 0 -1 -40 -3 -9 1 -784
1 10000 135 -24 2 16 0 0 0 0 -4 6 0 66 -15 -1418
1 9685 128 -3 36 1 41 -2 1 0 -31 2 0 54 -27 -1637
1 10620 137 -1 -14 7 0 0 0 0 13 6 1 1 -16 -988
1 10000 122 -20 15 -28 0 0 0 0 -10 -37 -6 4 2 -1381
1 9999 122 -34 12 -6 0 0 0 0 -6 -18 -3 6 -6 -1003
1 10000 102 -54 -11 16 0 0 0 0 20 -5 1 -39 -34 -546
1 10001 103 -26 3 0 0 0 0 0 5 -8 -2 -39 -40 -998
1 9251 93 44 -3 -109 0 -1254 0 0 0 -87 -26 1 -12 9975
1 13877 142 70 -3 -66 0 -101 0 -2 -10 -38 -19 -2 -4 -13093
1 10374 115 34 -3 -1 0 0 0 0 -3 11 6 -1 -1 -764
1 10369 111 30 4 1 0 0 0 0 -7 12 4 3 0 -597
1 9736 112 1 5 72 0 832 -1 0 -11 67 23 1 -4 10871
1 11179 101 -22 -2 103 0 527 0 2 4 94 20 2 -5 -11450
1 10000 92 -2 4 0 0 0 0 0 -4 -2 0 -34 -34 -384
1 10001 103 -7 -3 1 0 0 0 0 5 0 0 -41 -26 -473
1 9995 95 -34 -4 2 0 -1 1 0 8 -11 -1 -28 -34 -481
1 10004 101 -10 9 -11 0 0 0 0 -8 -16 -3 -13 -4 -194
1 10000 97 -3 -2 8 0 0 0 0 2 6 2 -41 -29 -540
1 10001 95 -7 -2 0 1 1 0 0 6 -2 0 16 0 -408
1 10000 101 -10 1 0 0 0 0 0 -1 -3 -2 5 -2 -583
1 9999 84 18 -2 -7 0 0 0 0 -1 -1 0 17 -25 36
1 10000 106 -27 -1 6 -1 0 -1 0 6 -4 0 22 -5 -753
1 10000 80 -14 -1 -4 0 0 0 0 5 -8 -1 10 -4 23
1 10000 99 -22 7 -2 0 0 0 0 -1 -9 -2 -2 -13 -823
1 9085 87 37 -8 -100 0 -1251 1 0 4 -84 -22 5 -5 9865
1 13903 139 44 0 -68 0 -104 -1 -2 -8 -48 -24 14 0 -10775
1 10372 115 50 -1 1 0 0 0 0 -5 19 9 6 0 -363
1 10799 105 15 0 8 0 0 0 0 -4 12 6 17 1 -492
1 9192 113 -6 2 76 0 817 0 0 -6 70 21 -5 0 9891
1 11162 105 -23 -3 90 0 560 0 2 5 80 18 13 -1 -10423
1 10001 105 4 -4 10 0 0 0 0 4 13 1 28 -87 -351
1 10000 110 21 34 -7 0 0 0 0 -34 2 -3 -1 -7 -400
1 7989 85 -33 -20 4 0 0 0 0 19 -11 1 -5 6 9352
1 12011 107 -43 0 -10 0 0 0 0 8 -27 -2 6 -22 -9471
1 10000 89 -11 2 3 0 0 0 0 -3 -2 -1 1 -5 -401
1 10000 86 8 -7 -3 0 0 0 0 8 1 0 1 -1 -460
1 9417 90 -15 3 2 0 0 0 0 0 -4 -1 1 -3 23
1 10583 96 -5 -4 -4 0 0 0 0 6 -5 0 -1 -1 -688
1 10000 86 -11 0 5 0 0 0 0 0 0 0 2 -3 -734
1 12310 117 53 -10 -161 0 -1384 0 -2 9 -134 -40 -1 -2 -1311
1 10621 102 50 6 -15 0 0 0 0 -14 4 0 -1 1 -1441
1 9200 103 2 0 79 0 817 1 0 -1 76 26 2 -2 8890
1 11168 92 -6 10 97 0 560 -1 2 -12 93 18 -1 -4 -9809
1 10000 88 5 -5 0 0 0 0 0 2 2 0 -1 -2 -259
1 9999 82 14 1 -7 0 0 0 0 -3 -2 0 0 -1 -365
1 10001 105 5 -4 7 0 1 0 0 3 9 1 0 -6 -715
1 10000 90 -1 5 1 0 0 0 0 -5 1 0 -1 -5 -629
1 10000 101 41 0 -6 0 0 0 0 -3 10 0 1 -10 -639
1 10000 94 26 5 2 0 -1 0 0 1 14 1 -3 -6 -243
1 10000 100 11 0 8 0 0 0 0 -8 12 0 -2 -8 -722
1 10000 101 35 -3 -5 0 0 0 0 6 9 0 -1 -1 -1113
1 9006 91 0 4 102 0 1276 0 0 -4 102 -12 0 -13 9820
1 13872 138 -58 -5 75 0 126 0 -2 0 49 -13 -1 -8 -11182
1 10369 105 -28 8 4 0 0 0 0 -6 -8 2 -1 0 -429
1 10355 102 -47 -3 2 0 0 0 0 4 -17 5 -5 -9 -539
1 9195 97 11 0 -112 -1 -1276 0 0 7 -104 17 0 -7 10007
1 10805 115 52 -46 -78 -45 -136 0 2 42 -58 2 0 -3 -10169
1 9999 126 10 0 4 0 0 0 0 -3 8 1 -5 -11 -147
1 10001 119 1 8 3 0 0 0 0 -5 4 0 -8 -1 134
1 9421 115 -8 -2 -3 0 0 0 0 2 -7 -1 -3 -6 -183
1 10579 122 -4 -4 6 0 0 0 0 2 5 2 4 -23 -67
1 10000 96 -6 -3 0 0 0 0 0 2 -3 -1 -1 -3 -406
1 10000 108 26 -2 -4 0 0 0 0 0 6 0 2 -15 -116
1 10000 101 28 10 -5 0 0 0 0 -10 7 0 27 -25 -634
1 10000 101 9 -12 6 0 0 0 0 11 10 0 -4 -3 59
1 8548 97 -37 -9 109 -5 1389 0 0 7 94 -8 10 -9 9617
1 13903 161 -54 -17 23 0 15 0 -2 21 1 -1 -1 -7 -10886
1 11019 126 1 18 50 0 0 0 0 -20 49 -11 7 -9 -668
1 10371 123 41 -9 9 0 0 0 0 8 25 -7 13 -14 168
1 10361 125 -8 26 -45 0 0 0 0 -21 -46 12 -4 0 -851
1 10377 133 -46 -9 42 0 0 0 0 7 21 -5 4 -3 -248
1 9204 127 1 -10 -127 0 -1278 0 0 12 -124 20 1 -5 9561
1 10796 127 19 31 -69 33 -146 0 2 -29 -63 -2 -1 -3 -9797
1 10996 138 -3 50 -7 82 0 0 -4 -45 -7 -4 6 -9 8783
1 8209 62 -21 38 7 0 0 -37 0 -36 -1 -6 1 -1 402
1 9875 67 -33 -2 23 0 0 -49 0 4 11 2 2 5 -232
1 9739 67 32 -7 -17 -1 0 -51 0 7 -5 1 -3 5 676
1 10010 56 -1 15 19 1 0 -49 0 -20 18 -3 -3 0 -908
1 10000 34 40 -18 15 0 0 -51 0 18 32 4 2 -3 -128
1 10003 15 85 -30 -40 -1 -1 -50 0 22 -7 4 -2 2 -196
1 9993 10 73 18 8 0 1 -49 0 -9 37 -4 3 -3 -396
1 10006 -14 -37 1 13 1 -1 -49 0 -7 0 0 3 1 -13
1 9984 -31 -38 -11 -13 0 0 -51 0 11 -28 2 -1 1 -211
1 10009 -50 -56 -33 5 0 0 -49 0 29 -19 4 1 0 -160
1 9994 -48 5 -53 10 0 0 -52 0 53 12 3 -5 0 -283
1 10011 -54 102 20 0 -1 0 -51 4 -18 43 -2 1 0 -499
1 13375 -84 2 152 0 331 0 -11 -4 -139 -1 -21 -30 2 -1498
1 8213 -81 -48 221 4 0 0 -34 0 -197 -21 -98 33 0 614
1 9935 -60 -141 -28 -25 0 0 -51 0 32 -71 21 1 4 34
1 8458 -63 14 71 -12 0 0 -43 0 -54 -3 -45 1 0 482
1 10003 -107 -1 -4 27 0 0 -53 0 3 21 6 0 2 -138
1 10019 -141 -90 -6 -17 0 0 -52 0 13 -45 5 -1 7 -104
1 9996 -138 -70 -7 26 0 0 -52 0 14 -3 10 6 -3 35
1 9985 -145 -36 -15 7 0 0 -53 0 18 -6 12 -2 -2 -645
1 10023 -127 -69 -1 -28 0 0 -53 0 22 -38 6 -42 33 260
1 9996 -124 -30 -5 15 0 0 -53 0 9 2 6 -7 7 -959
1 9988 -115 -13 -8 2 0 0 -54 0 8 -5 4 3 1 -139
1 10014 -121 -25 0 3 0 0 -53 0 7 -3 3 -13 22 278
1 13198 -160 5 10 125 0 1287 -33 2 -14 103 10 -8 11 -10960
1 10622 -136 71 -10 38 0 0 0 0 -14 48 -6 1 4 -375
1 11013 -126 65 -4 5 0 0 0 0 -11 23 -10 -6 15 -535
1 10351 -124 56 1 6 0 0 0 0 -12 21 -11 -2 9 -628
1 10366 -125 70 -2 -4 0 0 0 0 -10 19 -10 2 7 -44
1 10344 -111 63 -1 5 0 0 0 0 -2 27 -9 1 2 -408
1 9847 -107 98 6 -59 3 -799 -2 0 -7 -12 -2 4 3 8941
1 11159 -137 24 4 -107 0 -550 -1 2 1 -75 12 1 3 -9661
1 10000 -103 3 0 -16 0 0 0 0 3 -12 2 2 6 -156
1 10005 -120 -16 -8 -1 0 0 0 0 3 -6 3 3 4 -364
1 8882 -90 3 1 -70 -1 -1210 -1 0 -1 -57 -3 2 -1 8863
1 13905 -170 -46 -5 -108 1 -210 0 -2 8 -102 -21 -1 -2 -9902
1 10358 -112 -69 -10 -20 0 0 0 0 17 -40 -7 2 0 -918
1 8685 -89 -94 4 87 0 1378 -1 0 4 36 19 0 -1 9492
1 11314 -138 -66 32 70 0 1 0 2 -14 38 4 3 1 -9187
1 10002 -127 5 -16 21 0 0 0 0 8 15 9 2 6 -117
1 9999 -102 3 -1 4 0 0 0 0 1 5 3 -5 -12 248
1 8567 -99 -40 12 75 0 1364 0 0 -3 50 6 2 0 8544
1 14903 -181 72 -6 106 0 22 0 -2 -18 101 -11 7 12 -10617
1 10362 -122 44 5 -14 0 0 0 0 -7 6 -6 2 2 -431
1 10359 -140 76 3 44 0 0 0 0 -11 57 -21 5 45 -235
1 9189 -132 111 -9 -42 5 -761 -1 0 7 10 2 2 -8 9583
1 11170 -193 44 7 -141 3 -632 0 2 -6 -95 15 -3 28 -9223
1 9999 -157 12 2 -8 0 0 0 0 1 -2 0 0 38 -186
1 10001 -142 20 0 -19 0 0 0 0 2 -9 3 0 9 -232
1 8807 -113 -6 -4 -79 1 -1373 0 0 2 -65 -1 2 23 8892
1 14748 -192 -88 -14 -93 0 -9 0 -2 12 -105 -19 -1 13 -10675
1 10359 -135 -72 6 -10 0 0 0 0 5 -30 -9 4 19 -257
1 9408 -110 -81 -13 6 -1 13 -1 0 19 -24 1 0 29 8834
1 10953 -133 -65 27 168 1 1361 0 2 -20 110 27 3 13 -8576
1 10001 -143 -1 -1 8 0 0 0 0 1 6 5 1 -7 104
1 10000 -138 9 -9 -7 0 0 0 0 4 -4 0 3 38 -270
1 9761 -136 -41 4 74 -1 1256 0 0 -1 44 8 -2 -9 9087
1 13901 -209 118 11 95 1 149 0 -2 -26 114 -22 5 42 -10902
1 11019 -152 80 0 21 0 0 0 0 -5 44 -12 -9 37 -670
1 8522 -121 102 2 -61 -1 -1403 0 0 0 -11 2 -11 33 10399
1 11478 -181 59 -8 -138 1 -1 0 2 6 -87 17 -19 34 -9776
1 10000 -139 25 11 34 0 0 0 0 -6 36 -7 -7 15 161
1 10000 -170 -22 -24 -54 0 0 0 0 18 -51 16 -12 34 374
1 8976 -119 39 -2 -47 -17 -1164 0 0 1 -24 0 -10 6 8790
1 14573 -222 -78 -16 -76 1 -206 0 -2 10 -90 -9 -8 9 -10063
1 10353 -124 -79 -11 -46 0 0 0 0 16 -65 -14 -136 70 -923
1 11013 -103 -45 23 12 0 0 0 0 -16 -1 -13 -43 -1 -458
1 9199 -101 -99 7 70 0 802 0 0 3 21 11 -58 10 10012
1 11168 -143 8 15 100 0 580 0 2 -16 82 15 -39 2 -9704
1 10000 -127 -14 -6 9 0 0 0 0 4 1 4 -29 3 557
1 9999 -125 112 -18 6 0 0 0 0 0 43 8 -286 46 -184
1 9415 -112 6 12 22 0 1 0 0 -5 21 -5 -221 39 380
1 10585 -133 96 3 6 0 0 0 0 -4 39 -3 -144 20 52
1 10001 -143 -12 13 -71 0 0 0 0 -9 -61 -8 -35 8 -182
1 9192 -128 -58 -26 -4 1 -1238 0 0 19 -25 12 -107 11 9355
1 13894 -189 -16 -12 -133 1 -149 0 -2 12 -112 -26 92 -6 -10185
1 10352 -145 -18 1 -7 0 0 0 0 4 -11 -3 -75 11 202
1 9173 -119 -128 -4 52 -1 818 0 0 20 -2 11 -66 -2 8796
1 11179 -177 -50 26 124 1 564 0 2 -21 82 18 -37 7 -8201
1 10001 -139 -62 6 28 0 0 0 0 6 3 5 -31 7 -133
1 10000 -158 -12 -26 -3 0 0 0 0 22 -9 12 16 2 321
1 8876 -114 -48 17 65 -1 1261 0 0 -8 37 4 31 4 9755
1 14721 -266 27 17 114 1 135 0 -2 -22 99 -8 43 -14 -10219
1 10354 -169 40 -44 9 0 0 0 0 25 23 14 -2 31 -616
1 10355 -134 20 18 19 0 0 0 0 -20 18 -15 64 -9 -401
1 10364 -160 101 25 0 0 0 0 0 -34 28 -31 -27 45 1394
1 10884 -172 64 -22 -37 0 0 0 0 12 -2 11 -84 4 -995
1 9195 -150 41 41 -36 0 -638 0 0 -25 -16 -19 66 -18 9542
1 11165 -233 79 -40 -139 1 -765 0 2 27 -79 28 -559 57 -8685
1 10001 -179 55 -9 1 0 0 0 0 8 20 6 -4 6 431
1 9999 -157 39 -14 4 0 0 0 0 10 18 9 -103 -19 530
1 8577 -113 43 15 -77 0 -1364 0 0 -4 -50 -4 -24 -1 9391
1 13863 -210 -59 -24 -115 0 -8 0 -2 11 -115 -14 -334 -7 -9790
1 10354 -141 -64 2 0 0 0 0 0 2 -22 -6 -12 -4 242
1 10993 -157 -75 -4 2 0 0 0 0 4 -24 -8 -29 -9 -803
1 10349 -160 -101 1 4 0 0 0 0 11 -31 -6 -105 -20 428
1 11126 -180 -137 21 133 0 1382 0 2 4 64 29 -141 -30 -442
1 10616 -181 -43 -1 47 0 0 0 0 4 22 10 -2 -5 507
1 10001 -170 -31 -3 5 0 0 0 0 12 -3 6 -118 -30 429
1 9999 -167 -14 -2 1 0 0 0 0 4 -4 2 -160 -41 913
1 8533 -137 -12 6 77 0 1370 -1 0 -6 60 11 -143 -22 10332
1 13933 -282 106 -2 111 0 23 0 -2 -27 121 -14 -1371 -242 -10055
1 11853 -220 83 -7 -17 0 0 0 0 -13 10 -9 -1601 -330 -677
1 10371 -177 1 12 -13 0 0 0 0 -6 -9 -2 -2101 -314 223
1 10359 -154 44 2 15 0 0 0 0 -4 28 -9 -739 -131 451
1 10375 -164 63 -8 3 0 0 0 0 -1 24 -6 -156 -59 696
1 9021 -122 68 4 -78 -1 -1255 0 0 -2 -37 6 -39 2 10565
1 10977 -155 33 -11 -97 1 -150 0 2 10 -67 12 -221 -33 -7722
1 10001 -132 0 6 3 0 0 0 0 -7 3 -3 -864 -126 1842
1 10001 -133 28 -12 -12 0 0 0 0 9 -1 5 -943 -145 644
1 8891 -123 56 -11 -120 -1 -1240 0 0 11 -81 1 -240 -39 10055
1 13898 -183 -26 27 -164 1 -123 0 -2 -17 -132 -65 74 -14 -10713
1 11013 -159 -39 32 53 0 0 0 0 -24 32 0 -156 -22 1890
1 10342 -164 -186 -70 58 0 0 0 0 69 -30 36 -361 -63 716
