version: 66.11
glider: 175
mission: 9
dive: 347
start: 6 12 125 21 7 23
columns: rec,elaps_tms,depth,heading,pitch,roll,AD_pitch,AD_roll,AD_vbd,GC_phase,mag.x,mag.y,mag.z,sbect.TempFreq,sbect.CondFreq,sbe43.O2Freq,
data:
0 16946 -761 1718 -741 35 242 2029 1174 2 429 -48 289 246542 163149 7758051
1 10011 -5 26 -5 -32 0 0 264 0 2 -9 -3 209 2 -1691
1 9997 18 17 -7 26 0 0 260 0 2 23 -4 -45 -2 1628
1 10000 77 37 -18 -2 0 0 259 0 13 14 -16 190 67 -340
1 10005 93 6 -24 2 0 0 279 0 11 2 -18 580 94 3068
1 9994 129 31 10 -19 0 0 293 0 -4 3 4 1978 368 -210
1 10524 302 -9 -6 59 13 1 198 -1 4 29 -11 520 111 178
1 9482 369 97 192 -117 2396 0 3 5 -115 -33 130 734 115 351
1 11189 346 -28 303 42 148 -1 4 0 -261 22 112 3533 604 -7931
1 10000 196 -34 55 4 0 0 0 0 -56 -10 8 2251 431 1782
1 10001 191 -60 -2 12 0 0 0 0 -2 -12 0 807 136 -203
1 7800 150 -144 40 -10 173 1 3 0 -33 -69 1 1735 269 15522
1 12199 118 -98 124 -5 1 0 1 0 -108 -42 -15 1957 293 -14057
1 10000 59 -54 18 -3 0 0 0 0 -8 -23 -5 1493 236 -1984
1 10001 51 -13 -1 4 0 0 0 0 5 0 0 839 182 -1259
1 9096 57 28 -17 -115 -46 -1174 2 0 19 -97 -24 227 98 12014
1 15922 93 82 -39 -58 0 -211 0 -2 22 -28 -10 47 71 -16173
1 10390 65 58 9 5 0 0 0 0 -17 25 8 58 44 -2090
1 10392 63 56 -2 5 0 0 0 0 -5 25 9 281 73 -1420
1 9202 64 47 -1 23 0 66 -1 0 0 41 12 235 50 11840
1 11192 63 -15 -50 145 -46 1343 0 2 43 137 24 154 40 -13776
1 9996 70 10 13 0 0 0 0 0 -7 5 0 107 26 -874
1 10000 57 18 -1 2 0 0 0 0 -1 9 0 158 -4 -926
1 9531 66 6 -1 -3 0 0 0 0 -1 -2 0 -28 -32 -670
1 10620 72 0 1 0 0 0 0 0 -2 1 -1 19 4 -1862
1 10000 60 -22 4 3 0 0 0 0 -3 -5 0 135 35 -2735
1 10316 77 0 -16 0 -32 0 0 0 15 0 2 24 14 -2307
1 10617 88 28 -20 -9 0 0 0 0 20 1 1 -160 -76 -2233
1 9999 70 7 3 7 0 0 0 0 -2 11 0 80 -17 -1902
1 9437 68 31 4 14 0 0 0 0 -4 27 -2 133 2 -1610
1 10563 69 -9 -14 5 0 0 0 0 17 1 0 -59 -3 -1415
1 10000 86 25 39 -35 0 0 0 0 -34 -27 0 71 10 -2183
1 9789 76 -57 -47 109 -3 1250 0 0 39 87 -10 65 5 10598
1 12735 88 -41 21 39 1 -249 0 -2 -23 22 -6 2 3 -2084
1 11174 97 38 -16 -139 0 -1041 1 2 17 -123 18 -13 -5 -15188
1 9998 97 -36 18 -4 0 0 0 0 -17 -20 0 9 2 -1743
1 10000 87 25 13 0 0 0 0 0 -16 11 -1 43 6 -1604
1 9421 87 -5 -5 14 0 -1 0 0 8 13 0 5 2 -1482
1 10578 90 22 -15 39 0 0 0 0 19 48 -3 37 8 -1446
1 10003 88 72 -3 -36 0 0 0 0 3 -7 1 11 -1 -1611
1 10932 91 13 7 79 0 1258 0 0 -3 83 -15 70 16 10351
1 13923 118 -70 8 103 0 144 -1 -2 -12 70 -26 61 13 -15593
1 10388 97 -17 0 -8 0 0 0 0 -4 -13 6 -1 -1 -1450
1 10377 101 -34 4 -7 0 0 0 0 -5 -20 7 -3 -1 -1673
1 10921 103 -28 7 -3 0 0 0 0 -1 -13 4 77 4 -1479
1 8701 82 21 -7 -100 0 -1377 0 0 1 -90 21 107 12 10860
1 11300 107 27 1 -71 0 -11 1 2 2 -61 5 622 27 -12857
1 10000 77 -9 -6 -5 0 0 0 0 4 -8 0 239 -41 -777
1 9999 92 1 5 4 0 0 0 0 -3 4 0 -16 -24 -934
1 10003 79 17 7 0 0 0 0 0 -6 7 0 28 -24 -1750
1 9997 68 4 -14 4 0 0 0 0 15 7 1 22 -8 -871
1 10000 72 9 3 -3 0 0 0 0 -7 -1 -1 -2 2 -1731
1 9734 80 -17 -3 0 0 -1 0 0 1 -7 1 17 -7 -833
1 10623 83 -8 3 2 0 0 0 0 -2 0 -1 6 -5 -1931
1 9998 79 6 -2 -2 0 0 0 0 1 1 0 12 -12 -1487
1 9443 75 8 5 3 0 0 -1 0 -2 6 0 3 -5 -1008
1 10557 76 6 0 -1 0 0 0 0 1 1 0 1 -1 -1227
1 10000 87 -9 0 1 0 0 0 0 1 -2 0 7 -5 -1508
1 9419 70 -27 1 -3 0 0 1 0 -3 -14 1 10 -6 -544
1 10579 85 -12 -1 -3 0 0 0 0 -2 -9 -1 16 0 -1380
1 10001 74 -38 -1 3 0 0 0 0 5 -12 0 60 5 -989
1 9423 60 -35 -4 0 0 0 0 0 5 -15 0 130 9 -937
1 10578 89 -23 5 1 0 0 0 0 -4 -8 -1 236 33 -1094
1 9998 73 5 -2 -1 0 0 0 0 1 0 0 108 38 -1145
1 9628 54 9 4 1 -1 0 0 0 -1 6 0 84 17 -1260
1 10617 90 16 -1 2 0 0 0 0 -2 8 1 64 24 -695
1 9998 71 19 2 -1 0 0 0 0 -1 8 -1 66 23 -1086
1 9424 71 5 3 -2 1 0 0 0 -2 0 1 157 35 -493
1 10578 73 23 -7 1 0 0 0 0 1 10 0 187 57 -1237
1 10000 72 26 4 1 0 0 0 0 -4 11 0 -19 4 -1301
1 10055 86 13 -7 -1 0 0 -1 0 10 5 1 110 36 -1033
1 9945 74 4 6 -1 0 0 0 0 -4 1 -1 129 31 -950
1 9999 74 11 -3 -1 0 0 0 0 -3 2 1 62 24 -416
1 10036 72 -7 5 1 0 0 1 0 1 -1 -1 -15 -4 -1594
1 9965 80 8 -4 0 0 0 0 0 0 2 0 -15 -3 -601
1 10001 77 9 4 0 0 0 0 0 -5 4 0 69 20 -1090
1 9624 70 -10 -6 0 0 0 0 0 5 -3 0 23 8 -708
1 10619 81 -6 9 -1 0 0 0 0 -5 -4 0 83 22 -2592
1 10000 76 9 -7 0 0 0 0 0 7 3 0 48 18 -596
1 9454 62 20 -1 1 0 0 -1 0 0 10 0 23 9 -810
1 10546 85 17 6 -1 0 0 0 0 -4 5 0 37 12 -1728
1 9999 82 6 -1 -1 0 0 0 0 5 2 0 -24 -11 -1672
1 9424 52 1 -2 3 0 0 1 0 -3 4 -1 -14 0 -371
1 10576 92 20 4 -3 0 0 0 0 0 4 0 36 3 -1639
1 10001 86 17 -4 3 0 0 0 0 2 11 -1 -141 -56 -1292
1 9047 63 -35 -1 100 0 1250 0 0 3 85 -14 -57 -29 10933
1 13921 103 -61 4 79 -1 147 0 -2 -8 51 -18 -126 -58 -13887
1 10366 72 -39 3 -4 0 0 0 0 -5 -19 6 -37 -18 -1650
1 9439 72 -3 -3 -100 1 -1273 0 0 2 -98 23 -152 -57 11006
1 10563 68 17 -4 -77 0 -115 0 2 7 -71 5 41 1 -11285
1 10000 70 -4 6 -2 0 0 0 0 -6 -4 0 -20 -10 -939
1 10000 60 1 -3 2 0 0 0 0 2 3 -1 -28 -14 -862
1 7983 69 2 1 0 0 0 0 0 -1 0 1 8 -1 11875
1 12016 82 11 -4 1 0 0 0 0 2 6 0 -35 -12 -12548
1 10001 61 6 -1 -1 0 0 0 0 -1 1 0 -23 -14 -947
1 10000 72 -4 6 3 0 0 0 0 -1 3 0 -32 -15 -270
1 9608 81 9 -4 -1 0 0 0 0 0 2 0 -44 -20 -667
1 10617 82 7 -1 -1 0 0 0 0 2 2 0 -20 -9 -19
1 10006 87 -11 4 3 0 0 0 0 -3 -1 0 2 -4 -705
1 9420 73 -6 2 -3 0 0 -1 0 -2 -7 0 -24 -16 -383
1 10579 86 -40 -6 3 0 0 0 0 5 -13 0 -1 -8 -920
1 10001 88 -29 4 -2 0 0 0 0 -1 -13 -1 52 3 182
1 9421 80 -25 -3 1 -1 -1 0 0 2 -10 1 40 6 -371
1 10574 99 -15 3 -2 0 0 0 0 3 -8 -2 62 18 -583
1 10005 92 -27 1 1 0 0 0 0 2 -9 0 67 11 -131
1 8985 74 18 -6 -103 0 -1280 1 0 7 -96 -17 16 0 10178
1 13919 141 82 -1 -79 0 -98 0 -2 -7 -44 -16 -27 -20 -11679
1 10364 110 36 5 9 0 0 0 0 -4 23 7 -15 -15 -1100
1 9057 97 -29 -8 104 0 1274 0 0 1 90 22 -11 -27 11485
1 10943 110 -1 4 70 1 102 -1 2 -2 71 6 -9 -17 -11691
1 10001 97 44 9 -4 0 0 0 0 -6 13 0 -15 -33 54
1 9999 107 21 -1 3 0 0 0 0 2 13 -1 -16 -23 -274
1 9437 95 15 -2 0 0 0 0 0 2 6 1 -6 -12 -193
1 10563 112 -1 -1 -1 0 0 0 0 1 -3 0 -86 -40 -89
1 10001 96 -44 0 7 0 0 0 0 -4 -10 0 -165 -71 -706
1 10000 103 -10 -4 -3 0 1 0 0 3 -7 0 -50 -39 -86
1 9999 89 -21 6 -9 0 0 0 0 -2 -18 0 5 -7 69
1 10000 82 -18 -4 2 0 0 0 0 5 -6 0 10 1 -158
1 10000 92 -5 6 5 0 -1 0 0 -7 4 0 41 17 -617
1 10001 76 -2 -5 -2 0 0 0 0 6 -3 0 30 10 3
1 10000 90 3 9 -5 0 0 0 0 -9 -4 -2 -13 -8 53
1 10000 101 -22 -6 -1 0 0 0 0 6 -10 1 -40 -20 -487
1 10000 94 -52 0 4 0 0 0 0 6 -17 -1 -91 -53 162
1 10000 80 -35 2 -2 0 0 0 0 0 -17 -2 3 -3 -555
1 9339 89 50 -11 -101 -1 -1274 0 0 7 -80 -15 12 2 10657
1 13898 125 51 9 -62 1 -100 0 -2 -8 -39 -15 -10 -5 -11713
1 10378 102 -14 -23 -15 0 0 0 0 22 -20 -6 -92 -52 -73
1 10372 106 44 10 5 0 0 0 0 -15 22 8 -17 -20 -1
1 9858 97 -4 13 54 -1 572 0 0 -11 51 13 -3 -4 9499
1 11179 114 -44 -9 123 1 810 0 2 8 104 19 1 -1 -10178
1 10000 90 -30 12 -3 0 0 0 0 -10 -16 -2 -1 -6 -98
1 10000 100 -19 -9 -5 0 0 0 0 9 -13 -1 -9 -5 -139
1 9625 81 26 3 -94 -1 -1277 0 0 2 -81 -14 -11 -6 10082
1 13906 134 33 -15 -77 1 -102 0 -2 14 -61 -21 -45 -27 -10852
1 10371 92 -17 7 20 0 0 0 0 -7 12 4 10 3 -334
1 10897 110 19 3 -9 0 0 0 0 -6 -2 0 -5 -2 -260
1 11030 98 18 0 -3 0 0 0 0 -4 4 1 -16 -13 -192
1 10365 102 -2 -5 -1 0 0 0 0 8 -1 0 -38 -25 8
1 10374 108 21 4 -6 0 0 0 0 -5 2 0 11 5 -173
1 10365 120 24 8 -8 0 0 0 0 -5 2 1 -21 -17 -122
1 9121 106 -24 1 107 0 1275 0 0 -1 95 24 -2 -3 10516
1 11218 124 0 4 77 0 103 0 2 -10 77 8 -2 -4 -10593
1 10618 107 40 -9 12 0 0 0 0 6 29 0 47 28 -446
1 9999 101 0 9 -9 0 0 0 0 -6 -8 0 -27 -20 193
1 9430 90 -8 -12 6 0 0 0 0 9 2 0 -84 -54 -357
1 10620 110 25 13 -10 0 0 0 0 -8 0 -1 -39 -23 98
1 10000 101 30 -3 3 0 0 0 0 1 16 0 -6 -13 -84
1 8451 74 20 3 3 -1 0 0 0 0 11 -1 -3 -4 10140
1 11548 102 21 -2 -3 1 0 0 0 6 4 0 0 -3 -10223
1 11955 120 27 29 -19 115 -217 -4 -4 -26 -9 -1 0 -2 9351
1 8501 44 23 82 -4 0 0 -39 0 -77 4 -15 0 -2 337
1 8364 45 3 -3 0 0 0 -43 0 1 1 0 1 -1 283
1 9997 42 -1 -4 5 0 0 -51 0 8 4 2 -1 -1 298
1 9999 49 17 -5 -1 0 0 -51 0 5 6 1 1 0 444
1 10012 38 7 -14 2 0 0 -52 0 15 5 2 1 0 -1
1 9984 41 16 5 3 0 0 -49 0 0 7 0 2 -1 18
1 10029 30 26 -6 -3 0 0 -51 0 9 7 0 -2 0 68
1 9973 29 1 -14 2 0 0 -50 0 14 2 2 0 0 -77
1 10015 26 32 -11 -1 0 0 -50 0 13 12 1 2 0 77
1 10005 7 4 1 4 0 0 -50 0 1 4 -1 -1 -1 -148
1 9988 -9 0 -6 -3 0 0 -50 0 6 -2 1 -1 1 216
1 10001 -7 -30 -7 5 0 0 -52 4 1 -5 2 0 0 111
1 14928 -32 -74 118 3 329 94 -10 -4 -120 -27 -24 0 -1 -1594
1 8154 -53 110 252 -4 0 0 -34 0 -195 24 -121 0 1 547
1 9607 -59 21 -33 25 0 0 -49 0 29 28 18 0 1 -82
1 8469 -40 -9 20 -20 0 0 -44 0 -17 -20 -9 0 1 463
1 8842 -71 -44 -6 10 0 0 -47 0 -2 -4 -1 0 2 412
1 10013 -82 -38 2 -5 0 0 -53 0 -5 -17 -2 0 2 563
1 9990 -99 -34 -10 1 0 0 -52 0 4 -9 4 7 10 -192
1 9990 -108 -13 3 5 0 0 -53 0 -3 -1 -1 21 15 195
1 10032 -116 -11 -14 4 0 0 -54 0 11 0 10 3 2 -285
1 9963 -115 -44 0 -12 0 0 -54 0 -9 -24 -5 28 17 -67
1 10008 -120 -35 -4 8 0 1 -54 0 1 -5 2 9 7 -197
1 10003 -142 -14 -2 0 0 -1 -54 0 7 -5 4 17 10 -31
1 11179 -153 0 -3 -5 1 0 -33 4 -2 -4 0 7 9 -10278
1 10000 -150 -15 5 -2 0 0 0 0 1 -7 -2 6 2 -518
1 9999 -147 8 -14 16 0 0 0 0 2 16 5 55 35 165
1 9872 -132 60 7 -3 -13 3 -4 0 0 18 -3 25 32 -698
1 10623 -137 39 -15 -19 0 0 0 0 15 -2 11 4 2 -586
1 9999 -135 -41 7 -8 0 0 0 0 -8 -20 -5 1 3 -291
1 9752 -133 31 2 -29 -17 -1152 -1 0 3 -13 4 11 11 10268
1 14601 -205 -50 -7 -113 2 -244 0 -2 3 -106 -12 17 9 -11919
1 10362 -144 -68 -14 -22 0 0 0 0 11 -42 -3 1 5 -1062
1 9204 -110 -76 2 30 -1 411 -1 0 2 -2 -1 6 1 10887
1 11164 -157 -77 14 121 1 947 0 2 -8 69 14 8 5 -10616
1 9996 -144 19 -1 34 0 0 0 0 -5 33 1 11 4 7
1 10002 -146 -23 3 -21 0 0 0 0 1 -25 -2 -1 2 -627
1 8837 -134 -25 -13 82 0 1329 0 0 9 56 11 6 3 11305
1 14729 -215 134 -1 118 0 68 0 -2 -10 138 -27 10 12 -13100
1 10366 -139 48 20 -1 0 0 0 0 -13 13 -15 8 1 -367
1 8770 -132 81 -8 -77 0 -1375 0 0 9 -27 20 -14 -4 10729
1 11230 -169 95 6 -56 1 -7 0 2 7 -13 5 46 34 -9774
1 9999 -138 51 -14 -42 0 0 0 0 15 -15 16 388 219 -331
1 10000 -120 7 -3 -8 0 0 0 0 4 -5 4 34 29 565
1 9369 -122 -30 -6 -68 -30 -1154 -1 0 -3 -64 6 11 30 10271
1 14601 -153 -91 -32 -113 2 -228 0 -2 12 -124 -6 10 41 -12774
1 11013 -125 -73 -1 0 0 0 0 0 4 -26 -5 14 17 -464
1 10364 -103 -70 -3 -1 0 0 0 0 2 -25 -8 3 2 -122
1 8809 -89 -100 8 88 -1 1390 -1 0 0 36 12 -11 -6 10887
1 11191 -118 -48 17 84 1 1 0 2 -13 51 5 18 14 -9883
1 10000 -108 0 -8 12 0 0 0 0 7 11 5 1 6 48
1 10001 -102 13 1 -2 0 0 0 0 -3 3 0 16 18 305
1 11535 -125 5 8 119 0 1385 0 -2 -12 97 -7 0 4 -763
1 10880 -118 54 -4 63 0 0 0 0 -2 69 -15 0 16 -479
1 11012 -139 86 -1 0 0 0 0 0 3 32 -8 -14 1 -290
1 11600 -137 103 7 -126 0 -1403 0 2 1 -63 17 15 14 -680
1 10620 -126 40 -2 -42 0 0 0 0 5 -20 9 -110 -12 84
1 9998 -102 22 -6 -8 0 0 0 0 4 1 1 -5 6 -71
1 10002 -108 -1 -7 0 0 0 0 0 4 0 3 81 42 356
1 11373 -130 -24 9 -125 1 -1374 0 -2 -13 -112 -6 96 43 -363
1 10620 -127 -86 -10 -62 0 0 0 0 13 -81 -13 161 62 -548
1 9182 -104 -110 2 42 0 600 0 0 2 -4 -1 101 47 10348
1 11185 -135 -63 11 121 0 784 0 2 -13 75 12 7 12 -9882
1 10000 -127 -60 2 16 0 0 0 0 7 -7 4 -3 4 370
1 10000 -112 2 -12 2 0 0 0 0 7 2 6 10 7 -130
1 8812 -91 -19 4 82 0 1324 -1 0 -7 57 1 -1 20 10423
1 14749 -182 84 4 100 0 73 0 -2 -9 113 -19 -185 -41 -11391
1 10360 -119 59 2 6 0 0 0 0 -2 25 -11 -107 -33 -603
1 10364 -127 65 -2 5 0 0 0 0 -1 26 -9 -120 -26 496
1 8831 -105 93 6 -83 0 -1280 0 0 4 -32 14 -74 -27 10238
1 11170 -130 34 -6 -96 0 -118 0 2 2 -64 16 -188 -55 -9763
1 9999 -116 -5 -5 -3 0 0 0 0 3 -4 4 -253 -57 19
1 10001 -109 1 -1 -3 0 0 0 0 2 -2 1 1 -8 -240
1 11285 -129 38 -2 -124 0 -1381 0 -2 1 -90 1 -471 -87 -396
1 10904 -126 -49 -14 -54 0 0 0 0 9 -63 -7 -41 -2 -215
1 10372 -115 -41 -4 -5 0 0 0 0 2 -19 -2 -53 19 -312
1 10359 -108 -66 1 0 0 0 0 0 -2 -23 -7 -27 8 553
1 9177 -94 -74 1 39 0 619 0 0 2 6 2 -17 13 10517
1 11171 -129 -61 21 124 0 754 0 2 -14 80 10 -14 2 -10387
1 10000 -116 -16 -6 13 0 0 0 0 8 6 5 -2 7 405
1 10000 -104 -8 -3 1 0 0 0 0 2 -2 2 3 14 277
1 8805 -93 -8 5 75 0 1326 0 0 -6 58 -1 -70 8 10113
1 14902 -183 121 3 106 0 74 0 -2 -7 129 -26 -282 78 -11025
1 9188 -115 91 -1 -20 0 -213 0 0 2 16 -4 -54 10 9751
1 11172 -132 60 2 -144 0 -1193 0 2 0 -94 23 -74 -3 -9927
1 10000 -114 -29 -10 -14 0 0 0 0 2 -21 6 -78 -10 436
1 10000 -110 -50 7 1 0 0 0 0 -4 -18 -3 -130 -15 187
1 8183 -79 -39 0 2 0 -1 0 0 1 -12 1 -67 -14 10173
1 11817 -156 -30 -3 6 0 0 0 0 0 -6 0 -82 -8 -10080
1 10000 -110 -36 -2 5 0 0 0 0 1 -10 1 -144 -43 599
1 10000 -108 -27 1 -23 0 0 0 0 4 -29 1 -76 -16 472
1 9422 -104 -32 1 5 0 1 0 0 1 -7 -1 -64 -20 659
1 10579 -115 -23 0 8 0 0 0 0 3 -1 1 -16 -4 -446
1 10000 -107 -12 3 -2 0 0 0 0 1 -5 1 52 10 515
1 9190 -106 -24 1 79 -1 1257 0 0 -3 54 1 -9 -2 10807
1 13896 -183 19 4 91 1 151 0 -2 -10 79 -13 -156 3 -11164
1 10358 -131 54 -11 -6 0 0 0 0 4 16 0 -27 1 -509
1 10366 -125 48 10 13 0 0 0 0 -6 27 -13 33 0 211
1 10917 -126 43 -8 2 0 0 0 0 5 17 -3 -125 14 310
1 9187 -93 73 -2 -18 0 -229 0 0 6 13 0 -68 14 9939
1 11164 -128 78 5 -143 0 -1174 0 2 -2 -87 23 -38 14 -9620
1 10000 -111 10 -6 -18 0 0 0 0 8 -12 7 -8 0 402
1 10000 -92 -1 -8 -2 0 0 0 0 3 -1 3 -22 -2 856
1 10066 -87 22 3 -78 -1 -1252 0 0 0 -59 2 -26 -1 9004
1 13910 -155 -44 -7 -100 1 -118 0 -2 1 -99 -12 -101 9 -10298
1 10354 -98 -43 -2 -5 0 0 0 0 2 -19 -6 -88 -8 -293
1 11987 -116 -119 -5 -5 0 0 0 0 6 -46 -11 -106 30 -38
1 8947 -74 -104 7 88 0 1275 0 0 1 35 12 -2 0 10785
1 11054 -110 -67 20 86 0 109 -1 2 -8 49 9 1 9 -9388
1 10000 -112 -19 -11 12 0 0 0 0 11 3 7 -465 -80 455
1 9999 -90 11 -3 3 0 0 0 0 1 7 2 -3 12 295
1 8982 -75 -6 4 77 0 1267 0 0 -5 62 4 -334 -60 10399
1 13904 -173 71 -2 104 0 120 0 -2 -12 108 -17 -2094 -370 -10992
1 10371 -112 107 -6 8 0 0 0 0 -3 45 -14 -776 -158 -120
1 9756 -116 129 -2 -48 0 -588 0 0 5 8 0 -572 -97 9923
1 11158 -117 73 7 -133 0 -819 0 2 -3 -82 20 -332 -47 -9060
1 10000 -118 12 -10 -12 0 0 0 0 12 -6 9 -339 -59 386
1 10000 -92 9 7 2 0 0 0 0 -4 4 -4 -359 -60 1222
1 9707 -82 40 18 -91 39 -1169 0 0 -10 -64 -3 -623 -94 10705
1 14598 -151 -60 25 -90 1 -199 0 -2 -24 -91 -28 -789 -119 -11616
1 10363 -98 -77 -8 3 0 0 0 0 1 -23 -7 -317 -47 186
1 11015 -116 -66 3 2 0 0 0 0 -5 -21 -7 -2298 -365 413
