version: 66.11
glider: 175
mission: 6
dive: 10
start: 5 31 124 21 33 44
columns: rec,elaps_tms,depth,heading,pitch,roll,AD_pitch,AD_roll,AD_vbd,GC_phase,mag.x,mag.y,mag.z,sbect.TempFreq,sbect.CondFreq,sbe43.O2Freq,
data:
0 16699 68 3555 -682 40 140 2140 555 2 670 -29 -91 258788 165465 N
1 5295 8 33 -17 5 0 0 152 0 2 -15 -7 43 -29 N
1 7020 -2 -3568 -1 43 0 0 200 0 0 -16 -5 -38 34 N
1 5288 5 7 -33 6 0 0 150 0 -2 -8 -26 -50 -23 N
1 5291 -9 14 26 10 0 0 147 0 1 0 30 -116 -5 N
1 5290 5 -13 -53 -32 0 -1 146 0 -2 -1 -50 20 -2 N
1 5945 2 21 50 -23 0 2 160 0 3 -4 29 -253 -1 N
1 5316 -1 -2 -39 60 0 0 139 0 -2 -9 -26 172 -11 N
1 5316 1 61 7 -62 0 0 135 0 -1 -16 8 184 -11 N
1 5319 4 37 6 -22 0 0 129 0 -1 -10 13 18 18 N
1 7198 7 18 5 11 0 0 167 0 1 -7 9 240 -9 N
1 5317 -1 1 -5 12 0 0 119 0 -1 -1 -1 6 -13 N
1 5322 5 -5 -1 -7 0 0 113 0 0 -2 -14 31 23 N
1 5364 18 -17 5 27 0 0 114 0 0 3 1 -199 11 N
1 6695 33 27 -24 -39 0 0 147 0 -1 -4 -11 1410 24 N
1 5316 43 5 -32 1 0 -1 126 0 -4 -2 -27 3264 394 N
1 5315 48 9 8 9 0 1 132 0 0 -5 8 1032 284 N
1 5323 32 1 -5 1 0 0 139 0 0 0 -2 175 250 N
1 5313 51 -4 0 -1 0 0 151 0 0 1 -2 148 271 N
1 9209 155 -36 2 11 10 -1 160 -1 3 10 -6 775 365 N
1 5590 152 2 69 -27 1311 -1 1 0 6 6 61 510 125 N
1 5966 176 -14 191 25 1242 549 2 5 -22 17 168 158 54 N
1 8924 217 -67 209 144 -6 886 3 -2 -89 122 152 472 72 N
1 5620 111 -23 61 19 0 0 0 0 -39 37 32 169 22 N
1 5001 80 -22 25 -3 0 0 0 0 -17 14 11 107 13 N
1 5000 70 -19 9 10 0 0 0 0 -8 18 1 50 9 N
1 4419 57 3578 3 2 0 0 0 0 -6 12 -2 23 6 N
1 5580 69 -23 3 0 0 0 0 0 -5 11 -2 13 8 N
1 5001 82 -16 5 -8 0 0 0 0 -5 4 3 1 4 N
1 5001 70 -29 -8 7 0 0 0 0 3 15 -12 0 6 N
1 4417 54 -54 41 -5 0 0 0 0 -44 30 18 41 4 N
1 5582 51 -35 -38 25 0 0 0 0 19 20 -30 2 1 N
1 5000 53 12 -8 -32 0 0 0 0 9 -24 10 2 2 N
1 13012 162 -34 14 -178 5 -1581 5 -2 -20 -95 66 0 4 N
1 6287 67 -25 71 -27 165 -4 -19 0 -64 -7 43 -2 2 N
1 5316 35 -34 69 5 -1 0 -25 0 -71 15 25 -2 0 N
1 5318 8 -25 -2 -7 1 0 -28 0 -11 0 5 3 1 N
1 5317 12 7 -20 14 0 0 -28 0 25 12 -14 -4 1 N
1 6868 33 8 35 -65 0 -1 -34 0 -33 -59 28 -3 0 N
1 7171 23 -55 -6 51 0 0 -38 0 -14 58 -11 0 0 N
1 7179 14 11 4 -18 -1 1 -37 0 3 -16 5 -4 -1 N
1 7173 19 -28 -22 28 0 0 -38 0 4 28 -12 -2 1 N
1 8060 19 -36 -22 13 1 0 -44 0 4 16 -6 7 0 N
1 7170 23 -58 21 -5 -1 -1 -38 0 -41 6 8 -1 0 N
1 9954 17 -26 -13 -28 1 1 -54 0 1 -21 9 5 1 N
1 9979 11 -40 -14 7 -1 0 -52 0 -1 13 -5 -5 0 N
1 10030 -1 53 -13 -2 1 -1 -52 0 31 -9 -5 5 1 N
1 9982 2 -23 43 26 -1 1 -52 0 -47 25 1 0 0 N
1 9887 15 -87 -90 -6 0 0 -53 4 44 -2 -9 -2 0 N
1 11676 -8 -91 190 -8 331 0 -1 -4 -203 -6 24 3 -1 N
1 8448 -53 124 197 23 0 -1 -37 0 -117 17 -30 -2 2 N
1 9998 -58 139 2 -3 0 1 -51 0 49 -18 20 -3 0 N
1 9987 -78 107 24 8 0 0 -50 0 15 -19 10 4 1 N
1 5316 -38 22 -35 -14 0 -1 -28 0 37 -17 11 0 1 N
1 5336 -40 8 -13 -14 -1 1 -28 0 14 -14 6 -1 -1 N
1 6507 -52 4 2 14 1 -1 -32 0 0 10 -4 0 2 N
1 5318 -37 37 13 11 0 0 -28 0 -3 -3 1 -6 1 N
1 5317 -51 32 18 -15 0 1 -28 0 -6 -24 6 2 -1 N
1 5330 -52 -20 -22 18 -1 0 -27 0 14 23 -5 1 1 N
1 6506 -61 -15 -26 -22 1 -1 -33 0 22 -12 5 -10 1 N
1 5335 -45 -14 25 8 0 1 -28 0 -26 11 -5 2 0 N
1 5335 -56 -25 9 -3 0 0 -27 0 -19 4 -2 1 0 N
1 5340 -68 29 -31 -22 0 -1 -27 0 41 -27 9 2 1 N
1 6516 -76 45 -6 29 0 0 -34 0 14 9 -1 -11 1 N
1 5335 -46 33 15 4 0 1 -28 0 -4 -9 2 10 0 N
1 5337 -56 6 -4 -29 0 -1 -28 0 4 -28 6 -35 -1 N
1 5325 -68 16 3 -6 0 0 -28 0 4 -12 1 1 1 N
1 6507 -68 31 -9 8 0 0 -33 1 16 -5 1 -10 -1 N
1 10435 -132 -53 -8 -164 4 -1426 -9 1 -5 -125 5 -32 -1 N
1 5618 -59 -24 -11 0 0 0 0 0 5 10 0 -18 0 N
1 4424 -58 -32 1 -12 0 0 0 0 -10 1 1 -64 -2 N
1 5000 -65 -25 -3 -5 0 0 0 0 -4 5 0 -71 -3 N
1 5577 -64 -29 0 -1 0 0 0 0 -11 8 0 -206 -10 N
1 4420 -43 -25 0 -3 0 0 0 0 -9 5 0 -18 -1 N
1 5579 -66 -20 -2 11 0 0 0 0 -8 14 0 -93 -11 N
1 4421 -51 -22 3 -1 0 0 0 0 -10 6 -1 -208 -14 N
1 5579 -64 -11 7 0 0 0 0 0 -4 6 0 -148 -13 N
1 4425 -44 -14 0 -1 0 0 0 0 -8 1 -1 -55 -5 N
1 5575 -62 -31 -4 -3 0 0 0 0 -8 4 -1 -82 -11 N
1 4421 -57 -15 -5 8 0 0 0 0 -5 8 -1 -223 -25 N
1 5580 -59 -9 8 -3 0 0 0 0 -9 0 -1 -133 -23 N
1 4420 -46 -11 -2 4 0 0 0 0 -3 5 0 -264 -28 N
1 5003 -53 -25 -4 -8 0 0 0 0 -5 -1 -1 -310 -41 N
1 4996 -44 -12 -2 -3 0 0 0 0 -8 -6 -1 -376 -44 N
1 5580 -69 -32 -2 0 0 0 0 0 -7 7 -1 -210 -48 N
1 4423 -43 -60 -8 -5 0 0 0 0 -15 3 -3 -336 -65 N
1 5579 -69 -10 19 40 0 0 0 0 -32 21 -8 -829 -210 N
