version: 66.14
glider: 194
mission: 16
dive: 251
start: 6 9 125 1 28 48
columns: rec,elaps_tms,depth,heading,pitch,roll,AD_pitch,AD_roll,AD_vbd,GC_phase,mag.x,mag.y,mag.z,sbect.TempFreq,sbect.CondFreq,aa4330.O2,aa4330.AirSat,aa4330.Temp,aa4330.CalPhase,aa4330.TCPhase,wlbb2fl.sig470nm,wlbb2fl.sig700nm,wlbb2fl.sig695nm,wlbb2fl.temp,
data:
0 10133 -1859 3121 -763 79 211 3282 382 6 524 94 -65 224228 167230 227519 82227 21302 31315 31315 599 127 241 565
1 4999 -7 41 11 -25 0 0 0 0 2 -9 7 826 -1 -177 -65 -1 9 9 -98 3 -4 0
1 5000 -2 10 -5 19 0 0 0 0 1 -4 -11 -4260 -17 937 147 -119 3 3 -7 4 49 0
1 5000 5 29 1 -16 0 0 0 0 2 -7 -2 3784 -3 -472 -45 78 -9 -9 302 47 16 -1
1 5000 9 16 1 5 0 0 0 0 1 -5 -2 -1282 7 -33 37 30 -11 -11 -438 -67 -25 0
1 5000 -1 -29 -7 42 0 0 0 0 -1 3 -8 -2780 -5 -306 -25 54 -8 -8 -4 7 11 0
1 5000 2 49 -4 -54 0 0 0 0 2 -9 -4 1369 -17 -318 -62 33 2 2 75 4 5 0
1 5000 -7 -43 -3 29 0 0 0 0 -2 7 4 -714 -8 14 72 41 -18 -18 58 11 18 0
1 5001 3 53 5 -57 0 0 0 0 3 -9 4 -174 -11 -600 -119 62 4 4 -69 -14 -6 0
1 4999 6 -23 3 40 0 0 0 0 0 4 -1 1504 1 -342 -36 55 -6 -6 38 45 -59 0
1 5000 5 48 11 -36 0 0 0 0 1 -8 4 4968 0 -261 -33 39 -3 -3 -7 -41 20 0
1 5000 4 -36 -18 53 0 0 0 0 -1 2 -15 -2946 -17 -69 35 38 -12 -12 3 -1 22 0
1 6526 -6 -34 9 29 0 0 1 -4 -2 8 9 -1489 -4 -392 48 120 -31 -31 45 6 28 0
1 5635 -12 25 1 -43 0 0 160 0 0 -1 0 -1797 -4 -778 -72 133 -17 -17 198 5 -32 0
1 5633 9 -6 13 -1 0 0 159 0 -1 4 13 4330 -34 -815 -152 91 3 3 117 29 24 0
1 5638 14 -47 -26 -18 0 0 158 0 -2 8 -5 -3451 37 29137 3588 -3985 317 317 -298 -38 -1 0
1 5656 4 -13 7 0 0 0 161 0 -1 4 8 96 -36 26150 7045 -926 -724 -724 -119 -7 -13 0
1 5634 -7 8 2 -14 0 0 157 0 1 -1 3 -1533 -5 20991 7251 139 -890 -890 -42 -11 -7 -1
1 5612 6 11 11 7 0 0 156 0 1 -2 6 465 -27 20784 3734 -1432 -126 -126 137 20 106 0
1 5618 23 20 1 11 0 0 154 0 0 -6 -5 237 -68 13859 3626 -367 -314 -314 -135 -15 -53 0
1 5643 20 11 -12 -15 0 0 152 0 0 -1 -13 2163 70 9424 2532 -205 -222 -222 448 21 36 0
1 5666 9 -6 -10 3 0 0 153 0 0 -1 -7 218 -132 3387 876 -85 -73 -73 -290 -13 20 0
1 5634 -1 -30 2 39 0 0 142 0 -1 4 2 -384 -75 8008 1965 -239 -150 -150 -71 -8 4 0
1 5643 -9 27 -1 -21 0 0 144 0 1 -6 -2 135 100 3878 1235 3 -123 -123 317 46 204 0
1 5641 36 -6 -3 -31 0 0 144 0 0 5 4 3702 -3 2686 659 -77 -49 -49 -341 -44 -266 0
1 5638 35 -106 -31 23 0 0 155 0 -6 19 -6 812 -619 7874 973 -598 26 26 139 24 107 0
1 5637 77 -165 -36 132 0 1 168 0 -8 16 -27 3059 -176 7070 1315 -345 -57 -57 -25 -13 -81 0
1 5637 110 276 17 -283 0 -1 186 0 9 -24 16 1297 24 7870 564 -714 92 92 -78 -11 120 0
1 10887 343 -26 4 96 5 1 145 -1 2 -4 -13 2182 280 1347 -2149 -976 413 413 -124 -10 -274 1
1 5843 237 -44 33 43 1320 0 0 0 0 7 31 546 207 -7319 -2823 -250 336 336 -43 -5 42 -1
1 5899 258 93 108 -50 1291 -1 1 2 1 -16 83 216 90 -10326 -3645 -234 428 428 -3 0 -39 0
1 8708 354 90 241 -130 282 -1440 0 1 -59 -81 201 864 231 -13537 -4599 -254 555 555 -4 -3 -49 0
1 5621 185 65 91 -38 0 0 0 0 -36 -55 53 135 46 -7807 -2569 -120 316 316 121 18 11 0
1 5000 136 -6 20 17 0 0 0 0 -13 6 16 842 223 -6339 -1979 -55 243 243 -122 -16 -14 0
1 5000 136 17 4 -7 0 0 0 0 -1 -11 1 344 48 -5364 -1825 -114 242 242 -16 -2 -62 0
1 5000 125 6 9 6 0 0 0 0 -4 0 4 279 68 -6675 -2230 -130 300 300 -17 -1 -21 0
1 4416 99 41 6 -13 0 0 0 0 4 -20 -6 88 26 -5658 -1754 -51 231 231 53 5 7 0
1 5621 143 77 21 -13 0 0 0 0 -5 -38 0 113 27 -6805 -2131 -75 289 289 -21 -2 -2 0
1 4999 96 68 8 -1 0 0 0 0 -2 -27 -5 82 16 -6152 -1843 -30 249 249 -8 -2 -9 -1
1 5000 114 -3554 -1 1 0 0 0 0 2 -16 -7 87 18 -5146 -1563 -36 217 217 -12 1 1 0
1 4437 96 37 -2 3 0 0 0 0 2 -12 -7 63 14 -4109 -1242 -27 177 177 47 4 2 1
1 5564 127 59 -1 -1 0 0 0 0 -3 -23 -6 59 8 -4730 -1424 -29 205 205 31 4 3 0
1 4999 92 54 3 5 0 0 0 0 -10 -19 2 43 6 -3949 -1184 -22 173 173 -42 -4 -1 0
1 5002 102 50 3 -4 0 0 0 0 -7 -21 -4 47 7 -3217 -954 -14 140 140 1 -1 -6 0
1 4453 96 50 -3 4 0 0 0 0 -8 -15 -1 31 7 -2572 -773 -16 116 116 44 8 5 -1
1 5546 105 51 -6 1 0 0 0 0 -7 -16 -3 18 4 -2989 -890 -15 134 134 -42 -8 -2 0
1 5000 99 67 6 -6 0 0 0 0 -20 -26 2 160 23 -2280 -662 -3 99 99 -12 -2 -5 1
1 4999 96 72 7 1 0 0 0 0 -26 -20 9 148 19 -2216 -679 -21 107 107 21 2 -3 -1
1 4423 90 47 0 0 0 0 0 0 -14 -12 3 52 13 -1568 -509 -31 85 85 20 2 10 0
1 8651 150 111 2 26 0 9 1 -1 -37 -9 23 309 47 -3217 -991 -36 160 160 -32 1 -8 1
1 8645 140 43 -3 144 70 1375 1 3 -14 91 68 148 23 -2508 -809 -48 137 137 54 2 6 0
1 5617 68 74 8 19 0 0 0 0 -31 9 21 376 30 -1921 -613 -33 104 104 13 4 -8 0
1 4424 84 43 7 8 0 0 0 0 -20 7 12 181 30 -1370 -455 -35 80 80 -50 -7 -5 -1
1 10576 155 66 8 11 0 0 0 0 -28 9 15 257 -23 -3809 -1245 -86 221 221 40 5 3 1
1 10001 145 66 -2 4 0 0 0 0 -20 9 10 137 8 -4190 -1293 -53 224 224 -9 0 2 -1
1 10000 163 92 3 -5 0 0 0 0 -30 5 10 227 -81 -3837 -1180 -49 208 208 34 6 -1 1
1 9999 154 25 1 9 0 0 0 0 -7 12 6 43 -15 -3757 -1126 -32 198 198 -39 -6 -2 0
1 10000 151 23 -4 1 0 0 0 0 -3 3 2 -68 -89 -3553 -1035 -12 181 181 53 6 -2 -1
1 12156 183 22 27 68 52 645 0 -2 -30 63 20 17 -35 -3638 -1056 -11 188 188 -13 1 -6 1
1 10618 129 -12 30 33 0 0 0 0 -22 30 7 42 2 -2129 -610 -2 109 109 2 -2 6 0
1 10001 113 -47 17 3 0 0 0 0 -3 -6 0 -1 -27 -1840 -537 -8 98 98 56 7 3 0
1 10298 118 -49 2 -3 0 0 0 0 13 -9 -3 -8 -7 -1510 -437 -4 80 80 -40 -3 2 0
1 10000 95 -59 3 2 0 0 0 0 15 -5 -3 0 -8 -1391 -397 0 71 71 32 4 -4 0
1 10000 88 -58 0 -1 0 0 0 0 20 -4 -5 -2 -2 -916 -267 -4 50 50 5 -2 0 0
1 10000 88 -52 0 -3 0 0 0 0 17 -7 -6 -2 -5 -894 -258 -2 48 48 -22 0 0 0
1 10110 104 -40 -3 0 0 0 0 0 17 -2 -4 -2 -2 -763 -219 -1 40 40 -25 -3 2 0
1 10001 92 -44 1 -1 0 0 0 0 15 1 -4 -7 -8 -622 -178 0 34 34 22 -1 -3 0
1 9999 102 -44 1 5 0 0 0 0 15 2 -5 -33 -31 -457 -125 3 22 22 -23 2 3 0
1 10000 100 -37 -4 -2 0 0 0 0 16 3 -5 -103 -56 -481 -133 3 24 24 -17 -5 1 0
1 10000 85 -62 9 -1 0 0 0 0 14 6 -5 55 4 -521 -130 11 21 21 13 4 -3 0
1 10001 107 -53 1 2 0 0 0 0 18 8 -6 -79 -44 -464 -138 -3 26 26 25 2 -1 0
1 10602 106 -50 -2 -18 0 -8 0 0 17 -4 -9 -8 -7 -424 -106 9 18 18 68 6 4 0
1 9397 78 -6 -5 -65 0 -572 1 2 6 -50 -14 -17 -9 -159 -42 2 7 7 -45 -6 4 0
1 10000 111 -9 6 4 0 0 0 0 0 3 2 -9 -11 -433 -118 4 22 22 -23 0 -3 0
1 10000 98 -12 2 -6 0 0 0 0 2 -2 -2 4 0 -216 -58 2 10 10 -10 0 0 0
1 10000 83 -6 0 -7 0 0 0 0 2 -4 -2 -64 -33 -153 -42 1 7 7 2 -2 -4 0
1 10000 99 -16 1 3 0 0 0 0 5 6 -1 -101 -51 -210 -46 9 6 6 22 2 4 1
1 10001 101 -46 4 0 0 0 0 0 10 12 -2 -22 -42 -218 -37 17 3 3 -45 -4 2 0
1 10000 100 -46 4 2 0 0 0 0 8 15 -3 -14 -21 -84 -19 3 4 4 13 1 0 0
1 9999 98 -59 1 1 0 0 0 0 14 19 -4 -16 -29 -91 -22 2 3 3 28 4 2 0
1 10000 102 -42 -4 -2 0 0 0 0 11 13 -5 131 -16 -57 -16 0 3 3 9 3 -3 0
1 10000 93 -12 2 -3 0 0 0 0 0 2 -1 15 1 -56 -41 -16 12 12 15 -1 5 0
1 10000 89 17 -5 -1 0 0 0 0 0 -6 0 12 0 -111 -39 -4 8 8 44 4 -4 0
1 10000 98 12 3 3 0 0 0 0 -4 -2 2 5 1 -141 -44 -3 9 9 -12 -3 -7 0
1 8788 82 16 -1 -97 0 -1431 0 0 -1 -76 -17 2 -2 -83 -24 0 5 5 -7 2 2 0
1 13988 133 83 13 -112 0 -27 0 -2 -30 -103 -29 15 3 -521 -151 -2 28 28 -29 -2 -1 0
1 10000 78 79 7 -3 0 0 0 0 -26 -27 -1 21 3 248 67 -2 -11 -11 50 3 3 0
1 9999 92 65 -1 -1 0 0 0 0 -21 -16 0 5 0 -138 -48 -6 10 10 -24 2 1 0
1 9373 69 65 -3 17 0 8 0 -1 -19 -2 10 1 1 -87 -26 -1 5 5 8 0 2 0
1 10628 90 45 -27 170 0 1406 0 3 5 119 60 16 3 -151 -46 -1 10 10 9 -2 -1 0
1 10000 96 40 5 3 0 0 0 0 -20 1 8 3 1 20 -2 -5 1 1 -15 0 -6 0
1 10000 85 16 7 7 0 0 0 0 -11 2 5 27 -2 -106 -32 -1 6 6 10 1 1 0
1 9999 91 8 -1 4 0 0 0 0 -2 2 1 23 -10 -81 -26 -3 6 6 6 3 1 0
1 10001 78 4 -1 -1 0 0 0 0 -1 -1 0 23 -11 -42 -20 -4 5 5 44 3 1 0
1 10000 73 -8 2 0 0 0 0 0 2 0 0 -21 -12 -143 -48 -5 10 10 -43 -3 0 0
1 10000 80 -24 2 3 0 0 0 0 7 5 -1 -19 -10 -210 -56 2 9 9 28 3 -3 0
1 10000 73 -25 1 -1 0 0 0 0 8 2 -3 18 -10 -151 -41 2 9 9 11 1 2 0
1 10000 87 -23 2 1 0 0 0 0 6 3 -2 15 2 -81 -26 -3 5 5 -19 -3 2 0
1 10000 68 -16 4 2 0 0 0 0 4 2 0 11 -6 -170 -57 -4 12 12 21 3 1 1
1 10000 91 1 -3 -3 0 0 0 0 0 0 0 13 -2 -150 -46 -3 9 9 -18 -1 -6 -1
1 10000 74 25 0 0 0 0 0 0 -8 -3 2 21 1 -47 -16 -2 4 4 -4 0 3 0
1 9634 93 36 -2 -2 0 0 0 0 -11 -7 2 24 -4 -64 -25 -4 6 6 7 -1 3 0
1 10621 77 18 1 0 0 0 0 0 -8 0 3 -8 -7 -199 -62 -4 13 13 -23 0 -6 0
1 10000 85 19 2 1 0 0 0 0 -8 -1 2 7 -4 -229 -66 0 12 12 18 1 3 0
1 10000 79 19 3 -4 0 0 0 0 -10 -2 3 -5 -6 -60 -20 -2 5 5 4 1 1 1
1 10000 88 35 -1 3 0 0 0 0 -12 -2 2 36 9 -87 -25 0 5 5 21 -1 -1 0
1 10000 86 39 -2 -4 0 0 0 0 -12 -1 4 35 9 -131 -44 -4 8 8 11 4 7 0
1 10000 87 2 4 5 0 0 0 0 -4 3 2 -35 -16 -114 -41 -6 10 10 -31 -3 18 0
1 10000 84 6 0 3 0 0 0 0 -2 -1 0 -28 -15 -101 -24 3 4 4 -1 0 -26 0
1 10000 70 5 -1 -1 0 0 0 0 -1 0 0 -9 -10 -57 -12 4 1 1 -13 1 4 0
1 10001 83 -4 2 1 0 0 0 0 -1 3 1 20 7 -44 -9 1 1 1 25 -1 6 0
1 9999 80 14 -3 -3 0 0 0 0 -2 -3 0 15 5 -70 -27 -4 6 6 -9 1 -7 0
1 10000 87 10 2 0 0 0 0 0 -5 0 2 8 -1 -111 -31 0 7 7 27 3 -1 0
1 11444 87 -15 -7 64 0 631 0 -2 11 54 11 -3 -4 -12 -10 -4 2 2 44 2 -2 0
1 10623 98 -56 6 37 0 0 0 0 15 31 2 -7 -15 -101 -27 1 5 5 -15 0 -1 0
1 10703 89 -64 6 -1 0 0 0 0 17 4 -3 0 -6 -135 -36 2 7 7 -2 2 3 0
1 10000 83 -64 0 1 0 0 0 0 23 6 -8 -9 -8 -46 -15 -1 2 2 56 0 4 0
1 9999 95 -62 0 0 0 0 0 0 22 5 -8 0 -14 -74 -18 1 4 4 -36 0 -2 0
1 9659 75 -50 -1 -18 0 -10 0 0 17 -5 -7 12 1 -84 -24 0 4 4 -6 0 -1 0
1 10341 84 -23 -7 -72 0 -616 0 2 15 -54 -19 51 13 35 3 -4 1 1 15 2 2 0
1 10001 92 -19 2 -7 0 0 0 0 4 0 -2 26 5 -180 -59 -6 13 13 -17 -1 -3 0
1 10000 99 -14 4 2 0 0 0 0 3 3 0 24 4 -85 -34 -6 8 8 31 4 -3 0
1 10000 76 -8 2 0 0 0 0 0 0 2 0 -5 -14 -191 -61 -3 13 13 24 2 10 0
1 10000 95 14 -3 10 0 0 0 0 -3 6 3 -15 -12 -111 -33 -2 6 6 -24 -1 -1 0
1 9999 84 9 -7 -12 0 0 0 0 4 -13 -5 -9 -14 -174 -45 3 8 8 46 3 -5 0
1 10000 82 8 4 9 0 0 0 0 -7 7 6 4 0 -158 -44 1 9 9 25 -1 -1 0
1 10001 82 -6 0 -11 0 0 0 0 1 -5 -1 0 -4 -106 -33 -2 6 6 -70 -2 4 0
1 10000 93 11 -3 5 0 0 0 0 0 -2 -2 4 -1 -31 -9 0 2 2 70 6 1 0
1 10000 99 -16 -2 0 0 0 0 0 7 4 -2 8 2 -63 -15 1 3 3 11 -5 3 0
1 10000 90 -16 3 -2 0 0 0 0 1 4 0 -4 -5 -109 -36 -3 7 7 -100 -6 -6 0
1 10000 77 -12 -2 5 0 0 0 0 6 6 -1 -11 -9 -99 -26 1 5 5 53 7 2 0
1 9420 74 -34 2 0 0 0 0 0 9 8 -3 -9 -7 -36 -9 2 2 2 23 32 -1 0
1 10580 99 -33 1 0 0 0 0 0 8 9 -3 -10 -8 -95 -24 2 4 4 3372 1820 24 1
1 10000 93 -30 -4 4 0 0 0 0 12 11 -4 -2 -4 -22 -4 1 0 0 -1456 762 41 -1
1 10000 89 -17 0 -6 0 0 0 0 2 2 -2 -12 -5 -57 -15 1 3 3 -1942 -2614 -61 0
1 10000 91 -34 6 1 0 0 0 0 3 12 0 -1 -11 -25 -6 0 1 1 -5 2 -2 0
1 10000 78 -12 -1 6 0 0 0 0 4 8 -1 -21 -6 -19 -2 3 0 0 -16 -3 -2 1
1 10000 94 -14 1 -7 0 0 0 0 3 -1 -2 -17 -9 -50 -9 4 1 1 -14 -2 5 -1
1 10000 78 -14 -5 2 0 0 0 0 5 7 -2 -27 -24 46 18 3 -5 -5 14 0 -2 0
1 10000 94 -35 6 -2 0 0 0 0 3 11 0 -38 -27 11 9 4 -3 -3 23 1 4 1
1 10000 81 -21 -1 3 0 0 0 0 2 10 -1 -3 -2 -4 8 5 -2 -2 1 -1 -6 0
1 10000 81 -34 0 -1 0 0 0 0 6 12 -3 34 2 23 7 1 -2 -2 -87 -8 0 0
1 10000 86 -29 2 0 0 0 0 0 1 11 -1 49 14 -53 -21 -4 5 5 146 17 -4 0
1 9911 80 -38 0 -94 0 -1317 0 0 2 -52 -5 4 4 15 -6 -7 3 3 33 2 9 0
1 13173 109 47 1 -111 0 -93 0 -2 -3 -95 -24 -4 -5 -187 -57 -2 12 12 -9 4 -4 0
1 9999 90 37 11 2 0 0 0 0 -11 -15 2 35 9 -121 -33 0 6 6 8 -2 -2 0
1 10000 63 10 -18 11 0 0 0 0 11 6 -4 -9 -3 -98 -35 -4 8 8 5 5 -1 0
1 10000 105 61 22 -10 0 0 0 0 -25 -32 2 5 -2 -97 -31 -3 6 6 100 6 5 0
1 10001 93 60 -16 -2 0 0 0 0 1 -20 -12 -7 -1 -49 -13 1 3 3 -91 -11 -1 0
1 10804 94 52 14 -3 0 0 0 0 -24 -21 4 -4 -6 -248 -69 1 13 13 -47 -1 0 0
1 10000 104 45 -5 2 0 0 0 0 -9 -11 -2 14 -4 -49 -15 0 3 3 104 10 -2 0
1 10000 85 53 9 1 0 0 0 0 -22 -16 3 -3 -5 -6 -3 -1 0 0 -78 -7 -4 0
1 10000 84 54 -6 -2 0 0 0 0 -13 -13 -2 -6 -10 -124 -33 1 7 7 57 4 1 0
1 11051 104 75 2 21 0 7 0 -1 -28 -2 12 -6 -1 -131 -38 0 7 7 6 0 3 0
1 12556 79 41 -24 168 0 1405 0 3 3 121 60 -12 -7 -245 -69 0 13 13 11 2 1 0
1 10619 94 20 5 9 0 0 0 0 -12 7 7 -4 1 -89 -24 1 5 5 -12 -2 0 0
1 10001 86 -1 4 1 0 0 0 0 -3 1 1 -9 -6 -49 -12 2 1 1 -68 -2 0 0
1 9999 83 -4 5 1 0 0 0 0 -2 0 2 15 -2 13 5 0 0 0 49 2 1 0
1 10000 86 -3 -4 -4 0 0 0 0 5 -4 -4 -1 0 -33 -12 -1 2 2 -3 0 0 0
1 10000 74 -6 3 7 0 0 0 0 -1 8 3 0 -3 27 8 0 -1 -1 -12 -1 0 0
1 10000 92 -22 0 -3 0 0 0 0 8 0 -3 -25 -17 -105 -28 1 5 5 -10 0 -2 0
1 10001 69 -30 1 3 0 0 0 0 10 5 -2 -3 -2 -82 -20 3 3 3 27 1 0 0
1 9999 84 -25 -1 -8 0 0 0 0 9 -1 -4 -2 -4 83 26 1 -5 -5 -58 -3 4 0
1 10001 79 -18 -4 4 0 0 0 0 10 5 -3 1 1 -60 -17 0 3 3 41 3 -6 0
1 9999 91 -57 -6 -19 0 0 0 0 24 -3 -11 6 -20 -29 -8 0 2 2 6 3 3 0
1 11155 90 -46 2 -35 5 -409 -1 -4 13 -16 -13 1 -10 -95 -28 0 5 5 -9 0 2 0
1 7678 48 26 57 -11 58 0 -31 0 -53 -17 19 1 10 32 8 -1 -1 -1 -8 -1 1 0
1 10003 49 -19 17 -6 -1 0 -55 0 -10 2 4 -3 -13 -185 -52 0 10 10 77 1 -8 0
1 9985 48 26 6 3 1 0 -54 0 -15 -3 5 0 2 -100 -29 0 6 6 -27 2 4 0
1 10009 39 -14 -15 17 -1 0 -54 0 18 16 -1 -3 -10 -32 -8 1 1 1 -13 -1 -1 0
1 9986 37 -21 -21 23 1 0 -53 0 22 25 -2 0 3 -100 -28 0 6 6 13 4 3 0
1 10027 49 18 21 -34 -1 -1 -52 0 -22 -32 -1 2 -2 -38 -13 -1 2 2 -36 -4 0 0
1 10000 51 7 -24 -2 0 1 -52 0 19 -4 -10 -1 5 -34 -8 1 1 1 30 2 1 0
1 10002 33 15 -10 4 0 0 -52 0 3 0 -1 -1 3 15 5 0 -1 -1 38 4 4 0
1 9978 31 -1 10 8 0 0 -50 0 -8 6 6 2 -9 -129 -36 1 7 7 -72 -6 -6 0
1 10003 35 -25 -17 -1 0 0 -51 0 20 7 -6 -3 -10 19 7 1 -1 -1 0 0 -3 0
1 10003 26 -44 -16 10 0 0 -50 0 29 17 -10 -4 -12 -2 0 0 0 0 66 11 1 0
1 9845 30 -52 -4 3 0 1 -49 4 16 18 -3 2 6 -154 -43 0 8 8 -91 -13 0 0
1 13901 49 -15 150 -13 377 -1 -2 -4 -122 -6 52 -1 0 -85 -29 -2 6 6 150 17 5 0
1 7554 -32 83 327 10 1 0 -32 0 -315 -12 -3 1 -1 7 2 0 0 0 -170 -20 -3 0
1 8872 -56 55 4 -1 0 0 -44 0 -22 -11 -9 2 12 -4 -1 0 0 0 214 16 -3 0
1 9832 -57 24 -3 4 0 0 -49 0 -3 -3 -2 1 -1 -148 -40 1 7 7 -202 -17 3 0
1 10000 -66 22 -5 -10 0 0 -50 0 1 -15 -5 -2 -1 -77 -20 1 5 5 -58 -5 -3 0
1 10003 -81 -34 6 -3 0 0 -49 0 3 6 3 1 5 -24 -9 -1 2 2 24 2 5 0
1 9983 -114 22 -52 19 0 0 -52 0 38 10 14 1 6 9 4 1 -2 -2 148 9 -3 0
1 10009 -98 76 36 0 -1 0 -50 0 -52 -13 -21 4 1 101 27 -2 -5 -5 -124 -11 0 0
1 9987 -111 52 -21 0 0 0 -50 0 2 -9 -2 -3 5 -92 -26 1 5 5 57 10 1 0
1 10001 -112 57 21 4 1 0 -50 0 -33 -4 -15 1 1 21 4 -2 0 0 -27 0 -1 0
1 10001 -135 59 -14 9 -1 0 -51 0 -10 6 -2 6 21 116 34 1 -7 -7 6 -4 3 0
1 10004 -137 108 -11 -9 1 0 -52 0 -25 -10 -17 4 19 45 11 -1 -2 -2 -23 -2 0 0
1 10001 -154 62 -9 1 -1 0 -50 0 -13 2 -6 -17 4 193 54 -1 -10 -10 -142 -17 -3 0
1 18227 -259 -91 -31 -196 5 -1402 -20 2 51 -141 -62 -14 3 -188 -49 3 9 9 93 10 -1 0
1 10000 -140 -68 3 -6 0 0 0 0 20 -4 8 10 5 562 161 1 -32 -32 -4 0 0 0
1 10001 -148 -69 4 4 0 0 0 0 21 2 11 19 14 48 12 -1 -2 -2 66 4 3 0
1 10000 -136 -40 -6 1 0 0 0 0 19 2 8 26 14 76 16 -4 -2 -2 -84 -10 -2 0
1 9999 -123 -68 7 -1 0 0 0 0 15 7 11 22 14 208 54 -3 -10 -10 72 7 0 1
1 10000 -150 -50 3 8 0 0 0 0 15 11 13 -18 2 69 15 -3 -2 -2 6 5 -2 0
1 9255 -116 -58 -2 2 0 5 -1 -1 18 11 13 3 10 44 12 -1 -2 -2 -70 -8 5 -1
1 10745 -164 -22 31 164 0 1412 0 3 -26 139 61 4 -4 53 16 1 -3 -3 -3 -5 0 1
1 10000 -153 -24 2 3 0 0 0 0 6 7 4 -1 -2 99 25 -2 -5 -5 -70 -1 -3 0
1 10001 -178 -14 -7 11 0 0 0 0 7 14 6 -19 -5 0 3 2 -1 -1 -1 -5 2 -1
1 10000 -156 -6 -6 7 0 0 0 0 10 6 3 -1 2 -47 -7 4 0 0 4 1 5 0
1 9999 -172 -27 -1 4 0 0 0 0 7 11 4 -18 -10 75 22 0 -4 -4 -35 -5 -11 0
1 10000 -174 -32 13 -10 0 0 0 0 -4 0 -1 -12 -5 86 27 2 -5 -5 21 3 7 1
1 10000 -173 18 0 11 0 0 0 0 -4 5 0 -2 25 16 7 2 -3 -3 -32 -3 -4 -1
1 10000 -177 55 0 6 0 0 0 0 -13 -10 -5 52 33 158 42 -2 -8 -8 24 1 2 1
1 10000 -179 96 2 3 0 0 0 0 -26 -22 -12 9 21 155 36 -6 -5 -5 -17 -2 2 -1
1 10000 -181 51 -2 -11 0 0 0 0 -16 -15 -9 -12 1 -14 -6 -1 2 2 -3 0 -4 1
1 10000 -184 51 -13 -4 0 0 0 0 -3 -14 -6 -1 1 94 28 1 -6 -6 18 1 -3 0
1 10001 -177 25 16 -5 0 0 0 0 -20 -8 -10 -7 -2 129 36 -1 -7 -7 -48 -1 4 0
1 8966 -168 11 -25 -68 -91 -1059 -1 0 16 -55 -19 2 3 99 30 2 -6 -6 74 2 0 -1
1 14704 -199 -78 -98 -114 1 -357 0 -2 110 -81 -25 -21 5 -372 -99 4 19 19 -14 0 -3 1
1 10001 -97 -65 -8 -1 0 0 0 0 29 8 9 -44 13 566 162 1 -32 -32 92 6 5 0
1 9427 -91 -57 2 64 0 1206 0 0 16 60 38 -3 4 -18 0 3 -1 -1 -89 -2 -5 0
1 10572 -97 -26 -6 99 -43 206 -1 2 10 90 39 -2 1 189 57 3 -12 -12 17 0 3 0
1 10001 -81 20 -15 9 0 0 0 0 8 3 0 -3 12 70 23 1 -5 -5 -78 -8 -3 0
1 10000 -73 -3 9 15 0 0 0 0 -6 12 4 -12 -6 146 44 2 -9 -9 12 0 2 0
1 10001 -70 1 -8 -6 0 0 0 0 5 -4 -1 16 11 86 25 1 -5 -5 31 0 -1 0
1 9999 -62 47 8 10 0 0 0 0 -20 -3 -1 13 11 57 17 -1 -3 -3 -21 4 1 0
1 10000 -74 58 -5 -14 0 0 0 0 -16 -22 -8 -3 -2 87 22 -1 -4 -4 -20 -8 2 0
1 10001 -61 69 -1 8 0 0 0 0 -20 -7 -5 9 3 40 9 -2 -2 -2 5 3 -3 0
1 9999 -74 31 8 25 0 0 0 0 -19 19 4 14 9 89 24 -1 -4 -4 -51 -4 -1 0
1 10000 -69 26 -3 -26 0 0 0 0 -6 -27 -10 20 19 2 -2 -2 1 1 6 -1 -1 0
1 10001 -71 14 -5 0 0 0 0 0 -1 0 0 -24 -3 165 43 -2 -8 -8 -16 0 0 0
1 10000 -57 15 0 2 0 0 0 0 -6 3 0 -17 -4 -63 -15 1 3 3 -1 -1 -1 0
1 9999 -77 22 0 1 0 0 0 0 -7 -3 -3 8 8 64 21 2 -4 -4 4 1 0 0
1 9305 -59 36 -1 -2 0 -1 -2 -4 -13 -2 -3 13 11 -55 -18 -1 4 4 22 0 4 -1
1 9511 -79 11 -2 1 0 1 -45 0 -3 2 1 -49 -7 243 69 0 -14 -14 -12 0 -3 1
1 10018 -65 5 1 0 0 -1 -52 0 -2 -1 -1 4 2 62 21 2 -4 -4 2 1 -1 0
1 10001 -84 -4 -9 0 0 0 -52 0 9 -2 1 -5 -1 -79 -18 3 2 2 25 0 0 0
1 9998 -70 -27 -1 3 0 0 -52 0 11 6 4 -6 -1 135 41 1 -8 -8 -29 -1 -2 0
1 9992 -66 -39 -1 -9 0 0 -52 0 12 -2 2 -30 12 26 11 3 -3 -3 8 -1 5 0
1 11190 -76 -29 -12 -139 0 -1421 -32 2 24 -112 -57 -7 4 -6 3 3 -2 -2 -7 2 -7 0
1 10617 -56 -79 -24 -37 0 0 0 0 49 -20 -11 -12 13 32 10 2 -2 -2 53 5 4 0
1 10001 -52 -121 9 -8 0 0 0 0 35 13 9 -19 18 30 14 2 -3 -3 -49 1 0 0
1 11726 -65 -135 4 83 0 1192 0 -2 33 98 53 6 10 167 51 3 -10 -10 -46 -14 -1 0
1 7791 -83 -60 123 95 99 233 -24 0 -102 101 34 -24 2 148 42 0 -8 -8 2 3 2 0
1 9299 -114 -53 14 3 0 0 -50 0 -5 21 3 -36 2 152 51 5 -11 -11 7 0 0 0
1 10021 -150 -50 -24 1 0 0 -53 0 27 19 4 -43 -4 10 14 6 -5 -5 -27 -6 -1 0
1 9989 -140 -42 -14 11 0 0 -54 0 17 26 3 -32 -4 176 60 8 -13 -13 -10 0 2 0
1 10022 -157 -38 -1 -2 0 1 -53 0 8 11 1 -2 -1 192 66 6 -14 -14 44 5 6 0
1 9982 -147 4 -3 10 0 -1 -53 0 2 8 0 4 4 153 45 1 -9 -9 -48 -4 -5 0
1 10003 -150 -22 -6 -8 0 0 -53 0 7 1 1 1 12 88 26 1 -6 -6 -15 -4 -4 0
1 10589 -158 -19 -4 2 0 0 -19 4 3 9 -1 -4 7 175 51 1 -9 -9 3 0 -1 0
1 10577 -151 -11 -2 6 0 0 0 0 3 10 0 -34 12 99 30 1 -6 -6 141 10 2 0
1 10001 -148 -27 1 -3 0 0 0 0 0 7 0 -31 -1 126 44 6 -10 -10 -143 -11 3 0
1 10000 -150 -9 -5 5 0 0 0 0 1 8 0 -60 4 81 30 5 -7 -7 -3 -4 -2 0
1 10000 -138 5 6 1 0 0 0 0 -2 -1 0 -45 27 63 36 11 -10 -10 -37 -1 -2 0
1 9999 -156 51 -1 3 0 0 0 0 -2 -16 0 56 43 138 49 6 -11 -11 16 0 1 0
1 10001 -151 82 1 3 0 0 0 0 -5 -29 -1 68 52 194 37 -12 -4 -4 -27 -2 -1 0
1 9999 -157 76 -2 0 0 0 0 0 -7 -28 -2 30 26 114 24 -5 -4 -4 45 2 4 0
1 10002 -143 69 -2 -6 0 0 0 0 -14 -27 -4 31 19 65 11 -6 0 0 -39 -3 -3 0
1 10000 -157 64 3 5 0 0 0 0 -14 -17 -3 11 11 177 40 -6 -5 -5 22 3 -5 0
1 10000 -149 48 -1 -3 0 0 0 0 -12 -16 -4 42 23 40 0 -8 1 1 9 1 5 0
1 10000 -149 39 -4 -2 0 0 0 0 -9 -10 -4 -27 -11 19 8 3 -3 -3 -31 -3 2 0
1 9419 -141 32 2 0 0 0 -2 0 -9 -9 -3 13 6 151 39 -3 -6 -6 12 3 -3 0
1 10579 -163 28 2 1 0 0 0 0 -11 -5 -3 119 85 -120 -36 -2 7 7 -4 -2 -3 0
1 10000 -152 -10 0 -5 0 0 0 0 4 -3 1 123 60 216 20 -27 4 4 2 1 2 0
1 10001 -160 -6 -2 -2 0 0 0 0 2 2 0 54 27 144 16 -16 0 0 12 1 -2 0
1 10000 -147 47 -2 5 0 0 0 0 -14 -5 -4 -38 61 93 11 -11 1 1 -22 -3 0 0
1 10000 -161 47 3 1 0 0 0 0 -16 -9 -4 -95 33 310 106 12 -23 -23 13 2 4 0
1 10000 -156 44 0 4 0 0 0 0 -13 -5 -4 2 8 664 200 7 -40 -40 0 0 0 0
1 10000 -160 30 -2 -5 0 0 0 0 -11 -3 -3 -14 14 581 167 1 -31 -31 25 4 -3 0
1 10000 -167 22 -1 1 0 0 0 0 -7 -2 -3 -42 17 558 160 1 -31 -31 -37 -7 5 0
1 10000 -140 35 -4 3 0 0 0 0 -8 -1 -2 -259 25 569 185 15 -38 -38 8 3 5 0
1 10001 -149 55 -3 -7 0 0 0 0 -17 -9 -7 -183 48 936 361 60 -83 -83 -43 -7 -1 0
1 9998 -116 47 9 -10 0 0 0 0 -23 -10 -11 24 14 2047 598 8 -112 -112 4 0 -6 0
1 9089 -131 43 15 -30 0 -1259 0 0 -26 -24 -20 -17 -14 1470 428 6 -81 -81 18 3 3 0
1 10906 -175 -73 -27 -110 0 -151 0 -2 45 -82 -32 25 26 1097 318 3 -58 -58 -31 -1 -4 0
1 5621 -77 -43 -12 -16 0 0 0 0 27 -15 -3 16 27 545 154 -1 -29 -29 22 1 9 0
1 4417 -47 -48 4 -25 0 0 0 0 13 -13 -8 3 3 476 133 -2 -23 -23 47 4 -4 0
1 5583 -78 -45 -5 -6 0 0 0 0 21 -4 3 -106 30 440 125 0 -23 -23 -50 -5 -2 0
1 5000 -61 -41 2 5 0 0 0 0 13 8 8 -81 11 443 138 7 -27 -27 -28 -4 4 -1
1 5000 -59 -64 -1 -3 0 0 0 0 21 6 8 -216 -24 453 154 15 -31 -31 31 3 -3 0
1 4395 -60 -63 0 -9 0 0 0 0 21 4 5 -144 -13 309 121 21 -27 -27 3 -1 1 0
1 6436 -80 -110 -8 4 0 4 0 -1 38 28 19 -278 -35 899 335 48 -72 -72 -37 -1 4 1
1 7725 -114 -102 42 143 0 1404 0 3 -15 146 64 -169 -21 1216 423 45 -87 -87 -12 -3 -1 0
1 5621 -87 -58 12 25 0 0 0 0 -5 43 9 -103 -17 1161 371 24 -71 -71 38 3 2 0
1 4418 -58 -42 0 7 0 0 0 0 8 21 3 -60 -10 1073 335 17 -64 -64 -35 -1 2 -1
1 5582 -82 -55 -11 3 0 0 0 0 14 23 3 -144 -23 1155 361 18 -68 -68 28 2 1 1
1 4421 -72 -36 -8 5 0 0 0 0 5 18 2 -70 -9 941 301 18 -56 -56 -48 -6 2 -1
1 5579 -64 -36 -2 7 0 0 0 0 8 20 0 -49 -8 1045 345 28 -67 -67 15 0 2 1
1 4444 -66 -31 -5 2 0 0 0 0 4 13 0 -73 -9 894 277 12 -51 -51 -18 0 -10 -1
1 5556 -79 3567 -1 -1 0 0 0 0 2 12 0 -52 -8 1239 389 20 -71 -71 4 2 5 1
1 4420 -63 -11 -2 2 0 0 0 0 0 6 -1 -77 -11 1015 307 9 -55 -55 10 -2 1 -1
1 5580 -68 -12 -2 1 0 0 0 0 2 6 0 -82 -17 1079 339 17 -62 -62 -27 -2 4 0
1 4416 -61 -11 -5 0 0 0 0 0 1 4 -1 -53 -14 972 302 13 -54 -54 14 1 6 0
1 5580 -79 -7 3 -1 0 0 0 0 -1 2 0 -174 -36 949 293 12 -52 -52 15 2 16 1
1 6624 -86 -11 -5 18 0 24 0 -3 1 19 -1 -111 -18 1337 439 32 -81 -81 -21 -3 -23 -1
1 7847 -109 7 28 99 1 990 0 1 -22 84 -15 -34 0 1498 483 29 -88 -88 -9 0 3 1
1 5063 -84 22 1 35 0 0 0 0 1 22 -6 -21 1 787 240 8 -41 -41 17 3 7 0
1 5558 -81 9 -5 8 0 0 0 0 4 3 -2 -118 -26 891 276 12 -49 -49 -13 -2 -6 -1
1 4419 -86 32 -2 8 0 0 0 0 5 -5 2 -107 -12 731 235 13 -41 -41 11 1 8 0
1 5581 -84 -3568 -8 4 0 0 0 0 3 -8 2 -33 3 882 292 22 -53 -53 8 1 6 0
