version: 66.14
glider: 194
mission: 16
dive: 292
start: 6 10 125 9 31 25
columns: rec,elaps_tms,depth,heading,pitch,roll,AD_pitch,AD_roll,AD_vbd,GC_phase,mag.x,mag.y,mag.z,sbect.TempFreq,sbect.CondFreq,aa4330.O2,aa4330.AirSat,aa4330.Temp,aa4330.CalPhase,aa4330.TCPhase,wlbb2fl.sig470nm,wlbb2fl.sig700nm,wlbb2fl.sig695nm,wlbb2fl.temp,
data:
0 10197 -1995 3350 -754 14 215 3017 372 6 537 33 -89 222532 168292 272797 82808 12955 33007 33007 752 160 336 564
1 4999 -11 -32 -1 109 0 0 0 0 -1 -1 -11 -901 -1 -315 -31 36 -3 -3 -32 -6 36 0
1 5000 5 18 5 -38 0 0 0 0 2 -3 14 64 -2 86 -8 -19 5 5 -222 -14 -20 -1
1 5000 9 36 0 -18 0 0 0 0 1 -8 -10 438 -5 -11 -11 -4 3 3 75 1 -13 0
1 5000 -3 8 -15 -31 0 0 0 0 -1 -2 -6 -687 7 177 27 -14 -1 -1 -18 7 38 0
1 5000 6 -55 15 31 0 0 0 0 -2 16 17 345 -13 -91 -18 4 2 2 305 23 48 0
1 5001 -14 -17 -13 -40 0 0 0 0 0 7 -1 -639 5 36 17 4 -4 -4 -81 -15 -40 0
1 4999 12 39 3 -40 0 0 0 0 0 -7 0 253 12 -274 -35 26 -1 -1 -287 -21 -24 0
1 5001 -2 -99 0 101 0 0 0 0 -3 20 2 1394 -5 208 33 -17 0 0 91 10 9 0
1 5000 0 -27 -12 -50 0 0 0 0 -3 10 4 -991 -7 39 0 -6 1 1 20 2 3 0
1 4999 11 -38 22 27 0 0 0 0 -2 11 22 634 8 -334 -56 25 2 2 -83 -10 -30 0
1 5001 -2 36 -14 -16 0 0 0 0 2 -9 -19 -323 12 312 38 -31 2 2 46 6 -42 0
1 6605 1 55 -13 -42 -1 0 0 -4 2 -15 -11 -1393 2 -119 -1 19 -5 -5 153 6 96 0
1 5633 -13 -83 37 122 0 0 163 0 -5 23 18 -9 -1 -182 -34 12 3 3 -158 2 -64 0
1 5632 11 69 -13 -53 0 0 162 0 5 -20 -11 -59 -11 46 40 14 -9 -9 -69 -15 -19 0
1 5636 29 8 -39 -38 0 0 160 0 -1 -3 -29 309 1 -2367 1786 1359 -557 -557 -52 6 19 0
1 5633 0 9 0 -9 0 0 167 0 0 -4 4 -679 19 14432 4670 78 -650 -650 119 7 104 0
1 5635 -7 60 -8 -34 0 0 165 0 1 -13 -12 1132 -1 12578 4109 80 -543 -543 12 4 -65 0
1 5634 14 58 0 -38 0 0 164 0 1 -11 -7 164 -65 9876 3129 12 -385 -385 3 -5 -24 0
1 5631 18 85 -4 -21 0 0 162 0 1 -24 -12 -1123 -352 7941 2526 14 -301 -301 178 24 30 0
1 5639 27 82 3 -9 0 0 160 0 2 -26 -5 1871 -215 6296 2007 13 -233 -233 -355 -34 -50 0
1 5640 9 -3534 4 25 0 0 155 0 0 -28 -1 -2050 -176 5012 1603 11 -183 -183 329 13 34 0
1 5610 16 27 -1 19 0 0 150 0 0 -13 -3 121 -231 4627 1451 -1 -160 -160 451 58 90 0
1 5635 36 41 -18 45 0 0 154 0 -3 -23 -7 2153 -374 4509 1375 -20 -146 -146 -646 -69 -148 0
1 5660 28 39 -16 19 0 1 164 0 -3 -18 -11 3011 -620 3580 1051 -31 -106 -106 17 -5 -8 -1
1 5616 49 109 3 -91 1 -1 172 0 -1 -16 5 4718 -355 4186 944 -159 -67 -67 30 9 56 1
1 10496 140 -16 -5 55 5 0 67 -1 0 -7 -1 3298 172 13605 1342 -1198 108 108 -167 -28 -133 -1
1 5919 98 92 75 -89 1323 0 0 0 5 -23 65 987 238 6145 677 -486 32 32 -84 -9 -10 0
1 5921 105 61 138 0 1292 0 1 1 -17 -42 128 265 129 -546 -1609 -588 296 296 -35 -5 -71 0
1 5706 92 37 146 36 146 124 207 4 -53 -21 134 -9 87 -4670 -2046 -271 278 278 22 5 21 0
1 10025 182 135 10 111 0 724 1 -2 -37 22 69 1205 206 -10323 -3302 -106 391 391 -58 -6 -63 1
1 5618 106 -7 -26 59 0 0 0 0 14 28 -7 1174 243 -2420 -1237 -224 190 190 82 4 -13 0
1 4425 84 -31 3 25 0 0 0 0 5 16 -2 430 131 -3164 -1110 -79 146 146 -70 -4 1 -1
1 5576 120 -10 22 -5 0 0 0 0 -8 2 12 251 80 -5613 -2342 -308 346 346 15 0 -3 0
1 4417 98 1 8 -2 0 0 0 0 -4 -1 6 106 40 -6629 -2004 -34 251 251 -15 1 0 0
1 5619 127 2 9 -7 0 0 0 0 -6 -1 6 13 29 -6233 -1997 -84 268 268 -7 -2 -13 0
1 4420 97 -6 -8 4 0 0 0 0 6 1 -7 240 47 -4402 -1440 -77 200 200 20 0 9 0
1 5580 121 -27 -9 13 0 0 0 0 10 9 -11 3 17 -5280 -1642 -53 226 226 -19 -1 -7 0
1 4396 89 -15 -2 -2 0 0 0 0 4 1 -6 -2 14 -4325 -1331 -38 185 185 58 7 6 0
1 5622 145 21 -11 -13 0 0 0 0 1 -10 -4 18 12 -5278 -1562 -18 214 214 -21 -4 6 0
1 4418 116 22 2 -5 0 0 0 0 -6 -6 6 53 13 -4416 -1366 -44 198 198 8 2 -6 0
1 5582 135 6 24 -5 0 0 0 0 -13 0 18 349 62 -4955 -1485 -28 215 215 10 1 3 0
1 4388 109 6 -2 6 0 0 0 0 0 3 2 92 19 -3091 -940 -25 139 139 -22 -2 -12 0
1 5618 137 -17 0 14 0 0 0 0 3 9 -3 61 19 -3538 -1119 -51 174 174 10 2 6 0
1 4419 105 -15 1 9 0 0 0 0 4 6 -2 27 11 -2839 -866 -26 133 133 -7 -3 -1 0
1 5581 137 -37 2 8 0 0 0 0 6 11 -7 90 21 -3587 -1054 -11 159 159 77 8 17 0
1 4672 123 -27 -11 10 0 0 0 0 11 8 -13 -1 7 -2479 -752 -21 119 119 -83 -5 -4 0
1 5623 139 -25 13 -6 0 0 0 0 0 2 1 6 7 -2908 -884 -26 140 140 11 -1 -14 0
1 5735 148 -51 12 10 0 0 0 0 5 17 -4 33 5 -2729 -781 2 120 120 -6 4 14 0
1 5624 132 -41 -10 0 0 0 0 0 11 9 -16 90 13 -2245 -666 -11 106 106 -7 -6 -11 0
1 4414 110 -69 9 16 0 0 0 0 7 27 -9 133 22 -1376 -438 -23 75 75 -3 3 -3 0
1 5622 132 -112 23 6 0 0 0 0 2 43 -6 398 62 -2016 -612 -19 101 101 -8 -3 10 0
1 4999 117 -51 -6 -29 0 0 0 0 5 6 -10 246 18 -1504 -486 -30 85 85 7 2 -14 0
1 5002 102 -15 -17 -10 0 0 0 0 9 -3 -16 -59 -24 -1485 -541 -65 103 103 37 4 4 0
1 4438 101 -15 -9 1 0 0 0 0 3 4 -8 -35 -30 -1616 -494 -18 84 84 0 -2 -2 0
1 5561 113 -37 -5 10 0 0 0 0 3 16 -9 55 -15 -2241 -636 3 103 103 63 5 -11 0
1 4998 125 3592 -4 -13 0 0 0 0 0 -2 -2 77 2 -1743 -530 -17 92 92 -77 -6 9 0
1 5000 125 -3584 -3 -17 0 0 0 0 3 -12 -1 39 4 -1688 -508 -15 88 88 19 2 2 0
1 10324 255 49 1 -4 0 0 0 0 -2 -19 8 163 -2 -3280 -969 -18 167 167 15 3 1 0
1 10000 230 -11 10 27 0 0 0 0 -3 15 5 58 -10 -2591 -802 -36 146 146 -26 -2 -4 0
1 10001 247 3524 12 2 0 0 0 0 -5 32 1 -10 -4 -2732 -808 -16 143 143 2 0 7 0
1 10000 210 -21 1 -6 0 0 0 0 0 6 -1 -6 -4 -2118 -615 -6 109 109 21 2 -3 0
1 10023 237 -26 -8 -1 0 0 0 0 1 8 -7 -11 -12 -1732 -503 -6 90 90 12 0 -1 0
1 10001 219 -51 14 -1 0 0 0 0 -8 22 8 17 -25 -1488 -420 4 74 74 -11 1 15 0
1 10024 207 -53 -7 -1 0 0 0 0 -2 18 -7 37 -18 -1178 -339 -2 60 60 3 0 -19 0
1 10000 232 -36 -4 6 0 0 0 0 -3 14 -3 4 -4 -1255 -357 1 64 64 -20 -3 1 0
1 10018 211 -18 -5 -8 0 0 0 0 -1 3 0 -1 -2 -969 -294 -11 56 56 40 4 5 0
1 10000 232 -1 -9 -18 0 0 0 0 4 -7 -5 5 -4 -812 -240 -5 44 44 3 2 -4 0
1 10030 239 23 0 -8 0 0 0 0 4 -11 0 3 -3 -689 -198 -1 37 37 -57 -8 -4 0
1 10001 243 44 8 -4 0 0 0 0 2 -16 6 20 -14 -709 -204 -1 38 38 41 6 15 0
1 10025 245 50 3 11 0 0 0 0 2 -15 2 19 -14 -634 -200 -12 39 39 29 5 -15 0
1 10000 234 -19 6 13 0 0 0 0 -4 13 3 10 -12 -530 -152 0 28 28 -4 -3 2 0
1 10030 252 -17 -5 2 0 0 0 0 1 6 -6 -9 -4 -566 -168 -5 32 32 -16 -2 7 1
1 10001 237 0 -8 -1 0 0 0 0 4 -2 -7 16 -3 -574 -171 -4 33 33 -59 -5 -11 0
1 14739 376 48 45 -109 116 -852 0 2 -17 -52 51 75 -32 -996 -287 -2 53 53 70 5 -1 0
1 10620 230 0 84 -27 0 0 0 0 -44 -10 66 44 3 -480 -146 -6 29 29 -9 2 9 0
1 10000 184 41 2 -9 0 0 0 0 1 -21 1 9 -11 -451 -152 -14 32 32 53 4 -2 0
1 10000 176 40 -9 1 0 0 0 0 7 -15 -9 33 0 -480 -148 -7 29 29 -25 -1 4 0
1 10000 193 -3574 0 1 0 0 0 0 2 -10 0 -17 -30 -540 -155 -2 30 30 2 -2 -9 0
1 9999 204 57 6 -30 0 0 0 0 -5 -38 3 -26 -29 -659 -186 2 34 34 21 1 5 0
1 10001 195 84 6 23 0 0 0 0 -9 -21 8 -4 -7 -592 -170 -1 32 32 -8 0 1 0
1 10000 185 30 -7 7 0 0 0 0 0 -7 -1 17 20 -440 -126 0 24 24 -33 -4 -6 0
1 10000 193 30 -3 -3 0 0 0 0 -3 -12 1 -8 -10 -198 -65 -6 14 14 -24 -2 7 0
1 10000 193 80 4 -7 0 0 0 0 -14 -33 8 -72 -79 -423 -101 13 16 16 28 5 -4 0
1 10000 190 48 6 10 0 0 0 0 -14 -8 13 11 -13 -343 -99 -1 19 19 7 0 0 0
1 10000 169 24 -2 1 0 0 0 0 -4 -7 1 17 -23 -264 -74 1 14 14 42 9 3 0
1 10000 197 -16 -2 7 0 0 0 0 4 9 -1 -34 -49 -320 -91 0 17 17 -5 -3 7 0
1 14034 241 -56 14 103 30 873 0 -2 2 78 15 76 1 -474 -153 -10 31 31 47 4 -11 0
1 10619 177 -65 10 34 0 0 0 0 6 41 -5 10 -5 -112 -36 -4 8 8 -17 3 20 0
1 9999 162 -50 -4 3 0 0 0 0 10 17 -11 -3 -7 -310 -87 1 17 17 18 1 -20 0
1 10158 159 -44 5 0 0 0 0 0 2 16 -4 2 -7 -106 -32 -1 6 6 1 -2 29 0
1 10000 142 -54 3 -3 0 0 0 0 3 19 -5 24 4 -204 -59 -1 12 12 15 6 -28 1
1 10000 147 -61 -3 3 0 0 0 0 4 24 -10 9 -8 -82 -30 -4 7 7 -17 -6 -3 0
1 12378 193 3583 8 -142 4 -1064 0 -2 -6 -70 17 21 -18 -469 -134 -1 26 26 23 4 3 0
1 6439 72 5 114 -26 160 0 -19 0 -77 -19 70 0 -1 363 94 -6 -17 -17 40 0 29 0
1 10009 50 -3592 67 -3 0 0 -53 0 -55 -7 35 7 -4 -721 -198 6 37 37 -82 -4 -31 0
1 9999 45 33 -5 0 0 0 -55 0 6 -13 -3 -13 -2 99 37 5 -8 -8 67 9 5 0
1 9985 43 7 -7 2 0 0 -53 0 7 -1 -4 5 -1 -30 -19 -7 4 4 -30 -6 2 0
1 10025 54 13 -8 4 0 0 -54 0 4 -2 -3 5 0 -122 -36 0 8 8 43 5 1 0
1 10008 37 21 -8 -4 0 0 -51 0 3 -11 -3 9 -2 -72 -21 0 4 4 -17 5 -5 0
1 9984 45 11 -4 1 0 0 -50 0 5 -4 -4 -5 -3 -76 -24 -2 5 5 -27 -9 -2 0
1 9982 43 27 -6 2 0 0 -51 0 2 -9 -2 4 0 -66 -12 4 1 1 1 -1 -6 0
1 10011 44 19 -11 -2 0 0 -50 0 6 -9 -5 1 -3 -89 -31 -4 7 7 -35 -4 6 0
1 15993 33 44 167 0 507 0 -34 0 -143 -19 68 -2 1 -210 -71 -7 15 15 70 14 -1 0
1 7421 -50 44 397 8 0 0 -29 0 -375 -4 -7 -1 0 291 73 -7 -12 -12 -39 -9 1 0
1 8827 -89 8 31 -4 0 0 -44 0 -32 -3 -14 22 4 -114 -30 2 5 5 -43 -2 9 0
1 7778 -68 -20 -39 -4 0 0 -40 0 37 2 15 -7 -2 -24 -6 1 2 2 29 -1 -9 0
1 9993 -105 -9 11 6 0 0 -47 0 -9 8 -1 -14 3 -15 -3 0 0 0 31 3 0 0
1 9999 -128 -17 -4 -4 0 0 -51 0 4 3 1 10 4 -142 -40 1 7 7 16 0 -3 0
1 9997 -142 -15 -4 1 0 0 -50 0 4 6 3 -15 5 -17 -5 0 1 1 -35 6 4 0
1 9998 -158 2 2 10 1 0 -50 0 1 7 1 -34 -2 -1 0 -1 0 0 -45 -15 -1 0
1 10001 -181 13 -13 -4 -1 0 -51 0 7 -7 1 -34 3 -2 6 6 -2 -2 69 2 -6 0
1 10005 -200 24 6 13 0 0 -49 0 -2 1 0 -6 14 -146 -34 4 6 6 -98 2 6 0
1 9978 -218 35 -7 -2 0 0 -51 1 -1 -13 -3 11 13 -526 -145 3 27 27 32 -2 9 0
1 16623 -357 -50 -20 -185 8 -1347 -4 1 25 -134 -34 -5 14 650 184 0 -36 -36 50 8 -13 0
1 10000 -236 -21 -4 -7 0 0 0 0 5 1 3 -12 1 337 93 -2 -18 -18 -92 -16 8 1
1 10000 -230 -33 -2 1 0 0 0 0 2 12 6 -27 5 28 12 3 -2 -2 39 2 -6 -1
1 10000 -222 -29 0 4 0 0 0 0 4 12 6 -5 52 114 35 1 -8 -8 -3 2 -2 1
1 10000 -230 -23 1 -2 0 0 0 0 -1 6 2 -16 7 147 45 2 -8 -8 -33 -8 7 -1
1 10000 -227 -76 2 -14 0 0 0 0 2 15 6 8 10 29 10 1 -3 -3 -50 0 3 0
1 10000 -215 3507 -4 -8 0 0 0 0 -1 26 8 17 51 126 38 1 -7 -7 21 0 -13 1
1 10000 -221 -87 -5 12 0 0 0 0 -5 40 8 70 88 157 30 -9 -4 -4 48 7 6 0
1 10000 -223 -70 9 -1 0 0 0 0 -17 23 0 -4 13 243 60 -6 -10 -10 -19 -3 1 0
1 10000 -198 -51 -1 2 0 0 0 0 -5 19 1 -7 16 328 89 -3 -16 -16 -25 0 0 0
1 10000 -223 -88 -4 -6 0 0 0 0 -13 21 -2 -44 0 326 95 2 -19 -19 19 1 0 0
1 10000 -204 -71 4 -1 0 0 0 0 -19 19 -6 -5 10 432 133 6 -27 -27 -42 -5 -6 0
1 10000 -207 -75 1 -2 0 0 0 0 -19 16 -7 -8 8 272 80 1 -15 -15 34 3 5 0
1 9272 -208 -56 0 16 -1 6 -4 -1 -16 22 -8 -1 8 367 108 2 -21 -21 -54 -4 -3 0
1 10728 -242 -22 12 161 -31 1378 0 3 -9 132 -30 -4 8 282 80 0 -16 -16 25 0 5 0
1 10000 -212 -2 -3 23 0 0 0 0 0 16 -4 -38 2 244 71 1 -14 -14 -34 0 2 0
1 10002 -230 -14 0 1 0 0 0 0 -2 5 -4 -25 13 248 83 8 -17 -17 -7 -4 -3 0
1 9998 -220 19 -4 10 0 0 0 0 8 6 2 -23 6 247 77 4 -15 -15 14 -1 -3 0
1 10000 -214 -2 -2 -3 0 0 0 0 0 -4 2 -15 4 453 134 4 -27 -27 -10 0 0 0
1 10000 -199 6 3 -1 0 0 0 0 0 -2 0 -7 3 295 87 2 -16 -16 -3 1 6 0
1 10000 -204 -6 1 -1 0 0 0 0 -4 -2 -1 -6 5 330 99 2 -20 -20 7 -1 0 0
1 10000 -215 -51 6 -14 0 0 0 0 -16 -2 -8 -3 5 207 59 1 -11 -11 -13 1 -4 0
1 10001 -211 -63 -9 -3 0 0 0 0 -11 3 -8 -10 14 249 74 1 -15 -15 36 2 3 0
1 9999 -210 -81 11 -2 0 0 0 0 -29 3 -20 3 4 316 90 0 -16 -16 -16 -5 -2 0
1 10001 -230 -86 0 3 0 0 0 0 -23 0 -17 -23 8 316 92 2 -18 -18 -2 4 0 0
1 10000 -210 -60 -5 -11 0 0 0 0 -12 -4 -6 -20 12 241 75 3 -15 -15 -55 -7 -6 0
1 12083 -258 -54 -15 101 -67 1012 -1 -2 -4 57 -37 -4 25 453 136 5 -26 -26 34 5 8 0
1 10618 -214 -36 -3 61 0 0 0 0 -7 29 -29 38 21 377 105 -2 -20 -20 -13 -4 -5 0
1 10000 -200 -17 -12 13 0 0 0 0 3 2 1 -106 -5 352 96 -3 -17 -17 -4 0 4 0
1 10000 -187 41 2 15 0 0 0 0 8 16 -3 -133 -3 274 103 16 -23 -23 -1 0 2 0
1 9999 -173 72 -6 17 0 0 0 0 24 18 4 -83 12 625 218 26 -47 -47 45 6 2 0
1 5619 -101 65 5 3 0 0 0 0 14 7 8 -14 1 498 157 9 -31 -31 -27 -2 -8 0
1 5620 -98 38 -2 -12 0 0 0 0 13 -2 12 5 23 464 139 4 -26 -26 12 1 6 0
1 5003 -97 39 2 2 0 0 0 0 10 1 5 28 16 504 149 3 -29 -29 12 0 0 0
1 4997 -83 37 1 2 0 0 0 0 10 5 6 -25 5 552 155 -1 -28 -28 20 2 1 0
1 4420 -84 19 -5 -13 0 0 0 0 8 -10 12 43 44 254 75 1 -14 -14 -56 -5 -6 0
1 5580 -89 22 1 2 0 0 0 0 7 3 2 42 25 459 130 -1 -24 -24 -2 0 1 0
1 5000 -73 36 0 3 0 0 0 0 10 3 6 26 19 391 102 -5 -17 -17 6 -1 -2 0
1 4998 -87 36 4 4 0 0 0 0 7 -1 4 -40 4 360 97 -4 -17 -17 0 1 4 0
1 4424 -73 8 14 4 0 0 0 0 -8 0 -5 -376 -62 266 74 -2 -12 -12 -19 -3 5 0
1 5578 -106 -25 8 -20 0 0 0 0 -14 -13 2 -255 -23 340 130 21 -30 -30 -25 -3 1 0
1 6090 -119 -31 -9 -7 0 0 0 0 -3 -4 1 -55 -7 127 141 65 -41 -41 47 3 -4 0
1 5616 -100 -32 1 -3 0 0 0 0 -8 0 -7 -292 -49 954 308 22 -61 -61 -52 -4 3 0
1 4415 -98 -15 6 5 0 0 0 0 -9 2 -7 -40 -7 659 217 18 -43 -43 21 3 -2 0
1 5622 -104 -17 -3 4 0 0 0 0 -3 2 -4 -29 -12 923 317 32 -65 -65 18 3 4 0
1 5000 -94 -13 -4 -4 0 0 0 0 1 2 0 -38 -10 890 283 17 -55 -55 -15 -3 -3 0
1 5000 -100 0 -8 2 0 0 0 0 5 0 3 -43 -8 916 282 12 -53 -53 -31 -4 4 0
1 4416 -76 -3 -2 0 0 0 0 0 1 1 0 -35 -9 807 251 13 -47 -47 12 1 -4 0
1 5584 -98 10 -1 5 0 0 0 0 3 3 0 -21 -5 908 280 11 -53 -53 -5 0 4 0
1 4413 -81 10 -6 5 0 0 0 0 6 2 2 -15 -4 671 206 8 -37 -37 10 1 -2 0
1 5618 -103 13 -1 2 0 0 0 0 5 2 2 -22 -3 963 288 7 -52 -52 8 2 0 0
1 4399 -80 11 3 -7 0 0 0 0 1 -4 4 -27 -7 751 224 6 -40 -40 -19 -6 5 0
