version: 66.14
glider: 194
mission: 16
dive: 106
start: 6 3 125 18 23 37
columns: rec,elaps_tms,depth,heading,pitch,roll,AD_pitch,AD_roll,AD_vbd,GC_phase,mag.x,mag.y,mag.z,sbect.TempFreq,sbect.CondFreq,aa4330.O2,aa4330.AirSat,aa4330.Temp,aa4330.CalPhase,aa4330.TCPhase,wlbb2fl.sig470nm,wlbb2fl.sig700nm,wlbb2fl.sig695nm,wlbb2fl.temp,
data:
0 10002 -1685 816 -724 58 213 3036 371 6 485 -225 109 228646 168574 256934 83702 16198 32165 32165 635 138 254 566
1 5007 2 68 -14 -58 0 0 0 0 -2 -13 -9 2050 -13 -302 -58 23 3 3 -137 -8 -1 -1
1 4624 6 -69 12 59 0 0 0 0 3 12 7 -1947 -32 -9 18 12 -4 -4 257 19 -25 0
1 5619 2 32 -1 -34 0 0 0 0 -3 -9 -1 -288 -5 -167 -5 28 -5 -5 -70 2 1 0
1 5000 -11 -2 -5 32 0 0 0 0 2 8 5 7 3 -36 -31 -11 6 6 167 5 60 0
1 5001 10 25 -5 -23 0 0 0 0 -2 -6 -4 -16 -3 -464 -40 62 -9 -9 19 26 -41 0
1 4685 3 -90 16 56 0 0 0 0 5 15 3 836 11 231 44 -17 -1 -1 -109 -35 23 0
1 5619 -4 58 -12 -76 0 0 0 0 -2 -19 -15 -504 7 24 33 14 -7 -7 57 15 4 0
1 4419 9 -49 11 42 0 0 0 0 1 7 6 1087 1 -624 -80 70 -4 -4 -85 0 3 0
1 5581 -4 37 2 -52 0 0 0 0 -3 -10 -2 -525 -3 -453 -86 36 4 4 20 -10 -4 0
1 4569 -3 -33 -5 42 0 0 0 0 4 9 -2 291 -9 91 41 6 -7 -7 -195 -15 -39 0
1 5621 2 22 -5 -26 0 0 0 0 -1 -5 -5 -463 4 -72 18 24 -7 -7 359 29 49 0
1 6561 -4 29 3 -25 -1 1 0 -4 -3 -5 3 -1134 -2 98 55 12 -12 -12 -78 2 -9 0
1 5587 -2 -23 -5 52 0 0 161 0 2 10 5 590 5 -333 -25 48 -6 -6 -319 -25 -31 0
1 6306 4 48 -11 -16 0 0 177 0 -1 -3 1 460 7 160 16 -20 3 3 85 -11 -17 0
1 5610 3 28 -2 -35 0 0 158 0 -2 -6 -4 -453 5 -236 -41 20 0 0 -82 -4 17 0
1 5612 15 -41 -19 79 1 0 159 0 8 14 -5 412 -4 -1311 -437 -4 63 63 157 25 56 0
1 5580 3 31 4 -63 -1 0 157 0 -3 -11 -6 -18 -33 25949 6136 -1231 -571 -571 37 -7 -33 0
1 7339 -4 56 -3 -29 1 0 203 0 -2 -2 6 349 15 -4830 -467 569 -60 -60 -56 -2 24 0
1 5641 19 -70 -10 85 0 0 150 0 7 13 -4 -71 21 23295 3852 -1799 -110 -110 18 -6 -46 -1
1 5616 30 50 0 -42 0 0 146 0 -5 -9 3 1843 -60 18867 4406 -675 -394 -394 -77 2 20 1
1 5619 17 31 -13 -26 0 0 146 0 2 -4 -10 1012 -66 12438 3044 -342 -284 -284 -155 -12 -22 0
1 5641 25 -1 -9 10 0 0 143 0 2 3 -5 -258 -98 7636 1953 -161 -189 -189 101 16 127 0
1 5637 16 -12 -7 -35 0 1 149 0 4 -7 -21 210 -252 6287 1349 -238 -100 -100 186 10 -2 0
1 5615 25 -74 -6 -15 0 -1 153 0 4 -6 -35 411 -310 5027 1259 -109 -116 -116 -37 -6 -12 0
1 5636 48 73 -17 -126 -1 0 162 0 0 -8 -35 55 -72 4204 854 -171 -57 -57 53 8 112 -1
1 5638 84 44 1 11 1 0 179 0 -3 -2 19 536 -217 3337 802 -82 -69 -69 187 17 73 0
1 5615 126 -219 -4 238 0 0 196 0 9 25 5 810 -390 2550 222 -222 24 24 -252 -31 26 0
1 10359 366 -209 10 145 5 0 119 -1 12 23 -16 640 -242 1521 -351 -331 110 110 -32 -4 -69 1
1 5795 261 -22 28 -18 1347 1 0 0 0 4 10 989 199 -2029 -947 -144 134 134 -234 -22 -119 -1
1 5847 285 -7 106 -59 1319 0 1 5 -8 20 74 1511 276 -2598 -1545 -326 244 244 -87 -11 -149 0
1 7541 331 67 198 -117 241 -1 0 0 -82 -26 147 547 121 -10227 -3434 -193 435 435 -60 -8 -63 1
1 5618 205 13 95 -42 0 0 0 0 -58 -24 54 182 50 -7803 -2505 -105 320 320 18 4 5 -1
1 4405 131 -18 42 33 0 0 0 0 -23 23 32 117 20 -5287 -1650 -52 212 212 -18 -5 -22 0
1 5619 157 -3 12 14 0 0 0 0 -8 12 12 56 21 -6533 -1973 -37 253 253 21 4 8 0
1 5001 120 20 32 -14 0 0 0 0 -28 -14 15 156 38 -4669 -1465 -53 198 198 -8 -2 3 0
1 4999 114 -8 -10 -8 0 0 0 0 10 -4 -8 94 28 -4202 -1313 -47 180 180 -15 -3 -31 0
1 4449 106 -25 6 9 0 0 0 0 3 10 1 139 28 -3770 -1140 -24 155 155 -4 -1 -13 0
1 5551 114 -16 1 14 0 0 0 0 3 14 3 150 23 -4307 -1308 -32 182 182 -12 0 2 0
1 4423 83 48 -11 -43 0 0 0 0 -5 -39 -12 495 83 -3456 -1053 -28 149 149 11 0 -29 0
1 5578 136 49 -12 -6 0 0 0 0 -7 -8 2 22 13 -3673 -1192 -66 179 179 -6 1 11 0
1 4403 95 51 -2 1 0 0 0 0 -14 -4 8 29 4 -3657 -1132 -40 167 167 -12 -2 -16 0
1 5622 149 20 9 -8 0 0 0 0 -13 -4 7 -7 5 -4254 -1255 -16 182 182 -12 0 -2 0
1 7442 160 40 8 21 11 1 1 -3 -19 13 18 10 2 -4674 -1376 -18 203 203 25 2 13 0
1 8309 176 40 33 77 89 831 0 1 -39 59 41 76 11 -3847 -1129 -12 168 168 -5 1 -3 0
1 5615 124 41 24 25 0 0 0 0 -33 24 19 146 19 -2457 -715 -5 108 108 5 -1 -9 0
1 4426 80 39 4 2 0 0 0 0 -16 5 6 107 9 -1399 -454 -28 75 75 18 4 -6 0
1 5578 108 2 13 7 0 0 0 0 -12 7 5 48 6 -1974 -587 -11 91 91 -25 -4 0 0
1 4420 69 -4 8 8 0 0 0 0 -5 7 4 30 2 -1144 -379 -28 64 64 58 6 6 0
1 10581 163 -29 17 -1 0 0 0 0 -5 2 1 139 16 -2985 -906 -27 146 146 16 4 -6 0
1 10000 166 -22 6 8 0 0 0 0 2 3 0 40 8 -2466 -754 -26 124 124 -16 -1 0 0
1 10001 127 -43 3 5 0 0 0 0 12 0 -3 14 3 -2141 -635 -12 102 102 23 2 0 0
1 10000 150 -46 2 0 0 0 0 0 14 1 -5 43 3 -1748 -522 -12 86 86 -11 -2 4 0
1 10000 128 -38 2 2 0 0 0 0 11 2 -4 21 -1 -1640 -479 -6 78 78 47 6 4 0
1 9999 149 -40 -9 -4 0 0 0 0 22 -4 -9 14 1 -1222 -357 -4 59 59 -36 -3 -4 0
1 10001 136 -19 1 -4 0 0 0 0 5 -2 -3 189 10 -1039 -328 -17 57 57 -17 -4 -8 0
1 9999 149 -17 -2 0 0 0 0 0 7 2 -3 72 11 -1143 -367 -23 65 65 -5 -1 -5 0
1 11135 164 -48 7 -8 -1 -9 1 0 11 -1 -5 207 16 -1384 -462 -38 85 85 33 7 9 0
1 8325 99 -11 27 -96 32 -805 0 2 -16 -73 -10 7 -5 -1217 -384 -21 67 67 46 2 -8 1
1 10619 118 3 19 -20 0 0 0 0 -16 -17 1 13 -1 -1667 -482 -4 81 81 -54 -2 1 0
1 10000 113 42 2 -6 0 0 0 0 -17 -10 3 14 -5 -1181 -346 -5 59 59 14 0 4 0
1 10000 98 20 -1 -3 0 0 0 0 -7 -3 2 7 1 -931 -274 -5 47 47 9 1 -3 0
1 10001 90 30 -4 3 0 0 0 0 -6 -2 1 16 -3 -790 -236 -6 42 42 -9 0 1 0
1 10000 98 32 2 1 0 0 0 0 -14 0 5 -2 0 -647 -192 -4 33 33 48 3 1 0
1 9999 96 32 -3 1 0 0 0 0 -8 -4 1 -9 -1 -633 -179 1 30 30 -47 -2 3 0
1 10000 101 27 4 -4 0 0 0 0 -14 -2 3 18 -4 -466 -134 -1 23 23 -2 -3 -6 0
1 10000 87 28 -3 6 0 0 0 0 -8 6 4 18 -3 -432 -131 -5 23 23 7 2 2 0
1 10000 109 18 7 3 0 0 0 0 -11 1 4 -1 0 -378 -113 -3 21 21 11 1 1 0
1 10000 90 82 -10 -8 0 0 0 0 -20 -2 3 -39 -1 -369 -104 1 17 17 32 2 0 0
1 10000 94 50 4 1 0 0 0 0 -20 2 5 44 -11 -302 -79 4 13 13 -34 -1 -6 0
1 11084 111 40 -3 75 0 810 0 -2 -10 71 22 60 -4 -180 -68 -10 13 13 -10 -2 -1 0
1 10618 119 -33 5 52 0 0 0 0 5 39 6 25 -3 -482 -156 -11 30 30 10 -1 5 0
1 10002 96 -36 1 -4 0 0 0 0 12 -3 -2 89 2 -429 -137 -8 25 25 -31 1 -4 0
1 9998 107 -48 0 1 0 0 0 0 16 -2 -3 -3 -6 -637 -200 -11 37 37 34 2 0 0
1 10001 100 -44 1 2 0 0 0 0 14 -2 -3 3 -6 -634 -184 -2 33 33 -17 -1 1 0
1 10000 105 -44 0 1 0 0 0 0 15 -1 -4 5 -1 -539 -158 -3 28 28 2 -1 -1 0
1 10000 94 -41 0 0 0 0 0 0 14 1 -4 -4 -2 -349 -101 -1 18 18 25 2 1 0
1 10000 96 -53 4 1 0 0 0 0 16 1 -5 34 4 -511 -149 -2 26 26 5 1 0 0
1 10000 113 -45 -4 -1 0 0 0 0 20 2 -6 13 2 -318 -101 -6 19 19 -35 -4 7 0
1 8885 92 -65 2 -16 0 -42 0 0 20 -6 -9 78 12 -275 -82 -2 15 15 21 1 -7 0
1 11116 103 -39 -6 -90 0 -774 0 2 21 -68 -25 21 -1 -397 -138 -15 28 28 4 3 3 0
1 9999 105 -42 8 -12 0 0 0 0 8 -1 -4 28 -1 -435 -132 -6 24 24 -18 -3 -1 0
1 10001 97 -35 4 -11 0 0 0 0 6 1 -3 12 -4 -520 -155 -4 28 28 23 1 -2 0
1 9999 95 -40 3 5 0 0 0 0 11 12 -1 5 -18 -376 -114 -4 22 22 -15 -1 6 0
1 10000 92 -34 1 2 0 0 0 0 9 11 -2 4 -30 -398 -116 -2 20 20 -3 1 -2 0
1 10001 94 -15 1 -5 0 0 0 0 3 1 -1 12 -2 -397 -115 -1 21 21 0 0 -3 0
1 9999 98 15 -6 2 0 0 0 0 0 -2 -1 12 -3 -322 -97 -3 17 17 19 1 6 0
1 10000 92 -1 4 -2 0 0 0 0 -1 -3 0 11 -4 -394 -113 0 21 21 -48 -4 -7 0
1 10000 78 7 -1 0 0 0 0 0 -2 -1 0 41 10 -319 -100 -6 19 19 40 1 1 0
1 10000 98 2 0 0 0 0 0 0 -1 -2 0 21 1 -273 -86 -5 16 16 -27 0 -9 0
1 10000 94 -1 -2 -1 0 0 0 0 2 0 -1 113 25 -288 -91 -6 18 18 11 1 3 0
1 10000 87 -10 2 1 0 0 0 0 2 3 0 61 16 -226 -87 -14 19 19 -3 0 -1 0
1 9975 77 32 -3 -86 0 -1288 0 0 -7 -70 -23 387 82 -283 -134 -32 32 32 72 5 10 0
1 14006 125 113 19 -104 0 -128 0 -2 -49 -101 -38 -35 -39 -844 -314 -46 68 68 -4 1 64 1
1 9999 95 89 -2 -5 0 0 0 0 -31 -17 1 -39 -26 -302 -95 -6 18 18 -16 -1 -66 -1
1 9191 77 59 -3 14 0 37 0 -1 -19 1 9 23 -18 -669 -191 0 35 35 -27 -3 -2 1
1 11126 85 33 -23 162 1 1351 0 3 6 118 70 19 -1 -530 -155 -3 29 29 -28 -2 1 -1
1 10000 97 20 8 9 0 0 0 0 -14 4 6 67 14 -542 -158 -3 29 29 -1 1 7 1
1 10000 82 22 2 0 0 0 0 0 -10 0 3 53 13 -360 -121 -12 24 24 28 0 -12 -1
1 10000 84 -2 6 2 0 0 0 0 -4 2 2 10 2 -380 -121 -8 25 25 -12 -1 3 0
1 10000 97 -6 1 3 0 0 0 0 2 0 -1 25 1 -362 -109 -4 21 21 1 -1 0 1
1 10000 75 8 0 1 0 0 0 0 -3 1 2 11 -11 -331 -104 -6 20 20 46 6 0 0
1 10000 90 15 -2 0 0 0 0 0 -4 -1 1 -30 -29 -268 -82 -4 16 16 -33 -1 1 0
1 10000 90 -1 3 -3 0 0 0 0 -2 0 0 -22 -20 -329 -86 5 15 15 -7 -3 0 0
1 10000 85 19 -2 1 0 0 0 0 -5 -1 1 15 3 -178 -49 1 8 8 46 2 -1 0
1 10000 89 13 2 -5 0 0 0 0 -7 0 1 -39 -25 -272 -78 -1 14 14 -11 1 4 0
1 10000 87 30 -1 -1 0 0 0 0 -10 1 2 -45 -38 -238 -60 5 11 11 -5 -1 -4 0
1 10000 80 26 -3 3 0 0 0 0 -6 0 2 -70 -34 -63 -7 7 -1 -1 28 2 1 0
1 11092 89 -11 -3 87 -1 845 0 -2 6 74 23 -18 -27 -153 -22 13 1 1 -40 -1 -6 0
1 10622 90 -43 3 39 0 0 0 0 12 32 4 -119 -68 -78 -15 5 2 2 28 4 11 -1
1 10001 87 -66 2 10 0 0 0 0 22 9 -5 -432 -174 -123 6 25 -8 -8 24 3 1 1
1 10000 91 -67 9 -3 0 0 0 0 16 1 -4 -110 -68 -181 37 56 -21 -21 24 4 -6 0
1 10176 75 -46 -5 3 0 0 0 0 21 5 -5 -77 -44 195 103 30 -26 -26 22 2 5 0
1 11485 84 -31 -7 -83 0 -825 0 2 18 -65 -22 -17 -16 247 102 19 -24 -24 -27 -3 -2 0
1 10619 101 -18 -3 -38 0 0 0 0 8 -26 -11 4 -5 249 84 9 -17 -17 12 1 -3 0
1 10000 91 0 8 -6 0 0 0 0 -6 -6 1 -68 -33 258 82 5 -17 -17 111 9 16 0
1 10000 68 30 -3 3 0 0 0 0 -8 -3 1 -140 -64 121 63 18 -15 -15 -89 -7 -7 0
1 9999 79 33 2 -4 0 0 0 0 -14 -5 4 -47 -27 179 75 15 -18 -18 33 4 0 0
1 10001 83 20 1 -1 0 0 0 0 -7 -5 0 16 -6 79 36 8 -8 -8 20 4 8 0
1 10000 84 17 2 -5 0 0 0 0 -9 -4 1 -61 -16 217 69 5 -14 -14 -46 -4 -9 0
1 10000 81 28 -2 8 0 0 0 0 -7 1 3 5 -4 110 49 11 -11 -11 12 2 -1 0
1 10000 75 21 3 -2 0 0 0 0 -11 -1 3 5 2 234 72 3 -14 -14 14 -2 6 0
1 10000 73 26 0 0 0 0 0 0 -9 -1 2 -27 -15 91 27 1 -6 -6 -12 1 2 0
1 10000 84 23 -6 -6 0 0 0 0 -4 -5 -1 -66 -35 -20 3 5 -2 -2 -9 -1 0 0
1 10000 75 20 4 5 0 0 0 0 -10 5 4 -12 -16 75 36 9 -8 -8 -6 3 0 0
1 10000 78 21 -1 -2 0 0 0 0 -7 -2 2 -20 -13 23 14 5 -4 -4 67 5 6 0
1 11078 79 20 -8 84 1 824 0 -2 0 70 22 -1 -6 172 53 3 -10 -10 -56 -8 -10 0
1 10622 91 -45 5 36 0 0 0 0 11 32 3 159 43 -18 -4 0 0 0 167 15 0 0
1 10001 74 -44 2 8 0 0 0 0 14 6 -2 -48 -16 174 17 -20 3 3 -102 -10 0 0
1 9999 83 -67 8 -2 0 0 0 0 17 3 -4 -128 -61 -185 -43 6 6 6 20 5 7 0
1 10000 78 -60 -3 -1 0 0 0 0 25 1 -8 16 -8 -168 -21 16 -1 -1 -42 -3 -2 0
1 12998 91 -78 1 -83 0 -844 0 2 29 -60 -24 185 53 -88 -44 -11 11 11 16 -2 -1 0
1 10620 93 -23 -10 -33 0 0 0 0 15 -19 -12 -15 -5 149 17 -16 1 1 21 7 -2 0
1 10000 75 -25 5 -9 0 0 0 0 3 -1 -2 -69 -30 -243 -67 1 12 12 18 -3 1 0
1 10000 74 -3 2 1 0 0 0 0 1 -1 -1 -20 -12 -162 -36 7 5 5 -21 0 -7 0
1 9999 73 -6 3 -7 0 0 0 0 -3 -1 1 -47 -29 -68 -11 5 1 1 24 1 2 0
1 10000 80 1 1 9 0 0 0 0 -1 6 2 -19 -11 -88 -14 7 0 0 -68 -4 4 0
1 10000 79 18 -6 -4 0 0 0 0 -1 -7 -2 -6 -4 -18 0 3 -1 -1 17 5 4 0
1 10000 82 18 6 -1 0 0 0 0 -10 -4 4 -5 -7 0 5 3 -2 -2 -35 -9 -5 0
1 10000 66 22 5 -2 0 0 0 0 -11 -8 1 29 1 5 5 2 -1 -1 61 7 1 0
1 10000 76 61 -7 2 0 0 0 0 -16 -7 4 -47 -48 71 16 -2 -2 -2 76 4 2 0
1 10002 69 57 2 2 0 0 0 0 -21 -7 4 -18 -22 -119 -25 5 3 3 -48 -1 13 0
1 9998 82 37 2 0 0 0 0 0 -15 -4 4 -2 -4 2 5 3 -2 -2 -55 -4 -3 0
1 10000 64 26 -1 -7 0 0 0 0 -10 -3 1 -3 -3 23 9 2 -1 -1 10 0 -4 0
1 10002 67 31 -2 7 0 0 0 0 -9 3 4 -6 -5 -42 -10 1 1 1 35 2 0 0
1 9999 71 17 2 -2 0 0 0 0 -8 -2 1 -8 -7 -74 -19 1 3 3 -20 -1 0 0
1 9999 73 23 0 5 0 0 0 0 -8 2 4 -6 -4 5 4 2 0 0 -48 -2 2 0
1 10002 72 19 2 -5 0 0 0 0 -9 -2 -1 -4 -3 43 13 0 -3 -3 56 4 0 1
1 9998 64 14 -2 2 0 0 0 0 -4 2 2 3 -1 -70 -18 2 2 2 2 0 -1 -1
1 10000 63 19 2 -4 0 0 0 0 -8 0 2 -3 -3 21 5 -1 0 0 -47 -3 -1 0
1 14334 88 23 -10 87 -1 855 0 -2 1 72 23 -4 -3 -283 -78 1 14 14 32 1 8 0
1 10618 88 -32 -1 40 0 0 0 0 12 33 4 -11 -11 245 70 1 -13 -13 -37 -2 -9 0
1 9999 79 -32 6 -1 0 0 0 0 5 3 -1 -18 -10 -34 -7 1 1 1 68 5 6 0
1 10000 69 -14 2 8 0 0 0 0 4 6 0 3 -13 22 10 3 -3 -3 12 7 -4 0
1 10000 92 -11 -9 6 0 0 0 0 11 3 -2 -3 -8 -8 -1 0 0 0 -5 -7 8 1
1 10001 75 18 28 -15 0 0 0 0 -30 -13 4 107 -16 -55 -14 1 3 3 47 14 5 -1
1 9999 67 -59 -27 -11 0 0 0 0 44 -9 -11 23 -3 22 -19 -15 7 7 74 4 -2 0
1 10000 54 -69 0 10 0 0 0 0 26 8 -6 48 -3 -248 -85 -9 17 17 150 13 8 0
1 9337 66 -60 20 -22 1 -9 0 0 3 -9 -3 26 0 -301 -99 -9 21 21 -104 -6 -11 0
1 10664 52 -9 -23 -77 0 -837 0 2 24 -64 -25 15 1 -391 -114 -1 21 21 73 11 7 0
1 9999 39 83 -4 -45 0 0 0 0 -26 -45 -9 3 -4 -301 -92 -4 17 17 -19 -1 -2 1
1 10003 61 41 12 -3 0 0 0 0 -25 -6 5 32 2 -193 -65 -6 14 14 60 0 9 -1
1 9997 78 -3 -4 26 0 0 0 0 5 21 8 -75 2 -221 -66 -2 12 12 -95 -7 -3 0
1 10002 53 10 4 5 0 0 0 0 -8 5 5 -11 1 -301 -78 5 14 14 1 7 -9 1
1 9998 65 13 15 -32 0 0 0 0 -17 -30 -9 10 -2 -101 -30 -1 6 6 2 -10 3 -1
1 10000 41 9 -11 19 0 0 0 0 6 19 7 63 -4 -172 -38 7 5 5 -9 2 -2 1
1 10000 75 23 -25 -13 0 0 0 0 13 -12 -9 11 0 -5 -9 -5 3 3 134 12 -1 -1
1 10002 80 65 17 8 0 0 0 0 -38 5 12 -23 0 -90 -32 -4 6 6 -143 -15 -7 1
1 9998 73 58 -7 14 0 0 0 0 -13 17 10 8 0 -115 -33 0 6 6 62 7 15 0
1 10000 73 31 9 2 0 0 0 0 -19 5 4 38 -1 -73 -29 -5 7 7 21 5 -7 -1
1 10000 84 3 1 -7 0 0 0 0 -1 -6 -1 0 -3 -187 -56 -2 11 11 35 5 0 1
1 10000 72 15 4 -1 0 0 0 0 -9 -1 0 11 -1 -73 -23 -1 4 4 -74 -11 2 0
1 10000 82 -19 10 9 0 0 0 0 -3 6 2 -5 -9 -114 -36 -2 7 7 29 6 4 -1
1 10000 71 3 -13 -22 0 0 0 0 11 -16 -8 3 -7 -145 -42 0 8 8 13 -1 2 0
1 10000 91 13 3 8 0 0 0 0 -7 5 4 0 6 -100 -28 0 6 6 60 7 -6 1
1 11199 84 36 7 -31 4 -303 0 -4 -18 -20 -7 0 -8 -26 -9 -1 2 2 -42 -5 6 -1
1 7637 32 35 26 -4 35 0 -28 0 -34 -1 2 -6 -18 338 96 -1 -18 -18 15 -3 -4 0
1 9982 40 29 12 4 -1 -1 -55 0 -19 9 5 0 -22 -638 -180 2 33 33 4 -1 2 1
1 10010 36 46 -15 4 0 1 -55 0 -2 6 1 1 -20 19 7 1 -2 -2 -46 -4 -2 0
1 10003 55 49 6 -2 0 0 -54 0 -18 7 3 -1 -3 -35 -11 -1 2 2 42 -1 11 0
1 10010 45 44 -9 0 0 0 -54 0 -2 10 4 4 -12 -137 -39 0 8 8 -66 0 -2 0
1 9984 44 55 0 3 0 0 -52 0 -13 12 3 9 -5 -65 -19 0 3 3 -53 -1 5 0
1 10009 47 52 -10 -1 1 0 -53 0 -1 11 3 32 -28 30 7 -1 -1 -1 71 3 0 0
1 10002 61 74 -1 1 0 0 -51 0 -10 19 6 21 -16 -185 -58 -3 12 12 14 -1 -13 0
1 10001 52 62 -9 4 0 0 -53 0 -4 16 3 42 -22 -214 -67 -4 13 13 14 0 9 0
1 10005 55 57 -6 -3 -1 0 -49 0 -1 11 3 -1 2 -1063 -316 -9 61 61 -57 -3 2 -1
1 9987 57 36 -2 0 1 0 -52 0 -4 8 1 6 2 1654 472 1 -88 -88 430 44 35 1
1 9469 31 89 -14 2 -1 0 -47 4 8 25 5 123 -34 -924 -265 -1 50 50 -291 -25 -39 0
1 14075 63 115 147 6 360 -1 -2 -4 -138 36 -25 -9 -11 -399 -139 -16 29 29 327 45 13 0
1 7574 -41 20 288 0 0 1 -34 0 -228 10 -147 17 -6 248 53 -11 -7 -7 -79 -11 -3 0
1 9282 -64 -95 21 -7 0 0 -44 0 -10 -29 -13 -44 11 -599 -169 0 31 31 -208 -19 2 0
1 9611 -48 -87 -29 0 0 0 -50 0 25 -24 21 -87 30 144 44 2 -8 -8 -95 -13 5 0
1 9985 -69 -60 11 1 0 -1 -49 0 -1 -15 -4 -11 9 -406 -107 6 18 18 -105 -13 -5 0
1 10001 -64 -89 -11 7 0 1 -49 0 17 -20 11 -49 22 -394 -100 8 17 17 -5 -5 -10 0
1 9999 -62 -94 6 2 0 0 -50 0 12 -21 3 -30 25 -13 4 5 -2 -2 -91 -11 1 0
1 10021 -72 -74 -8 2 0 0 -52 0 19 -17 10 -20 26 -28 6 8 -3 -3 -10 1 6 0
1 9991 -89 -76 -3 -5 0 0 -50 0 20 -17 9 -3 14 39 19 6 -5 -5 67 5 -10 0
1 9993 -85 -58 5 2 0 0 -49 0 11 -7 5 5 36 -196 -49 4 8 8 36 0 -11 -1
1 10014 -104 -5 -19 0 0 0 -51 0 15 0 11 3 17 514 148 1 -28 -28 -37 -8 -1 1
1 9997 -113 18 -12 13 0 0 -49 0 3 10 7 -20 8 325 93 0 -17 -17 -84 -4 -4 0
1 9981 -133 44 17 -10 0 0 -51 0 -23 1 -16 -48 6 226 72 5 -15 -15 1 0 3 0
1 17125 -224 -84 -57 -166 1 -1360 -20 2 61 -125 -35 0 2 236 74 4 -15 -15 61 5 4 0
1 10013 -116 19 30 -4 0 0 0 0 -27 5 -16 -139 -17 495 162 13 -33 -33 -1 -4 1 0
1 9998 -151 -121 -26 -35 0 0 0 0 54 -43 -2 -27 -5 284 100 13 -21 -21 -32 -1 -4 0
1 10000 -122 -56 11 19 0 0 0 0 10 5 11 23 4 428 132 6 -27 -27 94 12 4 0
1 9999 -129 -101 -5 1 0 0 0 0 39 -9 12 -19 -2 352 102 1 -18 -18 -5 6 1 0
1 10001 -127 -70 16 0 0 0 0 0 11 1 6 21 2 257 77 2 -16 -16 -106 -16 -7 0
1 9999 -136 -85 -15 -2 0 0 0 0 40 0 16 -16 -6 254 68 -3 -11 -11 51 6 6 0
1 10001 -119 -69 7 9 0 0 0 0 18 11 15 4 3 108 36 3 -7 -7 -7 0 -1 0
1 8830 -113 -53 3 77 -1 1214 -2 0 16 61 47 -9 2 202 57 0 -11 -11 75 5 -3 0
1 11170 -155 -25 26 103 1 175 0 2 -17 90 38 5 0 100 29 1 -6 -6 -160 -14 -3 0
1 9999 -117 -23 -1 5 0 0 0 0 8 8 5 -47 20 47 14 0 -2 -2 -19 -7 2 0
1 10001 -140 8 -10 -1 0 0 0 0 5 -1 1 -13 24 86 36 7 -9 -9 -140 -16 -3 0
1 10001 -135 11 0 0 0 0 0 0 -3 -3 -2 9 14 271 81 2 -15 -15 20 0 -1 0
1 9999 -128 7 4 2 0 0 0 0 -4 -1 -1 4 5 310 89 0 -16 -16 -4 0 2 0
1 10000 -146 3 2 1 0 0 0 0 -2 0 -1 10 5 151 42 0 -8 -8 -11 1 -3 0
1 10000 -130 11 1 0 0 0 0 0 -5 -1 -1 14 13 96 26 -1 -5 -5 17 -1 3 0
1 10002 -139 -20 -2 -9 0 0 0 0 8 -5 0 9 6 168 44 -3 -6 -6 16 4 3 0
1 10000 -141 -26 -1 8 0 0 0 0 9 12 6 58 37 132 33 -3 -6 -6 39 -1 -12 0
1 10000 -135 -18 -4 -1 0 0 0 0 6 5 3 47 55 74 10 -6 0 0 -54 1 0 0
1 9998 -137 -65 8 -3 0 0 0 0 13 12 6 203 91 104 12 -11 1 1 40 3 -4 0
1 10002 -153 -85 3 -7 0 0 0 0 13 20 7 1 34 -88 -67 -27 18 18 2 1 -4 0
1 9997 -129 -24 -6 9 0 0 0 0 13 14 5 -6 5 -18 -18 -8 5 5 -53 -5 1 0
1 10000 -144 -34 0 -2 0 0 0 0 5 10 2 0 4 -50 -18 -2 4 4 39 1 1 0
1 10002 -145 -24 0 2 0 0 0 0 5 9 3 -14 3 -86 -26 -1 5 5 -5 0 -3 0
1 10000 -140 -46 1 -3 0 0 0 0 4 14 3 -36 -6 23 8 1 -1 -1 19 0 -2 0
1 10000 -143 -41 4 0 0 0 0 0 4 14 2 12 20 36 18 5 -5 -5 -74 -6 7 0
1 10000 -139 -30 -5 2 0 0 0 0 5 13 2 -24 -3 -1 -1 0 0 0 -6 -1 -3 0
1 14188 -220 -11 -13 116 -54 1123 -1 -2 13 107 1 8 6 -105 -26 2 5 5 -5 2 -3 0
1 10621 -127 59 -16 68 0 0 0 0 11 37 -5 -106 -22 410 117 0 -22 -22 40 3 3 0
1 10000 -135 64 -1 1 0 0 0 0 -7 -21 3 25 25 -77 0 13 -3 -3 11 1 -4 0
1 10000 -124 58 -2 -2 0 0 0 0 -13 -20 2 2 4 172 48 0 -9 -9 -25 -2 -3 0
1 9999 -124 64 1 -2 0 0 0 0 -14 -22 0 1 3 102 29 0 -5 -5 40 3 10 0
1 10001 -130 65 3 3 0 0 0 0 -18 -16 -1 0 1 124 37 1 -7 -7 -29 -2 1 0
1 10001 -125 41 1 -3 0 0 0 0 -12 -13 -1 4 11 208 59 0 -10 -10 -10 -1 -6 0
1 9999 -129 48 -2 -3 0 0 0 0 -14 -13 -3 3 7 14 4 0 -1 -1 7 -2 0 0
1 10000 -131 57 -1 2 0 0 0 0 -16 -10 -3 33 14 71 19 -1 -3 -3 -18 -1 -1 0
1 10000 -118 49 4 0 0 0 0 0 -18 -10 -4 -5 5 89 18 -4 -3 -3 -8 -2 2 0
1 11021 -149 53 -4 -14 0 -11 -1 -1 -15 -19 -4 10 6 65 18 -1 -3 -3 53 4 -3 0
1 9353 -108 14 -49 -142 -40 -1151 0 3 38 -123 -22 -6 -1 151 42 -1 -7 -7 -81 -6 -2 0
1 10619 -89 28 -27 -17 0 0 0 0 13 -17 -4 -3 -2 54 14 0 -3 -3 -31 -4 -3 0
1 10001 -87 21 -1 -3 0 0 0 0 -7 -3 -3 14 11 -76 -18 2 3 3 58 6 9 0
1 10000 -78 1 3 0 0 0 0 0 -3 -1 0 5 3 105 28 -2 -5 -5 -36 -4 -4 0
1 10000 -71 -7 1 -3 0 0 0 0 1 0 0 14 10 -9 -7 -2 2 2 26 1 1 0
1 10000 -76 0 -3 0 0 0 0 0 3 -1 0 12 26 -31 -11 -2 2 2 -32 0 2 0
1 10000 -76 16 2 -1 0 0 0 0 -7 -3 -3 506 222 84 20 -2 -3 -3 -6 -3 -10 0
1 10000 -67 59 5 4 0 0 0 0 -25 2 -4 138 52 306 -1 -55 15 15 -31 -4 0 0
1 9999 -82 60 -2 -3 0 0 0 0 -20 -1 -5 208 120 -218 -124 -38 32 32 -1 0 3 0
1 10000 -67 43 -2 3 0 0 0 0 -13 5 -3 146 68 -49 -79 -41 24 24 -44 -10 -3 0
1 10001 -83 -3 -5 1 0 0 0 0 5 -1 2 7 48 -178 -102 -32 27 27 10 4 -2 0
1 10000 -66 -23 0 -8 0 0 0 0 7 -2 1 49 28 -344 -126 -18 27 27 -25 -1 2 0
1 9084 -60 -5 -3 -89 -2 -1286 -1 0 5 -73 -38 -27 -1 -210 -74 -9 16 16 8 -3 -2 0
1 13179 -84 -75 -20 -83 1 -41 0 -2 44 -64 -36 14 11 -419 -132 -8 26 26 46 8 2 0
1 10014 -76 -69 2 -3 0 0 0 0 23 -1 4 9 12 -188 -62 -5 13 13 -51 -5 -4 0
1 9998 -64 -68 1 -5 0 0 0 0 24 1 4 44 33 -214 -64 -2 12 12 5 -1 4 0
1 10000 -53 -81 7 -2 0 0 0 0 24 5 7 3 8 -58 -20 -3 4 4 -6 1 2 0
1 9413 -53 -62 -1 107 18 1367 0 -2 21 91 60 31 23 -145 -51 -6 11 11 -31 -4 -8 0
1 9405 -81 -35 98 75 35 0 -34 0 -78 73 25 28 23 -66 -25 -4 6 6 84 12 16 0
1 10001 -104 -5 -18 1 0 0 -51 0 18 0 2 11 29 -97 -33 -4 7 7 -86 -14 -18 0
1 10031 -83 22 -17 11 0 0 -53 0 9 4 3 37 42 -146 -47 -3 9 9 9 2 6 0
1 9978 -94 -12 -8 -3 0 0 -50 0 9 2 1 1 17 -71 -36 -10 9 9 -10 -1 3 0
1 9992 -99 -8 -10 1 0 0 -52 0 10 3 2 23 12 -36 -12 -1 3 3 -5 -3 2 0
1 11182 -95 -20 1 3 1 0 -19 4 7 5 2 -109 -17 92 22 -3 -3 -3 16 2 -10 0
1 9998 -82 -18 1 -2 0 0 0 0 4 3 1 -90 -1 -133 -19 12 0 0 7 1 -2 0
1 10002 -92 -19 -1 4 0 0 0 0 8 7 2 -143 -26 209 81 14 -18 -18 -6 0 7 0
1 10000 -76 -12 0 -3 0 0 0 0 3 1 1 -151 -33 108 70 24 -19 -19 -5 -1 -3 0
1 9998 -87 -7 -1 3 0 0 0 0 2 4 1 -27 -12 442 166 26 -37 -37 -1 1 3 0
1 10000 -80 -7 -4 -4 0 0 0 0 4 0 0 -229 -55 479 154 12 -31 -31 11 -2 4 0
1 10000 -94 -21 2 4 0 0 0 0 5 8 2 -106 -9 306 143 34 -35 -35 -19 2 -2 0
1 10002 -81 -12 -1 0 0 0 0 0 4 4 1 -17 1 629 216 24 -45 -45 13 -1 -6 0
1 10000 -78 -33 -2 -1 0 0 0 0 8 10 3 -37 16 667 207 10 -41 -41 23 4 4 0
1 9998 -74 -65 5 -2 0 0 0 0 11 18 3 -65 14 760 231 10 -44 -44 -7 -2 -3 0
1 10000 -73 -56 2 2 0 0 0 0 7 21 3 -24 4 667 209 11 -40 -40 -28 -1 1 0
1 10000 -75 -47 1 -2 0 0 0 0 5 15 2 -3 4 742 222 7 -42 -42 14 0 -1 0
1 11057 -91 -15 14 102 -1 1108 -2 -2 -11 96 4 -3 2 578 170 3 -31 -31 3 0 -4 0
1 10619 -98 49 5 73 0 0 0 0 -12 47 -6 1 4 557 162 3 -30 -30 3 0 7 0
1 10000 -94 94 1 12 0 0 0 0 -16 -22 4 -51 6 488 145 3 -26 -26 11 5 3 0
1 10086 -105 85 9 -9 0 0 0 0 -29 -32 1 -91 4 409 128 7 -25 -25 29 4 -2 0
1 10000 -103 85 -3 2 0 0 0 0 -17 -23 -1 -33 18 549 178 13 -35 -35 -27 -3 0 0
1 10000 -98 89 -4 -1 0 0 0 0 -26 -19 -3 2 1 677 204 7 -38 -38 6 -3 -6 0
1 10000 -99 98 1 0 0 0 0 0 -32 -17 -6 -3 8 607 177 3 -32 -32 8 3 4 0
1 12022 -131 84 1 -106 1 -1100 0 2 -31 -96 -24 -7 3 609 177 2 -32 -32 -5 -1 2 0
1 10619 -85 62 -19 -53 0 0 0 0 -4 -52 -17 -1 6 523 152 1 -26 -26 -39 -7 -5 0
1 10000 -89 37 -9 -12 0 0 0 0 -6 -8 -5 -1 4 219 64 2 -12 -12 22 4 2 0
1 10000 -78 41 0 -2 0 0 0 0 -14 0 -5 0 2 443 126 -1 -22 -22 14 0 -1 0
1 10000 -78 47 -3 -1 0 0 0 0 -14 2 -3 -29 4 274 80 2 -14 -14 -41 -3 3 0
1 10001 -90 27 1 -1 0 0 0 0 -9 3 -2 -8 1 237 74 4 -14 -14 20 3 -6 0
1 9999 -82 46 -3 4 0 0 0 0 -13 3 -3 -13 1 332 98 1 -18 -18 -2 -2 6 0
1 10001 -74 22 1 -8 0 0 0 0 -7 2 -3 0 2 189 58 3 -10 -10 -27 -2 0 0
1 10000 -67 13 -2 6 0 0 0 0 -3 1 -1 -6 12 222 65 1 -12 -12 16 0 -2 0
1 10000 -68 -5 3 1 0 0 0 0 0 1 0 -38 2 197 58 1 -10 -10 -3 2 3 0
1 9999 -78 -14 -1 -1 0 0 0 0 5 -1 2 -65 3 261 85 7 -17 -17 52 0 0 0
1 10001 -63 -17 0 -3 0 0 0 0 5 -3 1 -25 -1 282 97 10 -19 -19 -56 -2 -3 0
1 10000 -74 -17 0 2 0 0 0 0 5 -1 2 -9 -1 392 121 5 -22 -22 14 2 -2 0
1 8839 -70 -8 -2 1 0 -4 -2 -4 4 -2 0 -31 0 464 138 3 -25 -25 -21 -3 1 0
1 9995 -70 -21 1 3 0 0 -49 0 7 -1 2 -32 -5 243 79 6 -15 -15 26 5 9 0
1 9990 -75 -8 -10 -2 0 1 -52 0 10 0 5 -35 0 294 93 5 -17 -17 -14 -2 -8 0
1 10015 -62 -15 -2 0 0 -1 -55 0 7 -3 0 -28 4 330 104 6 -19 -19 6 4 7 0
1 9980 -74 9 -2 -24 0 -254 -52 1 -2 -16 -7 -29 0 398 124 7 -23 -23 -15 -7 -5 0
1 14995 -77 -81 -23 -158 0 -1131 -1 1 46 -123 -63 -14 4 390 126 8 -24 -24 88 9 -3 0
1 10001 -59 -89 -4 -9 0 0 0 0 36 -8 3 -10 0 611 179 3 -31 -31 -22 2 3 0
1 10105 -58 -110 4 -6 0 0 0 0 38 -1 5 -5 0 391 115 2 -20 -20 -30 -5 7 0
1 11870 -64 -120 7 10 0 4 0 -1 36 21 20 -27 3 305 93 3 -17 -17 -23 -4 -8 0
1 9129 -69 -66 35 150 0 1370 -26 -1 -14 135 72 -18 -4 349 105 4 -18 -18 152 13 5 0
1 7831 -58 -37 -4 12 0 0 -42 0 13 19 7 -18 1 217 66 2 -12 -12 -147 -11 -2 0
1 9993 -76 -17 -16 11 0 0 -54 0 20 13 4 -21 -2 205 65 4 -12 -12 -11 -3 -7 0
1 10017 -79 6 0 6 0 0 -53 0 2 1 0 -133 -13 357 112 6 -21 -21 1 0 8 0
1 9990 -73 -19 -1 0 0 0 -53 0 4 6 2 -68 -12 354 137 21 -28 -28 0 1 -7 0
1 10014 -78 -30 -2 8 0 0 -53 0 11 15 4 -38 -6 519 169 12 -32 -32 -9 0 6 0
1 9047 -63 -36 -5 -5 0 -1 -48 2 11 7 1 -17 -4 612 189 8 -33 -33 -9 -1 -3 0
1 12108 -88 -15 -5 8 0 1 -3 2 10 11 2 -23 -5 605 185 7 -33 -33 25 1 -3 0
1 10000 -70 -8 -4 1 0 0 0 0 4 4 0 -6 -2 423 129 5 -23 -23 -17 -1 1 0
1 10000 -78 3 -4 -2 0 0 0 0 4 -3 0 -9 -1 438 129 2 -22 -22 -9 0 2 0
1 4956 -36 19 2 2 0 0 0 0 -5 -5 -1 -48 -6 200 59 1 -10 -10 27 2 6 0
1 5590 -28 9 -3 -3 0 0 0 0 -1 -4 -1 -29 -2 194 62 4 -11 -11 20 2 -5 0
1 5619 -40 14 0 -3 0 0 0 0 -4 -7 -1 -12 -4 197 70 8 -13 -13 -38 -4 2 0
1 4679 -30 15 5 1 0 0 0 0 -7 -4 -1 -45 -3 224 68 1 -12 -12 -16 1 -1 0
1 5620 -41 12 1 2 0 0 0 0 -5 -1 0 -14 -3 169 57 6 -12 -12 20 0 1 0
1 4420 -30 30 -8 4 0 0 0 0 -2 -4 -1 -121 -18 165 58 6 -10 -10 -9 -2 3 0
1 5579 -42 20 19 4 0 0 0 0 -22 -1 0 -85 -7 188 69 9 -14 -14 -21 -1 -5 0
1 4423 -40 19 4 -8 0 0 0 0 -7 -15 -3 14 0 192 87 18 -19 -19 31 4 1 -1
1 5578 -40 2 0 3 0 0 0 0 -2 4 0 -49 -5 452 143 8 -25 -25 -22 -5 1 1
1 4419 -39 8 -2 2 0 0 0 0 -1 1 1 85 8 382 119 5 -21 -21 7 1 0 0
1 5580 -43 20 -7 12 0 0 0 0 1 4 1 -62 -7 296 84 0 -14 -14 -7 1 -1 0
1 4403 -39 6 -2 4 0 0 0 0 0 2 1 -93 -10 338 101 3 -17 -17 1 -1 6 0
1 5622 -40 -3 1 -14 0 0 0 0 0 -11 -3 -10 -4 469 154 11 -28 -28 6 -1 -4 0
1 4415 -38 4 5 0 0 0 0 0 -6 -1 -1 13 3 304 106 11 -20 -20 20 2 3 0
1 5584 -38 10 -3 -7 0 0 0 0 -2 -7 -2 -40 -5 384 112 1 -19 -19 -28 -1 -4 0
1 4418 -47 20 -1 5 0 0 0 0 -5 0 0 27 3 320 94 1 -15 -15 -3 0 0 0
1 5583 -40 24 -6 5 0 0 0 0 -2 0 -1 -19 -5 348 105 3 -18 -18 19 1 -2 0
1 4419 -38 -7 3 -15 0 0 0 0 -2 -11 -3 -59 -14 389 108 -2 -17 -17 28 0 14 -1
1 8293 -64 8 2 8 14 1 -1 0 -3 5 1 -49 -10 374 133 14 -25 -25 -48 -2 0 1
1 8492 -98 13 42 -3 48 0 0 0 -41 -5 -5 -38 -10 546 174 10 -31 -31 -6 -1 -5 0
1 5618 -64 10 9 4 0 0 0 0 -11 2 -1 -54 -15 381 118 6 -20 -20 49 7 13 0
1 4420 -56 24 -9 3 0 0 0 0 -2 1 0 -136 -35 186 65 6 -12 -12 -26 -4 18 -1
1 5580 -77 15 4 0 0 0 0 0 -7 -4 -2 -25 -4 387 145 19 -28 -28 -18 -2 -12 1
1 4510 -59 9 3 3 0 0 0 0 -4 0 -1 -27 -5 367 123 10 -22 -22 33 2 20 -1
1 5619 -86 12 -5 -2 0 0 0 0 -1 -3 0 -55 -13 528 165 8 -29 -29 7 0 -10 0
1 4423 -56 2 -2 -1 0 0 0 0 1 0 -1 -7 5 434 136 6 -23 -23 -43 -5 -5 1
1 5577 -75 5 2 -2 0 0 0 0 -3 -4 -2 21 2 441 142 8 -25 -25 1 1 -4 0
1 4444 -74 17 -5 0 0 0 0 0 -2 -1 0 -28 2 389 116 3 -19 -19 -1 1 1 -1
1 5557 -71 7 9 1 0 0 0 0 -10 0 -2 62 9 527 154 1 -25 -25 14 0 -1 0
1 4418 -75 15 -1 -1 0 0 0 0 -6 1 -1 -123 19 406 110 -3 -16 -16 -14 -1 -23 0
1 5581 -85 19 11 10 0 0 0 0 -13 2 -2 -34 -2 273 103 14 -20 -20 -3 1 4 0
1 6229 -121 9 -11 -7 0 0 0 0 5 -4 -1 -354 -63 483 159 10 -28 -28 -9 -2 -2 1
1 5618 -85 18 -1 1 0 0 0 0 -5 -2 -2 -237 -46 437 208 47 -44 -44 21 3 14 0
1 4419 -100 23 -6 -4 0 0 0 0 -4 -2 -1 -64 -21 698 252 27 -46 -46 -37 -4 -2 0
1 5581 -73 23 0 0 0 0 0 0 -8 -2 -3 -230 -49 1191 398 31 -70 -70 33 2 8 0
