version: 66.14
glider: 194
mission: 16
dive: 270
start: 6 9 125 15 18 45
columns: rec,elaps_tms,depth,heading,pitch,roll,AD_pitch,AD_roll,AD_vbd,GC_phase,mag.x,mag.y,mag.z,sbect.TempFreq,sbect.CondFreq,aa4330.O2,aa4330.AirSat,aa4330.Temp,aa4330.CalPhase,aa4330.TCPhase,wlbb2fl.sig470nm,wlbb2fl.sig700nm,wlbb2fl.sig695nm,wlbb2fl.temp,
data:
0 9904 -1930 3537 -646 14 207 3254 371 6 543 -28 -11 214945 170951 253535 83980 16988 31959 31959 651 164 377 563
1 5000 5 -26 -8 0 0 0 0 0 0 9 -3 882 -24 -1923 -971 -192 177 177 -119 -28 -76 0
1 4529 -1 46 -22 -11 0 0 0 0 2 -18 -15 1256 -270 6008 1744 -134 -216 -216 148 16 15 0
1 5623 -15 -89 34 81 0 0 0 0 -5 38 20 -442 -260 3423 1455 183 -237 -237 -164 -4 0 0
1 4999 11 -3462 -25 -98 0 0 0 0 5 -56 -24 -261 -69 -1466 -349 75 32 32 53 -8 45 0
1 5001 -5 3457 26 179 0 0 0 0 -4 61 8 1531 44 -1481 -458 18 58 58 42 13 -34 0
1 4419 4 101 -30 -149 0 0 0 0 4 -45 -5 116 -28 -678 -159 36 14 14 -4 -5 44 -1
1 5581 6 -108 18 138 0 0 0 0 -4 45 8 -230 -108 -752 -235 8 31 31 10 -7 -91 0
1 5000 -8 43 -12 -84 0 0 0 0 3 -20 -6 221 -319 -754 -201 28 22 22 -2 9 71 0
1 5000 0 21 -12 25 0 0 0 0 1 -9 -10 -1178 -189 -86 -59 -18 12 12 236 29 37 0
1 4857 4 -56 14 62 0 0 0 0 -2 23 -2 -39 -11 -965 -217 59 17 17 -147 -16 -70 0
1 5618 0 120 -17 -161 0 0 0 0 3 -47 13 -1132 68 -323 -115 -5 17 17 221 18 51 0
1 6518 17 -84 16 149 0 0 0 -4 -2 34 -4 -34 891 -841 -243 21 29 29 -238 -12 -46 1
1 5611 -22 87 0 -106 0 0 162 0 1 -34 3 3136 43 -806 -155 64 9 9 678 45 46 -1
1 7632 9 -76 -2 63 0 0 218 0 -1 29 -5 -2080 20 7078 1389 -535 -79 -79 -711 -64 -23 0
1 5632 3 47 -16 -20 0 0 160 0 1 -20 -12 272 -22 5683 1488 -206 -158 -158 -13 -5 -27 0
1 5614 9 -3557 -13 -82 0 0 162 0 -1 -15 -6 678 -50 10795 3352 -94 -421 -421 -18 -1 66 0
1 5611 1 3502 -4 129 0 0 158 0 0 31 -10 107 -286 13019 4169 -40 -513 -513 59 11 -22 0
1 7368 19 33 -10 -127 0 0 208 0 0 -7 -10 1888 -661 13862 4308 -102 -491 -491 -90 -12 48 0
1 5616 12 5 -15 19 0 0 157 0 0 -4 -8 187 -324 12377 2970 -486 -238 -238 -148 -5 -13 0
1 5635 9 -21 -5 42 0 0 154 0 -1 4 -1 22 -14 6524 1772 -149 -166 -166 105 -5 -41 0
1 5638 3 13 0 -22 0 0 146 0 1 -3 -3 687 -352 2842 1366 203 -190 -190 -72 -1 -21 0
1 7133 1 -14 -17 34 0 0 177 0 -2 0 -20 870 -605 8617 1529 -545 -53 -53 176 24 127 0
1 5618 24 31 -34 -26 0 0 144 0 -3 -11 -25 3524 -948 6680 1621 -217 -127 -127 248 10 -16 0
1 5617 26 2 -38 -61 0 0 150 0 -6 9 -28 3175 -881 4271 994 -152 -73 -73 -308 -13 -91 0
1 5640 48 -3482 -12 -93 0 0 161 0 -2 -19 -13 737 -307 4136 869 -184 -52 -52 -159 -23 -42 0
1 5618 69 101 12 -14 0 0 175 0 0 -34 7 3285 -421 9432 1049 -784 54 54 -96 -20 -14 0
1 11084 248 -39 -15 123 5 -1 173 -1 0 -13 -6 1372 439 9123 -52 -1150 246 246 -39 -3 -135 0
1 5840 166 -66 58 71 1328 1 0 0 10 12 49 217 77 -2470 -1503 -306 221 221 -24 -3 24 0
1 5890 210 -64 122 28 1302 0 1 2 4 38 100 463 110 -3460 -1880 -345 272 272 51 3 -1 0
1 8392 264 3551 186 39 269 638 0 1 -41 61 153 951 216 -8418 -3347 -353 442 442 -68 -9 -62 0
1 5044 154 21 58 -8 0 0 0 0 -23 1 47 102 54 -6622 -2227 -117 277 277 3 2 36 0
1 5577 159 -3571 26 -15 0 0 0 0 -11 -13 22 216 57 -6269 -1892 -21 223 223 6 -2 -21 0
1 4419 106 0 4 0 0 0 0 0 -4 1 5 13 17 -2818 -1023 -86 139 139 81 7 -6 0
1 5578 123 30 6 9 0 0 0 0 -2 -7 5 396 66 -4438 -1460 -70 190 190 -83 -4 6 0
1 4439 118 33 -5 1 0 0 0 0 0 -12 2 8 12 -2816 -951 -57 127 127 31 0 13 -1
1 5562 123 -8 15 -3 0 0 0 0 -7 4 10 -28 6 -4118 -1333 -58 177 177 -17 1 -29 0
1 4419 89 8 5 -27 0 0 0 0 -3 -15 6 -2 5 -3300 -982 -8 124 124 8 1 3 0
1 4999 109 -11 -12 62 0 0 0 0 6 31 -13 32 15 -3502 -1037 -7 132 132 -18 -3 -5 1
1 5004 117 1 -20 -16 0 0 0 0 11 -12 -15 169 29 -2798 -886 -32 120 120 20 1 12 -1
1 5581 124 5 3 -7 0 0 0 0 -2 -4 4 68 14 -3404 -1114 -57 157 157 48 7 34 0
1 4416 111 -5 13 -5 0 0 0 0 -5 1 6 -3 3 -2663 -774 1 101 101 -43 -5 -20 0
1 5006 128 14 6 3 0 0 0 0 -5 -2 9 145 28 -2480 -756 -16 103 103 -7 -1 18 0
1 4999 121 25 -1 -9 0 0 0 0 1 -14 1 214 34 -2333 -694 -7 95 95 26 5 -22 0
1 5578 141 16 5 6 0 0 0 0 -5 -2 7 296 53 -1996 -698 -57 105 105 4 -4 -5 0
1 4416 104 -42 7 18 0 0 0 0 -3 26 0 373 85 -1878 -615 -34 93 93 51 3 -29 0
1 5586 120 -44 7 15 0 0 0 0 0 24 -4 42 17 -2669 -916 -69 141 141 -82 -6 -1 0
1 4415 110 3570 3 -4 0 0 0 0 -2 10 -1 74 25 -2099 -691 -42 106 106 12 3 -4 0
1 5584 117 -24 -3 0 0 0 0 0 1 9 -3 53 24 -3081 -928 -17 134 134 -14 -1 2 0
1 4422 99 -41 -3 5 0 0 0 0 0 17 -8 329 95 -1714 -527 -15 78 78 -5 2 -18 0
1 5578 133 -59 -3 15 0 0 0 0 -2 28 -11 373 97 -1788 -665 -75 113 113 16 -2 -12 0
1 4413 107 -45 9 4 0 0 0 0 -11 21 6 416 77 -1999 -671 -49 108 108 -18 -2 -10 0
1 5631 136 -34 4 -15 0 0 0 0 -6 7 5 5 10 -2610 -911 -81 152 152 -11 -1 3 0
1 5060 123 -30 -1 1 0 0 0 0 -5 11 0 43 9 -2878 -872 -22 134 134 4 -1 -4 0
1 5708 126 -43 -2 -8 0 0 0 0 -6 11 1 38 6 -2700 -827 -26 130 130 -5 1 3 0
1 10616 259 -58 0 3 0 0 0 0 -12 20 2 25 7 -4797 -1423 -23 221 221 40 3 -3 1
1 9999 226 -88 5 11 0 0 0 0 -24 32 5 217 25 -3239 -974 -22 156 156 -26 0 2 -1
1 10000 212 -108 10 -12 0 0 0 0 -36 23 21 450 39 -2541 -830 -55 143 143 20 2 -9 0
1 10000 222 -62 -14 3 0 0 0 0 -9 9 0 50 8 -2980 -958 -57 166 166 0 1 10 0
1 10000 217 24 3 -39 0 0 0 0 5 -23 16 520 28 -3074 -938 -31 158 158 45 2 -3 1
1 10000 218 34 -5 -4 0 0 0 0 13 -10 -6 70 7 -2694 -906 -76 167 167 -56 -3 0 0
1 10001 202 -14 12 11 0 0 0 0 -12 12 3 40 -11 -3113 -931 -24 160 160 72 9 -2 -1
1 9999 198 -67 4 26 0 0 0 0 -22 26 0 400 -85 -2326 -762 -56 141 141 9 0 3 1
1 10001 194 -92 1 -5 0 0 0 0 -29 7 19 59 -69 -3119 -957 -39 173 173 7 5 0 0
1 9867 188 -91 9 -15 -1 -6 2 0 -34 -3 27 156 -9 -3424 -1026 -29 184 184 -12 -4 -4 0
1 9554 152 -47 83 -88 108 -614 0 2 -83 -54 74 -21 -58 -3090 -933 -31 171 171 58 10 2 0
1 10579 127 -50 33 -8 0 0 0 0 -43 -11 19 -122 -82 -3139 -892 2 158 158 -15 -5 -6 0
1 10000 118 -50 -1 -5 0 0 0 0 -15 -5 6 -41 -19 -2399 -658 16 115 115 -25 -4 6 0
1 10000 117 -17 3 1 0 0 0 0 -7 -3 3 -11 -7 -1838 -517 4 93 93 18 3 -1 0
1 9999 98 -41 -3 1 0 0 0 0 -9 -3 3 -33 -13 -1453 -415 0 76 76 -23 -3 -2 0
1 10001 108 -9 0 -2 0 0 0 0 -2 -2 2 -43 -30 -1091 -301 6 54 54 -17 -3 -2 0
1 10000 102 -8 4 1 0 0 0 0 -5 -2 1 -3 -10 -856 -234 7 42 42 0 1 4 0
1 10000 114 -26 -2 -1 0 0 0 0 -6 -2 3 -34 -24 -730 -211 -2 40 40 -17 -2 -1 0
1 9999 98 -33 4 1 0 0 0 0 -11 -5 3 -43 -32 -698 -193 4 34 34 67 4 2 0
1 10000 110 -25 3 -4 0 0 0 0 -9 -7 4 -41 -21 -535 -139 9 24 24 -16 1 -3 0
1 10001 111 -34 -2 0 0 0 0 0 -7 -2 3 -27 -18 -443 -115 7 19 19 -12 -2 3 0
1 10000 104 -20 0 4 0 0 0 0 -4 -3 1 -24 -15 -406 -108 5 20 20 28 3 -3 0
1 9593 94 -9 1 -97 0 -1314 -1 0 -3 -83 24 48 3 -274 -75 2 13 13 -48 -2 1 0
1 13517 150 68 16 -112 0 -119 0 -2 2 -87 9 4 -1 -598 -159 8 29 29 10 -2 -6 1
1 10000 98 80 6 -2 0 0 0 0 15 10 -2 -43 -4 119 32 -1 -7 -7 1 0 14 -1
1 9999 88 64 -2 3 0 0 0 0 20 10 -4 88 16 -237 -67 1 13 13 49 5 -9 1
1 10018 99 86 2 -1 0 0 0 0 24 8 -5 35 3 -7 -25 -16 9 9 -52 -2 8 0
1 10001 97 88 2 0 0 0 0 0 26 4 -6 66 12 -48 -29 -10 7 7 -9 -4 -7 -1
1 9999 93 60 -5 0 0 0 0 0 24 1 -7 29 0 -128 -58 -13 15 15 69 8 -5 1
1 8828 77 8 -12 103 0 1415 0 0 13 86 -20 -46 -18 15 1 -3 0 0 -39 -5 7 0
1 11172 97 2 -7 86 0 0 0 2 7 70 -27 -49 -23 -233 -68 0 13 13 55 6 1 0
1 10001 101 -22 6 6 0 0 0 0 -12 5 1 -33 -37 -222 -46 10 6 6 -71 -3 2 0
1 10000 103 -35 2 3 0 0 0 0 -14 4 3 -29 -19 -53 -14 1 2 2 24 2 2 0
1 10000 92 -74 4 -7 0 0 0 0 -27 -7 11 11 -10 -172 -41 6 6 6 -14 -2 -3 0
1 10001 103 -24 -7 7 0 0 0 0 -2 4 -1 -5 -1 -36 -17 -5 5 5 100 9 -4 0
1 9999 104 -21 9 4 0 0 0 0 -14 2 3 3 -4 -64 -11 5 1 1 -65 -6 8 0
1 10000 84 -73 0 -1 0 0 0 0 -22 -7 7 29 -7 -102 -28 1 5 5 70 2 -8 0
1 10000 103 -71 2 -1 0 0 0 0 -21 -8 7 24 2 -47 -21 -5 5 5 -8 1 1 0
1 10000 94 -59 -3 3 0 0 0 0 -13 -5 4 6 -9 -79 -32 -6 8 8 -63 -3 0 0
1 10000 107 -39 5 -1 0 0 0 0 -13 -8 4 -8 -7 -51 -18 -2 4 4 7 2 -5 0
1 10000 100 -17 1 -1 0 0 0 0 -6 -2 1 27 4 -96 -30 -2 6 6 -3 0 5 0
1 10000 100 -17 -3 1 0 0 0 0 -1 -2 1 6 2 -61 -21 -2 5 5 50 2 2 0
1 9142 87 3 3 -92 -1 -1301 0 0 -2 -79 22 8 1 -50 -15 0 2 2 -55 0 -3 0
1 13157 134 75 12 -108 1 -108 0 -2 8 -83 9 29 2 -233 -63 1 12 12 39 1 1 0
1 10000 89 77 6 -2 0 0 0 0 15 8 -2 -3 -1 -3 -3 -1 1 1 70 2 7 0
1 10000 84 78 -5 0 0 0 0 0 27 10 -4 -5 0 -101 -38 -5 8 8 -79 -4 -1 0
1 10001 96 101 4 1 0 0 0 0 27 9 -6 27 5 -34 -10 -1 3 3 2 2 -2 1
1 11511 103 103 0 -1 0 0 0 0 34 4 -8 2 -1 -145 -44 -2 8 8 88 8 -6 -1
1 9031 92 66 -7 81 0 1224 0 0 28 64 -19 0 0 -25 -15 -5 4 4 -80 -8 2 0
1 10970 101 40 -24 112 0 179 0 2 34 88 -44 1 -1 -113 -37 -3 9 9 2 2 -3 0
1 9999 101 22 13 3 0 0 0 0 -3 1 1 -5 0 -32 -10 -1 2 2 8 0 1 1
1 10000 103 34 4 1 0 0 0 0 8 -3 -2 5 -5 -179 -49 1 8 8 -3 -2 3 0
1 10000 92 33 -1 -2 0 0 0 0 12 -6 -3 2 0 52 12 -1 -1 -1 -19 0 1 0
1 10000 94 13 2 3 0 0 0 0 3 -1 0 24 0 -102 -30 -1 6 6 31 4 2 0
1 10000 106 3 0 -1 0 0 0 0 1 -1 -1 37 10 -17 -17 -8 4 4 16 -2 -9 0
1 10000 89 20 -1 1 0 0 0 0 7 -3 -1 30 -5 -50 -19 -3 6 6 -1 0 6 0
1 10001 96 25 4 -2 0 0 0 0 6 -4 -2 18 -1 -62 -31 -8 7 7 3 3 -5 0
1 9999 93 13 -3 -1 0 0 0 0 6 -5 -1 -7 -7 5 -1 -2 1 1 -12 1 1 0
1 10000 97 18 3 -3 0 0 0 0 4 -4 -1 9 -1 -152 -44 0 8 8 25 -1 14 0
1 10000 102 0 0 4 0 0 0 0 -1 2 0 -1 -5 -50 -18 -3 4 4 -38 -2 -10 0
1 10000 89 -1 1 1 0 0 0 0 -1 0 1 -8 -8 -92 -29 -2 7 7 52 6 0 0
1 11350 107 -23 -8 69 0 616 0 -2 -1 53 -26 -1 -8 -88 -24 0 4 4 -26 -3 3 0
1 10731 94 -64 5 30 0 0 0 0 -22 34 -8 13 -3 -67 -24 -2 5 5 -4 -1 -1 0
1 10000 113 -52 10 -4 0 0 0 0 -26 7 7 -23 -22 -136 -39 -1 8 8 20 2 -7 0
1 9999 86 -54 -4 4 0 0 0 0 -16 7 3 1 -2 -48 -12 2 1 1 25 3 3 0
1 10000 96 -53 -2 0 0 0 0 0 -17 5 3 15 2 -204 -62 -3 13 13 21 -2 -3 0
1 10000 99 -55 0 0 0 0 0 0 -19 4 5 -32 -16 -102 -24 4 4 4 11 5 5 0
1 12540 120 -68 -5 -69 0 -610 0 2 -19 -50 36 21 4 -119 -34 -1 7 7 -33 0 -2 0
1 10618 94 -46 6 -28 0 0 0 0 -20 -24 17 19 2 -39 -15 -2 3 3 -47 -7 0 0
1 10001 84 -23 0 4 0 0 0 0 -7 1 1 -26 -8 -89 -31 -4 7 7 43 4 -2 0
1 10000 90 -39 1 1 0 0 0 0 -13 -1 3 45 12 -73 -15 4 1 1 -62 -6 0 0
1 9999 85 -39 -2 -2 0 0 0 0 -10 -7 5 28 5 -43 -19 -5 6 6 -14 -2 1 0
1 9999 89 -18 2 -5 0 0 0 0 -8 -2 2 -14 -9 -6 -9 -4 3 3 12 -1 5 0
1 10001 78 -4 0 5 0 0 0 0 0 1 -1 12 -6 -4 0 0 0 0 34 2 -2 0
1 9999 98 -14 3 0 0 0 0 0 -7 -1 2 -24 -9 -41 -15 -2 4 4 15 2 -3 0
1 10001 90 -15 -3 -4 0 0 0 0 -2 -2 1 -37 -22 -97 -23 3 3 3 -22 4 2 1
1 10001 94 -20 3 3 0 0 0 0 -7 -5 3 -20 -12 -36 -3 5 -1 -1 62 6 0 0
1 9998 87 -7 0 1 0 0 0 0 -2 1 0 -26 -18 -73 -15 4 2 2 77 11 2 -1
1 10001 79 -14 2 0 0 0 0 0 -5 -2 1 -7 -13 -161 -38 4 6 6 15 5 -1 1
1 10000 95 -36 -2 0 0 0 0 0 -9 -4 2 26 -9 -210 -58 2 11 11 69 5 -5 0
1 9256 74 -25 -2 -93 0 -1328 0 0 -4 -83 26 13 -8 -144 -45 -2 9 9 -71 -8 4 0
1 13165 124 65 10 -109 0 -87 0 -2 8 -86 10 -4 -20 -127 -37 -2 8 8 71 3 6 0
1 10000 81 67 2 0 0 0 0 0 17 8 -2 42 -36 -235 -69 0 14 14 -125 -10 -4 0
1 10001 86 97 3 -2 0 0 0 0 26 7 -5 7 -15 -86 -33 -6 7 7 34 4 0 0
1 10109 89 70 -3 1 0 0 0 0 25 6 -5 3 -5 -152 -47 -2 10 10 22 1 0 0
1 10000 90 69 2 -2 0 0 0 0 22 1 -4 -1 -4 -155 -45 -1 9 9 11 1 -1 0
1 9095 78 81 3 15 0 7 0 -1 24 12 -9 2 -8 -118 -36 -1 7 7 63 2 -3 0
1 10934 91 70 -29 170 0 1411 0 3 50 136 -53 7 -11 -232 -68 -1 13 13 16 11 1 0
1 10001 92 66 10 9 0 0 0 0 14 -4 -5 1 -2 -169 -48 -1 10 10 45 8 2 0
1 9999 88 51 1 0 0 0 0 0 16 -9 -4 3 -9 -279 -80 0 16 16 20 2 0 0
1 10001 92 33 4 3 0 0 0 0 7 -4 -2 -4 -5 -203 -59 -1 11 11 -5 -2 -2 0
1 9999 81 2 -1 6 0 0 0 0 -1 2 -1 4 -3 -173 -51 -1 11 11 79 11 5 0
1 10000 90 5 1 -3 0 0 0 0 2 -2 0 -1 -5 -221 -62 0 12 12 31 5 -3 0
1 10000 80 11 0 1 0 0 0 0 4 -2 -1 1 -4 -110 -34 -1 7 7 36 1 -3 0
1 10000 97 25 1 -2 0 0 0 0 7 -7 -1 12 -11 -182 -52 0 10 10 92 19 1 0
1 10000 79 13 -1 -5 0 0 0 0 6 -5 -1 4 -10 -197 -57 -1 11 11 104 12 4 0
1 10000 92 31 3 6 0 0 0 0 6 -4 -2 4 -7 -322 -95 -2 19 19 213 26 -3 0
1 11759 100 56 4 -49 4 -410 0 -4 8 -55 11 0 -21 -408 -117 0 23 23 99 19 15 0
1 7060 28 22 58 -13 67 -1 -23 0 -41 -17 26 5 -8 -127 -37 -1 8 8 -51 -4 3 0
1 10008 36 17 20 2 0 1 -55 0 -14 -4 6 -7 -2 -452 -127 1 24 24 -77 -12 -17 0
1 9986 33 25 -11 1 0 0 -53 0 14 -8 -5 -1 2 -318 -90 0 18 18 19 0 -1 0
1 10012 37 36 -4 3 1 0 -54 0 13 -8 -5 -1 -11 -329 -94 0 18 18 -183 -19 -2 0
1 10005 44 32 -5 5 -1 0 -54 0 9 -8 -3 1 -9 -17 -4 0 1 1 49 1 4 0
1 9983 30 32 -7 -1 0 0 -53 0 9 -13 -4 6 -3 -48 -15 0 3 3 -34 -2 -11 0
1 10030 42 24 -7 0 0 0 -51 0 10 -8 -5 -2 -5 -51 -14 0 3 3 -14 -7 24 0
1 9979 33 17 -5 0 0 0 -52 0 5 -7 -3 -1 -5 -115 -33 0 7 7 -142 -14 -19 1
1 9991 33 17 -5 -1 0 0 -49 0 8 -7 -4 -4 -5 -19 -5 0 0 0 -27 -9 12 0
1 10028 33 26 -13 4 0 0 -52 0 11 -7 -6 -1 2 -140 -40 1 8 8 14 0 -5 -1
1 9983 37 36 -8 1 0 0 -50 0 6 -13 -4 3 -6 42 13 0 -2 -2 -11 1 4 1
1 10002 22 -3571 -4 1 0 0 -50 4 6 -11 -4 15 -7 76 21 -1 -4 -4 17 -2 3 0
1 13812 42 15 145 -4 387 -1 -6 -4 -118 -11 62 -7 1 -102 -35 -3 8 8 382 66 -4 0
1 7515 -60 34 344 17 0 1 -31 0 -328 1 23 4 -6 -129 -38 -2 7 7 -96 -18 -4 -1
1 8803 -56 5 5 -9 0 0 -43 0 -6 -9 -2 -12 7 35 10 0 -2 -2 -345 -42 -1 0
1 9869 -72 -9 -35 -2 0 0 -50 0 31 2 6 2 12 -369 -103 2 20 20 116 5 2 1
1 9998 -81 -10 3 2 0 0 -49 0 -4 5 0 1 10 -282 -80 0 16 16 44 11 -2 0
1 10002 -87 -12 -2 1 0 0 -49 0 4 5 0 2 3 418 119 0 -23 -23 30 9 5 0
1 9997 -99 -11 -5 2 0 0 -51 0 4 6 1 -4 5 -239 -68 0 13 13 -181 -28 -4 0
1 10002 -116 -22 -6 0 0 0 -50 0 4 8 1 0 21 1 0 0 0 0 349 47 -4 0
1 10012 -128 3558 5 -4 0 0 -50 0 -4 12 0 -7 20 -56 -16 0 3 3 -194 -24 6 0
1 9983 -148 -47 -11 1 0 0 -50 0 3 18 -1 -3 15 114 36 2 -7 -7 -225 -34 -6 0
1 9995 -145 -41 3 -1 0 0 -50 0 1 15 0 -8 12 332 96 1 -20 -20 -119 -20 3 0
1 10003 -161 -21 -12 6 0 0 -51 0 9 12 0 4 0 -916 -260 1 52 52 -6 0 -3 0
1 10006 -176 21 -3 7 1 0 -50 0 2 -1 0 -5 17 1191 340 1 -68 -68 5 1 1 0
1 13595 -235 -54 -26 -173 0 -1395 -26 2 13 -134 -1 -9 22 249 72 0 -14 -14 -159 -20 3 0
1 10619 -162 -115 -9 -28 0 0 0 0 -8 14 0 -3 13 609 177 3 -36 -36 51 3 -5 0
1 10000 -163 -111 4 0 0 0 0 0 -31 30 -2 -8 16 366 103 -1 -20 -20 -110 -15 6 0
1 10012 -162 -68 1 8 0 0 0 0 -20 22 -3 2 31 408 117 0 -22 -22 -58 -9 -1 0
1 10000 -165 -20 -3 6 0 0 0 0 -4 9 0 -18 57 409 121 4 -25 -25 -34 -4 -2 0
1 10019 -152 -52 2 -7 0 0 0 0 -13 8 -3 8 22 495 145 2 -29 -29 62 4 0 0
1 10000 -160 -80 1 -4 0 0 0 0 -26 8 -8 14 11 467 128 -4 -24 -24 -58 1 0 0
1 10000 -146 -90 0 1 0 0 0 0 -27 11 -9 16 12 328 88 -3 -16 -16 -26 -8 -1 0
1 9881 -152 -103 2 12 -1 6 -2 -1 -33 15 -14 19 21 421 118 -1 -23 -23 12 -1 1 0
1 10120 -177 -46 37 166 1 1398 0 3 -39 133 -50 6 20 303 81 -4 -15 -15 17 0 -2 0
1 9999 -173 11 -6 13 0 0 0 0 8 10 0 7 18 154 42 0 -8 -8 -62 -4 1 0
1 10000 -170 25 -3 6 0 0 0 0 10 6 3 -3 2 103 27 -2 -6 -6 0 -2 -1 0
1 10000 -187 18 -3 6 0 0 0 0 7 4 2 1 4 221 64 0 -12 -12 7 0 4 0
1 10000 -168 14 3 -9 0 0 0 0 4 -3 3 1 3 176 49 -1 -8 -8 -3 2 2 0
1 10000 -175 40 -4 3 0 0 0 0 14 -1 6 -19 -3 -2 0 1 -1 -1 44 1 -1 0
1 10000 -175 34 5 4 0 0 0 0 7 3 2 13 4 171 51 1 -10 -10 -22 -1 -5 0
1 10000 -177 48 -5 6 0 0 0 0 17 -1 8 -10 8 22 5 -1 -1 -1 -1 2 4 0
1 10000 -186 48 1 -9 0 0 0 0 15 -9 10 -35 19 47 18 4 -4 -4 -34 -6 -5 0
1 10000 -169 -2 2 -8 0 0 0 0 -3 -7 1 -51 5 127 45 5 -10 -10 47 7 -2 0
1 10000 -185 -9 0 4 0 0 0 0 -3 3 -2 -22 -3 113 41 6 -9 -9 -33 -1 2 0
1 9999 -172 2 1 6 0 0 0 0 0 5 -2 -27 -3 45 22 6 -6 -6 35 1 2 0
1 9441 -162 -47 -23 -73 -91 -1057 -1 0 3 -53 19 -1 4 132 44 4 -10 -10 -31 -2 -3 0
1 14201 -193 -101 -93 -117 1 -351 0 -2 41 -99 28 -3 1 -104 -28 2 5 5 65 10 0 0
1 9469 -102 -62 -6 60 0 1205 0 0 -15 49 -9 -1 0 321 91 0 -18 -18 -1 -1 4 0
1 10531 -105 -48 -9 124 -49 197 0 2 -7 102 -30 2 1 -1 2 1 0 0 -48 -8 -2 0
1 9999 -76 -35 -18 -4 0 0 0 0 4 -5 3 -4 0 108 31 -1 -6 -6 28 2 2 0
1 10001 -79 -31 -8 -2 0 0 0 0 -3 -5 1 -7 0 44 14 2 -3 -3 -65 -5 4 0
1 10002 -76 -15 2 0 0 0 0 0 -6 0 -2 -4 -2 -46 -13 0 2 2 51 2 -6 0
1 10000 -70 -5 6 4 0 0 0 0 -6 0 -2 -16 -3 84 25 0 -5 -5 -54 -1 4 0
1 9998 -60 -20 0 -3 0 0 0 0 -6 -2 -1 -25 -2 49 18 3 -3 -3 5 -2 -5 0
1 10000 -74 -38 -3 -2 0 0 0 0 -9 -6 -1 -14 13 80 27 3 -7 -7 -34 -4 2 0
1 10000 -72 -1 7 0 0 0 0 0 -6 0 -2 0 16 6 6 3 -1 -1 27 5 2 0
1 10000 -71 30 0 3 0 0 0 0 9 5 1 30 18 113 35 1 -7 -7 -24 -6 1 0
1 10000 -58 29 1 0 0 0 0 0 8 3 2 -15 1 54 11 -3 -2 -2 11 1 1 0
1 10000 -83 46 -3 2 0 0 0 0 16 7 3 -38 -5 48 15 2 -3 -3 -5 0 -4 0
1 10002 -73 46 -1 2 0 0 0 0 15 4 3 -14 -1 179 58 4 -13 -13 -34 -4 3 0
1 9313 -73 41 1 0 -1 0 -2 -4 12 -1 4 -5 -2 106 36 4 -7 -7 11 3 -4 0
1 9504 -83 44 -7 0 0 0 -45 0 20 1 4 -30 -7 -28 -6 1 1 1 49 0 -4 0
1 10026 -84 31 -1 -1 0 0 -50 0 11 1 2 -12 -1 -33 -3 5 -1 -1 -47 -2 7 0
1 10001 -76 19 -3 1 0 0 -54 0 9 0 2 0 1 1 5 3 -1 -1 24 5 -6 1
1 9983 -81 24 -1 1 0 0 -52 0 9 1 2 -11 -1 118 35 1 -8 -8 -23 -5 3 -1
1 9208 -86 36 -4 -2 0 0 -49 4 17 -1 2 -7 0 96 31 1 -6 -6 -7 1 6 0
1 11963 -75 29 -3 5 1 0 -1 0 12 3 0 2 2 -57 -15 2 2 2 -10 -4 -7 0
1 10000 -66 26 0 -3 0 0 0 0 8 -6 5 3 1 30 9 0 -1 -1 8 3 2 0
1 10002 -74 25 -2 -5 0 0 0 0 11 -7 2 2 6 30 9 1 -2 -2 -8 -3 -3 0
1 9998 -64 29 -1 0 0 0 0 0 11 -3 2 6 10 133 38 -1 -7 -7 30 3 4 1
1 10000 -68 52 0 4 0 0 0 0 17 -4 2 2 2 10 1 -1 0 0 33 1 -5 -1
1 10000 -72 32 -1 -5 0 0 0 0 11 -10 3 3 6 20 5 0 -1 -1 -28 -2 2 1
1 10000 -69 31 0 5 0 0 0 0 9 -2 1 24 24 39 10 -1 -2 -2 -44 -1 2 -1
1 10002 -72 33 2 0 0 0 0 0 9 -6 2 7 4 83 20 -3 -3 -3 37 1 0 0
1 9998 -58 29 -2 -3 0 0 0 0 10 -9 2 -4 -6 -48 -17 -2 4 4 48 5 -1 0
1 10000 -69 48 -3 1 0 0 0 0 18 -10 2 42 38 27 8 1 -2 -2 -68 -7 -5 0
1 10000 -61 40 1 6 0 0 0 0 8 -6 1 -4 0 62 8 -7 1 1 -25 -3 2 0
1 10000 -81 41 -3 3 0 0 0 0 11 -10 1 -2 7 -72 -20 0 3 3 7 3 6 1
1 9360 -65 38 29 -6 103 -1 -3 -4 -18 -18 5 8 9 129 35 0 -6 -6 8 0 -1 0
1 9470 -112 24 80 9 0 1 -46 0 -69 0 1 -7 0 -172 -50 -1 9 9 48 4 -5 -1
1 9994 -145 46 -4 -7 0 -1 -53 0 11 -23 4 1 8 53 15 0 -3 -3 -29 -1 6 1
1 10002 -146 21 -6 7 0 0 -53 0 9 0 1 -21 9 121 37 1 -6 -6 3 -1 -2 -1
1 10009 -142 17 -2 -6 0 0 -54 0 -1 -12 1 15 11 -43 -11 1 1 1 4 -1 0 1
1 10012 -160 19 -3 10 0 1 -53 0 9 3 -1 13 15 52 12 -2 -1 -1 6 4 -2 -1
1 12778 -199 18 -10 -126 1 -1396 -35 2 8 -119 0 12 11 18 1 -2 0 0 -7 -1 2 1
1 10619 -133 -52 -27 -59 0 0 0 0 18 -33 -5 85 49 68 3 -12 2 2 -21 -4 -2 0
1 10000 -127 -83 1 -12 0 0 0 0 -12 18 3 32 17 -33 -16 -4 4 4 37 4 1 0
1 10023 -132 -101 4 -2 0 0 0 0 -26 29 4 50 15 9 -10 -8 4 4 -27 -2 -2 0
1 10000 -120 -99 0 1 0 0 0 0 -26 26 0 -12 6 -37 -22 -7 6 6 -3 0 4 0
1 10013 -127 -73 2 3 0 0 0 0 -24 17 -1 -39 17 -111 -26 4 4 4 26 1 -1 0
1 10000 -133 -82 -1 2 0 0 0 0 -25 15 -4 66 51 -2 0 0 0 0 -16 0 1 0
1 10000 -124 -86 -2 -1 0 0 0 0 -27 8 -5 59 51 264 63 -8 -10 -10 1 1 -4 -1
1 10000 -130 -79 -1 -6 0 0 0 0 -25 1 -5 3 48 223 44 -13 -5 -5 36 3 4 1
1 10119 -135 -116 2 53 -1 1195 -1 0 -38 48 -15 -40 3 332 95 0 -18 -18 -14 -2 3 0
1 9880 -136 -58 36 110 1 204 0 2 -45 88 -39 -105 20 498 152 7 -31 -31 -58 -4 -1 0
1 10001 -158 18 -9 26 0 0 0 0 13 24 -3 -136 121 496 168 17 -36 -36 4 -5 -4 0
1 10000 -144 23 -8 4 0 0 0 0 13 4 3 -105 70 1141 357 21 -73 -73 -13 0 1 -1
1 10000 -135 -10 -5 3 0 0 0 0 1 1 0 1 15 1427 431 15 -85 -85 -41 -5 3 1
1 9999 -152 -5 4 -2 0 0 0 0 -4 1 -2 -79 1 1471 434 9 -83 -83 19 1 -3 0
1 10001 -141 -60 -6 -2 0 0 0 0 -14 -7 -3 -237 -9 1339 401 13 -78 -78 -12 0 2 0
1 9999 -128 -135 8 -11 0 0 0 0 -43 -27 -11 -331 16 1422 501 59 -106 -106 55 3 1 0
1 10001 -118 -18 0 13 0 0 0 0 -5 8 -5 -157 -29 2115 669 41 -133 -133 -44 -6 -3 0
1 10000 -131 26 -6 2 0 0 0 0 11 6 4 -82 -17 2210 680 29 -129 -129 -23 0 -1 -1
1 10000 -138 64 0 5 0 0 0 0 17 13 3 -175 -31 2039 623 25 -117 -117 -17 -2 6 1
1 10000 -135 75 -1 -2 0 0 0 0 23 7 7 -248 -34 1964 618 34 -117 -117 16 2 -4 0
1 4954 -53 55 0 1 0 0 0 0 17 5 5 -96 -16 939 304 20 -59 -59 -8 1 5 -1
1 5618 -79 61 2 0 0 0 0 0 18 2 6 -77 -8 959 324 30 -64 -64 5 -3 1 0
1 6678 -84 77 -3 -1 -1 -1 -1 0 27 -1 9 -95 -17 1411 444 23 -82 -82 4 2 -3 0
1 7650 -110 67 10 -10 0 0 0 0 15 -8 7 -90 -25 1404 437 20 -81 -81 -24 -2 -3 1
1 5617 -66 64 -2 10 0 0 0 0 21 -1 6 -32 -10 943 295 15 -54 -54 -6 0 3 0
1 4423 -55 53 10 -9 0 0 0 0 8 -15 6 19 6 845 258 9 -46 -46 14 1 3 -1
1 5577 -85 31 -4 -9 0 0 0 0 14 -11 7 -38 -13 861 261 8 -46 -46 6 1 2 0
1 4423 -64 19 -3 -4 0 0 0 0 9 -6 3 5 6 594 177 4 -31 -31 -25 -1 1 0
1 5577 -65 9 -11 21 0 0 0 0 11 15 -4 -7 -3 846 255 6 -44 -44 13 0 -4 0
1 4424 -69 15 6 -9 0 0 0 0 -1 -10 3 -21 -9 492 146 3 -26 -26 17 1 5 0
1 5576 -77 47 6 -1 0 0 0 0 10 -10 5 6 3 720 213 3 -36 -36 14 2 -6 0
1 4430 -58 31 -5 3 0 0 0 0 14 -2 2 6 5 270 82 3 -15 -15 -17 -2 1 0
1 5571 -82 25 4 2 0 0 0 0 4 -4 1 -64 -16 710 205 1 -34 -34 1 0 1 0
1 4421 -63 27 -9 6 0 0 0 0 11 -5 2 -10 -1 175 62 6 -12 -12 -16 -1 0 0
1 5579 -82 16 -2 -1 0 0 0 0 8 -3 2 -57 -6 411 127 5 -22 -22 4 -1 4 0
1 7212 -87 14 -5 -13 1 -18 0 -3 8 -16 4 -83 -19 524 170 12 -31 -31 -15 -2 -6 0
1 7683 -99 -10 -3 -133 0 -1390 -1 1 -2 -114 14 -56 -35 439 151 14 -28 -28 5 3 7 0
1 5617 -77 -38 -16 -34 0 0 0 0 3 -21 -1 -205 -53 496 154 6 -27 -27 18 2 8 1
1 4999 -56 -33 -4 -9 0 0 0 0 -5 1 -1 -65 -20 186 94 24 -21 -21 45 5 24 -1
1 4412 -45 -43 -3 -4 0 0 0 0 -11 5 1 -51 -32 432 146 12 -27 -27 -8 -1 -16 0
1 5619 -68 -52 -1 -3 0 0 0 0 -13 9 -1 -151 -25 548 184 15 -34 -34 47 7 7 0
1 5000 -62 -34 2 6 0 0 0 0 -15 9 -1 -69 -10 401 160 26 -33 -33 -55 -7 -10 0
1 5000 -57 -52 -1 -5 0 0 0 0 -14 6 -2 -387 -77 626 208 15 -37 -37 6 1 18 0
1 4519 -44 -40 -3 0 0 0 0 0 -13 1 -2 -75 -16 413 176 32 -37 -37 -10 -1 16 0
1 5621 -63 -52 -6 7 0 0 0 0 -11 11 -1 -7 -3 765 312 52 -63 -63 17 3 4 0
1 4413 -42 -44 7 -10 0 0 0 0 -20 -3 -4 -14 -6 1184 369 15 -63 -63 0 1 3 0
1 5618 -71 -52 1 -5 0 0 0 0 -18 -3 -4 23 3 1294 384 6 -63 -63 93 6 -3 0
