version: 66.11
glider: 175
mission: 10
dive: 153
start: 1 28 126 15 1 39
columns: rec,elaps_tms,depth,heading,pitch,roll,AD_pitch,AD_roll,AD_vbd,GC_phase,mag.x,mag.y,mag.z,sbect.TempFreq,sbect.CondFreq,aa4330.O2,aa4330.AirSat,aa4330.Temp,aa4330.CalPhase,aa4330.TCPhase,wlbb2f.redCount,wlbb2f.blueCount,wlbb2f.fluorCount,wlbb2f.VFtemp,
data:
0 22168 -451 1641 -756 76 245 2340 646 2 423 -55 252 284831 170027 361498 97756 8015 32298 32298 299 156 137 572
1 10001 -1 1 75 -15 0 0 284 0 -56 -4 52 -103 1 -1339 -355 3 44 44 -6 -12 -16 0
1 10003 18 -47 0 -69 0 0 281 0 31 -56 -28 49 4 525 152 4 -20 -20 3 14 -24 0
1 9986 21 -56 -77 -17 0 0 274 0 40 -32 -57 93 7 -21601 -4019 812 340 340 4 1 55 0
1 10000 31 19 16 66 0 0 267 0 -10 44 22 -141 0 -24115 -6433 104 854 854 62 -20 -52 0
1 10010 35 124 -52 -47 0 0 257 0 35 21 -43 75 1 -5331 -1434 20 202 202 -52 -3 11 0
1 9995 52 34 25 19 0 1 250 0 -16 22 24 -24 -3 1373 411 15 -63 -63 28 -7 -44 0
1 10007 78 80 11 -66 0 0 266 0 -3 -7 3 -396 -106 -252 -60 5 8 8 -64 13 39 0
1 15001 367 110 -30 -13 487 -1 250 -1 16 33 -22 -2092 -1800 -6768 -1421 223 158 158 27 1 -3 0
1 9118 326 -107 266 146 1666 1336 3 5 -179 64 161 -135 -148 -11527 -2920 148 405 405 6 -13 -31 0
1 15001 388 -159 196 144 0 21 3 -2 -174 78 44 -779 -657 -6184 -1608 63 234 234 0 15 29 0
1 10000 204 -33 26 5 0 0 0 0 -22 -5 7 -114 -130 -3404 -760 101 97 97 26 7 -6 0
1 9999 212 1 -7 -5 0 0 0 0 6 -5 0 -176 -139 -3125 -800 41 118 118 5 -5 -2 0
1 10001 205 -52 14 11 0 0 0 0 -10 -9 4 -14 -28 -2319 -579 39 84 84 -1 2 3 0
1 10316 225 -32 7 -18 0 0 0 0 3 -25 6 -39 -18 -1816 -453 31 67 67 -16 -3 -3 0
1 9999 218 -31 -2 8 0 0 0 0 1 -7 2 -97 -82 -1196 -306 17 46 46 4 2 -1 0
1 10000 179 -57 10 7 0 0 0 0 2 -12 2 -286 -181 -1499 -385 20 58 58 11 -1 -1 0
1 10000 195 -48 -4 -12 0 0 0 0 17 -25 1 57 -29 -625 -127 27 15 15 -15 -1 -3 0
1 10330 189 -79 2 5 0 0 0 0 17 -20 0 62 -44 -1263 -342 7 54 54 7 8 1 0
1 10000 185 -81 7 6 0 0 0 0 18 -16 -4 -61 -63 -1256 -356 -1 59 59 62 1 -2 -1
1 10001 198 -71 0 -1 0 0 0 0 23 -16 -6 -95 -118 -847 -223 8 35 35 -48 -8 -4 1
1 9999 175 -54 2 -6 0 0 0 0 18 -13 -5 -33 -28 -926 -239 13 37 37 44 9 6 0
1 11189 188 -76 2 -2 0 0 0 0 25 -11 -8 11 -29 -899 -239 8 38 38 -43 -2 1 0
1 10000 158 -55 -1 -4 0 0 0 0 20 -7 -9 29 -26 -434 -117 3 19 19 -14 1 -2 -1
1 8709 147 18 -5 -116 82 -1350 3 0 0 -95 -11 -246 -96 -32 -14 -3 3 3 8 25 44 0
1 11291 148 71 64 -95 0 -2 0 2 -75 -70 6 235 -24 -1790 -485 11 79 79 76 -14 -42 1
1 10000 126 32 10 -2 0 0 0 0 -20 1 6 49 -5 -922 -277 -10 49 49 -45 -11 -3 0
1 10001 108 47 9 -4 0 0 0 0 -25 0 6 44 -8 -649 -190 -4 33 33 -13 2 1 -1
1 8816 110 11 6 109 22 1341 0 0 -12 94 26 -193 -5 951 260 -4 -43 -43 17 20 35 1
1 13983 126 -43 20 107 -1 29 1 -2 -3 91 7 229 -6 -1345 -376 1 63 63 60 -4 -32 0
1 10306 90 6 -1 1 0 0 0 0 -1 3 0 36 -7 263 68 -4 -10 -10 -19 -2 2 0
1 9999 89 -35 6 5 0 0 0 0 7 -2 -1 8 -12 -202 -62 -3 11 11 -11 3 -5 0
1 9998 92 -26 2 2 0 0 0 0 7 -2 -1 79 8 -437 -127 -2 22 22 -47 -9 1 -1
1 10002 98 -24 3 0 0 0 0 0 8 1 -2 91 -18 -112 -46 -8 10 10 25 0 -2 0
1 10419 100 -49 7 1 0 0 0 0 11 -5 -2 -128 -84 -92 -43 -10 9 9 3 8 1 1
1 7955 85 -27 1 -123 0 -1352 0 0 13 -100 -12 -114 -43 -356 -93 5 15 15 20 -7 0 -1
1 12046 116 -6 -11 -103 0 -22 0 2 12 -91 -30 27 -41 -709 -185 8 30 30 33 12 4 0
1 9999 92 -2 0 3 0 0 0 0 1 1 0 -23 -18 -736 -199 5 33 33 59 3 1 1
1 10001 97 -4 -2 -2 0 0 0 0 3 2 0 -48 -24 -610 -165 4 27 27 -107 -16 -4 -1
1 10000 92 -13 -4 6 0 0 0 0 8 2 -2 -27 -17 -344 -86 6 14 14 103 15 -4 0
1 10000 91 -2 -3 -2 0 0 0 0 4 0 -1 17 -9 -590 -158 5 26 26 -12 2 4 0
1 9999 98 -16 5 3 0 0 0 0 1 0 0 12 1 -107 -28 1 5 5 -106 -18 -1 0
1 10000 103 -5 2 -3 0 0 0 0 0 1 -1 -67 -22 -580 -163 0 28 28 44 8 3 1
1 10001 102 -6 0 -2 0 0 0 0 3 -1 0 -51 -27 409 125 6 -23 -23 1 5 -3 -1
1 10000 99 -3 -2 0 0 0 0 0 2 0 0 -51 -29 -180 -36 8 4 4 -10 -1 0 0
1 10000 95 3 4 0 1 -1 -1 0 -4 0 0 -53 -27 -101 -20 5 3 3 -10 -9 2 0
1 10000 92 -12 -1 2 0 0 0 0 5 1 -1 -22 -20 -885 -237 8 39 39 -17 7 3 0
1 10000 112 -7 -2 2 0 0 0 0 4 0 0 -2 -6 -306 -76 5 12 12 48 -1 -7 0
1 8050 84 -1 -4 -123 -1 -1318 0 0 5 -89 -49 -41 -1 -547 -148 4 25 25 -31 -23 -47 0
1 13298 129 52 3 -84 0 -42 0 -2 -20 -64 -40 114 9 -276 -81 -2 14 14 -1 25 56 0
1 10091 104 26 -3 -3 0 0 0 0 -6 -3 1 104 20 -191 -57 -2 11 11 -3 4 -11 1
1 9999 101 15 4 -3 0 0 0 0 -9 -2 0 71 6 0 -23 -13 7 7 40 -6 3 -1
1 10001 110 21 5 3 0 0 0 0 -12 0 5 -44 -17 775 205 -8 -34 -34 4 7 -1 0
1 8824 102 35 -1 71 0 597 0 0 -14 46 41 -135 -14 -517 -145 0 25 25 -48 4 35 0
1 11175 117 27 -14 132 -6 782 0 2 0 105 55 124 -19 -118 -37 -2 7 7 23 -9 -32 0
1 9998 103 35 8 27 0 0 0 0 -19 29 14 23 4 -294 -83 0 14 14 168 17 -5 0
1 10002 79 61 -8 -7 0 0 0 0 -15 1 3 192 51 280 74 -2 -12 -12 -197 -21 6 0
1 8371 89 -33 -10 116 9 1350 0 0 17 95 18 -266 -20 -202 -78 -13 16 16 54 -10 -28 0
1 14966 153 -101 26 81 0 12 0 -2 13 60 1 28 -46 16 12 4 -3 -3 86 21 23 0
1 9999 104 3 -14 4 0 0 0 0 12 6 -3 130 30 36 20 6 -5 -5 -109 -2 3 0
1 10000 102 -32 12 7 0 0 0 0 1 3 0 82 12 -84 -28 -2 6 6 20 -4 0 0
1 7965 92 -14 4 -125 -1 -1347 0 0 5 -104 -11 -69 21 652 168 -10 -27 -27 41 -15 -32 0
1 12035 105 -10 -6 -100 1 -25 0 2 10 -86 -28 -63 -55 -784 -239 -10 44 44 -52 16 30 0
1 10001 108 -23 4 1 0 0 0 0 5 2 0 -55 -12 267 86 6 -17 -17 -11 1 -6 0
1 9999 92 -34 6 -5 0 0 0 0 7 -4 -4 -9 -4 -51 4 11 -3 -3 -30 -7 6 0
1 10000 88 28 -8 1 -1 0 0 0 -3 -1 1 47 4 -165 -35 6 5 5 12 -5 0 0
1 10001 87 -24 -3 4 0 0 0 0 11 5 -1 78 15 -429 -124 -1 22 22 40 10 1 0
1 10000 97 -31 4 0 0 0 0 0 8 2 -3 103 20 216 45 -10 -6 -6 -4 1 0 0
1 8274 70 -12 2 -125 0 -1323 0 0 4 -93 -48 -85 -2 534 132 -10 -21 -21 -43 -21 -37 0
1 13321 127 46 -5 -85 1 -43 0 -2 -11 -65 -46 332 60 -407 -126 -7 24 24 15 22 36 0
1 10197 107 30 13 -4 0 0 0 0 -21 -3 6 3 10 475 96 -22 -12 -12 21 2 -3 0
1 9999 84 22 -5 4 0 0 0 0 -4 1 2 -78 -39 176 31 -11 -3 -3 130 7 5 0
1 10002 102 9 -7 1 0 0 0 0 3 1 0 -2 -19 -10 6 5 -2 -2 -75 -10 1 0
1 10000 109 20 5 -11 0 0 0 0 -12 -7 -3 -32 -5 -209 -63 -2 12 12 38 13 1 0
1 9122 95 -6 -2 85 -1 613 0 0 2 54 44 -182 -54 -159 -39 3 5 5 -88 1 21 0
1 11175 124 -69 -1 148 0 761 0 2 24 119 53 242 -11 -507 -128 9 21 21 12 -12 -22 0
1 10000 101 -52 1 -17 0 0 0 0 18 -9 -10 65 9 318 76 -8 -12 -12 -5 -1 -1 0
1 10001 109 -42 7 0 0 0 0 0 9 2 -2 285 55 -197 -72 -9 15 15 -18 2 -3 0
1 8690 99 -16 -6 -119 0 -1333 0 0 11 -86 -47 -130 -1 -319 -134 -27 29 29 -1 -19 -26 0
1 13292 150 61 3 -90 0 -43 0 -2 -22 -70 -44 171 18 317 66 -13 -8 -8 16 13 28 0
1 10000 108 32 1 2 0 0 0 0 -12 0 4 -3 -1 431 107 -9 -17 -17 14 14 5 0
1 9999 114 29 5 0 0 0 0 0 -14 -3 4 78 21 5 -9 -5 3 3 25 3 -1 0
1 10311 128 28 -1 1 0 0 0 0 -9 1 3 160 43 7 -10 -7 3 3 -21 -7 -4 0
1 10000 107 34 -7 7 0 0 0 0 -7 1 3 47 8 462 95 -21 -12 -12 52 8 1 0
1 10000 116 19 3 -6 0 0 0 0 -9 -2 1 65 12 416 97 -11 -14 -14 41 2 0 0
1 8720 100 10 -4 125 0 1382 -1 0 -3 87 63 51 18 62 -4 -13 3 3 -109 -23 -19 0
1 11280 121 3 -2 82 0 0 1 2 0 70 32 181 28 34 -21 -18 8 8 15 18 23 0
1 10000 102 7 2 1 0 0 0 0 -5 -1 1 144 37 543 134 -10 -21 -21 12 -3 -6 0
1 10000 108 -5 4 -2 0 0 0 0 -1 0 0 110 31 347 63 -20 -7 -7 48 13 3 0
1 10000 116 19 4 -1 0 1 0 0 -11 -2 1 479 129 40 -22 -20 8 8 56 3 -1 0
1 10000 105 5 -2 2 0 0 0 0 0 2 1 -6 15 894 159 -52 -16 -16 -50 -3 5 0
1 9999 105 29 1 12 0 0 0 0 -12 12 7 228 67 609 137 -20 -19 -19 -16 -7 -3 0
1 9978 108 44 -22 -14 -46 -1 0 0 2 -12 -5 23 11 894 197 -31 -28 -28 -50 -2 -2 0
1 10604 133 -13 -26 8 0 0 0 0 30 12 -1 -34 -6 584 137 -15 -20 -20 126 13 8 0
1 9998 129 0 -3 -6 0 0 0 0 3 -5 -3 0 0 157 29 -8 -3 -3 72 12 -8 0
1 8180 111 57 -11 109 7 1323 0 0 -17 94 29 -323 -60 1097 303 -2 -52 -52 -78 -2 16 0
1 14839 191 -13 5 110 1 30 -1 -2 1 102 4 -129 -95 -888 -207 23 31 31 367 19 -22 0
1 10001 130 -32 5 3 0 0 0 0 3 -9 0 -86 -51 -594 -137 17 19 19 -392 -31 8 0
1 10315 138 -28 8 -2 0 0 0 0 6 -1 -1 -363 -101 -666 -149 22 21 21 11 10 -3 0
1 10001 130 -44 8 -2 0 0 0 0 10 -5 -2 423 73 -589 -108 33 12 12 194 7 0 0
1 10451 126 -60 -2 3 0 0 0 0 23 -6 -5 394 102 -709 -224 -15 42 42 -183 -5 0 0
1 8241 102 16 -6 -126 -1 -1347 0 0 4 -101 -12 288 71 -345 -173 -44 40 40 47 9 40 0
1 11760 123 46 -14 -65 0 -23 0 2 -6 -58 -14 178 18 590 87 -46 -5 -5 -34 -7 -38 0
1 9999 128 2 7 -30 0 0 0 0 -6 -22 -7 -11 12 1011 238 -25 -36 -36 46 -8 2 0
1 10001 117 18 9 1 0 0 0 0 -13 3 5 137 35 828 215 -10 -35 -35 -81 5 -1 0
1 10000 121 0 -1 -5 1 0 0 0 0 -7 -2 -8 3 184 31 -11 -3 -3 129 9 0 0
1 10000 108 -34 1 2 0 0 0 0 11 -2 -4 -280 -75 313 63 -14 -8 -8 -191 -27 -3 0
1 10000 114 -45 -10 17 0 0 0 0 25 14 -2 179 48 -178 -25 14 2 2 182 42 5 0
1 8902 104 -30 14 -9 0 0 0 0 -1 -9 -3 -347 -57 337 84 -6 -14 -14 -124 -36 -2 0
1 11097 107 -10 -9 -11 0 0 0 0 11 -8 -7 71 -13 -146 -29 7 4 4 30 9 -1 0
1 10001 113 -13 -2 10 0 0 0 0 7 10 2 -54 -20 -435 -101 12 15 15 -50 -9 -1 0
1 9999 120 5 0 -6 0 0 0 0 -2 -5 -2 1 -5 -148 -22 10 1 1 15 0 6 0
1 10001 122 -14 6 -7 0 0 0 0 0 -4 -2 -5 -1 -230 -57 5 9 9 -1 2 -8 0
1 10000 115 -21 1 6 0 0 0 0 7 6 0 -60 -20 106 37 4 -7 -7 -84 -15 2 0
1 9999 110 -17 -1 10 0 0 0 0 6 5 0 -12 -7 -236 -57 5 8 8 386 41 -3 0
1 10001 110 -28 1 -1 0 0 0 0 9 1 -3 -6 -7 -326 -85 4 14 14 -280 -20 4 0
1 10000 117 9 5 -15 0 0 0 0 -7 -10 -1 -12 -4 150 45 2 -8 -8 118 11 -3 0
1 10000 107 -20 -6 13 0 0 0 0 12 11 -1 14 -1 -636 -173 2 30 30 210 24 2 0
1 8645 104 20 -5 -117 0 -1343 0 0 -1 -86 -43 -139 -1 848 237 0 -41 -41 -383 -48 8 0
1 13312 152 64 7 -89 0 -23 0 -2 -27 -68 -39 143 2 -844 -239 -2 41 41 198 21 -11 0
1 10000 114 41 3 -4 0 0 0 0 -17 -7 3 17 1 34 10 1 -2 -2 -115 -10 4 0
1 10000 109 54 2 -2 0 0 0 0 -22 -3 4 84 13 111 27 -3 -4 -4 370 36 -4 0
1 8579 92 20 -6 123 -1 1380 0 0 -5 86 64 -21 16 -169 -54 -4 11 11 -433 -77 -45 0
1 11420 107 17 -3 83 1 1 0 2 -3 73 35 202 26 193 34 -11 -4 -4 78 42 50 0
1 10000 97 36 1 6 0 0 0 0 -15 7 6 374 89 483 106 -17 -15 -15 -63 -5 -1 0
1 10000 84 3 5 -3 0 0 0 0 -5 -1 0 33 13 750 151 -33 -18 -18 -33 -8 2 0
1 8812 80 -8 -10 106 -1 1253 0 0 9 88 22 -90 9 1498 381 -21 -61 -61 -12 -14 -24 0
1 13543 124 -80 0 114 0 97 0 -2 27 90 1 173 13 -695 -210 -10 38 38 121 20 24 0
1 9999 91 -43 10 -1 0 0 0 0 8 -2 -2 54 12 165 26 -11 -2 -2 -100 -1 4 0
1 7920 82 -14 -7 -122 0 -1327 0 0 14 -99 -15 -81 3 1338 354 -11 -59 -59 -37 -2 21 0
1 12081 106 -15 -3 -96 0 -31 -1 2 8 -85 -28 29 -18 -560 -165 -5 30 30 109 15 -21 0
1 9999 96 -31 6 0 0 0 0 0 7 3 0 -3 -1 -449 -123 1 21 21 -34 -12 -6 0
1 10000 93 -22 2 -3 0 0 0 0 6 -2 -4 -18 -8 477 134 1 -23 -23 45 15 -1 0
1 10000 89 -42 2 4 0 -2 0 0 13 3 -3 -22 -8 -146 -38 2 6 6 -85 -18 9 0
1 10000 100 -25 -3 -2 0 0 0 0 11 4 -3 -16 -11 249 73 2 -13 -13 -6 2 -6 0
1 10000 83 -13 0 1 0 0 0 0 4 1 -2 -42 -13 -143 -35 2 5 5 247 20 0 0
1 8079 89 4 -8 -119 1 -1345 1 0 6 -87 -47 -145 -4 -471 -124 4 21 21 431 -11 -47 0
1 13300 147 31 0 -103 0 -24 0 -2 -9 -72 -51 381 35 45 7 -2 -1 -1 -663 -6 46 0
1 10205 120 -4 7 2 0 0 0 0 -4 2 4 262 64 172 9 -23 4 4 7 -3 2 0
1 10000 115 15 10 -7 0 0 0 0 -13 -7 -1 36 7 688 149 -24 -21 -21 157 20 0 0
1 10001 116 11 -6 4 0 0 0 0 1 1 1 164 5 266 33 -24 0 0 -180 -14 -1 0
1 9999 112 22 16 -4 0 0 0 0 -21 -5 5 -39 7 569 126 -18 -18 -18 132 10 -2 0
1 10312 111 -10 -11 2 0 0 0 0 13 4 -2 35 -19 68 9 -6 0 0 -112 -17 2 0
1 10001 108 66 -7 22 0 0 0 0 -18 6 14 -4 4 119 24 -4 -3 -3 -32 4 3 0
1 13187 150 -37 15 149 113 1194 0 -2 -1 111 75 -48 -9 32 6 -3 -1 -1 29 -2 -3 0
1 7618 67 -28 83 20 0 0 -33 0 -61 15 25 -45 -8 -378 -108 -1 19 19 66 8 -6 0
1 8955 36 -10 28 5 0 0 -45 0 -21 4 5 -106 -17 44 10 -2 -1 -1 22 -4 5 0
1 9054 39 18 -8 4 0 0 -45 0 1 3 1 41 -1 17 6 1 -2 -2 -36 -1 3 0
1 9999 34 17 -8 6 0 1 -50 0 0 2 1 -45 0 -305 -83 1 14 14 4 5 4 0
1 10000 41 1 -2 1 0 -1 -49 0 1 0 -1 121 -3 -1136 -313 2 54 54 -35 2 -5 0
1 10012 33 19 -16 3 0 0 -49 0 7 2 0 26 -5 936 262 1 -45 -45 0 8 -4 0
1 10003 33 6 -10 -4 0 0 -50 0 7 1 -1 -10 0 371 100 -2 -17 -17 31 4 1 0
1 9976 24 14 -3 3 0 0 -48 0 -2 -1 0 31 2 -257 -74 -1 13 13 41 -9 5 0
1 10029 33 38 -7 3 0 0 -47 0 -9 -1 2 -52 -1 35 11 1 -2 -2 4 0 -3 0
1 9997 15 -3 -9 2 0 0 -48 0 9 3 0 -27 -3 -323 -93 -2 16 16 -31 18 -5 0
1 9980 7 2 0 1 0 0 -48 0 -1 0 -1 -1 2 650 182 1 -31 -31 53 -7 5 0
1 10002 -4 8 -2 -2 0 0 -50 0 -1 0 1 27 -2 -185 -48 1 8 8 -35 1 1 0
1 13733 -20 -3 16 1 2 0 -31 0 -12 3 3 -10 -1 -596 -167 -1 29 29 19 12 19 0
1 6265 -48 8 335 7 333 0 -16 0 -300 5 -32 64 1 425 100 -10 -15 -15 80 -9 -23 0
1 10017 -61 6 81 -6 0 0 -47 0 -69 -4 -35 -29 3 44 22 6 -5 -5 -63 -2 9 0
1 9989 -71 5 -22 19 0 0 -48 0 16 10 14 33 0 -560 -154 1 26 26 -54 -5 -9 0
1 9996 -83 -8 -1 -5 0 0 -52 0 3 -4 0 -32 1 157 44 0 -8 -8 327 25 3 0
1 9995 -108 -16 -5 -5 0 0 -52 0 10 -1 4 -188 -15 29 6 -1 -1 -1 -349 -32 -3 0
1 10020 -103 12 -4 14 0 0 -52 0 -1 10 4 99 15 75 28 4 -5 -5 21 -2 4 0
1 9999 -121 49 -11 -9 0 0 -52 0 -7 -4 -7 -37 23 -98 -19 4 2 2 154 14 -5 0
1 9996 -137 31 -9 -17 0 0 -52 0 -4 -10 -5 5 22 248 71 2 -12 -12 -203 -22 7 0
1 9996 -128 16 -4 26 0 0 -53 0 -4 19 8 24 6 146 46 3 -9 -9 107 9 -2 0
1 10006 -140 27 5 -4 0 0 -53 0 -11 3 -7 -14 0 378 105 0 -18 -18 -121 -12 -1 0
1 10003 -128 6 -4 -21 0 0 -53 0 0 -17 -6 -76 2 68 20 0 -4 -4 61 14 0 0
1 10006 -163 -4 -6 -3 0 -1 -54 1 7 -1 3 -69 -9 7 1 0 0 0 186 16 -4 0
1 14794 -235 -94 -27 -179 10 -1372 -1 1 56 -138 -59 112 -8 -232 -57 4 9 9 -173 -18 6 0
1 9681 -129 -73 0 -12 0 0 -3 -1 25 -11 3 -466 -59 139 67 16 -15 -15 -66 -7 -2 0
1 10638 -182 -31 7 172 -43 1375 -1 3 4 122 83 53 -23 70 83 37 -22 -22 18 -3 -4 0
1 9999 -140 -4 -21 24 0 0 0 0 20 19 14 -138 -30 -1097 -283 12 46 46 -1 -2 3 0
1 9999 -138 0 -5 -1 0 0 0 0 4 2 3 -26 -4 -334 -59 20 5 5 72 8 6 0
1 9870 -133 -4 -7 1 -16 -1 -1 0 8 0 2 -17 -2 -258 -53 10 7 7 -55 -3 -6 0
1 10606 -142 21 -10 6 0 0 0 0 1 5 2 48 18 -211 -47 7 7 7 58 5 5 0
1 10000 -120 3 -4 -1 0 0 0 0 2 -2 0 36 18 61 16 0 -3 -3 4 -4 -3 0
1 10000 -121 4 -4 0 0 1 -1 0 3 -1 0 -3 3 -52 -16 -1 3 3 129 19 -2 0
1 10001 -126 -10 2 0 0 0 0 0 1 1 1 38 13 159 38 -4 -6 -6 -177 -20 0 0
1 9999 -120 -18 2 -7 0 0 0 0 5 -3 1 -66 -21 26 5 -1 0 0 -71 -6 1 0
1 10000 -122 -11 -4 6 0 0 0 0 7 3 3 -98 -6 27 18 6 -5 -5 138 14 1 0
1 10001 -118 -12 2 -3 0 0 0 0 3 -3 -1 102 26 39 24 7 -5 -5 -148 -19 -3 0
1 10000 -118 -18 0 2 0 0 0 0 7 3 3 -253 -89 -123 -41 -4 8 8 120 13 2 0
1 8215 -99 -13 9 99 -1 1363 -1 0 -4 84 25 -382 -28 -697 -163 18 24 24 -8 25 35 0
1 13346 -192 75 12 128 1 33 0 -2 -38 105 1 -53 -59 -264 3 44 -10 -10 -72 -27 -40 0
1 9999 -138 68 -6 -4 0 0 0 0 -20 1 -6 -15 -3 -1079 -255 27 38 38 -13 -5 2 0
1 8765 -108 67 0 -89 5 -1381 0 0 -24 -77 -15 -23 10 618 186 8 -34 -34 129 23 32 0
1 11235 -159 3 11 -108 0 -5 0 2 -9 -88 -27 0 -8 -1189 -325 3 55 55 -3 -5 -33 0
1 10001 -143 -1 -16 -19 0 0 0 0 14 -16 0 34 22 -18 4 6 -2 -2 145 12 2 0
1 9999 -115 61 -12 -4 0 0 0 0 -12 3 -4 77 19 -112 -17 8 1 1 -238 -25 2 0
1 8820 -98 -13 22 -89 0 -1257 0 0 -12 -67 -37 -293 -67 1405 364 -16 -59 -59 36 11 4 0
1 13357 -170 -102 -24 -129 0 -155 0 -2 58 -101 -50 79 -2 -1154 -280 24 43 43 -49 -8 -6 0
1 8832 -113 -91 -9 13 0 163 -2 -2 40 1 15 -192 -14 -7 1 2 0 0 34 -2 0 0
1 11169 -153 -27 27 176 1 1214 0 4 -15 133 82 139 17 -603 -149 11 23 23 10 1 -2 0
1 10000 -134 -8 12 13 0 0 0 0 -8 10 3 2 1 -116 -28 2 4 4 -29 -9 4 0
1 9999 -143 -11 -11 21 0 0 0 0 13 21 12 -6 -1 -128 -34 2 6 6 9 6 -1 0
1 8320 -101 -15 10 87 -1 1388 0 0 -3 70 20 -96 11 339 96 1 -17 -17 -48 -6 9 0
1 13314 -213 120 -5 145 0 33 0 -2 -40 117 2 100 -11 -252 -68 1 12 12 53 12 -8 0
1 9127 -116 78 -1 -50 0 -441 0 0 -27 -34 -12 643 198 365 55 -27 -4 -4 -7 -4 -2 0
1 11177 -165 28 5 -160 0 -963 0 2 -14 -137 -33 -565 -139 820 159 -40 -19 -19 -12 6 4 0
1 10002 -130 -8 -13 -25 0 0 0 0 15 -16 0 -198 -28 -151 31 41 -14 -14 79 -5 -8 0
1 9999 -120 -3 -8 1 0 0 0 0 7 -1 2 23 19 -305 -38 28 0 0 -75 -1 7 0
1 10000 -125 -25 4 -2 0 -4 0 0 6 -3 1 255 85 -96 -26 0 5 5 -36 -9 -5 0
1 10001 -119 -43 4 8 0 0 0 0 12 2 7 95 36 -44 -44 -18 11 11 22 10 2 0
1 9999 -114 -17 -8 -6 0 0 0 0 13 -2 3 -29 1 897 222 -17 -35 -35 -57 -13 -1 0
1 10001 -115 -41 7 1 0 0 0 0 9 0 3 -176 -47 227 66 2 -11 -11 0 -4 3 0
1 9999 -127 -34 -1 2 0 0 0 0 14 1 3 -409 -105 114 60 16 -14 -14 -16 -1 -3 0
1 10001 -126 -18 -2 -4 0 0 0 0 7 1 3 -196 -65 -298 -23 35 -4 -4 27 4 -1 0
1 9999 -100 -3 1 0 0 0 0 0 0 -1 0 -112 -25 -846 -163 42 19 19 -16 -1 5 0
1 9999 -121 12 0 4 0 0 0 0 -3 2 -1 -71 -19 -594 -126 23 17 17 -13 -8 -5 0
1 10001 -118 -1 0 1 0 0 0 0 0 1 1 -37 -10 -637 -150 17 22 22 35 6 -2 0
1 10000 -112 19 -1 -1 0 0 0 0 -6 -4 -3 -47 -6 -180 -28 13 2 2 35 1 6 0
1 9999 -113 32 1 -2 0 0 0 0 -13 2 -3 -508 -130 -267 -59 10 8 8 -84 -9 -5 0
1 10001 -121 24 2 6 0 0 0 0 -10 0 -3 -92 -21 -488 -42 54 -5 -5 54 10 -1 0
1 10000 -115 32 -3 -5 0 0 0 0 -10 -1 -3 -14 -5 -644 -136 26 18 18 -69 -5 3 0
1 10000 -115 12 -1 -1 0 0 0 0 -2 1 -3 124 40 -698 -178 11 29 29 35 1 -2 0
1 10000 -121 28 4 -2 0 0 0 0 -14 1 -3 -357 -81 229 61 -2 -10 -10 -30 -5 0 0
1 10000 -105 43 2 0 0 0 0 0 -17 3 -6 -180 -29 -592 -118 28 14 14 2 -3 0 0
1 10001 -113 39 3 3 0 0 0 0 -16 7 -5 -103 0 -438 -68 33 5 5 -6 4 -1 0
1 10000 -114 40 -4 4 0 0 0 0 -12 5 -3 -9 13 -287 -43 22 3 3 -10 -4 2 0
1 8174 -88 6 0 -106 0 -1364 -1 0 0 -78 -38 -89 11 669 206 10 -39 -39 -8 16 36 0
1 13343 -162 -90 -18 -119 1 -36 0 -2 48 -93 -46 103 10 -1075 -293 6 50 50 -5 -23 -34 0
1 10196 -103 -71 -8 -13 0 0 0 0 33 -15 2 6 8 -159 -39 4 6 6 4 10 1 0
1 9026 -99 -80 -2 61 -1 594 0 0 30 32 38 -181 -12 175 51 0 -9 -9 3 -1 -1 0
1 11163 -145 -52 41 141 1 805 0 2 -19 112 63 86 -4 47 27 9 -6 -6 28 -3 0 0
1 10000 -124 -8 -12 18 0 0 0 0 14 13 8 -7 1 -316 -80 5 13 13 -8 2 0 0
1 10000 -125 -25 -3 7 0 0 0 0 11 8 6 -1 0 425 123 2 -22 -22 19 0 -1 0
1 8458 -99 -2 9 96 -1 1381 0 0 -7 79 23 -69 7 858 246 3 -44 -44 -34 13 39 0
1 13328 -200 83 7 129 0 32 0 -2 -37 106 3 -74 -6 -1050 -292 1 51 51 31 -11 -44 0
1 10000 -159 80 -13 11 0 0 0 0 -19 9 -6 -68 -5 -46 10 14 -5 -5 -9 -2 1 0
1 8788 -121 58 5 -97 0 -1413 0 0 -24 -79 -15 -60 14 -344 -76 12 11 11 9 -18 -11 0
1 11212 -169 48 -1 -120 1 -4 0 2 -15 -92 -31 216 65 224 67 3 -13 -13 -28 14 14 0
1 10001 -136 22 -6 -15 0 0 0 0 -2 -8 -3 129 59 19 -16 -13 6 6 0 1 3 0
1 9999 -137 9 -5 -2 0 0 0 0 1 0 1 25 17 595 141 -16 -21 -21 3 6 -6 0
1 8764 -105 -8 5 -99 -1 -1356 0 0 0 -77 -39 -88 8 50 3 -6 0 0 -37 -6 24 0
1 13529 -185 -55 -27 -118 1 -36 0 -2 43 -89 -46 101 48 723 200 -3 -34 -34 21 2 -20 0
1 9999 -118 -61 -6 -2 0 0 0 0 28 -7 5 56 28 360 96 -3 -16 -16 -5 -1 -3 0
1 10002 -114 -75 12 3 0 0 0 0 16 -2 4 30 28 -35 -19 -5 5 5 14 -3 0 0
1 8800 -102 -62 6 101 -1 1395 -1 0 16 67 58 -95 7 898 243 -6 -42 -42 1 20 28 0
1 11200 -140 -32 25 96 0 4 1 2 -12 79 38 111 8 44 5 -4 0 0 -1 -19 -25 0
1 9998 -130 -22 -10 14 0 0 0 0 18 11 8 2 7 296 78 -3 -13 -13 -1 1 2 0
1 10001 -114 17 -9 4 0 0 0 0 1 4 3 1 3 211 57 -1 -9 -9 63 -1 3 0
1 8823 -103 33 4 92 0 1316 -1 0 -16 75 20 -16 12 -142 -41 -1 7 7 -69 20 31 0
1 15647 -222 93 14 135 0 77 0 -2 -46 114 -2 19 -2 321 86 -2 -14 -14 40 -19 -37 0
1 8838 -113 83 -6 -46 0 -607 0 0 -26 -41 -9 -86 7 -22 -5 0 0 0 -51 13 42 0
1 11162 -151 17 14 -155 0 -796 0 2 -17 -126 -33 110 15 5 1 0 1 1 5 -18 -40 0
1 10001 -122 10 -21 -15 0 0 0 0 14 -13 -1 4 2 234 61 -3 -11 -11 27 12 5 0
1 9999 -124 6 -4 -9 0 0 0 0 3 -1 0 2 2 61 18 1 -3 -3 -49 -15 -8 0
1 8234 -72 -26 8 -104 0 -1359 1 0 4 -82 -39 -48 4 991 276 -3 -47 -47 154 -3 -14 0
1 13356 -160 -95 -26 -114 0 -36 0 -2 57 -89 -46 87 20 -969 -272 1 47 47 -133 9 16 0
1 8847 -81 -70 4 100 0 1402 -1 0 21 65 59 -68 5 548 149 -3 -25 -25 8 3 8 0
1 11153 -144 -33 29 98 1 1 1 2 -14 80 38 86 15 -14 -8 -2 2 2 -27 -7 -7 0
1 10000 -102 -6 -5 14 0 0 0 0 6 11 7 74 40 13 -1 -3 1 1 38 4 -2 0
1 10000 -123 16 -10 3 0 0 0 0 3 6 3 -24 25 188 41 -7 -6 -6 -17 1 1 0
1 8826 -91 12 11 94 -1 1338 -1 0 -14 78 20 -145 0 1279 357 -2 -61 -61 15 10 -10 0
1 13339 -165 81 7 127 0 61 0 -2 -36 105 2 106 2 -880 -249 0 43 43 -19 -16 6 0
1 8816 -95 49 1 -48 0 -560 0 0 -19 -36 -8 -94 -7 356 106 3 -19 -19 -24 2 8 0
1 11184 -138 33 -7 -147 0 -843 0 2 -4 -125 -30 35 1 -101 -22 3 3 3 28 1 3 0
1 9999 -123 20 -8 -15 0 0 0 0 -1 -10 -3 -83 4 17 11 5 -3 -3 -52 -6 -5 0
1 10000 -103 -16 -6 12 0 0 0 0 10 4 5 -2 5 144 59 10 -12 -12 27 -1 -2 0
1 10000 -102 -18 1 -18 0 -2 0 0 7 -12 -2 3 5 402 120 4 -22 -22 -2 -2 0 0
1 10001 -95 -25 8 -4 0 0 0 0 1 -6 -1 -1 3 -15 -3 1 0 0 -44 -4 -2 0
1 10000 -106 -34 0 -9 0 0 0 0 14 -8 0 -1 0 385 110 0 -19 -19 42 3 -1 0
1 9999 -113 -9 3 -9 0 -1 0 0 0 -6 -3 -29 0 -111 -29 2 5 5 -23 4 5 0
1 10000 -108 -53 -8 20 0 0 0 0 26 18 16 -5 2 222 66 2 -12 -12 -8 -3 1 0
1 10000 -115 -43 2 -16 0 0 0 0 14 -17 -3 -7 8 -255 -69 2 12 12 42 -1 -1 0
1 8742 -78 -69 22 97 0 1374 0 0 5 89 30 -127 12 880 251 1 -44 -44 -57 -3 -2 0
1 13345 -178 111 4 119 0 33 0 -2 -44 92 1 109 17 -472 -128 3 22 22 26 5 1 0
1 10031 -124 15 -1 6 0 0 0 0 -4 5 -1 -9 25 399 115 2 -21 -21 -8 -3 2 0
1 10000 -127 57 -8 19 0 0 0 0 -15 19 -4 -5 -1 84 25 1 -4 -4 14 2 -1 0
1 8763 -96 -8 4 -110 0 -1411 1 0 1 -91 -8 -26 26 905 256 0 -44 -44 -19 0 2 0
1 11237 -145 -33 -13 -95 0 -10 -1 2 23 -81 -15 58 26 -534 -153 -1 27 27 -4 -1 0 0
1 10000 -100 -40 -10 -21 0 0 0 0 24 -17 1 38 21 -17 -7 -2 1 1 0 -1 -1 0
1 10000 -114 -40 1 -1 0 0 0 0 13 1 4 87 47 289 74 -4 -12 -12 48 8 -1 0
1 8822 -78 -22 8 103 0 1325 0 0 1 84 25 236 210 -202 -69 -7 14 14 50 20 47 0
1 13348 -169 46 12 119 0 101 0 -2 -27 99 3 559 238 1420 298 -58 -38 -38 -82 -36 -49 0
1 10000 -139 60 -13 7 0 0 0 0 -12 7 -2 51 50 1358 303 -44 -42 -42 -4 13 13 0
1 9297 -100 62 -4 -48 0 -462 0 0 -18 -38 -9 -118 11 1463 374 -21 -58 -58 14 -4 -11 0
1 11185 -135 47 3 -157 0 -936 0 2 -20 -135 -34 59 10 707 186 -8 -30 -30 68 1 5 0
1 10000 -106 18 -8 -19 0 0 0 0 2 -8 -4 5 17 66 16 -1 -2 -2 -88 -5 -6 0
1 9999 -99 -4 -3 3 0 0 0 0 4 0 2 106 81 473 129 -2 -21 -21 -11 -2 2 0
1 10001 -91 -10 -2 -8 1 -2 0 0 5 -6 0 22 32 163 32 -8 -4 -4 16 -4 -6 0
1 9999 -112 -5 -2 2 0 0 0 0 3 0 1 -57 -1 540 132 -11 -20 -20 5 1 9 0
1 10000 -85 15 -3 0 0 0 0 0 -3 0 -1 -12 51 288 85 3 -15 -15 -16 -2 -2 0
1 10000 -106 -9 -4 8 -1 0 0 0 7 3 3 -61 87 232 70 2 -12 -12 -14 -9 1 0
1 10001 -97 -88 7 -7 0 0 0 0 26 -8 6 -147 44 751 217 4 -37 -37 -7 11 6 0
1 10000 -99 -57 3 -1 0 0 0 0 19 0 5 -179 -14 737 236 16 -43 -43 -7 -2 -3 0
1 10000 -94 -23 -3 3 1 0 0 0 11 3 4 -72 5 590 206 23 -39 -39 47 1 1 0
1 10000 -98 -26 0 -5 0 0 0 0 9 -1 2 -479 -116 1032 316 14 -55 -55 -70 1 2 0
1 10000 -92 -1 0 5 0 0 0 0 0 2 1 -170 -19 -102 55 46 -19 -19 -13 -11 -3 0
1 8712 -65 26 8 110 -1 1366 0 0 -17 92 22 -33 11 440 200 42 -42 -42 -2 -9 -11 -1
1 13348 -157 90 1 113 0 36 0 -2 -34 98 -1 2 77 -159 -12 18 -2 -2 -10 5 9 1
1 8105 -75 20 -3 -100 0 -1406 0 0 -4 -84 -7 612 404 1182 345 7 -58 -58 28 -9 -23 0
1 11895 -138 -4 -10 -110 1 -6 0 2 10 -96 -20 570 240 504 40 -56 6 6 -6 10 32 0
1 10000 -87 -26 -7 -9 0 0 0 0 16 -9 -1 255 122 2510 579 -69 -79 -79 -4 4 4 0
1 10000 -87 -85 7 -10 0 0 0 0 25 -6 4 101 85 2054 484 -50 -67 -67 15 3 -5 -1
