version: 66.11
glider: 175
mission: 10
dive: 221
start: 1 31 126 2 41 23
columns: rec,elaps_tms,depth,heading,pitch,roll,AD_pitch,AD_roll,AD_vbd,GC_phase,mag.x,mag.y,mag.z,sbect.TempFreq,sbect.CondFreq,aa4330.O2,aa4330.AirSat,aa4330.Temp,aa4330.CalPhase,aa4330.TCPhase,wlbb2f.redCount,wlbb2f.blueCount,wlbb2f.fluorCount,wlbb2f.VFtemp,
data:
0 21945 -738 1633 -676 111 244 2372 645 2 383 -26 292 280377 167183 340404 97926 10606 31734 31734 310 108 51 571
1 10013 12 82 -17 -46 0 0 288 0 26 1 -23 -113 1 -502 -128 7 14 14 -29 45 78 0
1 9989 2 32 0 0 0 0 283 0 1 11 -2 87 1 -1637 -458 5 55 55 6 -16 -29 0
1 9996 23 -4 -38 -56 0 0 275 0 19 -37 -21 13 1 -8160 -3329 -442 513 513 20 -1 -4 0
1 10012 26 -70 -20 30 0 0 268 0 6 -10 -10 43 -3 -30204 -9303 -350 1354 1354 -25 -9 -35 0
1 9986 22 50 -18 -25 0 0 255 0 10 4 -12 6 2 -10417 -2980 -20 449 449 30 21 43 0
1 10015 61 38 -18 -36 0 0 250 0 11 -6 -15 -33 1 -700 -185 7 27 27 -52 -10 -7 0
1 11830 90 -32 -3 59 2 0 187 -1 3 19 -3 -12 1 -1868 -531 -2 81 81 2 4 14 0
1 8186 104 10 201 6 2049 0 3 1 -126 20 134 54 -1 -252 -99 -14 19 19 28 -5 -11 0
1 10001 156 -17 238 50 13 1076 271 4 -204 47 85 -126 -1 1188 320 -8 -48 -48 -55 18 43 -1
1 15691 286 -48 -52 134 -2 222 1 -2 48 93 -37 180 -4 -1783 -519 -9 82 82 34 -18 -45 1
1 9999 224 -17 8 -2 0 0 0 0 -8 -7 4 0 -3 177 34 -8 -3 -3 -5 4 6 0
1 10000 247 -44 12 -7 0 0 0 0 -11 -21 10 -30 -24 -688 -200 -3 31 31 18 -1 -5 0
1 10000 254 -55 -3 10 0 0 0 0 10 -11 1 -4 -13 -563 -160 -1 25 25 3 -1 -3 0
1 10250 261 -65 5 5 0 0 0 0 1 -20 4 -9 -14 -272 -76 1 12 12 -19 8 6 0
1 10001 267 -91 15 18 0 0 0 0 8 -12 1 -24 -43 -874 -250 -2 39 39 6 -3 -9 -1
1 10000 255 -37 -5 -32 0 0 0 0 12 -40 2 -102 -98 -693 -188 4 28 28 20 3 2 0
1 10000 259 38 -30 -2 0 0 0 0 13 4 -6 -152 -108 -2354 -638 14 98 98 -14 0 -1 1
1 10261 269 43 2 -46 0 0 0 0 -6 -22 5 -40 -45 -2614 -707 16 108 108 28 -3 2 -1
1 10720 283 40 -2 28 0 0 0 0 -8 36 -2 -46 -49 -2265 -620 11 97 97 -24 -3 -9 1
1 10001 256 28 16 0 0 0 0 0 -15 13 3 -108 -126 -1532 -420 6 66 66 8 3 0 -1
1 10000 228 -2 -10 13 0 0 0 0 8 9 -5 -35 -49 -1649 -439 15 68 68 10 -6 5 1
1 10267 255 -34 19 9 0 0 0 0 -13 -3 6 -31 -41 -2084 -574 8 92 92 10 11 4 -1
1 10001 238 -60 2 13 0 0 0 0 9 -9 -2 -29 -73 -698 -183 8 28 28 -31 -9 -6 1
1 10000 232 -50 2 5 0 0 0 0 10 -11 0 -13 -20 -1177 -323 5 53 53 -8 7 -2 -1
1 10000 227 -47 8 -5 0 0 0 0 3 -19 -1 -52 -78 -982 -272 4 44 44 12 0 3 0
1 10255 228 -65 0 -5 0 0 0 0 19 -21 -3 65 -85 -1102 -301 6 49 49 35 -1 -3 0
1 10000 233 -44 -9 4 0 0 0 0 17 -13 -7 19 -16 -488 -146 -5 25 25 -33 -2 -3 1
1 9999 225 -28 -4 -3 0 0 0 0 12 -8 -6 8 -42 -1104 -315 -2 53 53 1 5 1 -1
1 10001 226 -46 3 -4 0 0 0 0 12 -13 -4 -11 -13 -820 -234 -1 40 40 42 5 0 1
1 10220 237 -67 7 9 0 0 0 0 15 -4 -8 -44 -69 -754 -212 1 35 35 -10 -2 4 -1
1 9999 224 -31 3 -2 0 0 0 0 9 -2 -5 -14 -19 -554 -147 5 24 24 -5 -1 -3 0
1 10000 203 3 -15 -21 0 0 0 0 8 -24 -6 -393 -213 -455 -120 5 19 19 11 0 0 0
1 10000 210 -59 2 19 0 0 0 0 17 7 -8 30 -37 -1313 -311 34 45 45 -2 7 1 0
1 10226 223 -47 -4 -1 0 0 0 0 18 -2 -12 19 -9 -551 -137 12 21 21 -19 -11 -1 0
1 10000 238 -7 -3 -13 0 0 0 0 4 -12 -4 67 -12 -875 -242 2 41 41 25 16 3 0
1 10000 264 -6 -11 4 0 0 0 0 10 4 -8 172 -8 -1425 -414 -5 72 72 20 -8 -1 1
1 10000 255 -29 10 4 0 0 0 0 2 1 1 31 -40 -406 -135 -12 26 26 27 12 -2 -1
1 10220 256 -46 21 3 0 0 0 0 -1 5 -1 -263 -193 -538 -169 -10 32 32 -18 -5 -1 0
1 10000 227 -36 -17 -11 0 0 0 0 22 -9 -18 -12 -46 -1238 -313 22 49 49 40 9 0 0
1 9043 239 -9 0 -76 4 -1140 2 0 4 -51 -9 -221 -35 -356 -86 8 13 13 41 -12 -41 1
1 10958 249 -8 72 -119 77 -172 0 2 -44 -75 9 157 -83 -3113 -864 10 149 149 -32 14 40 -1
1 10000 205 2 21 -23 0 0 0 0 -15 -14 5 86 -29 -1186 -333 2 59 59 40 6 0 1
1 9999 172 -7 9 10 0 0 0 0 -4 5 5 24 -8 -1174 -343 -6 62 62 7 8 0 -1
1 8818 144 -36 0 103 32 1303 0 0 10 75 18 -153 -12 248 63 -4 -11 -11 35 14 17 0
1 13980 205 -77 16 113 -1 32 0 -2 9 98 4 265 -52 -830 -250 -10 47 47 -17 -16 -23 1
1 10299 153 -33 7 0 0 0 0 0 4 5 -3 50 -4 -94 -37 -5 8 8 49 21 10 -1
1 10001 154 -45 0 -1 0 0 0 0 12 6 -8 97 6 -292 -97 -9 19 19 -76 -15 3 0
1 9999 139 -37 -4 1 0 0 0 0 11 7 -9 -985 -313 -326 -98 -4 19 19 33 -10 -5 0
1 10001 142 -20 -1 -4 0 0 0 0 6 -2 -5 2 -39 -803 -99 78 0 0 29 6 -2 0
1 8595 143 -16 1 -111 0 -1342 0 0 2 -70 -4 -53 -17 -199 -4 31 -6 -6 -66 2 5 0
1 11405 159 3 6 -108 0 -25 0 2 -5 -74 -14 97 -13 -2912 -806 13 143 143 -27 -9 -1 0
1 9999 140 0 2 -3 0 0 0 0 0 -4 0 -32 -11 -1059 -293 4 52 52 28 0 -6 0
1 10000 140 16 0 3 0 0 0 0 -3 -1 3 356 84 -897 -251 2 46 46 72 9 -3 0
1 10000 146 8 -3 -2 0 1 0 0 0 -3 -1 427 103 -598 -211 -26 44 44 -41 1 5 0
1 10000 148 -11 2 -2 0 0 0 0 0 1 -1 80 25 840 153 -52 -17 -17 19 5 0 0
1 10001 136 14 3 5 0 0 0 0 -4 0 4 41 7 412 85 -19 -11 -11 -36 -10 0 0
1 9999 148 5 -1 -4 0 -1 0 0 -1 -3 0 518 118 242 40 -18 -3 -3 85 8 3 0
1 10001 146 0 0 1 0 0 0 0 0 1 0 16 3 862 164 -49 -19 -19 29 19 -2 0
1 10000 132 15 -3 4 0 0 0 0 -1 -1 1 99 24 821 187 -27 -28 -28 -70 -19 0 0
1 9999 148 4 -1 -2 0 1 1 0 -1 -1 1 162 34 336 64 -19 -8 -8 -7 3 -1 0
1 10001 153 1 7 -1 0 0 0 0 -5 -2 2 211 65 300 44 -25 -2 -2 0 4 1 0
1 9999 145 6 -2 0 0 0 0 0 0 0 1 130 36 379 53 -32 -3 -3 55 12 3 0
1 10001 131 1 -2 1 0 -1 -1 0 1 0 -2 284 67 795 182 -26 -27 -27 -13 -7 -2 1
1 9999 141 -35 0 2 0 0 0 0 9 8 -3 -38 -16 499 86 -33 -8 -8 25 6 -3 -1
1 10000 141 -25 3 -1 0 0 0 0 4 3 -3 -34 -13 344 84 -7 -14 -14 -8 0 0 0
1 10001 132 -1 0 2 0 0 0 0 -1 4 2 -72 -18 63 6 -8 1 1 13 0 8 1
1 9999 154 -13 -3 -3 0 0 0 0 5 0 -4 19 3 157 43 0 -8 -8 -41 -8 -6 -1
1 10000 128 -17 5 -5 0 0 0 0 0 0 -1 18 -3 -165 -39 4 6 6 18 0 -3 0
1 10000 136 -5 -3 3 0 0 0 0 3 5 0 9 1 10 -5 -5 2 2 47 6 -2 0
1 10000 137 -14 0 0 0 0 0 0 3 3 -1 -54 -29 -480 -140 -2 26 26 103 15 3 0
1 10000 128 5 -2 -2 0 0 0 0 -1 -3 -2 124 25 394 114 1 -21 -21 -83 5 1 0
1 10000 132 1 0 8 0 0 0 0 0 6 3 49 7 -228 -84 -12 18 18 47 2 -3 0
1 10000 142 12 0 -6 0 0 0 0 -2 -7 0 153 28 1 -11 -7 3 3 38 10 2 0
1 10000 130 34 5 0 0 0 0 0 -11 -6 6 279 64 21 -29 -20 10 10 108 19 8 0
1 10000 135 26 0 0 0 1 0 0 -5 -8 2 438 109 627 100 -46 -8 -8 -109 -15 -5 0
1 11202 167 22 50 -38 158 -212 0 -4 -40 -33 17 120 57 568 86 -45 -5 -5 -23 -9 -1 0
1 7610 48 29 99 -2 0 1 -32 0 -87 -10 41 213 52 1625 408 -28 -67 -67 -37 4 9 0
1 10004 48 -4 33 19 0 0 -49 0 -26 15 17 -5 12 1026 224 -38 -32 -32 10 -3 -9 0
1 10006 37 29 -21 -2 1 0 -50 0 9 -6 -7 -108 -28 -96 -38 -7 8 8 45 15 11 0
1 10005 22 -5 -3 -1 0 0 -49 0 4 0 -1 -198 -36 374 89 -9 -14 -14 21 -1 -10 0
1 9983 29 2 -9 0 -1 0 -51 0 8 -3 -3 49 1 -74 -12 5 1 1 -36 -17 -1 0
1 10003 31 18 -15 9 0 -1 -49 0 7 5 -2 -96 -12 -507 -126 10 21 21 58 13 7 0
1 10003 12 3 -4 -9 0 1 -48 0 2 -6 -3 5 -12 1104 318 5 -58 -58 25 -2 -11 0
1 10003 11 16 -9 5 1 0 -49 0 3 1 -1 -60 4 -721 -193 5 33 33 -92 -2 4 0
1 9992 23 14 -10 5 0 0 -49 0 4 1 -2 -17 -11 142 48 5 -10 -10 13 7 -2 0
1 10004 -2 -15 6 -1 -1 0 -48 0 0 1 1 115 -6 190 64 6 -13 -13 94 11 5 0
1 10001 -15 -15 -7 1 0 0 -49 0 9 4 -3 -35 8 -690 -188 3 33 33 -82 -13 6 0
1 13629 -35 -16 140 4 435 0 -18 0 -114 2 40 73 0 1247 342 -4 -60 -60 81 19 -20 0
1 6367 -62 13 358 3 0 0 -20 0 -333 -1 -33 -2 8 -1449 -419 -8 77 77 -68 -29 6 0
1 10011 -83 21 1 -6 1 0 -47 0 -5 -10 -5 -6 14 -276 -66 7 10 10 13 9 13 0
1 10000 -101 -11 6 2 -1 -1 -50 0 -5 7 0 -170 -33 163 39 -4 -6 -6 -5 -2 2 0
1 10006 -127 -26 -12 -7 0 1 -52 0 18 -2 7 -496 -106 14 11 5 -3 -3 4 6 -7 0
1 9989 -158 -39 -5 5 0 0 -52 0 13 12 9 -153 -28 -174 14 37 -11 -11 2 1 4 0
1 9988 -180 8 -7 9 0 0 -52 0 5 5 4 -114 -38 -564 -91 40 8 8 55 -1 -4 0
1 10014 -187 -11 -4 -3 0 0 -52 0 5 1 2 -87 -18 -648 -148 21 22 22 -97 -16 -6 0
1 9991 -206 -19 1 -6 0 0 -53 0 5 -2 1 -125 -23 -801 -193 19 30 30 16 3 2 0
1 10012 -208 2 -2 3 0 0 -53 0 1 2 1 129 31 -550 -125 17 19 19 -77 -24 0 0
1 9992 -249 15 -12 2 0 0 -53 0 6 0 2 -107 -19 -298 -78 4 13 13 -36 -4 4 0
1 11927 -289 7 0 1 0 0 -47 4 -1 -1 -1 231 49 150 65 14 -15 -15 -65 -14 -10 0
1 10601 -271 16 -3 -1 0 0 0 0 1 -6 -3 -118 -38 -204 -74 -10 16 16 23 4 1 0
1 10000 -241 -24 -2 -7 0 0 0 0 6 0 3 -373 -118 375 152 27 -34 -34 55 18 4 0
1 8366 -204 5 -3 4 -26 0 -3 0 1 4 2 -296 -19 -466 -58 45 1 1 -50 -38 -48 0
1 11634 -289 -29 -17 -5 1 0 0 0 21 4 7 -207 -60 -1248 -340 7 60 60 -71 14 48 0
1 10001 -224 2 1 6 0 0 0 0 1 1 1 -195 -40 -567 -67 56 0 0 7 -6 -4 0
1 9999 -233 -8 -3 -3 0 0 0 0 4 0 1 -588 -150 -462 -68 38 3 3 4 6 9 0
1 10222 -246 6 -3 4 -28 -1 -1 0 0 3 2 -230 -79 -1164 -220 66 26 26 19 -2 -6 0
1 10606 -216 31 -11 -29 0 0 0 0 3 -30 -11 -257 -24 -1344 -276 64 36 36 -34 -8 -2 0
1 10000 -217 -17 -18 32 0 0 0 0 21 29 16 3 7 -865 -200 29 31 31 -11 7 10 0
1 10000 -199 -63 4 -17 0 0 -2 0 11 0 2 -44 -11 -667 -158 19 24 24 -5 -6 -7 0
1 10000 -187 -57 5 5 0 0 0 0 7 18 5 256 117 -172 -27 13 3 3 40 5 -4 0
1 10000 -196 -31 -1 0 0 0 0 0 6 8 4 531 192 649 137 -29 -19 -19 19 0 6 0
1 8214 -155 8 7 90 0 1394 0 0 -6 78 12 -165 17 2548 636 -53 -105 -105 -56 5 14 0
1 13323 -293 133 8 149 0 34 0 -2 -37 101 -9 52 -1 1075 283 -13 -48 -48 13 -18 -20 0
1 8566 -165 27 0 -76 6 -1326 0 0 -6 -75 1 -204 -13 130 48 7 -11 -11 56 29 12 0
1 11434 -232 15 -10 -119 1 -13 0 2 5 -107 -14 64 36 305 107 13 -22 -22 -97 -33 -7 0
1 10000 -197 45 -3 -11 0 0 0 0 -8 -19 -7 108 65 354 100 -1 -18 -18 16 5 1 0
1 10000 -173 18 0 -5 0 0 0 0 -5 -7 -4 58 102 872 228 -11 -38 -38 -16 5 4 0
1 8826 -156 -23 5 -87 8 -1182 0 0 2 -69 -27 -70 20 1285 352 -7 -62 -62 84 15 37 0
1 13289 -231 -100 -18 -139 2 -244 -1 -2 39 -89 -43 40 71 462 133 1 -24 -24 -88 -30 -39 0
1 8817 -125 -52 0 45 0 556 -2 0 12 42 31 -124 105 150 39 -2 -7 -7 -62 -24 -52 0
1 11183 -191 6 17 145 -13 806 1 2 -16 118 49 222 51 1189 323 -8 -55 -55 -6 15 43 0
1 10001 -148 30 -5 18 0 0 0 0 -2 10 3 24 111 1256 348 -4 -61 -61 -7 -6 8 0
1 10000 -156 21 -5 5 0 0 0 0 1 -2 0 -90 6 953 262 -5 -45 -45 1 -1 -1 0
1 10000 -153 14 -2 -4 0 0 0 0 -3 -4 -3 -42 12 1385 403 7 -73 -73 -32 -2 4 0
1 10000 -162 -5 10 -6 0 0 0 0 -7 -6 -3 15 53 334 105 6 -19 -19 12 0 -5 0
1 10000 -164 -13 -12 -1 0 0 0 0 14 2 4 240 130 437 118 -3 -20 -20 -5 3 1 0
1 10000 -164 -76 4 -4 0 0 -1 0 12 15 6 69 65 1362 348 -22 -56 -56 37 2 -1 0
1 9999 -153 -15 -5 7 0 0 0 0 7 10 4 37 35 961 250 -12 -41 -41 -58 -10 0 0
1 10000 -166 -37 0 -1 0 0 0 0 6 10 2 -9 29 832 224 -7 -37 -37 27 5 4 0
1 8809 -128 -36 15 73 -1 1252 0 0 -7 75 11 -119 1 571 159 -2 -27 -27 5 -21 -49 0
1 13331 -255 86 11 165 1 175 0 -2 -25 125 -10 98 23 777 216 -2 -37 -37 -23 13 46 0
1 10000 -186 78 -7 17 0 0 0 0 -10 -5 -2 -11 10 106 31 1 -5 -5 -24 2 2 0
1 8728 -147 18 6 -90 6 -1394 0 0 -11 -84 5 -134 8 718 205 1 -35 -35 24 -5 -22 0
1 11272 -216 -29 2 -136 1 -6 0 2 5 -115 -13 119 13 -470 -134 -1 23 23 -6 8 21 0
1 10000 -185 3 -13 -20 0 0 0 0 14 -20 -2 -32 23 310 92 3 -17 -17 9 10 4 0
1 10000 -189 16 -13 4 0 0 0 0 6 3 2 -42 109 346 103 3 -18 -18 -8 -5 4 0
1 10000 -175 5 3 7 0 -3 1 0 -3 4 0 -4 16 613 184 6 -33 -33 -11 -10 -6 0
1 10000 -172 9 6 -8 0 0 0 0 -9 -7 -4 63 45 377 108 1 -18 -18 0 2 2 0
1 10000 -184 -8 1 2 0 0 0 0 2 1 1 28 23 316 81 -5 -13 -13 -6 3 -3 0
1 10000 -179 40 -2 14 0 0 -1 0 -9 5 0 44 45 379 99 -5 -16 -16 21 -3 4 0
1 10001 -194 65 2 -16 0 0 0 0 -17 -28 -13 14 22 348 87 -6 -13 -13 -14 -5 -4 0
1 9999 -189 10 -15 -4 0 0 0 0 10 -4 1 92 102 693 189 -4 -31 -31 3 6 -2 0
1 8416 -141 -91 12 -109 8 -1356 0 0 12 -74 -29 -99 41 350 90 -5 -14 -14 18 -4 15 0
1 13317 -220 -95 0 -124 0 -36 0 -2 21 -77 -43 136 18 2296 632 -10 -104 -104 -24 -3 -15 0
1 8260 -149 -9 -10 100 -20 1400 0 0 12 77 51 -118 19 1204 334 -3 -55 -55 62 -10 -36 0
1 11740 -207 -22 19 132 1 0 -1 2 -13 118 41 168 16 1253 345 -5 -56 -56 -73 3 34 0
1 10000 -176 -47 -5 -18 0 0 0 0 12 -3 1 -21 -4 595 160 -5 -26 -26 7 14 7 0
1 10000 -188 28 -8 13 0 0 0 0 3 4 2 3 11 243 68 0 -11 -11 -2 0 -2 0
1 8251 -132 -23 0 84 -1 1364 1 0 5 83 13 -31 6 1579 448 1 -74 -74 14 -19 -25 0
1 14132 -270 98 5 142 0 34 -1 -2 -23 101 -7 115 41 -793 -232 -4 39 39 2 10 29 0
1 8824 -148 57 7 -47 0 -161 0 0 -21 -55 0 -20 50 -6 -15 -7 4 4 -24 12 -2 0
1 11176 -216 -12 -1 -151 8 -1251 1 2 4 -132 -14 109 13 481 114 -13 -16 -16 2 -6 1 0
1 10000 -186 8 -18 -11 0 0 0 0 17 -13 1 49 66 821 231 0 -37 -37 34 -2 0 0
1 10000 -170 5 -5 -2 0 0 0 0 1 -1 -1 -5 12 598 155 -8 -24 -24 -22 1 2 0
1 10000 -155 -19 9 -20 0 -3 -1 0 -3 -15 -5 -12 15 1342 377 0 -61 -61 16 -4 8 0
1 10000 -159 28 5 18 0 0 0 0 -12 11 1 96 77 1455 410 -1 -67 -67 -20 6 -4 0
1 10000 -187 -20 -4 -13 0 0 0 0 10 -10 0 56 59 1111 295 -10 -45 -45 -10 -5 -5 0
