version: 66.11
glider: 175
mission: 10
dive: 165
start: 1 29 126 2 20 27
columns: rec,elaps_tms,depth,heading,pitch,roll,AD_pitch,AD_roll,AD_vbd,GC_phase,mag.x,mag.y,mag.z,sbect.TempFreq,sbect.CondFreq,aa4330.O2,aa4330.AirSat,aa4330.Temp,aa4330.CalPhase,aa4330.TCPhase,wlbb2f.redCount,wlbb2f.blueCount,wlbb2f.fluorCount,wlbb2f.VFtemp,
data:
0 22345 -501 1310 -678 63 237 2335 658 2 423 -158 238 282525 168265 349892 98047 9492 31951 31951 356 140 99 572
1 10001 -8 -58 11 -10 1 0 286 0 3 -17 -10 -16 0 719 227 11 -30 -30 -112 -12 -19 0
1 9991 18 -52 -27 3 0 0 284 0 6 -26 -25 18 0 -1197 -322 5 38 38 10 11 26 -1
1 10001 12 179 12 -128 0 1 275 0 -12 -10 12 12 0 -9934 -2887 -45 372 372 32 5 10 0
1 10010 32 -10 -84 86 0 -1 267 0 39 38 -36 29 -1 -25888 -7374 -60 1002 1002 -3 12 31 0
1 9992 51 3 -24 -4 0 0 259 0 11 0 -20 0 0 -9161 -2564 -1 367 367 87 -12 -35 0
1 10005 24 -39 1 -9 0 1 253 0 0 -13 -11 -28 -1 -296 -90 -3 14 14 -45 -7 -6 0
1 10002 55 -76 -8 35 0 0 257 0 5 -8 -15 67 -1 -1032 -285 2 41 41 -48 8 8 0
1 14986 310 -138 14 92 500 -2 237 -1 6 5 -3 -2094 -1046 -1099 -275 15 37 37 -17 -13 -16 0
1 9088 289 209 270 -248 1673 -1339 3 5 -162 -82 159 -275 -300 -10200 -2416 225 312 312 27 -1 -3 0
1 13834 377 100 238 -71 0 274 4 -5 -220 -53 70 -85 -92 -15124 -4088 90 618 618 -20 0 -4 0
1 11189 112 7 272 172 361 1079 1 5 -254 145 51 -21 -62 -2511 -637 38 95 95 9 9 7 0
1 10000 -20 6 138 26 0 0 0 0 -125 22 -45 0 -7 -1031 -265 14 40 40 3 0 -1 0
1 10000 -37 -58 36 0 0 0 0 0 -12 -16 -13 20 3 -882 -237 7 37 37 -12 2 -2 0
1 10071 -22 -22 -27 -3 -41 1 4 0 25 -10 13 -3 2 54 23 4 -5 -5 28 1 -1 0
1 10600 29 -25 -20 5 0 0 0 0 24 -3 10 5 0 -70 -9 6 0 0 28 4 0 0
1 9999 44 17 9 0 0 0 0 0 -14 3 -5 -8 8 33 31 12 -7 -7 -58 -9 0 0
1 10089 58 112 -114 -15 -207 1 0 0 67 20 35 -7 10 -816 -201 16 29 29 36 11 5 0
1 10601 94 -89 -189 6 0 0 0 0 202 -17 25 -29 -20 -760 -212 2 34 34 12 -7 0 0
1 10000 57 21 40 0 0 0 0 0 -43 7 1 -99 -100 -385 -111 -2 19 19 4 6 -6 0
1 9881 73 31 -81 14 -134 0 -2 0 63 19 4 8 -127 -289 -82 0 13 13 -20 1 -1 0
1 10601 109 110 -84 -17 0 0 0 0 58 21 -3 -8 -102 -503 -140 1 23 23 15 6 -2 0
1 10001 119 78 -11 3 0 0 0 0 3 33 4 -82 -68 -806 -229 -1 38 38 -14 -4 0 0
1 8726 141 29 20 108 29 1341 0 0 -24 110 2 -132 -34 -1630 -451 6 74 74 7 21 47 0
1 13980 207 -51 13 119 0 26 0 -2 -11 87 -17 28 -46 -1263 -335 12 53 53 -1 -29 -49 0
1 10000 161 -45 18 5 0 0 0 0 -7 -10 3 10 -5 -463 -117 8 18 18 12 6 1 0
1 10336 174 -32 4 -2 0 0 0 0 -2 -14 4 -42 -22 -819 -225 3 37 37 37 4 6 0
1 10000 159 -54 5 4 0 0 0 0 6 -14 2 -23 -17 -382 -100 5 16 16 -40 1 -4 0
1 10000 157 -28 -4 -13 0 0 0 0 9 -21 4 39 -6 -315 -81 5 12 12 5 -2 -6 0
1 10000 159 -55 -7 8 0 0 0 0 16 -13 0 163 -29 109 26 -3 -3 -3 11 3 2 0
1 10329 149 -20 -12 -31 0 0 0 0 19 -33 1 285 -101 -572 -194 -18 36 36 13 7 0 0
1 10000 182 -11 -17 -24 0 0 0 0 21 -23 -3 -38 31 -858 -287 -26 54 54 12 0 8 0
1 9064 168 -31 27 3 0 0 0 -1 -17 -6 4 -97 -54 -581 -182 -10 34 34 -12 1 -7 0
1 10936 163 -4 58 -158 68 -1396 0 3 -47 -142 -9 87 -38 -284 -90 -6 16 16 -11 -9 -4 0
1 10001 129 -8 10 -30 0 0 0 0 -7 -30 -7 -25 -10 -892 -254 -1 44 44 52 7 6 0
1 9999 121 -9 13 16 0 0 0 0 -10 11 4 -4 1 -324 -91 0 15 15 -11 -2 0 0
1 9416 117 73 -3 -5 26 0 0 0 -17 15 5 -324 -130 -308 -83 3 14 14 -21 3 0 0
1 10584 130 51 26 -5 0 0 0 0 -37 11 3 -3 -11 -1418 -348 30 53 53 22 -1 -1 0
1 10000 94 49 6 15 0 0 0 0 -19 28 5 -325 -131 -1006 -255 17 41 41 -43 -2 -4 0
1 8236 86 -3 -11 116 -6 1367 0 0 7 105 9 -254 -63 262 120 26 -27 -27 20 8 15 0
1 13287 124 -45 -4 102 1 28 0 -2 14 80 -8 -178 -166 -1982 -508 31 81 81 8 -6 -14 0
1 10000 91 -33 7 0 0 0 0 0 -1 -13 2 -298 -103 -795 -183 25 26 26 22 7 -1 0
1 10440 114 -26 9 -15 0 0 0 0 1 -19 3 113 14 -1551 -351 52 50 50 14 -4 2 0
1 10000 96 -24 3 13 0 0 0 0 5 5 -1 -121 -41 -917 -243 10 41 41 -43 -6 2 0
1 8844 95 -17 -5 -50 0 -244 0 0 12 -48 4 -27 13 -997 -251 19 40 40 41 9 -2 0
1 11157 111 -9 -18 -177 0 -1124 0 2 20 -166 -22 53 -17 -362 -93 5 15 15 -37 -3 -3 0
1 10000 105 1 13 3 0 0 0 0 -11 5 2 83 25 -335 -94 1 17 17 -4 -4 7 0
1 9999 88 -15 3 9 0 0 0 0 2 4 1 39 9 -220 -69 -4 13 13 16 2 -10 0
1 10001 93 -5 -6 -1 0 0 0 0 6 -4 -1 -110 -34 111 25 -4 -4 -4 34 5 7 0
1 9999 88 -11 -5 -10 0 0 0 0 8 -11 -4 -26 -6 -181 -39 8 5 5 -20 2 -6 0
1 10001 112 1 9 1 0 0 0 0 -9 1 1 -17 -12 -391 -93 10 15 15 17 -1 7 0
1 9999 81 25 -4 -1 0 0 0 0 -2 7 2 -128 -40 -161 -48 -1 8 8 -24 -6 -7 -1
1 10001 96 -17 7 4 0 0 0 0 -1 0 0 -6 -8 -33 14 14 -5 -5 -13 3 4 1
1 9999 102 -15 4 -3 0 0 0 0 2 -5 -1 -210 -69 -561 -149 6 25 25 60 10 2 0
1 10002 87 13 -1 -11 0 0 0 0 -2 -8 -3 -95 -43 -427 -84 22 10 10 -38 -10 1 0
1 9998 94 3 2 12 0 0 0 0 -3 13 5 -35 -17 -702 -170 18 27 27 68 3 -11 0
1 10001 78 3 -6 3 0 0 0 0 1 -1 -1 79 24 -345 -81 10 12 12 -66 -1 2 0
1 10000 86 -1 -1 -4 -1 0 0 0 4 0 0 -67 -34 -635 -153 17 23 23 -11 3 3 0
1 9999 85 0 2 6 0 0 0 0 -4 3 1 -142 -50 -411 -126 -5 24 24 -10 -6 -5 0
1 10000 93 -2 3 4 0 0 0 0 0 6 1 -56 -18 20 26 12 -7 -7 6 -1 1 0
1 9432 71 7 -22 -4 -48 0 -1 0 15 -5 -2 -53 -23 -373 -90 10 14 14 3 4 6 0
1 10569 119 10 -37 -7 0 0 0 0 32 -4 -4 -14 -8 -278 -67 7 10 10 -9 -8 1 0
1 10000 112 0 -3 0 0 0 0 0 3 1 1 -269 -92 -497 -127 9 21 21 97 12 -9 0
1 10000 121 -15 20 -3 24 0 0 0 -12 -5 -1 -173 -99 -572 -105 35 11 11 -59 3 10 0
1 9999 100 -8 12 -5 0 0 0 0 -11 -9 -2 25 -7 -760 -175 25 26 26 -45 -11 -6 0
1 10000 113 -32 -2 22 0 0 0 0 14 15 4 150 49 -624 -168 6 30 30 73 8 8 0
1 10000 104 -44 5 -9 0 0 -1 0 9 -17 -6 25 1 -515 -157 -6 29 29 0 4 -6 0
1 10001 101 -7 0 -5 0 0 0 0 3 -6 -4 -46 -14 110 18 -8 -1 -1 73 1 6 -1
1 9999 118 -14 2 -3 0 0 0 0 3 -4 -2 65 9 -174 -50 -1 9 9 -100 -2 -5 1
1 8095 79 -10 -5 -110 0 -1328 1 0 11 -90 -43 58 19 645 188 3 -35 -35 10 5 22 0
1 14277 143 39 0 -100 0 -41 0 -2 -12 -71 -46 110 -4 -1295 -408 -24 80 80 73 -4 -24 0
1 10000 121 1 -1 -1 0 0 0 0 0 -2 -2 42 -55 -262 -77 -1 14 14 -60 -2 -4 0
1 10000 108 21 4 -2 0 0 0 0 -8 4 5 1060 310 -344 -129 -19 28 28 44 8 11 0
1 10001 112 16 -9 9 0 0 0 0 0 7 4 592 159 581 49 -72 7 7 -25 -4 -9 0
1 10225 115 17 10 -7 0 0 0 0 -13 -1 0 362 124 2674 573 -114 -79 -79 -39 -1 7 0
1 10000 112 22 1 8 0 0 0 0 -8 8 9 280 109 2163 502 -67 -76 -76 2 3 0 0
1 9999 119 12 -1 0 0 0 0 0 -5 0 1 317 92 1948 474 -47 -75 -75 125 21 1 0
1 10000 109 40 6 -17 0 0 0 0 -12 0 0 553 142 1526 328 -61 -45 -45 -141 -31 0 0
1 8889 112 20 -7 133 -2 1381 -1 0 -9 105 63 -73 30 2708 648 -68 -100 -100 75 8 -15 0
1 11112 124 16 -4 90 1 1 0 2 3 87 29 217 32 299 18 -40 6 6 -32 3 14 0
1 10000 122 8 4 4 0 0 0 0 -8 5 1 64 22 1073 255 -27 -39 -39 225 22 1 0
1 10000 107 -27 4 -2 0 0 0 0 7 -7 -2 306 66 200 14 -25 3 3 -232 -22 1 -1
1 10000 121 -11 -2 -2 0 0 0 0 2 -7 -2 213 33 503 85 -33 -8 -8 90 12 3 0
1 10000 115 8 -7 1 0 0 0 0 3 2 1 23 7 613 103 -41 -9 -9 -77 -9 -5 1
1 9999 99 6 11 2 0 0 0 0 -11 4 1 7 4 515 115 -17 -16 -16 13 1 3 -1
1 10001 109 -9 -6 -2 0 0 0 0 10 -2 -1 -2 0 291 69 -7 -10 -10 -2 0 -3 1
1 10000 107 -37 1 -1 0 0 0 0 7 -13 -4 16 -2 -5 -12 -7 3 3 24 15 -2 0
1 10000 109 -26 -4 0 0 0 0 0 10 -8 -2 -250 -118 456 119 -5 -20 -20 37 -4 2 -1
1 10000 114 -14 2 1 0 0 0 0 3 -2 -1 151 27 -559 -128 17 19 19 -65 1 4 1
1 10000 105 15 0 -4 0 0 0 0 -2 1 0 344 91 -659 -203 -11 38 38 52 -2 -1 0
1 10000 107 -13 3 0 0 0 0 0 1 -3 -1 6 3 318 55 -20 -5 -5 -43 -2 1 0
1 9999 115 15 -4 -28 0 0 0 0 0 -20 -7 -23 -4 98 -8 -20 6 6 63 2 -1 -1
1 10000 107 43 18 19 0 0 0 0 -29 27 10 -10 4 83 12 -7 -1 -1 -25 4 5 0
1 10000 103 25 -20 11 0 0 0 0 11 17 5 -17 -4 162 48 2 -9 -9 -18 -5 -8 0
1 10003 92 35 6 1 0 0 0 0 -16 10 3 155 33 250 58 -7 -8 -8 31 2 2 0
1 9998 98 -22 -13 6 0 0 0 0 18 -1 -1 91 17 -146 -53 -7 10 10 -50 -6 -1 1
1 10000 115 -19 6 0 0 0 0 0 1 -4 -1 -14 -1 444 99 -15 -14 -14 44 10 6 -1
1 9999 109 -31 2 4 -1 0 1 0 3 -8 -2 -39 -4 58 0 -9 3 3 125 13 -2 0
1 10001 125 -10 0 -8 0 0 0 0 6 -6 -2 -30 -6 -89 -26 -1 4 4 -128 -17 -4 1
1 10000 117 0 4 -2 0 0 0 0 -4 -3 -1 23 -1 394 115 3 -20 -20 12 4 1 -1
1 9417 115 9 2 2 1 0 -1 0 -4 5 2 31 10 12 -3 -4 1 1 0 -3 -2 1
1 10583 115 -39 -11 3 0 0 0 0 21 -7 -4 -353 -115 -210 -54 3 9 9 -9 -4 1 -1
1 10000 116 -43 8 -11 0 0 0 0 9 -17 -6 -49 -26 -326 -43 28 1 1 1 14 5 0
1 9997 97 -21 2 3 0 -1 0 0 5 -1 -1 -15 -9 -269 -59 9 8 8 -11 -9 -4 0
1 10003 125 -20 0 3 0 0 0 0 5 -2 -2 -20 -11 -808 -210 10 35 35 -7 -4 -4 1
1 10000 101 -16 0 5 0 0 0 0 4 -1 0 -66 -24 -210 -48 6 7 7 11 4 1 -1
1 8569 103 3 -1 -126 0 -1361 0 0 6 -99 -47 34 18 -499 -132 5 22 22 53 28 48 1
1 13320 137 56 1 -82 0 -25 0 -2 -22 -59 -36 93 -9 20 19 8 -5 -5 -80 -35 -49 0
1 10449 116 35 6 -6 0 0 0 0 -14 3 5 258 57 -316 -107 -11 21 21 55 4 5 -1
1 9997 91 41 -2 2 0 0 0 0 -12 9 6 174 52 244 21 -28 3 3 -20 7 -1 0
1 9064 107 15 -1 78 0 599 0 0 -9 60 40 -87 -3 650 145 -21 -21 -21 7 1 5 0
1 11167 90 -7 -6 131 0 780 0 2 10 115 45 121 14 193 43 -7 -6 -6 -9 -8 -5 1
1 10001 92 7 4 0 0 0 0 0 -8 0 1 18 10 344 82 -9 -13 -13 -15 2 -2 -1
1 10000 88 2 0 -2 0 0 0 0 1 0 -1 46 1 461 112 -9 -17 -17 -10 -1 1 0
1 9999 92 -4 -1 2 0 0 0 0 1 0 0 -25 2 99 17 -6 -2 -2 64 8 -1 0
1 10000 88 9 -1 -1 0 0 0 0 -2 1 1 -5 -1 178 38 -7 -5 -5 56 5 4 0
1 10000 82 -9 0 4 0 0 0 0 3 2 0 145 38 262 71 -2 -12 -12 -77 -10 -5 0
1 10000 84 -6 -1 -3 0 0 0 0 3 -4 -1 -39 -3 -61 -24 -4 5 5 56 6 3 1
1 10001 91 1 2 -1 0 0 0 0 -1 0 0 -134 -45 59 5 -6 1 1 -57 -3 3 0
1 9999 89 3 1 4 0 0 0 0 -4 3 1 227 66 163 55 5 -11 -11 -21 -4 -4 -1
1 10001 75 -3 1 -2 0 0 0 0 2 -1 -1 -277 -52 -89 -31 -4 6 6 47 3 6 0
1 10000 98 4 -4 3 0 0 0 0 -1 1 1 418 59 -73 -3 11 -2 -2 -21 5 -5 0
1 9999 95 -10 3 -7 0 0 0 0 4 -7 -3 -528 -119 412 55 -36 -1 -1 111 23 0 1
1 10001 82 5 4 2 0 0 0 0 -4 5 3 44 9 -212 10 41 -11 -11 -30 -6 5 -1
1 9999 86 32 -5 2 0 0 0 0 -5 10 2 704 176 -478 -133 0 23 23 -114 -32 -8 1
1 10000 86 -25 0 1 0 0 0 0 6 -7 -2 -321 -74 500 65 -43 -2 -2 65 16 1 -1
1 10000 97 54 7 -2 0 0 0 0 -22 13 4 398 103 478 114 -12 -17 -17 -83 -17 3 0
1 10000 87 -23 -16 16 0 0 0 0 21 8 1 -195 -20 924 215 -24 -32 -32 33 4 4 0
1 10000 85 -2 7 -17 0 0 0 0 -3 -14 -3 -25 -23 276 63 -9 -9 -9 75 19 -5 0
1 10001 103 0 -9 -4 0 0 0 0 6 -7 -2 97 25 255 61 -6 -9 -9 -71 -13 3 0
1 10000 94 26 19 30 0 0 0 0 -26 35 9 57 14 -255 -57 8 8 8 3 3 -3 0
1 9999 96 26 -30 -18 0 0 0 0 24 -7 -2 98 15 98 20 -4 -3 -3 -32 -6 2 0
1 10000 118 -19 18 -5 0 0 0 0 -17 -13 -2 -121 -18 -36 -30 -11 8 8 -37 -3 -2 0
1 10000 119 18 9 -8 0 0 0 0 -7 0 0 68 6 235 63 -2 -11 -11 130 15 -1 0
1 10001 111 16 -10 1 0 0 0 0 3 5 1 23 5 52 13 -1 -2 -2 -34 -10 -4 0
1 8818 101 -10 6 133 -5 1267 0 0 -7 118 12 -55 9 96 21 -3 -3 -3 -49 -3 8 1
1 13883 153 -37 -8 103 1 94 0 -2 12 81 -8 204 17 4 -13 -8 4 4 19 3 -7 0
1 10001 103 -19 20 -2 0 0 0 0 -10 -5 2 17 4 187 35 -10 -4 -4 -8 -5 3 -1
1 10335 93 -16 -31 -13 0 0 0 0 32 -17 1 -21 -19 159 37 -4 -5 -5 58 5 -1 0
1 9272 113 -19 10 -50 0 -565 0 0 -3 -51 5 -74 -14 8 -2 -3 1 1 -32 9 3 0
1 11172 138 -5 6 -141 0 -786 0 2 1 -128 -14 130 17 -102 -30 0 5 5 29 2 7 0
1 10000 106 17 10 -20 0 0 0 0 -13 -13 -2 29 17 212 48 -7 -7 -7 -14 -5 -8 0
1 10001 111 9 -9 3 0 0 0 0 5 5 0 -6 -1 -103 -34 -3 7 7 -46 -4 4 0
1 9999 103 24 0 -4 0 -1 0 0 -6 3 2 8 1 231 61 -2 -10 -10 2 1 -6 0
1 10000 116 -4 -7 5 0 0 0 0 5 1 0 1 4 -147 -44 -2 8 8 139 13 2 0
1 10001 99 24 12 -8 0 0 0 0 -16 1 1 -25 -16 -29 -8 0 1 1 -28 -7 0 1
1 9998 97 9 -21 3 0 0 0 0 20 8 0 -49 -38 445 125 1 -22 -22 -44 4 0 -1
1 10002 126 6 -10 7 0 0 0 0 5 6 1 45 24 -478 -125 5 21 21 15 6 1 0
1 10000 121 -44 39 10 0 0 0 0 -24 -3 0 -262 -109 -176 -51 -1 9 9 134 33 0 0
1 9999 78 11 -57 -8 0 0 0 0 49 -5 -3 176 45 -198 -22 18 0 0 -48 -22 -4 0
1 10000 125 -43 41 -22 0 0 0 0 -25 -32 -7 0 28 -273 -86 -5 16 16 -58 -7 1 0
1 10000 101 50 -28 -3 0 0 0 0 13 12 4 -39 -51 -99 -33 -3 6 6 9 7 3 0
1 10000 114 18 35 23 0 0 0 0 -38 26 6 -41 2 -207 -47 6 7 7 8 -3 -3 1
1 10000 102 20 -4 8 0 0 0 0 -5 11 3 65 -1 -132 -35 1 6 6 -11 -6 1 -1
1 10000 79 7 -1 -18 0 0 0 0 2 -13 -3 153 84 -62 -17 1 3 3 -103 -16 3 0
1 8462 64 -23 -7 115 0 1330 0 0 7 96 12 -147 5 882 220 -16 -35 -35 28 -11 -11 0
1 13343 119 -69 2 103 0 31 0 -2 17 76 -4 126 0 -591 -175 -6 32 32 65 24 10 0
1 8815 72 -30 16 -63 0 -548 0 0 -1 -62 3 -57 1 228 61 -1 -10 -10 -85 -27 -15 0
1 11184 85 7 -21 -147 0 -824 0 2 18 -133 -18 81 5 403 107 -3 -19 -19 82 21 17 1
1 10001 62 13 5 -4 0 0 0 0 -9 -1 1 -3 1 63 14 -2 -1 -1 -1 -3 -2 -1
1 10000 90 -5 -1 -1 0 0 0 0 1 -4 -2 -21 -4 25 5 -2 -1 -1 -63 -7 0 0
1 10000 86 5 5 9 0 0 0 0 -5 10 4 5 1 79 26 3 -5 -5 201 18 0 0
1 10000 89 7 -1 -8 0 0 0 0 -1 -5 -2 1 3 144 39 -1 -7 -7 -178 -15 0 1
1 10000 80 7 2 3 0 0 0 0 -2 6 2 39 8 -219 -61 0 11 11 41 8 -4 0
1 10000 83 1 1 -1 0 0 0 0 -2 -1 -1 22 0 243 65 -1 -11 -11 -64 -7 6 -1
1 9999 91 -1 -3 9 0 0 0 0 2 7 2 -3 -2 12 -1 -3 1 1 133 9 -1 0
1 10001 85 22 0 -13 0 0 0 0 -6 -6 -1 -221 -62 -110 -37 -3 7 7 -40 5 1 0
1 10000 87 -4 3 16 0 0 0 0 0 15 3 -24 -17 227 77 8 -15 -15 -59 6 1 0
1 9999 81 -80 14 0 0 0 0 0 10 -20 -5 -345 -119 -341 -62 19 6 6 149 24 -3 0
1 10001 80 -41 -26 -30 0 0 0 0 36 -38 -14 -179 -89 -1079 -246 31 36 36 93 24 -4 0
1 9999 86 8 -4 9 0 0 0 0 3 12 4 215 61 -793 -171 29 23 23 -52 -12 3 0
1 10001 90 62 7 -1 0 0 0 0 -27 12 5 176 53 -1608 -444 4 77 77 -73 -30 2 0
1 10000 87 -3 -2 8 0 0 0 0 4 8 2 -217 -53 161 8 -22 4 4 47 18 -1 1
1 10000 111 -13 -3 -3 0 -1 0 0 5 -8 -2 -240 -81 30 34 15 -9 -9 61 20 -2 -1
1 10000 112 9 -2 24 0 0 0 0 -2 23 6 -506 -183 -389 -78 18 9 9 152 24 3 1
1 10000 126 -47 16 9 0 0 0 0 -2 -5 -1 -169 -49 -1562 -345 53 49 49 26 7 -4 0
1 9999 96 16 11 -13 0 1 0 0 -12 -5 0 423 109 -939 -202 36 28 28 9 8 4 0
1 10000 96 20 -9 -7 0 0 0 0 1 -2 -1 465 122 -431 -168 -28 36 36 -202 -28 5 -1
1 10001 70 14 -17 3 0 0 0 0 10 5 1 38 16 218 -1 -36 8 8 490 47 -2 1
1 10000 101 20 20 9 0 0 0 0 -25 11 4 -629 -172 453 108 -11 -16 -16 -313 -29 -16 0
1 9999 94 -6 -19 8 0 0 0 0 22 10 0 604 103 309 110 14 -23 -23 527 52 8 0
1 10000 90 83 15 -34 0 0 0 0 -35 -8 1 -1773 -447 527 102 -27 -12 -12 -356 -17 3 0
1 9422 77 42 -19 -5 0 0 0 0 2 4 1 1835 474 -2536 -493 128 59 59 -311 -49 3 0
1 10578 86 46 29 0 0 0 0 0 -32 18 3 125 42 -294 -226 -85 59 59 138 18 -7 -1
1 10001 70 -23 -21 20 0 0 0 0 22 10 2 -567 -124 1320 298 -42 -44 -44 80 3 7 1
1 8557 64 -6 12 152 0 1335 0 0 -11 138 4 -141 -58 838 252 10 -47 -47 170 14 -37 0
1 14194 113 -102 -12 59 0 32 0 -2 33 21 -3 -91 -32 -1404 -323 41 49 49 -93 17 32 0
1 8833 92 -60 -10 -66 0 -312 0 0 30 -74 3 -280 -53 -473 -107 16 15 15 128 25 1 0
1 11167 160 9 -1 -163 0 -1060 0 2 2 -145 -19 183 -6 -705 -161 21 25 25 210 18 2 0
1 10000 152 3 40 15 0 0 0 0 -38 15 5 293 84 -1002 -266 9 45 45 -229 -20 1 0
1 10000 118 -42 -3 11 0 0 0 0 14 -3 -1 121 25 -232 -92 -17 20 20 12 -4 -3 -1
1 10000 102 -62 2 13 0 0 0 0 20 1 -1 -44 -3 576 121 -24 -16 -16 -107 -21 -4 1
1 10000 84 -53 -2 -35 0 0 0 0 22 -37 -14 -252 -102 386 99 -5 -17 -17 130 18 -3 -1
1 9999 77 0 -63 16 0 0 0 0 51 8 -6 692 199 107 52 13 -12 -12 113 24 11 1
1 8827 119 -5 46 -136 0 -1326 -1 0 -31 -106 -42 -515 -135 743 175 -19 -27 -27 -21 -8 -4 0
1 13351 132 75 -3 -94 0 -41 1 -2 -23 -64 -40 426 122 -1449 -433 -17 81 81 -202 -32 -1 0
1 10000 95 44 -1 -20 0 0 0 0 -14 -8 -6 -176 -52 529 114 -20 -16 -16 2 2 0 0
1 9999 120 19 -13 17 0 0 0 0 5 15 12 12 -7 251 59 -7 -9 -9 -144 -22 1 0
1 10336 131 38 19 -1 0 0 0 0 -28 7 8 734 242 1194 264 -41 -38 -38 383 26 1 0
1 8818 127 2 17 58 0 534 -1 0 -17 44 31 -274 -38 1319 313 -32 -48 -48 -210 -7 3 0
1 11183 120 -34 -28 144 0 849 0 2 33 113 49 24 -22 673 180 -5 -32 -32 -102 -12 -2 -1
1 11314 127 -31 39 -15 99 -237 0 -4 -26 -21 -5 39 46 -382 -83 14 12 12 -3 -1 -2 1
1 8829 67 -6 67 0 0 1 -38 0 -58 0 0 -291 -100 374 83 -13 -12 -12 138 31 -3 0
1 8684 49 -14 13 3 0 -1 -43 0 -6 1 -1 141 22 -39 2 8 -2 -2 -168 -18 4 0
1 9984 47 -36 -16 8 1 0 -50 0 25 -2 1 -940 -235 -499 -123 9 20 20 372 40 -3 0
1 10012 69 -11 -10 -22 -1 1 -50 0 14 -20 -8 359 72 -661 -104 48 8 8 -197 7 0 0
1 10003 54 73 6 8 0 -1 -49 0 -31 19 8 159 36 -1498 -368 30 59 59 69 -24 0 0
1 9977 58 13 -5 1 0 0 -50 0 3 7 1 34 -3 -727 -203 0 36 36 -112 -5 0 0
1 10025 44 29 -7 13 0 1 -47 0 -7 15 6 622 158 -197 -70 -9 15 15 -98 -29 4 0
1 9981 46 29 -12 6 0 0 -48 0 2 12 3 -162 -9 -11 -25 -13 7 7 174 14 -2 0
1 10018 40 10 -12 -6 0 -1 -48 0 7 -4 -1 33 5 299 33 -30 1 1 955 57 2 0
1 9984 38 15 -3 -2 0 1 -48 0 -3 1 1 -199 -36 751 194 -9 -33 -33 -967 -56 -2 0
1 10006 23 -2 -7 0 0 0 -47 0 9 2 0 116 16 328 87 -3 -15 -15 -49 -5 1 0
1 9998 20 -14 -4 -6 0 0 -49 0 11 -7 -1 7 6 175 44 -3 -7 -7 -12 19 -1 0
1 13332 0 -52 32 11 7 -1 -27 0 -15 -4 -2 -245 -4 65 21 2 -4 -4 724 50 -3 0
1 6674 -31 -23 343 2 329 0 -17 0 -287 -1 -98 54 -2 656 146 -22 -21 -21 -273 -8 5 -1
1 10003 -44 -67 60 -28 0 0 -47 0 -24 -30 -30 -154 -58 57 34 11 -9 -9 -244 -20 -4 1
1 10008 -57 -39 -17 25 0 0 -49 0 24 7 20 -386 -89 276 93 9 -18 -18 173 28 4 0
1 9987 -81 -17 -8 14 0 0 -51 0 10 7 13 316 -4 -302 -48 22 3 3 -266 -22 -3 0
1 10000 -95 -29 -3 -6 0 0 -52 0 13 -5 4 271 91 -97 25 30 -11 -11 62 -7 0 0
1 9985 -119 5 -8 0 0 0 -52 0 4 1 5 136 79 -668 -198 -6 37 37 -33 -14 1 0
1 10012 -118 2 -3 5 0 0 -52 0 2 0 0 -262 -86 -286 -136 -34 32 32 -44 5 -4 0
1 9988 -127 -3 -8 -24 0 0 -52 0 7 -17 -4 -3 13 172 67 12 -15 -15 15 2 4 0
1 10005 -142 10 -5 25 0 0 -53 0 -1 18 10 22 20 59 1 -10 2 2 -178 -34 -1 0
1 10000 -146 -29 2 2 0 0 -53 0 10 3 6 437 136 328 81 -6 -13 -13 175 10 2 0
1 10013 -140 18 -13 -2 0 0 -51 0 4 -2 1 74 29 574 105 -33 -11 -11 -240 -25 -3 0
1 10004 -152 -12 0 5 0 74 -54 1 3 1 3 -160 -67 694 168 -15 -27 -27 -41 -4 0 0
1 16008 -311 90 36 225 0 1377 -1 1 -60 176 2 233 58 560 173 10 -33 -33 -15 -8 0 0
1 10000 -196 124 -28 43 0 0 0 0 -17 54 -16 -267 -84 253 48 -13 -6 -6 117 29 1 0
1 8831 -145 33 18 -62 2 -302 -2 0 -22 -41 -11 -48 -5 -451 -86 23 10 10 196 24 0 0
1 11169 -236 -67 -27 -186 -35 -1035 0 2 41 -144 7 -99 -54 -465 -124 4 22 22 358 52 -1 0
1 9999 -181 23 -7 -23 0 0 0 0 0 -11 -5 100 28 -536 -121 17 17 17 -413 -50 0 0
1 10001 -163 33 -23 37 0 0 0 0 9 38 18 65 18 -222 -67 -3 13 13 81 16 0 0
1 9437 -132 30 -3 -13 -40 -4 -2 0 -6 -3 -6 167 69 184 38 -8 -5 -5 -287 -60 4 0
1 10563 -171 -59 -26 -6 0 0 0 0 38 -17 18 -537 -43 185 -1 -31 7 7 -225 -68 -5 0
1 10000 -146 7 -23 -13 0 0 0 0 16 -9 7 313 51 1003 334 32 -66 -66 -209 -26 0 0
1 10000 -125 -40 -1 6 0 0 -1 0 10 -9 2 -1001 -251 5 49 28 -15 -15 44 13 4 0
1 9999 -94 -10 57 -8 0 0 0 0 -39 -4 -24 476 43 -1573 -287 90 31 31 136 23 1 0
1 10001 -148 37 -69 -44 0 0 0 0 43 -28 14 567 189 -41 -59 -29 17 17 -21 1 -7 0
1 9999 -69 -73 46 24 0 0 0 0 -14 5 -5 -311 -54 379 13 -55 10 10 116 9 3 0
1 10000 -89 -80 10 44 0 0 0 0 17 18 16 298 52 817 215 -7 -37 -37 -61 6 1 0
1 10000 -106 -55 -20 -14 0 0 0 0 37 -16 10 -612 -143 397 74 -22 -8 -8 20 -11 0 0
1 8759 -73 -20 -17 85 0 1305 -1 0 20 68 28 -13 -39 -343 15 65 -18 -18 21 11 -4 0
1 13339 -140 115 6 139 0 34 0 -2 -48 127 -7 -1154 -253 -1650 -369 55 54 54 -154 -35 5 0
1 9999 -107 62 -2 -7 0 0 0 0 -20 1 -10 -2 -9 -2046 -429 86 58 58 -4 -2 -3 0
1 10001 -96 71 1 3 0 0 0 0 -22 17 -12 -161 -43 -1542 -347 51 51 51 -25 -8 -2 0
1 8834 -80 59 -2 -109 1 -1342 0 0 -12 -70 -6 -204 -24 -879 -208 23 32 32 -71 -8 4 0
1 11167 -119 16 8 -98 1 -15 0 2 -8 -72 -17 59 -21 -368 -76 17 10 10 41 4 -1 0
1 9998 -91 41 -3 -30 0 0 0 0 -10 -13 -9 38 9 -390 -81 17 11 11 12 8 -2 0
1 10001 -99 5 -2 3 0 0 0 0 4 8 6 -63 -19 -22 -2 3 0 0 -21 -8 0 0
1 8795 -75 -35 -5 -100 3 -1348 0 0 13 -86 -23 -64 30 -17 5 6 -3 -3 61 10 0 0
1 13353 -119 -82 -19 -104 0 -36 0 -2 39 -97 -35 34 -34 -205 -62 -3 12 12 -61 -8 2 0
1 8812 -63 -90 -6 38 0 407 -2 0 31 2 18 -103 11 -47 6 11 -3 -3 1 -1 1 0
1 11193 -92 -50 32 142 0 929 0 2 -12 96 49 232 12 -53 -9 4 0 0 1 1 -1 0
1 9995 -83 -21 0 9 0 0 0 0 7 2 4 -4 2 -154 -53 -6 11 11 -5 2 -1 0
1 10005 -77 -20 2 7 0 0 0 0 6 5 4 4 1 193 49 -3 -8 -8 39 6 2 0
1 8807 -57 7 -5 -5 0 0 -1 -4 1 -3 1 -159 -15 -135 -40 -1 8 8 -53 -10 -3 0
1 10013 -74 -2 -3 2 0 0 -50 0 4 3 1 -237 -32 55 37 13 -10 -10 6 -4 -1 0
1 9987 -73 -31 1 0 0 0 -52 0 10 -4 3 105 13 -267 -59 10 8 8 -19 5 1 0
1 10006 -70 -3 -6 6 0 0 -54 0 5 0 3 264 41 47 9 -3 -1 -1 32 1 -2 0
1 11009 -80 21 17 149 0 1404 -28 2 -22 129 24 49 1 0 -30 -18 10 10 -1 -3 5 0
1 10605 -98 62 -16 74 0 0 0 0 -10 69 0 25 11 222 56 -4 -9 -9 -4 10 0 0
1 10329 -89 85 -8 33 0 0 0 0 -23 39 -13 -29 -1 -12 -6 -1 1 1 -3 -5 -1 0
1 8836 -61 80 0 -53 0 -371 -3 -2 -22 -24 -9 -58 1 337 95 0 -17 -17 -24 -4 -2 0
1 9975 -100 39 45 -141 39 -980 -32 0 -42 -102 -32 44 29 -189 -62 -6 12 12 103 6 1 0
1 10008 -98 45 -2 -10 0 0 -53 0 -9 5 -5 -85 -48 143 50 6 -10 -10 -84 9 -1 0
1 10008 -119 6 -7 -26 0 0 -55 0 3 -18 -1 -92 -6 56 25 6 -6 -6 70 -6 0 0
1 11439 -152 -10 -2 -22 0 0 -39 4 6 -18 0 180 15 -168 -55 -5 11 11 -33 1 4 0
1 10599 -123 3 7 16 0 0 0 0 -6 13 -1 -161 -35 -159 -44 1 8 8 -5 -6 -3 0
1 10001 -144 0 -9 12 0 0 0 0 6 8 5 53 10 -164 -24 13 2 2 48 7 0 0
1 9999 -128 8 -1 -21 0 0 0 0 0 -12 -1 -67 -13 -246 -59 6 9 9 -9 -2 2 0
1 8512 -103 -7 -2 -74 8 -1349 -5 0 4 -57 -17 -228 -25 94 35 6 -8 -8 -70 -11 0 0
1 13362 -203 -98 -4 -111 1 -36 0 -2 28 -107 -37 66 -8 -361 -75 16 10 10 -2 0 -5 0
1 8809 -134 -81 -8 14 0 533 -2 0 30 -12 10 -175 -2 35 21 6 -5 -5 5 3 2 0
1 11191 -173 -52 25 124 -10 790 0 2 -5 78 42 157 2 -313 -78 6 13 13 15 1 1 0
1 10000 -160 10 -12 23 0 0 0 0 6 20 13 -39 -7 144 46 4 -9 -9 -30 -7 -1 0
1 10000 -155 2 1 30 0 0 0 0 -2 25 10 116 45 -233 -59 4 10 10 -20 0 2 0
1 10001 -146 10 -4 -5 0 0 0 0 0 -3 -2 156 50 257 43 -18 -4 -4 -7 -2 0 0
1 10000 -157 8 4 -7 0 0 0 0 -5 -4 -6 -90 5 558 151 -4 -27 -27 7 0 -2 0
1 9999 -160 6 -2 -1 0 0 0 0 0 2 2 -209 -92 -7 2 3 -1 -1 35 2 2 0
1 10000 -165 -11 -5 12 0 0 -1 0 7 7 7 77 29 -154 -21 13 1 1 -57 -10 -3 0
1 10000 -168 0 0 -14 0 0 0 0 2 -10 -4 -8 2 14 2 -1 0 0 22 9 0 0
1 10002 -157 -2 -4 9 0 0 0 0 0 2 2 2 -1 -42 -14 -1 3 3 -7 -4 0 0
1 9998 -168 -17 1 -1 0 0 0 0 6 -2 2 -76 -17 71 27 4 -6 -6 6 0 4 0
1 10000 -164 -12 1 -6 0 0 0 0 3 -9 -2 -22 -3 -151 -30 8 4 4 -16 -3 -1 0
1 10000 -170 -13 0 1 0 0 0 0 6 4 4 30 10 -153 -40 2 6 6 -16 1 -2 0
1 8764 -131 -6 5 82 0 1372 0 0 -5 59 16 59 35 168 37 -7 -5 -5 63 6 -1 0
1 13345 -239 109 5 125 0 33 0 -2 -40 120 -8 -206 -70 -7 10 8 -3 -3 18 4 3 0
1 8824 -138 86 -9 -18 0 -553 0 0 -18 5 -11 160 59 -233 -50 9 7 7 -105 -17 -3 0
1 11175 -190 62 12 -121 0 -781 0 2 -17 -71 -14 -37 -26 293 61 -13 -8 -8 31 4 2 0
1 10000 -148 27 -9 -28 0 0 0 0 -2 -15 -2 -35 0 -62 -6 7 -1 -1 92 10 -2 0
1 10000 -138 -2 -1 -16 0 0 0 0 1 -13 -2 -160 -46 -106 -10 12 -1 -1 -33 -4 1 0
1 8500 -119 0 5 -93 0 -1361 0 0 -1 -68 -19 -115 0 -186 -36 10 5 5 -27 2 1 0
1 13348 -198 -89 -30 -117 0 -33 -1 -2 42 -115 -31 95 2 941 280 9 -53 -53 -12 -5 -10 0
1 10231 -133 -88 -4 -20 0 0 0 0 32 -34 -7 -56 -26 -9 10 7 -4 -4 -1 5 12 0
1 8105 -99 -80 5 77 0 1336 -1 0 19 34 35 -237 -23 -261 -66 5 11 11 35 16 35 0
1 11896 -168 -51 36 95 0 0 0 2 -12 66 29 68 -17 -411 -90 15 13 13 -18 -11 -37 0
1 10000 -149 -23 -5 19 0 0 0 0 11 8 9 -84 -20 -114 -16 11 1 1 17 -1 2 0
1 9999 -145 -12 -6 10 0 0 0 0 8 4 5 -127 -10 -98 -5 13 -2 -2 -59 -11 -1 0
1 8281 -103 -11 6 68 0 1363 0 0 -2 55 20 30 42 276 98 12 -21 -21 24 -17 -35 0
1 13349 -222 75 4 144 0 33 0 -2 -31 124 2 188 64 -248 -88 -11 19 19 -72 4 28 0
1 9999 -146 84 -17 21 0 0 0 0 -14 33 -7 211 66 783 187 -20 -30 -30 -8 1 2 0
1 9159 -133 83 -6 -40 0 -572 0 0 -19 -14 -10 60 71 1981 529 -18 -91 -91 12 11 22 0
1 11181 -172 57 19 -140 0 -769 0 2 -26 -92 -21 187 32 -47 -49 -22 14 14 -11 -12 -19 0
1 10001 -151 19 -12 -19 0 0 0 0 4 -9 0 43 6 354 78 -13 -11 -11 -4 -7 1 0
1 10000 -139 12 -5 -10 0 0 0 0 -1 -6 -1 42 72 356 98 -1 -18 -18 -32 1 5 0
1 8816 -114 7 7 -74 -1 -1268 0 0 0 -49 -15 -30 -43 -82 -28 -3 6 6 26 2 -15 0
1 13348 -196 -81 -21 -152 1 -111 0 -2 36 -134 -47 250 86 647 136 -27 -18 -18 -22 -7 9 0
1 10000 -118 -87 -11 -11 0 0 0 0 36 -29 -2 -109 -14 695 175 -13 -29 -29 1 0 2 0
1 8062 -82 -56 6 83 0 1321 -1 0 9 41 36 387 141 355 105 3 -19 -19 -36 21 59 0
1 11938 -144 -13 20 100 0 1 0 2 -13 73 33 213 66 696 106 -53 -7 -7 122 -11 -56 0
1 10000 -129 -54 11 13 0 0 0 0 9 2 4 -138 -55 1258 323 -18 -54 -54 -78 -4 1 0
1 10002 -133 8 -7 8 0 0 0 0 2 5 4 153 72 235 72 3 -13 -13 -18 -7 -3 0
1 8817 -102 0 11 94 -1 1367 0 0 -10 73 19 -69 -1 85 -14 -22 7 7 -41 -4 -13 0
1 14348 -223 138 3 120 1 35 0 -2 -49 119 -12 121 33 1162 308 -11 -52 -52 14 -6 13 0
1 8833 -123 61 2 -20 0 -427 0 0 -14 4 -8 -356 -83 544 150 -2 -25 -25 -1 11 -4 0
1 11172 -173 57 -7 -128 0 -912 0 2 -10 -85 -12 312 72 -494 -95 26 10 10 25 9 9 0
1 9995 -122 31 -4 -26 0 0 0 0 -2 -8 -3 -150 -38 -295 -110 -16 23 23 32 -10 -4 0
1 10005 -133 11 -7 -13 0 0 0 0 3 -6 2 -88 -13 399 132 12 -25 -25 -40 -1 -2 -1
1 8239 -87 9 7 -76 0 -1354 0 0 -4 -53 -18 -234 -27 -338 -74 12 10 10 -6 15 29 1
1 13335 -167 -77 -34 -133 0 -35 0 -2 43 -123 -35 81 -19 132 67 18 -16 -16 -18 -19 -30 -1
1 9999 -95 -93 -2 -21 0 0 0 0 29 -38 -9 -155 9 -360 -93 5 15 15 5 0 0 0
1 8813 -89 -86 9 86 0 1326 -1 0 16 38 35 -125 -5 346 113 9 -21 -21 2 -13 -30 0
1 11188 -123 -49 32 108 0 1 0 2 -10 73 33 114 -10 -444 -111 8 17 17 32 19 33 1
1 10000 -117 -20 -1 8 0 0 0 0 7 2 6 -74 -22 -191 -38 9 5 5 -48 -2 -1 0
1 9999 -121 -2 -6 9 0 0 0 0 6 8 6 0 3 -261 -56 10 8 8 43 4 3 0
1 8827 -104 12 3 80 0 1317 0 0 -7 67 18 -149 -20 1305 377 6 -68 -68 -33 -7 -4 0
1 13343 -184 106 4 136 0 78 0 -2 -41 125 -5 105 9 -1539 -419 9 72 72 14 -1 -4 0
1 10000 -134 82 -12 30 0 0 0 0 -16 40 -12 -27 3 74 24 1 -5 -5 -35 -2 6 0
1 8245 -104 85 6 -80 0 -1328 0 0 -22 -37 -9 -125 1 11 7 2 -1 -1 15 -13 -27 0
1 11755 -172 49 8 -101 0 -4 0 2 -18 -65 -15 78 -9 1 4 3 -2 -2 17 10 20 -1
1 10000 -133 32 -10 -35 0 0 0 0 4 -14 0 9 4 -134 -33 3 5 5 -18 0 8 1
1 10000 -140 11 -6 -6 0 0 0 0 2 -1 2 -66 -18 2 5 2 -1 -1 3 6 -4 0
1 8254 -96 0 0 -94 0 -1360 0 0 5 -68 -14 -457 -84 155 63 11 -13 -13 -61 11 18 0
1 14181 -171 -83 -21 -120 0 -37 0 -2 34 -114 -33 -172 -90 -808 -183 27 26 26 52 -20 -17 -1
1 9999 -97 -80 -4 -8 0 0 0 0 24 -29 -5 -379 -108 -467 -56 45 0 0 -13 3 -4 0
1 10000 -109 -78 -4 -12 0 0 0 0 25 -28 -6 -506 -104 -1089 -215 54 26 26 5 -1 6 1
1 8491 -70 -87 12 104 0 1334 0 0 14 50 43 -180 -7 -346 1 59 -13 -13 -7 18 31 0
1 11509 -149 -32 33 85 0 0 0 2 -17 60 24 50 -49 -2026 -512 37 83 83 -20 -19 -33 -1
1 10000 -121 -52 -12 26 0 0 0 0 27 13 18 507 235 -825 -195 23 29 29 -13 -10 3 0
1 10000 -137 -34 0 11 0 0 0 0 12 4 6 -296 -115 1114 246 -41 -35 -35 31 10 1 0
1 8490 -86 1 6 86 0 1371 0 0 -6 69 18 -27 -9 -400 -85 16 12 12 -27 19 36 0
1 14340 -198 143 2 142 0 34 0 -2 -53 134 -10 435 176 110 17 -8 -1 -1 5 -22 -40 1
1 10000 -136 37 -8 -11 0 0 0 0 -4 2 -3 72 36 1757 450 -28 -74 -74 -15 -6 1 0
1 10000 -127 86 7 16 0 0 0 0 -33 24 -20 -122 -36 554 145 -7 -24 -24 16 8 -1 0
1 8053 -95 81 -12 -70 0 -1350 0 0 -10 -31 -3 -143 -16 136 49 6 -10 -10 -5 8 18 -1
1 11947 -157 35 20 -138 0 -5 0 2 -16 -91 -17 407 118 -35 -43 -19 12 12 2 -15 -15 1
1 9999 -124 18 -3 -34 0 0 0 0 -5 -23 -8 -88 -34 798 201 -15 -33 -33 112 13 -5 -1
1 10001 -141 -26 -12 -7 0 0 0 0 15 -14 7 357 158 198 57 1 -10 -10 -117 -10 1 0
1 8204 -105 -41 -10 -69 0 -1348 -1 0 19 -63 -9 113 144 861 181 -37 -24 -24 -18 11 26 1
1 12861 -146 -132 3 -53 0 588 1 -2 32 -76 -17 -4 -13 990 224 -33 -32 -32 53 -26 -38 -1
1 11179 -152 -99 15 92 0 707 0 2 20 49 35 131 47 1181 329 -3 -57 -57 -38 14 14 1
1 9999 -126 -31 -6 33 0 0 0 0 14 18 15 37 61 824 203 -17 -31 -31 -24 -6 -2 -1
1 10000 -140 -48 -4 -1 0 0 0 0 22 -1 9 -19 46 509 136 -4 -23 -23 -18 2 2 1
1 8819 -97 -9 0 77 0 1255 0 0 1 57 19 -174 0 2064 579 -2 -99 -99 38 -15 -45 0
1 13913 -191 88 -2 156 0 140 0 -2 -31 138 2 70 0 -665 -174 8 28 28 -22 8 41 0
1 10001 -145 49 -8 -7 0 0 0 0 -10 3 -3 -95 19 248 71 1 -13 -13 14 2 2 -1
1 9999 -117 76 1 7 0 0 0 0 -27 16 -15 25 -18 140 61 12 -13 -13 3 6 3 1
1 9025 -105 34 19 -32 0 -559 0 0 -22 -17 -10 -296 61 1010 288 2 -50 -50 -48 -4 7 0
1 11194 -160 -35 -7 -139 0 -777 0 2 18 -115 -1 120 13 -527 -117 18 16 16 13 -6 -4 0
1 10000 -123 -64 5 -28 0 0 0 0 15 -38 -3 -11 12 323 101 6 -18 -18 1 -3 -5 0
1 10000 -131 -23 -12 19 0 0 0 0 18 12 11 17 28 137 42 2 -8 -8 -4 1 4 -1
1 10000 -107 5 -18 -16 0 -4 0 0 12 -14 3 5 13 359 102 -1 -17 -17 18 4 1 1
1 10000 -101 -32 19 -15 0 0 0 0 -4 -16 -7 10 3 467 131 1 -23 -23 -28 1 -1 -1
1 10000 -104 -15 -2 -10 0 0 0 0 7 -10 -1 9 -3 279 79 -1 -13 -13 0 -4 -5 0
1 8126 -105 -23 9 76 0 1314 0 0 -1 58 19 -154 16 -449 -128 0 22 22 26 -4 7 0
1 14192 -189 15 12 103 0 36 0 -2 -15 86 4 -7 21 557 178 11 -33 -33 -43 -5 -2 0
1 9999 -150 44 -11 33 0 0 0 0 -6 35 -3 35 276 346 125 16 -25 -25 -12 0 2 0
1 10000 -152 82 -14 10 0 0 0 0 -17 20 -8 412 242 2609 732 -3 -123 -123 -25 -5 3 1
1 8845 -126 72 -16 -34 0 -445 0 0 -8 -9 -4 -47 29 3708 960 -49 -150 -150 -1 -2 -1 -1
1 11156 -160 44 11 -139 0 -890 0 2 -18 -99 -17 158 41 1914 515 -14 -82 -82 29 -1 3 1
1 9999 -130 41 -4 -27 0 0 0 0 -4 -7 -4 -10 36 751 192 -11 -29 -29 -27 8 -1 -1
1 10001 -121 81 6 -5 0 0 0 0 -18 25 -6 766 394 866 226 -10 -35 -35 61 10 16 0
1 8711 -99 80 18 -89 47 -1371 0 0 -25 -39 -24 476 303 2454 553 -76 -74 -74 -43 5 8 0
1 15185 -210 -67 -4 -148 0 -35 -1 -2 14 -127 -42 1462 605 3961 892 -120 -118 -118 39 -13 -14 0
1 10000 -144 -76 -5 -6 0 0 0 0 21 -28 -2 105 82 6438 1524 -149 -209 -209 -26 -3 1 1
