version: 66.11
glider: 175
mission: 10
dive: 7
start: 1 23 126 21 47 3
columns: rec,elaps_tms,depth,heading,pitch,roll,AD_pitch,AD_roll,AD_vbd,GC_phase,mag.x,mag.y,mag.z,sbect.TempFreq,sbect.CondFreq,aa4330.O2,aa4330.AirSat,aa4330.Temp,aa4330.CalPhase,aa4330.TCPhase,wlbb2f.redCount,wlbb2f.blueCount,wlbb2f.fluorCount,wlbb2f.VFtemp,
data:
0 22475 95 138 -683 39 242 2201 664 2 541 -87 -61 290295 182975 360878 100966 9425 31611 31611 655 237 134 574
1 10011 44 203 -23 -97 0 0 292 0 -7 -58 -6 -198 18 -20889 -8316 -1094 1275 1275 80 27 29 -1
1 9995 9 -18 16 52 1 1 289 0 2 4 16 -9 3 -7138 -2124 -81 303 303 4 -29 -71 0
1 9998 29 36 -7 3 0 0 284 0 -3 -9 0 -523 -86 -4672 -1335 -30 189 189 -34 -2 6 0
1 9993 5 37 7 9 0 0 275 0 -3 -9 14 -55 31 -700 -233 -19 37 37 -24 -8 -16 0
1 10011 38 60 -13 -48 0 0 261 0 -3 -18 -11 -286 -819 826 253 12 -38 -38 -108 -26 5 0
1 9999 85 13 -2 -35 -1 0 266 0 -3 -5 -9 -1771 -4775 -2904 -510 130 43 43 -85 13 100 0
1 12297 204 -44 -50 38 443 0 170 -1 5 11 -44 -2115 -4583 -3390 -380 255 -2 -2 -72 -37 -66 0
1 7899 192 124 249 -40 1709 0 33 1 -53 -44 223 -542 -1098 -1860 -219 137 1 1 -41 39 -6 0
1 8954 165 93 191 -66 0 -1341 272 4 -115 -75 115 -612 -1025 -1702 -207 124 2 2 -2 -61 -30 0
1 15697 271 143 24 -87 0 -19 1 -2 -54 -76 -14 -21 -666 -8520 -2038 152 258 258 44 19 26 0
1 8819 169 3 -6 84 18 1375 1 0 3 45 38 -517 -523 -3629 -892 56 117 117 15 -20 -43 0
1 11182 157 80 194 106 202 0 1 2 -181 55 123 -746 -886 -8038 -1931 150 253 253 44 30 25 0
1 9999 67 45 47 32 0 0 0 0 -58 20 20 1 -69 -7410 -1970 48 289 289 56 6 0 0
1 10001 42 58 3 -3 0 0 0 0 -24 -2 2 0 -48 -2368 -619 21 91 91 -45 2 12 0
1 8270 52 -16 -5 132 0 1382 3 0 8 112 31 -69 -21 -1086 -286 9 43 43 82 28 44 0
1 13285 53 -40 11 79 0 25 0 -2 5 73 6 60 -42 -1293 -323 20 46 46 -82 -32 -48 0
1 10000 53 -44 21 -5 0 0 0 0 -2 1 0 3 -24 -1070 -280 10 42 42 -1 -1 -6 0
1 10000 49 -85 -22 31 0 0 0 0 50 31 -8 -6 -13 -220 -42 10 4 4 -14 -4 -4 0
1 10000 48 -44 38 -25 0 0 0 0 -19 -14 4 -4 2 -39 -7 2 1 1 38 8 6 0
1 8882 50 -71 -68 -153 -16 -1416 1 0 82 -122 -33 -80 -16 792 237 8 -39 -39 -41 -22 -38 0
1 11118 96 84 -93 -63 -80 -30 0 2 53 -72 -44 55 -57 -1433 -401 0 63 63 20 19 38 0
1 10000 94 59 0 4 0 0 0 0 -19 -3 8 -70 -66 -293 -72 5 10 10 22 5 -2 0
1 10000 111 65 -4 -10 0 0 0 0 -19 -7 4 -9 -17 -439 -110 7 16 16 -35 -10 -2 0
1 8842 93 89 -5 115 -1 1399 -1 0 -31 82 38 -291 -224 884 256 5 -42 -42 45 7 21 0
1 13303 140 172 -31 96 0 44 1 -2 -36 104 21 -1005 -1151 -2286 -599 21 91 91 -16 7 -23 0
1 10311 112 10 39 18 0 0 0 0 -38 20 7 -107 -198 -2731 -604 85 77 77 49 1 -4 0
1 10000 106 -48 20 0 0 0 0 0 0 -6 1 -41 -87 -1917 -449 48 62 62 -46 2 4 0
1 10001 76 -91 -7 6 0 0 0 0 39 -6 -8 35 -29 -2320 -581 37 86 86 26 1 1 0
1 10000 98 -91 -21 -6 0 0 0 0 52 -8 -14 10 -13 -2099 -565 14 89 89 32 4 -8 0
1 10305 94 -118 17 -3 0 0 0 0 28 0 -9 13 -22 -1032 -265 13 40 40 -18 -11 0 0
1 10002 72 -35 -3 -4 0 0 0 0 14 1 -5 -48 -48 -1394 -383 5 63 63 -17 7 5 0
1 9999 114 -23 12 7 0 0 0 0 -2 8 0 -5 8 -503 -137 3 22 22 2 -5 1 0
1 13109 127 -63 -19 -230 41 -1539 -1 -2 35 -172 -49 -130 -53 -716 -180 11 27 27 40 14 1 0
1 8761 85 36 60 5 0 0 -41 0 -59 -6 24 -35 -16 -617 -166 4 27 27 -29 -12 -3 0
1 7578 48 -23 -4 8 0 0 -38 0 11 9 0 1 3 -360 -115 -7 21 21 -17 -1 0 0
1 9364 73 -18 -16 -17 0 0 -49 0 19 -11 -13 2 10 -413 -92 13 12 12 3 -5 -1 0
1 9995 81 42 15 -19 0 0 -50 0 -26 -18 3 -43 -17 24 1 -3 0 0 36 9 2 0
1 10026 75 49 -4 12 0 0 -51 0 -12 -1 5 -98 -37 -476 -122 6 20 20 -47 -4 2 0
1 9980 48 -9 -6 -4 0 0 -50 0 8 -2 -5 68 33 -436 -104 11 15 15 5 2 -2 0
1 10003 62 -18 -31 36 0 0 -50 0 30 33 1 47 12 121 37 1 -7 -7 -19 -7 -4 0
1 9995 55 9 3 -25 0 0 -51 0 -5 -20 -5 -55 5 -187 -52 1 9 9 33 12 5 0
1 10013 52 3 -5 -6 0 0 -49 0 4 -6 -4 -50 -66 -33 -10 -1 1 1 -24 -4 -2 0
1 9981 42 54 -5 2 1 0 -49 0 -14 -3 4 -85 -16 -267 -81 -3 15 15 -20 -3 -5 0
1 10006 36 -56 -23 5 -1 0 -51 0 37 10 -12 61 4 132 48 6 -10 -10 31 0 10 -1
1 10012 30 -60 9 -2 0 0 -50 0 11 7 -3 0 -3 -168 -31 9 3 3 -55 -12 -5 1
1 12335 30 -28 18 -6 7 0 -15 0 -6 -1 4 24 0 787 232 6 -40 -40 76 22 6 0
1 7647 -28 40 361 20 318 0 -22 0 -334 5 53 -12 0 -1205 -337 1 57 57 111 -1 2 0
1 10011 -64 24 62 6 1 0 -49 0 -62 -1 -14 19 1 2 -1 -1 0 0 -149 -13 -7 0
1 9996 -49 8 -12 4 -1 0 -50 0 7 5 4 -67 12 -177 -40 6 5 5 -12 3 5 0
1 9991 -81 -10 -10 -6 1 0 -52 0 12 -3 2 -73 -10 87 20 -3 -2 -2 116 5 -11 -1
1 10022 -75 -24 9 6 0 0 -54 0 -3 11 3 203 48 -260 -78 -2 13 13 -133 -13 6 1
1 9991 -85 -27 -1 0 0 0 -54 0 9 3 4 42 31 299 83 -1 -13 -13 108 21 -3 0
1 9997 -97 -20 2 -10 0 0 -52 0 7 -9 -2 130 33 -153 -60 -10 12 12 -41 -13 1 0
1 9989 -103 -33 -3 -16 0 0 -54 0 11 -6 -1 -105 -4 275 68 -5 -11 -11 30 2 -1 0
1 10007 -115 43 -3 -8 0 -1 -54 0 -10 -13 -7 56 53 355 85 -8 -12 -12 -20 5 5 -1
1 9996 -135 50 -16 13 0 0 -54 0 0 3 2 20 19 -104 -35 -3 7 7 12 -4 -6 0
1 10019 -134 25 -5 5 0 0 -55 0 -4 2 1 35 16 2 -4 -3 1 1 -36 -1 4 0
1 10593 -168 -30 -5 2 0 0 -33 4 15 3 3 86 5 493 134 -2 -22 -22 90 11 0 0
1 10582 -150 -13 -16 15 0 0 0 0 18 17 10 165 118 -88 -32 -5 6 6 -93 -10 5 0
1 10002 -131 -90 6 -15 0 0 0 0 21 1 3 288 320 375 73 -17 -8 -8 -22 -9 -9 0
1 8657 -122 -139 19 100 0 1377 -3 0 13 124 27 450 611 502 85 -32 -8 -8 -36 -17 -22 0
1 14280 -202 -43 19 134 0 32 0 -2 -9 133 -7 455 506 4551 1105 -95 -162 -162 -8 13 30 0
1 9995 -147 70 -25 -4 0 0 0 0 7 -19 3 50 75 2828 724 -37 -110 -110 26 11 3 1
1 10000 -106 25 7 -8 0 0 0 0 -13 -13 1 100 107 1822 483 -14 -76 -76 -8 -14 -1 -1
1 10005 -108 87 1 37 0 0 0 0 -19 10 -4 -2 40 1854 481 -20 -73 -73 -36 -4 -4 0
1 10299 -131 -28 15 -34 0 0 0 0 -4 -29 2 -21 31 1071 280 -11 -42 -42 -13 2 10 0
1 10000 -128 41 -4 6 0 0 0 0 -9 0 -1 -6 13 705 185 -7 -29 -29 22 0 -5 0
1 10001 -124 -53 -1 -9 0 0 0 0 12 6 1 0 66 869 240 -1 -38 -38 -22 0 2 0
1 10000 -119 1 -19 -9 0 0 0 0 19 -9 4 205 486 267 73 -1 -11 -11 -42 -17 1 0
1 10181 -108 131 -8 45 0 0 0 0 -28 11 -5 1044 847 2255 576 -28 -85 -85 0 4 6 0
1 8826 -87 83 -1 -62 2 -289 -2 -3 -25 -67 -3 -109 119 6319 1590 -90 -229 -229 44 -5 -9 0
1 11174 -81 -7 -59 -179 -54 -1160 0 5 57 -159 -23 84 16 3822 968 -50 -137 -137 -16 5 18 0
1 10000 -48 -15 -32 -7 0 0 0 0 33 -2 4 -2 44 1992 544 -5 -82 -82 -16 3 -15 0
1 10001 -45 -13 -8 -3 0 0 0 0 12 0 -1 80 197 1401 367 -12 -52 -52 0 3 19 0
1 8823 -45 -52 16 -13 40 -1 -3 -4 1 -3 -1 -42 43 1272 341 -6 -50 -50 -12 -8 -4 0
1 9994 -65 -42 33 15 1 0 -52 0 -19 20 7 1 53 1771 474 -9 -69 -69 19 5 -5 0
1 10006 -64 -39 -3 -3 0 0 -54 0 15 4 2 55 230 1361 371 -4 -54 -54 -29 0 -2 0
1 10007 -85 -24 -12 2 0 0 -54 0 19 4 1 284 362 610 136 -17 -17 -17 31 -2 6 0
1 10001 -80 -63 -7 -10 0 0 -55 0 22 7 2 313 439 904 199 -26 -23 -23 10 3 0 0
1 9979 -84 -79 -5 5 0 0 -55 0 21 24 5 266 250 729 108 -47 -6 -6 -1 1 5 0
1 9025 -87 -3 -3 99 -1 1406 -39 4 -1 95 15 447 630 2348 587 -31 -79 -79 -13 -8 -17 0
1 15555 -164 -92 -5 138 0 28 -1 -2 24 147 -16 1586 3444 1543 123 -149 14 14 104 36 52 0
1 10305 -92 -25 -48 -4 0 0 0 0 44 3 -8 1468 2658 4194 786 -180 -75 -75 118 -23 -90 0
1 10000 -37 -17 -30 -21 0 0 0 0 35 -19 -4 302 1299 2784 499 -128 -44 -44 -34 52 -13 0
1 10000 -17 5 -12 17 0 0 0 0 4 16 -4 -20 545 1484 225 -86 -14 -14 -71 186 372 0
