version: 66.11
glider: 175
mission: 10
dive: 307
start: 2 2 126 23 22 21
columns: rec,elaps_tms,depth,heading,pitch,roll,AD_pitch,AD_roll,AD_vbd,GC_phase,mag.x,mag.y,mag.z,sbect.TempFreq,sbect.CondFreq,aa4330.O2,aa4330.AirSat,aa4330.Temp,aa4330.CalPhase,aa4330.TCPhase,wlbb2f.redCount,wlbb2f.blueCount,wlbb2f.fluorCount,wlbb2f.VFtemp,
data:
0 21962 -711 1451 -697 -18 244 2367 648 2 398 -180 252 280302 166317 337460 95779 10031 32121 32121 343 160 108 571
1 9997 -6 16 54 57 0 0 289 0 -38 42 50 10 1 1125 328 4 -42 -42 7 -19 -40 0
1 9999 17 110 -80 13 0 0 284 0 69 54 -57 -10 1 -10240 -3050 -66 405 405 24 34 77 0
1 9994 19 35 34 4 0 0 277 0 -23 17 26 16 1 -14730 -4406 -110 617 617 -20 4 -1 0
1 10011 22 39 -56 -42 0 0 269 0 32 -14 -37 -3 -3 -19615 -5715 -87 842 842 74 6 2 0
1 10007 27 5 -22 -39 0 0 258 0 12 -20 -18 64 0 -14969 -4230 -4 654 654 -130 -56 -58 0
1 9991 53 36 -13 64 1 0 251 0 6 46 -7 -28 0 -2877 -813 -1 130 130 52 29 9 0
1 9998 57 121 -31 -100 -1 0 263 0 8 -8 -13 -76 4 1272 365 4 -59 -59 15 -11 -31 0
1 15012 325 -230 47 82 559 0 237 -1 -15 -39 21 32 -4 -1921 -538 2 86 86 -36 -3 28 0
1 17644 589 -101 358 118 1599 1320 3 3 -253 73 193 235 3 -536 -179 -15 32 32 83 19 -5 0
1 10342 314 -74 85 52 0 0 0 0 -61 27 16 -111 -7 -152 -52 -5 9 9 -54 -2 4 0
1 8839 250 -23 27 -67 133 -1365 5 0 -14 -63 7 3 5 -5966 -1669 7 272 272 -10 -3 -1 -1
1 11161 181 34 276 -57 162 0 1 2 -264 -45 -7 164 -3 4897 1364 -9 -221 -221 15 0 2 1
1 10000 8 65 56 -51 0 0 0 0 -63 -24 -24 33 -6 52 3 -6 0 0 3 -1 0 -1
1 10000 24 -119 -11 15 0 0 0 0 38 -24 10 -120 4 -94 -32 -4 6 6 -18 1 -1 1
1 9479 68 -3 26 -19 -36 0 2 0 -22 -18 -13 1 1 -4590 -1287 5 210 210 4 -1 -6 0
1 10605 68 70 -10 -21 0 0 0 0 -12 1 -3 38 -6 4228 1201 4 -198 -198 14 2 5 -1
1 10000 85 109 1 20 0 0 0 0 -22 55 3 156 -4 352 101 1 -16 -16 246 25 3 0
1 8984 100 72 -64 159 -131 943 0 0 44 165 11 -71 -17 19 -19 -13 6 6 -178 -33 -51 1
1 13974 186 -54 -133 60 0 430 0 -2 130 42 15 81 2 -642 -209 -15 37 37 -47 11 43 0
1 9995 137 -70 35 1 0 0 0 0 -23 -25 5 -56 6 -748 -211 -1 35 35 24 3 4 -1
1 10000 131 -70 -35 -46 0 0 0 0 50 -62 12 70 -2 -161 -41 3 6 6 7 0 2 1
1 8960 145 -27 5 -38 0 -1155 -1 0 4 -43 4 -29 -9 671 187 -1 -31 -31 -20 20 38 0
1 11044 186 -107 -67 -126 -70 -171 0 2 95 -142 -24 -33 9 -1033 -307 -9 53 53 12 -16 -39 0
1 10002 164 -61 -24 -57 0 0 0 0 43 -61 -28 -42 4 -100 -20 4 2 2 12 -2 -4 -1
1 9995 206 35 20 22 0 0 0 0 -29 26 16 146 -16 6 12 6 -3 -3 84 21 13 1
1 8901 165 61 -3 -86 0 -1234 -1 0 -13 -59 -22 -22 -26 -93 -46 -11 9 9 -11 19 37 -1
1 13304 225 73 23 -115 0 -173 0 -2 -38 -75 -39 194 -4 -1056 -334 -20 60 60 -35 -33 -41 0
1 10000 169 42 11 5 0 0 0 0 -20 14 11 6 -2 -1094 -318 -6 54 54 7 11 -5 0
1 8702 145 21 -24 120 33 1375 0 0 9 101 51 -78 0 338 93 -1 -16 -16 -85 3 11 0
1 11298 144 -53 31 104 1 0 0 2 -17 78 24 100 -3 -1279 -366 -3 62 62 92 -6 -12 1
1 10000 100 -24 7 -15 0 0 0 0 2 -20 -5 0 -2 283 77 -2 -13 -13 -10 3 -1 -1
1 10000 90 -11 10 32 0 0 0 0 -6 27 6 8 -1 -99 -33 -2 6 6 4 0 1 0
1 10000 97 -19 -12 -11 -1 0 0 0 16 -15 -3 -3 0 -49 -15 -1 3 3 65 6 0 0
1 10000 98 11 -28 -30 0 0 0 0 23 -25 -9 229 -27 107 30 0 -5 -5 80 24 2 0
1 10000 140 -48 41 -3 0 0 0 0 -23 -15 -2 -189 23 -85 -64 -22 16 16 -135 -24 2 0
1 8382 104 14 -5 -148 1 -1334 0 0 5 -118 -55 -63 -1 147 58 9 -12 -12 -20 -13 -11 0
1 13301 121 64 15 -46 0 -43 0 -2 -32 -24 -13 48 3 -491 -135 2 22 22 -41 -7 2 1
1 10334 78 21 -7 -14 0 0 0 0 0 -5 -4 13 -4 -188 -49 2 8 8 56 14 5 -1
1 10002 80 43 -10 7 0 0 0 0 -1 17 10 28 -1 94 25 -1 -4 -4 23 2 1 1
1 8158 72 13 1 95 -1 1391 0 0 -7 79 43 -37 -7 594 158 -5 -26 -26 -5 16 31 -1
1 11844 103 17 -36 122 1 0 0 2 28 115 34 91 -3 -526 -156 -5 27 27 -4 -15 -35 0
1 9998 128 -22 -2 -30 0 0 0 0 8 -34 -7 160 -17 -73 -21 0 4 4 18 12 3 0
1 10000 132 -95 43 24 0 0 0 0 -19 -9 -2 92 -19 -307 -118 -18 24 24 80 19 7 0
1 10001 94 53 10 16 -1 1 0 0 -20 33 8 -61 5 -181 -79 -15 16 16 137 11 -10 0
1 9999 69 6 -32 -20 0 0 0 0 24 -19 -5 85 -11 -535 -149 1 25 25 -46 -1 8 0
1 10000 100 27 -5 0 0 0 0 0 1 9 3 -34 6 -32 -21 -7 5 5 -76 -18 -7 0
1 10000 109 50 -2 57 0 0 0 0 -9 70 10 -107 11 -82 -18 3 2 2 196 23 2 0
1 10002 81 55 12 20 0 0 0 0 -21 38 2 151 -20 130 46 5 -8 -8 -158 -14 -1 0
1 9997 84 59 18 -82 0 0 0 0 -24 -55 -5 -102 10 -272 -94 -10 17 17 -90 -10 -1 0
1 8809 48 -71 31 149 0 1219 0 0 -20 112 -1 178 -25 255 78 4 -13 -13 121 26 -4 0
1 13301 69 45 -89 99 -1 142 0 -2 74 105 -19 -257 35 -566 -176 -10 31 31 -191 -44 5 0
1 10000 117 -81 41 57 0 0 0 0 -26 22 -7 71 -8 124 61 15 -13 -13 110 17 0 0
1 10000 113 1 21 -54 0 0 0 0 -22 -49 14 20 -4 321 96 3 -17 -17 88 21 -1 0
1 10433 126 -112 16 24 0 0 0 0 10 -14 4 497 -67 -406 -126 -7 22 22 151 34 -1 0
1 8045 113 39 -8 -119 0 -1359 0 0 3 -94 13 -118 9 1839 430 -48 -61 -61 -47 -5 7 0
1 11955 108 56 1 -73 0 -15 0 2 -15 -50 -1 -110 18 -2360 -669 -3 113 113 -5 -11 -10 0
1 10000 105 -60 -33 -35 0 0 0 0 47 -50 -4 279 -31 -451 -109 9 16 16 -29 8 6 0
1 9999 129 -61 11 -31 0 0 0 0 7 -45 -9 356 -37 -69 -59 -22 15 15 136 21 3 0
1 10001 119 -21 13 -5 0 0 0 0 -10 -15 -4 -79 -2 -277 -156 -44 36 36 87 0 -7 0
1 10000 114 35 -2 0 0 0 0 0 -3 15 5 -196 28 -674 -225 -21 43 43 11 1 4 0
1 10000 107 -6 -13 26 0 0 0 0 9 18 3 16 -6 -593 -137 17 19 19 -119 1 -5 0
1 10002 121 -37 6 -17 0 0 -1 0 6 -25 -6 290 -33 201 64 4 -12 -12 162 15 4 0
1 9998 124 -11 -6 3 0 0 0 0 7 -1 0 70 -12 -105 -59 -16 14 14 163 6 -11 0
1 10000 115 23 24 0 0 0 0 0 -26 9 2 189 -23 -295 -119 -21 25 25 54 52 12 0
1 10000 93 -2 -13 -8 0 0 1 0 12 -9 -2 125 -16 -344 -139 -25 29 29 -194 -43 -2 0
1 10000 97 -7 -9 -9 0 0 0 0 10 -11 -3 34 -3 -141 -75 -20 17 17 90 27 6 0
1 9999 88 -6 16 5 0 0 0 0 -11 4 2 5 0 -432 -140 -11 27 27 301 29 -2 0
1 10001 94 4 -14 19 0 0 0 0 10 18 3 7 -3 96 12 -8 0 0 169 25 0 0
1 10000 105 1 13 -6 0 0 0 0 -9 -2 1 7 2 -727 -214 -6 38 38 -381 -35 2 0
1 10000 83 -11 -2 -4 0 0 0 0 4 -8 -2 14 -6 82 19 -2 -3 -3 -23 -6 -6 0
1 10991 112 21 18 -40 86 -258 -1 -4 -25 -33 -10 -150 0 -176 -54 -3 10 10 393 45 3 0
1 7832 51 -13 64 4 0 0 -35 0 -51 3 -2 92 -2 -133 -40 -2 7 7 -234 -34 -11 0
1 10011 35 47 -14 -21 0 0 -50 0 -1 -7 -3 -37 4 201 51 -3 -8 -8 170 33 11 0
1 9986 46 18 13 23 -1 0 -50 0 -21 23 5 4 -2 -502 -139 1 24 24 -404 -56 1 0
1 10001 41 45 -11 -13 0 0 -50 0 2 4 2 19 0 14 4 0 -1 -1 200 29 -1 0
1 10025 54 34 -5 1 1 0 -50 0 -3 12 2 3 0 262 75 1 -13 -13 174 33 -2 0
1 9962 48 10 -12 6 -1 0 -50 0 10 9 4 -18 -2 153 46 2 -8 -8 -318 -45 -2 0
1 10024 40 6 -3 2 1 0 -49 0 3 5 2 -4 -1 -97 -31 -2 5 5 295 18 -1 0
1 9993 51 6 -9 -2 -1 0 -48 0 8 0 0 0 -1 -219 -59 1 10 10 -321 -38 3 0
1 9997 56 -49 -16 6 0 0 -50 0 20 -13 -1 -57 -2 -1 -3 -2 1 1 485 36 -3 0
1 10003 51 -80 12 -7 0 0 -49 0 12 -28 -7 19 -1 -175 -47 2 8 8 -253 2 -2 0
1 9984 28 -87 -9 16 0 0 -48 0 33 -9 -2 38 0 12 5 0 -1 -1 -9 -16 0 0
1 10010 25 -39 -15 -11 0 0 -50 0 29 -15 -6 52 -1 0 0 0 0 0 -49 7 6 0
1 14370 -4 -20 128 27 332 130 -18 0 -110 22 2 -64 -2 140 35 -2 -6 -6 55 37 2 0
1 7532 -45 29 300 12 0 0 -27 0 -262 10 -106 66 1 -131 -46 -6 10 10 3 -15 -1 0
1 9171 -40 23 -20 -5 0 0 -44 0 7 0 5 -99 2 -125 -29 4 4 4 -40 -5 0 0
1 8934 -58 23 10 -1 0 0 -46 0 -13 6 -7 -10 2 220 65 2 -12 -12 279 -1 -12 0
1 9992 -72 43 -4 12 0 0 -51 0 -8 18 -1 72 -1 60 16 0 -3 -3 -112 8 8 0
1 10014 -93 46 -12 -11 0 0 -53 0 -3 5 0 38 1 -248 -72 -2 13 13 307 70 2 0
1 9995 -96 2 -10 -7 0 0 -53 0 5 -7 1 -43 4 149 39 -1 -6 -6 -339 -78 -1 0
1 10015 -112 27 4 17 0 0 -52 0 -8 22 1 -5 3 -132 -38 -1 6 6 63 24 1 0
1 9969 -101 11 -16 -5 0 0 -54 0 9 0 7 41 2 201 55 -1 -9 -9 -131 -23 -3 1
1 10019 -117 4 -4 6 0 0 -52 0 2 5 1 -133 13 -148 -40 1 7 7 -117 -18 -2 -1
1 9994 -111 -7 -11 9 0 0 -55 0 6 3 9 -139 2 188 66 8 -13 -13 159 1 -1 0
1 9995 -120 0 7 -6 0 0 -54 0 -5 -5 -6 0 8 95 39 7 -9 -9 -246 -24 -3 0
1 10661 -137 -27 -7 -7 1 0 -41 4 11 -13 7 182 -4 -5507 -1530 6 265 265 157 8 7 0
1 10605 -134 -22 -3 -4 0 0 0 0 9 -8 2 38 -2 5248 1465 -2 -254 -254 109 30 -1 0
1 10000 -149 23 -8 12 0 0 0 0 1 16 5 -674 84 585 172 5 -31 -31 -671 -116 1 0
1 10230 -133 23 -7 11 -22 0 -3 0 0 16 4 11 1 447 251 72 -59 -59 -42 5 0 0
1 10606 -120 50 -1 18 0 0 0 0 -12 26 -4 -215 28 549 177 13 -33 -33 129 6 9 0
1 10000 -121 -14 21 -67 0 0 0 0 -8 -50 -16 31 -5 571 194 19 -37 -37 -67 -2 0 0
1 10216 -113 19 -20 49 -24 0 -1 0 11 42 16 -182 18 464 160 17 -31 -31 -162 -28 -6 0
1 10600 -116 -14 -20 -15 0 0 0 0 16 -16 9 -71 11 -101 7 20 -6 -6 12 -15 3 0
1 10000 -95 7 -20 -21 0 0 0 0 16 -13 6 -28 3 528 176 16 -33 -33 94 14 -5 0
1 10002 -94 20 11 3 0 0 0 0 -16 7 -8 -49 4 189 67 8 -13 -13 -31 -1 -2 0
1 9999 -86 23 -1 5 0 0 0 0 -3 12 1 -16 6 213 72 7 -14 -14 -150 -24 1 0
1 10000 -100 54 -14 0 0 0 0 0 3 19 6 81 -7 362 113 6 -20 -20 146 29 3 0
1 8213 -53 -48 -2 -212 5 -1397 -1 0 11 -170 -58 -183 7 459 126 -1 -21 -21 -109 -16 12 0
1 13336 -152 -41 21 -6 0 -38 -1 -2 -3 -11 -9 93 3 -89 -14 5 1 1 175 9 -12 0
1 10438 -105 -93 -21 -13 0 0 0 0 36 -41 -2 -67 6 -21 -4 2 0 0 -151 -13 -1 0
1 8127 -69 -76 -5 107 0 1366 -1 0 22 50 46 -102 7 242 76 4 -13 -13 40 -2 1 0
1 11872 -133 -71 40 101 0 1 -1 2 -11 62 25 53 3 -222 -47 9 6 6 -84 -12 1 0
1 10001 -95 -4 -9 17 0 0 0 0 8 10 8 5 2 499 138 -1 -23 -23 -7 6 -3 0
1 9999 -108 5 -2 1 0 0 0 0 0 3 2 -28 3 -102 -24 3 3 3 29 1 -2 0
1 8572 -63 1 -8 113 0 1397 1 0 3 88 25 -95 7 -625 -161 7 25 25 -26 -34 -51 0
1 13618 -161 121 6 143 0 36 0 -2 -42 138 -21 35 1 1005 293 7 -50 -50 11 19 53 0
1 10001 -99 73 16 -25 0 0 0 0 -33 -9 -20 10 1 -90 -19 3 2 2 34 19 3 0
1 8769 -85 40 3 -89 0 -1395 0 0 -8 -52 -2 -180 2 130 34 -2 -5 -5 -38 9 31 1
1 11232 -136 30 10 -85 0 -4 -1 2 -14 -55 -13 254 -9 -117 -27 4 4 4 -1 -8 -32 -1
1 9999 -119 -66 -11 -13 0 0 0 0 27 -25 14 -32 6 197 45 -6 -7 -7 -14 -7 -4 0
1 10000 -122 -35 -37 -31 0 0 0 0 34 -37 13 -48 5 -65 -16 1 3 3 141 -2 6 0
1 10001 -98 35 31 -62 0 -2 1 0 -32 -35 -30 -21 6 -121 -28 4 4 4 -219 -11 -1 0
1 9998 -90 54 -8 28 0 0 0 0 -5 38 8 -109 12 97 31 2 -6 -6 13 -6 -1 0
1 10001 -81 74 2 21 0 0 0 0 -15 40 -1 -42 6 196 72 9 -14 -14 34 4 0 0
1 8200 -76 17 -13 -105 0 -1375 -1 0 11 -69 -12 -115 11 1159 347 12 -61 -61 -60 18 32 0
1 14477 -170 -133 -23 -143 0 -33 0 -2 43 -145 -49 179 -16 -470 -106 14 15 15 45 -32 -36 1
1 8878 -82 -95 5 33 0 30 -1 -1 22 -4 12 -144 2 265 56 -10 -7 -7 -8 10 -3 -1
1 11122 -127 -24 40 206 0 1373 0 3 -31 138 58 116 4 -251 -72 -1 12 12 -8 1 8 0
1 10000 -117 18 -18 0 0 0 0 0 11 7 7 -63 9 191 51 -1 -8 -8 -50 -5 0 1
1 10000 -111 42 6 -10 0 0 0 0 -16 4 -7 -75 10 -244 -55 7 7 7 -35 -6 5 -1
1 10000 -110 -2 -1 11 0 0 1 0 -1 5 0 42 -9 395 125 8 -22 -22 49 -3 -7 0
1 10000 -107 -17 -13 -5 0 0 0 0 17 -6 8 -86 15 30 12 2 -3 -3 -19 -3 2 0
1 10000 -122 -4 18 9 0 0 0 0 -13 6 -4 -121 14 -155 -27 10 3 3 -68 -15 -5 0
1 9999 -120 -42 -14 14 0 0 0 0 22 0 11 -3 1 674 205 8 -36 -36 5 17 5 0
1 10000 -99 -27 28 -27 0 0 0 0 -14 -28 -18 -8 2 164 61 8 -12 -12 24 -2 2 0
1 10001 -118 9 -30 17 0 0 0 0 20 13 16 -59 5 834 243 5 -41 -41 -54 -15 -5 0
1 8188 -91 -42 15 100 0 1391 -1 0 -1 68 18 -109 -3 521 157 5 -27 -27 -6 21 47 0
1 14166 -173 61 -8 142 0 17 1 -2 -14 125 -2 87 6 -144 -30 7 3 3 5 -29 -49 0
1 9999 -101 9 15 27 0 0 0 0 -16 19 -11 -67 10 538 157 2 -26 -26 -3 17 12 1
1 10000 -105 63 -7 -20 0 0 0 0 -10 2 -6 -2 1 203 70 7 -13 -13 1 -1 1 -1
1 8813 -95 50 1 -71 0 -379 0 0 -9 -38 -3 -136 0 258 80 5 -15 -15 -8 4 -4 0
1 11188 -131 46 -3 -147 0 -1034 0 2 -7 -97 -9 174 0 140 51 6 -9 -9 71 -10 -2 0
1 9999 -108 -34 -1 -42 0 0 0 0 9 -43 -5 -181 1 338 89 -3 -14 -14 10 4 1 0
1 10001 -121 -4 -7 8 0 0 0 0 3 3 5 79 6 -23 17 13 -6 -6 -85 -13 1 0
1 10000 -109 -19 -5 7 0 -3 -1 0 11 2 6 61 -2 -369 -105 -1 18 18 -1 9 5 1
1 9999 -114 0 2 -2 0 0 0 0 0 0 1 40 0 472 125 -4 -20 -20 15 -5 -7 0
1 10001 -99 29 17 34 0 0 0 0 -23 31 -9 -23 1 19 -8 -8 3 3 -5 2 -5 -1
1 9999 -126 -71 -15 -49 0 0 1 0 29 -58 4 36 1 92 24 -1 -4 -4 1 1 5 0
1 10001 -99 34 14 33 0 0 0 0 -18 37 0 -103 -4 -68 -21 -1 4 4 -36 -5 -2 0
1 9999 -103 -42 -15 -26 0 0 0 0 23 -32 5 -175 1 -36 8 10 -4 -4 16 5 2 0
1 10000 -91 -29 9 30 0 0 -1 0 -2 13 4 -103 -22 11 29 14 -7 -7 -20 -17 1 0
1 10000 -127 -16 12 -37 0 0 0 0 0 -28 -12 7 -1 -490 -105 18 13 13 10 7 -3 0
1 10001 -129 -45 0 -11 0 0 0 0 10 -23 -2 54 9 -322 -82 5 12 12 29 0 1 0
1 8854 -103 -76 -20 122 0 1203 1 0 35 74 43 -116 -2 855 235 -3 -38 -38 -6 -4 -34 0
1 13303 -185 57 39 141 0 204 -1 -2 -49 120 -17 95 0 -803 -221 3 36 36 -29 7 31 0
1 10000 -163 61 -22 -15 0 0 0 0 -1 4 -1 -141 -14 60 20 2 -4 -4 -18 -7 3 0
1 10001 -145 52 -34 3 0 0 0 0 11 19 5 -72 -7 -344 -71 15 9 9 34 4 -1 1
