version: 66.11
glider: 175
mission: 10
dive: 196
start: 1 30 126 5 40 15
columns: rec,elaps_tms,depth,heading,pitch,roll,AD_pitch,AD_roll,AD_vbd,GC_phase,mag.x,mag.y,mag.z,sbect.TempFreq,sbect.CondFreq,aa4330.O2,aa4330.AirSat,aa4330.Temp,aa4330.CalPhase,aa4330.TCPhase,wlbb2f.redCount,wlbb2f.blueCount,wlbb2f.fluorCount,wlbb2f.VFtemp,
data:
0 21711 -628 1443 -584 25 240 2381 638 2 356 -135 312 279817 167088 345422 97659 9866 31920 31920 285 150 113 571
1 9996 -1 -44 -2 -26 0 0 286 0 -1 -36 -11 6 0 -438 -109 7 13 13 5 -22 -42 0
1 9998 10 -66 -58 21 0 1 282 0 43 -7 -42 52 0 410 133 7 -18 -18 2 20 34 0
1 10003 13 40 -5 21 0 0 275 0 -1 26 6 -37 -2 -1379 -370 9 43 43 4 26 40 0
1 9993 45 41 -61 -19 0 0 268 0 32 -1 -36 37 -2 -43927 -12516 -45 1695 1695 30 -46 -78 0
1 10010 18 19 -30 28 0 0 257 0 14 19 -13 11 -2 -9072 -2560 2 380 380 -75 26 47 0
1 10000 50 30 -42 -24 0 0 250 0 17 -5 -29 -6 -3 -3140 -887 0 135 135 72 -24 -61 -1
1 9998 69 -33 -12 21 0 0 258 0 6 -4 -8 4 -7 -9 -3 -1 0 0 -41 17 49 1
1 9091 135 47 9 -83 0 0 260 4 -3 -20 -5 -31 -39 391 115 3 -18 -18 34 -13 -12 -1
1 11470 325 -104 21 -33 461 0 3 -5 -3 -43 -16 -67 -227 -1188 -334 1 51 51 -37 5 3 1
1 9272 336 182 273 -115 1710 -1390 2 5 -192 -57 171 -21 -257 -3791 -1054 9 161 161 42 -9 -34 0
1 15000 341 117 230 -46 0 -40 2 -2 -219 -21 60 43 -156 -9315 -2626 4 416 416 -43 5 28 0
1 10000 171 48 8 -2 0 0 0 0 -10 14 8 2 -23 -3109 -875 2 142 142 8 15 2 -1
1 10000 157 24 -5 2 0 0 0 0 3 10 5 0 -8 -2041 -575 1 95 95 27 -6 -1 1
1 10000 169 69 5 -6 0 0 0 0 -6 19 8 -8 -8 -599 -168 1 27 27 -22 -1 0 -1
1 10331 170 54 5 5 0 0 0 0 -1 24 8 -17 -15 -1043 -290 2 48 48 13 -3 3 1
1 10000 153 26 -10 2 0 0 0 0 11 11 3 0 -1 -509 -143 1 23 23 19 8 0 -1
1 9999 174 33 10 4 0 0 0 0 -4 14 5 5 -20 -436 -123 0 21 21 -24 -5 -4 1
1 10006 154 57 -12 -3 0 0 0 0 16 18 2 -10 -4 -260 -74 0 12 12 -6 5 8 -1
1 10322 178 15 4 9 0 0 0 0 3 12 3 -6 -9 -419 -115 2 19 19 -15 -8 -5 0
1 9999 163 44 5 9 0 0 0 0 2 22 4 -4 -6 -259 -70 2 11 11 10 4 -1 0
1 10000 177 34 -8 5 0 0 0 0 13 17 1 6 -18 -487 -136 1 23 23 5 -3 -2 1
1 10000 166 32 -5 12 0 0 0 0 11 20 1 45 -33 -461 -133 -2 23 23 14 7 0 -1
1 10097 178 19 10 22 -2 352 2 0 -3 24 2 -126 -30 -534 -159 -4 27 27 16 -9 -3 1
1 11184 155 -132 20 140 53 1015 0 2 -45 88 2 235 -92 -479 -140 -3 25 25 -2 8 3 -1
1 10001 125 -30 20 21 0 0 0 0 -22 9 0 94 -27 -420 -131 -7 23 23 -14 0 -1 0
1 9999 127 4 2 3 0 0 0 0 -1 4 -1 -187 -90 -673 -215 -14 40 40 75 15 2 0
1 8940 116 34 8 -97 37 -1101 1 0 -7 -77 7 -135 -4 -1120 -302 8 49 49 -60 20 48 1
1 13987 157 66 37 -113 0 -260 0 -2 -22 -83 -7 130 -7 -1483 -401 11 67 67 5 -30 -49 0
1 10001 128 42 7 3 0 0 0 0 4 14 2 -99 -34 -885 -247 1 42 42 1 7 5 -1
1 8256 105 21 -3 126 -2 1406 0 0 10 120 2 -178 -34 19 21 9 -6 -6 -4 -19 -28 0
1 11743 137 12 -9 92 0 -1 0 2 13 86 -16 193 18 -702 -173 15 27 27 43 12 19 1
1 10000 120 7 9 1 0 0 0 0 -8 4 0 -3 -13 -477 -147 -7 27 27 -31 0 6 -1
1 10000 117 10 0 -5 0 0 0 0 3 -4 0 107 11 226 57 -4 -9 -9 -7 2 2 0
1 10000 115 11 0 -1 0 1 0 0 3 2 -1 58 6 -109 -50 -11 11 11 3 1 -3 0
1 10000 120 13 0 1 0 0 0 0 3 4 0 -12 -26 379 96 -6 -15 -15 -10 0 -6 0
1 10000 126 -6 -1 2 0 0 0 0 -2 2 -1 -356 -110 -432 -125 -2 22 22 25 -4 3 0
1 10000 115 16 -1 1 0 0 0 0 7 4 -1 -277 -88 -456 -81 28 7 7 -31 -1 -2 0
1 10001 109 -9 2 4 0 0 0 0 -3 0 0 -122 -55 -1190 -273 37 39 39 5 4 4 0
1 10000 124 9 -2 -4 0 0 0 0 2 0 0 -82 -49 -751 -166 27 23 23 21 3 -1 0
1 9999 118 41 6 0 0 0 0 0 6 8 -3 507 126 -587 -142 15 22 22 -15 -4 5 0
1 10001 105 15 -1 1 0 0 0 0 5 4 -1 60 7 -496 -196 -33 41 41 32 7 -7 0
1 9999 111 -2 0 1 0 0 0 0 0 0 -1 -53 -20 540 115 -22 -15 -15 -14 -2 4 0
1 8825 95 -7 -12 104 -4 1322 0 0 9 85 -37 -240 -37 -72 -14 4 2 2 4 8 -4 0
1 13530 144 -56 1 108 1 31 0 -2 -17 73 -45 -39 -60 122 51 9 -11 -11 -22 -19 -2 0
1 10001 104 -37 10 0 0 0 0 0 -20 -6 5 -131 -21 -354 -77 14 10 10 15 5 8 0
1 9999 108 -36 -2 2 0 0 0 0 -5 -7 5 -127 -63 -465 -95 22 12 12 -1 3 -3 0
1 9156 90 -18 2 -75 -1 -628 1 0 -8 -60 39 -137 -25 90 51 14 -12 -12 1 19 21 0
1 11179 113 -2 -11 -140 1 -779 -1 2 12 -121 44 -62 -51 -1176 -311 14 51 51 -2 -18 -24 0
1 9999 76 1 5 -3 0 0 0 0 -4 -3 1 -141 -51 -601 -129 24 18 18 24 5 1 0
1 10000 87 2 -4 -2 0 0 0 0 5 -2 1 -440 -150 -698 -165 20 25 25 -9 2 -6 0
1 10001 77 -30 -8 0 -1 0 0 0 0 -8 2 -696 -282 -1301 -264 63 32 32 31 10 7 0
1 10000 87 32 7 1 0 0 0 0 1 9 -2 158 50 -2560 -605 74 92 92 108 3 2 0
1 9999 71 11 3 3 0 0 0 0 -1 7 -2 -127 -58 -2305 -624 20 108 108 -108 -8 0 0
1 10000 92 -36 1 -4 1 0 0 0 -7 -15 3 -72 -57 -919 -235 16 39 39 0 -4 -6 0
1 10000 80 -21 2 -5 0 0 0 0 -8 -9 2 -38 -28 -487 -106 20 14 14 -27 -6 -4 0
1 10001 87 -34 -3 7 0 0 0 0 -5 -3 0 -36 -21 -1000 -266 11 46 46 55 17 3 0
1 9999 71 7 2 -1 0 0 0 0 1 0 1 -5 -10 -1052 -284 10 50 50 -31 -5 7 0
1 10001 83 18 -5 3 0 0 0 0 5 10 -2 35 9 -634 -173 5 30 30 -7 2 -3 0
1 10000 66 -22 10 -3 0 0 0 0 -10 -11 2 -202 -81 -264 -75 1 14 14 -12 -8 3 0
1 10000 89 -20 -9 -3 0 0 0 0 5 -10 2 -78 -26 -396 -86 16 12 12 30 6 -6 0
1 10000 71 -11 0 0 0 0 0 0 -3 -3 0 30 -2 -337 -76 13 11 11 30 3 -2 0
1 10000 86 6 -2 7 0 0 0 0 1 10 -2 39 -3 -714 -187 10 33 33 49 -1 -5 0
1 8810 88 63 6 -129 -1 -1223 0 0 7 -100 9 143 95 237 57 -6 -10 -10 -107 -18 -4 0
1 13292 120 36 -1 -84 1 -103 -1 -2 7 -66 -5 -137 -77 -578 -190 -16 39 39 21 7 10 0
1 8843 81 15 0 75 -1 613 0 0 6 72 5 -217 -39 -283 -54 17 6 6 30 23 4 0
1 11157 99 30 3 132 1 763 0 2 5 128 -16 110 -12 -524 -130 12 22 22 -20 -16 -3 0
1 10001 70 -15 -3 8 0 0 0 0 -1 4 -1 -53 -16 -413 -108 6 19 19 -4 -4 -4 0
1 10000 66 26 5 -7 0 0 0 0 2 -1 0 -22 -13 -337 -84 8 14 14 -5 4 2 0
1 10000 73 14 -5 -2 0 0 0 0 6 3 -1 -40 -13 -415 -111 5 19 19 -2 6 7 0
1 10000 82 31 -5 -3 0 0 0 0 13 4 -2 102 4 -242 -61 5 10 10 53 -1 -8 0
1 9999 86 1 10 12 0 0 0 0 -7 10 -2 64 30 -360 -108 -3 21 21 17 5 0 0
1 10000 97 45 -15 -40 0 0 0 0 25 -26 5 289 73 189 37 -11 -4 -4 -70 -13 0 0
1 10001 108 26 14 40 0 0 0 0 -6 41 -11 1120 279 721 121 -53 -11 -11 -4 -2 2 0
1 10000 104 11 4 4 0 0 0 0 1 4 -2 316 110 2909 661 -105 -100 -100 3 -1 -2 0
1 8769 85 15 -13 92 -3 1325 0 0 17 77 -35 341 136 2965 747 -60 -123 -123 -21 22 43 0
1 13293 157 -20 -5 117 0 32 0 -2 -4 87 -58 1318 288 1025 118 -106 1 1 9 -16 -35 0
1 9999 126 -40 18 2 0 0 0 0 -26 -5 6 53 33 2251 485 -93 -67 -67 -3 -6 -6 0
1 10000 115 -52 6 2 0 0 0 0 -21 -6 6 -9 10 1882 405 -76 -56 -56 5 3 4 0
1 10329 115 -59 3 0 0 0 0 0 -17 -11 9 -22 -3 1075 260 -27 -41 -41 198 13 -3 0
1 10000 109 -54 -4 1 0 0 0 0 -10 -11 8 23 4 438 96 -16 -13 -13 -125 -6 4 0
1 8280 95 -17 -1 -124 17 -1365 0 0 -2 -103 57 -107 5 944 246 -12 -42 -42 3 -10 -45 0
1 11721 112 -20 4 -94 0 -16 0 2 -9 -88 26 88 -8 -221 -69 -4 13 13 -22 9 41 0
1 9999 93 -34 5 4 0 0 0 0 -8 -8 1 11 -1 484 126 -6 -21 -21 -5 5 -1 0
1 10000 91 8 -7 -9 0 0 0 0 7 -5 1 11 -1 312 86 -1 -15 -15 -15 -10 0 0
1 8532 100 29 4 -120 0 -1293 0 0 1 -102 9 -161 -5 362 96 -4 -16 -16 -53 -15 -29 0
1 13291 136 76 8 -90 0 -45 0 -2 9 -60 -4 211 -15 -342 -102 -3 19 19 62 35 33 0
1 8844 106 -2 -4 116 -1 1256 0 0 6 105 3 -147 -48 -29 -16 -5 4 4 9 6 48 0
1 11157 147 -6 -49 100 -46 107 0 2 44 89 -15 382 22 -530 -148 1 26 26 106 -3 -50 0
1 10000 142 -18 -4 -2 0 0 0 0 -4 -4 1 223 60 -41 -53 -25 15 15 -39 0 7 0
1 10000 159 -20 0 -2 0 0 0 0 -5 -8 2 -18 -1 -30 -60 -30 17 17 -17 -1 -4 0
1 9997 138 -12 2 -3 -1 0 0 0 -2 -6 1 -486 -157 355 86 -9 -13 -13 16 1 3 0
1 10002 154 -10 0 0 0 0 0 0 -5 -3 1 80 8 -288 -23 35 -4 -4 32 8 -3 0
1 10000 155 -23 1 3 0 0 0 0 -1 -5 1 311 68 -678 -179 7 31 31 -34 -6 1 0
1 9999 133 -1 -1 -3 0 0 0 0 -1 -3 1 207 58 -118 -84 -31 21 21 2 -4 -7 0
1 10001 158 -10 -1 3 0 0 0 0 -2 0 0 333 88 -53 -53 -22 15 15 -27 5 8 0
1 10000 156 -3 2 -5 0 0 0 0 -1 -6 1 293 86 194 -4 -36 9 9 -9 -7 0 0
1 8114 128 11 2 -111 -1 -1318 0 0 0 -99 9 -328 -69 891 166 -50 -19 -19 79 22 7 0
1 13315 209 41 -8 -95 1 -44 0 -2 13 -73 -7 186 24 929 269 5 -49 -49 -53 -17 -11 0
1 16043 250 -34 35 167 120 1166 0 -2 -34 141 3 535 162 193 7 -28 5 5 42 4 0 0
1 7630 92 -3 84 18 -1 0 -33 0 -80 15 -9 153 26 1114 238 -44 -33 -33 -28 1 8 0
1 7631 69 -19 17 2 0 0 -38 0 -23 -3 -4 53 30 982 219 -33 -31 -31 -28 -7 -6 0
1 7637 64 -18 -1 4 0 0 -38 0 1 -3 0 51 8 511 120 -14 -19 -19 46 0 -5 0
1 9882 79 -5 -4 -1 1 0 -50 0 4 -3 2 108 15 396 90 -12 -13 -13 -30 1 2 0
1 9995 84 -4 -13 2 0 0 -49 0 11 1 1 27 9 294 58 -14 -7 -7 1 0 3 0
1 9993 73 -7 -8 0 -1 0 -51 0 5 -2 2 18 10 137 12 -16 2 2 28 3 3 0
1 10000 79 -5 -9 0 0 0 -48 0 9 -2 1 -83 13 188 44 -5 -7 -7 -89 -14 0 0
1 10001 64 -4 -11 1 0 0 -49 0 8 0 1 43 6 163 34 -6 -5 -5 74 11 2 0
1 10006 55 -8 -4 1 0 0 -48 0 5 -2 1 82 1 58 2 -9 2 2 -45 -1 -3 0
1 10006 60 -17 -11 3 0 0 -49 0 5 -3 1 51 2 -128 -37 -1 7 7 18 4 1 0
1 9995 46 -9 -2 -1 0 0 -48 0 1 -4 0 -10 0 447 121 -2 -21 -21 179 13 3 0
1 10026 36 -19 -3 3 0 0 -48 0 0 -3 1 -36 -2 -245 -72 -2 13 13 -103 2 0 0
1 16855 27 -11 116 3 333 0 -46 0 -106 -3 -22 30 -3 58 0 -10 2 2 36 3 1 0
1 8130 -34 26 323 6 0 0 -31 0 -256 9 -165 6 4 554 144 -6 -24 -24 34 -8 -5 0
1 9996 -46 -21 -42 2 0 0 -48 0 24 -5 27 -79 1 64 27 5 -6 -6 -129 -12 -1 0
1 9985 -38 -5 13 -5 0 0 -51 0 -6 -6 -6 47 1 -427 -118 1 21 21 88 12 0 0
1 10011 -66 -6 -7 3 0 0 -52 0 2 0 3 -154 -14 411 112 -1 -20 -20 -50 1 1 0
1 10000 -72 13 -4 -1 0 0 -53 0 6 4 4 -20 -18 -206 -57 0 10 10 -17 -4 1 0
1 10004 -83 10 -12 4 0 0 -52 0 4 8 6 -100 -19 -144 -24 9 2 2 -31 -12 -3 0
1 10003 -93 38 -8 -3 0 0 -52 0 13 10 8 -260 -65 -50 8 14 -4 -4 -40 -2 -3 0
1 9990 -98 57 4 -1 0 0 -53 0 9 16 4 -426 -129 -495 -96 24 12 12 258 46 7 0
1 10009 -106 14 -8 3 0 0 -53 0 5 8 6 -149 -39 -478 -47 51 -3 -3 -218 -42 -6 0
1 9993 -113 18 -7 -1 0 0 -53 0 9 5 4 -123 -36 -895 -178 43 22 22 -11 4 -1 0
1 9991 -119 2 -10 1 0 0 -54 0 7 2 5 -175 -18 -1044 -250 25 38 38 29 2 1 0
1 11188 -144 -2 -6 0 0 0 -31 4 3 0 3 11 -46 -489 -101 21 13 13 -3 -2 3 0
1 10000 -119 -20 1 -2 0 0 0 0 -3 -9 0 -310 -71 -842 -181 34 25 25 35 14 -1 0
1 9998 -134 -11 -3 0 0 0 0 0 -1 -3 0 -165 -44 -614 -116 33 13 13 -22 -6 0 0
1 10136 -118 -1 3 71 -15 1108 -4 0 -2 49 -15 -311 -71 93 77 31 -20 -20 51 -17 -48 0
1 13962 -205 109 8 152 0 301 0 -2 16 125 -59 387 110 -2301 -591 33 98 98 -14 5 49 0
1 8680 -121 54 -10 -81 -30 -1367 -1 0 18 -31 41 194 89 681 163 -17 -25 -25 -122 14 38 0
1 11320 -142 40 -26 -117 0 -1 0 2 31 -69 56 75 -3 198 1 -33 7 7 37 -14 -42 0
1 10006 -110 27 -12 -13 0 0 0 0 18 -5 12 -289 -63 817 224 -3 -39 -39 -4 -8 3 0
1 9994 -103 12 -4 -6 0 0 0 0 5 -1 3 -223 -58 -38 27 22 -10 -10 30 2 3 0
1 8728 -86 -21 0 -96 2 -1402 0 0 -5 -80 18 -95 -7 245 113 26 -26 -26 -9 -12 -48 0
1 13339 -151 -92 -16 -127 0 -33 -1 -2 -12 -120 -4 58 32 -839 -207 18 33 33 9 6 41 0
1 9150 -106 -89 -4 51 0 485 -1 0 -13 16 -7 -99 5 -386 -100 5 17 17 -40 6 4 0
1 11179 -129 -44 34 147 0 916 0 2 -36 101 -27 129 8 -114 -29 2 4 4 -2 3 -5 0
1 10000 -123 -14 -7 15 0 0 0 0 2 7 1 4 9 394 109 -1 -19 -19 80 6 12 0
1 10000 -113 8 1 -3 0 0 0 0 5 -1 2 5 6 110 31 0 -5 -5 -68 0 -3 0
1 8822 -102 -11 7 103 0 1368 0 0 -9 71 -27 -75 6 1131 319 0 -57 -57 -30 -19 -16 0
1 13318 -198 88 2 128 0 34 0 -2 10 110 -51 -37 -2 -991 -278 1 49 49 17 3 13 0
1 10000 -141 69 5 11 0 0 0 0 15 23 -7 -56 10 42 30 10 -8 -8 47 4 -5 0
1 8117 -108 61 0 -103 0 -1413 0 0 13 -48 46 -41 7 1084 322 10 -59 -59 -111 13 45 0
1 11884 -172 29 -5 -110 0 -5 0 2 12 -70 42 64 17 -694 -192 3 33 33 45 -18 -44 0
1 10000 -130 4 -13 -9 0 0 0 0 13 -7 10 63 26 -91 -28 -2 6 6 -10 -6 2 0
1 10001 -125 4 -5 -5 0 0 0 0 4 -2 3 26 8 418 111 -4 -19 -19 -3 6 -4 0
1 8260 -94 -11 4 -102 0 -1357 0 0 -7 -82 18 -167 -5 -136 -45 -4 9 9 67 4 5 0
1 14329 -182 -99 -25 -126 0 -35 0 -2 -8 -120 -2 149 4 434 125 2 -23 -23 -56 -7 5 0
1 8835 -103 -78 1 25 1 31 -1 -1 -13 -2 -9 -111 10 139 38 -1 -7 -7 30 7 -4 0
1 11166 -129 -49 39 174 -1 1373 -1 3 -38 119 -27 112 1 123 33 -1 -5 -5 79 -1 -4 0
1 10000 -133 -40 -9 9 0 0 0 0 0 -5 1 3 2 -216 -60 0 11 11 -104 -7 -4 0
1 9999 -103 -20 -3 11 0 0 0 0 0 1 -1 0 0 333 92 0 -17 -17 -12 -4 1 0
1 8211 -99 -13 4 96 0 1362 1 0 -7 65 -21 -83 -1 -476 -135 -1 24 24 29 12 9 0
1 13308 -179 101 6 132 0 34 -1 -2 9 118 -51 29 -1 305 92 3 -17 -17 -25 -11 1 0
1 10001 -141 80 -2 8 0 0 0 0 19 28 -7 102 53 -187 -53 1 10 10 -26 -2 -2 0
1 8777 -112 63 6 -109 0 -1395 0 0 9 -53 47 -818 -162 889 235 -10 -40 -40 12 24 43 0
1 11222 -150 10 -6 -99 0 -6 0 2 9 -67 36 -826 -237 -379 42 89 -27 -27 -23 -21 -50 0
1 10000 -128 25 -9 -2 0 0 0 0 14 4 7 -595 -181 -1437 -219 111 14 14 7 -4 6 0
1 10000 -108 33 2 -7 0 0 0 0 7 2 2 -51 -40 -2166 -462 91 63 63 -6 0 -8 0
1 8780 -88 16 1 -121 0 -1351 0 0 3 -92 28 -139 -36 -2101 -537 35 88 88 -27 24 53 0
1 13343 -167 -94 -27 -107 0 -36 1 -2 -2 -107 3 34 14 -1403 -339 37 53 53 57 -12 -51 0
1 10000 -110 -67 -3 -11 0 0 0 0 -14 -23 -11 -107 7 -935 -235 18 39 39 -41 -9 3 0
1 8288 -77 -71 7 103 0 1394 -1 0 -18 62 -8 -395 -48 783 240 11 -46 -46 46 -21 -46 0
1 11712 -139 -57 26 106 0 0 0 2 -29 63 -24 520 154 -1506 -361 42 56 56 -11 16 38 0
1 10000 -118 -25 -6 9 0 0 0 0 -1 -1 0 172 64 185 0 -33 8 8 -43 -2 -1 0
1 9999 -111 -50 -5 4 0 0 0 0 -4 -13 0 135 62 1007 252 -21 -42 -42 17 10 11 0
1 8277 -97 2 11 90 0 1365 0 0 -3 64 -19 152 113 681 150 -26 -21 -21 -44 -10 -3 0
1 14316 -187 85 15 117 0 35 0 -2 -6 104 -47 769 209 2282 522 -77 -77 -77 42 -4 1 0
1 9999 -121 51 -4 2 0 0 0 0 14 17 -1 60 29 1739 413 -48 -64 -64 257 20 -2 0
1 10001 -132 56 -10 21 0 0 0 0 18 31 -8 325 126 1561 392 -30 -63 -63 -262 -25 1 0
1 8822 -104 69 10 -57 0 -558 0 0 8 -18 20 -64 34 1567 380 -37 -59 -59 -17 26 45 0
1 11178 -136 -55 -11 -169 0 -854 0 2 -3 -130 60 31 6 1227 321 -16 -53 -53 -16 -26 -43 0
1 9999 -119 -20 -5 -4 0 0 0 0 -1 -8 1 -43 -6 192 45 -5 -7 -7 16 3 -3 0
1 10000 -111 -20 -6 -7 0 0 0 0 2 -12 4 -62 -7 622 175 -1 -30 -30 -23 -1 4 0
1 10001 -94 -6 -6 2 0 -2 0 0 3 0 1 39 21 -121 -25 5 3 3 53 4 1 0
1 10001 -98 28 7 1 0 0 0 0 1 8 -1 72 45 6 -7 -5 3 3 -34 -2 -4 0
1 9999 -104 25 4 3 0 0 0 0 2 10 0 90 54 319 85 -3 -15 -15 19 2 5 0
1 10000 -115 12 -8 2 0 1 -1 0 10 4 3 34 26 614 151 -13 -23 -23 -15 -1 -3 0
1 9999 -105 -5 -2 -6 0 0 0 0 -3 -5 1 54 70 330 82 -6 -13 -13 -22 -4 0 0
1 10002 -111 67 7 4 0 0 0 0 13 19 2 10 14 850 225 -10 -37 -37 -1 5 -2 0
1 10000 -118 3 -10 2 0 -1 1 0 8 3 4 -6 32 442 113 -6 -18 -18 9 1 7 0
1 9999 -128 4 -7 -2 0 0 0 0 6 0 3 -3 -1 272 78 0 -14 -14 -25 -10 -1 0
1 10000 -125 -11 4 -5 0 0 0 0 -7 -7 -1 31 19 475 129 -3 -22 -22 53 8 -2 0
1 10000 -103 8 -1 8 0 0 0 0 4 9 -1 11 6 54 11 -2 -1 -1 -12 3 1 0
1 10000 -117 -15 18 -6 0 0 0 0 -18 -10 -7 -4 -1 382 103 -3 -17 -17 7 -7 -7 0
1 10000 -128 -50 -9 -11 0 0 0 0 -7 -19 1 -8 1 67 18 -1 -3 -3 -52 -4 3 0
1 10001 -131 -28 11 0 0 0 0 0 -12 -10 -5 -5 3 262 75 2 -13 -13 18 1 3 0
1 9999 -125 1 -3 7 0 0 0 0 4 5 0 -3 8 -56 -14 0 2 2 42 3 0 0
1 10000 -119 -65 1 0 0 0 0 0 -16 -17 -5 11 0 157 43 0 -7 -7 -23 0 -1 0
1 10001 -133 -10 -14 6 1 0 0 0 8 2 4 -11 8 0 -1 -1 0 0 -24 0 -1 0
1 9999 -111 21 12 -7 0 0 0 0 -3 0 -2 -13 6 137 41 1 -7 -7 14 -1 5 0
1 10001 -116 -4 -5 3 0 0 0 0 3 1 2 13 -6 7 3 1 -1 -1 -9 -2 -1 0
1 10000 -120 -38 -4 2 -1 0 0 0 -4 -10 -2 -2 5 284 80 0 -14 -14 -16 3 -3 0
1 9998 -123 -1 5 3 0 0 0 0 -3 1 -1 -2 8 103 29 0 -5 -5 25 -4 -2 0
1 10002 -112 -30 -3 -10 0 0 0 0 -5 -16 0 -7 0 -40 -11 0 2 2 -43 2 3 0
1 8790 -101 28 13 108 0 1395 0 0 -4 87 -27 -114 10 1382 392 1 -67 -67 71 20 33 0
1 13300 -188 108 9 118 0 18 -1 -2 13 107 -50 8 32 -957 -264 4 44 44 -45 -25 -31 0
1 8832 -120 68 -3 -44 0 -577 1 0 17 -8 20 -213 19 9 16 8 -4 -4 -18 -12 -18 0
1 11167 -143 48 1 -144 0 -827 0 2 12 -89 54 172 13 758 225 5 -40 -40 15 13 18 0
1 10000 -138 6 -15 -13 0 0 0 0 13 -7 11 3 -6 -77 -17 3 2 2 1 -1 2 0
1 10000 -140 8 -14 -10 0 0 0 0 14 -6 10 -15 9 372 108 2 -19 -19 -6 1 -3 0
1 8448 -100 8 3 -108 0 -1362 0 0 -1 -84 20 -55 -4 722 206 1 -35 -35 21 19 32 0
1 13319 -176 -94 -23 -126 0 -36 0 -2 -7 -120 -3 58 5 -94 -25 1 4 4 -33 -24 -33 0
1 10336 -128 -83 1 4 0 0 0 0 -17 -19 -11 -4 1 -90 -24 1 4 4 -12 2 1 0
1 8106 -100 -78 11 107 0 1402 -1 0 -22 62 -7 -82 6 1330 377 1 -64 -64 -7 7 3 0
1 11894 -160 -55 25 100 0 0 0 2 -28 59 -22 43 14 -1252 -352 0 59 59 26 -6 -5 0
1 10000 -118 -41 -9 11 0 0 0 0 4 -6 3 -37 8 297 91 5 -16 -16 8 12 5 0
1 10000 -114 -30 -9 0 0 0 0 0 3 -10 3 -3 0 577 171 4 -30 -30 -31 -16 -1 0
1 8263 -85 -16 8 97 0 1391 0 0 -9 65 -17 -71 10 123 37 2 -7 -7 -3 7 -1 0
1 13305 -163 90 13 132 0 16 0 -2 -2 118 -50 34 44 346 104 3 -18 -18 13 -9 -3 0
1 10000 -118 68 -12 11 0 0 0 0 21 31 -3 -28 4 686 198 2 -34 -34 7 1 5 0
1 10323 -114 98 -8 25 0 0 0 0 25 45 -16 12 118 647 191 5 -33 -33 -26 -1 -2 0
