version: 66.11
glider: 175
mission: 10
dive: 84
start: 1 26 126 8 55 24
columns: rec,elaps_tms,depth,heading,pitch,roll,AD_pitch,AD_roll,AD_vbd,GC_phase,mag.x,mag.y,mag.z,sbect.TempFreq,sbect.CondFreq,aa4330.O2,aa4330.AirSat,aa4330.Temp,aa4330.CalPhase,aa4330.TCPhase,wlbb2f.redCount,wlbb2f.blueCount,wlbb2f.fluorCount,wlbb2f.VFtemp,
data:
0 21584 -222 809 -707 45 238 2380 638 2 492 -223 63 284044 168888 413427 98456 3045 33279 33279 340 122 55 572
1 10001 18 22 -22 -7 0 1 288 0 3 -4 -12 119 4 93 2 -8 2 2 -1 39 96 -1
1 10019 -5 -11 -11 0 0 -1 284 0 2 -2 -13 20 1 479 66 -18 -5 -5 -60 -38 -88 0
1 9986 25 -17 -17 -6 0 1 276 0 5 0 -20 -46 13 66 -128 -54 28 28 -2 24 46 0
1 10012 39 -19 -5 19 0 0 272 0 1 1 -5 -177 1 -95678 -11916 5232 462 462 25 -19 -40 0
1 9993 24 -8 -13 -12 0 0 257 0 4 0 -16 -133 11 -13807 -3741 4 550 550 20 14 39 0
1 9998 46 -2 -11 -20 0 0 252 0 0 -1 -15 -615 -8 -1886 -398 57 47 47 -24 -9 -37 0
1 11804 72 -65 1 24 2 0 185 -1 5 6 -13 -156 -245 2423 190 -232 22 22 43 15 42 0
1 8210 114 77 204 -41 2019 0 2 1 -49 -7 170 -2180 -602 -2065 38 297 -71 -71 -35 -8 -39 0
1 10005 145 84 201 -118 37 -1239 260 4 -121 -74 106 -636 -518 -9508 -1123 754 6 6 32 -8 -19 0
1 14655 271 93 -3 -107 0 -171 2 -2 -25 -66 -38 -92 -242 -5903 -1068 297 100 100 -32 14 44 0
1 10000 239 10 7 -4 0 0 0 0 -6 -3 5 -150 -119 -6186 -1371 191 174 174 28 3 -5 0
1 10000 243 33 1 -9 0 0 0 0 -11 -7 1 -161 -116 -2479 -513 98 60 60 3 4 2 0
1 10250 260 53 14 6 0 0 0 0 -25 -2 21 110 35 -3023 -712 75 98 98 5 -4 1 0
1 10000 269 20 -9 -3 0 0 0 0 1 2 -1 -7 -148 -923 -241 11 36 36 -12 3 -5 0
1 10000 277 13 -5 5 0 0 0 0 -1 0 3 -366 -232 -830 -161 39 17 17 -1 -2 -4 0
1 10000 281 7 -4 -8 0 0 0 0 0 -4 -5 -334 -287 -2750 -660 65 94 94 28 8 3 0
1 10209 284 -25 26 7 0 0 0 0 -10 3 11 115 -47 -3795 -998 41 155 155 22 -12 -3 0
1 10000 218 -4 -13 8 0 0 0 0 9 3 -3 200 -54 -533 -165 -8 29 29 -13 10 -1 0
1 10676 253 -1 -1 1 0 0 0 0 2 2 1 -31 -19 -816 -236 -3 40 40 -28 -5 2 0
1 9999 231 9 1 -2 0 0 0 0 -3 2 1 28 -16 -967 -266 5 43 43 21 2 2 0
1 10202 232 27 6 0 0 0 0 0 -12 -2 9 -2 -24 -342 -90 3 15 15 -32 -2 -3 0
1 10000 232 24 -3 -6 0 0 0 0 -6 -5 0 162 31 -153 -43 0 7 7 35 8 -1 0
1 10000 227 26 5 6 0 0 0 0 -12 4 11 418 75 -236 -105 -21 22 22 29 1 -1 0
1 10000 220 2 -7 6 0 0 0 0 6 5 2 211 37 315 13 -43 7 7 -19 0 2 0
1 10189 232 6 -4 4 0 0 0 0 -1 1 0 117 13 492 80 -34 -5 -5 -21 -2 -3 0
1 10000 210 8 5 -10 0 0 0 0 -4 -3 -1 -96 -48 370 66 -21 -7 -7 18 4 3 0
1 10000 243 45 6 -6 0 0 0 0 -18 -2 10 40 5 -146 -38 2 6 6 32 6 0 0
1 10000 238 49 -1 -6 0 0 0 0 -12 1 8 6 -2 -296 -92 -5 17 17 33 3 4 0
1 10219 236 54 8 1 0 0 0 0 -19 6 18 268 -37 -161 -60 -8 12 12 68 12 0 0
1 10000 231 69 -5 -9 0 0 0 0 -14 7 9 43 -17 63 -31 -28 11 11 -115 -11 -6 0
1 10000 244 75 8 -12 0 0 0 0 -20 7 14 21 -35 -557 -174 -9 31 31 14 -3 3 0
1 10000 229 86 6 5 0 0 0 0 -20 24 24 -173 -119 -676 -194 -3 33 33 1 9 4 0
1 10342 232 42 -4 22 0 0 0 0 -6 28 18 -148 -197 -734 -174 19 26 26 49 11 -2 0
1 9999 221 51 -9 -15 0 0 0 0 6 6 2 -33 -85 -1446 -381 15 61 61 -14 -8 -3 0
1 10000 221 23 0 22 0 0 0 0 -3 25 13 -220 -103 -1404 -379 10 63 63 -22 -6 -1 0
1 10001 218 -12 -11 5 0 0 0 0 10 0 -2 -360 -162 -1171 -297 19 46 46 36 13 5 0
1 10221 219 17 7 -4 0 0 0 0 -6 3 3 -1086 -470 -925 -171 52 19 19 13 4 -8 0
1 9999 221 33 0 -12 0 0 0 0 -2 1 1 -181 -115 -4547 -1067 129 157 157 -28 -14 1 0
1 10000 207 33 5 3 0 0 0 0 -8 13 8 -43 -43 -3665 -959 47 158 158 3 1 -2 0
1 9038 191 22 -1 91 -6 1120 1 0 1 86 28 -24 -27 -1700 -439 27 73 73 36 33 54 0
1 10961 226 -32 27 123 62 199 0 2 -24 97 19 86 -11 -2172 -594 13 104 104 47 -21 -54 0
1 10001 196 -32 6 4 0 0 0 0 -3 -8 1 28 -19 -473 -126 5 21 21 -13 8 7 0
1 10001 194 -5 1 -1 0 0 0 0 -2 -3 -1 -6 -10 -567 -159 1 29 29 -44 -9 1 0
1 8730 186 -23 10 -90 41 -1290 0 0 -12 -91 -11 -321 -74 540 162 6 -31 -31 78 28 44 0
1 14970 273 43 30 -116 0 -36 0 -2 -25 -86 -25 41 -38 -2546 -675 29 117 117 -39 -29 -54 0
1 10000 176 4 2 1 0 0 0 0 -2 2 1 100 23 -630 -169 6 29 29 9 7 0 0
1 10000 167 0 -6 -6 0 0 0 0 3 -5 -2 75 15 -164 -54 -5 11 11 44 11 8 0
1 9999 188 26 12 2 0 0 0 0 -7 11 5 471 110 110 -2 -20 5 5 -74 -13 2 0
1 10324 184 18 -2 5 0 0 0 0 -2 10 4 99 23 1074 240 -40 -35 -35 48 11 -8 0
1 10001 171 36 1 -7 0 0 0 0 0 7 3 12 3 698 169 -18 -27 -27 56 19 1 0
1 9999 161 18 1 9 0 0 0 0 -4 14 6 15 -1 206 43 -9 -6 -6 44 -6 6 0
1 10000 170 40 0 -5 0 0 0 0 3 10 2 16 -6 99 16 -7 -1 -1 -85 0 0 0
1 10323 176 34 1 2 0 0 0 0 3 14 5 -20 -11 -48 -23 -6 5 5 66 6 -6 0
1 12389 201 38 -6 -4 0 0 0 0 10 10 1 -106 -42 -449 -124 2 23 23 1 -9 1 0
1 10666 189 26 5 1 0 0 0 0 -4 10 4 7 2 -385 -96 8 15 15 14 12 -3 0
1 10000 170 42 0 -1 0 0 0 0 9 13 1 -52 -26 -187 -51 2 9 9 54 0 4 0
1 10121 164 -3 -2 10 0 0 0 0 -1 8 2 -407 -141 -323 -73 11 11 11 -71 -5 -2 0
1 10000 173 26 0 -4 0 0 0 0 6 5 1 -92 -37 -998 -228 34 35 35 63 8 4 0
1 13050 216 -1 31 170 162 1167 0 -2 -25 152 9 -185 -50 -2003 -521 29 89 89 -52 -11 -5 0
1 7653 93 1 107 22 1 1 -31 0 -102 21 -2 -155 -45 -656 -158 18 25 25 139 23 8 0
1 8797 73 -22 27 -9 -1 -1 -45 0 -30 -15 0 81 18 -917 -238 15 41 41 -96 -9 -11 0
1 9311 73 -6 7 -2 0 1 -46 0 -9 -3 -1 43 -1 -380 -109 -1 21 21 14 3 3 0
1 10000 64 -10 -31 16 0 -1 -51 0 28 11 2 -130 -38 -162 -34 7 5 5 -60 -6 4 0
1 10029 58 26 1 -4 0 0 -51 0 5 4 0 -20 -18 -316 -78 8 12 12 96 -1 -2 0
1 9976 71 -30 -9 5 0 0 -49 0 4 -5 1 101 28 -233 -56 6 10 10 -59 -2 -1 0
1 10001 47 4 -8 -5 0 0 -49 0 7 -3 1 -245 -24 -141 -28 8 3 3 -28 0 1 0
1 9988 45 -15 -6 7 0 0 -50 0 4 2 0 23 -15 -285 -80 1 15 15 -10 -3 -2 0
1 10000 29 24 -10 -3 0 1 -49 0 13 5 0 -198 -31 37 19 5 -5 -5 -49 -3 3 0
1 10005 19 -18 6 -5 0 0 -48 0 -9 -11 0 130 0 -153 -39 3 7 7 103 11 -7 0
1 10006 8 -26 4 7 0 -1 -51 4 -3 -3 1 29 4 -148 -28 9 3 3 31 26 4 0
1 13823 -36 -8 140 6 433 53 -11 -4 -129 1 -23 6 5 -165 -38 6 6 6 -87 -26 -4 0
1 7555 -40 75 392 10 0 0 -26 0 -296 25 -207 -48 -6 -638 -175 4 32 32 -4 -7 9 0
1 8958 -77 19 -22 9 0 0 -43 0 14 13 14 12 -14 -67 -17 1 3 3 2 1 -3 -1
1 9667 -83 -18 -7 -10 0 0 -48 0 3 -12 6 -14 9 -196 -50 4 8 8 142 12 -2 1
1 10009 -110 -24 -2 11 -1 0 -52 0 -4 0 -4 159 29 99 28 -1 -5 -5 -131 -17 -1 -1
1 9995 -136 37 -12 4 1 0 -53 0 13 14 13 156 45 138 24 -9 -2 -2 71 18 2 1
1 9997 -147 50 4 -7 -1 0 -52 0 5 11 2 87 53 -147 -68 -17 16 16 31 6 -1 -1
1 10002 -171 21 -8 -8 1 0 -52 0 11 0 10 556 200 374 69 -23 -8 -8 -145 -17 0 1
1 10005 -181 -13 -5 1 -1 0 -54 0 -1 -2 2 18 40 1831 417 -65 -63 -63 21 -11 1 0
1 9982 -202 -18 -8 -1 1 0 -53 0 2 -5 3 99 26 1312 328 -28 -55 -55 -6 -1 -6 -1
1 10008 -208 -35 -4 -1 0 0 -53 0 -5 -11 0 75 33 1513 407 -14 -73 -73 -12 0 0 1
1 19027 -448 111 16 229 0 1396 -33 2 10 155 -74 -155 -41 1959 538 -11 -96 -96 -50 -18 6 0
1 9999 -242 78 -3 11 0 0 0 0 19 26 -2 -844 -271 101 66 22 -17 -17 6 6 -1 0
1 10000 -256 35 6 -11 0 0 0 0 6 1 6 456 186 -1876 -426 66 63 63 -30 -6 1 0
1 10206 -254 58 -5 10 0 0 0 0 16 20 1 34 24 347 83 -9 -13 -13 -17 -3 -7 0
1 10000 -253 78 -6 -3 0 0 0 0 25 14 12 -37 -5 51 13 -1 -2 -2 8 6 4 -1
1 10002 -235 69 3 8 0 0 0 0 16 13 2 68 30 248 77 4 -15 -15 21 3 3 1
1 8882 -222 72 8 -50 2 -368 -4 0 11 -15 30 -44 33 150 35 -4 -6 -6 3 -3 0 -1
1 11153 -252 -40 -33 -168 -25 -1034 0 2 16 -109 86 35 4 401 106 -6 -18 -18 -13 -9 -5 0
1 9999 -235 24 -3 -16 0 0 0 0 8 -9 10 -24 9 214 70 6 -14 -14 -1 -3 13 0
1 10001 -210 14 -2 -9 0 0 0 0 5 -2 5 49 26 392 114 2 -21 -21 -39 -4 -11 1
1 9425 -209 23 -8 -1 -22 -4 -1 0 14 -2 7 6 14 793 218 -5 -39 -39 -21 5 1 0
1 10575 -219 32 -8 1 0 0 0 0 15 1 8 506 215 225 50 -8 -7 -7 37 8 -4 -1
1 10000 -212 12 -9 -3 0 0 0 0 10 0 7 198 108 1724 411 -48 -64 -64 -13 -9 4 0
1 8350 -164 -18 0 -86 8 -1361 0 0 -5 -68 21 230 148 936 211 -33 -31 -31 -8 -5 -6 0
1 13328 -249 -120 -16 -133 1 -36 -1 -2 -22 -111 3 680 230 2735 662 -68 -104 -104 3 -1 5 1
1 8755 -158 -42 10 83 0 1405 -2 0 -18 63 -17 112 85 6283 1676 -61 -283 -283 28 7 1 -1
1 11244 -240 9 15 125 0 4 1 2 -9 95 -30 33 16 -2037 -644 -40 122 122 6 3 4 0
1 10001 -190 19 -5 14 0 0 0 0 9 14 0 34 92 1281 349 -8 -60 -60 -34 -5 -4 0
1 10000 -202 22 -7 -15 0 0 0 0 12 -10 10 -12 17 966 243 -17 -38 -38 5 0 3 0
1 10000 -188 -26 8 -32 0 0 -1 0 -14 -27 2 1 14 813 221 -5 -38 -38 23 2 0 0
1 10000 -190 12 6 37 0 0 0 0 -2 30 -11 147 143 358 96 -3 -16 -16 -46 -11 3 0
1 10000 -200 24 -4 10 0 0 0 0 11 9 1 168 92 435 92 -18 -12 -12 -6 1 0 0
1 10000 -214 40 6 3 0 0 1 0 6 5 1 207 146 912 214 -24 -31 -31 -30 -6 -1 0
1 9999 -213 74 -3 2 0 0 0 0 23 6 12 -255 63 1122 284 -19 -45 -45 4 8 3 0
1 10000 -211 16 -8 -12 0 0 0 0 11 -9 9 -48 33 1523 460 17 -83 -83 11 -9 -2 0
1 8324 -158 -18 1 -91 11 -1367 -1 0 -6 -70 20 -208 -16 347 106 5 -19 -19 -28 -20 -29 0
1 13328 -273 -123 -11 -126 0 -36 0 -2 -27 -104 -1 19 0 1083 329 13 -59 -59 -13 10 29 0
1 8785 -164 -52 2 91 -22 1405 0 0 -16 67 -14 -62 30 879 261 8 -46 -46 -47 23 46 0
1 11215 -217 -23 3 116 1 0 0 2 -7 83 -28 39 7 -849 -240 0 41 41 24 -21 -46 0
1 10000 -179 -41 -6 14 0 0 0 0 -7 5 -5 -193 -27 610 187 8 -34 -34 17 -1 1 0
1 10000 -164 -47 -3 -2 0 0 0 0 -11 -8 -4 -497 -100 -341 -51 26 3 3 -14 -4 0 0
1 8826 -158 -5 4 96 -1 1335 0 0 -3 65 -35 -187 7 599 266 55 -57 -57 31 -14 -42 0
1 13334 -261 142 18 146 1 61 -1 -2 26 105 -65 94 15 -1224 -300 26 45 45 -56 6 43 0
1 10006 -176 67 -1 -10 0 0 0 0 17 6 11 31 24 17 18 8 -5 -5 8 10 0 0
1 8119 -149 51 4 -101 8 -1406 0 0 11 -56 56 -46 5 204 62 2 -11 -11 36 21 28 0
1 11881 -231 -7 -8 -115 1 -14 0 2 5 -80 50 34 9 -12 4 4 -2 -2 -14 -26 -31 0
1 9999 -164 -23 -16 -10 0 0 0 0 6 -10 8 -310 26 71 24 3 -4 -4 457 39 6 0
1 10000 -180 -2 9 3 0 0 0 0 -8 3 -6 44 91 -93 27 30 -11 -11 -454 -42 0 0
1 9997 -177 -87 5 -14 0 -2 1 0 -27 -20 -8 306 243 104 40 6 -9 -9 -7 0 -2 0
1 9998 -189 -67 -2 6 0 0 0 0 -17 -3 -10 107 109 1349 328 -30 -48 -48 -42 5 0 0
1 10000 -190 -20 -1 0 0 0 0 0 -6 -1 -2 -171 -10 1778 493 -6 -82 -82 9 -12 -1 0
1 8282 -147 -11 5 112 0 1389 0 0 -6 73 -44 -14 17 2057 595 7 -100 -100 -47 23 43 0
1 13326 -299 111 17 138 0 36 0 -2 18 93 -66 228 93 445 101 -14 -14 -14 79 -28 -44 0
1 10226 -219 47 -10 2 0 0 0 0 20 10 9 59 47 748 188 -13 -28 -28 -38 9 7 0
1 8210 -188 56 10 -99 -10 -1416 0 0 7 -51 54 306 244 1837 500 -11 -80 -80 53 12 18 0
1 11790 -260 -47 -23 -137 0 -1 0 2 6 -96 61 1253 578 573 13 -82 16 16 -46 -5 -10 0
1 9999 -189 39 -24 -12 0 0 0 0 31 -9 21 -66 56 3976 940 -99 -132 -132 -12 -6 1 0
1 10001 -167 11 -2 1 0 0 0 0 4 1 2 -3 16 2365 612 -29 -92 -92 17 7 6 0
1 9999 -156 -6 0 1 0 0 0 0 -1 1 -1 38 24 1905 508 -15 -78 -78 1 -4 -4 0
