version: 66.14
glider: 194
mission: 16
dive: 244
start: 6 8 125 18 51 0
columns: rec,elaps_tms,depth,heading,pitch,roll,AD_pitch,AD_roll,AD_vbd,GC_phase,mag.x,mag.y,mag.z,sbect.TempFreq,sbect.CondFreq,aa4330.O2,aa4330.AirSat,aa4330.Temp,aa4330.CalPhase,aa4330.TCPhase,wlbb2fl.sig470nm,wlbb2fl.sig700nm,wlbb2fl.sig695nm,wlbb2fl.temp,
data:
0 10481 -1810 854 -780 108 208 3258 372 6 495 -218 88 224136 167919 250103 83005 17081 32076 32076 486 128 209 564
1 4999 0 23 -3 7 0 0 0 0 -1 1 6 -1253 -6 -139 -25 12 1 1 -47 -11 -81 0
1 5000 -9 53 2 -9 0 0 0 0 -5 2 16 1015 1 -47 -2 8 -2 -2 0 3 30 0
1 5000 11 71 6 -20 0 0 0 0 -7 4 20 160 -4 -102 -23 7 3 3 -42 -3 -12 -1
1 5000 1 49 -10 -12 0 0 0 0 3 8 0 2197 7 54 37 11 -8 -8 91 15 8 0
1 5000 -2 -1 -4 36 0 0 0 0 -1 6 7 -2452 -18 -94 -5 15 -3 -3 -22 -8 14 1
1 5000 7 -8 7 -4 0 0 0 0 -2 -2 3 -502 0 63 38 10 -7 -7 36 16 71 0
1 5000 -5 79 4 -73 0 0 0 0 -5 -8 5 -5 -3 -223 -17 33 -5 -5 144 6 -46 -1
1 5000 -2 24 -5 -3 0 0 0 0 1 4 0 -294 -6 -141 -27 11 0 0 -242 -28 -63 0
1 5000 11 -26 -4 3 0 0 0 0 2 -5 -8 630 9 26 38 17 -7 -7 16 25 0 0
1 5000 -4 -34 3 35 0 0 0 0 3 9 1 1970 0 -343 -39 43 -5 -5 -48 -20 114 0
1 5000 9 -45 -3 65 0 0 0 0 -1 4 5 -1533 -5 -16 11 10 -3 -3 209 15 -30 0
1 6510 0 5 -3 4 0 0 0 -4 0 3 -1 359 -12 -202 -21 27 -3 -3 150 16 10 0
1 5633 -12 70 -1 -66 0 0 162 0 -3 -9 2 -548 2 -75 22 27 -8 -8 -295 -38 -77 0
1 5635 14 48 6 -53 0 0 159 0 -3 -6 2 268 -2 -93 -10 12 -1 -1 214 32 68 0
1 5612 16 -118 -19 105 0 0 159 0 12 10 -19 -449 4 19328 2830 -1952 23 23 -276 -20 2 0
1 5637 15 110 8 -86 0 0 165 0 -8 -6 13 675 -25 18131 4943 -438 -562 -562 17 -15 -30 0
1 5655 15 -30 -13 57 0 0 164 0 4 8 -3 -578 12 13484 3885 -190 -446 -446 44 4 19 0
1 5637 7 95 0 -65 0 0 164 0 -3 0 6 -927 6 10021 2977 -88 -339 -339 -103 2 -13 0
1 5636 5 -12 -5 5 0 0 160 0 3 -1 -5 640 -1 8511 2335 -159 -239 -239 38 1 10 0
1 5590 11 -19 -2 20 0 1 156 0 0 2 -2 -904 3 5409 1784 38 -211 -211 -59 -7 -27 0
1 5665 22 63 7 -56 0 -1 155 0 -4 -5 7 -217 11 6671 1807 -128 -175 -175 323 30 106 0
1 5642 50 -42 -7 21 0 0 151 0 3 -3 -10 297 72 5151 1402 -92 -134 -134 45 9 51 0
1 5619 68 74 6 -53 0 0 162 0 -4 -1 9 999 -166 5065 1503 -35 -154 -154 90 10 61 0
1 5636 117 124 15 -60 0 0 184 0 -10 5 24 732 -293 4734 1073 -173 -79 -79 30 -11 33 0
1 5640 158 27 -76 13 0 0 206 0 28 16 -52 513 -117 6689 1388 -289 -86 -86 -75 2 90 0
1 5659 208 -375 37 354 0 0 242 0 -3 26 23 2538 -763 6525 1305 -292 -74 -74 -232 -21 -11 0
1 10240 499 -133 -6 88 5 1 117 -1 7 -6 -19 3632 -336 8769 869 -731 64 64 -61 -18 -211 0
1 5823 307 527 57 -507 1304 -1 1 0 -38 -47 54 1239 37 1666 -797 -519 192 192 -88 -7 -94 0
1 5838 302 -22 99 44 1259 0 1 0 -53 3 78 104 35 -5917 -2185 -169 266 266 -14 -2 -15 0
1 8561 373 -107 164 153 335 623 0 3 -108 69 116 3520 540 -7310 -2617 -183 321 321 -98 -12 -94 0
1 5622 224 14 43 39 0 0 0 0 -35 37 25 2415 427 -5409 -3227 -687 511 511 36 4 -12 0
1 4433 169 16 32 18 0 0 0 0 -27 21 17 540 123 -9062 -3322 -295 452 452 12 1 -6 -1
1 5619 189 -62 54 38 0 0 0 0 -37 22 15 361 66 -12527 -3979 -157 518 518 -5 2 -2 1
1 4420 121 -69 36 13 0 0 0 0 -20 -1 6 477 46 -8522 -2572 -51 337 337 48 7 -2 -1
1 5580 133 -90 18 19 0 0 0 0 2 -3 0 90 13 -9103 -2927 -144 415 415 1 -1 -1 0
1 4419 85 -31 4 -3 0 0 0 0 3 -8 -2 108 18 -6949 -2172 -85 315 315 16 -1 -3 0
1 5617 124 -26 -1 -12 0 0 0 0 7 -15 -2 17 18 -8081 -2408 -44 347 347 -28 0 -3 0
1 4423 87 -16 -5 -4 0 0 0 0 8 -6 -4 35 -9 -5586 -1644 -22 241 241 10 -1 6 0
1 5577 119 -17 5 -7 0 0 0 0 2 -7 0 -14 0 -5980 -1797 -44 274 274 23 5 -7 0
1 4397 84 16 0 -14 0 0 0 0 -5 -9 0 -5 -49 -4482 -1303 -11 198 198 -8 -3 6 0
1 5621 102 6 -5 -2 0 0 0 0 3 -2 -1 90 19 -5132 -1479 -5 228 228 19 5 -4 0
1 4419 79 -5 -3 5 0 0 0 0 2 1 -1 11 5 -3394 -1006 -19 162 162 -24 -4 0 0
1 5582 106 11 -2 -4 0 0 0 0 1 1 0 -56 -18 -3824 -1129 -20 184 184 -15 -2 2 0
1 4845 92 6 -5 2 0 0 0 0 2 1 -1 -7 -11 -3025 -874 -5 141 141 11 1 0 0
1 10619 205 40 -5 -4 0 0 0 0 -5 4 2 116 15 -5637 -1635 -14 272 272 -4 -1 4 0
1 10000 215 71 -3 -9 0 0 0 0 -11 8 5 203 26 -4188 -1259 -36 220 220 -8 3 -2 0
1 10000 207 61 6 0 0 0 0 0 -17 13 7 92 -4 -3473 -1036 -26 183 183 27 1 -1 0
1 11195 217 72 5 3 0 0 0 0 -17 19 6 11 -19 -3574 -1047 -17 185 185 0 0 -3 1
1 10000 192 27 8 4 0 0 0 0 -11 10 3 2 -22 -2353 -694 -14 126 126 4 0 1 0
1 10000 175 42 4 -3 0 0 0 0 -9 9 3 -161 -131 -2169 -608 7 107 107 74 7 5 -1
1 10000 183 24 2 6 0 0 0 0 -6 10 0 -79 -56 -1924 -523 15 90 90 -30 0 -6 1
1 10002 181 -14 0 4 0 0 0 0 3 1 -1 -65 -34 -1596 -438 11 76 76 -1 2 2 -1
1 9998 183 -1 -3 6 0 0 0 0 3 5 -1 -84 -52 -1399 -384 10 67 67 16 -1 -2 1
1 10000 189 -71 13 5 0 0 0 0 -2 -12 1 -18 -13 -1060 -281 14 48 48 -8 1 8 -1
1 10001 181 -54 2 -7 0 0 0 0 6 -20 -1 -3 -5 -773 -214 3 38 38 20 0 2 1
1 9999 194 -48 -2 1 0 0 0 0 11 -9 -3 -3 -4 -654 -187 1 35 35 0 0 0 -1
1 10000 183 -45 -3 9 0 0 0 0 11 -3 -4 -12 -10 -510 -142 2 26 26 17 2 -1 1
1 10001 194 -81 22 2 0 0 0 0 0 -11 1 -25 -16 -484 -130 5 22 22 -11 0 0 0
1 10000 167 5 -12 -2 0 0 0 0 9 -3 -3 -24 -7 -358 -100 2 18 18 7 2 -6 0
1 9999 190 -31 0 -3 0 0 0 0 6 -9 -3 2 -10 -254 -72 0 13 13 -21 -2 -1 0
1 10001 176 -74 14 0 0 0 0 0 8 -11 -3 -68 -26 -293 -79 3 15 15 23 0 3 0
1 9999 168 -76 -10 9 0 0 0 0 29 -4 -12 -49 -32 -131 -24 9 2 2 1 3 1 0
1 10000 178 -51 1 -8 0 0 0 0 14 -13 -8 -32 -27 -114 -22 6 2 2 29 2 -3 0
1 10000 189 -56 0 0 0 0 0 0 17 -3 -8 -54 -47 -41 10 14 -5 -5 22 2 7 0
1 10001 199 -49 -2 11 0 0 0 0 16 4 -8 -7 -37 15 7 2 -2 -2 6 1 -4 0
1 9999 185 -49 6 -9 0 0 0 0 12 -6 -6 -2 -10 -16 0 3 0 0 -13 -2 1 0
1 11877 236 -56 -3 -17 0 -7 1 0 19 -13 -15 -1 -10 -284 -83 -2 15 15 -28 -3 -5 0
1 8331 127 7 64 -75 86 -599 0 2 -50 -53 15 5 -2 202 55 -1 -9 -9 -7 0 -1 0
1 10622 147 -62 20 14 0 0 0 0 6 15 1 17 5 -210 -57 2 9 9 34 4 -2 0
1 10000 154 -17 2 -4 0 0 0 0 3 1 -1 -8 -4 -124 -41 -4 9 9 -75 -11 4 0
1 10000 135 -40 19 -31 0 0 0 0 0 -19 -6 3 0 -93 -31 -3 7 7 44 7 1 0
1 9999 118 -9 2 -7 0 0 0 0 1 -3 -1 -3 -5 -175 -53 -1 10 10 6 2 5 0
1 10001 126 -25 -8 23 0 0 0 0 14 22 -1 -4 -1 -116 -30 2 5 5 20 1 -6 0
1 10000 120 9 6 -22 0 0 0 0 -7 -19 -2 29 10 -172 -48 0 9 9 -30 -4 0 0
1 10000 116 -33 -3 16 0 0 0 0 12 19 -1 137 35 -23 -23 -10 7 7 61 2 8 0
1 10000 121 -25 0 -8 0 0 0 0 9 -2 -5 -35 -5 -129 -54 -11 13 13 -66 -2 -6 0
1 10000 119 -34 -7 -5 0 0 0 0 14 5 -8 144 11 -226 -70 -4 13 13 -10 -2 -1 0
1 10000 128 -19 11 12 0 0 0 0 -1 12 4 309 72 17 -82 -55 30 30 -21 -2 -4 0
1 10000 136 20 0 -5 0 0 0 0 -6 -8 2 -21 -25 -364 -135 -20 30 30 32 6 5 1
1 13623 165 76 10 60 32 597 0 -2 -32 30 25 -204 -149 -959 -253 13 45 45 26 1 1 0
1 10620 115 36 19 18 0 0 0 0 -29 12 15 18 -19 -21 6 8 -4 -4 22 3 -2 0
1 10001 101 23 4 4 0 0 0 0 -11 2 6 41 -69 -264 -77 -2 15 15 11 4 7 0
1 9999 88 -34 10 0 0 0 0 0 3 6 0 40 2 -251 -81 -6 17 17 42 4 -7 0
1 10000 87 -39 3 3 0 0 0 0 12 6 -5 4 -8 -218 -67 -3 14 14 0 4 1 0
1 10159 82 -18 -9 -4 0 0 0 0 12 0 -6 -11 -31 -209 -67 -4 13 13 31 2 1 0
1 10000 96 -16 -1 3 0 0 0 0 8 3 -3 0 -34 -444 -122 2 23 23 -3 -1 0 0
1 10000 84 -1 -2 5 0 0 0 0 2 5 0 11 -19 -298 -89 -2 18 18 49 8 -1 0
1 10001 75 -18 3 -6 0 0 0 0 3 -1 -2 1 -9 -240 -72 -2 14 14 36 4 1 0
1 10000 93 -33 2 4 0 0 0 0 7 11 -4 5 -3 -211 -59 0 11 11 32 4 -3 0
1 10156 87 -31 -5 4 0 0 0 0 14 9 -6 -10 -8 -290 -86 -2 17 17 -19 -3 4 0
1 10001 79 -29 6 -10 0 0 0 0 2 2 -1 -9 -10 -250 -69 1 13 13 -47 -3 4 0
1 9999 77 -50 -5 -1 0 0 0 0 17 12 -10 2 0 -280 -80 1 14 14 78 6 -3 0
1 11028 84 -17 4 -71 0 -624 0 2 1 -47 -5 -3 -6 -185 -54 -1 11 11 41 3 -1 0
1 10620 96 -43 12 -12 0 0 0 0 1 6 1 11 -5 -83 -24 -1 5 5 -38 -1 1 0
1 10000 74 -22 1 15 0 0 0 0 4 18 -1 9 0 -83 -23 1 5 5 71 6 2 0
1 10000 62 -18 -5 -20 0 0 0 0 7 -8 -5 44 5 -124 -40 -3 8 8 169 19 -1 0
1 10000 59 -26 1 9 0 0 0 0 0 17 1 10 0 -143 -51 -7 12 12 -151 -9 4 0
1 10000 60 -6 1 -24 0 0 0 0 1 -15 -2 -11 -4 -187 -59 -4 12 12 124 8 -5 0
1 10000 53 -49 -2 16 0 0 0 0 7 30 -2 -2 -2 -69 -15 3 2 2 -55 -5 7 0
1 10000 63 -21 -11 -7 0 0 0 0 10 3 -7 24 1 -154 -47 -2 9 9 45 5 -9 0
1 10000 66 -2 23 3 0 0 0 0 -15 3 11 -10 -4 -127 -40 -2 9 9 -60 -2 5 0
1 10000 45 -18 -22 9 0 0 0 0 17 13 -12 -31 1 -133 -38 0 7 7 -29 -4 -3 0
1 10001 53 -41 3 -11 0 0 0 0 1 8 -1 3 -2 -133 -36 1 7 7 -44 -6 -3 0
1 9999 61 3 -1 -7 0 0 0 0 -1 -6 1 49 -8 8 1 -1 0 0 162 21 5 0
1 10000 67 14 13 -18 0 0 0 0 -9 -18 6 -5 6 -150 -46 -2 9 9 -108 -9 -1 0
1 12321 66 -13 -6 -124 0 -1407 0 -2 6 -81 -15 -20 8 -127 -34 1 6 6 18 -2 3 1
1 10618 70 49 4 -65 0 0 0 0 -8 -64 -14 10 -6 -94 -25 1 5 5 44 3 -8 -1
1 10002 60 79 14 10 0 0 0 0 -19 -25 3 37 -4 56 15 0 -3 -3 67 8 3 1
1 9998 56 34 -7 2 0 0 0 0 4 -11 -8 8 -6 -64 -30 -8 8 8 18 6 3 0
1 10002 64 70 10 -7 0 0 0 0 -23 -30 -1 4 5 -163 -50 -2 11 11 0 -6 -2 0
1 10000 52 47 -6 10 0 0 0 0 -3 -10 -3 3 1 -146 -44 -1 8 8 13 3 -1 0
1 12989 73 61 -10 155 0 1403 0 2 -14 92 50 3 -1 -377 -110 -2 21 21 -12 -4 4 0
1 10619 71 43 -17 35 0 0 0 0 3 14 3 -7 4 66 18 -1 -2 -2 23 6 -1 0
1 10001 58 28 9 14 0 0 0 0 -16 4 10 8 -13 -65 -21 -2 4 4 148 17 0 0
1 9999 67 43 -1 -12 0 0 0 0 -15 -15 2 9 -1 -2 -3 -1 1 1 -82 -6 -7 0
1 10000 77 61 -1 11 0 0 0 0 -19 -4 9 -31 -37 -204 -58 0 11 11 157 10 6 0
1 10000 48 18 2 -2 0 0 0 0 -8 -4 1 -21 -10 -48 -8 4 1 1 -79 -6 2 0
1 10000 66 -6 -25 14 0 0 0 0 22 12 -6 -2 -6 -143 -35 4 6 6 56 8 -2 0
1 10000 84 -2 36 -14 0 0 0 0 -28 -11 9 38 27 -36 -12 -2 2 2 -76 -5 3 0
1 10000 69 22 18 9 0 0 0 0 -23 5 10 7 -5 -61 -21 -2 5 5 29 4 -3 0
1 10000 54 -35 -38 3 0 0 0 0 43 7 -15 23 9 -105 -36 -4 8 8 25 4 1 0
1 10001 51 -23 17 -5 0 0 0 0 -5 -1 2 2 4 -125 -40 -3 9 9 -50 -4 -2 0
1 9999 74 -11 1 -5 0 0 0 0 2 -1 -1 -12 -3 -163 -49 -1 10 10 135 16 2 0
1 10000 68 -30 5 7 0 0 0 0 7 10 0 -25 7 -85 -23 0 4 4 -125 -23 2 0
1 11427 66 -11 -11 51 0 631 0 -2 11 42 4 30 -12 -10 3 4 -2 -2 62 12 -3 0
1 10622 78 -43 2 35 0 0 0 0 13 36 -1 7 -7 -112 -36 -3 8 8 46 6 2 0
1 9994 57 18 1 -3 0 0 0 0 -6 -7 2 -8 -5 -46 -16 -2 3 3 -6 -2 -2 0
1 10176 67 -34 -6 15 0 0 0 0 15 19 -5 -12 -9 -80 -21 1 5 5 45 3 3 0
1 10000 66 -51 17 5 0 0 0 0 -1 20 1 19 2 -155 -46 -1 8 8 -27 5 -2 0
1 10000 58 11 -10 -29 0 0 0 0 6 -27 -4 -30 -14 -51 -14 1 3 3 -16 -3 3 0
1 10000 57 -29 5 5 0 0 0 0 4 11 -2 1 -1 -21 0 4 0 0 -58 -7 1 0
1 10000 61 -64 -7 12 0 0 0 0 20 27 -11 16 3 -59 -21 -3 4 4 107 14 0 0
1 11678 67 -51 0 -70 0 -618 0 2 13 -36 -10 7 -4 -35 -10 0 2 2 -8 -3 -6 1
1 10623 67 -14 1 -21 0 0 0 0 1 -9 -1 -6 -6 -108 -33 -2 7 7 87 0 8 -1
1 10000 63 -43 12 -13 0 0 0 0 -2 6 3 15 12 -68 -19 1 4 4 -36 -2 -1 0
1 10001 59 -28 -12 -5 0 0 0 0 14 6 -10 -6 -3 -72 -23 -2 4 4 63 4 -4 0
1 9999 63 -31 17 23 0 0 0 0 -10 29 8 -4 -4 -55 -14 1 3 3 -38 8 3 0
1 10001 61 42 -29 -4 0 0 0 0 19 -20 -13 -8 -3 -44 -13 0 2 2 -27 -8 3 0
1 9999 77 41 7 -11 0 0 0 0 -13 -22 7 6 0 22 6 0 0 0 -11 5 -7 1
1 10000 77 71 1 3 0 0 0 0 -14 -23 5 -27 -19 -81 -21 1 3 3 -23 -5 3 -1
1 10000 88 26 2 15 0 0 0 0 -9 4 6 -15 -3 -20 2 5 -1 -1 -91 -12 0 1
1 10000 89 12 7 -8 0 0 0 0 -7 -10 3 25 12 57 19 2 -5 -5 -16 -6 0 0
1 10000 87 -8 -3 6 0 0 0 0 3 7 -1 8 4 22 2 -3 0 0 18 8 -4 0
1 9999 82 5 -13 -20 0 0 0 0 9 -16 -8 -13 -9 -56 -17 0 4 4 166 16 6 0
1 10001 76 -28 30 6 0 0 0 0 -15 12 12 -6 -8 0 -1 -1 1 1 -128 -10 -7 0
1 10000 64 11 -32 -21 0 0 0 0 24 -20 -18 -45 -20 -25 -3 3 -1 -1 -5 -1 6 0
1 10000 92 -23 15 4 0 0 0 0 -9 12 7 26 9 24 6 -1 -1 -1 -27 -7 0 0
1 10001 87 1 3 4 0 0 0 0 -4 4 3 -18 -6 27 13 3 -3 -3 -19 3 2 0
1 9998 76 6 -3 2 0 0 0 0 3 -2 -2 -2 -5 -11 0 3 -1 -1 -10 -2 1 0
1 10000 77 -47 1 12 0 0 0 0 10 24 -3 -10 -12 -15 -4 0 1 1 0 -2 -3 0
1 10001 70 -46 14 15 0 0 0 0 -7 30 9 18 0 31 11 1 -2 -2 23 -4 0 0
1 10001 49 -3 -16 -19 0 0 0 0 14 -14 -11 -27 -12 50 11 -2 -2 -2 -12 6 -2 0
1 10000 85 -15 18 -14 0 0 0 0 -11 -4 7 3 -1 -60 -12 3 2 2 43 4 8 0
1 9999 63 -22 -13 32 0 0 0 0 14 30 -7 4 0 15 5 1 -1 -1 -60 -7 -4 0
1 10000 59 0 1 -13 0 0 0 0 -4 -8 2 10 0 26 7 -1 -2 -2 195 13 -1 0
1 10000 51 -46 19 -10 0 0 0 0 -7 10 5 -4 -3 -63 -20 0 4 4 -175 -12 0 0
1 9999 56 -22 -28 4 0 0 0 0 22 11 -15 -8 -12 39 12 0 -3 -3 54 5 0 0
1 13489 94 59 24 -187 -49 -1430 0 -2 -23 -156 -15 -11 -4 -329 -91 1 18 18 29 1 -3 0
1 10620 45 68 -99 -7 0 0 0 0 63 -14 -56 -9 -2 262 76 2 -15 -15 -140 -5 -2 0
1 9999 69 105 61 -29 0 0 0 0 -62 -66 15 -1 -6 -63 -17 0 4 4 82 1 5 0
1 9773 87 68 -9 44 0 7 0 -1 -10 7 12 -7 -14 37 12 1 -4 -4 53 9 4 0
1 10228 37 0 -10 164 0 1425 0 3 5 113 46 -3 11 65 23 3 -5 -5 -38 -12 -3 0
1 10000 72 -7 -26 25 0 0 0 0 21 19 -9 14 4 -52 -17 -1 4 4 9 13 -5 0
1 10001 85 -53 15 -7 0 0 0 0 3 11 1 -6 -6 -3 -1 0 0 0 -8 -9 5 0
1 9999 78 -29 -6 8 0 0 0 0 10 15 -5 12 7 -2 -1 0 0 0 53 10 2 0
1 10000 82 -22 15 -4 0 0 0 0 -6 5 5 -1 -8 -19 -7 -2 2 2 18 -5 -3 0
1 10000 78 -3 -15 14 0 0 0 0 12 10 -6 -2 -2 -29 -9 0 2 2 98 7 1 0
1 11122 85 -27 18 -79 2 -420 0 -4 -8 -45 -4 -4 -2 29 9 0 -2 -2 -105 -3 -1 0
1 7701 26 -16 82 18 110 0 -28 0 -60 17 42 -2 -5 41 10 -1 -1 -1 -90 -10 2 0
1 10006 -13 73 36 -39 1 0 -54 0 -46 -55 8 -7 -7 -146 -38 2 6 6 -25 0 -7 0
1 9987 10 65 -8 -2 0 0 -54 0 -10 -22 -2 -12 -22 0 -3 -2 2 2 32 3 4 0
1 10009 1 0 14 29 0 0 -54 0 -11 22 12 0 15 34 14 4 -4 -4 -104 -10 30 0
1 9987 -10 6 -43 0 0 0 -52 0 36 -2 -17 8 2 -74 -18 2 3 3 170 18 -31 0
1 10010 -13 -18 -4 -4 -1 0 -53 0 6 3 -2 4 -1 54 11 -3 -2 -2 34 5 7 0
1 10003 15 23 15 9 0 0 -51 0 -20 1 10 1 -2 -79 -21 1 4 4 -98 -8 -6 0
1 10005 -10 29 -42 -5 1 1 -54 0 27 -12 -18 -6 -9 26 7 0 -1 -1 219 8 4 0
1 10003 12 -38 15 16 0 -1 -50 0 -2 23 9 -5 -5 1 2 1 0 0 -305 -17 2 0
1 10000 26 -10 6 11 0 0 -50 0 -2 12 4 -4 -6 -21 -6 0 0 0 -103 -15 -5 0
1 9985 29 59 -17 -19 0 0 -51 0 -2 -32 -8 -10 -8 -39 -9 1 2 2 210 15 7 0
1 10007 35 16 -2 3 0 -1 -50 4 -3 -2 1 -2 -4 -18 -3 1 0 0 -25 6 -2 0
1 13908 40 101 143 31 380 1 -5 -4 -156 5 51 -4 -16 -173 -49 1 10 10 7 0 -3 0
1 7549 -48 24 273 11 -1 0 -32 0 -246 8 -13 5 -3 294 82 -2 -16 -16 138 15 -2 0
1 8853 -52 2 84 -59 1 0 -44 0 -69 -46 -41 -6 3 -69 -18 2 4 4 -341 -31 7 0
1 9686 -73 27 -45 6 0 0 -49 0 29 -2 12 2 2 1 4 2 -3 -3 90 0 -6 0
1 10018 -72 22 -11 -7 0 0 -49 0 0 -6 -3 4 -6 -51 -13 1 3 3 47 8 5 0
1 10000 -90 7 47 16 0 0 -50 0 -38 11 -11 5 1 -24 -7 0 2 2 -18 -2 8 0
1 9975 -111 41 -41 -24 0 0 -52 0 20 -24 -2 1 8 38 10 -1 -3 -3 219 27 -7 0
1 10000 -109 17 -19 -10 0 0 -50 0 9 -9 0 14 16 -20 -8 -1 3 3 -220 -30 -3 0
1 10005 -134 -64 15 24 0 0 -50 0 6 27 15 14 15 57 12 -3 -1 -1 66 1 -2 0
1 10009 -148 -57 -1 5 0 0 -50 0 21 9 10 12 30 -121 -35 0 6 6 148 24 -4 0
1 9983 -162 3 -25 34 0 0 -50 0 20 27 16 -16 -17 54 12 -3 -1 -1 -375 -41 3 0
1 10008 -138 22 15 -14 0 -1 -51 0 -22 -11 -10 -8 -15 55 15 0 -3 -3 337 23 0 1
1 9998 -156 17 -30 -4 0 1 -51 0 23 -12 3 -1 0 -64 -17 1 2 2 -184 -8 2 0
1 13570 -193 -6 16 -155 2 -1383 -20 2 -12 -115 -64 43 54 -198 -62 -4 13 13 24 3 -9 -1
1 10619 -169 -118 -34 -36 0 0 0 0 64 -11 11 18 34 220 58 -3 -10 -10 123 16 1 1
1 10000 -174 -89 7 -3 0 0 0 0 16 18 15 8 14 69 16 -2 -3 -3 11 2 7 -1
1 9257 -126 -99 20 1 0 5 -2 -1 2 28 18 -2 -8 121 28 -5 -4 -4 -36 -13 -2 0
1 10744 -195 -77 -6 161 -32 1401 0 3 17 157 59 -21 -18 -173 -45 3 8 8 -104 -4 -2 0
1 10000 -151 -63 1 30 0 0 0 0 8 49 7 21 24 95 26 -1 -5 -5 108 5 6 0
1 9999 -163 -102 -19 -17 0 0 0 0 21 23 3 18 13 -26 -9 -1 3 3 -71 5 -7 0
1 10001 -154 23 12 25 0 0 0 0 -11 14 0 10 18 33 5 -3 -1 -1 3 -7 1 0
1 9999 -174 22 -12 -8 0 0 0 0 9 -16 0 2 -1 -19 -8 -1 2 2 39 -2 -5 1
1 10000 -152 -64 8 2 0 0 0 0 -6 26 1 11 10 40 9 -3 -1 -1 -116 -7 4 -1
1 10001 -176 20 -2 1 0 0 0 0 2 -6 0 -2 -2 -39 -13 0 2 2 16 3 -4 0
1 10000 -163 3542 -11 -13 0 0 0 0 11 10 0 11 23 -80 -23 -1 5 5 -25 0 6 0
1 9999 -146 -10 2 18 0 0 0 0 -3 20 -1 4 4 48 10 -2 -2 -2 239 15 0 0
1 10000 -155 -10 1 -11 0 0 0 0 0 -6 1 -8 8 68 19 0 -3 -3 -292 -26 -5 1
1 10000 -150 -13 -2 4 0 0 0 0 0 8 -1 -1 4 28 9 0 -2 -2 -14 -2 3 0
1 10000 -147 7 -1 2 0 0 0 0 2 0 1 -28 13 30 9 1 -2 -2 21 -8 6 0
1 12339 -170 -3537 -3 111 -48 1018 -1 -2 5 73 -10 -22 17 105 36 4 -8 -8 -218 -14 -7 0
1 10618 -138 97 -16 51 0 0 0 0 10 8 0 -4 17 182 58 4 -12 -12 58 0 -6 -1
1 10000 -157 101 -7 9 0 0 0 0 -5 -28 5 -2 14 270 78 1 -16 -16 -10 -2 2 0
1 10000 -127 72 7 3 0 0 0 0 -19 -22 2 1 1 207 60 0 -11 -11 -63 -7 3 1
1 9884 -138 92 -7 -22 -1 -9 -1 -1 -15 -46 1 -12 6 171 50 1 -10 -10 -6 -2 0 -1
1 9806 -128 53 -41 -131 -46 -1053 0 3 22 -129 -10 -14 0 216 63 1 -13 -13 20 2 -1 1
1 10621 -97 40 -31 -21 0 0 0 0 19 -31 -8 -27 -1 168 50 2 -10 -10 -158 -23 -3 -1
1 10000 -87 33 1 0 0 0 0 0 -10 -8 -3 -9 -1 147 50 5 -11 -11 -79 -6 2 0
1 10000 -80 12 1 -6 0 0 0 0 -6 -6 -2 -8 3 122 38 2 -8 -8 12 1 0 0
1 10000 -97 33 -1 6 0 0 0 0 -9 -2 -2 1 2 205 61 2 -12 -12 -39 -1 -3 1
1 10000 -74 23 -2 -6 0 0 0 0 -6 -10 -3 -4 5 163 48 1 -10 -10 3 -2 -2 0
1 10000 -104 -7 1 1 0 0 0 0 1 3 1 1 2 157 45 0 -8 -8 63 0 2 0
1 10000 -79 3 -5 3 0 0 0 0 4 1 0 -14 6 53 17 1 -4 -4 -78 -4 -1 0
1 10000 -87 4 -1 -3 0 0 0 0 -2 -1 0 1 8 147 42 1 -8 -8 7 0 -1 0
1 10000 -97 5 4 -1 0 0 0 0 -4 -3 -2 1 4 115 35 1 -8 -8 47 2 5 0
1 10000 -83 6 0 4 0 0 0 0 -2 1 1 -8 9 218 62 0 -11 -11 -88 -8 1 0
1 10000 -95 19 -2 -2 0 0 0 0 -6 -2 -2 -17 10 19 7 1 -3 -3 -55 -6 -5 0
1 12386 -111 14 1 -133 0 -1344 -1 -2 -4 -109 -55 -7 2 131 42 3 -8 -8 17 4 3 0
1 10621 -74 -50 -26 -50 0 0 0 0 40 -32 -18 11 22 163 49 1 -10 -10 88 9 -1 0
1 9999 -82 -69 2 -1 0 0 0 0 22 10 8 4 25 111 31 0 -6 -6 -63 -6 -1 0
1 10001 -91 -59 2 0 0 0 0 0 16 13 8 3 13 188 51 -1 -9 -9 24 0 1 0
1 10000 -74 -75 1 -3 0 0 0 0 22 15 9 -2 5 136 39 -1 -8 -8 -3 -2 -5 0
1 10000 -86 -81 0 -1 0 0 0 0 18 23 12 -9 5 122 35 1 -7 -7 -18 0 7 0
1 9447 -75 -92 5 83 1 1214 0 0 11 97 42 -31 9 108 30 0 -6 -6 -66 -7 -1 0
1 10552 -123 -64 83 98 40 163 0 2 -73 109 25 4 44 105 38 4 -8 -8 16 1 -3 0
1 10001 -112 -64 -12 3 0 0 0 0 14 27 2 40 45 173 51 2 -10 -10 -14 -4 -1 0
1 10000 -113 3517 0 -2 0 0 0 0 -1 30 0 123 91 221 57 -5 -10 -10 -18 1 0 0
1 10000 -121 -40 -4 6 0 0 0 0 3 20 -1 55 41 265 53 -14 -7 -7 -26 -6 -3 0
1 10000 -119 -31 -7 1 0 0 0 0 3 12 -1 74 45 109 11 -14 2 2 -29 -3 -1 0
1 9999 -117 -31 -1 -3 0 0 0 0 -2 9 0 48 34 181 28 -15 -1 -1 -9 -1 3 0
1 10000 -128 -11 1 3 0 0 0 0 -1 7 -1 32 17 118 18 -9 -2 -2 36 0 3 0
1 10000 -121 -12 3 -3 0 0 0 0 -3 2 0 40 28 88 17 -6 -1 -1 -28 -2 -4 0
1 10001 -129 -3 -1 4 0 0 0 0 0 4 -1 24 15 20 -8 -10 4 4 -16 0 1 0
1 9999 -114 -32 -2 -1 0 0 0 0 2 12 1 4 3 91 19 -4 -3 -3 67 5 -1 0
1 10001 -123 33 -2 0 0 0 0 0 1 -13 -1 10 9 5 -5 -4 2 2 -48 -4 0 0
1 10000 -113 16 -2 2 0 0 0 0 3 -4 2 40 18 81 16 -5 -2 -2 8 -1 2 0
1 11094 -141 28 18 100 0 1032 0 -2 -12 77 -14 25 17 -36 -24 -8 6 6 -5 1 -1 0
1 10618 -143 57 10 50 0 0 0 0 -2 22 -8 134 78 -20 -10 -4 4 4 21 3 0 0
1 10001 -106 -3520 6 12 0 0 0 0 -8 -19 6 7 8 -45 -36 -15 10 10 50 4 -1 0
1 10000 -128 67 -4 -2 0 0 0 0 0 -26 6 19 3 -21 -20 -9 6 6 -56 -4 -2 0
1 9999 -117 98 1 3 0 0 0 0 -11 -33 6 -116 -20 -133 -38 0 8 8 20 5 6 0
1 10001 -120 97 3 1 0 0 0 0 -17 -32 3 -110 -23 -89 -8 11 -2 -2 -50 -8 -17 0
1 9850 -112 96 0 -21 0 -7 0 -3 -25 -46 0 32 25 -44 3 10 -3 -3 52 5 11 0
1 10150 -112 63 -10 -128 0 -1033 0 5 -6 -130 -17 -100 -35 -14 -3 2 0 0 -38 -2 2 0
1 10000 -91 37 -19 -11 0 0 0 0 5 -17 -4 -77 -23 -165 -20 17 0 0 12 -3 0 0
1 10000 -103 32 0 -4 0 0 0 0 -10 -10 -5 -28 -10 -3 18 12 -6 -6 -16 0 -3 0
1 10000 -92 15 -1 1 0 0 0 0 -1 -5 -1 2 -1 42 23 7 -6 -6 -9 -3 5 0
1 10000 -92 24 0 1 0 0 0 0 -8 -3 -2 24 17 45 19 4 -5 -5 -6 1 -4 0
1 10000 -97 10 0 -1 0 0 0 0 -5 -1 -2 60 27 3 2 1 -1 -1 -9 -2 2 0
1 10001 -93 7 0 0 0 0 0 0 -1 -2 -1 19 10 154 31 -8 -4 -4 5 -1 -1 0
1 9999 -86 19 0 -1 0 0 0 0 -7 -4 -2 46 20 -34 -21 -7 5 5 44 4 0 0
1 10000 -90 40 3 3 0 0 0 0 -15 -3 -4 -33 1 7 -9 -8 5 5 -29 -1 3 0
1 10000 -102 67 -2 0 0 0 0 0 -22 -5 -7 -28 -2 108 35 3 -7 -7 17 1 -3 0
1 10000 -89 55 2 1 0 0 0 0 -21 -2 -6 -93 -22 -34 -2 6 -2 -2 -35 -4 3 0
1 10000 -95 33 -7 1 0 0 0 0 -6 -1 -2 184 94 29 26 10 -8 -8 -22 0 -5 0
1 8967 -101 -14 -2 -88 0 -1283 0 0 6 -67 -32 -92 -8 140 12 -17 3 3 4 -1 0 0
1 13154 -118 -92 -27 -102 0 -77 0 -2 56 -75 -35 -72 0 37 28 11 -9 -9 42 7 2 0
1 10006 -71 -84 5 -4 0 0 0 0 26 4 8 -37 -1 211 68 6 -15 -15 -8 -2 1 0
1 10000 -74 -82 0 2 0 0 0 0 28 11 12 -31 -3 168 54 3 -10 -10 33 2 4 0
1 10104 -82 -91 4 -3 0 0 0 0 23 17 14 18 6 214 74 9 -17 -17 -24 -2 -4 0
1 9999 -72 -76 -3 0 0 0 0 0 24 18 11 500 184 244 68 -1 -12 -12 10 4 5 0
1 9461 -67 -80 1 11 0 5 0 -1 15 32 18 -5 13 384 15 -61 12 12 -42 -4 -1 0
1 9373 -103 -45 43 162 0 1368 -25 -1 -31 150 52 34 17 -92 -52 -17 14 14 15 2 0 0
1 10007 -95 -36 -13 10 0 0 -51 0 17 22 3 -59 -2 -210 -64 -3 13 13 24 -1 -6 0
1 9975 -93 -41 -16 3 0 0 -52 0 17 18 2 425 155 -37 -36 -17 11 11 -5 -4 1 0
1 10002 -102 -50 0 -9 0 0 -52 0 5 11 1 223 78 72 -59 -52 25 25 -55 -4 4 0
1 11223 -115 -56 -5 11 0 -1 -34 4 9 30 1 366 180 -377 -162 -35 40 40 16 2 0 0
1 10620 -93 3531 0 1 0 0 0 0 -2 28 0 261 137 -360 -213 -73 60 60 -5 0 0 0
1 9999 -107 -48 -9 0 0 0 0 0 8 18 -1 -68 -10 -644 -259 -50 62 62 -12 -4 -5 0
1 10001 -100 3 2 2 0 0 0 0 0 1 0 -381 -136 -1066 -300 1 57 57 5 1 -5 0
1 9999 -105 37 -2 9 0 0 0 0 1 -6 0 -187 -58 -749 -131 53 13 13 -2 1 0 0
1 10000 -109 35 -2 -10 0 0 0 0 4 -23 0 -102 -30 26 32 16 -11 -11 -3 -3 5 0
1 10000 -102 -3599 -3 6 0 0 0 0 2 6 0 6 -8 79 67 30 -20 -20 13 2 2 0
1 10002 -97 41 6 -1 0 0 0 0 -5 -17 1 -321 -90 279 85 4 -17 -17 -18 -1 -1 0
1 9998 -114 37 -3 -2 0 0 0 0 1 -16 -1 -38 -32 97 85 38 -27 -27 -7 0 -6 0
1 10000 -98 43 2 0 0 0 0 0 -5 -16 0 -167 -58 428 159 25 -37 -37 -14 0 7 0
1 10002 -108 50 -1 0 0 0 0 0 -5 -18 -2 -463 -155 595 228 38 -53 -53 6 0 -7 0
1 9999 -109 43 -1 -4 0 0 0 0 -8 -19 -1 -159 1 463 232 66 -62 -62 50 3 8 0
1 9999 -107 45 -2 2 0 0 0 0 -7 -13 -2 -77 -4 1050 351 34 -76 -76 -23 0 1 0
1 9044 -91 42 6 8 0 0 -1 0 -11 -7 -1 -44 -8 1193 373 22 -76 -76 1 2 0 0
1 10956 -129 35 -2 -5 0 0 0 0 -4 -16 -3 -17 -5 1220 374 16 -74 -74 8 -3 -4 0
1 10000 -107 42 -2 -3 0 0 0 0 -7 -17 -4 -16 -2 1068 319 10 -62 -62 -34 -2 5 0
1 10000 -111 29 -1 3 0 0 0 0 -11 -2 -1 -38 -2 831 247 6 -48 -48 -9 0 -4 0
1 10000 -110 45 4 5 0 0 0 0 -14 -9 -3 -24 -2 806 242 8 -47 -47 6 0 3 0
1 4947 -50 15 -4 -14 0 0 0 0 -3 -14 -4 -4 1 405 120 3 -24 -24 10 -1 2 0
1 5619 -69 22 1 7 0 0 0 0 -6 0 0 -8 -1 365 109 3 -21 -21 -1 0 -10 0
1 4422 -36 13 2 4 0 0 0 0 -7 2 0 0 -1 351 104 2 -19 -19 -26 0 7 0
1 4998 -61 8 -1 -5 0 0 0 0 -1 -6 -2 -3 2 233 69 2 -14 -14 12 1 -6 0
1 5580 -48 37 1 0 0 0 0 0 -12 -8 -4 -17 0 177 52 1 -10 -10 39 3 7 0
1 4418 -53 19 -1 0 0 0 0 0 -9 -1 -1 -21 -1 187 58 3 -11 -11 36 0 -1 0
1 5585 -65 33 -5 2 0 0 0 0 -6 -3 -2 -23 1 241 72 2 -14 -14 -41 0 2 0
1 4415 -38 8 -2 -2 0 0 0 0 -1 -2 -1 -17 4 176 55 3 -10 -10 -33 -4 -5 0
1 5583 -62 20 1 1 0 0 0 0 -7 -4 -2 -26 30 125 43 4 -10 -10 17 1 2 -1
1 4421 -32 29 2 1 0 0 0 0 -11 -3 -3 -15 3 233 74 5 -14 -14 -2 1 1 1
1 5577 -65 29 -2 -2 0 0 0 0 -10 -2 -3 -10 4 226 71 4 -15 -15 -9 -1 -3 0
1 4421 -40 19 -1 0 0 0 0 0 -6 -1 -1 -1 2 382 114 3 -21 -21 29 2 6 0
1 5579 -50 13 3 1 0 0 0 0 -6 -2 -2 -1 2 364 107 2 -20 -20 -45 -3 -5 -1
1 4418 -44 12 1 1 0 0 0 0 -4 -2 -2 3 1 333 97 2 -18 -18 10 1 6 0
1 5583 -44 14 -2 -4 0 0 0 0 -5 0 -1 -2 2 303 88 1 -17 -17 22 1 -4 1
1 4420 -43 5 4 4 0 0 0 0 -4 1 0 -1 0 234 69 1 -12 -12 -10 -3 -2 -1
1 7957 -65 10 -3 -13 0 -18 0 -3 -1 -12 -6 -2 5 479 137 0 -25 -25 -5 2 6 1
1 7692 -85 -17 -9 -141 0 -1357 0 1 13 -108 -58 -47 8 374 109 1 -20 -20 0 -2 -2 0
1 5621 -52 -30 -13 -25 0 0 0 0 22 -17 -7 -22 0 178 56 3 -11 -11 -5 1 -6 0
1 4416 -36 -21 -3 -3 0 0 0 0 11 -2 0 -33 -3 285 87 4 -17 -17 51 5 3 -1
1 5584 -33 -35 0 -4 0 0 0 0 13 -1 1 -118 -13 266 83 4 -16 -16 32 6 1 0
1 4419 -41 -43 -4 -2 0 0 0 0 20 0 4 -133 -5 229 78 8 -16 -16 -74 -9 4 0
1 5581 -51 -66 -1 -3 0 0 0 0 23 7 7 -25 -2 187 93 25 -23 -23 17 1 -2 1
1 4493 -37 -61 0 -5 0 0 0 0 21 7 5 -83 -3 308 110 13 -23 -23 -31 -4 -6 -1
1 5623 -41 -77 0 3 0 0 0 0 23 19 13 -75 -2 582 185 12 -36 -36 -2 1 9 1
1 4416 -37 -62 0 -1 0 0 0 0 13 17 10 -61 -5 279 105 16 -23 -23 -10 0 -2 -1
1 5584 -49 -89 6 0 0 0 0 0 17 24 13 -60 -9 540 179 15 -35 -35 39 0 4 1
1 7550 -52 -120 3 12 0 6 0 -1 15 50 22 -119 1 792 261 20 -52 -52 -58 -3 -4 0
1 7680 -67 -88 42 152 0 1373 0 3 -36 162 41 -72 -4 743 238 16 -46 -46 28 3 2 0
1 5617 -39 -43 6 10 0 0 0 0 -8 26 2 -30 -1 498 162 12 -32 -32 -23 -1 1 -1
1 4422 -35 3588 -7 6 0 0 0 0 9 9 -1 -169 -26 506 155 6 -28 -28 19 -1 -2 0
1 5001 -45 -3 -6 2 0 0 0 0 6 3 0 -115 -22 636 199 10 -38 -38 -31 -3 4 0
1 5577 -47 -3584 -5 3 0 0 0 0 6 -3 0 -55 -15 603 213 25 -43 -43 54 4 6 1
1 4423 -36 14 -4 3 0 0 0 0 2 -3 0 -205 -47 673 220 16 -43 -43 -49 -2 9 -1
1 5003 -36 30 -4 3 0 0 0 0 3 -9 -1 -452 -67 653 210 13 -39 -39 -24 -5 12 0
1 4997 -58 34 -2 2 0 0 0 0 2 -10 0 -57 -15 448 195 41 -44 -44 56 7 7 0
1 5577 -51 37 0 -1 0 0 0 0 -3 -15 -1 -188 -55 716 302 57 -66 -66 -17 -5 -7 0
1 4425 -47 43 -5 0 0 0 0 0 -2 -16 -1 -311 -50 743 246 19 -47 -47 16 5 -7 0
1 5575 -64 32 1 0 0 0 0 0 -4 -11 -1 -75 -19 1112 396 46 -79 -79 -18 -5 6 0
1 4476 -42 32 0 2 0 0 0 0 -4 -11 -1 -84 -21 925 349 49 -72 -72 -15 0 8 0
1 5621 -57 43 -4 -2 0 0 0 0 -6 -16 -3 -137 -30 1548 481 20 -86 -86 -4 -1 -3 0
