version: 66.14
glider: 194
mission: 16
dive: 316
start: 6 11 125 4 36 12
columns: rec,elaps_tms,depth,heading,pitch,roll,AD_pitch,AD_roll,AD_vbd,GC_phase,mag.x,mag.y,mag.z,sbect.TempFreq,sbect.CondFreq,aa4330.O2,aa4330.AirSat,aa4330.Temp,aa4330.CalPhase,aa4330.TCPhase,wlbb2fl.sig470nm,wlbb2fl.sig700nm,wlbb2fl.sig695nm,wlbb2fl.temp,
data:
0 10085 -2081 3306 -758 14 205 3027 372 6 535 44 -80 218381 167002 261279 82419 14697 32674 32674 575 138 266 563
1 5000 3 -10 15 0 0 0 0 0 0 4 14 967 -73 -161 -26 14 0 0 91 16 49 0
1 4999 8 -71 3 102 0 0 0 0 -4 18 -7 1535 -78 -176 -1 31 -6 -6 -18 -18 -24 0
1 4537 -10 23 -12 -41 0 0 0 0 2 -7 -5 -1447 18 -343 -41 37 -3 -3 162 12 22 -1
1 5623 -1 29 20 -35 0 0 0 0 1 -4 18 -1205 -127 109 20 -8 0 0 -203 -10 -23 0
1 4999 10 -8 -11 12 0 0 0 0 -1 1 -12 9 -86 236 3 -40 8 8 71 17 12 0
1 5000 0 -26 -13 -26 0 0 0 0 -2 7 1 -1530 -69 -65 30 28 -11 -11 -39 -11 -11 0
1 4718 -2 -66 22 86 0 0 0 0 -4 17 16 1729 59 -404 -117 6 15 15 71 8 -10 0
1 5618 -3 84 -31 -82 0 0 0 0 6 -24 -27 -891 -11 132 45 2 -6 -6 -195 -8 -10 0
1 4423 4 -5 19 -27 0 0 0 0 0 2 27 1065 13 631 114 -47 -6 -6 -29 -15 29 0
1 5577 10 -61 -4 84 0 0 0 0 -5 17 -16 244 -89 -817 -121 76 0 0 28 11 -42 0
1 4583 -13 84 15 -93 0 0 0 0 5 -19 17 -1556 10 247 46 -18 -3 -3 11 9 28 0
1 6538 8 -55 12 153 0 0 0 -4 -3 11 -8 -512 -26 -16 12 10 -3 -3 13 -15 16 0
1 5609 -9 109 -46 -172 0 1 161 0 4 -27 -28 3849 -31 -486 -43 61 -7 -7 26 6 -17 0
1 5633 9 -61 -1 81 0 0 160 0 -2 9 -1 -971 -38 -77 -24 1 4 4 415 50 79 0
1 5612 15 20 -27 3 0 0 158 0 -1 -10 -27 2798 -100 3594 2542 775 -528 -528 -182 -31 -21 0
1 5638 4 31 12 -27 0 0 162 0 2 -3 6 4 -187 2868 2895 1071 -621 -621 -257 -15 -15 0
1 5639 -14 -70 9 74 0 0 158 0 -3 14 6 -953 -71 13624 4205 -144 -512 -512 174 7 7 0
1 5636 9 53 -29 -92 0 -1 158 0 0 -8 -17 1152 -146 7738 3168 315 -454 -454 734 52 85 0
1 5635 10 -51 10 16 0 1 155 0 -1 14 14 562 52 13184 3988 -176 -433 -433 -608 -23 -68 0
1 5639 37 21 -22 -60 0 0 151 0 -2 2 -12 446 77 14796 2698 -996 -103 -103 150 2 126 0
1 5638 21 0 -22 9 0 0 153 0 -4 -2 -20 1661 -174 9649 1938 -523 -107 -107 -240 -24 -109 -1
1 5641 23 -42 9 40 0 0 148 0 1 4 9 220 -170 5134 430 -532 63 63 322 39 69 1
1 5637 16 -41 -2 7 1 0 151 0 -1 10 5 385 -8 9080 1752 -477 -91 -91 -222 -42 -71 -1
1 5640 35 -74 -8 17 -1 0 157 0 -3 14 7 666 173 3632 1155 10 -125 -125 -187 11 36 0
1 5638 52 28 11 -40 0 0 168 0 1 2 10 1301 30 4204 1077 -98 -94 -94 -160 -37 -76 0
1 5630 83 87 -9 -91 0 0 183 0 1 -10 -6 817 -10 4663 515 -390 27 27 -2 2 -46 0
1 5646 131 107 11 -74 0 0 201 0 5 -18 1 812 53 5101 229 -552 92 92 -92 -16 -49 0
1 10187 341 -3247 42 -232 6 0 82 -1 12 -77 -15 1162 77 -649 -1313 -460 236 236 5 0 -57 0
1 5814 236 -23 55 136 1268 0 0 0 6 -37 41 1145 109 -2280 -1251 -234 184 184 28 8 -1 0
1 5915 246 -1 31 71 1269 0 0 0 0 -15 26 2110 219 -4997 -2153 -276 295 295 -63 -10 -45 0
1 8838 362 -49 206 19 361 -1449 0 3 -32 -36 177 851 191 -9509 -4075 -540 582 582 -59 -7 -3 0
1 5617 198 16 86 -21 0 0 0 0 -34 -34 62 205 69 -8455 -2650 -71 329 329 -41 -6 -5 0
1 5002 150 26 54 -14 0 0 0 0 -26 -30 33 61 19 -6037 -1883 -49 240 240 -14 1 -10 0
1 4998 124 8 26 9 0 0 0 0 -14 -5 18 275 72 -4462 -1395 -39 182 182 -21 -2 -13 0
1 5005 114 -12 2 -2 0 0 0 0 -3 2 5 1898 341 -3515 -1167 -63 161 161 6 -2 -26 0
1 4431 79 40 10 -13 0 0 0 0 -5 -23 -3 161 44 -2815 -1184 -169 189 189 4 3 3 0
1 5567 124 46 10 -12 0 0 0 0 -12 -26 1 64 26 -3860 -1554 -205 250 250 -3 -2 0 0
1 4999 104 57 10 -5 0 0 0 0 -12 -26 0 80 22 -5329 -1622 -36 225 225 20 2 3 0
1 4421 77 40 7 8 0 0 0 0 -10 -13 3 68 16 -4195 -1306 -44 187 187 22 1 3 0
1 5582 101 39 -3 4 0 0 0 0 -5 -11 -2 44 15 -4557 -1380 -29 198 198 5 4 -10 0
1 4999 86 30 -6 -1 0 0 0 0 -2 -10 -4 16 7 -3537 -1101 -38 163 163 6 -1 6 0
1 4998 99 41 -3 1 0 0 0 0 -7 -12 -1 -8 2 -3304 -992 -19 146 146 1 0 -4 0
1 4420 69 24 4 -2 0 0 0 0 -8 -10 1 1 2 -2561 -751 -5 110 110 -25 -2 8 0
1 5001 76 28 2 4 0 0 0 0 -9 -7 3 32 10 -2922 -877 -16 132 132 14 -1 -3 0
1 5581 108 40 -7 -9 0 0 0 0 -6 -14 -6 317 38 -2511 -749 -12 113 113 -3 1 2 0
1 4999 95 29 2 4 0 0 0 0 -9 -7 5 214 51 -2058 -658 -34 106 106 23 2 -5 0
1 4997 91 32 -1 -1 0 0 0 0 -9 -8 2 166 54 -1974 -669 -52 113 113 -17 -2 -3 0
1 4425 91 32 4 -7 0 0 0 0 -13 -12 1 130 25 -1969 -612 -24 99 99 -7 -1 -4 0
1 5579 108 50 9 3 0 0 0 0 -22 -11 10 232 24 -2346 -739 -34 121 121 13 2 8 0
1 5000 97 57 -5 -7 0 0 0 0 -15 -13 1 160 16 -1783 -595 -44 103 103 45 5 -4 0
1 4999 81 41 10 11 0 0 0 0 -21 -2 15 144 10 -1835 -597 -39 102 102 -37 -4 -3 -1
1 4417 88 23 3 4 0 0 0 0 -10 0 7 63 -1 -1672 -539 -32 93 93 38 5 0 1
1 5583 105 39 -6 2 0 0 0 0 -8 -4 3 52 1 -2198 -673 -23 113 113 24 3 -3 0
1 4417 76 44 -1 -4 0 0 0 0 -14 -4 6 35 0 -1814 -546 -14 91 91 -26 -3 7 -1
1 5612 101 40 6 8 0 0 0 0 -18 1 11 89 -1 -2034 -613 -16 103 103 25 5 -4 1
1 5618 92 43 -6 -3 0 0 0 0 -9 -1 4 39 -1 -1803 -544 -15 93 93 -34 -5 1 0
1 7514 119 39 1 31 0 422 1 -1 -12 22 28 85 -5 -2320 -715 -29 125 125 -14 2 3 0
1 8498 137 21 18 149 76 1017 0 3 -23 106 73 65 3 -2182 -666 -23 117 117 26 -1 4 0
1 10623 141 45 28 24 0 0 0 0 -37 24 22 120 21 -3062 -899 -13 154 154 -23 -3 -6 0
1 10000 143 72 -1 -1 0 0 0 0 -20 8 7 281 6 -1956 -641 -48 121 121 -5 2 -7 0
1 10000 138 90 2 0 0 0 0 0 -25 14 10 31 2 -2483 -767 -34 141 141 -13 -1 2 0
1 9999 144 88 5 4 0 0 0 0 -23 21 10 18 4 -2202 -648 -11 116 116 39 2 5 0
1 10001 130 83 1 -4 0 0 0 0 -17 14 6 6 4 -1797 -537 -14 98 98 -13 0 -2 0
1 9999 145 73 0 4 0 0 0 0 -12 19 5 14 -4 -1530 -443 -4 80 80 -17 -2 -4 0
1 10001 141 74 -2 -4 0 0 0 0 -7 15 3 18 -1 -1237 -359 -3 65 65 20 2 -1 0
1 10000 151 17 1 8 0 0 0 0 -5 10 2 37 -19 -1019 -309 -11 58 58 -12 1 3 0
1 9999 147 -18 3 0 0 0 0 0 1 -3 0 13 -10 -1030 -308 -9 59 59 -3 -1 2 0
1 10001 151 -34 3 2 0 0 0 0 2 -6 -2 14 -16 -1046 -315 -9 59 59 35 0 0 1
1 10000 144 -48 0 1 0 0 0 0 6 -11 -2 1 -13 -866 -242 3 44 44 -16 0 -5 -1
1 12148 169 -107 14 92 33 868 0 -2 7 59 7 0 -39 -1030 -302 -5 56 56 9 1 5 1
1 10619 133 -68 19 35 0 0 0 0 -5 16 1 -12 -23 -919 -264 -1 49 49 -17 2 -4 0
1 9999 128 -75 4 4 0 0 0 0 14 -11 -2 -49 -42 -755 -216 0 39 39 19 -2 3 0
1 10001 119 -36 -7 0 0 0 0 0 15 -9 -2 -2 -13 -687 -186 6 34 34 5 3 3 0
1 10000 111 -46 2 -2 0 0 0 0 11 -7 -2 -45 -38 -626 -178 1 32 32 0 -2 -4 0
1 9999 125 -40 0 0 0 0 0 0 11 -7 -3 20 -7 -624 -169 6 31 31 -1 0 -2 0
1 10001 123 -30 6 -2 0 0 0 0 4 -4 0 7 -16 -480 -141 -3 27 27 28 2 5 0
1 10001 118 -11 -5 -3 0 0 0 0 7 -5 -3 -1 -9 -451 -131 -1 24 24 -17 -2 -6 0
1 9999 104 -32 0 2 0 0 0 0 10 -2 -2 -34 -21 -551 -157 0 30 30 -13 1 -2 0
1 10140 129 40 -3 4 0 0 0 0 -9 8 3 77 3 -310 -92 -2 18 18 25 1 5 0
1 10001 118 31 -2 -3 0 0 0 0 -7 2 2 99 15 -500 -155 -8 31 31 -10 -1 -4 0
1 9999 112 45 1 -3 0 0 0 0 -14 5 2 143 22 -290 -117 -22 28 28 21 4 -2 0
1 10001 119 -30 9 3 0 0 0 0 1 -1 0 -49 -28 -568 -188 -17 40 40 -7 0 5 0
1 9999 112 -69 7 6 0 0 0 0 14 -6 -3 8 -3 -444 -125 1 23 23 22 3 3 0
1 10000 108 -63 2 -3 0 0 0 0 18 -7 -5 14 2 -273 -86 -5 18 18 -7 0 -1 0
1 10001 120 -76 4 -1 0 0 0 0 22 -6 -5 21 0 -327 -96 -2 18 18 13 0 0 0
1 10765 100 -54 -10 -88 0 -872 0 2 27 -74 -24 4 2 -264 -89 -9 19 19 -5 1 4 0
1 10618 114 -45 7 -38 0 0 0 0 11 -33 -15 11 0 -286 -81 0 16 16 35 -1 -6 0
1 10000 104 -37 4 -3 0 0 0 0 10 -1 -4 -73 -39 -221 -59 3 10 10 10 3 6 1
1 10000 94 -4 0 -3 0 0 0 0 1 0 -1 -102 -47 -294 -63 14 10 10 -43 -2 -3 -1
1 10000 86 10 -1 -2 0 0 0 0 -3 -2 0 -31 -14 -100 -8 14 -3 -3 11 2 -6 0
1 10000 92 4 -5 -2 0 0 0 0 4 -5 -3 15 1 76 27 2 -6 -6 -6 0 6 0
1 10000 96 13 5 -1 0 0 0 0 -9 -1 3 -89 -44 -39 -9 2 2 2 0 -2 -6 1
1 10000 109 -1 1 7 0 0 0 0 -1 7 3 29 -1 -42 9 14 -6 -6 48 6 4 0
1 10000 89 -15 5 -2 0 0 0 0 2 -3 -2 -20 -17 53 9 -4 0 0 -29 -4 2 -1
1 10000 85 25 -8 -11 0 0 0 0 -3 -8 -2 -43 -16 43 23 7 -7 -7 16 1 -2 1
1 10000 104 36 3 4 0 0 0 0 -15 0 6 -63 -22 -10 3 3 -1 -1 2 1 3 0
1 10000 92 43 1 6 0 0 0 0 -16 5 6 1 0 74 33 9 -8 -8 38 4 -2 0
1 10000 93 31 1 -7 0 0 0 0 -12 -2 3 9 -3 -18 2 4 -2 -2 -47 -6 -3 0
1 10107 85 29 1 7 -1 0 0 0 -11 3 3 109 10 75 18 -2 -2 -2 -3 3 1 0
1 9893 98 28 0 -4 0 0 0 0 -10 -2 2 27 10 88 1 -16 3 3 16 0 35 0
1 10000 103 13 -3 2 0 0 0 0 -1 3 2 30 10 -164 -56 -6 13 13 -12 -2 -35 0
1 10000 92 4 6 2 0 0 0 0 -7 1 1 26 6 -165 -61 -9 13 13 -19 0 0 0
1 10000 97 -17 0 3 0 0 0 0 6 3 0 -39 -33 -246 -79 -5 17 17 40 2 2 0
1 10000 102 -11 0 -2 0 0 0 0 3 -4 -2 -12 -13 -195 -48 4 8 8 4 1 -1 0
1 10000 92 -18 2 0 0 0 0 0 5 0 -1 -35 -35 -169 -44 3 7 7 77 5 4 0
1 10000 101 1 -1 -7 0 0 0 0 0 -4 -2 5 -1 -89 -22 2 4 4 -68 -3 -5 0
1 10000 109 6 -1 5 0 0 0 0 -1 4 2 3 -16 -119 -30 3 6 6 -22 -3 1 0
1 10000 95 7 -1 1 0 0 0 0 -1 0 1 5 -2 -95 -29 -1 5 5 34 2 0 1
1 10000 100 -8 4 -1 0 0 0 0 -1 1 0 2 0 -88 -27 -1 6 6 -22 3 2 0
1 10000 95 -6 8 -1 0 0 0 0 -5 -3 0 7 -11 -154 -47 -2 9 9 24 -3 0 0
1 10124 87 8 -10 3 1 0 0 0 6 2 -1 1 1 -47 -12 0 2 2 -40 -1 -1 0
1 9876 90 30 -2 -4 0 0 0 0 -8 -1 2 -5 -4 -135 -42 -2 9 9 51 3 1 0
1 10000 100 26 5 -1 0 0 0 0 -13 5 4 -12 -8 -147 -39 2 7 7 -18 -2 -1 0
1 10000 105 40 -4 7 0 0 0 0 -10 6 4 -8 -7 -76 -19 2 3 3 11 2 -2 0
1 10000 95 64 0 -10 0 0 0 0 -19 0 3 -20 -27 -67 -13 4 2 2 15 1 2 0
1 10000 82 40 -1 8 0 0 0 0 -11 10 5 -14 -12 21 8 1 -1 -1 13 1 -6 0
1 10000 98 42 5 -10 0 0 0 0 -16 -1 1 -10 -5 -37 -5 4 -1 -1 -48 -3 9 0
1 10001 101 17 -3 7 0 0 0 0 -2 8 3 -47 -31 -53 -10 3 2 2 15 2 -1 0
1 9999 82 9 2 1 0 0 0 0 -4 3 1 -36 -24 20 16 7 -5 -5 34 3 -4 0
1 10000 88 23 1 -5 0 0 0 0 -5 3 1 -8 -11 -23 0 5 -2 -2 -17 0 4 0
1 10000 102 3 -1 4 0 0 0 0 -2 1 1 0 -4 28 10 1 -2 -2 -21 -2 1 0
1 10001 85 15 4 2 0 0 0 0 -7 4 1 -19 -8 49 18 2 -4 -4 60 3 -4 0
1 11552 110 11 -9 80 0 855 0 -2 7 74 16 7 1 51 16 2 -3 -3 -50 -3 -1 0
1 10618 109 -28 -2 48 0 0 0 0 9 38 3 -35 -19 -6 0 0 -1 -1 31 4 3 0
1 10000 96 -43 6 1 0 0 0 0 5 -7 -1 -36 -20 11 12 7 -4 -4 2 0 -3 0
1 10000 98 -64 3 -1 0 0 0 0 15 -11 -2 -80 -38 20 17 6 -4 -4 25 4 4 0
1 10001 91 -43 -5 0 0 0 0 0 17 -7 -3 -318 -170 -2 22 15 -8 -8 -6 -3 -1 0
1 9999 104 -58 5 4 0 0 0 0 12 -5 -3 -86 -64 -93 45 48 -21 -21 38 7 1 0
1 10136 93 -39 -1 -4 0 0 0 0 15 -4 -2 -50 -54 270 104 18 -25 -25 -32 -3 4 0
1 9999 101 -30 -5 4 0 0 0 0 13 -2 -3 32 -17 228 85 12 -19 -19 78 3 0 0
1 8879 87 -33 0 -17 -1 -22 0 0 12 -17 -5 53 -9 255 74 1 -14 -14 111 13 -1 0
1 11121 104 -34 1 -107 1 -831 -1 2 11 -92 -28 13 -6 -23 -16 -6 4 4 -16 1 0 1
1 10000 101 -45 10 -7 0 0 0 0 7 -4 -4 22 2 2 -4 -3 2 2 -36 6 5 0
1 10000 104 -37 -2 -1 0 0 0 0 15 -1 -5 120 20 -138 -45 -4 10 10 222 24 -8 0
1 10001 93 -52 5 2 0 0 0 0 15 5 -2 32 9 -117 -60 -17 15 15 62 4 13 0
1 9999 117 -25 0 -1 0 0 0 0 9 1 -4 56 12 -357 -117 -10 25 25 8 5 -7 0
1 10000 94 -21 -1 0 0 0 0 0 9 1 -2 35 10 -282 -94 -9 20 20 29 7 3 0
1 10000 95 -9 0 1 0 0 0 0 3 2 -1 52 12 -325 -107 -9 24 24 59 10 -6 0
1 10000 99 -9 -2 -1 0 0 0 0 5 0 -2 28 11 -293 -95 -8 19 19 46 8 1 0
1 10000 86 -14 -2 0 0 0 0 0 6 2 -2 45 14 -436 -134 -6 28 28 59 4 -5 0
1 10001 116 16 5 -3 0 0 0 0 -9 -5 2 33 8 -154 -57 -9 14 14 8 3 3 0
1 9999 91 40 -8 -17 0 0 0 0 -8 -17 -4 -24 -4 -362 -107 -2 21 21 57 0 1 0
1 10000 89 23 3 12 0 0 0 0 -11 7 7 -1 -2 -254 -74 0 14 14 23 11 3 0
1 8686 77 26 -4 -95 -1 -1371 1 0 -6 -71 -34 7 0 -196 -59 -3 12 12 47 -5 0 0
1 14319 130 89 12 -96 0 -24 0 -2 -42 -74 -40 10 5 -521 -151 -1 30 30 -12 1 1 0
1 10001 88 70 4 7 0 0 0 0 -28 2 9 14 2 136 37 -2 -6 -6 -154 -9 0 0
1 8867 87 54 7 12 1 38 0 -1 -25 9 14 4 0 -163 -49 -1 9 9 100 2 0 0
1 11132 90 55 -28 168 -1 1360 0 3 7 138 77 0 -1 -202 -62 -3 13 13 38 7 -8 0
1 10000 94 53 8 -3 0 0 0 0 -23 4 5 -2 0 -113 -31 1 6 6 6 6 3 0
1 10000 80 56 7 9 0 0 0 0 -23 13 7 0 -1 -47 -15 -1 3 3 -28 -12 5 0
1 11104 103 37 2 -33 5 -168 0 -4 -11 -19 -7 -9 -4 -127 -36 0 7 7 72 12 0 0
1 7708 48 12 55 19 67 0 -29 0 -54 15 7 3 1 -1150 -328 0 65 65 -124 -7 -6 0
1 10029 37 16 17 -10 0 0 -54 0 -19 -3 -2 -2 1 950 273 1 -55 -55 42 -4 0 0
1 9985 40 29 -10 1 0 0 -55 0 0 3 0 16 4 -37 -12 0 3 3 -17 6 -2 0
1 10010 40 -11 0 2 0 0 -53 0 4 1 1 16 1 -115 -35 -2 8 8 81 2 2 0
1 10002 50 37 -13 8 0 0 -53 0 3 13 5 -3 2 97 25 -2 -5 -5 -92 -7 3 0
1 10004 45 26 -5 -11 0 0 -53 0 -2 -4 -2 -4 -4 -182 -54 -1 11 11 23 4 5 0
1 10002 41 41 2 3 0 0 -51 0 -11 11 3 11 2 -5 -1 1 0 0 38 4 -5 0
1 10000 37 12 -7 2 0 0 -53 0 7 8 2 40 12 -22 -6 -1 1 1 -25 -2 8 0
1 9978 39 17 -11 3 0 0 -50 0 5 3 2 -16 -5 12 -1 -2 1 1 39 6 -9 0
1 10004 33 -12 -2 4 0 0 -51 0 6 3 1 -5 0 -237 -70 -2 15 15 204 14 3 0
1 10005 29 -3 -6 6 0 0 -50 0 4 3 0 21 2 91 27 0 -6 -6 -251 -19 -4 0
1 9992 30 8 -17 -5 0 0 -50 4 15 -2 1 -25 -2 9 1 0 0 0 -150 -18 2 0
1 13970 32 -22 161 -3 382 0 -2 -4 -141 -6 -23 27 1 -327 -98 -3 19 19 210 33 0 1
1 7572 -51 78 309 5 0 -1 -32 0 -250 15 -145 -2 1 324 91 -1 -17 -17 54 -4 1 -1
1 8920 -70 31 23 6 0 0 -45 0 -18 10 -16 -17 -1 -14 -5 -1 2 2 -245 -21 -1 1
1 9530 -61 26 -34 -5 0 1 -48 0 16 4 19 16 7 -203 -57 1 10 10 110 7 3 -1
1 10014 -76 15 8 4 0 0 -49 0 -7 6 -6 -13 -8 116 33 0 -6 -6 23 4 -9 0
1 10013 -87 19 -3 3 0 -1 -50 0 0 7 1 -11 1 -153 -44 -1 9 9 -36 -4 9 0
1 9981 -99 67 -11 9 0 1 -52 0 -2 23 5 -18 -2 -346 -93 4 17 17 34 -2 0 1
1 10004 -103 9 9 -13 0 0 -49 0 -8 -7 -10 0 -4 283 81 0 -16 -16 -211 -25 -2 -1
1 9999 -125 5 -13 9 0 0 -50 0 8 7 10 8 7 -580 -165 1 32 32 156 23 8 1
1 10000 -138 46 -11 -11 0 0 -51 0 2 6 3 -18 -6 1343 383 0 -75 -75 -209 -24 -5 0
1 9999 -124 21 10 6 0 0 -49 0 -7 9 -5 -5 -2 -231 -62 2 12 12 67 12 -2 -1
1 9996 -160 -9 -13 6 0 0 -51 0 6 0 7 3 6 -503 -140 3 26 26 121 5 -1 1
1 10004 -154 2 -6 -1 0 0 -51 0 5 1 5 1 -3 133 36 -2 -6 -6 -94 -9 0 -1
1 13612 -223 -42 -15 -179 3 -1425 -21 2 10 -114 -29 -5 6 -235 -67 0 13 13 -75 -10 -6 1
1 10619 -173 -49 -18 -15 0 0 0 0 17 -25 4 -34 -15 274 82 3 -17 -17 -20 0 8 -1
1 9999 -144 -47 9 -1 0 0 0 0 2 -10 -4 -118 -31 64 42 16 -12 -12 -96 -17 1 1
1 10024 -157 -90 -3 -1 0 0 0 0 16 -24 0 7 6 274 90 7 -19 -19 185 24 -3 0
1 10000 -153 -76 0 1 0 0 0 0 14 -18 0 -36 -10 161 48 2 -10 -10 -144 -18 -2 -1
1 10025 -145 -59 3 4 0 0 0 0 10 -12 1 -178 -31 185 71 12 -18 -18 -166 -31 -2 1
1 10000 -145 -72 -5 -3 0 0 0 0 20 -19 3 -85 -18 316 127 25 -30 -30 -53 -1 0 0
1 10000 -145 -104 8 -10 0 0 0 0 24 -21 0 -84 1 451 155 16 -34 -34 37 -5 3 0
1 10001 -145 -89 1 -2 0 0 0 0 26 -13 7 62 78 587 189 15 -42 -42 -192 -16 2 0
1 9999 -140 -56 -4 11 0 0 0 0 21 -4 12 360 200 740 177 -23 -27 -27 -34 -4 -9 0
1 9312 -146 -58 0 10 1 6 -2 -1 19 3 13 39 28 509 88 -38 -8 -8 2 -4 5 0
1 10688 -168 -13 31 169 0 1420 0 3 -18 117 68 47 23 203 40 -13 -5 -5 -50 -5 -4 0
1 10000 -162 -21 -1 14 0 0 0 0 7 12 8 42 25 181 39 -8 -6 -6 -50 -4 -1 0
1 10000 -159 -6 -4 1 0 0 0 0 5 0 3 4 9 21 -8 -9 5 5 67 5 4 0
1 10000 -166 -28 3 -2 0 0 0 0 7 0 3 89 42 29 -7 -10 3 3 -64 -6 -6 0
1 10000 -164 -26 1 1 0 0 0 0 8 1 4 27 33 -4 -15 -10 6 6 5 -2 1 0
1 10000 -169 -62 -3 -9 0 0 0 0 21 0 9 60 48 -87 -41 -9 10 10 18 2 0 0
1 10000 -168 -50 5 7 0 0 0 0 13 9 8 21 18 -45 -28 -11 8 8 -26 -2 2 0
1 10000 -173 -9 -1 3 0 0 0 0 2 5 3 8 9 -93 -34 -5 7 7 45 1 -5 0
1 10000 -169 -7 -7 -3 0 0 0 0 8 -1 2 30 20 -76 -24 -1 6 6 -43 -3 6 0
1 10000 -180 -7 0 2 0 0 0 0 0 5 2 18 17 -9 -12 -6 4 4 -29 -1 -5 0
1 10001 -157 30 2 6 0 0 0 0 -9 -2 -3 5 12 -122 -39 -4 9 9 -3 -1 4 0
1 9999 -167 32 3 1 0 0 0 0 -12 -4 -6 4 7 -40 -15 -2 3 3 16 0 -2 0
1 9557 -159 19 -16 50 -92 1004 -1 0 6 40 15 -9 0 -118 -36 -1 7 7 -6 -2 -2 0
1 13841 -188 97 -56 103 1 24 0 -2 13 82 20 6 17 -193 -54 0 10 10 8 5 2 0
1 10000 -107 94 -1 8 0 0 0 0 -30 3 -10 6 14 229 63 -1 -12 -12 23 3 1 0
1 12311 -145 100 -22 -119 -48 -1078 0 2 -15 -92 -25 2 7 -21 -8 -2 3 3 13 1 -4 0
1 10622 -72 38 -49 -49 0 0 0 0 26 -33 -1 -5 9 -6 -3 -1 0 0 50 0 3 0
1 9999 -60 51 -11 -5 0 0 0 0 -7 2 -1 1 11 74 21 1 -4 -4 -146 -11 -4 0
1 10000 -58 37 2 1 0 0 0 0 -12 6 -3 -1 3 65 19 -1 -3 -3 32 3 5 0
1 10000 -53 37 -1 -4 0 0 0 0 -9 5 -2 -3 5 -31 -11 -1 2 2 3 -3 -2 0
1 10001 -50 21 5 2 0 0 0 0 -9 4 -3 -5 3 106 31 1 -6 -6 28 3 -4 0
1 10000 -53 24 -1 0 0 0 0 0 -6 4 -1 5 7 45 14 0 -4 -4 -48 -2 5 0
1 10000 -46 26 -1 1 0 0 0 0 -6 4 -2 46 23 12 3 1 0 0 30 4 -2 0
1 10000 -63 11 2 -2 0 0 0 0 -3 3 -1 12 9 133 30 -5 -4 -4 -40 -5 1 0
1 10000 -61 4 -2 5 0 0 0 0 0 4 2 -21 5 15 -1 -5 1 1 40 4 1 0
1 10000 -51 -4 4 -11 0 0 0 0 -2 -9 -4 -9 -1 -93 -26 1 4 4 -43 -6 -5 0
1 10000 -48 -17 10 4 0 0 0 0 -4 0 -2 -6 1 -14 -3 1 1 1 -4 1 0 0
1 9999 -68 -27 -15 -1 0 0 0 0 18 -7 7 -7 1 112 35 2 -7 -7 105 6 4 0
1 9869 -55 -34 20 6 50 -2 -3 -4 -7 -3 -4 -5 2 45 16 1 -4 -4 -19 -3 -5 0
1 8974 -84 2 43 11 0 -1 -42 0 -33 11 -14 -2 0 256 74 1 -14 -14 -37 1 4 0
1 9982 -91 -41 -7 -7 0 0 -50 0 16 -13 3 -4 4 -98 -28 0 6 6 -42 -5 -2 0
1 10003 -88 -16 -11 -6 0 0 -52 0 13 -7 5 30 12 59 16 0 -4 -4 11 0 3 0
1 9984 -99 -23 0 4 0 0 -52 0 7 0 3 21 16 50 12 -2 -2 -2 -5 1 1 0
1 10018 -105 26 -12 -6 0 1 -53 0 1 -2 -1 39 19 120 27 -5 -4 -4 22 2 -4 0
1 10013 -102 32 1 4 0 0 -53 0 -9 10 0 -97 -17 11 -3 -4 2 2 10 1 3 0
1 9983 -84 40 -9 1 0 -1 -53 0 -4 6 -1 106 50 -17 9 10 -4 -4 -29 -2 -4 0
1 13005 -116 20 -2 -130 1 -1325 -37 2 -5 -88 -43 38 35 138 18 -14 0 0 -11 -3 4 0
1 10620 -84 -65 -23 -40 0 0 0 0 35 -41 -9 13 16 37 -1 -9 2 2 29 5 -1 0
1 10111 -72 -89 -6 -7 0 0 0 0 31 -20 -2 -93 -8 -28 -11 -2 3 3 -16 -1 2 0
1 9999 -88 -107 3 -3 0 0 0 0 32 -16 1 -5 3 -62 2 14 -4 -4 -7 -4 0 0
1 10110 -69 -107 3 -2 0 0 0 0 36 -8 4 -11 -3 -30 -11 -1 2 2 19 -1 -2 0
1 9065 -68 -108 9 67 -1 1193 0 -2 32 49 44 10 5 91 33 4 -7 -7 -27 2 1 0
1 9766 -113 -41 73 105 37 190 -39 0 -46 87 35 -24 -6 82 24 0 -5 -5 -10 -4 -1 1
1 10010 -118 -71 -9 8 0 0 -53 0 30 17 13 -122 -31 -90 -12 9 0 0 -47 -5 -1 -1
1 10001 -129 -55 -14 7 0 0 -53 0 29 15 11 -21 7 42 33 14 -9 -9 28 3 -2 0
1 10000 -126 -47 -4 -3 0 -1 -53 2 18 7 4 -31 -4 229 76 7 -17 -17 -13 0 -3 0
1 10579 -111 -26 -9 13 1 0 -5 2 16 17 7 12 6 210 66 4 -13 -13 -5 -1 -3 0
1 10578 -112 -7 -4 1 0 0 0 0 7 2 1 25 26 211 62 1 -12 -12 -5 2 7 1
1 10000 -109 5 -4 0 0 0 0 0 1 -1 -1 16 7 266 69 -4 -13 -13 23 -1 0 0
1 10000 -111 -31 3 3 0 0 0 0 7 10 3 65 75 96 26 -2 -5 -5 -9 -1 -2 -1
1 10000 -91 -42 0 -8 0 0 0 0 12 4 2 30 115 430 99 -14 -15 -15 42 1 2 0
1 10000 -106 -36 1 -2 0 0 0 0 8 9 2 -9 21 672 190 -2 -36 -36 -10 1 2 0
1 10000 -123 -8 -4 3 0 0 0 0 5 5 1 -15 3 760 218 1 -41 -41 -21 -4 -4 1
1 10000 -100 -5 -3 3 0 0 0 0 4 4 1 -24 6 648 188 2 -37 -37 -20 2 8 -1
1 9999 -116 3 0 1 0 0 0 0 -1 0 0 -2 5 716 207 1 -39 -39 13 -1 -6 0
1 10001 -105 21 2 -1 0 0 0 0 -6 -7 -2 -1 9 626 181 2 -35 -35 -2 0 -5 0
1 10001 -110 47 -1 5 0 0 0 0 -12 -9 -2 -28 3 435 128 2 -25 -25 -11 0 6 0
1 9999 -119 33 2 -3 0 0 0 0 -12 -10 -3 -17 3 569 167 3 -32 -32 5 -2 -1 0
1 11579 -131 47 11 80 0 1019 -2 -2 -25 60 11 -11 4 555 163 3 -31 -31 -20 0 3 0
1 10624 -138 106 1 74 0 0 0 0 -35 45 -1 -1 3 346 102 2 -20 -20 36 8 -1 1
1 9998 -130 92 5 4 0 0 0 0 -37 -5 -7 -19 -6 291 84 1 -16 -16 15 -3 -3 -1
1 10002 -142 116 -1 7 0 0 0 0 -37 -4 -10 -14 5 248 77 4 -15 -15 -4 -1 2 0
1 9998 -142 119 1 3 0 0 0 0 -40 2 -13 -19 1 268 79 2 -16 -16 -33 -3 0 1
1 12416 -166 147 1 -81 0 -1013 -1 2 -45 -55 -26 -32 -2 384 119 5 -23 -23 4 2 -1 0
1 10622 -129 75 -5 -60 0 0 0 0 -17 -36 -18 -16 2 263 81 5 -16 -16 -2 -3 4 0
1 10000 -126 62 -13 -14 0 0 0 0 -5 1 -2 -17 0 351 105 2 -20 -20 -16 -2 -3 0
1 10000 -110 31 -1 -6 0 0 0 0 -6 2 -3 -35 -1 312 99 7 -20 -20 -10 0 -1 0
1 9999 -116 -8 0 -6 0 0 0 0 2 -5 0 -196 -2 304 96 5 -19 -19 22 1 4 -1
1 10000 -123 -5 -4 1 0 0 0 0 3 -3 1 -90 -3 382 155 29 -36 -36 13 4 1 1
1 10000 -116 39 1 -3 0 0 0 0 -8 9 -2 -38 -2 705 234 21 -48 -48 -46 -4 -1 -1
1 4969 -48 30 -1 4 0 0 0 0 -6 8 -1 -57 -6 562 168 5 -32 -32 44 6 0 1
1 5623 -68 36 1 1 0 0 0 0 -7 9 -3 -14 -6 477 150 8 -30 -30 -36 -5 2 -1
1 4411 -51 28 0 1 0 0 0 0 -6 6 -2 -15 -1 356 110 5 -21 -21 19 2 2 0
1 5620 -70 31 2 1 0 0 0 0 -6 9 -1 -33 2 470 143 5 -27 -27 -11 -2 -2 0
1 4998 -53 29 -3 -2 0 0 0 0 -3 4 -2 -35 1 392 119 5 -23 -23 -2 0 -5 0
1 5004 -66 32 1 -2 0 0 0 0 -3 8 -1 -11 0 380 121 7 -24 -24 62 2 1 0
1 4425 -55 24 0 1 0 0 0 0 -4 6 -1 -25 5 343 103 3 -19 -19 -66 -2 5 0
1 5572 -56 56 -4 1 0 0 0 0 -6 13 -2 -154 7 433 133 6 -25 -25 18 0 -3 0
1 5002 -72 49 6 0 0 0 0 0 -6 14 -3 -80 2 381 130 13 -27 -27 -16 -2 3 0
1 4996 -57 58 -1 0 0 0 0 0 -5 15 -1 -63 -3 461 165 21 -35 -35 -7 1 -2 0
1 4424 -63 50 -3 1 0 0 0 0 -2 13 -1 -47 0 405 135 11 -27 -27 14 -2 -1 0
1 8900 -107 60 0 -12 -1 -27 0 -3 0 8 -1 -43 -3 1440 448 22 -85 -85 2 0 0 0
1 7693 -110 -42 -3 -135 1 -1377 0 1 2 -105 -13 -109 -9 880 267 9 -50 -50 -10 1 2 0
1 5621 -67 -71 -17 -33 0 0 0 0 17 -43 -2 -44 -4 664 216 16 -42 -42 1 -1 -1 0
1 4413 -55 -57 -5 -12 0 0 0 0 7 -23 -5 -31 -6 605 189 9 -36 -36 -8 -1 5 0
1 5621 -56 -93 -4 -9 0 0 0 0 12 -31 -6 -125 -17 732 222 7 -40 -40 23 3 -2 0
1 5001 -56 -105 -2 1 0 0 0 0 16 -25 -4 -113 -8 609 202 17 -40 -40 -51 -4 -1 0
1 4999 -61 -81 3 -6 0 0 0 0 11 -24 -8 -1 -6 625 216 22 -43 -43 36 2 4 0
1 4530 -45 -87 3 -3 0 0 0 0 17 -20 -3 -76 -9 547 177 12 -34 -34 -18 0 -5 0
1 5623 -63 -82 -1 1 0 0 0 0 22 -16 0 -65 -6 818 251 10 -45 -45 8 -1 -3 0
1 5000 -67 -64 1 3 0 0 0 0 17 -11 0 14 2 420 148 16 -30 -30 -19 -1 6 0
1 5000 -38 -70 4 -5 0 0 0 0 18 -12 -1 -13 -4 685 201 2 -35 -35 3 1 0 0
1 4386 -66 -52 2 -4 0 0 0 0 16 -7 1 -6 -2 594 178 4 -32 -32 11 1 -7 0
1 5620 -60 -68 2 3 0 0 0 0 21 -6 4 -8 -2 506 152 4 -27 -27 -1 1 9 0
1 5000 -49 -52 -1 4 0 0 0 0 20 -1 5 5 1 526 155 3 -27 -27 14 1 -6 0
1 6892 -73 -87 4 11 0 7 0 -1 29 6 14 -17 -5 592 174 2 -30 -30 -13 -1 3 0
1 8699 -122 -57 38 141 -1 1394 0 3 -13 112 67 -63 -35 607 181 3 -32 -32 21 0 -7 0
1 5617 -62 -6 -2 21 0 0 0 0 4 18 7 -274 -49 380 113 3 -19 -19 -22 -2 8 0
1 4424 -61 -2 -3 9 0 0 0 0 3 7 5 -126 -11 188 101 28 -24 -24 -19 -2 -6 0
1 5575 -57 12 -13 10 0 0 0 0 7 7 3 -17 -1 376 161 31 -36 -36 15 -1 8 0
1 4462 -58 8 -3 3 0 0 0 0 -1 4 1 3 3 414 141 12 -26 -26 -8 1 -4 0
1 5539 -71 17 -3 6 0 0 0 0 -3 3 1 0 0 753 231 9 -41 -41 7 1 -2 0
