version: 66.14
glider: 194
mission: 16
dive: 39
start: 6 1 125 3 33 37
columns: rec,elaps_tms,depth,heading,pitch,roll,AD_pitch,AD_roll,AD_vbd,GC_phase,mag.x,mag.y,mag.z,sbect.TempFreq,sbect.CondFreq,aa4330.O2,aa4330.AirSat,aa4330.Temp,aa4330.CalPhase,aa4330.TCPhase,wlbb2fl.sig470nm,wlbb2fl.sig700nm,wlbb2fl.sig695nm,wlbb2fl.temp,
data:
0 10304 -1484 407 -770 -95 212 2955 373 6 530 -173 -82 231230 169976 284337 84418 11974 33001 33001 50 165 726 566
1 5000 13 -11 -2 -39 0 0 0 0 0 5 -17 -2 -3 46 24 5 -5 -5 -4 18 125 0
1 5000 -2 -198 -1 217 0 0 0 0 8 36 0 -660 12 19 9 2 -1 -1 1 -39 -113 0
1 5000 -11 -71 13 33 0 0 0 0 3 20 2 -37 13 -152 -62 -9 11 11 -1 15 50 0
1 5000 6 97 -5 -156 0 0 0 0 -2 -14 -5 266 -6 83 26 1 -4 -4 4 -1 33 -1
1 5000 -1 -141 22 102 0 0 0 0 3 33 -4 -217 0 -181 -3 26 -6 -6 0 -1 54 0
1 5000 5 72 -18 -37 0 0 0 0 -2 -20 -2 444 -9 -50 -24 -5 5 5 -1 7 -64 1
1 5000 -13 12 -2 4 0 0 0 0 -1 -4 2 52 -5 173 11 -21 3 3 1 -11 -121 0
1 5000 15 59 -4 -30 0 0 0 0 -2 -16 1 -235 0 -371 -80 16 8 8 0 24 102 -1
1 5000 4 111 -22 -91 0 0 0 0 -4 -17 -6 -250 7 507 104 -24 -9 -9 4 -40 -165 0
1 5000 1 -19 26 57 0 0 0 0 2 -4 29 483 -14 -203 -44 9 4 4 -1 12 149 0
1 5000 -6 -63 31 123 0 0 0 0 1 3 21 -416 -18 232 22 -25 2 2 -2 -3 -34 0
1 6558 6 -12 -22 -54 -1 0 0 -4 0 9 -25 523 1 -94 -37 -5 7 7 -2 3 -30 0
1 5614 -11 -87 20 34 1 0 161 0 4 27 9 -633 2 193 33 -13 -2 -2 -2 7 36 0
1 5610 7 -39 -36 -2 0 0 156 0 -3 10 -38 54 -10 -209 -11 27 -4 -4 -1 7 89 0
1 5637 9 -21 -8 -2 0 0 158 0 2 9 -2 271 2 1444 525 50 -86 -86 6 67 37 0
1 5608 19 130 -29 -123 0 0 157 0 -8 -24 -27 -87 -1 9782 3520 307 -555 -555 -5 -61 -58 0
1 5615 9 21 7 98 0 0 158 0 1 -24 23 14 4 14636 4419 19 -579 -579 3 -22 -96 0
1 5619 1 96 -3 -3 0 0 158 0 -3 -26 17 -257 2 11065 3337 11 -416 -416 5 13 82 0
1 5612 17 85 6 -32 0 0 153 0 -5 -22 14 -185 -6 8520 2565 6 -308 -308 -5 -25 -139 0
1 5630 16 29 -4 -30 0 0 152 0 1 -1 0 199 0 6970 2093 3 -244 -244 -2 28 113 0
1 5635 29 76 -13 -89 0 0 150 0 -5 -7 -16 -534 0 5528 1663 3 -191 -191 1 4 98 0
1 5638 32 -88 4 123 0 0 148 0 3 6 12 98 -12 4295 1293 3 -145 -145 -1 -9 -143 0
1 5620 43 144 6 -58 0 0 155 0 -6 -25 29 -93 -206 4074 1211 -4 -133 -133 7 25 0 0
1 5639 71 87 -5 -41 0 0 168 0 -4 -13 8 111 -260 3230 960 -3 -104 -104 -4 -14 -88 0
1 5638 116 27 12 -17 0 1 186 0 -2 -5 14 84 -187 3321 949 -19 -98 -98 0 18 54 0
1 5618 154 141 -45 -108 0 -1 210 0 -2 -3 -31 472 -564 2918 816 -23 -83 -83 -2 6 31 0
1 5612 192 102 3 -75 0 1 236 0 -6 -13 6 527 -474 3039 705 -83 -57 -57 -2 -18 -1 0
1 10666 533 -562 5 532 6 -1 248 -1 20 51 -4 1101 -687 4498 786 -224 -34 -34 2 -2 -54 0
1 5898 347 319 24 -340 1401 0 1 0 -11 -33 20 1149 308 549 -279 -178 67 67 -3 -14 -107 0
1 5912 366 51 140 -77 1362 0 0 2 -33 -45 106 1988 208 -2173 -1529 -358 241 241 3 -15 -153 0
1 8403 432 194 192 24 121 926 1 1 -140 -44 195 383 -597 -10375 -3581 -224 441 441 2 16 -51 0
1 5622 208 39 48 98 0 0 0 0 -44 56 76 55 -40 -8159 -2437 -23 281 281 -4 13 -2 0
1 4420 154 30 22 55 0 0 0 0 -25 41 35 173 -19 -5791 -1743 -24 208 208 1 -8 3 0
1 5622 187 63 27 30 0 0 0 0 -36 34 30 458 -114 -6270 -1916 -38 236 236 2 3 -35 0
1 4995 160 37 -19 29 0 0 0 0 7 26 4 1307 -150 -4369 -1495 -100 203 203 0 -9 -90 -1
1 5005 155 -50 10 62 0 0 0 0 4 43 6 203 0 -4489 -1807 -228 276 276 2 -5 -21 0
1 4410 140 -48 22 6 0 0 0 0 -6 0 4 59 14 -6267 -1916 -48 253 253 -4 4 5 0
1 5620 164 -59 17 38 0 0 0 0 0 21 2 66 2 -6986 -2085 -32 278 278 -2 -11 -10 1
1 4432 122 -44 12 -4 0 0 0 0 3 -7 -1 -3 3 -4650 -1401 -28 193 193 5 11 -6 -1
1 10623 263 -174 34 18 0 0 0 0 24 8 -13 111 -1 -9568 -2827 -34 394 394 -1 -7 -10 1
1 10001 218 -59 -36 -10 0 0 0 0 46 -17 -29 -5 5 -6497 -1918 -23 276 276 1 1 -1 0
1 10000 249 -87 -12 -6 0 0 0 0 34 -3 -25 124 -11 -5248 -1564 -27 232 232 3 -7 -13 0
1 9998 235 -57 23 -56 0 0 0 0 2 -30 -8 112 0 -4321 -1278 -18 193 193 -1 4 -13 0
1 10000 206 -5 -16 40 0 0 0 0 11 28 -3 34 1 -3033 -906 -18 140 140 -3 -8 -4 0
1 10001 248 41 -14 -33 0 0 0 0 -2 -30 -5 63 7 -2387 -722 -19 113 113 2 0 -1 0
1 9419 206 42 3 -9 0 0 0 0 -14 -10 9 12 1 -1842 -537 -4 83 83 -4 -3 13 0
1 10581 263 25 -9 10 0 0 0 0 -1 5 2 4 1 -2099 -623 -10 99 99 2 -4 -17 0
1 10000 284 33 -1 14 0 0 0 0 -9 13 11 7 4 -1421 -418 -6 66 66 0 -1 9 0
1 10000 255 99 13 -70 0 0 0 0 -38 -54 11 47 0 -1288 -375 -2 59 59 0 8 5 0
1 9993 239 143 -11 39 0 0 0 0 -33 37 30 25 -4 -901 -269 -6 44 44 0 -3 -19 0
1 10007 235 90 12 2 0 0 0 0 -32 18 19 39 11 -814 -250 -8 41 41 0 4 11 0
1 9999 215 -90 27 58 0 0 0 0 0 34 5 288 -9 -661 -236 -26 43 43 0 5 -24 0
1 10002 198 -69 2 -40 0 0 0 0 19 -39 -15 65 -6 -1436 -459 -26 80 80 1 -5 -4 0
1 9999 200 -100 -4 30 0 0 0 0 33 17 -15 131 -25 -1226 -398 -26 69 69 1 6 0 0
1 10001 201 9 -28 -29 0 0 0 0 19 -22 -15 79 -40 -1638 -502 -18 86 86 0 -3 0 0
1 9999 235 137 -3 -15 0 0 0 0 -38 -5 20 -17 15 -1341 -432 -27 76 76 -1 5 -2 0
1 10000 246 125 -8 8 0 0 0 0 -26 24 18 60 -19 -1538 -444 -2 74 74 -1 -5 -6 0
1 10000 252 173 -6 -41 0 0 0 0 -30 1 13 37 -10 -1221 -360 -6 60 60 0 9 4 0
1 10000 258 220 3 -2 0 0 0 0 -39 45 19 -9 0 -1108 -321 -2 54 54 -6 -12 -5 0
1 13129 317 368 95 -84 127 -937 1 2 -109 22 24 -1 -4 -1338 -384 0 63 63 4 2 -8 0
1 10622 196 235 76 -38 0 0 0 0 -61 23 2 5 0 -276 -95 -10 19 19 2 4 7 0
1 9999 127 128 16 39 0 0 0 0 -4 65 -6 5 -4 -642 -187 -2 31 31 0 3 8 0
1 10002 119 188 8 7 0 0 0 0 20 48 -9 11 0 -436 -123 1 20 20 0 0 -1 0
1 9999 87 178 -4 -17 0 0 0 0 45 13 -7 42 -10 -271 -91 -8 18 18 2 -2 4 0
1 10000 89 30 -5 0 0 0 0 0 12 5 -3 138 -28 -319 -97 -3 16 16 -2 13 -5 0
1 9999 100 34 -1 7 0 0 0 0 10 9 -4 45 -8 -497 -181 -22 37 37 -3 -10 -4 0
1 10000 103 86 8 -6 0 0 0 0 17 6 -4 12 0 -541 -165 -6 29 29 3 9 5 0
1 10002 111 103 2 -3 0 0 0 0 30 5 -9 8 0 -693 -210 -8 37 37 1 -4 5 0
1 9998 90 82 -1 -1 0 0 0 0 28 2 -8 27 -5 -516 -152 -2 27 27 2 -2 4 0
1 10000 105 94 6 -2 0 0 0 0 27 -4 -8 3 -2 -535 -163 -6 28 28 0 -3 -11 0
1 10000 105 89 -3 3 0 0 0 0 32 -7 -10 11 -2 -338 -102 -3 19 19 -3 4 1 0
1 10001 101 90 -2 -2 0 0 0 0 31 -15 -9 14 0 -344 -100 -1 17 17 1 0 -8 0
1 8793 89 94 1 1 0 -1 0 0 27 -20 -9 6 2 -373 -114 -4 21 21 -2 -5 -9 0
1 11206 116 96 0 2 0 1 0 0 26 -24 -9 3 1 -450 -131 -1 22 22 3 -2 10 0
1 10000 107 80 0 -5 0 0 0 0 16 -29 -4 9 -1 -256 -76 -2 14 14 -1 6 0 0
1 10002 109 88 -1 2 0 0 0 0 13 -31 -6 24 -2 -177 -58 -5 11 11 -1 0 5 0
1 9999 110 75 9 -5 0 0 0 0 3 -31 -2 4 -3 -217 -64 -1 12 12 3 -5 -19 0
1 9999 101 -3487 0 4 0 0 0 0 1 -43 -1 13 -8 -208 -64 -3 11 11 0 1 15 0
1 10002 101 80 -4 0 0 0 0 0 -4 -31 -2 45 -13 -162 -56 -6 11 11 -3 4 -8 0
1 10000 99 80 0 0 0 0 0 0 -11 -30 2 1 -1 -286 -89 -4 16 16 4 0 11 0
1 9998 106 80 -2 7 0 0 0 0 -16 -23 4 1 -1 -346 -102 -1 18 18 -4 14 -6 0
1 10001 112 73 3 -8 0 0 0 0 -20 -28 3 -2 -1 -295 -86 -2 15 15 1 -17 21 0
1 9999 102 81 -2 1 0 0 0 0 -23 -20 7 1 -1 -150 -43 0 8 8 0 13 -15 1
1 10000 116 89 5 -1 0 0 0 0 -33 -19 9 -5 -1 -67 -20 0 4 4 -6 -8 -3 -1
1 10001 111 76 7 -14 0 0 0 0 -33 -21 5 11 -1 -356 -104 -2 18 18 6 0 -4 0
1 11064 108 53 -14 101 0 920 0 -2 -8 75 31 9 -4 -175 -49 1 8 8 -1 5 -4 1
1 14313 175 56 -14 44 0 0 0 0 -9 34 11 11 -4 -404 -123 -4 22 22 0 -7 -3 0
1 10000 111 4 4 19 0 0 0 0 -5 17 5 4 -2 223 64 0 -10 -10 0 3 0 -1
1 10000 123 -9 7 -2 0 0 0 0 -3 1 1 5 -2 -310 -93 -3 17 17 3 -1 1 1
1 10000 124 -26 8 8 0 0 0 0 3 4 0 0 -1 -3 -2 0 0 0 -6 6 -4 0
1 12037 147 -45 2 4 0 0 0 0 15 6 -4 4 -4 -335 -97 -1 17 17 6 -5 9 0
1 10000 111 -10 -2 -4 0 0 0 0 5 -3 -2 -2 -6 24 6 -1 -1 -1 -2 8 9 0
1 10000 110 13 -5 -2 0 0 0 0 -1 -2 0 36 -20 -114 -32 1 6 6 -2 -6 1 -1
1 9999 114 29 0 -5 0 0 0 0 -10 -6 2 32 -25 -134 -50 -8 10 10 -1 11 -4 0
1 12017 140 -8 7 0 0 0 0 0 -3 4 2 56 -6 -388 -124 -8 24 24 3 -9 -4 1
1 10000 120 -36 2 1 0 0 0 0 10 3 -3 20 -3 -362 -114 -6 21 21 -1 1 -2 0
1 11813 144 -48 3 3 0 0 0 0 15 5 -5 11 -6 -280 -91 -7 18 18 -1 14 16 0
1 10000 108 -41 0 9 0 0 0 0 16 9 -4 -6 -5 -278 -82 -1 15 15 1 12 -3 0
1 12688 148 -63 -4 -13 0 0 0 0 22 3 -10 13 -1 -364 -104 -1 18 18 2 -18 -8 0
1 10001 120 -32 -1 0 0 0 0 0 12 4 -5 5 -4 -158 -52 -3 10 10 -2 -4 -1 0
1 9999 111 -54 8 3 0 0 0 0 11 13 -5 2 -3 -136 -40 -1 8 8 -2 -2 -1 0
1 10001 111 -58 -5 -5 0 0 0 0 19 12 -9 -6 -15 -165 -49 -1 8 8 -3 0 5 0
1 10000 121 -22 7 3 0 0 0 0 1 8 0 -7 -19 -50 -13 0 3 3 6 2 9 0
1 9999 112 30 -16 -2 0 0 0 0 3 -9 -2 -11 -28 -127 -34 2 5 5 -3 -8 -9 0
1 10001 133 27 5 -1 0 0 0 0 -12 -7 6 -1 -5 -47 -11 1 2 2 2 11 3 0
1 10000 113 33 3 2 0 0 0 0 -8 -10 4 -4 -6 -110 -30 1 5 5 -3 -6 1 0
1 10000 128 29 -5 3 0 0 0 0 -7 -1 3 5 -10 -88 -25 0 4 4 3 13 3 0
1 10000 135 -23 5 -3 0 0 0 0 3 2 -2 -1 1 54 15 0 -2 -2 0 -8 -8 0
1 10000 126 -44 12 17 0 0 0 0 3 25 1 2 -2 -108 -31 -1 5 5 -3 5 7 0
1 10000 119 18 -18 -22 0 0 0 0 9 -23 -7 -4 -1 -28 -7 1 1 1 1 1 2 0
1 9999 129 -57 2 16 0 0 0 0 15 26 -6 6 -4 -52 -17 -1 4 4 3 -7 10 0
1 10001 108 -71 18 -4 0 0 0 0 2 20 -2 5 0 28 7 0 -2 -2 -1 5 -8 0
1 10001 119 -92 -5 7 0 0 0 0 22 34 -14 2 -1 -71 -23 -2 5 5 2 -4 2 0
1 9999 126 -34 -8 -15 0 0 0 0 10 1 -8 -2 -1 -59 -17 0 3 3 -2 4 -11 0
1 10000 119 -47 8 18 0 0 0 0 0 31 -1 0 0 -130 -35 1 6 6 0 -5 2 0
1 11331 120 -85 4 -37 0 -8 0 0 -2 8 -1 15 0 -139 -45 -3 9 9 0 14 6 0
1 8613 97 3582 -13 -83 0 -912 0 2 10 -51 -2 11 -1 97 29 0 -6 -6 0 -16 1 0
1 10617 121 4 -3 -18 0 0 0 0 2 -15 0 -20 -3 -193 -58 -1 11 11 0 5 -7 0
1 10000 143 -3562 14 -20 0 0 0 0 -8 -29 5 49 14 11 7 2 -2 -2 -7 8 12 0
1 10000 117 42 0 -3 0 0 0 0 -4 -19 1 43 4 6 -17 -11 6 6 6 -3 -7 0
1 10000 118 67 -4 5 0 0 0 0 -2 -23 -1 15 -1 -166 -57 -6 12 12 2 7 -5 0
1 9999 127 83 7 -5 0 0 0 0 -16 -35 4 38 10 -253 -77 -3 14 14 -1 -9 2 0
1 10001 112 71 -2 -2 0 0 0 0 -15 -25 3 7 -2 -232 -74 -5 15 15 -3 8 -2 0
1 10000 119 54 1 -1 0 0 0 0 -12 -19 1 16 1 -266 -81 -3 14 14 3 10 11 0
1 10000 122 74 0 3 0 0 0 0 -23 -17 6 82 -24 -181 -65 -8 14 14 -1 3 -17 0
1 9999 116 45 3 3 0 0 0 0 -15 -10 4 -13 -21 -331 -104 -6 20 20 2 15 9 0
1 11226 120 68 11 -38 5 -304 0 -4 -33 -41 -3 0 0 -596 -170 0 31 31 0 -15 -1 0
1 7608 49 81 39 17 60 0 -28 0 -62 0 22 -18 -14 -93 -26 0 4 4 -2 24 1 0
1 10003 54 94 21 -27 0 0 -55 0 -53 -28 -1 20 13 -172 -51 -1 10 10 9 -23 -9 0
1 9983 48 79 -13 9 0 0 -55 0 -18 5 5 -3 -4 -184 -57 -3 10 10 -8 -2 23 0
1 10009 48 53 -7 -30 0 0 -56 0 -13 -24 -10 1 0 -496 -141 0 26 26 6 0 -4 0
1 10008 61 33 -13 12 0 0 -55 0 0 12 7 -9 -5 208 60 0 -11 -11 -4 4 -2 0
1 9984 66 69 4 24 0 0 -54 0 -28 19 11 0 -3 -187 -53 1 9 9 6 11 3 0
1 10027 57 70 4 -12 0 0 -54 0 -24 4 3 0 1 -153 -42 1 8 8 -4 -3 -18 0
1 10002 54 78 -22 7 0 0 -53 0 -4 14 7 1 -4 127 35 -1 -6 -6 -4 -9 10 0
1 9976 49 52 9 -8 -1 0 -52 0 -22 2 1 -2 -1 -132 -38 0 6 6 1 0 11 0
1 10003 44 28 -6 -6 1 0 -52 0 0 3 0 -10 -4 -53 -14 1 3 3 -1 -3 -10 0
1 10007 33 46 -18 19 0 0 -53 0 4 22 9 -2 -1 -205 -57 0 10 10 -3 -1 -3 0
1 16281 57 -23 130 8 383 0 -38 0 -109 7 -11 3 -2 364 105 1 -19 -19 1 20 0 0
1 7589 -55 70 309 -6 1 1 -34 0 -255 13 -131 -6 1 -101 -35 -3 7 7 3 -4 11 0
1 9240 -83 18 29 12 -1 0 -46 0 -22 11 -16 -1 -1 -129 -32 2 5 5 1 7 -2 0
1 7847 -54 14 -28 -1 1 -1 -40 0 13 0 13 1 2 53 18 2 -4 -4 -3 -5 5 0
1 9047 -44 35 8 2 0 1 -46 0 -11 8 -8 6 1 -150 -41 1 7 7 -2 -13 -11 1
1 9998 -32 41 -1 4 0 0 -50 0 -6 14 0 -3 -2 -25 -6 1 1 1 1 -2 -6 -1
1 9992 -34 37 24 -10 0 0 -50 0 -19 4 -20 9 3 -1 1 1 0 0 0 -25 4 0
1 10024 -30 35 -36 0 0 0 -52 0 15 7 19 -10 -1 46 14 1 -3 -3 -3 0 13 0
1 9973 -68 12 -6 -2 -1 0 -50 0 4 4 6 1 -2 -48 -16 -2 3 3 5 -2 -7 1
1 9991 -67 16 8 10 1 0 -50 0 -6 10 -4 2 -1 52 15 0 -2 -2 0 34 5 -1
1 10002 -83 22 -1 4 0 0 -50 0 -3 7 -1 -4 0 52 18 2 -4 -4 -3 -6 3 0
1 10022 -75 56 -5 -9 0 0 -51 0 -1 11 2 12 8 -43 -16 -2 4 4 4 0 -11 0
1 9991 -108 83 -3 21 0 0 -50 0 -4 34 3 6 4 -22 -9 -2 2 2 3 -12 -22 0
1 13443 -137 123 16 143 0 1228 -30 2 -14 111 -18 -2 5 -23 -12 -4 3 3 -6 25 22 0
1 10621 -141 143 20 55 0 0 0 0 -9 62 -32 16 16 -86 -24 1 4 4 0 -11 0 0
1 10000 -139 60 -9 -21 0 0 0 0 8 8 7 -81 34 24 2 -3 0 0 -1 0 -1 0
1 10000 -142 41 2 7 0 0 0 0 3 14 -3 -28 3 67 31 7 -8 -8 2 -29 -3 0
1 10000 -147 94 -7 6 0 0 0 0 13 29 0 -5 -1 100 42 9 -9 -9 1 16 1 0
1 10000 -152 107 4 -4 0 0 0 0 12 25 -1 -15 1 265 84 5 -16 -16 -1 -15 -4 1
1 10000 -137 105 3 1 0 0 0 0 15 26 0 -67 -11 304 88 0 -16 -16 -1 -3 -1 -1
1 10000 -164 73 4 4 0 0 0 0 12 19 -2 -58 -7 196 74 12 -17 -17 2 5 15 0
1 10000 -153 96 -6 -17 0 0 0 0 26 10 21 1 -2 234 81 9 -16 -16 6 -1 -10 1
1 10000 -165 119 15 24 0 0 0 0 21 32 -8 8 1 382 113 2 -21 -21 -4 -6 -3 0
1 10000 -179 109 -14 -13 0 0 0 0 40 7 28 -11 0 266 77 1 -14 -14 -2 -3 -4 -1
1 10000 -159 56 -7 -3 0 0 0 0 20 1 15 -2 2 200 60 2 -11 -11 2 -2 -3 1
1 10000 -152 74 9 7 0 0 0 0 17 7 4 1 1 265 78 1 -14 -14 -2 2 7 -1
1 10000 -161 108 5 23 0 0 0 0 27 12 8 -3 3 141 40 0 -7 -7 0 7 9 0
1 10000 -163 82 -10 -18 0 0 0 0 32 -15 28 3 3 213 62 1 -12 -12 1 -7 -12 0
1 10000 -166 102 -6 -3 0 0 0 0 31 -16 24 -3 4 130 38 0 -6 -6 0 6 -1 1
1 11161 -164 177 8 -4 0 -9 -2 -1 33 -39 35 2 17 -113 -35 -1 6 6 -2 -11 4 -1
1 9051 -144 68 -60 -189 -56 -1209 0 3 61 -175 66 12 22 278 79 -1 -13 -13 2 -2 0 0
1 10618 -96 85 -27 2 0 0 0 0 39 -26 6 -5 5 -5 -2 0 0 0 -1 1 2 0
1 9999 -102 51 -8 -10 0 0 0 0 10 -28 3 14 13 88 24 -1 -5 -5 0 1 -9 0
1 10001 -104 69 6 9 0 0 0 0 1 -18 0 -5 21 60 16 0 -2 -2 1 11 6 1
1 10000 -93 -3557 1 -9 0 0 0 0 1 -24 -1 0 -1 56 18 0 -3 -3 0 6 -5 -1
1 9999 -101 53 -4 1 0 0 0 0 1 -19 -2 -4 5 -44 -12 1 2 2 1 -13 -1 1
1 10001 -102 37 5 -11 0 0 0 0 -10 -23 -3 2 -4 -32 -10 0 1 1 -3 7 -4 0
1 10000 -115 36 -5 11 0 0 0 0 4 -4 0 0 7 96 27 -1 -4 -4 3 -20 -1 0
1 9999 -104 31 -1 1 0 0 0 0 -3 -10 -1 -1 5 -78 -21 1 3 3 -2 -3 -5 0
1 10001 -104 31 0 -1 0 0 0 0 -3 -12 -3 -5 5 42 12 0 -2 -2 3 10 13 0
1 10000 -109 11 5 -4 0 0 0 0 -5 -8 -2 -37 1 -30 -8 0 2 2 -3 -2 -2 -1
1 10000 -113 -10 -5 -1 0 0 0 0 6 3 1 -24 0 197 63 5 -13 -13 0 2 -7 0
1 10000 -108 -5 -3 2 0 0 0 0 3 3 1 -8 3 30 16 4 -4 -4 0 -9 1 1
1 10000 -104 -12 -5 -1 0 0 0 0 3 5 1 -9 13 38 14 2 -3 -3 0 18 4 0
1 9999 -100 3 10 1 0 0 0 0 -5 -2 -1 -19 8 135 43 3 -8 -8 -2 -5 15 0
1 10001 -99 -21 -5 1 0 0 0 0 5 9 2 -50 26 166 53 3 -10 -10 2 -5 -3 0
1 9999 -108 3 3 1 0 0 0 0 -2 0 0 -12 8 153 55 7 -11 -11 -3 -13 -25 0
1 10001 -97 2 0 -4 0 0 0 0 -4 -3 -1 -11 4 166 54 4 -11 -11 1 13 10 0
1 10784 -126 -19 2 -99 -1 -1284 -1 0 5 -80 -21 -1 3 169 53 3 -10 -10 3 -8 -7 0
1 13990 -144 -53 -31 -91 1 -111 0 -2 33 -56 -22 -3 3 65 22 2 -5 -5 -1 12 5 0
1 10001 -106 -78 3 -6 0 0 0 0 -2 22 10 1 1 554 158 0 -27 -27 -6 -11 -11 0
1 10261 -111 3521 3 -3 0 0 0 0 -4 26 10 -2 3 22 7 0 -2 -2 6 10 21 0
1 10000 -86 -73 -3 11 0 0 0 0 -3 35 11 -1 0 278 80 0 -14 -14 3 -13 -19 0
1 10024 -121 -90 -2 -8 0 0 0 0 -14 23 6 -4 2 77 23 1 -4 -4 -3 -3 11 0
1 10000 -99 -103 -1 -5 0 0 0 0 -19 27 5 -12 10 57 16 0 -3 -3 0 2 -5 0
1 10001 -104 -113 0 8 0 0 0 0 -28 37 3 -8 10 128 40 2 -7 -7 0 14 9 0
1 8700 -93 -99 10 117 0 1396 -1 0 -37 122 -6 -16 3 118 36 1 -7 -7 0 -16 5 0
1 11300 -121 -80 39 73 0 0 0 2 -56 74 -28 -19 2 -40 -6 4 0 0 -2 1 -19 0
1 10000 -106 -59 -19 -4 0 0 0 0 0 7 -2 -9 4 276 84 3 -15 -15 2 5 8 0
1 10000 -114 -55 0 4 0 0 0 0 -19 4 -7 -4 1 156 49 3 -9 -9 -1 -3 9 0
1 10000 -101 -43 0 -1 0 0 0 0 -13 3 -5 -25 3 211 63 1 -12 -12 1 -2 -7 0
1 9999 -107 -38 0 1 0 0 0 0 -12 0 -5 -22 2 114 38 3 -7 -7 0 9 -1 0
1 10000 -105 -60 -5 0 0 0 0 0 -15 0 -5 -23 -1 158 51 4 -10 -10 4 -4 2 0
1 10000 -103 -62 3 1 0 0 0 0 -21 -2 -9 -29 0 187 59 3 -11 -11 -3 3 -9 0
1 10000 -93 -62 2 0 0 0 0 0 -19 -4 -8 -11 1 37 16 4 -4 -4 -4 0 8 0
1 10001 -108 -39 2 2 0 0 0 0 -12 -1 -6 -12 4 268 86 6 -16 -16 4 2 6 0
1 9999 -107 -22 -7 0 0 0 0 0 -2 -4 2 -95 15 67 25 3 -5 -5 -1 -6 -8 0
1 10000 -88 -37 -5 -1 0 0 0 0 -5 -5 -3 -82 7 286 98 9 -20 -20 0 11 20 0
1 10000 -87 -88 21 -5 0 0 0 0 -36 -17 -17 0 1 256 96 15 -20 -20 -3 -2 -9 0
1 9650 -114 -64 -24 100 -49 1116 0 0 2 59 -20 -55 13 346 115 9 -22 -22 1 5 7 0
1 14169 -148 84 -6 71 0 99 0 -2 23 64 -20 1 -2 378 122 8 -23 -23 2 -14 -10 0
1 10010 -96 77 -14 18 0 0 0 0 30 27 0 0 2 756 223 4 -40 -40 -3 2 6 0
1 10000 -98 62 7 0 0 0 0 0 12 7 3 6 3 395 115 1 -20 -20 1 3 0 0
1 10019 -97 119 23 19 0 0 0 0 18 24 -9 4 1 179 51 0 -9 -9 1 -9 -3 0
1 10000 -102 30 -38 -16 0 0 0 0 40 -4 22 -6 4 237 68 0 -12 -12 1 6 13 0
1 10000 -101 92 44 5 0 0 0 0 -6 1 -4 2 1 224 64 0 -11 -11 0 -7 -25 0
1 10000 -112 62 -48 -18 0 0 0 0 59 -8 28 -4 0 194 58 2 -10 -10 0 10 18 0
1 10000 -97 72 24 21 0 0 0 0 5 10 -6 -10 6 171 49 0 -8 -8 -3 -10 21 0
1 10000 -105 80 -15 -30 0 0 0 0 40 -27 26 -1 2 188 57 2 -10 -10 1 3 -39 0
1 10000 -96 60 20 31 0 0 0 0 0 12 -7 -5 1 154 46 1 -8 -8 -2 2 20 0
1 10000 -99 90 -18 -10 0 0 0 0 41 -23 20 4 0 195 57 0 -11 -11 5 6 0 0
1 13672 -150 82 4 -152 0 -1227 0 2 16 -145 59 -38 6 -131 -36 1 7 7 5 -9 -8 0
1 10619 -93 52 -29 -42 0 0 0 0 34 -53 9 -11 7 509 148 2 -26 -26 -8 0 1 0
1 10000 -87 22 9 17 0 0 0 0 -4 8 -1 -132 19 39 15 2 -3 -3 3 -7 8 0
1 10001 -77 -25 -16 -12 0 0 0 0 13 -1 0 -218 38 64 53 21 -14 -14 -2 26 10 0
1 9999 -93 -22 19 12 0 0 0 0 -23 16 -2 -20 -1 426 162 23 -33 -33 -3 -20 2 0
1 10000 -81 -21 -17 -4 0 0 0 0 8 2 0 -18 2 623 200 13 -37 -37 6 7 -6 0
1 10001 -59 13 9 -23 0 0 0 0 -5 -24 3 -17 1 797 248 11 -45 -45 -1 -16 -2 0
1 9999 -79 -20 -4 5 0 0 0 0 1 11 -1 3 -5 761 230 7 -41 -41 -5 9 6 0
1 10001 -87 -46 16 20 0 0 0 0 -27 30 -6 -31 4 533 160 4 -28 -28 4 34 15 0
1 9999 -85 -27 -19 -18 0 0 0 0 9 -10 2 -23 0 580 178 7 -31 -31 3 -31 8 0
1 10000 -79 -30 10 5 0 0 0 0 -14 14 -3 10 2 529 157 3 -27 -27 -5 -8 -17 0
1 10000 -78 -23 -2 -15 0 0 0 0 -9 -11 1 -9 2 433 127 2 -21 -21 3 14 4 0
1 10001 -81 20 6 23 0 0 0 0 2 16 -3 -52 -3 327 99 2 -18 -18 -1 -10 -19 0
1 8834 -87 17 -10 -5 -1 -3 -2 -4 15 -6 2 20 4 392 120 5 -21 -21 -4 -7 31 0
1 9982 -94 -3 -9 20 0 -1 -47 0 7 17 -4 -14 4 435 130 3 -21 -21 6 4 -26 0
1 10008 -81 -10 12 -17 0 1 -50 0 -15 -14 3 -30 -7 298 85 0 -15 -15 1 -6 -4 0
1 10001 -95 -39 -31 0 0 0 -53 0 15 8 -1 -29 -5 214 66 2 -11 -11 -4 5 9 0
1 10595 -87 -115 40 6 1 -1 -38 4 -69 26 -14 -71 -4 373 120 8 -22 -22 1 3 18 0
1 10579 -86 -24 -24 -7 0 0 0 0 13 -3 3 115 10 379 129 11 -24 -24 1 4 -4 0
1 10000 -78 3 -28 10 0 0 0 0 27 11 -1 -6 0 438 108 -10 -15 -15 3 -4 -4 0
1 10000 -68 -22 31 -10 0 0 0 0 -38 -12 -1 -125 -12 281 88 4 -16 -16 -2 -2 11 0
1 10001 -75 -15 -5 4 0 0 0 0 1 7 -2 12 0 142 60 11 -12 -12 -3 -3 -20 0
1 10000 -76 -37 -9 -4 0 0 0 0 -5 0 0 2 -1 380 112 2 -19 -19 1 13 14 0
1 10000 -79 -33 3 0 0 0 0 0 -14 1 -3 -18 -3 183 55 1 -9 -9 -2 -13 -9 0
1 10000 -85 -46 9 -2 0 0 0 0 -22 1 -5 6 2 233 71 3 -13 -13 4 9 7 0
1 9999 -87 -45 -4 2 0 0 0 0 -12 2 -3 -30 -3 256 75 1 -12 -12 -2 -4 16 0
1 10000 -82 -10 -15 -13 0 0 0 0 9 -11 5 8 1 131 44 3 -8 -8 0 -8 -26 0
1 10000 -68 -25 23 21 0 0 0 0 -27 17 -12 -14 -1 194 58 1 -9 -9 0 12 14 0
1 10000 -76 -32 -14 7 0 0 0 0 2 7 -2 -8 -1 185 56 2 -10 -10 2 -12 -9 0
1 9255 -71 16 17 -1 56 1 -3 -4 -9 -2 -2 -3 3 103 34 3 -7 -7 -6 1 3 0
1 9566 -98 -67 49 -15 0 -1 -46 0 -59 -10 -19 -50 1 120 34 -1 -5 -5 1 10 7 0
1 10001 -121 -37 -16 8 0 0 -53 0 1 -2 2 -10 5 -18 4 6 -2 -2 7 1 15 0
1 9999 -120 -18 1 2 0 1 -53 0 -6 3 -4 7 -2 117 41 4 -8 -8 -3 -6 -25 0
1 10014 -111 -6 -8 3 0 -1 -54 0 5 -2 3 -32 5 233 68 0 -11 -11 -3 -3 -1 0
1 16227 -198 79 25 187 1 1238 -12 2 5 145 -78 -62 8 182 65 8 -12 -12 2 23 9 0
1 10000 -123 115 7 -8 0 0 0 0 32 2 14 -50 8 658 207 10 -36 -36 -3 -10 7 0
1 10013 -115 44 1 12 0 0 0 0 14 9 -1 -41 4 351 117 9 -21 -21 3 -5 -1 0
1 10000 -121 119 -4 3 0 0 0 0 41 -3 17 3 1 424 129 4 -22 -22 2 4 9 0
1 10012 -129 149 -7 7 0 0 0 0 52 -13 21 28 4 318 100 5 -17 -17 -1 1 -2 0
1 10987 -122 138 -6 -18 -1 -10 0 -1 44 -40 30 22 -4 359 97 -4 -15 -15 3 -8 -13 0
1 9402 -101 80 -15 -143 -33 -1197 0 3 28 -141 54 -12 4 347 96 -2 -15 -15 -4 7 12 0
1 10617 -95 66 -32 -23 0 0 0 0 39 -43 7 5 1 116 36 2 -6 -6 0 3 -5 0
1 10001 -79 54 -6 -1 0 0 0 0 11 -20 1 11 -1 195 55 -1 -9 -9 0 -10 -3 0
1 10000 -85 18 -3 0 0 0 0 0 7 -6 0 -24 4 93 26 -1 -4 -4 4 12 14 0
1 10000 -82 -5 -6 -19 0 0 0 0 3 -15 1 -1 -1 110 36 3 -6 -6 -4 -3 -1 0
1 9999 -66 -10 10 -4 0 0 0 0 -9 0 1 16 2 114 32 0 -5 -5 1 5 16 0
1 10000 -65 -7 4 1 0 0 0 0 -3 4 0 17 0 185 50 -2 -8 -8 -5 -10 -13 0
1 10000 -85 7 -8 -3 0 0 0 0 6 -6 0 1 -1 -86 -28 -2 5 5 4 -3 -13 0
1 10000 -67 -34 -2 2 0 0 0 0 -2 14 -2 -3 -4 187 52 -1 -8 -8 2 9 -5 0
1 10000 -73 -45 4 -1 0 0 0 0 -13 14 1 11 4 -216 -62 0 10 10 -4 6 22 0
1 10000 -65 -5 -5 12 0 0 0 0 5 12 -2 5 0 85 22 -1 -3 -3 3 -11 -11 0
1 10001 -66 -32 3 -1 0 0 0 0 -7 11 -1 -10 0 -42 -12 0 2 2 2 10 3 0
1 9626 -71 -36 23 -6 50 -2 -4 -4 -28 6 0 11 -1 -104 -30 0 4 4 -3 7 2 0
1 9214 -97 -30 32 -5 0 0 -45 0 -36 4 -2 -23 5 118 33 -1 -4 -4 3 -8 16 0
1 9996 -108 -42 -9 -4 0 0 -54 0 -3 8 -2 -14 -2 -153 -41 2 6 6 1 -10 -11 0
1 7236 -72 -25 13 -2 0 0 -39 0 -18 4 -2 8 -8 270 82 2 -14 -14 -5 16 0 0
1 5631 -67 -10 -8 13 0 0 -30 0 5 14 -3 4 2 -163 -44 2 7 7 -2 -10 -1 0
1 6832 -90 -8 -5 10 -1 0 -37 0 1 10 -1 -7 1 74 16 -3 -2 -2 1 -7 -1 0
1 5638 -72 -8 -5 -10 1 0 -30 0 4 -5 2 -13 -8 103 30 0 -5 -5 2 7 0 0
1 5635 -64 24 -1 19 0 0 -32 0 8 11 -3 26 6 39 15 2 -3 -3 0 0 6 0
1 5622 -69 40 -13 21 0 0 -30 4 21 7 -1 44 5 -46 -16 -1 3 3 2 -6 -24 0
1 9298 -121 49 6 -8 0 0 -3 0 5 -21 5 -35 -3 65 7 -7 0 0 -1 1 2 0
1 5619 -55 14 -6 -13 0 0 0 0 8 -16 4 -17 1 -164 -46 1 8 8 -3 1 7 0
1 4999 -63 13 5 3 0 0 0 0 -2 -2 0 -5 -1 -20 2 4 -2 -2 3 -8 -7 0
1 5000 -55 -12 -2 -10 0 0 0 0 2 -4 1 2 1 76 23 1 -4 -4 0 19 11 0
1 4404 -56 -2 4 20 0 0 0 0 -6 18 -4 18 3 -20 -3 1 0 0 -2 -8 -6 -1
1 5622 -72 0 -1 -14 0 0 0 0 -2 -14 3 -51 -5 -83 -26 -1 5 5 3 -4 6 0
1 5000 -55 20 -6 8 0 0 0 0 14 3 0 43 6 -24 -2 3 0 0 -2 10 3 1
1 5578 -69 -6 3 -20 0 0 0 0 -7 -17 3 -3 -1 140 39 -1 -6 -6 -1 -13 -15 -1
1 5619 -63 -53 -9 -6 0 0 0 0 -1 12 -2 -280 10 3 4 2 -2 -2 1 15 48 1
1 5003 -53 -54 3 6 0 0 0 0 -17 19 -4 -296 24 -112 13 25 -7 -7 -3 4 17 -1
1 4999 -57 -68 4 -3 0 0 0 0 -23 13 -5 -255 26 144 111 39 -28 -28 1 5 20 0
1 4998 -51 -40 0 11 0 0 0 0 -11 18 -6 39 -5 403 185 38 -39 -39 5 4 14 0
1 7079 -73 -91 11 -18 0 0 -1 0 -39 -2 -5 -183 20 1195 395 29 -69 -69 0 -18 1 0
1 6802 -80 -54 -4 -5 0 0 0 0 -14 2 -3 -243 29 920 324 32 -59 -59 -1 25 35 0
1 5616 -64 -49 -8 3 0 0 0 0 -9 8 -4 10 -1 824 297 33 -54 -54 -2 -10 -17 0
1 4421 -35 -11 7 0 0 0 0 0 -9 1 -2 -181 12 1001 311 12 -51 -51 3 -12 -8 0
1 5001 -63 60 4 6 0 0 0 0 16 0 4 -371 94 1019 308 8 -50 -50 -6 3 15 0
1 5581 -68 124 -1 23 0 0 0 0 41 3 5 -461 57 967 390 60 -75 -75 4 -7 23 0
1 4423 -63 38 19 -25 0 0 0 0 -6 -29 8 24 -8 887 443 101 -92 -92 -2 9 2 0
1 5575 -77 36 -22 -6 0 0 0 0 29 -14 6 -29 12 2821 844 14 -132 -132 0 -1 19 0
1 4881 -51 -7 -17 -21 0 0 0 0 12 -17 4 4 -3 2159 647 11 -100 -100 -5 -1 -10 0
1 5620 -51 -10 10 23 0 0 0 0 -10 23 -6 5 0 2527 756 12 -115 -115 6 -6 18 0
1 5000 -39 -9 2 27 0 0 0 0 -3 26 -7 -16 4 1702 505 6 -76 -76 -1 -5 -16 0
1 5001 -64 -4 -2 4 0 0 0 0 -1 3 -1 -35 8 1393 415 5 -62 -62 -4 1 -4 0
1 4422 -35 -5 -2 -15 0 0 0 0 3 -9 3 -10 5 1348 404 7 -61 -61 7 -2 0 0
