version: 66.14
glider: 194
mission: 16
dive: 65
start: 6 2 125 2 5 54
columns: rec,elaps_tms,depth,heading,pitch,roll,AD_pitch,AD_roll,AD_vbd,GC_phase,mag.x,mag.y,mag.z,sbect.TempFreq,sbect.CondFreq,aa4330.O2,aa4330.AirSat,aa4330.Temp,aa4330.CalPhase,aa4330.TCPhase,wlbb2fl.sig470nm,wlbb2fl.sig700nm,wlbb2fl.sig695nm,wlbb2fl.temp,
data:
0 10507 -1572 3101 -796 120 211 3041 372 6 523 85 -94 227518 171017 281484 86453 13481 32377 32377 796 150 509 565
1 4999 16 115 15 -146 0 0 0 0 5 -11 16 -1045 19 -887 -173 53 12 12 -14 -2 -32 -1
1 5000 1 -41 -12 50 0 0 0 0 -2 4 -10 -875 4 -468 -110 17 11 11 150 12 32 0
1 5000 6 49 -7 -38 0 0 0 0 2 -9 -9 2339 10 -270 -114 -16 18 18 -126 5 4 0
1 5000 0 67 6 -46 0 0 0 0 2 -10 -4 -899 -1 1227 357 -11 -46 -46 228 12 31 0
1 5001 -5 -67 12 85 0 0 0 0 -1 8 10 -1057 -4 1514 541 40 -82 -82 -97 -5 27 0
1 5000 6 7 7 -8 0 0 0 0 1 -2 8 1172 -3 -48 -18 -2 3 3 171 8 -25 0
1 5000 -4 -131 -26 132 0 0 0 0 -6 15 -21 -297 5 -429 -107 13 12 12 -499 -44 -47 0
1 5000 0 -4 14 -25 0 0 0 0 -2 11 14 786 21 -675 -157 26 15 15 238 26 -15 0
1 5000 9 70 12 -136 0 0 0 0 4 -6 27 -1301 -5 -827 -252 2 34 34 183 20 83 0
1 4999 1 -74 -37 36 0 0 0 0 -4 8 -19 -412 3 -1311 -308 50 32 32 -12 -9 3 0
1 5001 -5 31 27 -24 0 0 0 0 0 2 16 2040 4 544 -5 -90 20 20 -278 -21 -34 0
1 6490 3 55 9 -68 0 0 1 -4 3 -14 15 -2130 -10 1071 401 37 -63 -63 152 8 49 0
1 5607 -17 -69 -18 107 0 0 164 0 -4 10 -25 301 8 266 102 11 -16 -16 -55 -1 -40 0
1 5630 14 2 -7 -12 0 0 162 0 1 -2 -1 1076 9 1222 313 -34 -37 -37 97 9 1 0
1 5620 14 64 -4 -63 0 0 162 0 2 -6 -8 -887 38 15310 4696 -8 -616 -616 -198 -21 2 0
1 5640 14 -40 -9 90 0 0 168 0 -1 -4 -15 202 18 11949 3653 -11 -454 -454 -18 -7 -26 0
1 5618 20 173 -9 -123 0 0 164 0 3 -25 -24 835 43 9674 3012 17 -365 -365 443 36 157 0
1 5635 23 25 16 69 0 0 167 0 3 -17 -6 -1321 22 5463 1652 -13 -190 -190 -587 -32 -94 0
1 5635 11 151 4 -73 0 0 164 0 5 -36 -8 -1289 -5 5757 1762 -5 -200 -200 23 -1 52 -1
1 5634 34 43 -4 30 0 1 161 0 0 -20 -8 -9 -42 5460 1651 -12 -183 -183 62 -9 -99 1
1 5640 51 -3525 -14 -33 0 -1 162 0 -2 -18 -14 809 -222 4640 1398 -13 -151 -151 216 22 53 0
1 5618 67 13 -7 15 0 0 166 0 -2 -7 -11 1848 -756 4402 1285 -29 -133 -133 376 42 140 0
1 5613 112 173 34 -138 0 1 183 0 5 -39 24 276 -214 4651 994 -183 -68 -68 -160 -11 -86 0
1 5620 136 341 37 -203 0 0 208 0 -14 -100 15 1664 -806 5829 1193 -244 -76 -76 -148 -15 43 0
1 5638 171 172 -72 -30 0 -1 235 0 -7 -3 -30 2162 -826 5854 793 -402 2 2 -86 -13 -80 -1
1 5612 198 -192 26 258 0 1 261 0 8 -3 47 228 -185 6427 1035 -363 -31 -31 85 12 86 0
1 10515 503 2975 0 635 6 0 228 -1 14 86 -25 1384 -863 3131 263 -268 30 30 2 3 -71 1
1 5823 322 -3345 -11 -306 1359 0 0 0 -3 -28 5 3045 -203 -108 -914 -352 172 172 -342 -32 -268 -1
1 5840 331 342 125 -358 1303 0 1 5 -15 -87 97 1154 90 -7199 -3207 -441 439 439 -15 -2 -102 0
1 7516 396 -3 163 72 222 0 0 0 -45 -32 153 370 57 -13951 -4706 -269 586 586 -6 0 -24 0
1 5042 236 25 98 37 0 0 0 0 -52 -10 88 972 120 -12077 -3735 -101 462 462 -94 -12 -73 0
1 5574 201 -47 44 55 0 0 0 0 -15 34 41 611 112 -9450 -3020 -129 398 398 -45 -5 -40 0
1 4420 153 -5 34 15 0 0 0 0 -18 8 27 153 -52 -6182 -2044 -120 286 286 28 6 -4 0
1 5580 157 11 10 17 0 0 0 0 -10 6 11 -94 -76 -7640 -2298 -47 310 310 48 3 6 0
1 4409 138 -21 7 17 0 0 0 0 1 16 7 102 39 -5732 -1682 -16 227 227 -31 -3 0 0
1 5621 145 -20 -2 4 0 0 0 0 5 8 -3 -12 10 -6631 -2024 -59 290 290 -2 -1 -10 0
1 4418 127 14 1 -10 0 0 0 0 -3 -10 0 -33 -25 -4786 -1415 -21 203 203 16 1 2 0
1 10582 281 72 3 -19 0 0 0 0 -22 -27 9 -135 -50 -9579 -2753 -2 396 396 -5 2 8 0
1 10001 265 24 -1 13 0 0 0 0 -5 2 6 -111 -35 -7277 -2077 5 308 308 14 1 0 0
1 12149 304 -10 36 72 105 825 1 -2 -23 50 37 -139 -60 -5946 -1699 5 258 258 22 3 4 0
1 10621 240 -78 52 64 0 0 0 0 -15 64 24 -9 -10 -3092 -868 10 133 133 54 6 4 0
1 10000 199 -63 24 4 0 0 0 0 1 19 2 5 2 -2596 -755 -5 120 120 33 3 1 0
1 10000 176 -75 6 -2 0 0 0 0 13 20 -8 18 -9 -1981 -572 -2 91 91 5 2 -9 0
1 10000 164 -69 -2 -1 0 0 0 0 16 20 -12 125 35 -1628 -473 -4 77 77 -36 -4 5 0
1 10000 180 -63 1 1 0 0 0 0 9 21 -9 -19 -30 -1235 -389 -19 68 68 6 -3 -2 0
1 10001 165 -62 4 -6 0 0 0 0 6 19 -6 -7 -13 -1361 -392 -1 64 64 46 8 0 0
1 10423 176 -46 -3 -7 1 -9 1 0 5 12 -6 7 -8 -1149 -333 -2 54 54 -65 -7 -10 0
1 9577 167 -35 0 -95 0 -809 0 2 3 -47 2 0 -8 -605 -175 -1 29 29 -8 -2 4 0
1 9999 173 -1 7 -21 0 0 0 0 -6 -13 5 -8 -33 -810 -234 -1 39 39 -9 -2 1 1
1 10001 149 28 8 -7 0 0 0 0 -7 -16 6 199 -26 -575 -184 -11 33 33 40 8 -5 0
1 9999 152 33 2 -3 0 0 0 0 -3 -15 1 42 4 -805 -269 -22 50 50 -55 -9 7 0
1 10001 141 -4 -2 5 0 0 0 0 2 5 -2 182 20 -856 -258 -8 44 44 11 2 -10 0
1 9999 137 -22 -1 -4 0 0 0 0 0 6 1 46 10 -767 -283 -36 56 56 -15 1 2 -1
1 10000 140 -45 -2 14 0 0 0 0 1 28 0 201 17 -1000 -326 -23 61 61 -1 -2 -10 0
1 10000 148 25 2 -10 0 0 0 0 1 -17 -1 194 21 -1031 -347 -31 65 65 33 2 0 1
1 10001 135 20 3 -4 0 0 0 0 -3 -11 1 120 7 -1230 -413 -36 79 79 12 -1 -11 -1
1 10000 149 22 2 -2 0 0 0 0 -3 -10 2 64 2 -1288 -411 -25 77 77 9 4 7 1
1 10000 138 45 1 1 0 0 0 0 -4 -17 2 96 -8 -1366 -410 -12 74 74 -72 -7 -9 0
1 10000 136 26 4 -1 0 0 0 0 -6 -11 3 3 -16 -1135 -358 -21 66 66 53 5 6 0
1 9999 137 39 5 -1 0 -1 1 0 -8 -16 3 6 -36 -1138 -330 -3 58 58 -37 -3 -1 0
1 9999 132 51 -8 -4 0 0 0 0 -6 -19 1 -15 -22 -876 -252 -1 44 44 -3 1 1 0
1 10002 140 83 8 3 0 0 0 0 -21 -27 8 -23 -34 -731 -209 -1 38 38 44 7 9 0
1 10000 123 53 1 3 0 0 0 0 -16 -13 6 -5 -2 -643 -184 0 32 32 25 -1 -2 0
1 9998 112 44 -4 3 0 0 0 0 -10 -8 3 2 3 -518 -148 0 25 25 -82 -8 -6 0
1 10001 123 23 7 0 0 0 0 0 -12 -7 5 -20 -26 -304 -90 -2 17 17 56 8 -1 0
1 10000 129 39 -9 20 0 0 0 0 -5 7 5 -4 -2 -396 -105 5 17 17 85 6 8 0
1 10000 123 25 3 -20 0 0 0 0 -11 -19 -1 -5 -8 -273 -79 -1 15 15 -75 -4 1 0
1 10001 122 37 0 0 0 0 0 0 -12 -7 4 1 -2 -163 -48 -1 8 8 6 -1 -2 0
1 10000 129 -23 -4 18 0 0 0 0 11 17 1 2 0 -244 -69 1 12 12 13 4 1 0
1 9999 127 -3 5 -19 0 0 0 0 -5 -12 -3 -2 2 -142 -41 -1 8 8 -59 -5 -6 0
1 10001 115 11 8 1 0 0 0 0 -8 -3 3 1 2 -167 -46 1 7 7 53 -2 6 0
1 11006 122 -13 -17 80 0 820 0 -2 18 62 11 -3 -3 -160 -48 -1 9 9 10 3 1 0
1 10632 136 -22 2 52 0 0 0 0 4 44 5 1 -2 -33 -10 -1 2 2 -9 2 1 0
1 10000 125 -26 7 -4 0 0 0 0 1 6 0 -4 -3 -8 -4 0 1 1 -24 -3 -13 0
1 10000 105 -61 5 -20 0 0 0 0 15 -4 -9 1 -2 -73 -21 -1 4 4 80 8 12 0
1 10000 113 -52 -15 12 0 0 0 0 30 17 -15 -2 -10 -190 -55 0 10 10 -16 -3 -1 0
1 10201 120 -71 16 16 0 0 0 0 2 36 0 4 -6 -90 -26 0 5 5 9 3 1 0
1 10000 111 -52 -1 -10 0 0 0 0 11 9 -7 -3 -3 -120 -34 0 5 5 -3 2 -2 1
1 10000 124 -10 -5 5 0 0 0 0 8 5 -6 -12 -5 -76 -22 0 5 5 -57 -9 4 -1
1 10000 121 -37 0 -6 0 0 0 0 6 8 -4 10 7 -121 -32 1 5 5 88 13 -3 0
1 13426 189 -30 -15 -18 0 0 0 0 16 -3 -11 15 10 -324 -103 -6 20 20 53 16 2 1
1 10000 118 -75 28 34 0 0 0 0 -12 54 3 -6 -14 128 35 -1 -6 -6 -48 -19 -7 0
1 11735 157 -74 -16 -73 0 -850 0 2 11 -21 -5 13 14 -178 -51 0 9 9 111 11 6 -1
1 10621 175 -11 12 -65 0 0 0 0 -6 -39 7 -18 -20 -87 -27 -2 5 5 -66 -8 1 0
1 9999 124 62 19 29 0 0 0 0 -17 -5 12 17 -2 -87 -15 6 1 1 -31 0 -4 0
1 10002 81 78 -17 -32 0 0 0 0 9 -54 -10 -8 0 -7 -9 -4 3 3 36 -1 1 1
1 9998 72 24 -17 -10 0 0 0 0 8 -16 -8 43 -5 -104 -33 -2 6 6 12 1 -1 0
1 10000 94 56 -5 19 0 0 0 0 -8 -5 5 -92 -56 -90 -22 2 4 4 -72 -1 18 0
1 10000 104 28 11 -33 0 0 0 0 -10 -35 0 4 -15 -86 -18 4 2 2 -22 -3 -14 0
1 10002 102 44 5 14 0 0 0 0 -14 -5 8 -10 -1 -150 -33 6 4 4 48 -3 0 0
1 10000 117 67 -3 -8 0 0 0 0 -14 -26 1 -22 -17 -45 -12 1 3 3 -37 5 3 0
1 9999 122 38 -6 8 0 0 0 0 -6 -5 2 -4 1 -32 -4 3 0 0 15 -2 5 0
1 10001 126 19 16 10 0 0 0 0 -18 3 12 14 4 -11 -2 1 0 0 51 4 1 0
1 9998 118 53 1 0 0 0 0 0 -17 -13 6 -21 -11 -65 -21 -2 4 4 -41 0 -7 0
1 10000 127 18 -11 -14 0 0 0 0 3 -14 -7 0 -5 3 4 2 -2 -2 -18 -6 0 0
1 11050 135 -11 8 84 0 844 0 -2 -2 64 21 8 0 -126 -34 1 6 6 35 1 6 0
1 10620 123 -18 -24 49 0 0 0 0 22 41 -5 -16 -9 55 18 1 -3 -3 49 6 -8 0
1 10000 149 -60 20 12 0 0 0 0 3 23 1 4 5 -81 -29 -3 6 6 -89 -7 7 0
1 10000 116 -28 9 -11 0 0 0 0 0 1 0 -19 -29 -41 -7 3 1 1 -2 2 4 0
1 10000 113 -15 -21 10 0 0 0 0 20 9 -10 -3 -3 6 3 0 -1 -1 81 4 2 0
1 10000 115 -36 0 13 0 0 0 0 9 19 -6 1 -13 -60 -15 2 2 2 7 3 -8 0
1 10000 112 -68 6 -19 0 0 0 0 9 8 -7 -4 -3 -8 -1 1 0 0 -43 -1 0 0
1 9999 140 -36 5 -4 0 0 0 0 6 8 -3 -2 1 -59 -18 -1 3 3 75 6 6 0
1 10001 126 -91 -2 27 0 0 0 0 15 50 -14 8 14 -42 -13 0 3 3 -88 -9 4 0
1 9316 100 -47 14 -11 0 -8 0 0 -8 13 4 -3 -7 45 11 -2 -2 -2 82 5 0 0
1 10684 116 -20 -7 -115 0 -807 0 2 7 -72 0 -2 2 -158 -44 1 8 8 -131 -11 -11 0
1 9999 99 -19 8 -14 0 0 0 0 -5 -2 3 1 -6 76 23 1 -4 -4 31 6 1 0
1 10001 86 22 -6 -8 0 0 0 0 4 -15 -3 4 -5 -65 -17 1 2 2 7 -2 3 0
1 9999 107 30 -8 -7 0 0 0 0 5 -17 -4 4 -3 -101 -33 -3 7 7 -14 -1 -1 0
1 10001 82 15 6 10 0 0 0 0 -8 2 5 -1 0 24 7 1 -2 -2 -44 -2 7 0
1 9999 112 70 7 -13 0 0 0 0 -11 -37 3 19 -8 -83 -24 -1 5 5 163 11 -7 0
1 10001 97 49 14 4 0 0 0 0 -19 -15 11 -14 -13 45 9 -2 -1 -1 37 2 9 0
1 9999 102 2 -14 -9 0 0 0 0 9 -6 -8 -21 -21 -160 -40 3 6 6 -131 -6 6 0
1 10001 85 12 -6 -8 0 0 0 0 3 -10 -3 6 1 65 21 1 -4 -4 33 -2 -5 0
1 10000 81 -6 3 21 0 0 0 0 0 16 3 -1 -3 -8 -2 1 0 0 -3 2 -8 0
1 10000 78 -44 -2 5 0 0 0 0 9 20 -3 21 -12 -55 -18 -2 4 4 30 4 2 1
1 10000 102 -57 -4 3 0 0 0 0 9 24 -4 -16 4 -61 -22 -2 5 5 27 0 7 -1
1 10000 94 2 7 -10 0 0 0 0 -6 -8 4 11 -5 36 14 2 -3 -3 -4 0 4 0
1 10000 99 -15 3 1 0 0 0 0 1 6 1 -3 0 -53 -18 -2 4 4 -124 -11 -7 0
1 10000 100 17 2 2 0 0 0 0 -4 -5 2 13 -3 -62 -19 -1 3 3 143 5 13 1
1 10000 105 6 5 6 0 0 0 0 -3 2 2 6 -8 -31 -10 0 2 2 68 16 -8 0
1 10000 96 33 -8 20 0 0 0 0 0 2 -1 5 -3 -146 -44 -2 9 9 -72 -5 -1 -1
1 9999 113 71 5 -19 0 0 0 0 -16 -39 6 9 -9 -11 -4 0 0 0 277 24 0 1
1 12061 98 49 -16 88 0 821 0 -2 2 46 5 1 -4 -165 -52 -3 10 10 -195 -11 5 0
1 10623 121 -29 6 26 0 0 0 0 -1 30 2 22 -10 -122 -39 -3 8 8 277 28 0 0
1 10000 107 -38 -2 2 0 0 0 0 11 13 -6 -4 -4 -47 -14 0 3 3 43 0 5 0
1 10000 109 -24 13 14 0 0 0 0 -4 18 2 11 -2 -249 -75 -3 14 14 -87 -10 -7 0
1 10000 93 -41 -4 -8 0 0 0 0 6 10 -5 4 -2 -105 -30 0 5 5 161 19 3 0
1 10000 116 -31 -5 -15 0 0 0 0 10 -1 -7 9 -2 -175 -54 -2 10 10 54 19 9 0
1 10000 98 -42 10 13 0 0 0 0 -4 26 0 1 -1 -143 -42 -1 9 9 19 -8 -5 0
1 10915 88 -20 -8 -71 0 -830 0 2 6 -42 -1 5 -2 -168 -48 0 8 8 -229 -15 -6 0
1 10622 98 -11 2 -49 0 0 0 0 1 -29 0 3 -2 -119 -34 0 6 6 312 27 3 0
1 9999 91 -46 -5 1 0 0 0 0 5 19 -4 -15 6 5 0 -1 1 1 -247 -28 -4 0
1 9996 107 1 3 -3 0 0 0 0 -2 -3 1 3 -5 -107 -28 2 4 4 -64 1 2 0
1 10004 115 21 4 -17 0 0 0 0 -4 -20 3 1 -2 1 -2 -2 1 1 148 13 0 0
1 10000 124 23 -1 8 0 0 0 0 0 -4 1 10 0 -87 -26 -1 5 5 109 3 -1 0
1 10001 113 -9 16 -4 0 0 0 0 -14 1 8 -12 8 -39 -11 0 2 2 -267 -25 3 0
1 9999 101 27 -30 -6 0 0 0 0 24 -15 -18 -8 -1 40 11 0 -3 -3 -52 0 -2 0
1 10001 134 42 11 -9 0 0 0 0 -13 -23 7 4 1 -86 -23 1 4 4 191 13 -2 0
1 10000 106 33 3 11 0 0 0 0 -6 -5 4 15 13 -30 -8 1 2 2 -71 -18 -2 0
1 10000 110 5 8 3 0 0 0 0 -6 0 3 5 2 -2 -5 -3 2 2 -136 -5 -4 0
1 10000 91 -9 -11 22 0 0 0 0 10 19 -4 -11 -35 6 4 1 -1 -1 304 30 9 0
1 9999 107 6 2 -11 0 0 0 0 -4 -9 2 6 -9 -168 -50 -1 9 9 101 17 3 0
1 10002 99 42 1 -1 0 0 0 0 -5 -18 1 37 -29 -25 -7 0 1 1 247 19 5 0
1 9999 75 10 -13 -7 0 0 0 0 8 -8 -7 64 -21 -48 -25 -7 7 7 228 32 7 0
1 10000 91 15 -11 -5 0 0 0 0 4 -8 -5 -24 8 -189 -61 -5 12 12 -333 -35 -6 0
1 9999 109 29 10 6 0 0 0 0 -12 -7 7 8 -8 -382 -110 0 20 20 126 27 1 0
1 10001 89 58 11 5 0 0 0 0 -20 -16 9 52 -14 -136 -61 -14 14 14 641 63 -2 0
1 9999 80 59 -17 12 0 0 0 0 -2 -9 -1 94 -28 -338 -106 -6 21 21 519 63 15 0
1 11025 104 30 1 85 0 822 0 -2 -11 56 19 147 -41 -471 -166 -20 36 36 807 95 -4 0
1 10621 91 -54 -10 32 0 0 0 0 24 33 -12 35 -14 -628 -202 -15 40 40 332 110 5 0
1 10001 119 -135 40 34 0 0 0 0 -1 72 2 18 -5 -594 -191 -13 39 39 98 243 16 0
1 9999 100 -145 -29 -65 0 0 0 0 38 4 -29 34 -7 -602 -174 -2 32 32 16 920 54 0
1 10964 96 3472 36 -89 0 -821 0 2 -30 -8 22 5 -5 -759 -230 -9 45 45 0 180 13 1
1 10623 92 -24 -14 5 0 0 0 0 9 13 -6 6 0 -460 -140 -6 27 27 0 137 12 -1
1 9999 79 -239 127 -30 0 0 0 0 -147 59 64 1 7 -373 -108 -1 21 21 0 2025 152 1
1 10000 12 42 -28 76 0 0 0 0 34 47 -27 -1 -1 -507 -143 1 26 26 0 0 70 0
1 10000 -16 35 27 -22 0 0 0 0 -16 -28 15 0 0 -276 -79 -1 15 15 0 0 -8 0
1 10001 -6 222 1 -9 0 0 0 0 30 -88 4 0 2 -307 -89 -1 18 18 0 0 -18 0
1 10000 7 -131 -15 -74 0 0 0 0 -1 -10 1 0 4 -160 -42 3 6 6 0 0 20 0
1 10000 -12 -133 15 70 0 0 0 0 -39 102 -3 -2 5 -208 -63 -3 14 14 0 0 21 0
1 10000 4 275 3 -8 0 0 0 0 39 -106 3 3 3 -191 -55 0 9 9 0 0 -30 0
1 10000 -10 -3482 3 90 0 0 0 0 -12 26 3 -54 -2 -14 -3 0 1 1 0 -708 -114 0
1 10000 -6 -55 -25 -84 0 0 0 0 29 -47 -10 -65 -2 -117 -31 2 5 5 0 708 137 0
1 9999 -13 3497 -24 135 0 0 0 0 18 141 -33 67 2 27 7 -1 -1 -1 0 -129 -87 0
1 10001 -1 -44 45 -114 0 0 0 0 -42 -66 36 13 0 -76 -23 0 5 5 0 129 108 0
1 10000 -7 11 -13 57 0 0 0 0 11 39 -14 38 -1 -113 -32 -1 6 6 0 0 -6 0
1 10000 4 26 -4 59 0 0 0 0 7 35 -12 -28 0 37 9 -1 -1 -1 0 0 -21 0
1 10000 -8 -3509 30 -32 0 0 0 0 -25 -57 26 26 -3 -118 -31 2 5 5 0 0 59 0
1 9999 2 112 -9 4 0 0 0 0 2 -40 6 -42 2 -9 -5 -1 1 1 0 0 15 0
1 10001 -12 73 -8 -75 0 0 0 0 -4 -88 4 22 -1 -100 -28 0 6 6 0 0 -88 0
1 10000 -1 54 -8 -82 0 0 0 0 -2 -86 -12 -38 2 114 31 -1 -6 -6 0 0 -14 0
1 11802 -16 34 12 -34 93 -322 -2 -4 -16 -39 -6 -1546 5 -147 -40 1 7 7 0 -75 -52 0
1 7030 -19 83 7 13 0 0 -27 0 -30 -14 6 447 7 137 36 -2 -6 -6 0 75 40 0
1 10004 -9 -7 -54 -20 0 0 -55 0 47 -11 -22 439 4 -165 -48 -1 9 9 0 0 10 0
1 9986 -13 -63 58 167 0 0 -56 0 -33 153 46 341 2 279 79 0 -15 -15 0 -21 -24 0
1 10009 -8 -289 -37 -147 0 0 -56 0 71 -13 -29 365 2 -186 -53 1 10 10 0 -1537 -106 0
1 9985 -17 3478 3 27 0 0 -55 0 -9 69 5 15 2 -82 -19 2 3 3 0 1558 208 0
1 10027 -9 -3467 -4 48 0 0 -53 0 9 -14 -4 -18 -3 142 38 -1 -7 -7 0 0 -104 0
1 10002 -5 3562 21 -56 0 1 -54 0 -18 -30 9 5 1 -173 -46 2 8 8 0 0 76 0
1 9977 -21 -3465 -26 -1 0 0 -52 0 15 -53 -12 -64 -1 66 17 -2 -2 -2 0 0 -41 0
1 9986 -3 84 -6 26 0 0 -52 0 -5 -12 0 40 0 -205 -59 0 10 10 0 -551 -74 0
1 10028 -9 -115 -20 -32 0 -1 -53 0 31 20 -13 -640 2 48 14 0 -2 -2 0 302 26 0
1 9986 -4 3432 -4 5 0 0 -52 0 1 70 4 674 -1 351 104 3 -20 -20 0 249 32 0
1 16947 -15 -185 120 214 385 0 -41 0 -130 234 -13 -10 4 452 124 -3 -23 -23 0 0 -2 0
1 7496 -34 -3225 88 -253 0 0 -35 0 -58 -345 66 -360 6 -309 -86 1 16 16 0 -1597 -147 0
1 6106 -17 213 20 41 0 0 -30 0 -54 -38 -3 241 0 -421 -120 0 22 22 0 932 49 0
1 9464 -10 222 22 11 0 1 -48 0 -85 -43 -16 -442 -12 318 90 0 -17 -17 0 639 66 0
1 9994 -8 115 -12 -29 0 -1 -51 0 -30 -37 -19 -275 1 -1029 -292 0 56 56 0 -320 -28 0
1 9999 -8 -9 35 7 0 0 -50 0 -28 8 -1 480 -3 676 193 1 -37 -37 0 253 54 0
1 10013 -24 -19 18 11 0 1 -50 0 -8 10 3 -47 3 191 55 0 -10 -10 0 -27 -18 0
1 9976 -36 -71 72 -5 0 0 -50 0 -38 8 -6 411 -5 -73 -17 2 3 3 0 -58 -21 0
1 10028 -32 194 38 0 0 0 -51 0 -90 -17 -44 -2 3 -818 -232 1 43 43 0 -206 -27 0
1 9982 -56 135 -63 -7 0 0 -49 0 4 -3 0 5 0 777 229 5 -44 -44 0 -813 -60 0
1 9984 -51 -84 59 2 0 0 -49 0 -17 -1 -10 3 -1 16 3 -1 -1 -1 0 -701 -21 0
1 10000 -89 -78 8 -14 0 -1 -51 0 17 -6 7 -3 4 33 8 -1 -1 -1 0 -472 -50 0
1 10031 -88 111 -15 63 0 1 -51 0 -21 41 7 0 0 -120 -33 1 6 6 0 -7 5 0
1 20053 -166 -94 16 -234 5 -1343 -33 2 16 -156 -95 -28 7 -16 -8 -2 2 2 0 -733 -52 0
1 10001 -98 34 -56 18 0 0 0 0 31 5 23 -6 -11 234 69 2 -13 -13 0 -112 -6 0
1 10000 -85 0 59 -8 0 0 0 0 -44 4 -24 -98 31 128 39 1 -9 -9 -27 -123 -12 0
1 10000 -122 2 -32 8 0 0 0 0 24 -1 14 -18 9 21 24 11 -7 -7 -110 -111 3 0
1 10000 -131 8 -2 2 0 0 0 0 -2 2 2 -79 18 232 71 3 -13 -13 -1895 -345 -25 0
1 10000 -145 6 16 7 0 0 0 0 -15 8 -2 -76 32 221 87 16 -21 -21 -354 -24 -8 0
1 10000 -155 -12 -20 -23 0 0 0 0 19 -17 -5 -44 14 433 148 16 -32 -32 334 34 4 0
1 10000 -169 -15 14 7 0 0 0 0 -5 5 2 -9 4 611 188 9 -37 -37 7 -11 4 0
1 10000 -150 27 -9 8 0 0 0 0 -2 3 3 -89 35 572 174 7 -34 -34 -614 -77 -6 0
1 9999 -174 -2 1 -2 0 0 0 0 0 -1 -1 -6 21 499 163 13 -33 -33 -142 -13 -11 0
1 10001 -161 -8 -4 -1 0 0 0 0 6 -2 1 -4 26 674 198 4 -38 -38 -196 -9 1 0
1 10000 -162 -38 -2 -5 0 0 0 0 13 -3 5 -4 10 554 161 1 -30 -30 277 28 -2 0
1 10000 -163 -10 -11 6 0 0 0 0 12 2 8 -4 7 457 134 3 -25 -25 -190 -31 -2 0
1 10000 -139 -58 5 -9 0 0 0 0 16 -5 3 -6 -2 459 132 1 -25 -25 79 3 2 0
1 10000 -126 -55 1 13 0 0 0 0 18 9 16 -6 3 387 114 2 -22 -22 -98 7 1 0
1 10000 -141 -80 4 -16 0 0 0 0 22 -3 7 3 -1 291 84 0 -15 -15 467 59 12 0
1 10000 -122 -49 -12 12 0 0 0 0 24 15 19 -8 4 276 81 2 -15 -15 -528 -74 -19 0
1 10000 -131 -34 15 -14 0 0 0 0 -4 -3 -3 -12 1 226 65 1 -13 -13 -74 -2 1 0
1 10000 -113 -33 -17 26 0 0 0 0 24 23 23 -1 2 174 52 1 -9 -9 6 -5 -1 0
1 10000 -116 -49 22 3 0 0 0 0 -6 13 8 12 0 211 62 1 -11 -11 -69 -19 2 0
1 10000 -118 -76 -12 -22 0 0 0 0 26 3 6 -3 4 106 30 0 -6 -6 73 29 11 0
1 10000 -124 -80 3 -1 0 0 0 0 11 21 15 4 -1 136 39 0 -7 -7 257 20 -1 0
1 10000 -127 -40 6 5 0 0 0 0 1 16 9 -17 0 72 19 -1 -4 -4 -286 -31 -5 0
1 10000 -115 -60 -6 -3 0 0 0 0 10 18 10 -7 3 153 46 1 -8 -8 15 4 -5 0
1 10000 -123 -46 -1 -1 0 0 0 0 4 14 7 -26 4 142 43 3 -8 -8 -190 -19 1 0
1 9166 -109 -52 7 77 -1 1206 -3 0 -2 83 28 -6 0 19 12 3 -3 -3 -4 1 1 0
1 10834 -137 3562 -7 101 -35 160 0 2 6 101 16 -3 0 110 34 2 -7 -7 -14 -9 -2 0
1 10000 -98 -49 -4 6 0 0 0 0 2 24 1 5 0 184 55 2 -10 -10 -70 -13 2 0
1 10000 -108 -32 -4 1 0 0 0 0 2 13 0 0 0 50 15 0 -3 -3 60 5 0 0
1 10000 -101 7 3 5 0 0 0 0 -1 2 0 -4 9 187 54 0 -10 -10 -159 -16 -10 0
1 10000 -106 -1 -6 -12 0 0 0 0 6 -10 0 11 3 44 12 0 -2 -2 159 21 16 0
1 10000 -109 -4 -1 14 0 0 0 0 0 13 0 -3 2 121 32 -1 -6 -6 -45 -14 -11 0
1 10000 -99 19 3 1 0 0 0 0 -1 -6 0 3 4 71 20 0 -3 -3 -39 3 -1 0
1 10000 -93 -1 -1 -6 0 0 0 0 -4 -5 0 2 6 50 16 0 -3 -3 -10 -5 1 0
1 9999 -106 31 12 3 0 0 0 0 -7 -9 -1 -7 49 5 0 0 0 0 -41 1 -4 0
1 10001 -104 -3546 -11 -15 0 0 0 0 13 -34 0 -6 4 46 15 1 -3 -3 -113 -14 -6 0
1 10000 -101 1 4 -5 0 0 0 0 -6 -4 0 -10 -4 101 29 0 -5 -5 49 2 3 0
1 10000 -99 -15 -3 21 0 0 0 0 3 24 1 1 1 66 20 1 -4 -4 -36 -3 4 0
1 10000 -95 3579 -1 -4 0 0 0 0 2 4 0 4 7 135 42 2 -8 -8 20 4 -8 0
1 10000 -94 -17 4 -3 0 0 0 0 -4 4 0 -6 -3 18 4 -1 -1 -1 26 6 6 0
1 10000 -120 -3555 20 3 0 0 0 0 -19 -14 -2 13 4 89 27 1 -5 -5 101 3 9 0
1 10000 -119 -11 -24 13 0 0 0 0 19 15 2 12 3 -33 -13 -2 3 3 -23 -4 -14 0
1 10000 -114 3561 16 0 0 0 0 0 -11 15 -1 3 6 33 6 -2 -1 -1 -78 -9 -9 0
1 10000 -110 -27 -25 -16 0 0 0 0 18 -4 2 5 5 124 35 -1 -6 -6 -18 4 5 0
1 11308 -123 -78 -1 70 -57 1093 0 0 -1 91 -8 -18 -4 -69 -20 0 4 4 122 15 9 0
1 13905 -137 -63 10 87 0 55 0 -2 -17 93 -29 48 32 -213 -60 1 11 11 -16 -3 4 0
1 10000 -116 7 -16 13 0 0 0 0 19 10 -2 1 2 320 85 -4 -15 -15 -30 -3 -9 0
1 10000 -118 19 -9 6 0 0 0 0 10 -1 1 -1 0 61 14 -2 -2 -2 129 8 0 0
1 10020 -99 31 -10 12 0 0 0 0 9 -2 1 10 6 -53 -17 -1 3 3 -113 -7 -6 0
1 9999 -94 72 16 12 0 0 0 0 -3 -14 5 3 3 -38 -13 -2 3 3 34 1 9 0
1 10261 -125 58 -3 -21 0 0 0 0 0 -38 13 -2 -1 -70 -22 -1 4 4 -33 -3 -2 0
1 10000 -116 0 11 11 0 0 0 0 -8 9 -3 8 11 52 14 0 -2 -2 103 13 -3 0
1 10000 -125 -3554 -12 -8 0 0 0 0 11 -23 7 7 5 22 7 0 -2 -2 -85 -7 -2 0
1 10000 -122 -1 -9 2 0 0 0 0 8 2 0 1 1 99 25 -2 -3 -3 -121 -10 3 0
1 10000 -99 -15 5 -6 0 0 0 0 -3 1 0 -5 -1 -64 -20 -1 4 4 -12 -3 -4 0
1 10000 -105 31 10 12 0 0 0 0 -11 -2 0 -1 -1 -28 -9 -1 1 1 152 15 0 0
1 10000 -102 75 -16 -9 0 0 0 0 9 -35 7 -1 2 -33 -8 1 1 1 25 1 13 0
1 12189 -115 55 -19 -126 -47 -1159 -1 2 13 -131 9 3 6 -33 -9 0 2 2 15 -1 -5 0
1 10623 -65 42 -54 -37 0 0 0 0 43 -48 -7 10 10 -59 -18 -1 3 3 -74 0 -3 0
1 10000 -70 16 -11 -8 0 0 0 0 7 -12 -3 6 -6 197 55 0 -9 -9 -18 -3 3 0
1 10000 -59 -31 6 -7 0 0 0 0 1 4 1 6 14 -107 -32 -1 6 6 -110 -14 -11 0
1 10000 -54 -18 0 4 0 0 0 0 3 10 2 -1 -2 12 3 -1 -1 -1 201 25 11 0
1 10000 -68 -32 5 5 0 0 0 0 1 15 2 6 6 58 15 0 -2 -2 -88 -14 -2 0
1 10001 -54 -31 -8 -3 0 0 0 0 11 9 -1 3 5 -33 -10 -1 2 2 -88 -5 -11 0
1 10000 -61 -64 5 -9 0 0 0 0 -1 17 3 35 24 62 16 -1 -3 -3 155 14 9 0
1 9999 -61 -25 7 -3 0 0 0 0 -3 7 0 -3 1 34 4 -3 0 0 -51 -5 -1 0
1 9999 -61 -10 3 7 0 0 0 0 -9 10 2 1 5 -56 -17 -1 3 3 -47 -4 0 0
1 10001 -76 3574 -15 6 0 0 0 0 16 15 -1 2 5 -93 -29 -1 6 6 102 10 -11 0
1 10000 -65 -28 18 15 0 0 0 0 -16 24 2 6 4 66 20 0 -4 -4 -120 -13 7 0
1 10000 -70 15 -30 -43 0 0 0 0 30 -43 -5 -34 -27 41 8 -2 -1 -1 49 7 4 0
1 9640 -62 -12 14 10 -1 -2 -3 -4 -14 13 3 22 11 -240 -66 2 12 12 84 6 -3 0
1 9194 -67 -17 9 3 0 0 -42 0 -10 9 1 -8 7 222 63 -1 -11 -11 -146 -17 -7 0
1 9996 -70 -5 8 -22 0 0 -50 0 -10 -17 0 2 -5 -201 -56 1 10 10 59 9 6 0
1 9999 -79 -32 -26 51 1 0 -52 0 27 57 -3 18 11 181 50 -1 -9 -9 -8 -4 1 0
1 10000 -75 -33 11 -32 0 0 -50 0 -16 -16 2 -8 0 8 0 -1 0 0 62 5 1 0
1 9996 -88 -31 -13 11 0 0 -52 0 11 22 -2 2 -1 -172 -49 0 9 9 -3 4 4 0
1 9523 -67 -10 -5 88 0 1136 -43 4 1 80 -12 -2 -1 189 53 -1 -9 -9 -46 -12 -10 0
1 13986 -115 32 12 91 0 7 1 -2 -7 64 -19 29 46 -302 -87 -1 15 15 43 14 3 0
1 10024 -87 66 -5 1 0 0 0 0 13 -22 6 -7 7 326 88 -2 -15 -15 -12 -8 2 0
1 10001 -78 -3539 0 -5 0 0 0 0 -1 -27 9 -10 3 17 3 -1 0 0 115 7 7 0
1 10000 -93 89 5 9 0 0 0 0 -6 -25 7 -14 10 75 24 1 -5 -5 -190 -12 -7 0
1 10966 -77 86 -3 -14 -1 -10 0 -1 -7 -44 7 -12 9 -1 2 1 0 0 54 1 -3 0
1 9291 -100 57 47 -145 50 -1106 0 3 -54 -147 0 -28 19 191 57 2 -11 -11 74 10 -3 0
1 10621 -97 70 -2 -6 0 0 0 0 -10 -29 -5 -65 26 18 13 5 -4 -4 -148 -21 -3 0
1 9999 -103 44 -13 5 0 0 0 0 1 -9 -2 -7 -1 273 94 10 -19 -19 -108 -8 1 0
1 10000 -94 57 3 -5 0 0 0 0 -16 -21 -6 -2 0 269 83 3 -15 -15 60 8 -6 0
1 10000 -112 81 1 4 0 0 0 0 -27 -15 -6 -96 -8 310 91 3 -18 -18 58 5 8 0
1 10000 -95 72 4 -4 0 0 0 0 -25 -18 -9 -33 -3 134 62 14 -14 -14 -83 -9 0 0
1 10001 -88 60 -1 -1 0 0 0 0 -19 -9 -7 3 -3 382 119 6 -24 -24 22 -3 -2 0
1 9999 -102 55 -8 -2 0 0 0 0 -14 -6 -5 -21 -7 233 73 4 -13 -13 -48 -3 0 0
1 10000 -69 -4 6 -1 0 0 0 0 -2 -4 -1 -66 -4 356 108 4 -21 -21 4 -2 1 0
1 10000 -123 -87 -4 12 0 0 0 0 33 22 13 32 39 247 85 9 -17 -17 -77 -4 -7 0
1 10000 -97 -64 16 -14 0 0 0 0 7 -1 2 -6 -6 213 57 -2 -10 -10 56 8 -3 0
1 10001 -102 -99 11 -22 0 0 0 0 20 4 2 0 29 308 89 0 -16 -16 26 2 11 0
1 12029 -155 -94 -35 -125 1 -1368 -1 -2 54 -76 -30 -63 19 193 72 10 -15 -15 -35 -4 -2 0
1 10618 -123 -66 -23 -46 0 0 0 0 38 -18 -11 -94 2 389 127 11 -25 -25 31 3 7 0
1 10001 -123 -133 6 -4 0 0 0 0 10 41 20 -72 -2 408 125 5 -24 -24 -24 -2 -3 0
1 9344 -110 -93 5 14 -1 5 0 -1 2 45 18 -90 -3 330 121 16 -24 -24 -45 -4 -6 0
1 10656 -146 3538 26 159 0 1370 0 3 -29 160 33 9 -1 406 135 11 -27 -27 76 8 8 0
1 9999 -133 -60 1 11 0 0 0 0 -1 32 0 -18 3 478 143 4 -26 -26 -44 -7 -6 0
1 10001 -125 -121 -7 -2 0 0 0 0 -7 42 -3 -229 32 424 159 23 -34 -34 50 4 10 0
1 9999 -110 -63 1 8 0 0 0 0 -14 27 -4 7 3 759 251 20 -49 -49 -51 -5 -3 0
1 10001 -111 -40 -15 0 0 0 0 0 2 11 -1 -8 2 704 205 3 -36 -36 105 5 6 0
1 9999 -83 -40 7 -3 0 0 0 0 -12 11 -3 -41 -2 600 180 5 -32 -32 -32 1 -2 0
1 10000 -104 -29 -2 -15 0 0 0 0 -7 -7 1 -80 12 515 164 10 -31 -31 -70 -6 7 0
1 10001 -80 -64 7 17 0 0 0 0 -24 30 -7 22 24 681 214 11 -40 -40 20 1 -4 0
1 10000 -109 -52 3 -11 0 0 0 0 -18 2 -3 11 15 696 200 0 -35 -35 34 6 -2 0
1 10000 -87 -9 -2 4 0 0 0 0 2 8 -1 -4 -5 509 146 1 -25 -25 -85 -10 1 0
1 9999 -100 -59 -6 25 0 0 0 0 -15 28 -12 41 38 503 141 -2 -23 -23 -9 -7 -3 0
1 10001 -83 13 10 -18 0 0 0 0 -7 -19 7 -15 4 338 95 -1 -17 -17 11 5 6 0
1 12009 -123 -50 6 87 0 1097 -1 -2 -19 79 -35 6 3 486 139 -1 -23 -23 -18 0 -8 0
1 10618 -114 22 21 90 0 0 0 0 -9 64 -40 3 -2 428 119 -1 -20 -20 36 0 9 0
1 10025 -97 32 -12 -10 0 0 0 0 23 -7 9 20 20 180 51 -1 -8 -8 -15 0 -9 0
1 10000 -109 63 15 4 0 0 0 0 6 -7 7 31 28 130 33 -2 -6 -6 51 6 3 0
1 10005 -111 87 -6 10 0 0 0 0 27 -11 9 -21 -14 177 46 -3 -7 -7 0 -1 3 0
1 10000 -119 51 3 -6 0 0 0 0 13 -15 10 31 36 236 70 2 -12 -12 -11 -1 -5 0
1 10014 -118 71 -11 2 0 0 0 0 24 -18 11 -12 -3 202 52 -4 -8 -8 -58 -6 6 0
1 9999 -111 89 3 8 0 0 0 0 12 -21 10 -9 19 158 45 0 -8 -8 187 18 2 0
1 10000 -111 72 -7 -11 0 0 0 0 14 -33 13 -21 -20 149 46 2 -8 -8 -146 -13 -5 0
1 9999 -113 74 10 -2 0 0 0 0 -5 -27 10 3 9 223 68 3 -12 -12 -13 -1 -6 0
1 10001 -100 -3509 -19 7 0 0 0 0 20 -28 7 -5 8 173 49 -1 -8 -8 35 -1 3 0
1 9999 -106 53 12 -3 0 0 0 0 -15 -22 5 4 2 197 57 1 -10 -10 -30 -3 -3 0
1 8856 -76 76 2 -9 0 -41 0 -1 -9 -36 6 19 5 161 45 -1 -7 -7 33 8 5 0
1 11145 -110 75 -9 -159 0 -1063 -1 3 -7 -165 -4 1 -10 134 34 -3 -6 -6 -4 -3 3 0
1 10000 -88 22 -25 7 0 0 0 0 21 -2 -1 8 4 51 15 1 -2 -2 -75 -8 -12 0
1 10000 -92 13 20 5 0 0 0 0 -17 -2 0 -5 1 -25 -10 -2 2 2 0 1 5 0
1 10000 -91 0 -24 -18 0 0 0 0 19 -15 -3 -6 8 25 9 1 -2 -2 12 3 10 0
1 10001 -81 -32 12 0 0 0 0 0 -5 11 2 -7 5 23 8 1 -1 -1 -14 -1 2 0
1 10001 -71 -34 -5 39 0 0 0 0 8 48 7 -16 6 100 31 1 -5 -5 7 -2 -8 0
1 9999 -88 -15 5 -26 0 0 0 0 2 -20 -3 -6 1 60 21 2 -5 -5 -6 1 -4 0
1 9999 -65 -12 1 -12 0 0 0 0 -3 -5 0 -11 1 205 61 2 -10 -10 0 2 0 0
1 10000 -93 6 1 5 0 0 0 0 -2 2 0 4 0 55 17 1 -3 -3 60 -1 4 0
1 10001 -87 10 -10 7 0 0 0 0 11 2 0 6 0 123 37 1 -7 -7 -29 2 2 0
1 9999 -86 -67 13 0 0 0 0 0 -3 24 3 -152 5 70 25 3 -5 -5 60 5 8 0
1 6263 -61 -24 -6 -6 0 0 0 0 6 4 0 1 3 122 59 13 -13 -13 -74 -6 7 0
1 5621 -50 -25 1 -9 0 0 0 0 -2 2 0 -17 5 286 88 4 -16 -16 60 4 3 0
1 6576 -60 -12 -3 1 0 -1 0 0 7 5 0 -3 4 264 81 3 -14 -14 -44 -6 -2 0
1 7450 -78 -8 -3 1 0 0 0 0 3 4 1 -20 1 190 61 4 -11 -11 -25 0 1 0
1 5621 -49 -10 0 6 0 0 0 0 2 9 0 -7 2 291 89 3 -16 -16 6 -1 -4 0
1 4998 -36 0 0 0 0 0 0 0 0 0 1 -13 2 250 74 2 -13 -13 -17 0 2 0
1 5003 -45 -16 -1 -6 0 0 0 0 -1 1 -1 -2 -1 344 103 2 -18 -18 28 1 -2 0
1 4418 -44 17 -1 6 0 0 0 0 2 -1 0 -15 -2 125 40 2 -7 -7 -27 1 1 -1
1 5580 -41 10 0 1 0 0 0 0 1 -3 0 -22 1 208 64 3 -11 -11 48 4 11 1
1 4998 -42 -8 5 -8 0 0 0 0 -7 -4 0 -323 -7 214 64 2 -11 -11 -42 -6 12 0
1 5002 -45 -29 5 -2 0 0 0 0 -1 9 1 -1143 -59 130 51 8 -10 -10 63 10 67 -1
1 4420 -34 -11 -5 8 0 0 0 0 6 11 0 -114 -14 145 94 30 -23 -23 127 14 -1 1
1 5581 -56 -18 -2 3 0 0 0 0 -2 10 0 -68 -18 -368 140 142 -58 -58 -87 -12 20 0
1 5000 -34 3578 -1 -2 0 0 0 0 1 7 0 -132 -16 1187 437 55 -85 -85 43 3 8 0
1 4997 -54 -21 -6 13 0 0 0 0 6 19 -1 -14 -9 1933 594 21 -103 -103 -30 -5 -8 -1
1 7057 -48 -27 -4 13 0 20 0 -3 5 23 -1 -136 -27 2490 811 53 -144 -144 -37 1 0 1
1 7622 -75 -18 33 102 0 1097 0 1 -33 94 -15 -243 -14 2832 858 23 -142 -142 72 9 49 0
1 5622 -50 18 18 27 0 0 0 0 -16 17 -4 -152 -19 1885 588 23 -98 -98 5 2 -4 0
1 4417 -36 21 -10 12 0 0 0 0 11 2 -1 -74 -9 1352 423 19 -71 -71 34 -1 -6 -1
1 4998 -56 28 -14 2 0 0 0 0 12 -9 2 22 -4 1327 441 31 -77 -77 -11 -2 1 0
1 5584 -59 -3563 13 2 0 0 0 0 -10 -11 4 -148 -18 1934 613 29 -101 -101 45 5 12 0
1 4420 -39 55 -11 -1 0 0 0 0 6 -21 6 -175 -10 1597 487 13 -78 -78 -92 -10 -43 0
1 5580 -53 75 0 3 0 0 0 0 -7 -25 5 -64 -6 1828 584 30 -96 -96 -35 -5 20 1
1 7005 -76 70 6 -25 0 -10 0 -1 -15 -46 5 -98 -15 2616 834 40 -135 -135 22 10 1 0
1 7725 -75 51 -4 -137 0 -1110 0 3 -4 -140 -7 -103 3 2814 870 29 -136 -136 27 -5 -15 0
1 5618 -42 20 -10 -6 0 0 0 0 4 -11 -3 -18 -11 1778 561 23 -88 -88 -28 -1 32 0
1 5000 -36 -6 -8 -6 0 0 0 0 9 -4 0 -34 -1 1823 548 10 -82 -82 124 8 22 -1
1 4456 -44 -3 -3 6 0 0 0 0 5 5 1 -66 2 1620 482 6 -72 -72 -118 -9 34 0
1 5544 -31 -26 -2 -5 0 0 0 0 5 5 0 -72 -1 1601 478 7 -70 -70 119 13 34 0
1 5000 -49 -20 2 4 0 0 0 0 1 11 2 -56 -5 1342 412 11 -62 -62 30 6 2 1
1 5000 -28 -7 -4 0 0 0 0 0 7 2 0 -142 -6 1358 418 12 -63 -63 -14 -4 2 -1
1 4482 -32 -25 -1 -3 0 0 0 0 5 6 1 -249 -12 1585 478 9 -69 -69 -203 -18 -57 0
1 5622 -43 -46 9 -7 0 0 0 0 -3 11 2 -31 -5 1451 463 20 -70 -70 66 4 46 0
1 5000 -30 -41 -6 3 0 0 0 0 8 18 2 -18 -5 1339 463 38 -73 -73 52 3 -50 0
1 5000 -40 -39 8 -8 0 0 0 0 -3 7 1 -45 -3 1945 594 13 -86 -86 43 9 4 1
1 4419 -32 -25 4 1 0 0 0 0 -3 11 0 -113 -5 1767 539 13 -77 -77 10 -1 0 -1
1 5579 -35 -40 -7 3 0 0 0 0 7 17 1 -67 -8 2224 684 17 -97 -97 -83 -2 -15 0
1 5002 -33 -20 0 4 0 0 0 0 2 12 1 -5 1 1880 564 8 -78 -78 52 0 -1 0
1 5000 -39 3566 6 -3 0 0 0 0 -5 10 -1 -45 18 1997 618 18 -87 -87 -26 8 22 0
1 4394 -39 -18 -12 -1 0 0 0 0 8 6 0 -57 8 1452 444 10 -62 -62 -67 -24 2 0
1 5619 -49 -21 -4 2 0 0 0 0 3 10 0 -96 34 1707 520 10 -72 -72 97 13 107 0
1 4999 -38 -16 -6 1 0 0 0 0 0 6 -1 -3 6 1481 453 10 -61 -61 -34 5 -58 1
1 5001 -36 -13 4 3 0 0 0 0 0 8 -1 -49 20 1522 480 17 -67 -67 125 6 82 -1
1 4401 -33 -10 -3 7 0 0 0 0 0 10 0 -35 22 1117 346 10 -47 -47 -144 -12 -79 0
