version: 66.14
glider: 194
mission: 16
dive: 170
start: 6 6 125 4 43 47
columns: rec,elaps_tms,depth,heading,pitch,roll,AD_pitch,AD_roll,AD_vbd,GC_phase,mag.x,mag.y,mag.z,sbect.TempFreq,sbect.CondFreq,aa4330.O2,aa4330.AirSat,aa4330.Temp,aa4330.CalPhase,aa4330.TCPhase,wlbb2fl.sig470nm,wlbb2fl.sig700nm,wlbb2fl.sig695nm,wlbb2fl.temp,
data:
0 10492 -1500 28 -747 72 216 3249 372 6 544 -71 -97 221133 166101 265984 83153 14286 32659 32659 451 127 353 565
1 4999 -7 -3 15 -16 0 0 0 0 1 4 10 473 -4 -71 -19 2 3 3 149 14 20 -1
1 5035 4 26 -2 -32 0 0 0 0 0 -7 -3 2433 5 19 15 4 -3 -3 -13 4 64 0
1 4965 2 -31 -5 55 0 0 0 0 0 7 3 -1496 -2 -143 -13 18 -3 -3 14 -7 33 0
1 5000 2 6 5 18 0 0 0 0 0 -4 1 -858 -6 1 12 6 -2 -2 2 28 -35 0
1 5000 -10 83 -5 -125 0 0 0 0 -1 -18 0 -285 1 -306 -70 14 7 7 77 -24 -19 0
1 5090 4 -76 3 131 0 0 0 0 1 14 -4 1497 -6 170 39 -7 -5 -5 -193 -7 -26 0
1 4911 9 36 -3 -15 0 0 0 0 0 -11 4 -1418 8 110 40 2 -5 -5 -9 -6 24 0
1 4999 0 -32 11 26 0 0 0 0 0 11 8 -696 -2 -124 -16 13 -1 -1 273 42 183 0
1 5001 -2 20 -6 -24 0 0 0 0 0 -6 -4 520 -3 -141 -26 10 2 2 -202 -40 -205 0
1 4809 5 -35 -4 0 0 0 0 0 0 12 -6 1310 6 -146 -36 6 3 3 99 18 96 0
1 5617 -4 50 2 -43 0 0 0 0 0 -14 2 -341 1 -33 17 14 -5 -5 95 8 10 0
1 6488 -1 -30 -3 51 -1 1 0 -4 -2 5 -5 -335 -2 -70 -29 -3 5 5 -129 -16 -25 0
1 5631 -1 76 -6 -78 0 0 162 0 -1 -19 1 1028 0 -222 -39 17 1 1 20 1 41 0
1 6289 7 -72 2 71 0 0 177 0 1 19 1 -1264 -5 106 49 8 -8 -8 -144 -13 -18 0
1 5593 6 3542 9 45 0 0 159 0 1 16 -4 -2178 -4 1036 372 26 -59 -59 134 26 -3 0
1 5614 16 -31 -15 5 0 0 162 0 -1 8 -12 777 28 17543 5927 220 -857 -857 16 -17 15 -1
1 5656 -13 -3514 -8 -86 0 -1 161 0 0 -21 0 1063 22 20709 6532 4 -821 -821 -120 -3 -113 0
1 7313 -3 -10 3 6 0 1 204 0 -1 3 2 1080 -34 17424 5513 10 -645 -645 50 -5 49 0
1 5658 24 -2 -7 -19 0 0 154 0 -1 2 -9 -2100 -21 16102 5094 9 -561 -561 -49 -7 -85 0
1 5618 31 13 -15 -13 1 0 152 0 -1 -3 -10 1731 -11 12470 3881 -20 -401 -401 -40 3 18 0
1 5610 14 4 -8 24 -1 0 147 0 -2 -6 -6 5586 31 8456 2564 -41 -251 -251 95 4 35 0
1 5609 -11 -6 4 -29 0 0 141 0 2 7 1 -1712 -42 6461 2058 10 -205 -205 554 74 224 0
1 5611 0 -30 2 19 1 0 142 0 0 8 1 -1665 56 5165 1631 1 -158 -158 -379 -48 -149 0
1 5591 13 -2 0 -11 0 0 144 0 -1 2 -1 -926 -137 4515 1378 -16 -128 -128 -98 -13 40 0
1 5616 26 57 -20 -69 0 -1 150 0 -2 -8 -17 4370 -135 4862 1207 -125 -89 -89 127 4 -64 0
1 10694 140 208 -28 -180 5 1 109 -1 -7 -29 -28 5327 662 17181 3051 -862 -108 -108 60 15 178 0
1 5844 109 -125 40 210 1322 0 0 0 8 -6 44 1970 243 6217 -138 -748 165 165 -406 -48 -242 0
1 5946 125 3416 128 147 1305 0 1 1 6 69 105 1325 228 6399 241 -611 104 104 -89 -4 -150 0
1 5643 113 -4 160 -52 128 0 206 0 -31 23 139 227 132 -2092 -2698 -752 409 409 16 2 -45 0
1 10707 247 -3518 55 -225 1 -1399 118 2 -18 -104 37 379 126 -22719 -7033 -139 719 719 -28 -7 -35 0
1 5617 164 52 20 -42 0 0 0 0 -10 -39 7 127 51 -10356 -3296 -105 364 364 -71 -8 -46 0
1 4420 112 36 12 -4 0 0 0 0 -7 -18 5 71 29 -7398 -2430 -110 283 283 21 2 22 0
1 5580 163 14 2 19 0 0 0 0 -2 1 5 259 88 -8943 -2779 -72 321 321 -22 0 -41 0
1 4445 123 13 -10 -10 0 0 0 0 3 -6 -9 145 25 -6921 -2091 -33 243 243 -2 -1 -15 0
1 5556 165 40 4 -7 0 0 0 0 -6 -19 0 116 33 -7767 -2467 -91 306 306 31 2 11 0
1 4422 114 38 13 -1 0 0 0 0 -11 -18 8 426 101 -6728 -2008 -25 245 245 -22 -2 -13 -1
1 5577 160 19 1 10 0 0 0 0 -4 -3 5 353 57 -6641 -2134 -95 281 281 -2 2 -8 0
1 4427 125 36 -1 -9 0 0 0 0 -5 -16 -3 53 20 -5207 -1638 -60 219 219 9 1 -7 1
1 5572 160 65 7 -9 0 0 0 0 -15 -28 4 58 17 -6801 -2073 -51 275 275 63 3 2 -1
1 4426 125 44 4 -2 0 0 0 0 -12 -16 5 24 7 -4873 -1467 -29 200 200 -53 -3 0 0
1 5576 154 35 -1 10 0 0 0 0 -8 -6 6 214 38 -5183 -1543 -24 211 211 -9 1 -2 1
1 4436 116 5 -6 10 0 0 0 0 2 4 0 149 24 -4046 -1206 -20 168 168 -9 -3 -4 -1
1 5564 155 12 -7 8 0 0 0 0 2 0 -2 68 16 -4132 -1273 -42 186 186 -6 -1 -2 0
1 4422 122 12 -6 0 0 0 0 0 0 -1 -1 83 18 -3385 -1007 -16 144 144 2 0 2 0
1 5578 162 3 -1 4 0 0 0 0 0 0 0 56 19 -3958 -1207 -35 181 181 14 3 -2 0
1 4622 145 16 5 -6 0 0 0 0 -7 -7 4 32 6 -3023 -898 -16 133 133 -12 -4 -4 0
1 5621 168 21 1 -3 0 0 0 0 -6 -7 3 30 5 -3371 -996 -14 149 149 -2 1 4 0
1 5604 165 46 12 -12 0 0 0 0 -19 -18 10 98 8 -3125 -911 -8 137 137 32 3 -3 0
1 5622 155 46 9 2 0 0 0 0 -19 -12 12 158 19 -2398 -729 -21 114 114 24 4 8 0
1 10315 280 92 -5 -6 0 0 0 0 -23 -18 10 554 19 -4201 -1300 -51 210 210 -4 -1 0 0
1 10000 278 70 -11 4 0 0 0 0 -13 -3 11 194 20 -4282 -1379 -84 234 234 -42 -4 -5 1
1 10001 300 92 11 -11 0 0 0 0 -34 -11 21 349 39 -4377 -1345 -51 226 226 30 3 2 -1
1 10000 259 71 15 22 0 0 0 0 -32 6 31 194 52 -4125 -1316 -79 232 232 16 1 0 0
1 9999 272 84 -11 -12 0 0 0 0 -13 0 8 116 33 -3583 -1090 -39 189 189 10 2 -2 1
1 10000 248 81 -4 5 0 0 0 0 -16 10 19 0 3 -3351 -997 -25 172 172 3 1 2 0
1 10000 246 68 3 4 0 0 0 0 -16 10 17 198 58 -2723 -818 -25 146 146 -17 -2 -3 0
1 10001 266 15 -7 14 0 0 0 0 2 12 6 147 18 -2100 -655 -34 120 120 -14 -2 1 0
1 10000 267 -67 -3 20 0 0 0 0 16 5 -6 -46 -117 -2228 -666 -19 121 121 16 3 0 0
1 9999 266 -74 -10 -1 0 0 0 0 26 -6 -19 -353 -232 -2183 -612 5 105 105 62 11 -3 -1
1 10001 268 39 18 -24 0 0 0 0 -24 -15 4 8 -11 -1787 -440 41 68 68 8 0 3 1
1 10000 274 78 5 -17 0 0 0 0 -22 -4 10 4 0 -1187 -339 0 60 60 24 2 -4 0
1 10000 258 92 6 2 0 0 0 0 -22 16 21 41 3 -1072 -298 3 52 52 10 -1 11 0
1 9999 272 97 3 1 0 0 0 0 -19 17 18 7 2 -788 -231 -4 43 43 -29 0 -8 0
1 10000 256 114 -4 -9 0 0 0 0 -10 17 14 40 2 -720 -207 -1 37 37 7 -1 1 0
1 10001 261 81 1 10 0 0 0 0 -8 26 15 78 18 -439 -148 -15 30 30 -32 -2 3 0
1 10000 253 122 2 -5 0 0 0 0 -8 25 13 97 22 -693 -222 -15 44 44 75 6 -2 0
1 10588 267 85 -4 74 0 1226 1 0 2 81 23 -25 -31 -675 -211 -11 41 41 -64 -7 2 0
1 9252 228 -79 -7 134 68 177 1 2 7 93 8 -13 -4 -324 -108 -11 23 23 -18 -3 -7 0
1 10618 296 87 -1 -5 0 0 0 0 -2 18 1 -42 -50 -817 -224 5 40 40 5 0 5 0
1 10000 278 205 16 -26 0 0 0 0 -9 30 1 196 17 -549 -142 9 23 23 36 4 -1 0
1 10000 261 165 13 11 0 0 0 0 3 48 -7 248 52 -171 -139 -57 40 40 17 -2 -5 0
1 10000 233 74 4 15 0 0 0 0 1 32 -6 63 12 -441 -160 -22 35 35 -45 2 3 0
1 10000 238 5 -12 17 0 0 0 0 14 12 -9 99 11 -545 -195 -25 42 42 -47 -11 1 0
1 10000 253 21 2 4 0 0 0 0 0 9 -2 -283 -109 -631 -178 1 33 33 45 8 2 0
1 10000 234 9 13 -4 0 0 0 0 -9 -2 4 -246 -114 -553 -102 34 10 10 -2 2 -6 1
1 10000 231 -3 -2 0 0 0 0 0 0 0 0 -100 -56 -290 -33 32 -1 -1 5 -3 8 -1
1 10000 240 13 -3 0 0 0 0 0 5 2 -2 -210 -89 -144 27 43 -16 -16 -29 -2 -5 0
1 10001 226 95 -11 -24 0 0 0 0 23 2 -9 -198 -101 17 49 28 -17 -17 73 11 1 1
1 9999 239 106 5 -1 0 0 0 0 16 15 -12 39 -2 47 54 25 -16 -16 138 18 -2 0
1 14358 339 94 16 71 51 622 -1 -2 5 69 -31 -4 -23 -411 -115 2 21 21 46 11 9 0
1 12466 262 -11 12 36 0 0 0 0 -13 25 -9 -5 -7 -174 -44 4 7 7 -33 -6 -6 0
1 10005 218 -16 6 10 0 0 0 0 -9 6 0 -10 -9 -141 -39 0 7 7 50 7 1 0
1 10000 203 -41 7 21 0 0 0 0 -13 7 1 -44 -38 -235 -63 2 11 11 69 9 3 0
1 10019 206 -29 1 -6 0 0 0 0 -9 -5 6 -27 -27 -431 -109 9 19 19 -6 -2 -4 0
1 10001 208 -2 -7 -12 0 0 0 0 5 -8 3 -16 -14 -66 -13 4 1 1 29 5 2 0
1 14712 314 -41 27 -112 5 -1041 0 -2 -29 -95 52 -55 -51 -620 -166 7 30 30 20 6 -4 0
1 5589 87 -12 98 -29 190 -1 -14 0 -91 -29 25 -7 -4 584 169 2 -33 -33 41 0 3 0
1 8509 80 1 85 -9 0 0 -45 0 -77 -8 5 -2 -4 -517 -137 6 25 25 12 4 -2 0
1 10006 54 -12 19 -1 0 0 -55 0 -22 -1 -1 -9 -7 -93 -24 1 4 4 86 6 12 0
1 10009 48 21 -3 -3 0 0 -53 0 8 1 0 9 4 -265 -77 0 14 14 -70 -5 -1 0
1 10008 46 7 -9 6 0 1 -53 0 10 6 -1 -8 -3 -150 -40 1 8 8 12 2 -10 0
1 10004 55 39 -12 -3 0 -1 -53 0 18 6 -1 -1 -2 18 5 0 -2 -2 82 5 12 0
1 9984 52 -6 0 0 0 0 -51 0 0 -3 0 -13 -8 -107 -31 -1 6 6 -107 -2 -9 0
1 10002 46 0 -8 1 0 0 -52 0 7 2 0 7 5 -114 -30 3 5 5 -8 -5 2 0
1 10005 45 2 -5 1 0 0 -50 0 5 2 0 -15 -9 183 55 1 -11 -11 -44 -6 -4 0
1 10003 42 1 -9 2 0 0 -51 0 8 1 -1 -12 -13 -235 -68 -1 14 14 22 -2 -2 0
1 9985 45 -9 -7 0 0 0 -50 0 3 1 0 -14 -9 755 217 2 -41 -41 -8 2 3 0
1 10028 25 20 -4 -5 0 0 -50 0 9 -2 0 -10 -11 -791 -222 2 40 40 -39 0 5 0
1 13876 31 5 155 1 516 0 -11 0 -136 -1 -11 -10 -28 -141 -41 -1 8 8 384 54 -2 1
1 7510 -56 -5 393 11 0 1 -28 0 -292 22 -172 3 12 73 21 0 -3 -3 -82 -16 -1 -1
1 8898 -82 19 49 -8 0 -1 -45 0 -21 2 -27 17 15 -226 -62 2 11 11 -231 -29 -3 0
1 9683 -96 -1 -32 -3 0 0 -48 0 16 -5 22 9 12 -96 -25 2 4 4 -69 -8 2 1
1 10015 -95 -3 2 14 -1 0 -49 0 -1 7 -5 29 23 -85 -26 -1 5 5 50 3 1 0
1 9995 -111 29 -3 -6 1 0 -49 0 7 3 8 5 5 -320 -95 -3 19 19 21 2 -6 0
1 10000 -136 64 -7 9 0 1 -51 0 18 12 13 9 10 461 127 -3 -23 -23 11 1 -1 0
1 9997 -143 73 4 1 0 0 -50 0 15 5 12 14 14 622 173 -2 -32 -32 74 23 8 0
1 10010 -170 49 -7 -2 0 -1 -51 0 16 2 14 16 18 -48 -18 -3 4 4 -96 -32 -6 0
1 10006 -165 4 3 1 0 0 -49 0 -1 0 0 29 21 402 108 -4 -19 -19 -82 -5 -1 0
1 10001 -201 5 -6 1 0 1 -50 0 6 4 2 18 9 -915 -264 -3 49 49 -21 1 6 0
1 9990 -217 7 0 -1 0 -1 -51 0 1 -2 2 13 18 1333 371 -5 -67 -67 0 -4 0 0
1 9986 -244 3 -3 2 0 0 -50 1 3 3 1 23 19 -1179 -340 -3 64 64 0 7 4 0
1 16967 -399 -120 -23 -189 10 -1369 -10 1 -18 -135 29 13 16 -150 -52 -6 11 11 -20 2 -5 0
1 10000 -244 -103 -7 -14 0 0 0 0 -19 -16 -15 27 32 363 99 -3 -18 -18 -24 -11 2 0
1 10000 -245 -123 1 -4 0 0 0 0 -25 -16 -23 -17 12 70 14 -3 -1 -1 -20 -2 -5 0
1 10000 -252 -99 5 2 0 0 0 0 -20 -11 -21 -85 -27 171 60 7 -13 -13 -213 -37 1 0
1 10000 -240 -100 -1 -1 0 0 0 0 -14 -17 -17 -27 -2 361 117 9 -25 -25 40 2 -3 0
1 10000 -245 -106 2 3 0 0 0 0 -13 -20 -17 215 99 571 150 -8 -26 -26 98 11 -3 0
1 10000 -249 -98 -4 0 0 0 0 0 -7 -22 -13 78 41 427 86 -23 -11 -11 -183 -18 3 0
1 10000 -237 -76 5 -3 0 0 0 0 -5 -20 -12 314 132 283 34 -30 2 2 -13 -3 -1 0
1 10001 -262 -100 0 -3 0 0 0 0 -3 -27 -12 384 175 233 -5 -45 12 12 5 2 2 0
1 9999 -237 -82 -4 5 0 0 0 0 3 -21 -4 81 50 34 -75 -54 28 28 34 1 1 0
1 10000 -249 -91 2 0 0 0 0 0 4 -25 -6 4 19 -323 -141 -31 34 34 -29 -5 1 0
1 9217 -235 -91 5 53 -1 1202 -2 0 5 -2 7 -161 -37 -259 -73 0 14 14 0 3 -1 0
1 10783 -283 -72 3 110 -33 195 -1 2 8 29 26 -421 -93 -529 -83 43 4 4 383 92 2 0
1 10000 -230 27 -15 26 0 0 0 0 4 19 13 80 64 37 63 34 -20 -20 -381 -91 -9 0
1 10000 -220 3 3 14 0 0 0 0 -1 8 0 68 52 180 41 -7 -6 -6 10 2 7 0
1 10000 -218 -15 7 -1 0 0 0 0 -1 -3 -2 48 41 210 51 -5 -8 -8 -40 -5 -3 0
1 10000 -221 -51 2 -5 0 0 0 0 5 -16 1 -184 -50 135 29 -6 -4 -4 20 3 2 0
1 10000 -224 -50 12 3 0 0 0 0 2 -11 -2 4 -1 42 51 24 -16 -16 8 0 2 1
1 10000 -253 -29 -11 -4 0 0 0 0 10 -8 10 -40 -13 218 75 9 -16 -16 5 0 -1 -1
1 10000 -254 43 4 14 0 0 0 0 -7 20 -2 13 12 245 73 2 -14 -14 -1 0 0 0
1 10000 -230 65 -2 -7 0 0 0 0 -10 10 -9 54 37 183 51 0 -9 -9 5 2 -1 1
1 10000 -255 119 6 28 0 0 0 0 -16 43 -12 -61 -4 247 65 -4 -12 -12 -2 -1 -1 0
1 10000 -250 58 -7 -8 0 0 0 0 -2 12 -1 -39 -10 168 58 7 -12 -12 -4 -2 -1 0
1 10000 -251 39 4 -3 0 0 0 0 -4 10 -4 -41 -8 208 69 6 -14 -14 13 1 6 -1
1 10287 -274 45 -15 5 -70 -1 0 0 6 16 10 -33 -12 252 80 5 -16 -16 -16 1 -8 1
1 10621 -236 52 -42 -18 0 0 0 0 22 7 30 -16 8 235 83 10 -18 -18 33 3 4 0
1 10001 -209 23 -7 3 0 0 0 0 3 8 3 93 47 224 66 2 -13 -13 13 1 -4 0
1 10001 -199 114 1 18 0 0 0 0 2 41 0 91 110 307 66 -13 -9 -9 -69 -8 1 0
1 9999 -198 148 1 -5 0 0 0 0 9 37 4 -26 57 329 69 -15 -8 -8 25 1 1 0
1 10000 -179 57 1 -9 0 0 0 0 5 10 3 -41 24 205 62 1 -13 -13 -59 -5 -2 0
1 10000 -187 39 -8 1 0 0 0 0 9 10 7 -138 -10 344 121 15 -25 -25 21 0 0 0
1 10000 -179 24 -2 -9 0 0 0 0 3 2 4 -13 5 716 223 13 -45 -45 -13 -1 3 0
1 10001 -163 5 -2 -1 0 0 0 0 4 -1 3 31 17 757 213 -2 -38 -38 39 1 0 0
1 10000 -173 -25 11 1 0 0 0 0 -11 -5 -10 -113 -22 407 129 8 -26 -26 -39 -3 2 0
1 9999 -177 35 -6 3 0 0 0 0 9 10 6 -180 -39 488 164 16 -33 -33 -13 1 -2 0
1 10000 -186 -15 7 -6 0 0 0 0 -6 -8 -3 -369 -39 556 207 30 -46 -46 5 0 -2 0
1 8944 -166 -52 -12 -68 -25 -1190 -1 0 0 -50 10 -618 -37 754 316 63 -72 -72 34 2 3 0
1 14721 -230 27 -40 -107 1 -207 0 -2 28 -66 31 -139 6 2290 826 106 -175 -175 -13 2 10 0
1 4957 -73 -12 -5 -12 0 0 0 0 2 -11 1 -54 -6 1552 471 17 -86 -86 -14 -5 -5 0
1 5622 -74 -17 3 0 0 0 0 0 -3 -4 -3 -61 -4 1326 402 14 -75 -75 -45 -4 -3 0
1 4410 -61 -26 -2 0 0 0 0 0 -2 -5 -3 -8 -3 1023 319 16 -59 -59 166 13 -2 0
1 5622 -76 -44 0 -2 0 0 0 0 -4 -12 -4 -16 -6 1320 396 11 -72 -72 -143 -8 4 0
1 4418 -65 -48 1 -3 0 0 0 0 -4 -12 -7 -27 -5 886 266 7 -47 -47 21 -1 -4 0
1 5583 -75 -68 -4 -6 0 0 0 0 -3 -20 -7 -67 -14 987 295 8 -54 -54 21 8 5 0
1 4421 -57 -60 3 -1 0 0 0 0 -4 -15 -8 -29 -8 855 260 9 -46 -46 71 22 -1 0
1 5620 -80 -78 3 -2 0 0 0 0 -3 -20 -10 -90 -23 886 274 11 -49 -49 -53 -18 6 0
1 4421 -65 -65 2 3 0 0 0 0 -1 -15 -6 -169 -22 628 198 11 -37 -37 13 4 -7 0
1 5576 -88 -57 -3 1 0 0 0 0 5 -15 -1 -61 -11 765 257 22 -49 -49 -55 -14 7 0
1 4420 -58 -58 1 -1 0 0 0 0 2 -16 -5 -134 -15 729 239 18 -45 -45 22 7 -9 0
1 8229 -117 -68 -2 17 0 6 0 -1 5 -10 0 -75 -13 1519 490 32 -89 -89 10 -1 7 0
1 7678 -126 6 31 152 0 1380 0 3 -17 89 16 -28 -6 1091 342 17 -62 -62 -26 -2 10 0
1 5621 -92 0 5 26 0 0 0 0 -3 14 0 -18 -5 746 231 9 -41 -41 -40 -8 -7 0
1 4406 -67 12 -9 2 0 0 0 0 2 4 4 -12 -2 696 211 6 -36 -36 16 -1 -5 0
1 5619 -100 12 -2 1 0 0 0 0 1 5 2 -26 -6 835 249 6 -42 -42 -18 2 1 0
1 4423 -75 7 -1 3 0 0 0 0 1 4 2 -14 0 572 175 6 -30 -30 -13 -4 3 0
1 5577 -82 14 1 1 0 0 0 0 -1 5 0 -9 -3 699 211 6 -36 -36 10 2 -2 -1
1 4415 -71 18 1 -2 0 0 0 0 -1 4 -1 -12 -2 541 162 4 -28 -28 29 3 0 0
1 5039 -85 24 -4 2 0 0 0 0 -1 7 0 -17 -2 494 146 2 -24 -24 -24 -3 1 0
1 5583 -103 24 -1 0 0 0 0 0 0 7 1 -23 -6 561 170 5 -29 -29 -1 0 -1 0
1 4416 -67 23 -5 -4 0 0 0 0 2 3 2 -78 -12 464 141 5 -24 -24 6 0 15 1
