version: 66.14
glider: 195
mission: 21
dive: 698
start: 10 8 105 10 27 50
columns: rec,elaps_tms,depth,heading,pitch,roll,AD_pitch,AD_roll,AD_vbd,GC_phase,mag.x,mag.y,mag.z,sbect.TempFreq,sbect.CondFreq,wlbb2fl.sig470nm,wlbb2fl.sig700nm,wlbb2fl.sig695nm,wlbb2fl.temp,aa4330.O2,aa4330.AirSat,aa4330.Temp,aa4330.CalPhase,aa4330.TCPhase,
data:
0 17368 14 455 -612 61 189 1806 556 6 214 -272 -123 172915 135037 N N N N 248576 97103 25410 29344 30750
1 9998 4 258 29 -135 0 0 0 0 -58 -54 46 -913 12 N N N N -1593 -316 173 3 3
1 10000 7 -247 117 101 0 0 0 0 79 59 4 96 16 N N N N -1900 -233 290 -26 -26
1 10000 -8 186 -208 -123 0 0 0 0 -46 -28 -48 1416 -25 N N N N 1992 175 -343 43 43
1 10001 -1 -6 125 2 0 0 0 0 -5 -11 29 -416 3 N N N N 473 210 14 -26 -26
1 9999 3 -175 -32 98 0 0 0 0 33 37 -37 1454 -11 N N N N 631 224 -13 -24 -24
1 8675 4 67 28 -43 0 0 23 -4 -12 -14 17 -2036 4 N N N N 177 -19 -50 12 12
1 10064 -9 -209 -56 54 0 1 291 0 34 67 -63 -746 15 N N N N -2632 -469 318 -5 -5
1 9965 24 404 122 -106 0 -2 270 0 -97 -119 117 -147 15 N N N N 6002 2604 134 -315 -315
1 9990 21 104 -190 92 0 1 254 0 -11 -5 47 48 -18 N N N N -9137 -1812 1025 15 15
1 9991 23 99 13 -125 0 0 245 0 -17 -8 -13 109 9 N N N N -1722 -117 330 -46 -46
1 9968 21 55 -25 -46 0 1 250 0 -3 -2 -2 -40 5 N N N N 217 206 68 -35 -35
1 10019 30 -390 -24 299 0 -1 270 0 53 28 -45 710 -22 N N N N -110 74 68 -20 -20
1 10024 43 221 -23 -161 -2 1 264 0 -20 -13 25 -842 -7 N N N N -114 -17 17 -1 -1
1 9994 95 39 91 -40 1 0 276 0 -22 -10 16 -482 -15 N N N N 55 44 13 -7 -7
1 15160 277 159 -91 -22 595 0 172 -1 -14 -2 44 65 -40 N N N N 122 69 11 -10 -10
1 9708 201 -120 325 76 1741 -3 50 1 -34 0 42 -15 -1 N N N N -173 -57 7 5 5
1 8103 132 18 181 -11 0 4 362 0 -48 -2 20 -192 -2 N N N N -148 -54 4 5 5
1 16105 252 -60 0 134 -7 1388 124 2 31 33 55 -32 -19 N N N N 182 80 3 -9 -9
1 10002 156 -100 5 -7 0 0 0 0 48 2 -23 -23 -7 N N N N -139 -48 5 4 4
1 9999 151 -184 -33 7 0 0 0 0 86 22 -56 8 -9 N N N N -130 -44 5 4 4
1 9999 144 -54 35 -15 0 0 0 0 21 17 1 -1 -2 N N N N 59 27 2 -3 -3
1 10001 148 -166 -16 23 0 0 0 0 61 56 -34 10 -6 N N N N -6 0 1 0 0
1 10000 133 -158 -2 -6 0 0 0 0 39 67 -32 -23 -5 N N N N -28 -9 2 0 0
1 10000 156 -161 -14 -2 0 0 0 0 17 79 -28 0 -6 N N N N -74 -27 1 3 3
1 9999 154 3553 39 -11 0 0 0 0 0 28 16 9 -4 N N N N 62 28 2 -3 -3
1 9553 118 -110 -25 8 0 0 0 0 -6 55 -21 -7 -2 N N N N -133 -52 1 5 5
1 10800 158 -85 4 4 0 0 0 0 -12 43 -1 -2 -5 N N N N 22 12 2 -1 -1
1 10001 125 -115 18 0 0 0 0 0 -28 56 10 -3 -2 N N N N -30 -9 1 1 1
1 9999 134 -133 -26 -7 0 0 0 0 -42 53 0 13 -3 N N N N -54 -20 2 1 1
1 10236 111 -117 0 -4 0 0 0 0 -47 39 11 -27 -2 N N N N -88 -30 3 3 3
1 10000 133 -93 2 -1 0 0 0 0 -41 24 17 -3 -15 N N N N -49 -18 1 2 2
1 9998 117 -87 -1 4 0 0 0 0 -41 15 12 6 7 N N N N 41 16 0 -2 -2
1 10001 128 -138 9 5 0 0 0 0 -68 12 27 8 -1 N N N N -47 -21 -2 3 3
1 14575 167 -153 18 -134 47 -1380 1 2 -77 -38 99 -17 -1 N N N N 56 26 2 -3 -3
1 10780 128 -147 -9 21 0 0 0 0 -62 -24 16 140 -2 N N N N -222 -91 0 10 10
1 9999 125 -90 14 -16 0 0 0 0 -40 -31 17 -120 -3 N N N N 9 6 1 -1 -1
1 10002 106 -52 0 1 0 0 0 0 -20 -16 5 52 1 N N N N -155 -62 1 7 7
1 9999 118 -25 -1 4 0 0 0 0 -9 -7 1 64 -3 N N N N 81 35 1 -4 -4
1 9999 124 67 -1 -1 0 0 0 0 24 22 -7 477 -1 N N N N -156 -63 1 6 6
1 10002 118 118 -1 -7 0 0 0 0 47 32 -15 -458 1 N N N N 41 18 0 -2 -2
1 9998 113 94 7 -3 0 0 0 0 40 19 -13 -151 -3 N N N N -55 -22 0 3 3
1 10000 124 24 13 11 0 0 0 0 8 6 -8 -4 -3 N N N N -45 -18 0 2 2
1 10001 133 88 1 -10 0 0 0 0 42 8 -11 340 -2 N N N N -9 -3 1 0 0
1 10000 95 5 -10 9 0 0 0 0 5 4 -5 -148 0 N N N N -68 -25 1 3 3
1 10000 131 -2 -26 -3 0 0 0 0 5 -1 0 -112 -2 N N N N -59 -24 0 2 2
1 9998 128 33 23 0 0 0 0 0 11 2 -4 82 -4 N N N N 18 4 -2 0 0
1 10001 124 36 -9 3 0 0 0 0 20 2 -8 396 3 N N N N 42 11 -3 0 0
1 10000 114 55 10 -7 0 0 0 0 25 -2 -6 361 0 N N N N -88 -37 -1 4 4
1 20000 251 29 1 5 0 0 0 0 14 0 -8 -669 -1 N N N N 26 -23 -20 6 6
1 19999 249 -25 1 3 0 0 0 0 -13 2 3 165 2 N N N N -46 -101 -47 20 20
1 20002 224 21 -5 -3 1 0 0 0 12 -1 -3 861 9 N N N N 348 -145 -164 45 45
1 19998 228 -18 -10 3 0 0 0 0 -7 0 2 573 25 N N N N 345 -188 -189 55 55
1 20002 230 190 6 -9 0 0 0 0 90 -22 -32 1063 47 N N N N 1495 12 -338 60 60
1 20001 235 149 8 5 0 0 0 0 64 -38 -23 270 77 N N N N 318 -49 -101 23 23
1 19998 216 78 3 0 0 0 0 0 29 -27 -11 -172 100 N N N N 101 -23 -36 9 9
1 20001 217 40 2 2 0 0 0 0 13 -15 -6 -4 91 N N N N -364 -191 -26 27 27
1 20000 201 30 -2 0 0 0 0 0 10 -12 -4 45 94 N N N N -442 -219 -25 29 29
1 20000 199 -17 2 0 0 0 0 0 -6 7 2 155 78 N N N N -413 -201 -21 27 27
1 19999 189 -3 -10 0 0 0 0 0 0 1 -3 500 80 N N N N -1703 -880 -116 121 121
1 21471 215 0 -7 114 -8 1372 0 -2 1 5 -39 4068 68 N N N N -6068 -4411 -1191 745 745
1 20235 165 -59 -8 -1 0 0 0 0 -20 23 1 11471 108 N N N N -7233 -6004 -1975 1152 1151
1 19999 138 -298 6 8 0 0 0 0 -128 85 33 8141 284 N N N N -14043 -8089 -1876 1535 1536
1 20002 160 -247 0 4 0 0 0 0 -121 16 43 1406 572 N N N N -9405 -4856 -1018 979 979
1 22761 159 109 22 -135 45 -1385 1 2 50 -25 53 3178 895 N N N N -11422 -5383 -991 1131 1131
1 20003 157 80 8 1 0 0 0 0 38 -3 -14 2794 861 N N N N -7460 -3625 -802 839 839
1 20001 159 -172 3 6 0 0 0 0 -87 2 25 1222 883 N N N N -7172 -3173 -585 743 743
1 19997 146 -7 -6 1 0 0 0 0 -2 0 1 2351 859 N N N N -6768 -2663 -316 611 611
1 20002 137 213 6 -7 0 0 0 0 105 -4 -32 1147 886 N N N N -3159 -1571 -441 429 429
1 19999 127 177 3 -2 0 0 0 0 83 -33 -27 329 794 N N N N -5392 -2179 -344 550 550
1 19999 119 -81 0 7 0 0 0 0 -37 19 10 1245 775 N N N N -1296 -778 -315 243 243
1 19999 101 -109 1 4 0 0 0 0 -53 17 16 1231 693 N N N N 1963 437 -186 -56 -56
1 20003 85 168 -1 -8 0 0 0 0 80 -30 -24 1222 649 N N N N 624 -304 -453 169 169
1 20000 104 293 -3 -3 0 0 0 0 109 -102 -40 2150 599 N N N N -3015 -1424 -406 413 413
1 25000 116 80 -5 119 -8 1389 0 -2 19 -31 -35 2476 726 N N N N -6102 -2477 -491 690 690
1 20000 82 -45 1 7 0 0 0 0 -10 22 0 2003 526 N N N N -7770 -2788 -320 755 755
1 20000 102 -100 3 -1 0 0 0 0 -28 45 4 802 563 N N N N -7165 -2459 -207 678 678
1 19999 102 -167 0 3 0 0 0 0 -63 62 8 364 549 N N N N -8975 -2949 -147 827 827
1 20001 106 -54 1 -2 0 0 0 0 -23 16 7 227 540 N N N N -10622 -3435 -134 1012 1012
1 20000 109 -68 7 0 0 0 0 0 -33 17 8 -7 506 N N N N -9246 -2911 -32 891 891
1 19998 111 -69 -4 0 0 0 0 0 -33 12 8 153 464 N N N N -8652 -2725 -37 882 882
1 20002 116 -119 1 2 0 0 0 0 -59 14 17 -130 405 N N N N -6427 -2001 3 673 673
1 21042 129 -6 -1 -131 0 -1392 1 2 -3 -23 67 -157 369 N N N N -8967 -2787 16 983 983
1 20779 114 11 -5 9 0 0 0 0 7 1 -6 121 345 N N N N -5414 -1694 -12 631 631
1 20000 115 -39 5 0 0 0 0 0 -21 1 6 106 268 N N N N -9419 -2967 -61 1169 1169
1 20000 123 -4 1 0 0 0 0 0 -2 -1 1 541 225 N N N N -7115 -2326 -255 1010 1010
1 20000 123 34 1 -1 0 0 0 0 17 0 -5 733 228 N N N N -9263 -2941 -195 1325 1325
1 20000 114 90 -1 -1 0 0 0 0 46 -5 -13 980 211 N N N N -7613 -2395 -150 1142 1142
1 20000 98 30 -5 -2 0 0 0 0 15 -4 -6 1690 192 N N N N -6334 -1980 -123 992 992
1 20000 86 -54 -4 2 0 0 0 0 -26 6 8 810 203 N N N N -3774 -1182 -104 619 619
1 20000 106 -41 7 0 0 0 0 0 -22 2 7 7 189 N N N N -4046 -1259 -99 677 677
1 20000 96 -11 1 -2 0 0 0 0 -6 0 3 54 189 N N N N -4143 -1276 -63 700 700
1 20000 107 -51 -2 3 1 0 1 0 -25 1 7 295 200 N N N N -4216 -1293 -52 731 731
1 20000 111 -39 2 -1 0 0 0 0 -20 0 7 130 168 N N N N -2823 -860 -3 496 496
1 20000 124 -17 1 0 0 0 0 0 -9 -2 2 -94 163 N N N N -2332 -714 -35 424 424
1 20000 112 -46 1 3 0 0 0 0 -22 -4 7 0 139 N N N N -1528 -467 -22 282 282
1 20000 121 -11 3 -3 0 0 0 0 -7 -1 2 -65 115 N N N N -786 -240 -13 146 146
1 20000 129 45 -1 1 0 0 0 0 23 4 -7 209 124 N N N N -1556 -480 -70 300 300
1 20000 133 20 0 3 0 0 0 0 10 2 -4 239 100 N N N N -1845 -562 -25 349 349
1 20000 122 41 -3 -2 0 0 0 0 21 1 -6 -95 97 N N N N -1906 -579 -14 364 364
1 20000 135 56 3 1 0 0 0 0 28 0 -8 429 108 N N N N -1232 -374 -10 239 239
1 20000 134 64 -2 0 0 0 1 0 32 -3 -12 109 80 N N N N -1819 -552 -14 356 356
1 20000 129 111 -2 -3 0 0 0 0 55 -16 -16 70 72 N N N N -1119 -340 -24 223 223
1 20000 129 48 0 1 0 0 0 0 22 -10 -9 -11 67 N N N N -595 -182 -34 122 122
1 20000 142 -1 3 1 0 0 0 0 -1 1 0 210 62 N N N N -629 -192 -56 132 132
1 20000 123 25 0 -3 0 0 0 0 11 -6 -3 147 68 N N N N -560 -170 -23 115 115
1 20000 133 -40 -1 0 0 0 0 0 -18 9 6 206 45 N N N N -197 -60 -13 40 40
1 20000 119 13 1 3 0 0 0 0 6 -3 -2 -209 47 N N N N -189 -58 -35 42 42
1 19999 141 44 2 -1 0 0 0 0 20 -10 -6 709 66 N N N N -470 -143 -22 97 97
1 20001 125 21 -1 1 0 0 0 0 9 -6 -3 31 43 N N N N -113 -35 -48 28 28
1 21766 146 51 -11 113 -11 1389 1 -2 23 -4 -58 610 51 N N N N -67 -22 -48 18 18
1 20001 117 -72 -3 4 0 0 0 0 -30 22 5 373 47 N N N N -214 -66 -43 47 47
1 20001 131 -143 5 1 0 0 0 0 -68 33 17 357 69 N N N N 130 36 -92 -16 -16
1 19999 119 -91 0 0 0 0 0 0 -45 12 13 42 62 N N N N -136 -41 -32 30 30
1 18721 129 -133 2 -145 1 -1390 1 0 -67 -26 95 11 79 N N N N 70 20 -19 -12 -12
1 21280 129 -102 -1 28 -1 -1 -1 2 -49 -5 4 17 77 N N N N -90 -27 -22 20 20
1 19999 118 32 3 1 0 0 0 0 15 4 -5 -85 45 N N N N -57 -18 -17 13 13
1 20000 120 86 -1 -3 0 0 0 0 42 7 -13 144 39 N N N N -264 -80 -42 57 57
1 20000 123 133 1 -1 0 0 0 0 67 -2 -20 -395 50 N N N N 47 13 -50 -4 -4
1 19999 126 65 0 2 0 0 0 0 32 -6 -12 526 44 N N N N 51 14 -45 -6 -6
1 20001 126 25 3 -2 0 0 0 0 12 -3 -3 424 45 N N N N -49 -16 -27 13 13
1 19999 104 25 0 0 0 0 0 0 12 -4 -3 132 52 N N N N 98 29 -16 -18 -18
1 20001 97 -21 -4 -2 0 0 0 0 -10 3 2 205 46 N N N N 38 11 -20 -6 -6
1 20000 114 -68 3 7 0 0 0 0 -33 9 10 278 59 N N N N 75 21 -32 -11 -11
1 25000 133 -115 -13 116 -9 1402 0 -2 -56 27 -44 14 65 N N N N 282 84 -23 -54 -54
1 25233 115 -123 23 -117 30 -1402 0 2 -66 -29 82 138 49 N N N N 192 56 -25 -35 -35
1 20000 103 -75 6 0 0 0 0 0 -38 -11 9 17 41 N N N N 292 86 -17 -56 -56
1 20000 91 31 3 -3 0 0 0 0 14 4 -2 -168 27 N N N N 80 24 -10 -14 -14
1 20000 101 13 -3 3 0 0 0 0 7 3 -3 -206 36 N N N N 158 46 -6 -31 -31
1 20000 98 -17 2 -2 0 0 0 0 -9 -3 3 16 25 N N N N 442 131 -13 -85 -85
1 20000 88 -85 -1 0 0 0 0 0 -40 -15 9 66 13 N N N N 335 100 0 -65 -65
1 19999 100 4 -2 -3 0 0 0 0 2 0 1 90 9 N N N N 311 91 -20 -58 -58
1 20002 98 7 1 6 0 0 0 0 4 2 -3 352 11 N N N N 233 68 -27 -42 -42
1 19999 101 65 -3 -4 0 0 0 0 31 12 -6 136 11 N N N N -38 -12 -27 11 11
1 20000 81 13 6 3 0 0 0 0 5 2 -3 193 47 N N N N -23 -9 -52 10 10
1 23117 113 136 -25 -131 0 -1401 1 -2 74 -26 40 259 31 N N N N 43 12 -16 -6 -6
1 20029 94 161 7 139 -7 1369 -1 0 79 34 -89 323 30 N N N N -149 -46 -35 32 32
1 20445 94 115 7 -14 0 31 0 2 54 -20 -11 49 64 N N N N 165 46 -64 -24 -24
1 20000 98 -17 0 5 0 0 0 0 -8 3 1 407 29 N N N N 605 177 -31 -112 -112
1 20000 87 39 0 0 0 0 0 0 19 -8 -4 113 53 N N N N 775 228 -21 -145 -145
1 19999 106 73 3 -3 0 0 0 0 31 -19 -10 173 30 N N N N 919 269 -41 -168 -168
1 20000 100 47 1 0 0 0 0 0 20 -14 -6 34 52 N N N N 662 194 -21 -121 -121
1 20000 105 58 2 0 0 0 0 0 22 -20 -6 -35 59 N N N N 381 111 -11 -69 -69
1 20001 100 54 0 1 0 0 0 0 19 -20 -8 -182 58 N N N N 293 85 -19 -52 -52
1 20000 115 7 -1 0 0 0 0 0 2 -3 -1 168 54 N N N N 383 111 -28 -67 -67
1 20000 108 -7 0 0 0 0 0 0 -2 3 1 -2643 33 N N N N 663 194 -17 -119 -119
1 20883 123 -91 -13 125 -10 1408 1 -2 -31 45 -41 2697 58 N N N N 929 271 -25 -167 -167
1 19999 111 -127 3 -2 0 0 0 0 -54 40 11 373 40 N N N N 516 151 -18 -90 -90
1 19999 127 -135 -2 -5 0 0 0 0 -65 28 15 220 25 N N N N 352 101 -24 -60 -60
1 20000 114 -156 -1 8 0 0 0 0 -78 13 22 173 65 N N N N -153 -48 -29 32 32
1 20825 141 -143 0 -126 0 -1416 -1 2 -70 -34 87 192 39 N N N N -273 -81 -14 51 51
1 19997 126 -110 7 -1 0 0 0 0 -54 -20 14 -60 48 N N N N -543 -159 -1 99 99
1 20000 141 63 -2 -1 0 0 0 0 30 12 -7 -114 50 N N N N -726 -215 -16 135 135
1 20000 129 92 2 1 0 0 0 0 44 13 -14 191 33 N N N N -1265 -371 -7 233 233
1 20002 146 81 2 -2 0 0 0 0 40 5 -11 -194 32 N N N N -1241 -365 -12 231 231
1 19998 140 44 3 3 0 0 0 0 22 0 -7 -622 39 N N N N -837 -246 -14 158 158
1 20002 135 64 2 -3 0 0 0 0 32 -2 -9 -1243 5 N N N N -673 -198 -14 129 129
1 20001 139 -8 -5 3 0 0 0 0 -3 0 0 -3555 27 N N N N -441 -130 -22 85 85
1 19998 152 -24 3 -1 0 0 0 0 -13 2 4 -2911 0 N N N N -699 -205 -14 134 134
1 20000 123 24 2 0 0 0 0 0 12 -1 -3 -4017 8 N N N N -661 -194 -15 128 128
1 20000 148 28 -1 1 0 -1 0 0 14 -3 -5 -784 -2 N N N N -1143 -335 -16 220 220
1 19999 139 8 -2 3 0 0 0 0 5 0 -2 2219 10 N N N N -724 -213 -16 141 141
1 20002 139 27 1 -3 0 0 0 0 13 -3 -3 4207 20 N N N N -565 -165 -5 111 111
1 19998 146 52 2 0 0 0 0 0 25 -7 -8 3429 18 N N N N -504 -148 -8 98 98
1 40000 267 112 -2 -2 0 0 0 0 53 -23 -16 2974 53 N N N N -633 -185 -31 127 127
1 40003 280 89 2 -2 0 0 0 0 38 -26 -11 -13902 47 N N N N -240 -70 -27 49 49
1 39999 278 -24 -4 -2 0 0 0 0 -10 8 0 13887 38 N N N N -205 -61 -57 45 45
1 42529 279 -116 -3 127 -11 1421 0 -2 -51 46 -41 1604 53 N N N N -104 -30 -32 23 23
1 40000 271 -217 -2 1 0 0 0 0 -107 32 27 222 74 N N N N -88 -26 -26 19 19
1 37529 228 -134 14 -122 32 -1418 0 2 -70 -28 84 -937 58 N N N N -53 -16 -10 11 11
1 39999 247 -36 12 -1 0 0 0 0 -21 -4 5 -18624 40 N N N N 49 14 -18 -8 -8
1 40000 244 -8 -1 -3 0 0 0 0 -4 -1 2 18249 15 N N N N -101 -29 -21 22 22
1 40000 244 57 1 1 0 0 0 0 28 6 -8 -14331 17 N N N N -124 -37 -23 26 26
1 40000 238 123 1 0 0 0 0 0 63 4 -16 7051 32 N N N N -83 -24 -37 19 19
1 40000 255 37 -1 -1 0 -1 0 0 19 -1 -5 -7872 35 N N N N -49 -14 -37 12 12
1 40000 246 66 0 5 0 0 0 0 34 -6 -10 13026 28 N N N N -49 -15 -32 12 12
1 40000 268 138 -1 -4 0 0 0 0 67 -24 -17 -598 46 N N N N -50 -14 -45 13 13
1 40000 247 132 -1 0 0 0 0 0 57 -38 -18 -5344 69 N N N N -28 -9 -41 9 9
1 40000 264 172 1 2 0 0 0 0 58 -67 -19 10820 60 N N N N 22 6 -48 -1 -1
1 41356 274 24 -9 117 -7 1411 0 -2 8 -1 -36 -1996 57 N N N N -17 -5 -39 6 6
1 40000 268 -257 -1 8 0 0 0 0 -90 102 6 2478 81 N N N N -22 -6 -32 7 7
1 40000 278 -232 2 2 0 0 0 0 -110 51 23 -72 100 N N N N -74 -22 -21 16 16
1 40705 282 -177 -5 -127 0 -1402 0 2 -89 -18 88 126 65 N N N N -122 -35 -19 25 25
1 40001 282 -62 12 2 0 0 0 0 -34 -5 8 -9450 63 N N N N 46 13 -40 -6 -6
1 39998 295 72 -4 0 0 0 0 0 37 6 -10 7844 50 N N N N -13 -4 -24 4 4
1 40001 303 129 1 0 0 0 0 0 66 -1 -17 -14066 34 N N N N 36 11 -19 -5 -5
1 40000 297 87 4 -3 0 0 0 0 43 -8 -12 11273 38 N N N N 217 62 -38 -39 -39
1 40001 293 156 0 4 0 0 0 0 74 -32 -20 4255 38 N N N N 945 271 -26 -179 -179
1 42938 349 -142 -58 121 -81 1395 -1 -2 -57 47 -54 910 60 N N N N 283 81 -40 -51 -51
1 44591 359 -303 22 -122 31 -1394 -1 2 -154 -12 114 804 78 N N N N -482 -139 -60 97 97
1 40001 297 -24 1 0 0 0 0 0 -12 -3 3 -7368 67 N N N N -87 -26 -71 22 22
1 39999 292 89 1 -2 0 0 0 0 43 9 -13 7519 60 N N N N -233 -67 -55 49 49
1 40001 298 101 6 -1 0 0 0 0 50 1 -15 -10879 64 N N N N -121 -35 -41 26 26
1 40001 298 -40 -2 1 0 0 0 0 -20 1 6 4341 59 N N N N 14 4 -32 0 0
1 39999 288 -80 1 1 0 0 0 0 -41 -3 11 878 62 N N N N -82 -24 -42 19 19
1 40000 294 18 -1 0 0 -1 0 0 9 2 -3 5308 66 N N N N -84 -24 -32 18 18
1 39999 279 93 -1 -3 0 0 0 0 48 1 -13 -7771 68 N N N N -143 -41 -45 31 31
1 40000 290 37 1 3 0 0 0 0 18 -2 -7 -10028 68 N N N N 151 43 -43 -26 -26
1 40001 288 -51 -2 1 0 0 0 0 -25 2 8 1450 59 N N N N 507 144 -25 -93 -93
1 40000 283 49 -1 -1 0 0 0 0 25 -1 -8 16327 53 N N N N 306 86 -18 -56 -56
1 40001 296 163 1 -3 0 0 -1 0 79 -21 -26 2117 55 N N N N 267 76 -17 -48 -48
1 39999 287 106 7 0 0 0 0 0 48 -24 -15 -12600 55 N N N N 355 100 -16 -65 -65
1 40000 280 -18 -3 5 0 0 0 0 -8 4 3 2991 43 N N N N 285 81 -31 -50 -50
1 39998 279 -132 0 0 0 0 0 0 -61 28 19 7779 42 N N N N 336 94 -46 -58 -58
1 40001 280 -18 -3 1 0 0 0 0 -8 3 3 -18688 43 N N N N 334 94 -42 -58 -58
1 41919 292 -245 -8 94 -7 1236 0 -3 -122 30 -11 20231 50 N N N N 333 93 -30 -58 -58
1 38963 252 -181 5 -97 0 -1242 -1 3 -87 -49 76 -11122 43 N N N N 286 80 -27 -50 -50
1 39999 278 20 1 0 0 0 0 0 9 4 -1 -3308 50 N N N N 315 88 -30 -54 -54
1 40002 258 69 2 1 0 0 0 0 32 13 -11 1801 53 N N N N 206 57 -42 -34 -34
1 40000 258 109 -2 -1 0 0 0 0 54 11 -16 -5888 51 N N N N 101 28 -31 -15 -15
1 40000 269 4 1 0 0 0 0 0 2 0 -1 4152 33 N N N N 24 6 -22 -2 -2
1 39999 257 -9 1 1 0 0 -1 0 -5 0 1 -3579 28 N N N N -10 -4 -46 7 7
1 40000 279 23 0 0 0 0 0 0 12 1 -3 -1183 31 N N N N 56 14 -33 -7 -7
1 39999 256 -28 0 3 0 0 0 0 -14 -2 3 2044 33 N N N N -28 -9 -35 8 8
1 40000 270 40 -3 -7 0 0 0 0 20 1 -4 6945 45 N N N N 220 61 -28 -36 -36
1 40000 264 20 0 4 0 0 0 0 10 2 -6 -2998 53 N N N N 917 257 -19 -162 -162
1 40002 293 36 3 -1 0 0 -1 0 18 0 -4 -1565 51 N N N N 1072 300 -28 -187 -187
1 39998 298 45 0 -1 0 0 0 0 22 -2 -7 -2564 50 N N N N 650 180 -47 -109 -109
1 40000 300 -25 -2 -1 0 0 0 0 -12 2 3 6114 27 N N N N 375 104 -24 -63 -63
1 40001 300 76 0 2 0 0 0 0 38 -6 -12 -5447 44 N N N N 450 124 -24 -76 -76
1 40000 318 35 2 2 0 0 0 0 18 -3 -5 -103 28 N N N N 478 133 -15 -81 -81
1 42030 332 -224 -16 94 -11 1247 -1 -3 -110 29 -15 19758 14 N N N N 316 87 -16 -52 -52
1 39441 318 -185 6 -96 0 -1240 0 3 -89 -49 78 -4417 57 N N N N 175 49 -12 -29 -29
1 39997 341 -21 6 3 0 0 0 0 -11 -4 2 -6805 70 N N N N 127 34 -25 -19 -19
1 40000 336 134 -3 -3 0 0 0 0 63 23 -18 5130 64 N N N N -379 -109 -44 71 71
1 40001 351 4 2 2 0 0 0 0 2 1 -1 739 47 N N N N -99 -29 -30 21 21
1 40001 330 11 -2 0 0 0 0 0 6 1 -2 -11617 54 N N N N -88 -26 -18 18 18
1 43561 387 257 0 -6 22 8 0 0 128 1 -40 17616 60 N N N N -106 -32 -36 23 23
1 40791 319 239 13 7 0 0 0 0 108 -50 -36 386 57 N N N N 575 159 -28 -95 -95
1 40000 335 135 5 -5 0 0 0 0 50 -48 -15 -15121 56 N N N N 567 156 -30 -93 -93
1 40001 338 -5 1 3 0 0 0 0 -2 2 1 -4559 46 N N N N 199 53 -32 -30 -30
1 40001 339 13 1 1 0 0 0 0 4 -5 -2 4062 21 N N N N 195 52 -26 -30 -30
1 39999 326 42 1 -2 0 0 0 0 13 -18 -4 6452 -3 N N N N 231 63 -23 -36 -36
1 41942 355 -125 -14 124 -7 1388 -2 -2 -40 60 -35 8059 23 N N N N 205 55 -24 -31 -31
1 40176 332 -308 1 0 0 0 0 0 -140 80 29 2503 72 N N N N 615 168 -29 -99 -99
1 39999 337 -200 -3 -122 -1 -1397 0 2 -99 -16 94 200 71 N N N N 866 238 -28 -141 -141
1 40001 328 59 9 -4 0 0 0 0 27 2 -8 -8584 69 N N N N 636 175 -24 -103 -103
1 40000 331 83 -2 6 0 0 0 0 43 -1 -14 -8087 64 N N N N 109 28 -22 -14 -14
1 40000 314 -11 1 -3 0 0 0 0 -6 0 3 -1370 46 N N N N -298 -84 -17 52 52
1 40001 326 -44 0 1 0 0 0 0 -22 1 6 1998 23 N N N N -351 -101 -47 65 65
1 39999 305 49 -1 2 0 0 0 0 25 0 -8 3629 21 N N N N -252 -73 -42 48 48
1 39999 300 89 3 -1 0 0 0 0 44 -8 -14 5407 28 N N N N 318 86 -22 -49 -49
1 40001 300 73 -2 -1 0 0 0 0 36 -11 -11 -7796 54 N N N N 245 66 -20 -38 -38
1 40002 285 37 2 1 0 0 0 0 17 -8 -5 4574 55 N N N N -16 -7 -33 8 8
1 39998 292 20 0 -3 0 0 0 0 9 -4 -3 -3522 43 N N N N 19 2 -28 1 1
1 39999 284 53 0 1 0 0 0 0 24 -14 -7 3215 47 N N N N 62 16 -21 -7 -7
1 41413 268 -143 -16 120 -10 1392 -2 -2 -64 48 -43 11127 52 N N N N -11 -7 -40 8 8
1 38528 257 -264 3 -135 1 -1397 1 0 -132 -9 111 1413 62 N N N N 6 -2 -53 6 6
1 41825 285 -127 3 14 -1 1 -1 2 -63 -13 12 -9920 76 N N N N -78 -25 -41 19 19
1 40000 266 -11 4 3 0 0 0 0 -5 -2 2 -6230 65 N N N N -344 -98 -35 62 62
1 39998 273 54 2 -1 0 0 0 0 25 9 -8 -1357 53 N N N N -131 -39 -39 27 27
1 40001 282 43 1 0 0 0 0 0 20 6 -7 1636 45 N N N N 3 -2 -41 6 6
1 40000 276 -7 -2 -4 0 0 0 0 -3 -2 2 -893 55 N N N N 98 24 -36 -11 -11
1 46327 315 294 -8 -3 15 10 -1 0 149 -4 -45 17791 65 N N N N 107 24 -62 -8 -8
1 40790 254 193 16 4 0 0 0 0 86 -42 -28 -4813 82 N N N N 66 14 -45 -4 -4
1 40001 267 89 2 3 0 0 0 0 35 -30 -12 -10378 84 N N N N 61 14 -29 -6 -6
1 39999 266 6 0 0 0 0 0 0 2 -3 1 -298 72 N N N N 164 43 -29 -22 -22
1 40000 272 2 0 0 0 0 0 0 1 0 -1 8923 66 N N N N 274 70 -50 -37 -37
1 40000 259 10 -3 -1 0 0 0 0 4 -4 -2 -7856 70 N N N N 94 23 -34 -10 -10
1 41766 272 -153 -10 125 -8 1390 -1 -2 -60 63 -36 12451 62 N N N N -433 -122 -47 77 77
1 40002 286 -273 3 -1 0 0 0 0 -133 50 33 3655 73 N N N N -508 -141 -42 88 88
1 40000 265 -164 -6 -121 0 -1399 0 2 -80 -29 88 -7842 73 N N N N -438 -122 -39 77 77
1 39998 287 -55 9 1 0 0 0 0 -29 -6 8 -8837 63 N N N N -368 -101 -17 62 62
1 40000 268 61 1 -5 0 0 0 0 29 7 -8 -409 53 N N N N -150 -43 -37 29 29
1 40001 288 10 3 0 0 0 0 0 4 1 -2 1195 35 N N N N 503 133 -41 -75 -75
1 39999 285 31 -1 2 0 0 0 0 16 3 -5 -1313 36 N N N N 551 148 -11 -87 -87
1 40000 276 45 -8 2 0 0 -1 0 25 2 -7 4517 33 N N N N 420 111 -28 -64 -64
1 40001 286 -12 3 -2 0 0 0 0 -7 0 2 -1967 34 N N N N 664 177 -24 -102 -102
1 40000 301 8 0 0 0 0 0 0 4 0 -1 -2 41 N N N N 760 203 -19 -118 -118
1 40000 303 91 2 1 0 0 0 0 46 -1 -13 -1855 31 N N N N 891 236 -36 -135 -135
1 39998 311 12 5 -1 0 0 0 0 5 0 -2 207 40 N N N N 576 155 -16 -88 -88
1 40002 327 110 -3 -5 0 0 -1 0 55 -11 -17 2634 30 N N N N 385 103 -7 -59 -59
1 40000 321 49 -6 7 0 0 0 0 25 -9 -9 4129 21 N N N N 252 66 -14 -37 -37
1 40000 332 33 6 -4 0 0 0 0 14 -7 -4 8581 24 N N N N 119 30 -23 -14 -14
1 39999 335 46 2 1 0 0 0 0 21 -11 -6 -8426 44 N N N N -111 -33 -32 22 22
1 40000 324 -8 -4 1 0 0 0 0 -3 2 1 6884 47 N N N N -965 -262 -21 154 154
1 41412 352 -263 -12 126 -10 1406 -1 -2 -126 59 -26 3763 53 N N N N -2088 -564 -33 334 334
1 36588 306 -239 3 -124 0 -1402 0 2 -118 -39 101 -4754 57 N N N N -1304 -353 -40 213 213
1 40000 330 -48 8 0 0 0 0 0 -24 -10 7 -8149 59 N N N N -477 -131 -34 81 81
1 40000 325 16 -3 0 0 0 0 0 8 3 -3 2367 53 N N N N -1001 -271 -46 167 167
1 40000 325 -62 -4 -4 0 0 0 0 -28 -14 9 8300 46 N N N N -1958 -526 -33 321 321
1 39999 324 -79 3 1 0 0 0 0 -34 -21 9 -4004 52 N N N N -1635 -439 -30 271 271
1 44589 371 282 -19 -128 0 -1389 0 -2 135 14 20 7950 67 N N N N -1452 -389 -25 243 243
1 40824 304 352 24 124 21 1394 -1 2 168 17 -111 528 74 N N N N -731 -196 -28 124 124
1 39999 289 137 9 7 0 0 0 0 59 -37 -17 -12762 49 N N N N -673 -180 -19 114 114
1 40000 280 46 2 -1 0 0 0 0 17 -16 -5 2797 45 N N N N -495 -133 -14 85 85
1 40001 283 69 -2 -4 0 0 0 0 25 -26 -9 4170 32 N N N N -192 -51 -12 33 33
1 40000 260 -77 5 1 0 0 0 0 -28 29 10 -2313 28 N N N N -19 -6 -21 5 5
1 40001 254 106 -2 1 0 0 0 0 36 -42 -12 4676 37 N N N N 45 12 -22 -5 -5
1 41588 255 -102 -14 123 -7 1396 -1 -2 -33 51 -39 3775 30 N N N N 66 17 -28 -9 -9
1 40410 247 -241 2 4 0 0 0 0 -105 71 20 392 43 N N N N 134 35 -29 -20 -20
1 41388 234 -255 1 -30 0 -178 0 -1 -129 18 50 174 49 N N N N 222 58 -29 -34 -34
1 38965 220 -87 0 -92 0 -1225 0 3 -43 -28 61 -1646 47 N N N N 134 35 -22 -20 -20
1 40002 236 133 0 -3 0 0 0 0 67 8 -18 1942 32 N N N N 209 55 -33 -32 -32
1 39998 218 83 8 -4 0 0 0 0 40 -3 -10 -6586 42 N N N N 287 76 -27 -45 -45
1 40000 220 -72 -5 4 0 0 0 0 -35 3 9 2752 43 N N N N 296 77 -33 -45 -45
1 40001 222 -80 2 1 0 0 0 0 -41 -3 11 -7908 40 N N N N -216 -58 -41 39 39
1 40000 226 7 1 -3 0 -1 -1 0 3 1 0 2416 43 N N N N -190 -51 -20 34 34
1 39998 214 61 0 -2 0 0 0 0 31 2 -8 -3365 41 N N N N 10 2 -16 -1 -1
1 39999 218 -63 -1 3 0 0 0 0 -32 -2 8 -2185 38 N N N N 107 28 -25 -15 -15
1 40000 223 -20 -1 0 0 0 0 0 -10 -1 2 -437 30 N N N N 200 51 -37 -29 -29
1 40002 251 65 4 -2 0 0 0 0 32 4 -9 112 14 N N N N 177 47 -21 -27 -27
1 40001 224 115 -1 1 0 1 0 0 59 -4 -17 946 14 N N N N 226 58 -28 -34 -34
1 39998 247 55 -1 2 0 0 0 0 28 -4 -8 512 21 N N N N 346 91 -35 -53 -53
1 40003 241 21 0 -3 0 0 0 0 10 -3 -3 756 41 N N N N 425 110 -29 -66 -66
1 39999 243 22 2 0 0 0 0 0 11 -3 -3 -1097 53 N N N N 517 135 -32 -80 -80
1 39998 250 3 -2 2 0 0 0 0 2 0 -1 62 52 N N N N 682 179 -24 -107 -107
1 47210 282 -273 -15 97 -9 1224 0 -3 -135 32 -10 15733 72 N N N N 667 174 -31 -103 -103
1 39087 252 -189 5 -99 -2 -1224 -1 3 -91 -52 77 -11027 51 N N N N 436 113 -28 -66 -66
1 40000 267 13 4 1 0 0 0 0 5 3 -2 -3221 70 N N N N 773 201 -31 -119 -119
1 40000 268 16 -1 3 0 0 0 0 8 4 -3 481 46 N N N N 286 73 -37 -40 -40
1 39999 273 86 2 -4 0 0 0 0 40 14 -10 1107 43 N N N N 1352 351 -45 -206 -206
1 40000 280 79 -3 0 0 0 0 0 40 9 -11 -990 54 N N N N 1602 418 -25 -245 -245
1 40000 285 41 1 4 1 0 -1 0 20 3 -7 416 51 N N N N 494 126 -41 -70 -70
1 40000 296 -1 3 -2 0 0 0 0 -1 0 0 -1075 35 N N N N 935 243 -19 -140 -140
1 40000 303 22 -1 -2 0 0 0 0 11 0 -3 1104 41 N N N N -83 -23 -9 14 14
1 40000 310 8 0 2 0 0 0 0 4 1 -2 -620 42 N N N N -247 -66 -16 40 40
1 40000 309 41 -1 -1 0 0 0 0 21 -1 -6 12207 47 N N N N 593 152 -39 -84 -84
1 40000 324 2 1 -1 0 0 0 0 1 0 0 -7999 54 N N N N 1154 297 -39 -168 -168
1 40001 317 7 -5 4 0 0 0 0 5 0 -2 11013 57 N N N N 152 37 -30 -18 -18
1 39999 337 107 7 -5 0 0 0 0 52 -8 -15 -8250 69 N N N N -365 -99 -37 61 61
1 40000 339 -45 -2 4 0 0 0 0 -22 5 6 -3797 63 N N N N 62 15 -17 -7 -7
1 40000 340 51 0 0 0 0 0 0 25 -6 -8 1966 44 N N N N -242 -65 -14 38 38
1 43411 375 -161 -13 121 -11 1399 -1 -2 -78 33 -39 6777 49 N N N N -422 -112 -25 68 68
1 43175 358 -271 19 -121 26 -1407 0 2 -136 -58 100 -4794 42 N N N N -131 -36 -21 23 23
1 40000 336 -66 5 -1 0 0 0 0 -30 -17 7 -2659 37 N N N N -366 -96 -14 57 57
1 40000 341 126 -1 -2 0 0 0 0 57 28 -13 11343 22 N N N N -201 -54 -20 33 33
1 40000 347 51 3 2 0 0 0 0 23 10 -7 -7109 39 N N N N 359 91 -22 -51 -51
1 39999 320 37 -3 -2 0 0 0 0 19 4 -4 -2941 33 N N N N 595 153 -15 -87 -87
1 42001 363 167 -14 -122 0 -1376 -1 -2 88 -26 31 10721 24 N N N N 584 149 -26 -83 -83
1 41531 347 271 8 122 -7 1388 -1 2 130 -3 -96 863 41 N N N N 177 45 -16 -24 -24
1 40001 325 118 2 0 0 0 0 0 49 -36 -15 -6075 36 N N N N 926 237 -20 -133 -133
1 40000 310 67 2 -3 0 0 0 0 24 -25 -8 3757 38 N N N N 1156 297 -20 -167 -167
1 39999 315 14 -4 3 0 0 0 0 5 -5 -4 588 35 N N N N 712 182 -20 -101 -101
1 40001 316 47 1 -2 0 0 0 0 15 -20 -4 -5843 34 N N N N 154 37 -24 -18 -18
1 41588 323 -222 -12 125 -10 1391 1 -2 -81 93 -30 7463 35 N N N N -624 -165 -36 97 97
1 40000 296 -281 3 3 0 0 0 0 -136 53 34 1063 43 N N N N 171 40 -32 -19 -19
1 39999 287 -237 -8 -119 -1 -1395 -1 2 -115 -37 98 -586 50 N N N N 1249 319 -25 -177 -177
1 39998 291 -94 9 -5 0 0 0 0 -46 -20 13 -10255 42 N N N N 1840 472 -18 -260 -260
1 40000 286 -67 5 2 0 0 0 0 -30 -17 7 -2097 32 N N N N 1466 376 -17 -205 -205
1 40003 289 73 0 -2 0 0 0 0 31 19 -8 1817 17 N N N N 554 138 -31 -72 -72
1 39997 292 61 -1 2 0 0 0 0 29 12 -8 2509 22 N N N N 950 240 -31 -127 -127
1 41823 287 258 -22 -127 1 -1387 -1 -2 133 -14 19 9447 28 N N N N 1638 417 -24 -222 -222
1 42239 279 258 31 127 16 1390 1 2 119 -2 -91 -2158 55 N N N N 1292 329 -19 -173 -173
1 39999 263 90 4 -4 0 0 0 0 38 -26 -12 -8001 46 N N N N 831 212 -9 -112 -112
1 40001 251 -23 -2 -1 0 0 0 0 -9 8 3 -3495 33 N N N N 374 94 -10 -48 -48
1 39998 254 -88 1 1 0 0 0 0 -39 24 11 1949 19 N N N N -152 -41 -9 22 22
1 40001 257 -29 -3 3 0 0 0 0 -13 6 5 8670 12 N N N N -707 -183 -7 98 98
1 42000 259 -113 -10 118 -7 1399 -1 -2 -54 37 -47 1468 30 N N N N -322 -86 -20 48 48
1 42117 259 -347 -2 -116 0 -1408 -1 2 -172 -30 111 1966 45 N N N N 214 51 -25 -24 -24
1 39999 248 -124 10 -5 0 0 0 0 -59 -30 15 -11127 33 N N N N 846 213 -24 -110 -110
1 40001 238 73 -3 0 0 0 0 0 33 17 -8 10957 27 N N N N 883 224 -10 -117 -117
1 40000 251 105 1 1 0 0 0 0 50 19 -13 370 27 N N N N 480 121 -11 -62 -62
1 39999 250 9 -3 1 0 0 0 0 5 2 -1 -2562 23 N N N N 255 62 -15 -30 -30
1 41706 284 195 -18 -125 -1 -1378 0 -2 102 -25 26 2796 14 N N N N 140 32 -24 -14 -14
1 41590 258 252 9 125 -9 1400 0 2 120 -2 -96 499 35 N N N N -31 -12 -18 9 9
1 39999 250 151 6 -1 0 0 0 0 61 -47 -19 56 29 N N N N -135 -37 -12 20 20
1 40000 261 64 1 -1 0 0 0 0 22 -25 -7 -6148 31 N N N N -72 -21 -14 13 13
1 40001 267 -57 0 1 0 0 0 0 -19 23 6 -2251 26 N N N N 75 16 -18 -6 -6
1 39999 253 -7 -2 2 0 0 0 0 -3 2 1 3910 15 N N N N 222 53 -21 -25 -25
1 41825 288 -185 -12 123 -10 1379 -1 -2 -75 70 -33 3752 24 N N N N 222 52 -22 -25 -25
1 40586 273 -304 5 -29 0 -167 1 -1 -152 34 55 1191 35 N N N N 188 45 -15 -21 -21
1 39414 248 -94 22 -93 32 -1226 -1 3 -52 -27 63 -6636 30 N N N N 283 69 -17 -34 -34
1 40000 265 63 3 -3 0 0 0 0 31 5 -7 550 24 N N N N 315 78 -14 -38 -38
1 40000 272 38 1 0 0 0 0 0 19 2 -6 -4130 19 N N N N 261 64 -11 -32 -32
1 40000 258 5 -4 3 0 0 0 0 4 0 -1 9421 15 N N N N 220 54 -12 -27 -27
1 39998 261 -8 -2 -2 0 0 0 0 -4 0 2 -710 24 N N N N 640 158 -23 -78 -78
1 40002 264 -61 5 2 0 0 0 0 -32 -3 7 -1067 21 N N N N 525 128 -23 -64 -64
1 39998 265 27 -1 1 0 0 0 0 14 1 -4 -7989 20 N N N N 323 81 -9 -40 -40
1 40003 268 71 1 -3 0 0 0 0 36 3 -9 467 24 N N N N 260 64 -13 -30 -30
1 39999 256 0 -4 2 0 0 0 0 1 0 0 2547 25 N N N N 293 71 -14 -35 -35
1 40001 258 4 -1 -2 0 0 0 0 2 -1 0 1243 17 N N N N 287 70 -13 -34 -34
1 40001 258 -88 4 3 0 0 0 0 -46 -2 10 333 19 N N N N 202 46 -25 -20 -20
1 39998 281 57 0 -1 0 0 0 0 29 2 -7 483 22 N N N N 533 132 -15 -65 -65
1 39999 263 25 1 -1 0 0 0 0 13 0 -3 -3692 26 N N N N 381 94 -13 -46 -46
1 40000 248 -71 1 2 0 0 0 0 -36 -2 10 5574 18 N N N N 224 55 -10 -27 -27
1 40001 265 -7 -1 -3 0 0 0 0 -4 -1 1 -6235 21 N N N N 255 61 -17 -28 -28
1 39999 265 20 -3 2 0 0 -1 0 11 2 -3 3196 20 N N N N 370 89 -20 -42 -42
1 40001 258 -60 5 -2 0 0 0 0 -32 -5 8 -3261 28 N N N N 217 52 -10 -26 -26
1 40000 250 -34 1 0 0 0 0 0 -17 -5 4 553 26 N N N N 188 43 -23 -18 -18
1 40001 257 -56 -2 3 0 0 0 0 -26 -7 7 3465 23 N N N N 191 43 -21 -19 -19
1 39998 253 -79 -2 -1 0 0 0 0 -36 -17 9 1359 22 N N N N 223 51 -24 -22 -22
1 41648 273 161 -19 -125 0 -1388 0 -2 82 -12 38 6483 25 N N N N 182 43 -13 -20 -20
1 42000 262 342 9 125 -8 1396 0 2 169 28 -106 -631 48 N N N N 339 81 -22 -37 -37
1 39997 239 -44 2 -1 0 0 0 0 -22 8 6 -4316 34 N N N N 421 102 -18 -49 -49
1 40001 259 -109 4 2 0 0 0 0 -56 10 16 -3234 32 N N N N 254 59 -20 -26 -26
1 40001 251 30 -2 -2 0 0 0 0 16 -2 -3 -2911 28 N N N N 430 105 -15 -50 -50
1 40000 245 -50 3 1 0 0 0 0 -26 3 7 3908 21 N N N N 838 207 -19 -100 -100
1 39998 255 1 -2 0 1 0 -1 0 1 0 0 1167 14 N N N N 693 172 -12 -83 -83
1 40003 249 1 1 0 0 0 0 0 0 0 -1 -4430 21 N N N N 324 75 -25 -34 -34
1 39997 267 113 0 1 0 0 0 0 57 -10 -16 8496 28 N N N N 432 105 -16 -49 -49
1 40003 251 68 4 -1 0 0 0 0 33 -10 -9 -5228 30 N N N N 428 105 -9 -50 -50
1 39997 270 60 -4 0 0 0 0 0 29 -13 -9 -2010 36 N N N N 109 24 -15 -9 -9
1 45062 286 -221 -11 120 -10 1397 -1 -2 -107 53 -32 9092 25 N N N N 349 81 -24 -37 -37
1 40000 253 -286 -4 -117 0 -1405 0 2 -140 -40 103 -476 43 N N N N 310 74 -15 -34 -34
1 39997 259 -104 6 -2 0 0 0 0 -49 -24 12 51 30 N N N N 453 108 -23 -49 -49
1 40002 272 -35 4 -1 0 0 0 0 -16 -10 3 -4851 25 N N N N 693 171 -11 -81 -81
1 40000 271 37 -2 1 0 0 0 0 16 11 -4 -4217 20 N N N N 400 95 -21 -43 -43
1 39998 276 80 0 0 0 0 0 0 36 18 -9 -522 20 N N N N 521 126 -16 -58 -58
1 46356 325 297 -16 -131 -1 -1391 0 -2 151 -10 17 11244 19 N N N N 258 62 -10 -28 -28
1 44646 316 290 9 127 -9 1399 0 2 136 -14 -102 -1583 34 N N N N 254 60 -14 -27 -27
1 39998 282 110 0 2 0 0 0 0 44 -36 -14 -6886 34 N N N N 383 92 -12 -42 -42
1 40003 284 3 3 -3 0 0 0 0 1 -1 0 -1346 25 N N N N 302 72 -14 -33 -33
1 39999 287 -70 -1 4 0 0 0 0 -27 24 8 1723 26 N N N N 245 57 -17 -24 -24
1 40000 290 -38 1 0 0 0 0 0 -16 12 5 755 22 N N N N 268 64 -11 -29 -29
1 45001 318 -214 -16 118 -10 1388 -1 -2 -98 62 -32 8016 12 N N N N 158 35 -14 -15 -15
1 39827 269 -211 18 -118 31 -1396 0 2 -109 -14 97 507 18 N N N N 493 119 -15 -54 -54
1 40820 277 -61 13 0 0 0 0 0 -34 -7 8 -4872 36 N N N N 354 86 -10 -39 -39
1 39999 270 -7 -2 0 0 0 0 0 -3 0 0 -1640 20 N N N N 276 64 -16 -28 -28
1 40000 285 34 1 0 0 0 0 0 17 4 -4 -4373 18 N N N N 343 82 -12 -37 -37
1 40000 258 79 2 -2 0 0 0 0 39 5 -10 1107 12 N N N N 255 61 -10 -27 -27
1 40000 278 46 -2 2 0 0 0 0 24 1 -7 6055 16 N N N N 110 24 -11 -10 -10
1 40002 274 91 -2 0 0 0 0 0 47 -5 -13 -1537 17 N N N N -107 -30 -10 15 15
1 39998 260 77 3 -2 0 0 0 0 38 -9 -10 -1928 24 N N N N -71 -19 -5 10 10
1 40000 273 -32 -1 4 0 0 0 0 -16 4 3 -2087 20 N N N N -97 -25 -5 13 13
1 40000 257 24 0 -5 0 0 0 0 12 -3 -2 1458 22 N N N N 27 2 -15 1 1
1 40000 252 -4 -4 3 0 0 0 0 -1 1 -1 579 14 N N N N -63 -19 -9 10 10
1 41000 250 -69 -12 121 -7 1391 -1 -2 -33 27 -53 7571 6 N N N N 37 3 -22 2 2
1 40413 267 -218 0 -120 -1 -1393 -1 2 -109 -22 94 444 24 N N N N 312 73 -17 -32 -32
1 39998 251 -93 6 -1 0 0 0 0 -47 -13 12 -1566 28 N N N N 251 61 -5 -27 -27
1 40002 268 -32 3 2 0 0 0 0 -16 -5 3 -3318 14 N N N N 482 117 -9 -54 -54
1 40000 272 91 2 -3 0 0 0 0 43 15 -10 -3172 12 N N N N 465 112 -12 -51 -51
1 39999 263 44 -3 2 0 0 0 0 23 5 -6 2424 7 N N N N 428 100 -22 -43 -43
1 39999 274 18 2 -3 0 0 0 0 8 1 -2 -3945 11 N N N N 516 123 -17 -55 -55
1 40001 273 -2 1 3 1 1 0 0 -1 0 -1 -589 14 N N N N 594 145 -9 -66 -66
1 39999 269 41 2 -1 0 0 0 0 20 3 -5 2672 16 N N N N 633 156 -6 -71 -71
1 40000 266 105 -2 -4 0 0 0 0 54 0 -15 5841 22 N N N N 215 50 -12 -20 -20
1 40000 277 80 -1 2 0 0 0 0 41 -7 -11 -1776 25 N N N N 212 50 -8 -22 -22
1 40001 286 21 1 -2 0 0 0 0 10 -3 -3 -3636 33 N N N N 241 57 -7 -26 -26
1 47260 297 -227 -12 98 -10 1221 1 -3 -113 30 -18 7410 18 N N N N 793 192 -18 -85 -85
1 39034 263 -232 5 -93 -1 -1219 -1 3 -111 -58 80 -4607 25 N N N N 455 106 -18 -46 -46
1 40000 276 -22 1 -1 0 0 0 0 -9 -6 3 -2966 29 N N N N 333 76 -21 -31 -31
1 40000 261 -22 1 0 0 0 0 0 -10 -6 2 278 12 N N N N 356 85 -12 -37 -37
1 39999 278 12 -2 1 0 0 0 0 5 4 -2 -475 17 N N N N 99 22 -6 -9 -9
1 40000 270 94 0 -2 0 0 0 0 42 21 -10 5683 15 N N N N 138 31 -9 -13 -13
1 41528 284 246 -19 -124 0 -1385 0 -2 126 -10 22 2591 18 N N N N 29 4 -11 0 0
1 37590 231 251 33 122 23 1386 0 2 118 8 -89 -1979 26 N N N N 299 68 -18 -28 -28
1 40000 250 17 4 -2 0 0 0 0 7 -3 -3 -6499 21 N N N N 530 128 -9 -56 -56
1 40000 255 27 0 -2 0 0 0 0 12 -8 -2 166 19 N N N N 185 44 -6 -19 -19
1 40000 247 2 0 6 0 0 0 0 1 0 -1 -254 13 N N N N -20 -11 -16 7 7
1 39999 258 32 -2 1 0 0 0 0 14 -9 -5 194 15 N N N N 27 4 -8 -1 -1
1 45470 281 -193 -14 120 -8 1396 -1 -2 -88 59 -37 8338 12 N N N N 209 47 -14 -18 -18
1 40141 243 -242 -2 -114 0 -1403 0 2 -122 -15 94 865 16 N N N N 286 67 -12 -29 -29
1 40800 250 -131 9 -6 0 0 0 0 -66 -20 19 -2536 25 N N N N 115 24 -13 -8 -8
1 40000 261 -44 2 -1 0 0 0 0 -21 -10 5 -4256 21 N N N N 50 7 -13 -2 -2
1 38669 214 -44 133 40 196 452 -73 -4 -58 2 -43 1867 5 N N N N -23 -9 -11 6 6
1 40031 197 139 56 0 0 0 -42 0 54 24 -2 3939 -7 N N N N 21 1 -11 1 1
1 40012 213 -41 -4 5 0 0 -80 0 -19 -7 1 -1162 -4 N N N N -30 -10 -8 6 6
1 40087 181 -16 17 -3 -2 0 -95 0 -11 -7 3 2325 9 N N N N 25 3 -8 0 0
1 39907 145 73 -100 3 2 0 -91 0 59 21 -4 109 3 N N N N 517 125 -9 -55 -55
1 39980 136 -74 -7 -1 0 0 -79 0 -35 -13 6 -370 -2 N N N N 310 76 -2 -34 -34
1 40065 92 17 74 10 -1 -1 -76 0 -7 -4 3 -1875 -2 N N N N 110 25 -4 -10 -10
1 39986 -18 -24 295 -4 485 0 -74 0 -70 -4 -80 -1290 -1 N N N N 576 140 -8 -61 -61
1 40012 -100 -12 26 7 1 0 -88 0 -10 -3 -10 2927 19 N N N N 295 73 2 -33 -33
1 39950 -163 -53 -10 0 0 0 -93 0 -20 -14 -6 856 42 N N N N 80 21 2 -10 -10
1 40094 -204 -119 -74 -10 -1 0 -89 0 -33 -27 -11 8 50 N N N N -44 -9 4 4 4
1 39997 -240 -26 -9 -3 0 0 -79 0 -9 -9 1 -82 39 N N N N -135 -29 13 10 10
1 39903 -257 11 45 6 0 1 -77 0 -2 -3 3 -52 29 N N N N -550 -131 13 57 57
1 40029 -285 -52 -10 1 0 -1 -86 0 -16 -18 -3 -61 19 N N N N -393 -94 11 40 40
1 43751 -307 -61 -31 123 0 1411 -52 2 -15 -18 -52 -91 8 N N N N -417 -98 14 42 42
1 40469 -327 107 -11 2 0 0 0 0 35 43 6 -112 0 N N N N -20 1 17 -3 -3
1 40354 -318 107 3 2 0 0 0 0 40 36 7 -112 -10 N N N N 41 16 16 -10 -10
1 41237 -307 63 0 0 0 0 0 0 27 17 6 -40 -11 N N N N -216 -49 13 20 20
1 40469 -345 94 -4 -4 0 0 0 0 43 24 13 -92 -13 N N N N -439 -105 10 46 46
1 40471 -327 113 -2 4 0 0 0 0 54 16 18 -83 -14 N N N N -134 -28 16 10 10
1 39029 -324 148 0 -127 9 -1419 -41 -2 75 -12 94 -16 -17 N N N N 100 28 8 -14 -14
1 40019 -322 -95 42 7 1 -1 -70 0 -59 -1 -21 -147 -17 N N N N 41 15 15 -9 -9
1 37659 -279 -78 -62 -11 0 0 -66 4 -23 -3 -8 -53 -17 N N N N -343 -79 15 33 33
1 39999 -346 -44 -2 -1 0 0 0 0 -21 -5 -6 -66 -22 N N N N -328 -77 14 33 33
1 40001 -349 14 -1 -1 0 0 0 0 7 2 2 -43 -20 N N N N -218 -52 7 22 22
1 39999 -329 12 2 0 0 0 0 0 5 1 3 -166 -18 N N N N -183 -38 19 15 15
1 40000 -343 48 -2 1 0 0 0 0 24 4 8 -142 -23 N N N N -146 -28 24 9 9
1 39999 -350 30 0 0 0 0 0 0 15 2 6 -92 -21 N N N N -141 -28 21 9 9
1 38741 -351 50 46 6 -1 1 -81 -4 14 0 4 -50 -26 N N N N -576 -140 11 62 62
1 41260 -374 -28 -57 -6 1 -1 -48 4 0 1 -1 -84 -26 N N N N -613 -148 13 65 65
1 40000 -348 1 -3 1 0 0 0 0 1 -1 0 -48 -21 N N N N -379 -90 11 40 40
1 40001 -368 -8 2 3 0 0 0 0 -5 0 -2 -107 -22 N N N N -399 -95 14 41 41
1 39998 -360 -88 2 -3 0 0 0 0 -44 -5 -14 -198 -22 N N N N -767 -183 26 80 80
1 40000 -374 -69 -1 2 0 0 0 0 -34 -8 -11 -78 -25 N N N N -754 -181 21 81 81
1 38770 -355 -55 47 6 1 1 -71 -4 -36 -15 -10 -26 -25 N N N N -978 -241 9 110 110
1 42994 -412 65 -45 129 -1 1416 -14 2 40 28 -56 -225 -26 N N N N -761 -181 29 80 80
1 38766 -400 378 55 -115 10 -1403 -15 -2 176 -11 120 -62 -26 N N N N -545 -130 17 59 59
1 41707 -385 -103 -64 -15 0 1 -51 4 -36 8 -10 -138 -29 N N N N -256 -58 21 24 24
1 40002 -386 -12 -6 1 0 0 0 0 -4 2 -3 -7 -29 N N N N -129 -30 7 13 13
1 39999 -396 -49 6 -2 0 0 0 0 -26 2 -7 -49 -24 N N N N -76 -17 5 7 7
1 39999 -395 -24 -4 -2 0 0 0 0 -12 0 -2 -104 -22 N N N N 103 30 17 -17 -17
1 40000 -391 -33 1 0 0 0 0 0 -17 0 -6 -148 -20 N N N N 0 7 20 -6 -6
1 39999 -391 5 0 1 0 0 -16 0 3 0 1 -82 -23 N N N N -218 -49 19 20 20
1 40000 -398 25 -4 -5 0 0 0 0 14 0 5 -145 -26 N N N N -205 -46 20 19 19
1 40001 -396 36 -1 3 0 0 0 0 18 -2 6 -77 -25 N N N N -552 -132 19 60 60
1 40001 -398 56 4 -2 0 0 0 0 28 -3 8 -102 -26 N N N N -407 -97 16 43 43
1 39998 -407 2 -1 2 0 0 0 0 1 0 1 -115 -25 N N N N -391 -93 18 42 42
1 44517 -466 -212 15 7 10 8 -1 -2 -111 2 -39 -139 -30 N N N N -280 -64 22 27 27
1 41776 -404 -179 -9 -8 0 -1 0 2 -83 -31 -22 -58 -32 N N N N -246 -57 15 25 25
1 40001 -414 -30 -5 4 0 0 0 0 -13 -7 -3 -116 -26 N N N N -315 -74 17 33 33
1 40000 -420 26 3 -5 0 0 0 0 11 7 4 -141 -25 N N N N -408 -96 23 42 42
1 40000 -410 72 1 4 0 0 0 0 33 14 9 -173 -26 N N N N -453 -106 28 47 47
1 40000 -431 101 -1 -1 0 0 0 0 49 14 16 -113 -29 N N N N -571 -138 20 63 63
1 41059 -435 139 14 132 0 1389 0 -2 67 25 -50 -163 -30 N N N N -561 -134 27 61 61
1 40999 -467 35 1 -129 10 -1403 0 2 18 -20 75 -98 -32 N N N N -753 -184 20 86 86
1 40001 -416 -82 -11 -1 0 0 0 0 -39 1 -13 -138 -32 N N N N -279 -65 17 29 29
1 40000 -428 -21 2 1 0 0 0 0 -11 0 -4 -115 -33 N N N N -421 -100 24 45 45
1 39999 -417 -35 2 -5 0 0 0 0 -18 -2 -4 -96 -31 N N N N -402 -97 18 44 44
1 40000 -434 23 2 1 0 0 0 0 11 1 4 -171 -33 N N N N -365 -85 24 39 39
1 40000 -437 -46 -5 1 0 0 0 0 -22 -3 -8 -126 -29 N N N N -891 -219 25 104 104
1 40000 -433 -4 1 0 0 0 0 0 -2 0 -1 -199 -33 N N N N -496 -118 27 54 54
1 40001 -440 16 -1 -1 0 0 0 0 8 0 3 -110 -36 N N N N -791 -194 26 92 92
1 39999 -441 77 1 1 0 0 0 0 38 4 13 -127 -37 N N N N -766 -187 25 90 90
1 40001 -433 28 5 -1 0 0 0 0 14 -1 4 -201 -36 N N N N -458 -109 29 50 50
1 39999 -433 30 -4 3 0 0 0 0 16 0 4 -154 -40 N N N N -367 -87 27 40 40
1 40001 -430 30 1 -6 0 0 0 0 15 -2 8 -121 -39 N N N N -286 -67 25 30 30
1 39999 -435 32 -6 3 0 0 0 0 17 -2 4 -90 -38 N N N N -262 -62 17 29 29
1 40001 -425 47 5 -2 0 0 0 0 22 -6 10 -102 -36 N N N N -358 -87 18 41 41
1 39999 -429 10 -3 2 0 0 0 0 6 -1 0 -175 -33 N N N N -417 -99 27 46 46
1 43002 -463 -109 11 -124 9 -1380 0 -2 -57 -23 41 -132 -42 N N N N -420 -102 22 49 49
1 39998 -416 -134 -16 121 -30 1388 0 2 -64 33 -80 -71 -38 N N N N -310 -75 15 36 36
1 40001 -397 -54 -3 4 0 0 0 0 -27 -5 -9 -137 -34 N N N N -323 -78 20 36 36
1 39999 -395 40 -3 2 0 0 0 0 21 4 5 -129 -28 N N N N -446 -108 23 52 52
1 40001 -415 35 -3 -1 0 0 0 0 18 2 7 -138 -31 N N N N -499 -122 27 59 59
1 39999 -403 -13 2 -1 0 0 0 0 -7 -1 -2 -121 -30 N N N N -636 -158 19 78 78
1 40000 -394 24 -1 -6 0 0 0 0 13 1 5 -179 -32 N N N N -658 -161 28 79 79
1 40000 -400 62 -2 3 0 -1 0 0 32 1 8 -69 -33 N N N N -590 -147 19 73 73
1 40000 -405 50 1 4 0 0 0 0 25 -1 7 -110 -33 N N N N -338 -83 17 41 41
1 40000 -399 34 1 -1 0 0 0 0 17 -3 6 -154 -31 N N N N -236 -55 25 25 25
1 40001 -391 5 0 1 0 0 0 0 3 0 0 -98 -33 N N N N -377 -92 22 45 45
1 40000 -386 17 3 -1 0 0 0 0 8 -2 3 -212 -31 N N N N -392 -95 28 46 46
1 40764 -395 -130 7 -121 8 -1390 -12 -2 -68 -24 39 -206 -38 N N N N -157 -34 28 15 14
1 41355 -397 -158 -4 118 0 1380 -20 2 -79 18 -81 -116 -45 N N N N -139 -30 30 11 12
1 39999 -381 -1 -2 3 0 0 0 0 0 0 -1 -98 -42 N N N N -127 -28 23 12 12
1 40001 -389 35 -3 -2 0 0 0 0 18 4 5 -143 -35 N N N N -148 -35 19 16 16
1 40001 -385 11 1 2 0 0 0 0 5 3 2 -248 -36 N N N N -962 -238 42 120 120
1 39999 -379 20 2 -3 0 0 0 0 10 0 3 -108 -39 N N N N -442 -110 22 55 55
1 40234 -387 64 -9 7 0 0 -34 0 34 6 8 -85 -38 N N N N 64 20 21 -14 -14
1 39997 -382 28 3 -7 0 0 0 0 14 -1 6 -51 -35 N N N N 20 8 11 -5 -5
1 40002 -369 21 2 -1 0 0 0 0 10 0 4 -68 -30 N N N N -72 -17 12 7 7
1 39998 -373 12 -3 1 0 0 0 0 7 -1 2 -159 -28 N N N N -367 -90 21 45 45
1 40002 -370 14 2 -3 0 0 0 0 7 0 2 -190 -27 N N N N -1075 -272 26 142 142
1 40001 -365 80 -11 10 0 0 -59 0 43 -3 9 -112 -31 N N N N -1552 -395 29 207 207
1 39998 -373 -7 3 -7 0 0 0 0 -4 -2 2 -222 -35 N N N N -1009 -254 33 134 134
1 40002 -364 54 0 -1 0 0 0 0 28 -6 6 -170 -41 N N N N -1550 -395 34 210 210
1 40001 -356 -3 6 4 0 0 0 0 -4 1 0 -280 -43 N N N N -272 -65 37 32 32
1 39998 -356 -10 -5 1 0 0 0 0 -4 1 -2 -238 -51 N N N N -1102 -278 44 148 148
1 38707 -372 45 25 2 -1 1 -71 -4 17 -6 5 -214 -54 N N N N -836 -211 38 112 112
1 42173 -384 -239 -20 -103 8 -1221 -12 1 -117 -9 17 -278 -65 N N N N -1657 -424 44 232 232
1 37856 -348 -56 -13 108 0 1232 -83 1 -26 23 -61 -75 -65 N N N N -788 -201 28 110 110
1 41263 -372 -13 0 -8 0 -1 -2 2 -6 -3 2 -258 -62 N N N N -797 -202 37 110 110
1 40002 -386 99 -5 1 0 0 0 0 52 7 11 -105 -55 N N N N -1378 -356 29 199 199
1 39998 -377 67 3 -1 0 0 0 0 33 -3 12 -164 -51 N N N N -785 -200 27 113 113
1 40000 -397 38 -1 -1 0 0 0 0 21 -2 5 -123 -48 N N N N -145 -35 26 18 18
1 40001 -400 92 -2 2 0 0 0 0 47 -11 11 -308 -46 N N N N 216 60 43 -40 -40
1 40413 -409 2 6 -118 6 -1394 -25 -2 -2 -37 57 -222 -51 N N N N 675 180 35 -106 -106
1 39861 -409 -232 5 106 -4 1335 3 0 -119 48 -82 -386 -61 N N N N 748 201 59 -121 -121
1 40139 -412 -143 -3 11 4 57 -2 2 -71 -12 -24 -112 -68 N N N N -707 -182 40 99 99
1 40000 -408 -9 -2 0 0 0 0 0 -4 -2 -1 -176 -64 N N N N -511 -129 31 71 71
1 39999 -435 73 -3 2 0 0 0 0 37 12 6 -289 -56 N N N N -537 -136 47 74 74
1 40001 -441 53 -2 1 0 0 0 0 27 4 9 -396 -63 N N N N -1870 -484 69 275 275
1 39999 -431 66 3 -1 0 0 0 0 33 2 10 -167 -73 N N N N -1582 -411 40 238 238
1 40001 -454 87 -4 -1 0 0 1 0 46 -4 12 -300 -72 N N N N -589 -151 51 85 85
1 39999 -449 157 2 1 0 0 0 0 78 -21 21 -169 -72 N N N N -1067 -278 35 163 163
1 40001 -455 41 5 -8 0 0 0 0 18 -12 9 -223 -71 N N N N -662 -173 31 101 101
1 39999 -463 32 -2 10 0 0 0 0 15 -5 -1 -362 -69 N N N N -986 -256 65 149 149
1 40001 -459 8 -2 2 0 0 0 0 3 -3 2 -180 -78 N N N N -949 -248 37 148 148
1 42587 -500 -131 18 -124 8 -1387 -1 -2 -66 -8 41 -322 -82 N N N N -816 -214 42 127 127
1 38312 -449 -217 -7 124 1 1391 2 0 -108 52 -89 -196 -77 N N N N -635 -166 45 98 98
1 42041 -482 -44 -8 -3 -1 -1 -2 2 -21 -2 -4 -106 -78 N N N N -458 -120 30 72 72
1 40002 -501 58 3 0 0 0 0 0 30 4 6 -237 -62 N N N N -373 -98 37 58 58
1 39998 -459 100 2 1 0 0 0 0 51 -3 14 -334 -57 N N N N 366 99 51 -65 -65
1 40000 -482 96 -6 -4 0 0 0 0 50 -12 15 -186 -61 N N N N -147 -38 48 19 19
1 40000 -481 45 -3 3 0 0 0 0 22 -9 6 -160 -64 N N N N -188 -49 28 28 28
1 40591 -490 -191 27 -129 9 -1397 1 -2 -102 -12 35 -330 -68 N N N N -265 -69 46 40 40
1 36526 -446 -183 -8 124 0 1393 -1 2 -91 25 -89 -158 -63 N N N N -385 -101 41 60 60
1 40001 -462 3 -5 9 0 0 0 0 2 1 -1 -197 -64 N N N N -229 -60 32 35 35
1 39999 -485 52 0 -5 0 0 0 0 26 4 10 -87 -57 N N N N -338 -90 27 54 54
1 40001 -461 19 -1 -3 0 0 0 0 10 1 4 -129 -53 N N N N -192 -51 20 31 31
1 39999 -491 39 -3 0 0 0 0 0 21 3 4 -245 -48 N N N N -155 -40 40 22 22
1 40001 -461 76 -3 -1 0 -1 0 0 40 0 12 -183 -48 N N N N 110 30 31 -21 -21
1 39999 -456 113 5 6 0 0 0 0 56 -9 14 -262 -48 N N N N 1034 277 47 -179 -179
1 40000 -440 3 3 -2 0 0 0 0 0 -2 3 -470 -56 N N N N 2101 565 70 -357 -357
1 40000 -434 25 -4 3 0 0 0 0 13 -3 2 -214 -73 N N N N 1051 285 57 -180 -180
1 40001 -427 72 2 -5 0 0 0 0 35 -14 12 -203 -74 N N N N 2162 582 37 -359 -359
1 40588 -424 -129 16 -121 8 -1393 0 -2 -68 -14 41 -327 -81 N N N N 2895 782 52 -473 -473
1 40763 -401 -210 -13 121 -20 1389 0 2 -103 39 -91 -107 -86 N N N N 1739 471 31 -281 -281
1 39999 -368 -158 -7 3 0 0 0 0 -76 -22 -21 -340 -73 N N N N 789 217 53 -132 -132
1 40002 -389 -64 -7 2 0 0 0 0 -28 -14 -6 -178 -70 N N N N -500 -130 45 71 71
1 39998 -352 7 2 -5 0 0 0 0 3 1 2 -260 -62 N N N N -520 -137 46 75 75
1 40001 -372 60 1 0 0 0 0 0 27 14 5 -235 -63 N N N N -734 -194 43 111 111
1 40001 -353 95 -2 4 0 0 0 0 46 15 13 -214 -65 N N N N -1012 -270 40 156 156
1 40530 -361 97 -8 -2 0 0 -84 0 51 8 14 -247 -64 N N N N -603 -160 49 91 91
1 40001 -361 117 -3 0 0 0 0 0 61 -1 15 -287 -69 N N N N 19 9 45 -10 -10
1 39999 -354 102 1 1 0 0 0 0 52 -11 13 -191 -71 N N N N 469 130 42 -82 -82
1 40001 -351 90 -1 2 0 0 0 0 43 -17 12 -262 -71 N N N N 475 133 45 -83 -83
1 39999 -348 125 -5 -1 0 0 0 0 57 -34 14 -214 -69 N N N N 87 27 41 -20 -20
1 40001 -339 23 7 -5 0 0 0 0 7 -9 6 -288 -71 N N N N -197 -49 52 24 24
1 38669 -359 86 7 5 1 0 -82 -4 32 -29 6 -199 -70 N N N N 302 85 38 -55 -55
1 37389 -330 -35 -3 -119 6 -1385 -35 2 -14 -28 37 -258 -70 N N N N 118 36 42 -25 -25
1 39421 -368 -172 -6 5 0 0 0 0 -69 59 -12 -263 -78 N N N N -60 -13 40 3 3
1 40579 -390 -283 6 -8 0 0 0 0 -142 40 -25 -278 -85 N N N N -200 -50 60 24 24
1 38705 -405 -178 40 128 54 1389 -48 -2 -98 18 -92 -400 -89 N N N N -313 -80 67 41 41
1 39059 -425 16 -22 -6 -1 -1 -19 4 12 3 6 -166 -87 N N N N 116 36 51 -26 -26
1 39999 -448 6 -6 0 0 0 0 0 4 1 2 -317 -85 N N N N -2 4 58 -8 -8
1 40000 -466 64 6 1 0 0 0 0 31 6 8 -252 -84 N N N N 76 25 53 -21 -21
1 40001 -473 26 1 -1 0 0 0 0 13 3 4 -210 -85 N N N N 131 40 40 -27 -27
1 40000 -466 1 -4 1 0 0 0 0 1 -1 1 -201 -77 N N N N 5 4 33 -6 -6
1 40001 -484 -41 2 0 0 -1 -1 0 -21 -3 -7 -518 -78 N N N N 334 99 86 -68 -68
1 39998 -482 50 2 -2 0 0 0 0 25 3 8 -188 -81 N N N N 627 178 50 -111 -111
1 40001 -481 49 -4 2 0 0 0 0 26 2 6 -269 -91 N N N N -151 -38 50 17 17
1 39999 -510 75 -1 -8 0 0 0 0 39 -4 15 -151 -86 N N N N -427 -115 35 65 65
1 40001 -497 77 7 6 0 0 0 0 37 -6 9 -382 -78 N N N N -744 -201 67 114 114
1 41646 -526 -140 6 -121 9 -1387 0 -2 -73 -23 40 -471 -114 N N N N -1022 -278 74 161 161
1 42059 -531 -123 -4 121 0 1393 0 2 -61 27 -80 -229 -116 N N N N -459 -123 62 69 69
1 39999 -516 52 -3 1 0 0 0 0 27 4 8 -147 -93 N N N N -299 -81 34 46 46
1 40000 -534 83 -1 0 0 0 0 0 42 1 13 -247 -61 N N N N -359 -97 44 56 56
1 40001 -527 35 4 2 0 0 0 0 17 -1 4 -171 -64 N N N N -866 -239 36 144 144
1 40000 -539 76 -3 1 0 0 0 0 39 -6 11 -342 -60 N N N N -81 -19 60 6 6
1 40180 -552 -217 10 -2 9 3 1 -2 -112 4 -33 -264 -85 N N N N -304 -83 42 47 47
1 41705 -582 -86 -4 4 -1 -1 -1 2 -42 -8 -14 -138 -82 N N N N -469 -129 38 77 77
1 40001 -546 33 1 -2 0 0 0 0 16 3 6 -346 -65 N N N N -317 -86 60 48 48
1 39999 -550 73 -1 0 0 0 0 0 37 7 10 -328 -68 N N N N -1057 -293 64 179 179
1 40000 -580 63 6 0 0 0 0 0 31 2 9 -144 -81 N N N N -1006 -281 37 174 174
1 40001 -575 68 -9 0 0 0 0 0 36 -2 12 -66 -73 N N N N -609 -171 16 108 108
1 40001 -582 46 1 -6 0 0 0 0 23 -5 10 -256 -61 N N N N -339 -94 42 56 56
1 39998 -562 26 -1 -3 0 0 0 0 14 -3 4 -281 -56 N N N N -330 -91 53 54 54
1 40000 -581 -15 8 5 0 0 0 0 -10 2 -3 -456 -67 N N N N -105 -28 72 12 12
1 40000 -569 34 -6 3 0 0 0 0 18 -4 4 -203 -74 N N N N -272 -75 61 44 44
1 40000 -562 96 5 -1 0 0 0 0 45 -17 15 -176 -83 N N N N -408 -114 33 71 71
1 41000 -592 -55 -4 -123 10 -1396 -1 -2 -25 -26 49 -361 -87 N N N N -460 -129 59 79 79
1 40293 -561 -145 -1 2 0 0 0 0 -72 21 -20 -299 -100 N N N N -974 -275 59 175 175
1 40707 -550 -131 -5 123 -29 1396 1 2 -65 31 -82 -150 -81 N N N N -902 -256 40 166 166
1 40001 -528 54 -14 1 0 0 0 0 30 3 10 -191 -72 N N N N -454 -129 41 82 82
1 39999 -508 84 11 -4 0 0 0 0 41 -2 13 -351 -60 N N N N -195 -55 60 32 32
1 40001 -503 46 -1 3 0 0 0 0 23 -3 6 -197 -68 N N N N -15 -4 47 -1 -1
1 39999 -510 87 -3 -3 0 0 0 0 45 -12 13 -224 -74 N N N N 13 4 33 -5 -5
1 41234 -504 -125 10 -121 7 -1399 0 -2 -66 -19 43 -289 -79 N N N N 76 22 63 -19 -19
1 40354 -502 -109 2 123 0 1395 0 2 -56 35 -78 -515 -93 N N N N 45 13 72 -14 -14
1 40000 -484 -66 -4 -1 0 0 0 0 -32 -5 -9 -277 -88 N N N N -87 -24 83 10 10
1 39999 -492 0 -1 -4 0 0 0 0 0 0 1 -384 -90 N N N N 266 77 67 -56 -56
1 40001 -492 -9 0 1 0 0 0 0 -4 -1 -1 -307 -94 N N N N -487 -140 67 89 89
1 40000 -495 -15 -2 0 0 0 0 0 -7 -1 -3 -352 -96 N N N N -484 -139 66 89 89
1 39999 -502 62 -1 5 0 0 0 0 31 6 8 -470 -92 N N N N -156 -45 82 24 24
1 40000 -519 36 3 -1 0 0 0 0 18 1 5 -383 -107 N N N N -4 -1 91 -6 -6
1 40000 -520 75 -1 -1 0 0 0 0 38 0 12 -386 -116 N N N N -65 -19 77 8 8
1 40000 -514 75 -1 -3 0 0 0 0 39 -6 12 -260 -116 N N N N -23 -7 60 0 0
1 40002 -536 45 2 6 0 0 0 0 21 -5 5 -361 -113 N N N N -18 -5 69 -1 -1
1 39999 -533 113 -2 -2 0 0 0 0 55 -21 18 -346 -109 N N N N -3 -1 70 -4 -4
1 24353 -340 -43 6 -121 9 -1386 0 -2 -22 -28 48 -103 -83 N N N N 28 9 27 -8 -8
1 20470 -295 -110 -2 5 0 0 0 0 -53 22 -15 -182 -79 N N N N -36 -11 15 6 6
1 19999 -261 -159 13 -9 0 0 0 0 -83 9 -21 -118 -70 N N N N 748 218 34 -150 -150
1 21237 -289 -95 3 117 0 1388 0 2 -49 21 -72 -28 -59 N N N N 1566 457 24 -309 -309
1 20000 -285 -22 -14 12 0 0 0 0 -8 -1 -7 -28 -48 N N N N 641 187 10 -126 -126
1 20001 -280 -42 -3 -8 0 0 0 0 -20 -7 -1 -60 -38 N N N N 129 38 12 -26 -26
1 19999 -278 -1 -2 2 0 0 0 0 0 0 -1 -137 -31 N N N N -100 -28 24 17 17
1 20001 -290 20 7 -2 0 0 0 0 8 3 3 -159 -29 N N N N -225 -65 24 42 42
1 19999 -264 18 -3 0 0 0 0 0 10 3 1 -180 -31 N N N N -330 -96 41 61 61
1 20000 -286 42 4 2 0 0 0 0 20 5 5 -240 -35 N N N N 434 127 39 -89 -89
1 20000 -257 27 -4 0 0 0 0 0 14 2 5 -151 -33 N N N N 2324 682 40 -453 -453
1 20000 -281 24 5 -3 0 0 0 0 11 1 5 -160 -42 N N N N 2607 766 28 -498 -498
1 20000 -263 27 -1 9 0 0 0 0 14 3 0 -162 -38 N N N N 1330 392 35 -253 -253
1 20001 -256 6 -1 -1 0 0 0 0 3 -1 1 -315 -45 N N N N 743 222 62 -147 -147
1 19999 -285 -40 1 -5 0 0 0 0 -20 -2 -4 -209 -48 N N N N -131 -36 37 20 20
1 20001 -264 2 -1 4 0 0 0 0 1 1 -1 -76 -53 N N N N -263 -76 24 45 45
1 20000 -265 -8 5 -4 0 0 0 0 -5 -1 0 -542 -58 N N N N 202 64 60 -46 -46
1 20000 -280 -12 -7 4 0 0 0 0 -5 -1 -2 -189 -59 N N N N -928 -270 64 166 166
1 20000 -269 41 6 1 0 0 0 0 20 3 4 -410 -66 N N N N -1363 -399 67 250 250
1 20000 -257 -7 0 -2 0 0 0 0 -4 0 0 -209 -68 N N N N -985 -289 58 182 182
1 20000 -256 -9 1 -3 0 0 0 0 -4 -1 -1 -175 -77 N N N N -601 -176 46 111 111
1 20001 -271 -44 -5 -4 0 0 0 0 -21 -4 -5 -85 -81 N N N N -814 -240 31 155 155
1 21117 -263 3 20 133 0 1391 0 -2 -4 13 -68 -138 -76 N N N N -742 -220 22 143 143
1 20350 -261 91 -15 2 0 0 0 0 49 9 12 -213 -68 N N N N -531 -156 41 101 101
1 18456 -243 152 2 -126 -19 -1402 0 0 78 -22 91 -405 -58 N N N N -515 -153 31 100 100
1 21779 -242 72 -17 12 0 -2 0 2 39 -10 5 -278 -58 N N N N -494 -145 94 90 90
1 20003 -208 -40 1 -12 0 0 0 0 -20 4 0 -581 -64 N N N N -515 -152 83 96 96
1 19998 -229 24 -14 -3 0 0 0 0 16 -4 3 -866 -94 N N N N -532 -157 127 98 98
1 20000 -218 2 8 -1 0 0 0 0 -2 -2 2 -625 -90 N N N N -375 -111 167 63 63
1 19999 -228 0 -7 2 0 0 0 0 2 1 -1 -214 -107 N N N N -211 -63 98 36 36
1 20002 -231 13 2 2 0 0 0 0 7 -1 -1 -579 -120 N N N N -302 -90 113 54 54
1 20000 -229 -79 4 -2 0 0 0 0 -41 11 -9 -155 -141 N N N N -193 -59 39 38 38
1 20000 -208 -28 1 10 0 0 0 0 -15 4 -7 -456 -83 N N N N -90 -26 76 13 13
1 19999 -223 -89 7 -14 0 0 0 0 -46 2 -9 -238 -107 N N N N 434 131 64 -96 -96
1 20000 -222 94 13 19 0 0 0 0 44 0 6 -2170 -81 N N N N 2426 743 331 -534 -534
1 19999 -197 -48 0 -8 0 0 0 0 -24 1 -3 -2738 -92 N N N N 6529 2020 403 -1375 -1375
1 20001 -196 -43 -8 -4 0 0 0 0 -20 1 -6 -166 -127 N N N N 10834 3370 234 -2107 -2107
1 20002 -183 45 -7 3 0 0 0 0 25 -1 6 -361 -169 N N N N 15043 4686 111 -2617 -2617
1 19999 -180 28 8 2 0 0 0 0 12 -1 3 -2455 -163 N N N N 20638 6539 348 -3218 -3218
1 19998 -177 -186 -13 -14 0 0 0 0 -92 -4 -19 -3941 -173 N N N N 18290 5994 534 -2605 -2605
1 20002 -179 64 15 15 0 0 0 0 29 6 1 -3629 -218 N N N N 24423 8308 851 -3155 -3155
1 19999 -192 117 -21 -3 0 0 0 0 65 -2 18 -1611 -297 N N N N 11021 4029 628 -1408 -1408
1 20001 -197 9 7 -4 0 0 0 0 3 -2 4 -1921 -373 N N N N 9024 3391 539 -1116 -1116
1 18732 -202 49 -7 -6 0 1 -27 -4 26 -6 11 -1702 -424 N N N N 6682 2610 461 -826 -826
1 19705 -214 258 20 -105 7 -1380 -35 4 112 -96 76 -5183 -492 N N N N 5411 2447 704 -804 -804
1 24799 -281 -119 -23 -4 0 -2 0 -2 -44 36 -11 -2983 -782 N N N N 8588 3804 922 -1156 -1156
1 20527 -238 -43 4 -8 0 0 0 0 -21 8 0 -4834 -879 N N N N 4810 2440 771 -746 -746
1 20000 -179 -5 23 -1 0 0 0 0 -9 0 2 -13450 -717 N N N N 4264 3795 2196 -1324 -1324
1 20001 -157 88 8 18 0 0 0 0 37 -17 4 -5373 -960 N N N N 13115 6961 1883 -1816 -1816
1 19540 -137 -102 -7 -10 0 0 0 0 -44 23 -7 -1047 -1211 N N N N 17444 8475 1451 -1812 -1812
1 20815 -129 -145 -13 0 0 0 0 0 -68 23 -20 -241 -1449 N N N N 15570 6862 570 -1197 -1197
1 20763 -160 -116 -4 25 0 166 1 -1 -59 10 -27 -9 -1454 N N N N 10868 4766 331 -752 -753
1 17892 -125 -55 3 91 1 1229 -40 -1 -28 19 -57 -25 -1089 N N N N 5664 2412 111 -351 -350
1 20035 -151 -48 -8 7 -2 0 -39 0 -23 -6 -6 -12 -1087 N N N N 5288 2250 97 -317 -317
1 20029 -166 20 -8 -5 1 -1 -39 0 12 3 5 -38 -923 N N N N 4264 1739 28 -228 -228
1 20002 -188 17 2 0 -1 1 -44 0 8 2 2 -76 -768 N N N N 2493 1076 53 -146 -146
1 20004 -197 21 -15 2 2 0 -47 0 14 2 3 -34 -681 N N N N 2483 1040 31 -135 -135
1 21274 -227 51 1 -2 -1 -1 -14 4 26 2 7 -28 -595 N N N N 2154 878 13 -110 -110
1 19999 -233 41 3 1 0 0 0 0 21 1 4 -40 -475 N N N N 1514 656 31 -86 -86
1 20002 -229 58 -11 0 0 0 0 0 32 -2 9 -238 -419 N N N N 1216 578 57 -80 -80
1 19999 -239 87 2 -1 0 0 0 0 44 -8 12 -1301 -333 N N N N -369 518 399 -135 -135
1 20000 -226 91 12 0 0 0 0 0 42 -15 11 -1145 -290 N N N N 70 483 274 -106 -106
1 20002 -212 35 0 0 0 0 0 0 16 -8 6 -240 -276 N N N N 336 324 112 -59 -59
1 19997 -205 -53 8 3 0 0 0 0 -27 12 -8 -30 -261 N N N N 626 322 41 -45 -45
1 10000 -86 -12 0 0 0 0 0 0 -6 2 -1 -1 -132 N N N N 259 139 21 -20 -20
1 10001 -100 -2 -7 -3 0 0 0 0 2 1 -2 -1 -120 N N N N 326 153 12 -20 -20
1 10000 -97 11 3 -2 0 0 0 0 4 -3 3 0 -106 N N N N 149 64 2 -8 -8
1 10001 -107 -24 7 -4 0 0 0 0 -13 4 -1 0 -104 N N N N 6 1 0 0 0
1 10767 -109 2 -12 4 0 0 -5 -4 4 0 -2 -1 -108 N N N N 384 149 -5 -16 -16
1 16409 -160 -29 10 -117 9 -1395 -13 2 -18 -29 54 -1 -177 N N N N 350 161 12 -21 -21
1 10000 -93 -45 1 -3 0 0 0 0 -23 5 -3 -3 -65 N N N N -153 -46 10 3 3
1 10410 -106 -49 -7 -1 0 0 0 0 -22 8 -8 0 -85 N N N N 226 108 9 -14 -14
1 9999 -83 -45 -7 -1 0 0 0 0 -22 2 -4 -5 -83 N N N N 282 121 4 -14 -14
1 10354 -99 -26 9 6 0 0 0 0 -16 2 -5 0 -86 N N N N 234 101 3 -13 -13
1 10198 -98 -54 14 111 1 1329 1 -2 -31 26 -64 0 -68 N N N N 128 64 8 -8 -8
1 9186 -89 -45 40 11 61 55 -24 0 -30 -1 -19 0 -56 N N N N 135 46 -6 -5 -5
1 9312 -99 -56 -10 -8 -2 0 -19 0 -26 -7 -3 1 -50 N N N N 325 128 -1 -14 -14
1 13768 -153 -34 -7 -1 1 -1 -24 4 -15 -6 -4 0 -58 N N N N 505 222 10 -27 -27
1 10830 -123 0 5 2 0 0 0 0 -1 0 -1 1 -51 N N N N 129 55 1 -7 -7
1 10001 -114 -8 -3 1 0 0 0 0 -3 -1 -1 0 -28 N N N N 208 56 -16 -3 -3
1 9999 -128 -5 -4 2 0 0 0 0 -2 -1 0 0 -53 N N N N 114 59 7 -8 -8
1 10000 -115 -6 2 0 0 0 0 0 -3 0 -2 1 -35 N N N N 386 166 6 -20 -20
1 10000 -118 -31 -5 0 0 0 0 0 -14 -7 -2 1 -28 N N N N 153 61 -1 -7 -7
1 10001 -127 -24 1 0 0 0 0 0 -11 -4 -4 0 -25 N N N N 299 116 -3 -13 -13
1 10000 -127 -29 5 -4 0 0 0 0 -14 -8 -2 1 -22 N N N N 53 25 2 -3 -3
1 10000 -116 -2 -11 6 0 0 0 0 1 2 -3 1 -18 N N N N -52 -26 -3 3 3
1 10000 -128 -22 8 -7 0 0 0 0 -11 -7 -1 -1 -16 N N N N -21 -2 4 0 0
1 9999 -129 4 -6 3 0 0 0 0 3 1 1 3 -15 N N N N 348 118 -14 -11 -11
1 10000 -101 -24 2 -4 0 0 0 0 -11 -6 -2 0 -13 N N N N 30 14 1 -2 -2
1 10002 -135 -13 0 4 0 0 0 0 -6 -4 0 3 -13 N N N N 217 77 -6 -7 -7
1 9999 -105 8 -5 2 0 0 0 0 4 3 0 2 -7 N N N N 85 61 16 -10 -10
1 10000 -125 -25 12 -2 0 0 0 0 -12 -8 -3 2 -9 N N N N 175 73 1 -9 -9
1 10000 -114 -57 2 6 0 0 0 0 -22 -17 -12 -1 -12 N N N N 3 8 4 -1 -1
1 10000 -109 -13 -1 -4 0 0 0 0 -5 -5 4 1 -6 N N N N 337 139 1 -16 -16
1 10001 -124 -2 -1 -1 0 0 0 0 -1 2 -8 0 -6 N N N N 43 16 -1 -2 -2
1 9999 -121 -22 -15 -5 0 0 0 0 -6 -9 8 1 -4 N N N N 231 88 -3 -9 -9
1 10205 -109 -38 12 117 2 1313 -2 0 -15 -10 -45 -2 -7 N N N N -76 -22 5 2 2
1 13972 -162 -18 11 10 -2 98 -1 -2 -7 -8 -9 -2 -11 N N N N 319 123 -3 -14 -14
1 10353 -133 120 8 8 0 0 0 0 42 42 -4 2 3 N N N N -101 -33 4 3 3
1 9999 -123 171 -10 -9 0 0 0 0 76 49 14 3 -5 N N N N 28 20 5 -3 -3
1 10354 -131 238 -8 -7 0 0 0 0 118 28 43 4 1 N N N N 26 23 7 -4 -4
1 9883 -103 199 9 -121 10 -1406 1 0 101 -34 91 1 -7 N N N N 4 1 0 0 0
1 9528 -96 152 45 11 1 -1 -1 2 46 -38 38 -11 0 N N N N 240 88 -5 -9 -9
1 10590 -131 26 -5 2 0 0 0 0 10 -8 4 -11 -4 N N N N 90 34 -2 -4 -4
1 9999 -131 -7 -50 -2 0 0 0 0 16 1 -14 3 -3 N N N N 130 52 0 -5 -5
1 10000 -126 -108 -3 -8 0 0 0 0 -33 35 -32 38 4 N N N N 197 84 2 -10 -10
