version: 66.11
glider: 175
mission: 10
dive: 198
start: 1 30 126 7 37 53
columns: rec,elaps_tms,depth,heading,pitch,roll,AD_pitch,AD_roll,AD_vbd,GC_phase,mag.x,mag.y,mag.z,sbect.TempFreq,sbect.CondFreq,aa4330.O2,aa4330.AirSat,aa4330.Temp,aa4330.CalPhase,aa4330.TCPhase,wlbb2f.redCount,wlbb2f.blueCount,wlbb2f.fluorCount,wlbb2f.VFtemp,
data:
0 16789 -646 1442 -645 25 242 2370 495 2 387 -143 280 280164 167370 347357 97605 9607 31981 31981 235 115 65 571
1 10008 11 7 -61 -4 0 0 282 0 34 -3 -38 -23 -1 582 158 -2 -19 -19 30 25 30 0
1 9993 8 36 29 15 0 0 284 0 -18 24 24 -15 1 285 102 9 -14 -14 -45 18 48 0
1 10009 7 20 -33 -7 0 0 279 0 17 0 -19 1 -1 447 143 8 -20 -20 41 -8 -11 0
1 10000 40 -40 -66 12 0 0 273 0 38 -11 -50 -2 0 -30883 -8363 150 1055 1055 61 -27 -67 0
1 10008 12 11 13 -2 0 0 261 0 -5 6 7 -96 0 -19276 -5418 10 767 767 -36 17 28 0
1 9983 40 14 -25 4 0 0 249 0 12 5 -16 109 0 -4841 -1366 -1 203 203 -3 21 59 0
1 10018 63 10 -14 21 0 0 254 0 0 8 1 -67 -8 -2133 -604 -1 91 91 -28 -12 -24 0
1 9991 120 32 20 -36 0 1 276 0 -7 -3 10 -16 -30 175 58 5 -10 -10 60 -27 -55 0
1 11867 298 10 29 -43 449 0 123 -1 -13 -17 15 -152 -302 -703 -172 13 23 23 -42 10 21 0
1 8123 283 80 219 -67 1720 -596 2 5 -146 -26 135 -60 -246 -2314 -615 20 90 90 -11 8 -1 0
1 15024 368 136 259 -164 0 -790 3 -2 -238 -107 47 36 -181 -11594 -3229 25 499 499 26 -1 -2 0
1 10000 160 32 15 21 0 0 0 0 -15 28 13 7 -77 -2131 -596 3 95 95 -3 6 3 0
1 10001 154 60 -3 15 0 0 0 0 2 34 12 5 -58 -1546 -432 2 69 69 -2 -5 -1 0
1 10000 144 59 0 -8 0 0 0 0 6 14 4 56 -105 -1052 -299 0 49 49 34 10 2 -1
1 10315 151 51 4 2 0 0 0 0 0 20 5 85 -78 -2225 -633 -3 104 104 -10 -2 -7 1
1 10000 134 43 -2 2 0 0 0 0 11 16 2 14 -11 -1831 -531 -7 89 89 4 4 4 0
1 10000 140 49 -2 -15 0 0 0 0 9 3 -1 1 -19 -2072 -594 -5 100 100 37 -1 -5 0
1 10000 167 39 13 4 0 0 0 0 -1 14 3 -3 -27 -1640 -468 -3 79 79 -32 -1 -1 0
1 10329 158 35 -1 0 0 0 0 0 7 11 1 0 -20 -1011 -289 -2 49 49 7 9 1 0
1 10000 162 30 -6 -1 0 0 0 0 11 8 0 21 -10 -722 -204 0 35 35 1 -1 3 0
1 10000 167 40 6 -2 0 0 0 0 3 9 0 7 -12 -376 -111 -3 19 19 -28 -12 3 -1
1 10000 167 34 -4 3 0 0 0 0 13 11 -2 -13 -18 -493 -141 -1 24 24 15 5 -8 1
1 11233 189 71 18 -11 0 0 0 0 4 5 0 23 -6 -335 -93 1 16 16 9 -1 0 0
1 10000 177 34 -11 10 0 0 0 0 19 16 -3 -24 -3 -409 -115 0 19 19 -3 12 2 0
1 9999 161 36 -21 2 0 0 0 0 30 10 -7 14 -6 3 4 2 -1 -1 -4 -6 -2 -1
1 10000 188 46 17 2 0 0 0 0 -1 7 1 -81 -32 -147 -46 -2 9 9 1 5 6 0
1 10216 195 25 1 12 0 0 0 0 6 14 -2 -39 -14 -137 -23 8 2 2 6 -4 2 1
1 10000 163 32 0 1 0 0 0 0 11 2 -4 -10 -9 -449 -120 5 19 19 24 -2 -4 0
1 10004 174 53 0 6 0 0 0 0 16 9 -5 5 2 -244 -64 3 11 11 -25 -3 0 0
1 8838 171 74 -4 20 -2 337 2 0 25 21 -13 -186 -43 -16 0 2 -1 -1 -5 3 -1 0
1 11158 196 15 29 174 53 1025 0 2 -22 140 -24 99 -23 -387 -101 5 16 16 23 -1 0 -1
1 10004 163 26 14 -1 0 0 0 0 -4 1 1 -116 -52 -370 -90 8 14 14 6 1 -4 0
1 10000 171 3 -1 6 0 0 0 0 2 4 -2 -54 -22 -663 -167 12 26 26 -1 6 2 1
1 8810 156 -20 9 106 28 1343 1 0 -15 80 -37 -81 30 314 103 8 -20 -20 -17 11 40 0
1 14971 241 -99 25 107 0 28 0 -2 -52 78 -40 223 13 -877 -253 -2 44 44 -11 -27 -41 0
1 8591 137 -71 7 -111 33 -1408 0 0 -26 -80 67 -367 -49 855 235 -4 -39 -39 20 26 38 0
1 11409 174 -11 21 -100 0 -10 1 2 -21 -82 43 312 16 -852 -194 27 27 27 -12 -23 -41 -1
1 10000 135 27 14 -1 0 0 0 0 -4 2 0 -9 -2 -318 -120 -18 25 25 16 3 6 1
1 9999 127 39 1 -11 0 0 0 0 10 -7 1 -145 -50 -164 -46 0 8 8 -15 5 -2 -1
1 10000 111 -19 -2 14 0 0 -1 0 -2 8 -3 -18 1 222 61 0 -11 -11 19 0 3 0
1 10001 104 33 5 -4 0 0 0 0 6 -3 0 -230 -65 -156 -15 16 -1 -1 -18 2 -4 0
1 10000 63 47 1 3 0 0 0 0 12 7 -5 -358 -122 -292 -39 26 1 1 9 -3 0 0
1 10027 70 42 -24 -10 -51 0 0 0 34 -7 -5 103 16 -1124 -253 37 36 36 39 11 3 0
1 10599 104 44 -49 33 0 0 0 0 54 25 -29 439 67 -1085 -304 3 52 52 -5 -1 0 0
1 10000 142 26 23 -19 0 0 0 0 -11 -15 11 -23 -17 263 26 -29 2 2 -39 -9 -2 1
1 8327 93 -139 9 159 22 1389 0 0 -50 117 -53 -83 41 749 192 -11 -31 -31 45 10 13 -1
1 15145 165 -12 -5 63 0 29 -1 -2 0 43 -36 -112 -155 -858 -228 8 38 38 -9 -11 -13 1
1 8022 92 -27 29 -99 0 -1360 1 0 -33 -64 62 -147 -147 -9 15 11 -5 -5 56 -4 -38 -1
1 11977 91 -29 -16 -107 0 -23 0 2 7 -87 46 137 -6 -2301 -644 4 112 112 -35 18 34 1
1 10001 87 3 -1 -5 0 0 0 0 2 -5 1 9 -9 -782 -220 1 38 38 15 3 11 0
1 9999 90 -45 2 -21 0 0 0 0 -16 -20 10 -5 -19 -826 -233 1 41 41 2 2 -8 -1
1 10001 73 -8 -2 21 0 -1 0 0 0 17 -6 41 0 -304 -83 1 15 15 6 -3 2 0
1 9999 91 82 -10 -30 0 0 0 0 32 -18 0 -53 6 -302 -99 -7 19 19 29 0 2 0
1 10001 85 -134 -8 44 0 0 0 0 -32 24 -2 283 33 -479 -129 3 22 22 -15 6 -4 0
1 8703 106 -93 -10 -165 0 -1328 0 0 -20 -156 41 -121 -2 1404 364 -20 -60 -60 44 -19 -44 0
1 13290 131 -71 0 -135 0 -39 -1 -2 -21 -136 -6 243 31 -937 -282 -9 52 52 -23 14 48 0
1 10000 90 100 23 40 0 0 0 0 7 57 7 15 0 149 11 -19 2 2 89 8 0 0
1 10000 113 -24 -17 23 0 0 0 0 12 13 0 -10 -4 141 27 -8 -3 -3 10 0 -1 0
1 10335 150 7 12 -28 0 0 0 0 -12 -21 -1 -247 -31 -76 -15 4 2 2 -93 -1 1 0
1 10000 119 8 29 23 0 0 0 0 -23 20 4 185 28 -102 -4 15 -3 -3 -35 -8 -5 0
1 10000 114 81 -18 3 0 0 0 0 41 16 -4 72 8 -345 -112 -8 22 22 12 8 4 0
1 10000 104 -5 -1 -14 0 0 0 0 -3 -10 0 -6 0 185 34 -12 -4 -4 1 -6 -1 0
1 10324 132 188 36 -71 0 0 0 0 29 -46 -8 -109 -8 108 29 -1 -4 -4 27 7 -3 0
1 8146 95 90 -15 89 1 1389 0 0 42 77 -5 -133 0 1114 333 11 -62 -62 -14 7 23 1
1 11853 110 -138 -62 231 -1 0 0 2 12 191 -46 70 -12 -1060 -288 7 50 50 43 -14 -21 -1
1 10001 127 -12 35 -74 0 0 0 0 -35 -59 31 82 8 -514 -144 1 25 25 -68 6 1 0
1 10000 100 27 4 51 0 0 0 0 4 46 -16 -141 -16 131 31 -4 -5 -5 62 -6 2 0
1 9999 120 49 -20 -20 0 0 0 0 32 -17 -3 -4 -3 74 37 10 -8 -8 -65 -4 -1 0
1 10000 129 35 36 22 0 0 0 0 -21 21 -2 97 11 29 18 6 -5 -5 43 8 0 0
1 10000 103 -91 -32 -9 0 0 0 0 1 -12 4 7 0 -10 -15 -7 4 4 -22 -9 3 0
1 10004 109 -29 5 6 0 1 0 0 -14 5 2 20 2 -59 -16 0 3 3 -12 2 -4 0
1 9996 130 -90 -7 25 0 0 0 0 -20 13 -1 50 5 -27 -14 -4 3 3 4 9 -4 0
1 10001 125 -37 13 -18 0 0 0 0 -22 -19 11 -83 -7 43 5 -4 1 1 6 -9 6 0
1 8118 108 66 54 -123 0 -1346 0 0 -28 -102 30 -58 5 589 167 0 -30 -30 -21 4 -10 0
1 14297 130 -59 -49 -82 0 -43 0 -2 25 -78 4 180 7 -627 -199 -13 38 38 2 -6 10 0
1 9994 103 1 -24 -3 0 0 0 0 20 1 -4 14 -2 107 29 0 -5 -5 13 2 -3 0
1 10006 98 33 29 -21 0 0 0 0 -15 -17 2 13 16 -81 -28 -3 6 6 13 3 3 0
1 9994 101 -27 -31 36 0 0 0 0 20 30 -3 -9 3 134 33 -3 -6 -6 -17 13 1 0
1 10230 148 -3 26 -35 0 0 0 0 -24 -33 4 344 18 16 5 0 -1 -1 -3 -15 0 0
1 10001 127 51 -21 33 0 0 0 0 35 36 -6 166 9 0 -46 -28 15 15 59 18 -10 0
1 9999 136 48 13 -2 0 0 0 0 3 2 -1 -98 -5 358 62 -23 -6 -6 -19 -9 5 0
1 10001 138 26 29 -56 0 0 0 0 -17 -49 3 -71 -1 -122 -34 0 6 6 46 12 4 0
1 9038 127 38 -25 105 0 581 0 0 34 94 -11 41 2 13 1 -1 0 0 -54 -14 -3 0
1 11180 154 13 -8 149 0 807 0 2 10 128 -36 76 -1 110 18 -8 -1 -1 22 4 3 0
1 10000 135 -25 23 -14 0 0 0 0 -28 -13 12 15 -6 53 2 -8 1 1 -17 -2 -3 0
1 10001 117 33 -4 -29 0 0 0 0 12 -19 4 58 4 -181 -60 -5 12 12 5 4 -2 0
1 9633 122 -64 -10 35 0 0 0 0 -9 23 -6 -199 1 82 28 3 -6 -6 -25 -12 -1 0
1 10604 124 38 7 0 0 0 0 0 5 1 -2 155 -2 -179 -36 9 5 5 32 9 4 0
1 10001 113 36 -3 -7 0 0 0 0 14 -4 -1 205 6 -21 -31 -16 9 9 -21 -2 -3 0
1 10000 87 57 -5 3 0 0 0 0 21 2 -8 508 18 0 -83 -49 25 25 98 15 4 0
1 10000 79 75 12 -12 0 0 0 0 11 -11 1 40 4 287 16 -39 6 6 -30 0 1 0
1 13734 124 144 12 -20 84 -251 0 -4 31 -24 -2 -197 5 -264 -97 -13 20 20 84 7 -6 0
1 7649 53 -10 43 4 0 0 -33 0 -41 -2 15 21 -6 -55 -19 -2 4 4 -70 19 16 0
1 7604 50 -12 21 17 0 0 -39 0 -21 21 -2 -24 -6 22 -2 -5 1 1 -32 -31 -19 0
1 9828 64 49 3 4 0 0 -48 0 11 -3 -1 99 7 -18 1 3 0 0 8 7 12 0
1 10002 60 -15 -9 -11 0 0 -50 0 4 -8 1 2 -2 -401 -121 -4 22 22 30 7 -3 0
1 10000 65 23 0 -1 -1 0 -50 0 6 -4 0 -185 -6 183 46 -3 -7 -7 -30 -4 -2 0
1 9998 55 66 -7 -3 1 0 -50 0 23 -9 -5 47 3 81 29 3 -6 -6 -5 -1 2 0
1 10002 46 67 -5 7 0 0 -49 0 19 -6 -5 184 6 299 83 0 -15 -15 -21 -4 0 0
1 10004 31 29 -12 -10 0 0 -49 0 17 -13 -4 170 24 -470 -139 -4 26 26 4 5 -1 0
1 10002 30 12 -6 13 0 0 -47 0 8 10 -7 -11 1 59 2 -9 1 1 59 3 -4 0
1 10002 20 -8 -6 -7 0 0 -49 0 3 -5 1 11 8 229 48 -10 -6 -6 2 -2 -5 0
1 9989 8 -42 -16 -1 0 -1 -48 0 4 7 -4 -158 6 187 51 -1 -9 -9 -54 0 11 0
1 10007 -3 -44 13 9 0 1 -50 0 -21 12 6 374 -3 -196 -56 -1 10 10 1 0 -4 0
1 14673 -24 -41 14 10 1 79 -33 0 -21 18 2 -138 9 -443 -138 -7 27 27 274 21 33 0
1 7564 -43 25 386 9 333 0 -21 0 -348 5 12 -82 3 788 168 -32 -23 -23 -245 -27 -34 0
1 9391 -86 -14 22 0 0 0 -44 0 -24 0 -8 -113 -14 453 141 7 -27 -27 44 23 9 0
1 8374 -91 -56 -22 2 0 0 -42 0 5 6 1 -10 -7 -7 -1 1 0 0 -91 -26 -3 0
1 9982 -109 -74 -4 5 0 0 -51 0 -14 12 -10 -122 -17 -26 8 9 -4 -4 16 -1 0 0
1 10002 -135 -190 -4 -25 0 0 -53 0 -48 -17 -13 -205 -7 -251 -43 16 4 4 -27 4 -3 0
1 10016 -146 -16 -10 13 0 0 -52 0 4 14 -4 -187 -9 -243 -25 27 -1 -1 -14 -7 -4 0
1 9995 -142 58 11 0 0 0 -52 0 8 0 2 -59 -10 -111 24 32 -11 -11 16 6 6 0
1 10008 -166 -86 -16 3 0 0 -53 0 -11 2 -5 -41 3 -233 -46 12 5 5 9 3 -5 0
1 9998 -158 11 -8 -12 0 0 -54 0 9 -8 9 -143 0 -184 -46 4 8 8 -3 -12 1 0
1 9997 -148 -10 -3 -4 0 0 -52 0 0 -6 1 -180 -7 101 76 28 -20 -20 -21 9 4 0
1 9995 -154 -68 4 -7 0 0 -54 0 -23 -7 -8 -215 -3 35 39 17 -11 -11 13 -6 -4 0
1 9990 -166 -13 7 -5 0 0 -53 4 -9 -5 -4 80 2 -182 10 37 -10 -10 11 8 39 0
1 11194 -187 -112 -19 12 0 0 -4 0 -18 1 -8 -58 -6 255 79 4 -15 -15 -16 -20 -42 0
1 10001 -160 63 -7 -64 0 0 0 0 25 -44 25 -19 1 -56 13 17 -6 -6 -17 -5 -1 0
1 9999 -132 190 37 82 0 0 0 0 24 74 -13 -194 -31 74 59 23 -16 -16 30 7 2 0
1 9341 -136 -60 -33 -62 -16 -1090 -2 0 10 -52 24 -164 -10 -573 -132 18 20 20 -3 -29 -39 0
1 12814 -189 -145 -23 -123 0 -142 -1 -5 -23 -107 8 146 24 354 110 6 -21 -21 -60 17 36 0
1 11193 -167 38 -32 159 -47 1211 0 5 39 131 -10 106 15 148 31 -7 -4 -4 41 9 8 0
1 9996 -90 160 -2 49 0 0 0 0 50 46 -1 -101 -19 -64 -21 -1 4 4 -30 2 -1 0
1 10005 -103 -5 -4 -21 0 0 0 0 3 -16 6 -113 -7 124 68 20 -17 -17 2 -5 -2 0
1 10000 -114 -161 23 -45 0 0 -2 0 -69 -47 -6 112 18 -96 -13 8 1 1 116 13 0 0
1 9999 -121 -89 -19 48 0 0 0 0 -9 30 -15 261 15 -101 -46 -11 10 10 -67 1 7 0
1 9996 -102 -75 -22 13 0 0 0 0 -5 2 -2 -49 7 296 54 -17 -5 -5 -50 -13 -7 0
1 8209 -52 47 30 91 -1 1370 0 0 -10 71 -42 -122 6 1088 290 -11 -49 -49 29 -9 -30 0
1 13308 -147 107 -7 124 1 36 0 -2 37 97 -58 43 -2 -790 -214 6 36 36 -35 9 33 0
1 10327 -96 4 -9 38 0 0 0 0 9 23 -20 11 0 32 13 2 -2 -2 83 9 -3 0
1 10001 -84 105 12 -4 0 0 0 0 21 7 2 46 5 28 -2 -6 1 1 -80 -3 -1 0
1 8273 -80 42 19 -120 5 -1394 -1 0 -5 -75 71 -124 2 996 281 0 -50 -50 67 -13 -22 0
1 11727 -158 10 -27 -162 0 -5 0 2 27 -124 77 117 -4 -948 -271 -2 49 49 -48 6 28 0
1 9998 -97 58 15 -1 0 0 0 0 4 -4 1 -296 -31 29 13 3 -3 -3 -11 -1 -4 0
1 10001 -78 67 -32 31 0 0 0 0 48 23 3 223 32 -339 -61 21 6 6 58 4 0 0
1 8288 -51 -55 24 -112 2 -1364 1 0 -37 -91 20 -219 -16 164 33 -8 -4 -4 -59 -18 -37 0
1 13329 -92 -121 -25 -146 0 -31 0 -2 -14 -124 7 229 17 68 23 2 -4 -4 127 32 37 0
1 10237 -59 -61 -1 0 0 0 0 0 -18 0 -6 3 1 -11 -9 -4 2 2 -130 -17 -1 0
1 8825 -45 -44 24 174 0 1395 -2 -2 -34 143 -26 -3 4 253 74 2 -13 -13 128 15 1 0
1 9978 -59 -40 46 111 0 1 -41 0 -51 85 -53 -66 0 -275 -87 -6 16 16 -115 -8 -3 0
1 10020 -93 -26 -44 -46 0 -1 -52 0 29 -36 29 -2 4 168 43 -3 -7 -7 -2 -3 4 0
1 10003 -66 35 -15 9 0 0 -54 0 24 11 5 -294 -47 69 11 -4 -1 -1 66 1 -5 0
1 9980 -63 -25 12 20 0 0 -52 0 -17 11 -12 301 42 -183 -12 24 -3 -3 -73 -6 -2 0
1 10008 -49 -104 30 -73 0 0 -55 0 -56 -71 -2 -33 4 123 15 -12 0 0 52 7 3 0
1 10986 -109 -52 -23 3 1 0 -41 4 5 -7 5 185 8 -40 -27 -10 7 7 -46 -9 0 0
1 10616 -106 -44 2 -6 0 0 0 0 -13 -14 -4 5 3 180 42 -5 -6 -6 -19 2 5 0
1 10000 -96 -36 -14 29 0 0 0 0 2 15 -3 0 -1 -102 -33 -2 6 6 11 3 0 0
1 10000 -93 76 -3 15 0 0 0 0 21 30 3 -82 -1 384 108 -1 -19 -19 4 1 -3 0
1 8317 -88 -7 6 71 -1 1364 -5 0 -3 49 -23 -156 -8 -197 -37 11 4 4 -33 -12 -31 0
1 14316 -172 45 5 152 0 32 0 -2 5 113 -70 37 -4 -180 -32 12 3 3 34 7 30 0
1 10001 -97 143 -21 37 0 0 0 0 60 48 -11 -210 -18 97 48 12 -11 -11 -2 1 2 0
1 9999 -130 148 -1 -16 0 0 0 0 46 2 17 -9 -10 -500 -107 20 15 15 -8 -5 -4 0
1 8114 -76 124 -5 -153 0 -1399 -1 0 41 -102 92 -121 -10 -326 -87 3 14 14 82 8 4 0
1 11886 -103 83 14 -72 0 -9 0 2 11 -66 33 81 37 193 64 6 -12 -12 -119 -4 0 0
1 10000 -99 38 8 11 0 0 0 0 4 10 -4 -9 -5 -67 -10 5 0 0 12 -8 1 0
1 10001 -86 -4 -22 49 0 0 0 0 18 38 -13 64 34 386 109 0 -19 -19 19 8 -3 0
1 8682 -54 88 28 -176 53 -1344 0 0 1 -154 51 75 117 -38 -16 -3 4 4 -36 3 19 0
1 15006 -163 -135 18 -108 0 -30 0 -2 -54 -83 -2 90 16 1234 328 -13 -56 -56 56 -4 -15 0
1 10000 -159 -115 -1 -26 0 0 0 0 -33 -12 -9 -162 -115 603 164 -4 -28 -28 -62 -6 -4 0
1 9999 -155 -115 -31 -45 0 0 0 0 -8 -41 -6 18 40 -313 -73 10 11 11 -22 -3 1 0
1 8383 -141 -29 28 160 -15 1378 -3 0 -32 132 -14 113 106 623 168 -5 -28 -28 -12 -14 -24 0
1 11619 -161 -118 -20 14 0 0 0 2 -19 4 -7 131 67 61 -5 -14 3 3 35 15 21 0
1 9998 -109 -19 4 76 0 0 0 0 -7 58 -19 3 6 1125 299 -11 -49 -49 -48 -5 2 0
1 10001 -120 12 23 31 0 0 0 0 -18 29 -18 8 13 84 18 -4 -3 -3 7 -5 -5 0
1 8283 -98 11 2 83 0 1394 0 0 4 60 -27 -58 -2 298 79 -2 -13 -13 6 21 20 0
1 14328 -229 128 -3 139 0 16 0 -2 40 106 -60 64 14 643 175 -4 -30 -30 -7 -18 -12 0
1 8819 -146 91 -12 -41 1 -587 0 0 36 -19 34 -35 48 37 7 -2 -1 -1 49 -1 -18 0
1 11181 -167 43 12 -148 1 -816 0 2 2 -105 69 165 27 536 140 -7 -22 -22 -53 -2 14 0
1 9995 -153 13 -15 -17 0 0 0 0 17 -16 11 45 23 216 50 -7 -8 -8 24 0 7 0
1 10005 -135 -62 -4 -7 0 0 0 0 -14 -5 -2 19 8 301 73 -7 -11 -11 21 9 -4 0
1 9995 -135 15 -3 14 0 -4 1 0 7 11 -2 1 8 190 44 -5 -6 -6 -38 -7 -4 0
1 10005 -133 -14 8 -16 0 0 0 0 -12 -10 0 -9 9 196 52 -2 -9 -9 10 5 5 0
1 9995 -138 -60 -2 -18 0 0 0 0 -16 -18 3 -23 7 265 75 0 -13 -13 -17 -5 1 0
1 9423 -121 -31 -7 4 0 0 -1 0 -3 1 -2 34 24 111 32 0 -5 -5 9 -1 -8 0
1 10581 -128 -20 2 2 0 0 0 0 -8 1 -3 15 15 65 15 -2 -2 -2 -23 -3 2 0
1 9996 -139 1 10 5 0 0 0 0 -8 7 -7 36 26 269 74 -1 -13 -13 -2 -1 1 0
1 10003 -137 -56 1 2 0 0 0 0 -17 -5 -5 7 24 317 78 -7 -12 -12 10 3 6 0
1 10002 -147 -66 2 -25 0 0 0 0 -21 -28 1 14 111 448 124 -1 -21 -21 12 -1 0 0
1 10000 -178 -12 3 -68 0 0 0 0 -7 -56 13 -7 -19 1853 519 -3 -89 -89 -12 2 -4 0
1 8204 -158 12 5 132 0 1372 0 0 1 104 -37 -97 -38 1185 336 0 -57 -57 -32 18 38 0
1 13277 -250 48 3 167 0 31 0 -2 10 122 -72 137 121 -440 -135 -5 24 24 13 -25 -33 0
1 10330 -181 121 -8 6 0 0 0 0 43 16 4 18 11 1639 459 -2 -77 -77 9 1 -4 0
1 8108 -130 75 8 -63 0 -1411 0 0 14 -36 41 -88 -3 1808 509 -2 -86 -86 15 -16 -41 0
1 11891 -224 76 1 -125 0 -4 0 2 22 -99 64 89 67 -480 -136 0 23 23 -10 9 45 0
1 10000 -182 13 -33 1 0 0 0 0 34 7 6 13 16 955 269 0 -45 -45 -19 3 -2 0
1 10000 -124 -22 12 -38 0 0 0 0 -17 -34 9 5 -38 616 170 -3 -28 -28 5 2 1 0
1 8400 -110 -18 11 -89 0 -1351 0 0 -16 -74 18 -44 -7 877 248 0 -41 -41 0 -12 -23 0
1 13350 -214 -142 -36 -118 1 -35 0 -2 -11 -99 7 44 6 -1063 -302 0 50 50 42 13 23 0
1 8159 -110 -74 3 88 -1 1398 -1 0 -24 67 -14 -43 8 -89 -27 -1 5 5 -45 11 -2 0
1 11841 -168 -16 29 121 1 1 -1 2 -29 98 -36 48 32 57 13 -2 -2 -2 7 -18 -6 0
1 9999 -150 115 5 0 0 0 0 0 29 9 9 -47 79 253 73 0 -12 -12 -4 2 12 0
1 10000 -153 123 -2 7 0 0 0 0 38 10 8 -49 73 760 224 6 -39 -39 -19 1 -4 0
1 8238 -104 46 -11 -82 -1 -1359 1 0 23 -74 30 -56 47 1562 453 6 -76 -76 21 4 9 0
1 14336 -187 -52 -21 -122 1 -33 0 -2 5 -102 14 55 83 2798 796 3 -132 -132 -17 -7 -5 0
1 10337 -124 -73 -15 0 0 0 0 0 -9 -2 -3 3 47 742 211 1 -35 -35 -4 5 -3 0
1 10000 -110 -56 3 -13 0 0 0 0 -21 -9 -5 0 35 999 284 1 -46 -46 10 -2 3 0
