version: 66.11
glider: 175
mission: 9
dive: 246
start: 6 8 125 21 35 6
columns: rec,elaps_tms,depth,heading,pitch,roll,AD_pitch,AD_roll,AD_vbd,GC_phase,mag.x,mag.y,mag.z,sbect.TempFreq,sbect.CondFreq,sbe43.O2Freq,
data:
0 22052 -511 283 -725 47 246 2076 1300 2 536 -109 -46 239484 164238 7813667
1 10011 22 10 -8 9 0 0 264 0 -2 -4 -7 305 104 -3601
1 9997 59 -8 -20 -18 0 0 263 0 -2 -1 -21 5449 29 644
1 9998 83 -71 -24 1 0 0 277 0 -1 17 -21 1770 582 9963
1 10029 107 -186 30 46 0 0 288 4 5 43 14 324 168 82
1 11912 216 3134 4 58 474 1 5 -5 -10 104 13 5148 -260 1021
1 8499 154 36 234 -138 1992 0 25 2 -33 -5 223 2000 -14 1157
1 16634 187 19 171 165 -10 1346 92 1 -88 100 92 1247 169 -13678
1 10402 111 -47 -13 13 0 0 0 0 2 13 -13 1117 104 -1834
1 10409 114 -145 9 2 0 0 0 0 -25 28 12 943 70 910
1 10415 86 -106 1 3 0 0 0 0 -18 17 5 2550 327 -596
1 11098 77 -116 -5 -7 0 0 0 0 -17 15 7 992 196 663
1 10414 82 -83 2 10 0 0 0 0 -17 14 6 568 158 -1066
1 10402 75 -85 0 -3 0 0 0 0 -19 8 10 146 107 147
1 10402 70 -75 -12 -4 0 0 0 0 -8 1 7 121 84 -2032
1 11061 87 12 7 1 0 0 0 0 -3 2 0 66 87 -1304
1 10415 87 12 0 3 0 0 0 0 2 2 -4 31 41 -1832
1 11213 116 -1 -4 -8 0 0 0 0 2 -4 2 24 25 -2565
1 10415 97 51 1 -3 0 0 0 0 12 -6 -4 267 52 -2158
1 10958 137 13 -1 12 0 0 0 0 5 0 -6 274 62 -1444
1 10426 118 -86 21 1 0 0 0 0 -38 18 18 610 94 -1693
1 10407 115 -153 -3 3 0 0 0 0 -35 4 22 408 63 -310
1 10405 111 -77 -11 -7 0 0 0 0 -15 -2 12 304 62 -731
1 11066 133 -6 0 -1 0 0 0 0 1 -4 2 320 53 -3505
1 10420 109 10 7 1 0 0 0 0 -3 2 1 176 48 -2194
1 10403 109 6 -18 -3 0 0 0 0 15 -3 -7 497 56 -2260
1 10397 122 -105 26 17 0 0 0 0 -50 9 21 548 86 -3894
1 10952 110 -36 -10 -26 0 0 0 0 -3 -21 19 17 16 -1696
1 10397 107 -12 5 13 0 0 0 0 -6 7 -3 6 15 -3443
1 10401 95 -25 6 3 0 0 0 0 -15 1 5 19 6 -2720
1 10397 100 -53 -19 -4 0 0 0 0 5 -13 10 -5 4 -4625
1 10944 99 32 2 -3 0 0 0 0 5 3 -6 8 7 -3769
1 10403 99 -18 5 -9 0 0 0 0 -5 -10 11 15 7 -3663
1 10389 94 -46 -13 12 0 0 0 0 -5 2 1 -9 1 -4338
1 10391 110 -22 8 5 0 0 0 0 -7 -3 4 6 1 -2270
1 11049 132 -14 8 -14 0 0 0 0 -15 -11 13 -1 -2 -3094
1 10404 114 -76 4 5 0 0 0 0 -19 -15 15 30 7 -2789
1 9676 118 4 12 -128 3 -1267 5 0 -13 -110 50 -5 -6 12111
1 9742 87 28 51 -59 59 -157 1 2 -46 -46 21 -15 -4 -15428
1 10581 97 -48 -10 5 0 0 0 0 4 -13 2 4 -5 -1397
1 10001 88 -42 1 3 0 0 0 0 -7 -13 3 9 -13 -1980
1 9865 91 -9 15 -3 22 -1 0 0 -17 -7 3 28 -9 -1613
1 10620 107 24 9 0 0 0 0 0 -6 10 0 76 -37 -1999
1 10002 63 42 4 -5 0 0 0 0 4 10 -3 159 -42 -3005
1 9999 82 18 -13 5 0 0 0 0 16 12 -4 27 -11 -3382
1 9999 74 16 10 -4 0 0 0 0 -9 2 1 33 -5 -2662
1 10000 59 29 -3 -1 0 0 0 0 10 8 -3 3 -1 -2909
1 8764 75 -9 4 5 0 0 101 0 -5 2 1 64 -2 9284
1 11237 67 -7 -8 -6 0 0 1 0 6 -8 0 51 -6 -14814
1 9999 83 2 0 3 0 0 0 0 0 4 0 1 -1 -2707
1 10000 84 18 12 0 0 0 0 0 -8 6 -1 -27 4 -2890
1 8408 89 3 -1 0 -22 0 90 0 2 0 0 5 -2 10638
1 11593 120 99 14 6 1 0 0 0 12 35 -11 152 -20 -15891
1 9999 111 73 -18 4 0 0 0 0 39 20 -14 290 -31 -2706
1 10001 91 50 -2 -22 0 0 0 0 17 -12 0 88 -18 -2045
1 9181 98 -95 -12 96 -1 1236 2 0 -11 64 -22 147 -41 9341
1 13934 144 -27 3 86 0 175 1 -2 -8 65 -35 77 -22 -16530
1 10393 104 25 -5 10 0 0 0 0 12 11 -12 80 -19 -2722
1 10376 120 -52 9 3 0 0 0 0 -26 -4 10 -15 -4 -2537
1 11030 139 -33 4 5 0 0 0 0 -8 -5 5 14 -6 -3380
1 10379 131 21 -4 -19 0 0 0 0 7 -9 6 21 -13 -2249
1 10373 142 -24 11 18 0 0 0 0 -15 9 -3 4 -8 -2768
1 10376 130 -87 15 -15 0 0 0 0 -38 -32 25 -1 -1 -2415
1 9842 117 -76 -18 -34 0 -541 1 0 2 -54 25 -1 4 8309
1 11189 113 19 8 -129 0 -812 0 2 -7 -116 34 0 3 -13640
1 9999 90 -8 18 -6 0 0 0 0 -17 -10 2 -5 3 -2233
1 10000 78 -1 -7 17 0 0 0 0 8 17 -3 0 -1 -1992
1 9596 75 61 -13 4 0 0 0 0 18 27 -6 -3 1 -2144
1 10618 84 -67 3 -18 0 0 0 0 -8 -43 8 -1 -17 -2250
1 10000 80 -41 -22 -19 0 0 0 0 9 -35 3 4 11 -3081
1 10172 82 -32 -18 21 -40 -1 0 0 18 9 -3 -9 -25 -2410
1 10624 115 0 10 7 0 0 0 0 -11 7 1 4 14 -3697
1 9996 115 25 -18 -6 0 0 0 0 21 4 -4 -2 -2 -2266
1 10002 137 8 -1 -20 -1 0 0 0 0 -17 2 -1 -5 -3073
1 10000 125 -55 14 11 0 0 0 0 -18 -13 -2 -7 -23 -1755
1 9998 117 -65 -24 21 0 0 0 0 18 -6 3 -7 -28 -1473
1 8812 123 77 11 -85 0 -1323 0 0 -4 -52 1 1 -3 10076
1 13910 219 39 -12 -114 1 -68 0 -2 9 -96 -17 1 2 -14364
1 10358 182 2 6 -22 0 0 0 0 -5 -20 -4 -2 -14 -1237
1 11020 209 -9 7 12 0 0 0 0 -8 7 3 -5 -10 -1347
1 10358 183 -57 5 28 0 0 0 0 -2 4 1 -7 -16 -1329
1 11124 188 2 -6 -25 0 0 0 0 1 -23 -7 -6 -4 -1267
1 10364 158 7 1 8 0 0 0 0 2 10 4 -7 -18 -578
1 11666 215 21 0 -11 0 0 0 0 1 -2 -1 -6 -14 -1370
1 10358 184 18 16 -5 0 0 0 0 -17 2 2 -6 -12 -962
1 10367 158 -15 -1 13 0 0 0 0 3 6 2 -12 -13 -429
1 11128 156 2 -21 4 0 0 0 0 19 6 -1 -6 -9 -940
1 10897 148 44 11 -17 0 0 0 0 -7 1 1 0 1 -1087
1 10353 157 41 9 15 0 0 0 0 -7 31 8 -18 -18 -262
1 11123 166 24 -7 -18 0 0 0 0 11 -8 -2 8 4 -794
1 9165 119 -6 -2 66 -6 748 0 0 0 63 8 -5 -8 9062
1 11188 137 -69 -3 129 -5 608 0 2 0 100 1 5 6 -10143
1 9999 125 35 10 3 0 0 0 0 -3 16 -2 -1 -2 -1039
1 9999 136 50 0 4 0 0 0 0 5 25 -4 -1 -2 -1291
1 9587 120 10 -2 0 9 0 0 0 4 3 -1 1 -1 -534
1 10621 145 1 12 2 0 0 0 0 -10 2 0 -2 -5 -853
1 10000 136 -41 -17 -7 0 0 0 0 6 -22 3 -4 1 -1876
1 14446 205 20 62 -23 240 -186 0 -4 -52 -17 9 1 -2 6705
1 8223 67 31 147 9 0 0 -33 0 -136 17 -11 3 -2 374
1 9390 33 24 21 -2 0 0 -47 0 -12 5 -3 -3 1 11
1 8539 47 -5 -3 -1 0 0 -44 0 2 -3 1 4 5 242
1 8214 38 -1 -13 0 0 0 -41 0 10 0 2 -4 -5 694
1 10029 38 33 -2 -1 0 0 -53 0 11 9 0 -3 -4 -1062
1 9964 42 2 -12 -7 0 0 -49 0 9 -5 2 3 0 88
1 10016 25 17 1 6 0 0 -50 0 4 11 0 -4 6 -796
1 10000 16 -16 -20 8 0 0 -50 0 14 4 1 4 0 -984
1 9994 16 -6 16 -1 0 0 -49 0 -15 -4 -2 11 -3 567
1 10346 0 1 -11 0 0 1 -53 0 12 1 2 -10 0 -826
1 9654 -18 2 -8 5 0 0 -48 0 8 5 -1 -10 5 -178
1 9994 -39 24 5 0 0 -1 -51 4 0 8 -1 9 -2 -889
1 14105 -72 -8 149 -6 430 0 -11 -4 -141 -14 -29 -18 -3 -1783
1 6349 -70 160 298 17 0 0 -23 0 -211 41 -152 -7 1 871
1 9564 -96 35 -32 19 1 1 -47 0 32 21 22 25 3 435
1 9992 -118 -24 18 -26 -1 -1 -52 0 -20 -23 -9 6 0 17
1 10002 -145 -36 -4 -9 1 0 -52 0 -4 -15 3 -3 3 -371
1 9989 -189 15 -8 4 -1 0 -52 0 8 7 5 6 -1 -851
1 10002 -203 -10 -16 18 0 1 -52 0 12 10 7 -2 10 -380
1 10013 -203 -18 0 -19 0 -1 -54 0 -8 -14 -2 4 2 -32
1 10001 -198 33 0 -7 1 0 -53 0 8 1 8 6 7 -645
1 10004 -233 -39 7 -26 -1 0 -53 0 -13 -28 -5 -2 -3 -508
1 9989 -233 -65 -13 18 0 0 -55 0 -4 -1 -4 22 19 -568
1 10001 -252 -2 -4 16 0 0 -53 0 6 9 3 -3 13 -389
1 19381 -520 -84 0 -174 11 -1310 -37 2 -19 -144 -7 9 2 -14496
1 10354 -280 -42 -9 -40 0 0 0 0 1 -40 -8 1 2 -875
1 9845 -260 -89 25 37 -1 745 -4 0 -20 3 -24 6 23 8431
1 11168 -326 -75 2 171 1 623 0 2 -5 89 9 5 14 -9656
1 9999 -279 76 -5 29 0 0 0 0 9 45 6 3 1 -485
1 10001 -283 83 6 -26 0 0 0 0 3 7 1 1 2 -119
1 7940 -191 -11 -17 13 -12 2 -1 0 10 7 9 10 18 8306
1 12059 -295 70 2 0 0 0 0 0 6 21 2 19 38 -9463
1 10000 -254 0 17 -24 0 0 0 0 -10 -19 -5 -2 -8 -1273
1 10001 -256 2 -19 23 0 0 0 0 13 18 9 3 3 -540
1 8339 -210 8 -3 9 -20 0 0 0 2 10 0 -2 0 9057
1 11661 -309 -21 -7 14 1 0 0 0 3 4 2 12 19 -10089
1 9999 -258 -5 2 -39 0 0 0 0 -5 -29 3 6 14 -488
1 10000 -256 -45 -11 13 0 0 0 0 6 -5 4 -3 21 -909
1 9422 -243 -34 0 -6 0 0 -1 0 -6 -14 -3 -31 30 18
1 10579 -251 -22 2 -1 0 0 0 0 0 -9 1 -47 28 -751
1 9999 -237 -42 0 -2 0 0 0 0 -7 -14 -6 -27 8 -867
1 10000 -233 -52 0 12 -1 0 -1 0 -2 -9 -2 -116 37 -226
1 10002 -228 -59 -2 -9 0 0 0 0 2 -26 2 -151 44 -701
1 9998 -212 -14 -2 -1 0 0 0 0 2 -6 1 -214 64 -452
1 8811 -191 -32 -1 83 1 1295 1 0 -3 48 -2 -73 13 9078
1 13897 -330 69 12 106 0 103 0 -2 -8 93 -31 -31 102 -10856
1 10908 -273 82 -5 17 0 0 0 0 10 39 -7 182 79 -1047
1 10354 -264 65 0 7 0 0 0 0 7 25 -6 -269 10 -341
1 9178 -235 137 -6 -46 3 -680 -1 0 22 13 17 -651 -83 9406
1 11176 -275 52 7 -136 5 -716 0 2 2 -81 40 -209 -34 -9735
1 9999 -250 3 3 -21 0 0 0 0 -2 -15 2 -303 -49 -109
1 10000 -248 25 -7 3 0 0 0 0 11 8 7 -1087 -145 -947
1 8777 -179 46 1 -68 8 -1378 0 0 4 -37 13 -744 -132 8048
1 13949 -309 -14 -2 -115 0 -10 0 -2 -8 -86 3 -615 -132 -12714
1 10805 -231 -65 -7 0 0 0 0 0 -8 -14 -9 -243 -59 -290
1 10354 -200 -26 3 5 0 0 0 0 -6 -4 -3 -576 -114 415
1 10342 -189 -84 -1 -17 0 0 0 0 -9 -36 -14 -861 -153 -709
1 9182 -195 -140 -7 28 0 715 -1 0 -6 -23 -13 -2088 -364 8509
1 11171 -241 -150 6 136 -13 682 0 2 -3 47 7 -4345 -490 -9256
1 10000 -171 2 -12 23 0 0 0 0 4 16 5 -913 90 1257
