version: 66.11
glider: 175
mission: 9
dive: 184
start: 6 6 125 10 34 45
columns: rec,elaps_tms,depth,heading,pitch,roll,AD_pitch,AD_roll,AD_vbd,GC_phase,mag.x,mag.y,mag.z,sbect.TempFreq,sbect.CondFreq,sbe43.O2Freq,
data:
0 17610 -299 693 -742 44 240 2019 1197 2 517 -197 7 256617 165529 7648384
1 10000 2 52 -9 -17 0 0 261 0 -3 -12 1 -234 0 163
1 9999 14 63 -5 -5 0 0 252 0 -5 -10 12 80 -3 1245
1 9983 52 20 2 10 0 1 250 0 0 -2 11 -250 -5 1457
1 10016 79 -168 -35 53 0 -1 264 0 9 24 -62 -44 -31 2258
1 9995 109 -19 -7 -51 0 0 274 0 2 5 -22 -3 12 1162
1 12567 248 -146 15 49 12 1 229 -1 7 31 -6 1079 49 -207
1 8485 283 -182 171 18 2137 -1 3 2 3 66 117 2591 274 -331
1 15971 395 24 304 -277 373 -1364 3 1 -123 -132 210 2676 464 -8818
1 10358 192 -37 29 -4 0 0 0 0 -17 1 19 124 49 1133
1 10360 193 34 15 -13 0 0 0 0 -11 -21 1 357 90 953
1 10361 181 40 -4 5 0 0 0 0 -2 -5 -1 545 140 862
1 11007 198 70 12 6 0 0 0 0 -17 -14 10 957 139 813
1 10364 158 62 -2 -5 0 0 0 0 -7 -17 -4 190 45 1082
1 10358 151 69 3 0 0 0 0 0 -14 -16 1 46 19 866
1 10375 144 18 -3 4 0 0 0 0 0 -2 1 192 34 341
1 10998 168 55 2 -7 0 0 0 0 -13 -16 0 305 62 109
1 10353 167 73 -3 3 0 0 0 0 -15 -8 4 177 40 -690
1 10356 139 77 1 -5 0 0 0 0 -20 -18 2 377 50 -692
1 10359 156 53 1 7 0 0 0 0 -15 -5 8 230 27 -28
1 10896 166 72 8 2 0 0 0 0 -27 -10 11 213 3 -254
1 11054 150 41 -14 1 0 0 0 0 -1 -2 0 25 -21 -837
1 10361 139 26 4 -3 0 0 0 0 -12 -5 3 14 -7 -1404
1 10366 148 44 4 -3 0 0 0 0 -18 -6 4 200 -11 -955
1 10797 146 51 10 -3 0 0 0 0 -26 -5 10 112 -3 -884
1 10368 132 55 -3 5 0 0 0 0 -16 3 11 38 -1 -339
1 10363 125 57 -4 -2 0 0 0 0 -16 1 6 34 2 -1253
1 10367 132 34 -9 14 0 0 0 0 -5 12 12 17 -1 -296
1 10914 134 54 0 -9 0 0 0 0 -17 0 5 31 -1 -904
1 10356 119 29 7 3 0 0 0 0 -13 8 10 139 -4 -610
1 10351 100 53 -6 -5 0 0 0 0 -10 5 7 192 -11 -373
1 10361 107 26 4 6 0 0 0 0 -15 7 8 25 2 -928
1 11011 121 3 -3 4 0 0 0 0 1 3 2 25 -12 -903
1 10362 124 8 -1 -1 0 0 0 0 -1 2 1 -4 -21 -392
1 10365 109 -2 -5 2 0 0 0 0 4 0 0 -15 -27 -787
1 10367 116 7 7 -7 0 0 0 0 -4 -1 -1 -15 -23 -524
1 10914 128 14 -3 6 0 0 0 0 -5 5 5 24 -1 -943
1 10366 125 27 -2 -7 0 0 0 0 -5 1 2 11 -2 -265
1 8876 119 -17 4 97 -4 1363 3 0 -4 79 41 -2 -4 9373
1 11124 109 -38 49 79 53 7 1 2 -40 62 27 0 -8 -10340
1 10000 111 -20 4 6 0 0 0 0 -1 -2 -2 1 -6 -334
1 10001 123 21 -9 -10 0 0 0 0 2 -4 0 100 6 -825
1 8840 106 73 22 -84 38 -1190 0 0 -31 -53 -15 47 5 10461
1 14609 170 39 22 -73 0 -178 0 -2 -28 -54 -25 53 -11 -11230
1 11020 109 8 -16 -7 0 0 0 0 11 -5 -3 0 -4 -649
1 10360 112 -11 7 4 0 0 0 0 -3 1 1 -2 -11 -491
1 10353 102 28 0 -8 0 0 0 0 -6 2 1 -19 -23 -296
1 10359 112 66 13 -6 0 0 0 0 -20 18 9 118 9 -723
1 11006 111 50 1 15 0 0 0 0 -10 30 13 1 0 -781
1 8482 88 5 -9 104 -2 1386 1 0 -1 101 29 0 -1 9609
1 11518 105 22 1 63 0 0 0 2 3 73 10 20 4 -10557
1 10000 97 19 0 2 0 0 0 0 -8 10 1 -19 -17 -397
1 10000 98 -3 6 0 0 0 0 0 -2 -2 0 -15 -11 -170
1 9999 109 -22 -5 1 0 0 0 0 2 -8 -1 -23 -16 -964
1 10001 94 -12 3 -1 0 0 0 0 0 -6 0 29 3 -104
1 10000 110 3 -1 0 0 0 0 0 0 1 0 38 9 -676
1 9421 87 4 3 0 0 1 -1 0 0 2 1 48 7 -44
1 10579 95 30 -1 0 0 0 0 0 -2 13 0 81 12 -695
1 10000 109 46 -4 -2 0 0 0 0 1 16 0 122 -9 -635
1 8492 80 -13 1 108 -1 1373 1 0 -3 103 -10 18 -17 9793
1 14562 147 -54 4 72 0 17 0 -2 -1 49 -12 -15 -9 -12575
1 10351 118 -31 1 1 0 0 0 0 -2 -13 3 20 0 -293
1 9274 97 -19 -1 -22 0 -9 0 0 4 -28 7 -12 -18 9756
1 11083 123 27 -4 -159 0 -1403 0 2 8 -148 11 -2 -8 -9992
1 10000 108 -9 3 -3 0 0 0 0 -5 -7 -1 0 -4 -963
1 9999 104 -9 -4 5 0 0 0 0 5 1 0 -2 -4 8
1 10001 116 1 6 0 0 -1 0 0 -7 1 0 -47 -23 -400
1 10000 112 5 -3 -9 0 0 0 0 2 -8 -1 -19 -9 -429
1 10001 116 24 0 6 0 0 0 0 -1 17 2 -19 -14 238
1 9999 102 34 3 5 0 0 0 0 -3 20 1 -65 -28 -457
1 10000 107 8 -5 -2 0 0 0 0 0 0 -1 -3 -8 -695
1 10000 110 18 10 0 0 0 0 0 -7 8 0 2 -1 -105
1 9998 98 8 -9 3 0 1 0 0 7 7 1 25 6 -159
1 10002 111 6 6 -6 0 0 0 0 -2 -5 0 -15 -11 -345
1 10000 99 -20 -5 3 0 0 0 0 2 -5 0 -14 -9 67
1 9421 93 16 1 -5 0 0 0 0 2 2 0 -25 -14 196
1 10580 106 17 3 1 0 0 0 0 -5 7 0 -22 -13 -647
1 9999 102 8 -2 3 0 0 0 0 4 7 0 -15 -10 -195
1 8763 92 -30 -5 106 0 1400 0 0 1 94 -10 -140 -62 9414
1 13914 132 -60 12 77 0 16 0 -2 -11 50 -13 -8 -12 -10481
1 12979 118 -37 2 -12 0 0 0 0 0 -26 7 -24 -17 -1429
1 8375 87 6 -2 -109 0 -1398 0 0 6 -104 16 -21 -12 9390
1 11625 100 11 -7 -51 0 -11 0 2 5 -48 0 -24 -25 -9527
1 10000 92 37 -2 -8 0 0 0 0 -1 7 -1 -15 -8 -520
1 9997 108 32 4 -3 0 0 0 0 -5 10 0 9 -4 17
1 9425 71 7 0 1 0 -1 0 0 1 5 1 8 -1 481
1 10578 86 6 -1 0 0 0 0 0 -1 1 -1 3 -8 -290
1 9997 103 -15 1 3 0 0 0 0 1 -2 1 -6 -8 -314
1 9422 77 8 2 -5 0 1 0 0 -3 -3 -1 -5 -5 -49
1 10581 92 -7 -2 2 0 0 0 0 4 -1 0 6 -7 -565
1 10000 81 10 4 -5 0 0 0 0 -4 0 0 0 -2 -248
1 9418 79 12 -8 1 0 0 0 0 5 5 0 -1 -1 -195
1 10581 80 11 -2 1 0 0 0 0 4 6 1 -3 -1 -338
1 10001 80 -17 7 2 0 0 0 0 -5 -5 0 -10 1 -424
1 9419 71 27 0 -2 0 0 0 0 -4 9 -1 12 -2 3
1 10580 94 -26 -2 10 0 0 0 0 4 1 1 -29 3 -91
1 10000 89 -18 -3 5 0 0 0 0 4 -3 0 -5 2 -292
1 9422 76 -2 -1 -15 0 0 0 0 2 -16 0 5 -6 76
1 10579 97 -38 3 7 0 0 0 0 -3 -8 0 0 -2 -620
1 9999 85 13 -10 -11 0 0 0 0 7 -7 0 4 -6 -549
1 9422 84 13 11 7 0 0 0 0 -10 12 -1 5 -6 294
1 10579 91 -17 -12 -10 0 0 0 0 12 -17 0 12 -7 -388
1 10000 74 1 2 6 0 0 0 0 -2 6 1 -8 3 -186
1 9418 79 -11 5 21 0 0 0 0 -5 18 0 3 -6 259
1 10582 77 1 7 -17 0 0 0 0 -5 -17 -1 0 0 -655
1 10000 72 16 0 -12 0 0 0 0 0 -6 0 -7 6 47
1 9420 76 -13 -8 7 0 0 0 0 10 2 0 8 -10 -398
1 10580 78 -18 -1 19 0 0 0 0 -1 12 1 6 -7 -505
1 10000 91 9 8 -8 0 0 0 0 -8 -4 -1 6 -21 -203
1 8971 86 -21 -2 3 0 0 0 0 4 -5 0 1 -9 9285
1 11028 84 -18 12 9 0 0 0 0 -10 2 -1 1 -4 -9174
1 10001 64 4 -19 -36 0 0 0 0 17 -36 -1 0 -7 -598
1 9998 77 -14 10 7 0 0 0 0 -4 2 0 -3 10 335
1 9424 72 -9 3 10 0 0 0 0 -6 5 0 0 -3 -405
1 10578 86 3 -10 2 0 0 0 0 10 5 1 2 -8 -325
1 10000 65 1 14 -5 0 0 0 0 -14 -6 -2 1 -7 40
1 9499 57 -1 -11 4 0 -1 0 0 10 4 1 3 -8 -260
1 10621 85 -23 0 5 0 0 0 0 2 -4 0 7 -21 -6
1 10000 75 1 4 -1 0 0 0 0 -3 0 0 0 -2 -180
1 9999 73 -35 -4 9 0 1 0 0 8 -6 -1 2 -6 128
1 10000 64 -28 13 -9 0 0 0 0 -4 -17 -2 5 -9 -160
1 10000 58 -54 -21 1 0 0 0 0 30 -20 -3 4 -9 -358
1 10979 64 3 3 -117 0 -1282 0 0 7 -109 -32 -6 3 9146
1 14125 81 67 4 -73 0 -83 -1 -2 -13 -43 -22 11 -13 -11704
1 11024 65 22 5 9 0 0 0 0 -11 15 7 -5 -2 5
1 10360 66 55 -17 20 0 0 0 0 2 35 16 2 -2 87
1 9167 67 9 8 27 0 519 0 0 -12 29 10 -1 -1 9024
1 11188 59 -44 3 120 0 846 0 2 0 100 25 0 -2 -8688
1 10000 49 -12 9 6 0 0 0 0 -4 2 1 5 -5 76
1 10000 54 -1 -12 -3 0 0 0 0 7 -5 -1 -6 6 -106
1 7860 46 -2 13 3 0 0 0 0 -6 4 0 2 -8 9471
1 12140 66 9 -7 3 0 0 0 0 6 7 1 1 -4 -9547
1 10005 60 -5 4 0 0 0 0 0 -6 -2 0 7 -9 153
1 10000 58 -2 -17 0 0 0 0 0 13 -2 0 -7 -3 -444
1 9417 55 3 15 0 0 0 0 0 -12 2 -1 -1 -8 30
1 10583 66 -18 7 -13 0 0 0 0 -3 -20 -2 1 -2 265
1 10000 66 -22 -17 18 0 0 0 0 20 10 2 5 -1 48
1 9416 68 -23 9 4 0 0 0 0 -6 -5 -1 -13 -6 -326
1 10579 73 -18 4 -13 0 0 0 0 0 -20 -3 -1 -3 -297
1 10000 60 -15 4 -1 0 0 0 0 2 -5 -2 -6 -8 169
1 12232 82 76 -21 -142 0 -1367 0 -2 10 -109 -35 -4 -7 -641
1 10620 73 58 23 -25 0 0 0 0 -31 -2 -2 -2 0 -417
1 9189 55 28 -21 62 0 419 0 0 18 69 25 -2 -5 8716
1 11177 56 -42 6 120 0 964 0 2 -7 102 22 -7 -18 -8497
1 10000 45 23 6 -8 0 0 0 0 -10 1 -2 7 -9 184
1 10000 55 17 -1 -9 0 0 0 0 -1 -3 0 5 -4 -568
1 9558 52 11 -3 -4 0 0 0 0 3 0 1 -3 0 540
1 10619 76 7 3 15 0 0 0 0 -4 19 1 17 -4 -586
1 10000 61 -14 1 1 0 0 0 0 -1 -5 0 2 -3 550
1 10000 64 -5 -4 3 0 0 0 0 4 1 0 1 -2 -541
1 9999 69 -5 5 -4 0 0 0 0 -4 -6 -1 -1 -2 -24
1 10001 81 23 1 -5 0 0 0 0 1 4 0 -2 -8 274
1 9076 76 -27 4 -1 0 0 0 0 -2 -12 0 6 -12 9090
1 10923 71 -29 2 -4 0 0 0 0 2 -15 -3 14 -27 -8712
1 11074 79 -5 12 -23 74 -223 -4 -4 -12 -25 -4 0 -7 8166
1 8213 36 -3 52 4 0 0 -37 0 -48 5 -5 1 1 1332
1 9566 38 -6 -8 6 0 0 -48 0 6 2 1 1 -11 -35
1 9973 35 -6 1 0 0 0 -52 0 -2 -3 -1 3 -5 47
1 10005 26 23 -6 -3 0 0 -50 0 8 8 2 3 -4 64
1 9979 20 14 -11 4 0 0 -51 0 5 8 3 -1 -6 321
1 10029 20 14 -8 -1 0 0 -50 0 6 4 1 2 -5 -53
1 9973 7 12 -3 1 0 0 -48 0 4 6 1 1 -2 103
1 10005 -10 2 -10 4 0 0 -49 0 6 4 2 0 0 99
1 10026 -23 8 1 -3 0 0 -50 0 2 1 0 -1 -2 -29
1 9980 -19 -5 -7 3 0 0 -49 0 4 1 0 1 -1 209
1 9999 -40 -2 -5 -1 0 0 -50 0 8 -2 1 -1 1 -187
1 10012 -69 -49 9 -2 0 0 -51 4 -5 -21 -3 0 1 98
1 12283 -96 -67 38 9 15 75 -10 -4 -26 -16 -6 -35 1 -439
1 8205 -94 -13 353 8 317 0 -25 0 -298 14 -138 31 1 242
1 9777 -87 82 -57 8 0 0 -47 0 27 31 30 3 10 700
1 9741 -96 -7 4 -26 0 0 -52 0 3 -22 -2 -5 17 128
1 9969 -105 -48 16 18 0 0 -52 0 -5 0 -5 -15 29 -275
1 10002 -113 -41 -13 5 0 1 -51 0 13 -11 8 -7 19 796
1 10010 -117 -32 5 -6 0 0 -53 0 2 -15 -1 -2 5 -256
1 9992 -124 -20 -6 7 0 0 -53 0 8 -1 6 -1 2 -99
1 10025 -118 -6 1 -20 0 -1 -53 0 2 -18 -6 -2 6 227
1 10007 -124 -24 -11 25 0 1 -53 0 12 14 15 -4 7 -85
1 9983 -113 10 -6 -15 0 -1 -53 0 1 -13 -4 -4 9 -204
1 9997 -125 -14 -2 -2 -1 1 -54 0 6 -4 3 -3 26 -591
1 9033 -123 -12 2 117 1 1362 -37 4 -7 87 12 0 3 975
1 16112 -240 82 6 73 0 21 -1 -2 -21 84 -18 6 8 -11822
1 11012 -154 64 2 -16 0 0 0 0 -11 9 -6 -3 -4 -892
1 10353 -157 110 -6 7 0 0 0 0 -5 43 -15 0 0 282
1 8413 -131 51 1 -68 9 -1381 -1 0 0 -34 7 -6 -4 9595
1 11587 -202 109 6 -82 1 -4 -1 2 -2 -26 3 25 41 -9264
1 10000 -158 60 2 -15 0 0 0 0 6 8 3 -16 33 -440
1 10001 -156 53 -13 -7 0 0 0 0 9 14 6 -6 15 186
1 8603 -129 25 -1 -69 1 -1378 -1 0 5 -50 9 -3 11 9546
1 13927 -204 -80 -8 -110 0 -8 0 -2 0 -116 -13 -2 19 -10666
1 10904 -141 -61 -5 6 0 0 0 0 -1 -15 -5 -8 16 -488
1 10352 -136 -59 4 -4 0 0 0 0 -4 -23 -9 -2 4 -169
1 10368 -133 -83 -5 -8 0 0 0 0 11 -35 -8 -1 6 -32
1 10360 -116 -76 11 11 0 0 0 0 0 -15 -7 1 1 248
1 9112 -109 -89 -4 50 -1 1251 -2 0 14 8 14 0 5 8460
1 10887 -154 -37 16 101 1 126 0 2 -11 68 18 -3 6 -8127
1 10000 -108 -20 -6 22 0 0 0 0 7 11 8 3 0 -80
1 10000 -126 -20 2 -1 0 0 0 0 5 -5 2 -2 5 -76
1 9072 -103 -18 -1 68 0 1248 -1 0 -3 45 7 1 3 9441
1 13892 -201 60 10 114 0 153 0 -2 -24 107 -15 -4 8 -11086
1 10358 -151 59 -4 5 0 0 0 0 -5 24 -7 -3 7 293
1 10356 -151 98 -4 -1 0 0 0 0 -7 33 -11 -8 27 -214
1 8834 -113 77 4 -72 1 -1319 0 0 -2 -28 3 -5 5 9375
1 11165 -152 45 0 -106 0 -91 0 2 0 -67 7 5 3 -9321
1 10001 -129 4 -8 -3 0 0 0 0 6 -1 4 2 -1 248
1 9999 -134 -6 -1 0 0 0 0 0 1 -2 2 1 6 141
1 9164 -106 10 3 -71 0 -1236 0 0 0 -54 -3 12 9 8470
1 13890 -185 -84 -12 -110 0 -132 0 -2 12 -117 -23 3 2 -9791
1 10861 -132 -66 0 -1 0 0 0 0 11 -22 -4 0 12 -380
1 11094 -142 -87 10 113 0 1385 0 2 -3 58 23 5 18 -278
1 10618 -132 -56 6 54 0 0 0 0 1 23 8 1 5 -316
1 10000 -136 -12 -5 10 0 0 0 0 10 8 7 9 11 421
1 10000 -124 -5 -1 -1 0 0 0 0 -1 -4 2 4 3 -13
1 8547 -101 -19 0 75 0 1376 -1 0 -4 50 6 4 5 9325
1 14777 -207 76 8 116 0 22 1 -2 -25 114 -19 92 52 -10635
1 10353 -139 80 -4 1 0 0 0 0 -2 31 -9 147 75 135
1 10354 -134 54 2 0 0 0 0 0 -4 19 -9 38 20 -235
1 8669 -114 73 2 -86 0 -1407 -1 0 -1 -40 9 26 37 9683
1 11331 -147 24 1 -87 0 -2 0 2 0 -60 7 56 48 -8869
1 10000 -117 1 -9 -13 0 0 0 0 6 -10 5 -53 1 117
1 9999 -126 -23 1 -4 0 0 0 0 3 -11 0 7 12 -284
1 10000 -117 -39 -2 6 0 0 1 0 -4 -10 1 -13 5 20
1 10000 -122 -24 0 -2 0 0 0 0 4 -10 0 23 22 7
1 10000 -125 -37 2 -1 0 0 0 0 3 -13 1 10 20 366
1 10001 -114 -43 -2 -4 1 0 -1 0 6 -18 2 -9 10 -67
1 9999 -122 -47 0 0 0 0 0 0 5 -17 1 -31 5 180
1 10000 -118 -46 1 2 0 0 0 0 7 -13 2 -22 4 -348
1 8560 -94 -25 1 74 0 1388 0 0 0 50 7 23 12 9737
1 13917 -191 57 4 103 0 23 0 -2 -17 98 -15 -108 -25 -10532
1 10346 -125 69 -3 9 0 0 0 0 -8 30 -9 3 4 148
1 10892 -153 71 1 -2 0 0 0 0 -6 23 -10 -45 -7 -96
1 8687 -100 66 2 -82 -1 -1413 0 0 -2 -39 8 -58 -8 9316
1 11310 -149 42 -2 -101 1 -3 0 2 6 -64 9 -55 -7 -9091
1 10002 -120 19 -5 1 0 0 0 0 4 8 5 -53 9 173
1 10000 -107 10 0 -2 0 0 0 0 3 2 0 30 30 133
1 8558 -89 10 8 -78 0 -1359 0 0 -4 -61 -3 -24 -3 9540
1 13887 -163 -71 -14 -99 0 -8 0 -2 10 -103 -19 -26 0 -10018
1 10348 -131 -67 5 1 0 0 0 0 3 -21 -6 -21 -1 -478
1 10903 -119 -71 -11 -7 0 0 0 0 13 -31 -5 -10 1 198
1 8442 -92 -1 18 83 -1 1386 1 0 -16 66 13 -67 17 9334
1 11558 -157 -29 1 91 0 3 -1 2 -1 61 18 11 5 -8906
1 10000 -132 6 -5 -4 0 0 0 0 2 -2 2 23 5 54
1 10000 -117 26 -1 12 0 0 0 0 -1 20 2 41 24 201
1 9417 -112 32 -1 0 0 0 0 0 -4 11 -3 -13 14 730
1 10583 -120 28 -5 -1 0 0 0 0 1 9 2 -40 26 -200
1 10001 -120 6 0 4 0 0 0 0 -1 5 1 -18 24 196
1 9417 -105 -9 6 -5 1 0 0 0 -1 -6 -1 -107 10 271
1 10583 -127 -14 -4 2 0 0 0 0 6 -3 3 -37 2 -279
1 10000 -105 -18 -4 -2 0 0 0 0 2 -10 0 -27 7 457
1 9415 -110 -79 6 -2 0 0 0 0 6 -28 1 -260 31 -261
1 10585 -126 -49 -1 4 0 0 0 0 8 -12 2 -118 3 205
1 9999 -118 -18 -3 0 0 0 0 0 5 -7 2 -79 2 -47
1 8446 -88 23 2 75 0 1356 0 0 -9 68 3 -287 2 9298
1 13932 -185 95 -5 108 0 23 0 -2 -15 116 -19 -101 2 -9948
1 10913 -140 73 0 -3 0 0 0 0 -4 24 -8 -54 -8 -525
1 10931 -122 93 11 -114 0 -1393 0 2 -6 -57 8 6 20 44
1 10620 -133 58 -3 -56 0 0 0 0 4 -24 6 19 20 295
1 9999 -103 10 -6 -6 0 0 0 0 6 -1 5 5 4 -261
1 10001 -113 -32 3 -1 0 0 0 0 0 -12 -2 -79 3 714
1 8795 -84 -13 4 -86 -1 -1371 0 0 -4 -75 -5 -81 -2 9329
1 13898 -172 -79 -18 -100 1 -2 0 -2 16 -108 -17 -62 -5 -10004
1 10356 -124 -62 -3 8 0 0 0 0 10 -15 -1 -68 -9 13
1 9901 -94 -110 4 -7 -1 13 0 0 11 -40 -13 -506 -90 9023
1 11007 -158 -63 13 168 1 1359 0 2 -9 110 39 144 41 -8323
1 10000 -129 -63 -7 13 0 0 0 0 19 -8 11 -391 -66 70
1 10000 -116 -38 -3 -1 0 0 0 0 11 -13 3 6 -3 274
1 10309 -107 -31 9 72 -1 1267 -1 0 -2 51 10 -41 -8 9185
1 13904 -199 68 2 111 2 137 1 -2 -26 105 -9 -64 -16 -9238
1 10352 -136 71 1 -5 0 0 0 0 -13 20 -9 -183 -26 -102
1 10360 -140 57 -2 11 0 0 0 0 -9 26 -11 -81 -16 541
1 11854 -153 98 0 -3 0 0 0 0 -11 31 -12 -159 -30 -971
1 9197 -113 67 -1 -41 -2 -639 0 0 0 -8 -1 -26 -9 10084
1 11158 -160 53 6 -127 1 -757 0 2 0 -82 11 -151 -39 -9743
1 10002 -132 -24 -16 -8 0 0 0 0 10 -15 8 -1270 -228 466
1 9999 -120 -62 6 -4 0 0 0 0 0 -25 -3 -548 -116 197
1 9420 -115 -29 3 -8 0 -1 0 0 0 -17 0 -268 -55 746
1 10585 -116 -32 3 2 0 0 0 0 -2 -10 -2 -960 -73 12
1 10000 -102 16 3 1 0 0 0 0 -1 8 0 -1159 -151 409
1 9413 -110 61 -5 3 0 0 0 0 -2 23 0 -349 -70 1224
1 10587 -113 35 -8 4 0 0 0 0 6 16 4 -838 -165 74
1 10000 -115 13 -5 1 0 0 0 0 -1 5 2 -202 -57 590
1 9995 -113 -20 8 -3 0 0 0 0 0 -9 -1 -658 -69 476
1 10000 -90 -74 -5 8 0 0 0 0 6 -20 3 -597 -80 1209
1 10005 -92 -47 6 -8 0 0 0 0 -4 -25 -4 -591 -84 1017
1 9999 -96 -14 -5 15 0 0 0 0 9 9 6 -502 -65 743
1 10001 -78 1 3 -10 0 0 0 0 -3 -8 -4 -368 -51 1287
