version: 66.11
glider: 175
mission: 9
dive: 83
start: 6 2 125 21 40 0
columns: rec,elaps_tms,depth,heading,pitch,roll,AD_pitch,AD_roll,AD_vbd,GC_phase,mag.x,mag.y,mag.z,sbect.TempFreq,sbect.CondFreq,sbe43.O2Freq,
data:
0 21789 -11 356 -748 30 243 2029 1315 2 533 -123 -54 252604 163827 7646427
1 9981 8 -29 -8 25 0 0 261 0 -2 5 -9 279 17 -113
1 9992 18 98 6 -71 1 0 255 0 -2 -25 4 -708 12 1161
1 10008 97 50 -34 1 -1 0 261 0 -5 -9 -21 2522 225 780
1 10007 69 36 1 4 1 0 271 4 1 -11 5 2624 422 1643
1 11495 141 33 23 18 490 -2 32 -5 -2 -9 26 2225 697 2688
1 8509 126 18 282 4 1933 1 35 1 -51 8 242 1779 490 156
1 16972 196 129 118 -199 0 -1380 150 2 -84 -133 44 1371 511 -8897
1 10359 133 61 10 3 0 0 0 0 -18 -16 10 274 173 97
1 10360 160 68 9 5 0 0 0 0 -22 -9 16 199 94 -456
1 10343 163 56 -6 -4 0 0 0 0 -10 -12 1 487 137 661
1 11030 171 78 7 -2 0 0 0 0 -27 -14 12 622 149 -565
1 10364 191 51 3 1 0 0 0 0 -17 -4 11 53 30 193
1 10367 186 27 -1 1 0 0 0 0 -7 -2 5 9 25 -143
1 10367 203 38 -2 2 0 0 0 0 -10 -2 7 17 3 -259
1 11005 204 8 -1 4 0 0 0 0 -2 3 3 124 21 -498
1 10353 175 -6 1 7 0 0 0 0 1 2 3 139 26 -165
1 10829 214 10 -13 -14 0 0 0 0 8 -5 -10 174 30 281
1 10372 213 37 16 -8 0 0 0 0 -26 -10 8 197 35 -775
1 10890 216 53 1 2 0 0 0 0 -16 2 14 88 17 -822
1 10373 218 7 1 8 0 0 0 0 -4 4 6 77 16 562
1 10359 215 9 -3 -1 0 0 0 0 0 0 0 20 4 -157
1 10366 211 34 -1 -1 0 0 0 0 -11 0 6 3 -6 -726
1 10902 221 0 -9 3 0 0 0 0 7 2 -1 137 14 -653
1 10361 244 23 8 -6 0 0 0 0 -14 -3 4 160 -4 -858
1 10360 217 17 2 0 0 0 0 0 -6 1 6 7 0 -593
1 10371 224 15 1 -1 0 0 0 0 -5 1 3 131 6 -596
1 10915 225 38 2 4 0 0 0 0 -14 7 12 129 12 -997
1 10366 216 54 3 -6 0 0 0 0 -20 2 10 131 13 -720
1 10365 206 21 -2 8 0 0 0 0 -5 9 9 60 13 -561
1 10367 203 15 -1 2 0 0 0 0 -2 6 5 170 31 -710
1 10908 216 32 -5 -8 0 0 0 0 -4 1 2 41 8 -779
1 10373 191 51 7 -3 0 0 0 0 -19 8 13 320 43 -1239
1 10370 195 33 0 9 0 0 0 0 -10 16 12 37 8 -331
1 10367 195 8 -11 6 0 0 0 0 8 8 1 171 11 -1003
1 10914 216 -22 -4 1 0 0 0 0 11 -5 -4 82 12 -1770
1 10361 208 -2 10 -9 0 0 0 0 -9 -8 -2 22 6 -1923
1 8886 177 -33 10 89 -8 1259 4 0 -5 65 33 47 5 7977
1 11114 165 -55 41 96 52 132 0 2 -28 71 32 574 39 -11185
1 10000 147 -12 -9 4 0 0 0 0 8 -3 -2 192 24 -1728
1 10000 136 3 1 -4 0 0 0 0 -1 -2 -1 163 20 -1498
1 8824 125 60 7 -100 34 -1359 1 0 -14 -71 -20 84 9 7995
1 14559 192 71 15 -80 0 -34 0 -2 -27 -49 -20 285 4 -11399
1 11006 135 6 -6 3 0 0 0 0 6 5 2 61 5 -1442
1 10353 132 14 2 -3 0 0 0 0 -8 1 2 117 5 -1307
1 10356 134 27 7 6 0 0 0 0 -9 14 9 99 4 -1136
1 10364 128 46 -9 -11 0 0 0 0 -1 6 3 140 -1 -1434
1 11013 135 45 5 -2 0 0 0 0 -9 15 8 23 -4 -2015
1 10359 129 37 5 4 0 0 0 0 -10 17 8 38 -2 -1305
1 10356 139 15 3 6 0 0 0 0 -1 12 5 419 -41 -684
1 10351 128 26 -4 -1 0 0 0 0 3 9 3 11 -49 -1531
1 10896 144 2 -7 -2 0 0 0 0 5 0 -1 -220 -82 -1141
1 10361 130 13 6 3 0 0 0 0 -7 7 4 137 11 -1149
1 10355 138 24 -2 1 0 0 0 0 0 11 3 63 14 -1231
1 10346 139 28 3 2 0 0 0 0 2 13 4 24 8 -1348
1 10799 134 46 1 -7 0 0 0 0 -2 12 3 28 3 -1280
1 10353 122 17 -3 3 0 0 0 0 3 10 3 26 5 -1600
1 10356 133 11 -2 3 0 0 0 0 6 8 0 -20 -30 -915
1 10364 136 41 10 2 0 0 0 0 -5 18 5 -7 -10 -1242
1 10903 128 41 -19 3 0 0 0 0 21 20 1 2 -2 -1276
1 10358 128 20 20 -25 0 0 0 0 -13 -19 -1 2 -2 -720
1 10349 95 -34 102 14 0 0 0 0 -100 -3 3 -2 -3 -1116
1 10353 9 -67 89 36 0 0 0 0 -92 12 -11 0 -1 -772
1 11006 -3 -69 7 -6 0 0 0 0 -12 -31 -9 2 -1 -1113
1 10354 -4 -42 13 3 0 0 0 0 -15 -13 -7 -1 1 -1548
1 10360 2 -6 -2 -16 0 0 0 0 3 -18 -4 0 -1 -590
1 10353 3 0 -8 3 0 0 0 0 9 3 2 2 1 -565
1 10909 6 -6 6 -1 0 0 0 0 -10 -3 -3 -1 1 -1028
1 10353 6 -1 -10 -16 0 0 0 0 12 -16 -3 1 -1 -476
1 10368 -15 6 -2 -1 0 0 0 0 4 1 2 -2 2 -553
1 10352 3 7 -2 7 0 0 0 0 0 10 3 2 -1 -411
1 10696 0 0 11 9 0 0 0 0 -14 8 0 -1 0 -759
1 8839 0 -30 0 143 0 1307 1 0 2 127 21 -1 0 8667
1 10579 -4 -3 -9 31 -165 96 144 2 7 30 1 0 1 -9138
1 10582 9 9 5 -2 0 0 0 0 -4 2 0 -1 -1 -267
1 10000 -4 -3 -9 2 0 0 0 0 6 1 0 0 2 -729
1 9065 0 32 -3 -123 -130 -1057 2 0 9 -109 -5 -3 -1 8221
1 14586 -4 -11 -41 -60 0 -346 -1 -2 35 -64 -9 2 -1 -10607
1 10368 -7 -5 -7 6 0 0 0 0 7 4 1 2 1 -379
1 10327 7 -2 15 -12 0 0 0 0 -9 -12 -5 -3 2 -345
1 10660 -5 6 -13 28 0 0 0 0 8 28 11 1 -2 -559
1 10327 0 8 15 -6 0 0 0 0 -11 -2 -3 0 -1 -197
1 10337 0 -9 9 2 0 0 0 0 -12 -1 -3 2 1 -677
1 10355 -4 -22 -1 -3 0 0 0 0 0 -11 -3 -3 0 -728
1 10694 12 -21 1 -6 0 0 0 0 3 -14 -4 0 1 -611
1 10349 2 5 -18 -16 0 0 0 0 18 -14 -2 1 2 -669
1 10352 -6 5 -9 7 0 0 0 0 5 8 4 2 -2 -321
1 10354 -6 -18 7 4 0 0 0 0 -5 -3 -1 1 1 -357
1 10678 0 13 -4 -8 0 0 0 0 5 -2 -1 -4 0 -123
1 10352 0 11 4 2 0 0 0 0 -7 6 1 -6 -2 -727
1 10348 -2 31 -2 0 0 0 0 0 3 12 4 8 2 -156
1 10353 -6 -6 -7 4 0 0 0 0 3 1 2 0 1 -335
1 10689 10 -8 0 -5 0 0 0 0 6 -8 -2 0 -1 -296
1 10347 7 -11 7 8 0 0 0 0 -8 4 0 2 0 -813
1 10344 -5 -5 2 4 0 0 0 0 -1 2 1 -6 -2 -287
1 10352 -3 26 -2 -7 0 0 0 0 1 3 1 -8 0 -407
1 10336 5 12 0 5 0 0 0 0 -2 10 2 0 0 -171
1 10658 -3 -11 10 -3 0 0 0 0 -9 -7 -4 0 0 -674
1 10335 3 -12 -5 8 0 0 0 0 4 2 2 5 0 -516
1 10336 0 -3 4 -15 0 0 0 0 -2 -15 -6 -4 -1 -663
1 10347 -2 7 -6 5 0 0 0 0 5 7 5 0 1 -198
1 10678 -1 -5 0 -4 0 0 0 0 2 -6 -2 2 0 -69
1 10359 -3 -6 -11 13 0 0 0 0 9 10 4 -6 -1 -639
1 10353 12 -3 17 2 0 0 0 0 -20 2 -2 5 0 -348
1 10356 -11 -10 -2 -18 0 0 0 0 5 -21 -7 3 1 -549
1 10699 6 3 -8 6 0 0 0 0 11 6 4 1 0 110
1 10348 0 -6 -14 1 0 0 0 0 13 -1 1 -3 -1 -502
1 9439 4 -43 1 142 -1 1273 4 0 -1 122 25 -1 1 7823
1 10561 -12 -9 -2 38 -92 115 0 2 -2 34 2 1 0 -8425
1 10002 3 50 10 -17 0 0 0 0 -10 3 0 -4 0 -147
1 9999 10 44 -4 11 0 0 0 0 1 30 0 -7 -1 -529
1 8960 -12 34 -4 -105 -94 -1104 0 0 7 -93 -3 6 0 8138
1 14618 -2 -43 -29 -57 0 -286 0 -2 29 -73 -14 2 1 -9823
1 10342 -4 0 -8 3 0 0 0 0 4 3 1 -2 0 -607
1 10664 7 8 1 -1 0 0 0 0 4 2 1 3 2 -192
1 10332 6 -13 9 -2 0 0 0 0 -11 -7 -3 -20 -4 -71
1 10351 -12 -10 -4 9 0 0 0 0 4 5 2 16 1 -548
1 10360 2 1 5 -19 0 0 0 0 -5 -18 -6 -20 -2 20
1 10682 4 -4 7 4 0 0 0 0 -6 2 0 12 0 -301
1 10354 -12 -20 -4 -3 0 0 0 0 6 -11 -2 3 3 -350
1 10370 4 -21 -10 -2 0 0 0 0 12 -9 -3 -4 -3 -60
1 10356 -2 -3 -28 -2 0 0 0 0 24 -4 -1 2 1 -130
1 10695 8 23 6 -9 0 0 0 0 -5 0 1 -1 0 -348
1 10355 1 22 19 -5 0 0 0 0 -17 5 1 -10 -1 -79
1 10950 -4 18 3 1 0 0 0 0 -8 7 2 0 1 -669
1 10348 9 -18 11 19 0 0 0 0 -7 12 3 1 0 -79
1 10695 -7 -4 -7 -2 0 0 0 0 9 -4 -1 5 -2 -259
1 10361 4 13 -5 -13 0 0 0 0 2 -7 -2 -4 0 323
1 10353 -10 9 -1 21 0 0 0 0 -1 24 7 1 1 -752
1 10365 -1 18 -2 -9 0 0 0 0 2 -2 0 -1 -1 -18
1 10324 8 -22 -2 -6 0 0 0 0 1 -15 -5 -3 -1 -91
1 11402 -3 -26 13 -10 0 0 0 0 -10 -19 -7 -4 3 -587
1 10323 2 11 0 -8 0 0 0 0 -4 -4 -1 4 -3 1
1 10349 -6 4 7 1 0 0 0 0 0 3 1 -7 -1 -572
1 10347 10 0 3 21 0 0 0 0 -6 20 6 6 1 180
1 10684 -8 8 9 -5 0 0 0 0 -7 -1 -1 -2 1 -336
1 10350 7 10 -6 -9 0 0 0 0 2 -5 -2 2 0 -643
1 10356 -7 19 5 7 0 0 0 0 -3 14 4 -28 -3 256
1 10336 6 18 -7 18 0 0 0 0 6 25 8 0 -6 -377
1 10675 -5 20 -14 -33 0 0 0 0 16 -25 -5 11 1 -351
1 10738 -5 -21 -14 37 0 0 0 0 9 28 8 8 3 -117
1 10341 3 -36 9 2 0 0 0 0 -4 -13 -3 7 3 -565
1 9490 15 -64 -5 110 -2 1273 0 0 1 84 14 1 0 7676
1 9930 -17 -1 6 36 -64 115 0 2 -3 36 3 2 2 -6830
1 10581 1 18 -7 10 0 0 0 0 1 18 0 -1 -2 -629
1 9999 -2 28 -14 -2 0 0 0 0 16 9 2 -2 0 171
1 8145 11 52 -4 -139 0 -1371 0 0 9 -119 -11 1 2 7950
1 13843 -5 -29 -4 -42 -1 -17 0 -2 1 -52 -15 -12 -2 -8915
1 10659 4 6 -10 -8 0 0 0 0 10 -5 -2 9 0 -551
1 10329 -8 9 7 23 0 0 0 0 -7 25 9 -8 1 225
1 10337 7 -3 16 11 0 0 0 0 -14 10 2 7 -2 -467
1 10347 4 -20 6 -14 0 0 0 0 -6 -22 -7 1 0 41
1 10683 -12 -17 -9 8 0 0 0 0 8 1 1 3 1 -406
1 10341 7 3 5 21 0 0 0 0 -6 22 6 -19 -2 41
1 10354 -8 1 3 -29 0 0 0 0 -3 -28 -9 1 -1 189
1 10347 0 -13 8 12 0 0 0 0 -6 7 2 -11 2 -194
1 10690 2 -3 1 -4 0 0 0 0 -1 -6 -1 -3 -5 -425
1 10359 6 11 4 8 0 0 0 0 -5 13 3 9 2 -57
1 10347 -7 -13 -6 -5 0 0 0 0 7 -10 -3 13 -1 110
1 10349 7 50 -10 -38 0 0 0 0 10 -17 -5 -9 -1 -98
1 10681 -3 45 -10 14 0 0 0 0 10 31 10 -5 -1 -236
1 11075 -2 12 -14 9 0 0 0 0 12 14 4 4 1 -296
1 10355 0 -26 7 0 0 0 0 0 -5 -11 -2 7 2 -433
1 10344 -9 -18 3 -8 0 0 0 0 -8 -14 -6 -10 -1 7
1 10330 2 1 6 7 0 0 0 0 -5 7 2 3 -1 153
1 10652 8 1 5 -9 0 0 0 0 -4 -9 -2 -3 1 100
1 10330 0 -31 -9 16 0 0 0 0 9 3 1 4 -1 -281
1 10342 -2 14 -5 -6 0 0 0 0 5 0 1 5 2 -285
1 10355 -7 20 -14 -11 0 0 0 0 15 -3 -1 -6 2 73
1 10690 -2 16 -12 -7 0 0 0 0 13 0 -1 0 -3 -71
1 10345 3 30 -8 10 0 0 0 0 4 22 7 -7 -3 -111
1 10340 1 13 8 3 0 0 0 0 -7 8 2 0 0 74
1 10350 1 7 -13 12 0 0 0 0 16 15 3 3 2 21
1 10681 1 -14 8 4 0 0 0 0 -9 -2 0 6 -2 -369
1 10354 -2 -40 6 9 0 0 0 0 -9 -8 -2 -3 0 -28
1 10355 3 3 1 -12 0 0 0 0 -1 -10 -3 -10 1 -41
1 10342 -5 29 5 5 0 0 0 0 -2 17 5 -3 0 -244
1 9109 10 -53 32 114 -1 1276 0 0 -33 92 10 -1 -5 8002
1 10890 0 0 14 62 -25 113 0 2 -11 63 -1 2 1 -7608
1 10001 -11 27 -13 -17 0 0 0 0 11 -7 1 5 0 -30
1 10000 0 -2 -18 17 0 0 0 0 19 17 -1 -4 1 76
1 8296 16 62 4 -152 0 -1369 0 0 1 -129 -2 -6 -1 8239
1 15118 -6 6 6 -22 0 -18 0 -2 -9 -19 -3 2 -2 -9077
1 10329 0 -24 -5 3 0 0 0 0 2 -6 -2 3 0 -62
1 10329 -1 -20 -2 -3 0 0 0 0 2 -11 -2 0 1 393
1 10336 -8 -8 -11 -17 0 0 0 0 11 -20 -5 -2 -1 -343
1 10690 2 16 -6 7 0 0 0 0 9 13 3 -2 -1 -173
1 10346 -3 24 3 -2 0 0 0 0 -5 8 3 3 -2 -39
1 10341 6 22 12 1 0 0 0 0 -6 9 1 -2 3 95
1 10363 -3 -23 1 17 0 0 0 0 -4 8 2 -1 -1 414
1 10687 2 -19 -9 -5 0 0 0 0 6 -12 -2 1 0 -87
1 10342 0 -4 -6 -3 0 0 0 0 4 -5 -2 -1 -3 -46
1 10351 -7 -5 5 -2 0 0 0 0 -2 -4 -1 2 1 -188
1 10355 5 4 -5 -3 0 0 0 0 2 -1 0 0 -1 -2
1 10682 -4 9 7 -1 0 0 0 0 -5 2 1 -3 0 20
1 10349 1 27 -16 19 0 0 0 0 15 30 6 4 -2 50
1 10883 1 1 20 8 0 0 0 0 -17 8 1 -11 -1 -261
1 10356 6 -8 7 -9 0 0 0 0 -6 -12 -2 -5 1 -62
1 10321 -10 0 12 -12 0 0 0 0 -14 -12 -3 0 -2 25
1 10654 9 26 -8 -19 0 0 0 0 11 -9 -1 3 -2 182
1 10334 -5 -7 2 24 0 0 0 0 1 21 5 2 2 205
1 10336 9 -23 14 9 0 0 0 0 -18 0 -2 1 -2 -346
1 10349 -3 -25 13 3 0 0 0 0 -12 -7 -1 -5 -1 175
1 11784 -7 -4 1 1 0 0 0 0 -3 -1 -1 -4 2 -312
1 10361 10 -7 6 -15 0 0 0 0 -9 -17 -4 -2 -3 -242
1 10352 -1 19 9 -11 0 0 0 0 -7 -3 -2 0 0 7
1 10355 9 5 -12 4 0 0 0 0 14 6 3 3 2 112
1 10676 -10 13 -27 -2 0 0 0 0 26 3 2 0 -2 -90
1 10350 -1 -23 -8 10 0 0 0 0 5 1 0 5 0 -119
1 10351 -3 -15 -12 -21 0 0 0 0 12 -27 -6 0 0 220
1 10348 0 -2 -2 39 0 0 0 0 2 37 9 -2 0 241
1 10690 3 27 -8 -8 0 0 0 0 8 3 1 1 0 -91
1 8960 7 -22 10 113 -5 1276 0 0 -9 105 7 0 -1 8047
1 11040 -20 7 12 37 -41 115 0 2 -10 41 -2 -1 -1 -7403
1 9999 11 43 -18 -21 0 0 0 0 21 -5 0 0 1 -119
1 10000 -4 -7 4 15 0 0 0 0 -2 12 -1 2 0 305
1 8470 0 28 9 -144 0 -1373 0 0 -11 -133 -1 1 0 7745
1 13841 -3 -45 -4 -13 0 -19 0 -2 -1 -31 -6 0 -1 -8605
1 10348 -1 -24 1 -20 0 0 0 0 0 -29 -7 0 -1 133
1 10353 1 8 0 10 0 0 0 0 -4 13 3 2 1 159
1 10685 -2 -20 3 6 0 0 0 0 1 -2 0 -1 1 -63
1 10346 -5 -2 -15 -4 0 0 0 0 12 -4 -2 1 0 31
1 10354 10 14 -13 -11 0 0 0 0 10 -6 -1 0 1 240
1 10343 -9 7 -3 -1 0 0 0 0 6 2 0 1 -1 73
1 10681 8 5 -10 1 0 0 0 0 7 4 1 2 -1 -19
1 10343 -3 12 2 13 0 0 0 0 -1 17 4 -2 0 46
1 10345 2 4 4 -2 0 0 0 0 -2 0 0 12 -1 -357
1 10362 -3 17 3 -2 0 0 0 0 -4 5 1 1 -2 270
1 10680 -3 5 7 -6 0 0 0 0 0 -5 -1 -2 1 -16
1 10349 9 13 -13 -6 0 0 0 0 11 0 0 2 0 262
1 10349 -8 -7 4 10 0 0 0 0 -4 7 2 0 0 -260
1 10891 -3 -15 -10 5 0 0 0 0 7 -1 -1 -1 0 -117
1 10328 5 0 7 0 0 0 0 0 -6 0 0 6 1 266
1 11402 2 -11 -8 0 0 0 0 0 6 -4 -1 -2 -2 -320
1 10324 2 7 5 -5 0 0 0 0 -5 -3 0 2 0 62
1 10341 -1 -8 5 -12 0 0 0 0 -7 -15 -3 1 0 44
1 10347 -6 0 17 4 0 0 0 0 -13 4 1 0 0 -34
1 10683 5 -9 7 26 0 0 0 0 -5 21 5 4 1 -53
1 10347 0 -30 -3 -12 0 0 0 0 -2 -23 -6 9 1 355
1 10350 -3 0 -8 8 0 0 0 0 8 8 2 -5 -2 165
1 10352 2 6 4 -7 0 0 0 0 -3 -4 -1 0 1 -129
1 10682 -6 19 -2 -12 0 0 0 0 4 -5 0 1 -1 -134
1 12721 10 -27 41 176 628 1246 0 -2 -39 166 12 -1 0 6933
1 8195 12 30 135 -14 170 0 -27 0 -127 -5 -19 -3 -1 264
1 8508 -1 1 2 8 1 0 -43 0 0 8 -1 -1 1 1019
1 9399 -4 7 -1 -7 0 0 -48 0 1 -4 1 2 0 847
1 10003 5 -5 -4 7 -1 0 -51 0 0 5 0 1 2 113
1 9996 0 6 4 -8 1 0 -51 0 1 -6 0 -2 -1 -30
1 10001 2 -1 -1 0 0 0 -50 0 -1 0 0 2 -1 458
1 10000 1 -7 4 4 -1 0 -50 0 0 1 0 4 0 -129
1 9998 -7 -4 -18 3 1 0 -50 0 12 2 2 0 0 877
1 9994 2 16 -28 -1 0 0 -50 0 28 6 6 3 1 -583
1 10020 -2 8 -13 -1 0 0 -51 0 11 2 3 -1 0 618
1 9974 0 3 -22 8 0 0 -50 0 26 10 2 3 0 327
1 10000 -2 8 -19 0 -1 0 -51 0 18 2 2 1 -1 -622
1 13346 -30 2 139 -8 437 0 -25 0 -129 -10 -25 3 -1 -995
1 8122 -59 5 279 1 -1 0 -33 0 -225 -5 -140 -2 1 537
1 8541 -66 20 37 -8 1 1 -41 0 -21 -1 -25 2 2 1502
1 10003 -99 0 -12 21 0 0 -52 0 5 16 6 -7 1 -171
1 9991 -123 20 -1 -10 0 0 -52 0 5 -2 4 -34 3 -11
1 10009 -134 0 -12 1 0 0 -52 0 4 2 4 -8 3 470
1 10009 -148 13 -1 0 0 0 -52 0 5 4 4 -2 3 -51
1 9983 -158 -9 -5 11 0 -1 -54 0 0 6 3 -9 6 45
1 10006 -171 28 -10 4 -1 1 -52 0 11 12 6 -1 2 31
1 10012 -166 5 0 -6 1 0 -53 0 3 -4 3 -32 -1 -322
1 9981 -166 26 -1 -6 0 0 -54 0 3 4 2 6 13 214
1 10010 -182 -26 -8 0 0 0 -54 0 1 -7 2 -117 10 176
1 11178 -215 -44 -2 5 0 -1 -33 4 -2 -10 1 146 95 -8053
1 10001 -178 -61 9 -15 0 0 0 0 -15 -31 -12 -187 57 -182
1 10000 -194 -80 3 3 0 0 0 0 1 -24 2 -35 19 -614
1 8572 -152 -39 -1 71 0 1374 -4 0 -4 37 -6 -60 12 8538
1 13872 -295 33 6 109 0 21 0 -2 -6 83 -26 -139 5 -9160
1 10338 -214 111 -6 30 0 0 0 0 15 56 -13 -443 -18 -196
1 10890 -230 89 -2 -5 0 0 0 0 13 24 0 -62 -1 -576
1 9178 -183 110 4 -58 1 -883 -1 0 15 -8 20 -60 -2 8036
1 11174 -220 89 2 -126 1 -506 -1 2 11 -64 42 -228 5 -7833
1 10001 -208 50 -11 2 0 0 0 0 18 14 10 -781 -66 -304
1 9999 -190 101 6 -6 0 0 0 0 20 11 11 -345 -28 197
1 8406 -149 20 -1 -81 7 -1379 0 0 1 -54 19 -21 -8 7631
1 13911 -259 -116 -5 -114 0 -10 0 -2 -28 -106 -5 -69 -13 -8373
1 10336 -201 -88 -4 -3 0 0 0 0 -18 -18 -14 -13 -2 -231
1 10891 -207 -106 -1 -4 0 0 0 0 -18 -29 -18 -302 -44 -376
1 10348 -200 -73 1 4 0 0 0 0 -6 -19 -10 -197 -17 148
1 8745 -153 -69 0 82 0 1386 -2 0 -9 39 -2 -24 -13 7778
1 11256 -229 -47 10 106 0 3 0 2 -5 60 -9 0 3 -7654
1 9999 -200 28 -2 -2 0 0 0 0 3 8 2 -33 -16 619
1 9999 -196 40 -1 2 0 0 0 0 6 15 3 -133 -19 -71
1 9999 -200 -18 4 3 0 0 0 0 -1 -5 -1 -96 -6 129
1 10003 -193 -29 -3 -3 0 0 0 0 -4 -10 0 -1 17 -320
1 10000 -201 -22 0 0 0 0 0 0 -2 -8 -2 -107 1 672
1 8309 -139 -29 4 73 1 1369 0 0 -5 42 -12 -143 -6 8076
1 13890 -308 10 8 110 -1 23 0 -2 -4 74 -31 -224 -28 -9018
1 10353 -231 31 -1 9 0 0 0 0 5 16 -4 -29 -5 193
1 10886 -230 52 4 -5 0 0 0 0 3 12 -1 -91 -21 136
1 10340 -224 5 -3 -2 0 0 0 0 0 1 -1 -286 -41 -14
1 10354 -230 73 -3 6 0 0 0 0 14 26 0 -168 -25 -179
1 9192 -184 111 -2 -40 5 -649 0 0 20 5 18 -108 -21 8548
1 11156 -240 81 1 -139 0 -754 -1 2 8 -73 45 -176 -27 -7392
1 9999 -189 21 -3 -9 0 0 0 0 8 -3 8 -79 -15 785
1 10000 -199 -20 -3 -2 0 0 0 0 -1 -6 0 -40 -6 709
1 8365 -159 14 7 -72 10 -1379 1 0 -6 -50 10 -40 -8 9203
1 14738 -298 -102 -5 -112 1 -8 -1 -2 -21 -103 -10 -958 -207 -8916
1 10361 -207 -59 -5 3 0 0 0 0 -5 -13 -7 -903 -149 485
1 10334 -216 -30 5 -1 0 0 0 0 -9 -7 -9 -445 -138 1398
1 10342 -204 -52 -1 -11 0 0 0 0 -5 -23 -8 -71 -25 2404
1 8855 -165 -28 2 84 -20 1406 0 0 -1 50 5 -184 -30 9835
1 11145 -208 54 -16 127 0 0 0 2 19 109 7 -5474 -1124 -8527
1 10000 -136 66 -10 -11 0 0 0 0 24 7 20 -3150 -622 212
