version: 66.11
glider: 175
mission: 9
dive: 72
start: 6 2 125 10 10 9
columns: rec,elaps_tms,depth,heading,pitch,roll,AD_pitch,AD_roll,AD_vbd,GC_phase,mag.x,mag.y,mag.z,sbect.TempFreq,sbect.CondFreq,sbe43.O2Freq,
data:
0 22882 10 1122 -756 39 239 2091 1336 2 479 -226 132 259089 166225 7597043
1 10008 8 -1 -5 -11 0 0 259 0 1 -6 -7 20 0 -1518
1 9995 46 -17 -8 19 0 0 252 0 2 4 -6 -93 -7 577
1 10005 92 -125 -12 22 0 0 262 0 14 1 -48 101 -43 1103
1 9992 102 -163 4 10 0 0 276 0 9 7 -50 370 -27 738
1 9994 185 5 -3 -53 0 0 310 4 3 1 -15 132 -10 627
1 11126 373 49 4 -51 501 -1 31 -5 -6 -12 1 590 -8 -1202
1 8890 383 59 216 -45 2019 -643 2 5 -58 -26 173 220 17 47
1 15533 508 129 261 -139 3 -799 3 -2 -196 -121 119 167 9 -8136
1 10347 251 63 47 0 0 0 0 0 -60 -8 28 247 27 -327
1 10353 199 121 17 5 0 0 0 0 -57 6 27 491 51 579
1 10361 183 82 -1 10 0 0 0 0 -29 16 20 1686 179 797
1 10999 184 50 -10 2 0 0 0 0 -4 11 10 382 63 411
1 10354 171 34 -4 0 0 0 0 0 -8 7 6 607 71 -141
1 10353 186 -3 -1 10 0 0 0 0 1 5 5 237 32 114
1 10360 168 20 1 -1 0 0 0 0 -7 4 4 189 20 -357
1 11012 195 13 -1 -4 0 0 0 0 0 1 0 416 51 -846
1 10357 193 11 6 0 0 0 0 0 -10 2 4 457 59 -563
1 10350 167 7 -1 6 0 0 0 0 -4 5 3 135 24 -444
1 10354 185 -26 -6 -2 0 0 0 0 16 -6 -7 1575 305 90
1 11403 182 -4 1 2 0 0 0 0 -3 -1 1 370 120 -641
1 10341 175 17 -3 -6 0 0 0 0 1 1 0 32 -7 -715
1 10341 172 41 10 -6 0 0 0 0 -21 4 6 -254 -91 -1549
1 10367 157 32 2 13 0 0 0 0 -9 20 14 -51 -10 -174
1 10162 150 13 10 73 -9 1256 3 0 -17 69 33 26 -1 7482
1 9997 127 -17 27 110 55 112 0 2 -30 98 30 -181 -49 -10502
1 9840 115 4 6 10 0 0 0 0 -6 12 2 63 16 -835
1 10000 110 42 -4 -12 0 0 0 0 -4 4 1 -215 -68 -928
1 10071 109 37 14 1 33 1 1 0 -14 18 2 -113 -15 -862
1 10618 102 67 11 -10 0 0 0 0 -23 14 1 -287 -120 -1870
1 10001 95 -34 -5 5 0 0 0 0 8 -9 -1 -38 -20 -527
1 8324 111 -28 12 92 -4 1399 0 0 -11 82 2 163 42 8189
1 14867 143 -62 8 88 -1 16 1 -2 -3 61 -8 10 3 -12236
1 10357 111 -31 -10 -11 0 0 0 0 18 -22 4 154 49 -856
1 10941 120 43 -14 -114 0 -1417 0 2 9 -96 4 491 117 -986
1 10621 112 30 14 -31 0 0 0 0 -17 -19 -1 159 33 -755
1 10000 101 21 9 -28 0 0 0 0 -7 -19 -3 -16 -14 -568
1 10000 92 17 -10 8 0 0 0 0 3 14 2 -2 -6 -929
1 8359 67 -66 -4 99 1 1409 0 0 8 71 2 9 3 8141
1 12707 107 -77 17 55 -1 -130 0 -2 1 27 -1 -126 -34 -1570
1 11171 93 28 -16 -155 0 -1261 0 2 14 -143 -7 48 1 -8975
1 10000 92 6 7 7 0 0 0 0 -5 11 2 25 6 -554
1 9999 84 1 2 -7 0 0 0 0 -4 -9 -1 -74 -19 -529
1 10001 77 9 2 -3 0 -1 0 0 -4 1 -1 148 42 -1043
1 10001 79 7 -5 5 0 0 0 0 3 8 2 6 8 -135
1 9999 87 -10 -5 -2 0 0 0 0 7 -6 -1 -91 -33 -350
1 10000 75 -36 10 3 0 0 -1 0 -2 -10 -1 -56 -25 -832
1 10000 76 -9 -5 2 0 0 0 0 5 -2 -1 -45 -18 -729
1 10000 92 0 6 -5 0 0 0 0 -3 -4 -1 -8 -6 -512
1 10000 81 6 -6 1 0 0 1 0 5 4 1 -22 -14 -445
1 10000 79 -13 2 2 0 0 0 0 1 -2 -1 43 8 -415
1 10000 80 1 6 -7 0 0 0 0 -4 -7 -1 -61 -18 -771
1 10000 68 -6 -6 4 0 0 0 0 4 1 0 123 34 -709
1 10000 76 -9 -3 0 0 0 0 0 5 -4 -1 173 42 -843
1 10001 75 -4 0 0 0 0 0 0 1 -2 0 -151 -30 -549
1 9999 79 -20 5 3 0 0 0 0 1 -1 -1 47 -3 18
1 10001 80 -2 0 -3 0 0 0 0 0 -5 0 82 26 -940
1 9999 81 -13 -5 2 0 0 0 0 10 -1 -2 47 8 -232
1 8771 63 24 3 -101 0 -1364 0 0 0 -85 -26 9 -4 7333
1 13881 106 50 -8 -71 0 -16 -1 -2 -5 -50 -26 37 5 -9481
1 10890 87 48 9 -4 0 0 0 0 -20 11 6 40 8 -1024
1 8533 67 18 -1 92 0 1386 1 0 -10 90 36 67 13 7369
1 11468 77 -27 -1 84 0 1 -1 2 7 73 19 -8 1 -8469
1 9999 68 8 -2 -2 0 0 0 0 -4 -1 -1 -8 -3 -477
1 10000 85 -28 13 24 0 0 0 0 -6 14 3 -36 -14 -390
1 10004 68 -16 -18 -33 0 0 0 0 22 -39 -6 40 0 -144
1 9997 85 5 15 -1 0 0 0 0 -12 3 0 -48 -15 -478
1 10000 65 5 -10 1 0 0 0 0 5 1 0 69 21 -371
1 9419 84 -8 -14 19 0 1 0 0 13 16 3 -57 -20 -656
1 10581 68 -19 7 -17 0 0 0 0 0 -23 -5 49 18 -332
1 10000 93 26 13 8 0 0 0 0 -18 18 4 -61 -22 -243
1 10001 81 7 -1 -1 0 0 0 0 0 1 0 44 7 -513
1 9998 76 -2 1 2 0 0 0 0 -2 1 0 72 9 -205
1 10001 76 4 -2 -2 0 0 0 0 1 -1 0 0 -3 -313
1 10001 78 33 0 3 0 0 0 0 -4 17 3 198 12 -544
1 9998 71 43 2 0 0 0 0 0 -9 16 2 -82 -55 -110
1 10001 75 40 -9 1 0 0 0 0 1 17 1 -204 -90 -678
1 11224 74 -24 -9 153 0 1400 0 -2 3 140 -6 -26 -26 -887
1 10617 108 -26 17 22 0 0 0 0 -12 12 -3 22 -13 -627
1 10331 89 -33 4 0 0 0 0 0 0 -14 2 -6 -8 -38
1 9721 98 -37 4 -21 0 -44 1 0 8 -33 6 10 -1 6944
1 11157 94 34 -9 -160 0 -1368 0 2 10 -145 -3 7 -1 -7957
1 9999 87 -5 2 2 0 0 0 0 -4 0 0 10 0 -314
1 9999 101 5 -2 1 0 0 0 0 1 3 0 59 15 99
1 9421 93 -11 -2 -1 0 -2 0 0 2 -6 -1 108 18 234
1 10580 118 -8 7 -4 0 0 0 0 -1 -6 -1 30 8 -1023
1 10000 101 -15 -2 5 0 0 0 0 4 0 0 29 0 15
1 9999 114 3 -3 -1 0 0 0 0 -2 -3 0 22 -1 -245
1 10000 91 -2 2 0 0 0 0 0 2 0 0 3 -4 -243
1 10001 106 -9 -1 1 0 0 0 0 2 -1 0 14 -6 -229
1 10000 125 -7 -1 -3 0 0 0 0 4 -6 -1 7 -5 -31
1 9999 111 -12 -3 -1 0 0 0 0 4 -6 -1 18 -6 -797
1 10000 113 -23 4 3 0 0 0 0 4 -4 -2 61 -16 -20
1 10001 117 -24 5 -4 0 0 0 0 5 -9 -1 -85 -45 -215
1 9999 114 -10 -1 1 0 0 0 0 4 -2 -1 -300 -116 -382
1 10001 112 -15 0 3 0 0 0 0 1 -2 -1 -143 -60 -280
1 11451 128 53 -12 -149 0 -1378 0 -2 7 -121 -46 -280 -111 -881
1 10622 127 35 5 -26 0 0 0 0 -14 -13 -7 -102 -55 -527
1 9201 108 15 4 69 0 867 -1 0 -12 66 30 8 -6 6941
1 11270 108 -17 4 105 0 523 0 2 -1 95 29 -19 -12 -7524
1 10621 101 9 -3 5 0 0 0 0 -5 6 1 -3 -7 -421
1 10001 105 6 6 -1 0 0 0 0 -5 2 1 -3 -4 36
1 10002 101 -5 -2 -3 0 0 0 0 4 -5 -2 -7 -3 85
1 9998 86 14 -1 -7 0 0 0 0 -2 -2 1 13 0 -162
1 9999 96 0 -3 7 0 0 0 0 -1 6 1 -1 1 -107
1 10002 85 18 0 0 0 -1 0 0 -3 7 0 -7 -7 -58
1 9998 105 10 0 1 0 0 0 0 -4 4 1 -26 -10 116
1 10001 99 -6 1 -2 0 0 0 0 2 -4 0 -12 -6 -15
1 9415 79 5 1 -1 0 1 0 0 1 2 0 -5 -4 275
1 10584 103 21 1 -2 0 0 0 0 -4 6 1 -2 -5 -975
1 9421 88 9 3 4 0 0 0 0 -3 9 1 -27 -12 306
1 10578 90 6 -3 0 0 -1 0 0 -2 1 0 12 -24 -195
1 10002 94 -12 2 -1 0 0 0 0 3 -5 -1 14 -4 -157
1 9999 85 11 1 -1 0 0 0 0 -3 3 0 2 -6 100
1 10001 95 -6 -5 4 0 1 0 0 2 1 1 15 5 45
1 9999 92 33 0 -3 0 0 0 0 -6 9 1 4 -1 -372
1 10000 84 2 1 1 0 0 0 0 4 3 0 7 -2 -42
1 10002 91 -9 2 7 0 0 0 0 -4 3 0 -29 -18 235
1 9998 101 -2 -1 -11 0 0 0 0 2 -12 -1 11 9 -68
1 10000 101 0 -5 7 0 0 0 0 4 8 2 8 -16 24
1 9421 79 -27 3 -3 0 0 0 0 2 -15 -2 -9 -4 -130
1 10579 100 -1 1 0 0 0 0 0 -1 0 -1 83 -6 40
1 10000 98 11 -5 -4 0 0 0 0 3 0 0 1 -4 352
1 9996 82 -8 7 4 0 0 0 0 -4 2 1 29 7 -669
1 10005 102 25 -3 -1 0 0 0 0 -2 8 1 91 18 39
1 9999 94 15 -1 1 0 0 0 0 -3 7 1 -4 5 1
1 10000 87 12 4 0 0 0 0 0 -4 5 0 -101 -29 19
1 10000 106 16 0 -2 0 0 0 0 0 5 0 70 16 172
1 10001 98 2 0 2 0 0 0 0 0 3 0 -40 -13 -205
1 8293 87 -25 -3 95 0 1387 0 0 1 84 1 -93 -17 7076
1 13872 124 -82 6 87 0 7 0 -2 -1 51 -7 101 16 -7906
1 10351 102 -42 7 -3 0 0 0 0 4 -17 3 -264 -82 -199
1 8758 99 7 -7 -103 0 -1394 0 0 10 -99 6 -60 -34 7531
1 11243 92 -4 -5 -77 0 -11 0 2 13 -76 -10 -27 -19 -7104
1 9998 105 -16 2 3 0 0 0 0 -1 -3 -1 23 -4 108
1 10001 94 3 0 -5 0 0 0 0 4 -2 0 33 -1 -40
1 9998 93 5 -1 4 0 0 0 0 -4 4 1 20 4 -217
1 10003 101 11 2 -1 0 0 0 0 -1 4 1 16 1 -194
1 10000 90 -4 -4 3 0 0 0 0 -1 -1 1 11 2 531
1 10000 100 9 4 -3 0 0 0 0 -3 1 -1 57 12 -33
1 10000 110 9 -5 5 0 0 0 0 0 8 1 14 0 117
1 9999 96 3 2 -3 0 0 0 0 -2 -2 0 7 2 413
1 10002 100 10 0 -1 0 0 0 0 -2 3 1 -4 -4 -29
1 9999 107 1 2 1 0 0 0 0 -2 1 0 -2 0 -435
1 9999 97 10 1 -2 0 0 0 0 -2 2 -1 22 4 -249
1 9999 106 -4 -1 -1 0 0 1 0 1 -3 1 34 7 539
1 10002 113 7 -3 1 0 0 0 0 1 3 0 61 8 234
1 9998 98 -2 5 -1 0 0 0 0 -2 0 -1 26 5 192
1 10001 103 -9 -2 1 0 0 -1 0 2 -2 1 50 9 -247
1 10001 94 -7 0 -1 0 0 0 0 2 -5 -1 31 8 421
1 10001 109 -15 -1 1 0 0 0 0 5 -4 -1 46 8 20
1 9999 102 -19 2 -4 0 0 0 0 3 -10 -2 28 3 64
1 10000 107 -26 3 4 0 0 0 0 5 -3 -1 31 7 -65
1 9999 103 -15 -8 -1 0 0 0 0 7 -10 -2 16 3 148
1 9999 101 -13 5 1 0 0 0 0 1 -2 0 10 3 245
1 10002 103 -18 -2 -4 0 0 0 0 8 -8 -2 90 18 181
1 10000 110 -14 4 1 0 0 0 0 -2 -5 -2 5 -12 -77
1 8311 83 13 -6 -98 0 -1356 0 0 11 -84 -28 10 -9 7244
1 13910 147 47 1 -77 0 -18 0 -2 -8 -53 -29 -1 -9 -7999
1 10335 121 42 0 0 0 0 0 0 -10 11 7 -10 -5 -64
1 9921 120 24 -1 20 0 16 0 0 -9 24 12 -14 -12 7245
1 10975 131 -31 -2 156 0 1367 0 2 -1 134 46 -11 -8 -7088
1 10960 109 8 31 -23 83 -202 0 -4 -28 -17 -5 -1 0 6447
1 8531 73 0 53 0 1 0 -38 0 -49 2 -6 2 0 1370
1 9545 63 2 9 0 -1 0 -50 0 -8 1 -1 14 8 177
1 9782 49 13 -9 2 0 0 -50 0 7 7 3 -6 -3 360
1 9988 52 13 -11 1 1 0 -50 0 6 4 2 -12 -5 68
1 10019 42 -7 -6 3 0 0 -51 0 6 0 1 -41 -24 302
1 9998 42 34 -8 -2 0 0 -49 0 1 10 2 -32 -23 10
1 9995 31 7 -9 0 -1 0 -50 0 3 1 1 11 2 275
1 9991 33 -2 -7 7 0 0 -50 0 9 6 2 -15 -2 278
1 10003 29 -7 -5 -1 0 0 -50 0 4 -4 0 -17 -15 219
1 9995 17 6 -10 0 0 0 -51 0 10 3 1 2 2 -49
1 10017 4 -7 -1 2 0 0 -50 0 2 -1 1 3 -5 353
1 9989 8 7 2 -2 0 0 -51 4 3 3 0 1 1 -161
1 10760 -15 -1 16 0 16 0 -8 -4 -18 -1 -1 -5 0 397
1 9252 -52 -25 373 2 315 0 -29 0 -317 5 -142 11 0 101
1 10000 -53 2 -43 4 0 0 -49 0 29 1 23 5 4 -67
1 9982 -62 -22 13 2 0 -1 -52 0 -6 -5 -5 12 7 -70
1 10023 -69 -31 -6 0 0 1 -53 0 10 -10 4 0 6 226
1 9981 -67 -24 -3 -6 0 0 -52 0 7 -12 4 -5 -2 -39
1 10005 -95 -21 1 13 0 -1 -52 0 2 4 3 5 4 155
1 10009 -85 -16 0 -7 0 0 -53 0 6 -9 1 22 13 -264
1 9980 -101 0 -12 2 0 0 -51 0 6 -2 5 32 24 -10
1 10006 -104 -9 -6 -6 0 1 -54 0 9 -6 4 8 17 384
1 10005 -110 -22 -4 -3 0 0 -53 0 9 -8 4 37 17 -211
1 10009 -108 -4 -6 4 0 -1 -54 0 6 2 2 4 19 283
1 12554 -160 6 17 161 0 1455 -30 2 -25 127 7 -9 7 -8384
1 10620 -119 73 -13 37 0 0 0 0 -11 47 -10 -18 6 -326
1 10989 -143 67 4 -2 0 0 0 0 -6 25 -10 -15 0 -660
1 8822 -108 79 -5 -70 1 -1316 -3 0 -6 -28 0 -72 -15 7788
1 11178 -140 52 -3 -95 0 -62 0 2 -2 -57 3 -29 -6 -7132
1 10000 -106 49 -1 -14 0 0 0 0 3 7 -1 -65 -10 -240
1 9999 -120 17 2 -4 0 0 0 0 -2 4 0 -63 -10 124
1 8390 -94 19 3 -84 1 -1390 -1 0 1 -61 -5 -78 -12 7618
1 13897 -183 -44 -16 -95 0 -7 0 -2 15 -91 -16 -102 -29 -8289
1 10347 -117 -59 -2 -4 0 0 0 0 5 -24 -4 -99 -18 -65
1 10987 -135 -78 1 2 0 0 0 0 10 -24 -6 -6 -2 -514
1 10355 -129 -72 1 1 0 0 0 0 12 -21 -4 3 3 -219
1 9553 -108 -90 9 71 -1 1251 -2 0 11 29 22 -7 -2 8008
1 10447 -129 -47 12 103 1 144 0 2 -7 64 24 8 2 -7405
1 10001 -112 -18 -7 0 0 0 0 0 12 -4 6 26 8 363
1 9999 -125 -29 -7 7 0 0 0 0 12 -2 6 8 13 -322
1 8317 -92 -3 7 76 -1 1364 0 0 -9 60 11 20 5 7556
1 13897 -171 52 6 112 1 11 0 -2 -26 97 -10 -13 1 -8196
1 11000 -148 62 2 -11 0 0 0 0 -12 12 -10 -13 1 -368
1 10871 -147 55 -8 10 0 0 0 0 -7 25 -5 -32 1 -83
1 10347 -123 56 -2 2 0 0 0 0 -9 18 -9 -9 13 19
1 8268 -100 59 9 -93 -1 -1401 -1 0 -10 -52 -2 -9 2 7416
1 11733 -157 17 -7 -98 1 -3 0 2 7 -71 3 76 35 -6874
1 9998 -103 -9 -6 2 0 0 0 0 5 -2 3 0 3 -332
1 10001 -124 -1 1 -3 0 0 0 0 2 -1 0 1 1 306
1 10000 -116 -9 5 2 0 0 1 0 -2 -1 0 1 1 345
1 10001 -116 -4 1 -1 0 0 0 0 0 -2 -1 0 1 -134
1 9999 -107 34 -2 2 0 0 0 0 -4 12 -2 -11 16 -51
1 8291 -97 47 4 -87 0 -1354 -1 0 -1 -52 -9 -3 14 7693
1 13941 -185 -31 -14 -89 0 -6 0 -2 14 -81 -20 -27 9 -8060
1 10877 -129 -76 -1 2 0 0 0 0 12 -23 -1 -4 3 -522
1 10336 -114 -50 0 -7 0 0 0 0 6 -22 -6 -14 14 26
1 8237 -94 -88 9 74 -1 1375 0 0 10 31 21 4 -9 7544
1 11763 -155 -3 5 97 1 3 0 2 -9 74 23 111 67 -7042
1 10000 -125 -9 -6 4 0 0 0 0 7 1 5 13 4 227
1 10000 -116 -19 -2 6 0 0 0 0 3 -3 1 -29 -3 -365
1 8364 -97 -28 3 76 0 1375 0 0 -2 50 12 65 21 7093
1 13931 -195 65 10 97 0 21 0 -2 -24 97 -13 8 4 -7851
1 10988 -140 65 -1 3 0 0 0 0 -12 22 -10 -7 2 -481
1 10339 -130 61 -3 9 0 0 0 0 -7 27 -10 29 10 -30
1 8440 -103 65 6 -88 -1 -1399 0 0 -8 -46 1 5 6 7269
1 11559 -162 39 -9 -91 1 -2 0 2 7 -56 6 12 5 -7086
1 10001 -117 11 -2 -10 0 0 0 0 -1 -5 -1 -3 2 221
1 10000 -114 -21 0 1 0 0 0 0 5 -6 1 2 3 201
1 8322 -88 18 0 -80 0 -1377 0 0 -3 -58 -10 3 0 7231
1 13879 -174 -62 -7 -101 0 -7 0 -2 20 -99 -22 11 8 -7950
1 10988 -126 -69 -6 0 0 0 0 0 12 -24 -4 23 7 -515
1 9239 -93 -64 3 18 0 63 0 0 14 -3 6 55 21 7298
1 11109 -144 -71 17 154 0 1321 0 2 -12 93 35 177 95 -6432
1 10001 -123 -46 -11 8 0 0 0 0 19 -7 10 295 101 -243
1 10000 -125 7 -4 -1 0 0 0 0 3 2 3 295 143 42
1 9557 -103 -23 5 75 0 1261 0 0 -1 54 11 -9 18 6912
1 13910 -182 46 7 106 0 125 -1 -2 -26 93 -6 -43 31 -7570
1 10342 -127 42 1 0 0 0 0 0 -7 16 -7 -18 26 78
1 10885 -127 59 1 5 0 0 0 0 -12 20 -12 -1 6 -324
1 10338 -124 77 -4 -8 0 0 0 0 -6 22 -7 -9 7 168
1 8398 -90 63 6 -68 -1 -1385 1 0 -10 -33 -3 -31 7 6956
1 11601 -145 64 -5 -97 1 -2 0 2 1 -53 4 -30 8 -7049
1 10000 -106 7 -2 -12 0 0 0 0 3 -8 1 -19 1 349
1 9999 -114 -6 0 -4 0 0 0 0 -1 -5 0 -13 2 -19
1 8306 -77 10 -6 -78 0 -1367 0 0 7 -59 -3 -6 0 7799
1 13900 -153 -68 -7 -94 0 -8 0 -2 12 -97 -26 21 -1 -7858
1 10887 -108 -87 1 -11 0 0 0 0 16 -36 -5 -36 -1 -245
1 10339 -104 -67 4 14 0 0 0 0 10 -8 0 -2 2 -290
1 8199 -83 -65 2 83 -1 1372 0 0 2 39 24 2 0 7675
1 11801 -138 -48 3 86 1 3 0 2 6 53 25 -6 0 -7256
1 9999 -107 -38 0 0 0 0 0 0 12 -8 4 -15 4 301
1 10000 -86 -3 -3 1 0 0 0 0 2 0 2 -7 0 45
1 8521 -81 -13 4 85 0 1371 -1 0 -5 62 12 -9 1 6858
1 13883 -163 80 4 98 -1 21 1 -2 -30 98 -10 -3 0 -7447
1 10987 -120 79 -2 8 0 0 0 0 -14 31 -13 -33 -3 -485
1 10337 -104 68 2 -7 0 0 0 0 -9 18 -11 -8 -2 137
1 8212 -93 70 2 -88 0 -1388 -1 0 -9 -46 0 -28 -3 7603
1 11786 -128 47 0 -86 1 -8 1 2 1 -50 0 -62 -4 -7109
1 10000 -101 56 3 -13 0 0 0 0 -5 9 -4 26 28 175
1 10000 -97 36 -6 14 0 0 0 0 6 25 5 4 10 -73
1 8352 -79 52 -2 -84 0 -1368 -1 0 1 -50 0 -5 13 7150
1 13905 -153 -10 -16 -105 0 -8 0 -2 11 -88 -12 -84 -3 -7788
1 10883 -107 -66 5 15 0 0 0 0 0 -10 -4 -4 4 328
1 10330 -121 -65 -2 -19 0 0 0 0 5 -37 -10 12 5 -250
1 10336 -100 -66 -1 6 0 0 0 0 11 -17 -3 12 11 60
1 10335 -119 -79 4 6 0 0 0 0 9 -20 -3 -22 -2 149
1 10186 -100 -82 1 70 -1 1275 0 0 10 26 20 27 11 6573
1 9814 -123 -31 13 94 1 112 0 2 -9 64 21 -1 16 -6356
1 10001 -119 -30 -7 3 0 0 0 0 16 -3 8 -54 5 492
1 9999 -96 -2 -8 8 0 0 0 0 4 3 3 -39 5 -119
1 8829 -102 -20 10 80 0 1301 0 0 -8 56 9 -188 -15 6858
1 13879 -170 13 7 95 0 73 0 -2 -13 79 -2 -292 -45 -7371
1 10316 -113 -2 -10 12 0 0 0 0 8 11 4 -40 -7 -26
1 10336 -122 80 22 0 0 0 0 0 -36 20 -23 -3 1 109
1 10994 -151 81 -13 -5 0 0 0 0 -2 24 -6 11 4 -296
1 8204 -104 33 5 -88 -1 -1375 0 0 -1 -55 2 -11 -2 7801
1 11796 -150 -4 -23 -80 1 -3 0 2 16 -67 11 5 2 -6775
1 9999 -120 -54 15 -9 0 0 0 0 0 -24 -8 28 8 194
1 10001 -122 -15 -7 -4 0 0 0 0 6 -10 4 33 13 42
1 10000 -118 22 4 3 0 0 1 0 -4 12 -1 -38 -10 275
1 10000 -111 -23 -4 -11 0 0 0 0 6 -18 0 31 11 81
1 10000 -118 -21 0 12 0 0 0 0 3 3 3 49 16 425
1 9422 -109 -10 -3 -7 0 0 -1 0 3 -10 1 46 19 459
1 10577 -126 -25 0 3 0 0 0 0 6 -4 2 51 15 -471
1 10000 -124 -10 -1 -1 0 0 0 0 5 -2 2 17 8 -206
1 8548 -90 -10 3 83 0 1367 0 0 -7 60 7 -26 -3 7700
1 14715 -198 75 5 101 0 22 0 -2 -23 102 -16 11 8 -8010
1 9218 -106 99 -1 -13 -1 -43 0 0 -10 25 -11 -223 -46 6750
1 11123 -149 96 5 -159 1 -1352 0 2 -10 -92 1 -122 -29 -6935
1 10001 -113 21 -11 -9 0 0 0 0 7 0 6 -17 -2 564
1 9999 -115 7 -2 -4 0 0 0 0 4 0 1 118 57 69
1 9566 -93 -17 3 -76 0 -1257 0 0 -1 -68 -8 121 47 7816
1 13898 -161 -71 -12 -101 0 -118 0 -2 18 -105 -24 -4 9 -8080
1 10343 -106 -71 -1 -4 0 0 0 0 15 -25 -4 133 79 138
1 9836 -104 -94 -4 46 -1 842 0 0 19 5 15 -1328 -192 7417
1 11169 -129 -54 21 124 1 535 0 2 -11 82 29 -140 -35 -6958
1 10001 -111 -7 -13 9 0 0 0 0 8 2 7 -92 10 289
1 10000 -114 -8 2 -3 0 0 0 0 3 -2 1 -179 -34 715
1 8823 -87 -26 5 78 0 1354 0 0 0 57 11 -217 -28 7431
1 13883 -160 26 2 104 0 41 0 -2 -17 86 -3 -641 -95 -7796
1 10348 -114 88 -2 8 0 0 0 0 -16 35 -13 -618 -85 166
1 10340 -116 67 4 -8 0 0 0 0 -14 14 -12 -594 -87 565
1 8873 -100 53 0 -84 0 -1396 0 0 -4 -48 2 -16 -21 7620
1 11128 -123 8 -6 -90 0 -4 0 2 9 -68 2 -276 -44 -6538
1 9999 -104 -7 -7 -6 0 0 0 0 3 -10 2 -548 -86 560
1 10000 -108 42 4 -4 0 0 0 0 -5 13 -2 -235 -38 807
1 8904 -82 62 6 -84 0 -1260 0 0 -8 -45 -12 -437 -75 8398
1 13889 -158 -84 -21 -91 0 -102 0 -2 31 -102 -19 -932 -117 -8487
1 10348 -116 -75 -3 -2 0 0 0 0 11 -27 -4 -113 -34 -146
1 9181 -94 -113 12 82 0 958 0 0 9 29 20 -484 -33 9040
1 10588 -128 -60 11 99 0 407 0 2 -1 60 25 -269 -13 -6910
1 10579 -106 -47 -6 -4 0 0 0 0 20 -13 7 -112 -16 139
1 10000 -118 -34 -3 4 0 0 0 0 12 -7 4 -24 -7 1009
1 8308 -79 -30 4 96 0 1376 0 0 1 71 19 -40 -1 8671
1 14880 -175 32 11 84 0 22 0 -2 -22 76 -4 -50 1 -7633
1 10349 -105 43 -3 9 0 0 0 0 -13 13 -8 -57 -2 252
1 10340 -110 29 1 -10 0 0 0 0 -6 4 -3 -62 1 830
1 10349 -117 19 2 3 0 0 0 0 -8 5 -5 -78 -2 925
1 11006 -120 39 -8 -1 0 0 0 0 -3 10 -3 -58 1 834
1 10348 -109 30 1 -4 0 0 0 0 -6 7 -5 -103 -5 802
1 10346 -104 37 -4 4 0 0 0 0 -6 13 -5 -163 -8 933
1 10348 -104 71 -4 5 0 0 0 0 -9 28 -9 -126 7 456
1 10054 -94 86 5 -88 0 -1262 0 0 -5 -37 1 -24 10 8570
1 9947 -108 37 -7 -88 0 -136 0 2 1 -59 2 -59 -8 -6031
1 9999 -80 24 1 -10 0 0 0 0 2 1 1 -30 5 1084
1 10000 -89 12 -1 0 0 0 0 0 -2 4 -1 -127 -4 228
1 8833 -71 78 7 -88 0 -1346 0 0 -1 -44 -4 -39 36 9454
1 13918 -140 -33 -16 -91 0 -24 0 -2 14 -85 -13 -13 23 -7765
1 10994 -101 -47 0 -1 0 0 0 0 1 -17 -6 -9 -3 648
1 10335 -92 -50 -1 4 0 0 0 0 8 -14 -1 207 49 525
1 10981 -81 -42 -128 8 0 0 0 0 108 -26 48 199 38895 -1142
