version: 66.11
glider: 175
mission: 11
dive: 84
start: 5 25 126 14 18 44
columns: rec,elaps_tms,depth,heading,pitch,roll,AD_pitch,AD_roll,AD_vbd,GC_phase,mag.x,mag.y,mag.z,sbect.TempFreq,sbect.CondFreq,aa4330.O2,aa4330.AirSat,aa4330.Temp,aa4330.CalPhase,aa4330.TCPhase,wlbb2f.redCount,wlbb2f.blueCount,wlbb2f.fluorCount,wlbb2f.VFtemp,
data:
0 17348 -211 1378 -627 15 241 2014 691 2 388 -164 274 264405 162935 320554 96163 12431 31576 31576 779 255 429 568
1 10000 9 139 -44 -65 0 0 279 0 5 -3 -11 -28 4 -352 -82 11 8 8 203 1 -36 0
1 10000 7 46 47 -5 0 0 280 0 -4 23 18 84 -8 -735 -158 29 14 14 -166 4 20 0
1 9996 24 -65 -84 -24 0 0 273 0 34 -39 -57 -217 8 22825 6653 -87 -779 -779 453 90 72 0
1 10004 23 -66 -26 63 1 0 268 0 11 10 -12 128 -10 66169 20174 125 -2087 -2087 -532 -115 -78 -1
1 10001 25 -3 -26 5 -1 0 254 0 16 4 -21 -73 2 10093 3067 12 -276 -276 202 26 -55 1
1 9994 60 -56 -47 11 0 1 251 0 18 -15 -40 -78 -4 3058 955 12 -86 -86 -225 -16 38 -1
1 9985 88 161 16 -109 0 0 267 0 -10 2 19 3 -5 -10954 -3290 2 291 291 140 18 -19 0
1 10022 198 103 19 -7 1 -1 307 4 -12 27 31 1053 241 13897 4178 -1 -368 -368 -108 -50 -103 1
1 11994 446 69 3 -19 467 0 66 -5 2 14 6 631 157 -894 -709 -153 90 90 67 7 17 -1
1 8030 383 -58 156 75 1636 750 2 5 -99 8 111 97 34 -7132 -2339 -71 219 219 -75 19 35 0
1 14077 653 -29 167 177 -5 653 2 -2 -133 133 82 3220 442 -1843 -1012 -164 122 122 -105 -28 -45 0
1 9999 358 -154 101 80 0 0 0 0 -72 20 23 4876 798 -12934 -5565 -630 640 640 -198 -38 -103 0
1 8845 259 -66 50 -92 87 -1382 4 0 -27 -99 10 1046 227 -22307 -7520 -378 831 831 -76 -17 -37 0
1 11155 194 16 154 -133 152 -2 1 2 -145 -117 -7 339 46 -38607 -11879 -277 1399 1399 18 -1 -6 0
1 10001 91 -6 60 -19 0 0 0 0 -53 -18 -10 97 35 -17951 -5356 -74 689 689 108 8 -6 0
1 10000 62 -16 13 8 0 0 0 0 -12 -1 -2 172 38 -753 -396 -82 68 68 -161 -24 -4 0
1 9426 58 11 -21 -11 -51 -2 2 0 19 -4 2 48 17 -3933 -1229 -45 172 172 0 1 -12 0
1 10574 81 -5 -41 -3 0 0 0 0 40 -4 2 61 18 -928 -339 -34 53 53 29 0 -3 0
1 9999 70 -11 -11 10 0 0 0 0 10 3 1 74 17 -1767 -577 -32 83 83 14 12 16 0
1 9965 88 -9 -27 0 -77 0 -1 0 27 -2 -1 114 19 -1408 -456 -24 67 67 -18 -7 -13 0
1 10619 114 2 -44 -5 0 0 0 0 44 -1 -2 8 8 -1297 -417 -21 62 62 35 10 10 0
1 10001 116 8 1 3 0 0 0 0 -8 1 1 20 5 -1700 -518 -14 73 73 -34 -10 -7 0
1 10031 129 18 -11 -4 -35 0 0 0 7 3 1 24 4 -940 -290 -10 42 42 12 7 21 0
1 10623 154 13 -20 0 0 0 0 0 16 5 -1 20 3 -449 -146 -8 22 22 -35 -8 -20 0
1 10000 149 14 -1 -2 0 0 0 0 -3 2 1 53 5 -2516 -736 -7 103 103 4 3 3 0
1 9999 151 18 2 -3 0 0 0 0 -5 3 1 6 1 1411 388 -8 -52 -52 5 -5 -5 0
1 10001 155 2 1 -1 0 0 0 0 0 1 1 3 1 -492 -150 -5 22 22 -22 -1 0 0
1 10000 153 28 2 3 0 0 0 0 -8 11 4 32 1 -370 -114 -3 17 17 -11 3 -5 0
1 9999 155 56 2 -6 0 0 0 0 -10 15 5 89 6 -886 -264 -5 37 37 7 -4 3 0
1 10000 154 35 -4 4 0 0 0 0 -6 14 4 57 5 -2499 -745 -13 108 108 9 1 -10 0
1 10001 146 25 1 6 0 0 0 0 -3 15 4 62 13 1491 406 -11 -55 -55 -20 -3 -1 0
1 8463 143 0 -11 100 -4 1380 0 0 9 93 9 32 18 -6548 -1897 -10 271 271 46 1 -2 0
1 13737 219 -64 -7 117 0 11 0 -2 11 82 -7 119 -11 4710 1318 -16 -184 -184 -30 3 7 0
1 10001 156 -39 14 4 0 0 0 0 -3 -9 1 3 -5 -314 -109 -9 17 17 -1 -24 -37 0
1 10025 171 -44 4 1 0 0 0 0 6 -13 1 108 8 -959 -284 -4 41 41 6 25 44 0
1 8182 132 -17 -2 -107 0 -1390 0 0 10 -102 -1 108 21 -910 -278 -9 42 42 -43 -2 -10 0
1 11818 172 -11 -8 -109 0 -10 0 2 9 -104 -21 240 19 -486 -197 -29 34 34 14 -4 -11 0
1 9999 150 -22 3 2 0 0 0 0 0 -7 -2 114 -7 -1913 -596 -24 91 91 19 3 4 0
1 10001 138 -1 -3 -6 0 0 0 0 3 -5 -3 30 -18 -1905 -582 -19 88 88 -10 1 9 0
1 10000 157 -5 1 4 0 0 0 0 2 3 1 102 -18 -524 -176 -13 28 28 -3 0 -11 0
1 10000 148 1 3 -1 0 0 0 0 -2 0 1 56 -6 -2042 -615 -15 94 94 2 0 -2 0
1 10001 145 3 -1 0 0 0 0 0 -4 -2 0 -4 -23 -1657 -496 -12 75 75 56 4 4 0
1 9998 147 25 3 -7 0 0 -1 0 -5 4 1 58 -9 -1165 -342 -5 52 52 -62 -13 -4 0
1 10001 151 0 -3 4 0 0 0 0 3 4 1 -24 -7 -690 -220 -11 35 35 26 8 -1 0
1 10000 140 3 -3 3 0 0 0 0 1 2 0 111 -9 -1084 -312 -2 47 47 19 6 9 0
1 9709 163 -24 -2 4 0 0 0 0 6 -4 -1 19 -19 -628 -202 -11 33 33 -35 -7 -5 0
1 10619 170 3 -7 7 0 0 0 0 5 6 1 11 -6 -1412 -416 -7 64 64 -29 5 -3 0
1 10000 189 27 6 13 0 0 0 0 -9 22 7 2 -37 -991 -291 -4 45 45 40 13 -2 0
1 10000 182 12 20 -35 0 0 0 0 -22 -29 -5 -38 -96 -999 -284 0 43 43 95 5 0 0
1 9999 137 132 -11 -13 0 0 0 0 -11 35 10 -10 -19 -2181 -625 -1 96 96 -61 -10 -1 0
1 9999 123 46 5 10 0 0 0 0 -11 26 6 -24 -29 -829 -231 3 34 34 34 10 -3 0
1 8368 109 -55 -32 97 -1 1399 0 0 31 67 7 -57 3 -2679 -759 3 117 117 -10 -6 9 0
1 13378 191 -59 25 105 0 11 0 -2 -11 78 0 59 -22 2003 571 -1 -88 -88 23 12 4 0
1 10000 109 -63 -9 14 0 0 0 0 15 -13 -1 2 -14 -361 -103 1 16 16 32 3 -7 0
1 9036 117 -13 2 -105 1 -1248 0 0 8 -97 -4 -135 -2 225 63 -1 -10 -10 79 2 2 0
1 10964 124 23 -8 -73 -1 -159 0 2 0 -61 -11 146 -22 -1120 -320 0 50 50 -81 0 -7 0
1 10000 131 17 1 -38 0 0 0 0 -1 -27 -8 1 -19 -241 -67 1 10 10 11 1 13 0
1 10000 136 78 5 41 0 0 0 0 -22 62 17 -18 -96 -6468 -1848 -2 291 291 51 11 -8 0
1 9447 124 12 -5 -70 1 0 1 0 3 -59 -14 -5 62 4848 1387 2 -219 -219 -18 -9 -3 0
1 10619 152 1 -10 59 0 0 0 0 12 55 12 -16 -98 -572 -158 3 24 24 -41 6 3 0
1 10000 159 -1 30 26 0 0 0 0 -29 23 7 -18 -55 -836 -238 1 37 37 78 6 -4 0
1 9421 116 5 -1 -49 0 0 -1 0 4 -42 -8 -36 -87 3 6 2 -1 -1 13 9 7 0
1 10579 131 -51 -8 0 0 0 0 0 12 -19 -6 -27 -81 -983 -270 6 41 41 18 1 -7 0
1 10000 124 -31 4 6 0 0 0 0 3 -5 -1 144 -31 -466 -128 3 19 19 66 12 2 0
1 9418 127 -7 5 0 0 0 0 0 -3 -2 0 5 -6 -1949 -582 -14 96 96 -44 9 -4 0
1 10582 147 23 -8 -3 0 0 0 0 2 5 0 26 -8 -1653 -481 -5 78 78 -1 -16 3 0
1 10001 145 -4 5 1 0 0 0 0 -3 0 0 36 -6 -928 -271 -4 44 44 64 12 1 0
1 10000 155 37 6 1 0 -1 0 0 -13 13 5 21 -8 -615 -188 -6 32 32 14 3 -3 0
1 9999 154 21 -6 5 0 0 0 0 2 12 2 41 -6 -163 -51 -3 9 9 -13 0 5 0
1 10001 172 4 -2 -24 0 0 0 0 4 -20 -4 -4 3 -773 -238 -9 40 40 41 4 -5 0
1 7844 146 -21 5 7 -1 1 0 0 -1 0 0 -137 3 330 95 0 -15 -15 -49 -16 -23 0
1 12155 216 -29 -4 18 1 0 0 0 7 5 0 96 -3 -740 -206 3 33 33 101 12 22 0
1 10000 186 -4 4 2 0 0 0 0 -4 0 1 192 -10 -1390 -402 -3 66 66 41 32 7 0
1 10000 173 -9 5 -13 0 0 0 0 -3 -15 -4 81 1 605 137 -20 -18 -18 -36 -13 -2 0
1 10001 159 14 -6 4 0 0 0 0 2 8 2 -23 -2 -423 -142 -12 25 25 53 9 0 1
1 10000 163 -1 4 3 0 0 0 0 -5 2 1 -2 -2 -372 -110 -2 19 19 -81 -11 1 -1
1 9999 168 10 1 -9 0 0 0 0 0 -4 0 -17 -1 -227 -65 0 11 11 4 5 1 1
1 10000 168 -2 -1 6 0 0 0 0 3 6 1 -6 -2 -1739 -495 0 81 81 128 17 -3 -1
1 10914 187 28 48 0 163 0 0 -4 -46 11 4 -161 -4 1439 413 2 -68 -68 -50 -3 5 0
1 7997 77 34 97 -3 0 0 -33 0 -102 7 -8 31 -5 -170 -53 -3 9 9 96 13 -3 1
1 9909 62 23 34 6 0 0 -48 0 -34 15 -5 44 -1 -175 -51 0 8 8 171 9 5 0
1 9999 23 26 0 6 -1 0 -48 0 1 16 3 58 -3 118 33 -1 -5 -5 -223 -17 0 0
1 9988 28 11 -17 -6 1 0 -50 0 14 -2 4 -58 1 -66 -19 0 3 3 -68 -17 -3 0
1 10014 19 11 -8 3 -1 0 -50 0 2 6 1 20 -6 -272 -75 2 12 12 21 5 9 0
1 10002 20 -3 -8 4 0 -1 -49 0 8 3 2 -21 -2 581 166 0 -27 -27 -45 -7 -8 0
1 9985 5 12 -8 0 1 1 -48 0 8 4 2 72 -4 -57 -14 1 2 2 95 40 4 0
1 10023 13 5 -8 7 -1 0 -48 0 7 9 2 -34 -3 -634 -186 -3 31 31 -43 -19 -2 0
1 9991 4 -1 2 8 1 0 -48 0 -2 7 0 52 1 132 35 -1 -5 -5 25 -1 3 0
1 10022 5 33 -22 -17 -1 0 -48 0 23 -3 4 6 1 47 7 -4 -1 -1 -107 -19 -5 0
1 9982 0 9 -3 3 1 0 -48 0 -1 6 -1 -31 -3 -129 -34 2 6 6 167 39 3 0
1 9984 -5 15 1 4 0 0 -47 0 -4 9 1 55 -2 -436 -124 0 20 20 170 2 -4 0
1 14229 -11 43 10 1 15 0 -32 0 0 18 1 -83 0 60 13 -2 -2 -2 -82 -10 -10 0
1 7590 -49 39 423 11 385 0 -19 0 -348 24 -186 -4 -1 -277 -96 -10 18 18 -80 13 6 0
1 8212 -86 -6 53 4 1 -1 -37 0 -34 0 -42 81 2 -64 -12 3 2 2 111 12 -1 0
1 9996 -100 -17 -37 -2 -1 1 -49 0 20 -7 27 -92 -1 -34 -11 0 1 1 -34 -4 5 0
1 9994 -103 1 -10 3 1 0 -50 0 4 2 5 -27 -1 -375 -105 1 18 18 73 18 6 0
1 9988 -129 25 9 -4 -1 0 -50 0 -5 7 -6 72 5 156 42 -1 -7 -7 15 -6 -6 0
1 9996 -137 -5 -15 21 1 0 -50 0 10 11 11 103 10 -54 -22 -4 4 4 113 3 -2 0
1 10016 -153 -74 6 -39 0 0 -52 0 -3 -51 -3 -134 -3 -467 -138 -3 24 24 -394 -45 5 0
1 9998 -166 -45 -9 13 0 -1 -52 0 8 -9 5 -23 5 498 154 7 -27 -27 156 0 -9 0
1 9993 -173 -35 -10 2 0 1 -52 0 7 -12 8 -127 15 358 117 8 -21 -21 -161 -16 2 0
1 10009 -176 -36 1 -42 -1 0 -52 0 4 -38 -6 35 0 126 48 7 -10 -10 105 21 3 0
1 9997 -188 -35 -5 22 1 0 -52 0 5 -1 8 -24 5 590 173 2 -29 -29 -194 -37 -3 0
1 9997 -191 -33 -11 10 0 -1 -52 0 13 -5 9 -13 4 159 56 6 -10 -10 51 10 -2 0
1 11176 -223 -18 4 2 0 0 -16 4 1 -4 2 78 2 2584 743 4 -122 -122 -60 -13 0 0
1 10000 -202 12 -4 10 0 0 0 0 -1 9 1 -31 7 -2195 -617 5 99 99 3 1 3 0
1 10000 -195 27 -5 -15 0 0 0 0 3 2 4 -153 13 469 143 5 -24 -24 -100 -20 2 0
1 9740 -182 -14 -3 -12 -20 0 -4 0 0 -15 -5 -35 0 528 178 15 -33 -33 85 7 -3 0
1 10621 -179 -22 -8 4 0 0 0 0 11 -4 11 -60 9 110 50 11 -10 -10 -58 -12 -4 0
1 9999 -173 -37 -3 15 0 0 0 0 9 -3 4 24 32 1406 418 9 -70 -70 252 53 6 0
1 9499 -190 -58 6 -5 -14 0 -1 0 6 -23 -1 34 87 -65 -18 0 3 3 -320 -61 -4 0
1 10623 -229 -117 -1 -47 0 0 0 0 32 -62 -1 -6 189 1198 335 -3 -54 -54 -89 -20 3 0
1 10000 -206 -39 -13 39 0 0 0 0 19 13 23 6 80 2108 605 1 -97 -97 -55 -10 -1 0
1 8390 -151 -30 15 91 0 1391 0 0 -2 61 23 -82 -7 1825 521 0 -83 -83 6 1 -6 0
1 13378 -277 143 0 189 0 18 -1 -2 -43 162 -13 77 16 1630 465 0 -74 -74 57 8 7 0
1 10001 -194 20 12 -53 0 0 0 0 -14 -37 -10 4 8 616 176 0 -27 -27 -52 -9 -2 0
1 9999 -217 39 -10 38 0 0 0 0 -4 36 -4 2 3 8431 2407 1 -373 -373 29 5 2 0
1 10000 -207 3 11 -32 0 0 0 0 -7 -21 -5 -8 -4 -7817 -2233 -1 345 345 -38 -4 -4 0
1 9999 -201 50 -3 11 0 0 0 0 -7 21 -10 -24 3 254 75 1 -12 -12 -37 -7 1 0
1 8840 -184 -33 0 -86 7 -1289 0 0 9 -64 8 21 167 -525 -148 1 23 23 35 -32 -41 0
1 11161 -214 -9 -39 -118 -27 -109 0 2 31 -78 13 118 39 1050 276 -13 -40 -40 -44 16 44 0
1 10000 -177 1 -13 -7 0 0 0 0 7 -6 6 -55 34 1521 430 -2 -67 -67 -20 5 -2 0
1 10000 -145 26 -6 3 0 0 0 0 3 12 2 10 47 833 244 3 -39 -39 6 -1 7 1
1 9999 -153 -1 -7 -7 0 -3 0 0 1 -8 0 -20 32 4585 1306 0 -200 -200 14 -9 -6 0
1 10001 -142 -30 2 2 0 0 0 0 6 -7 4 -47 16 -2010 -568 2 86 86 -29 -2 2 -1
1 10000 -149 -51 1 -7 0 0 0 0 12 -21 0 -73 -1 1067 313 5 -49 -49 -10 -4 2 0
1 9998 -133 -44 6 -6 0 0 -1 0 10 -13 2 -25 -6 1177 352 8 -55 -55 54 15 1 0
1 10002 -128 -31 -7 0 0 0 0 0 12 -10 5 -77 -19 1143 337 6 -53 -53 -2 4 -4 1
1 10001 -117 -7 2 3 0 0 0 0 0 0 0 -3 18 399 131 8 -21 -21 -58 -4 2 -1
1 8830 -111 14 0 8 -1 0 -2 -4 -4 8 1 -136 38 1052 310 5 -48 -48 2 -4 4 0
1 9977 -132 -2 -1 2 0 0 -48 0 1 1 1 -73 15 850 259 9 -41 -41 -27 -8 -9 1
1 10018 -138 24 -4 3 0 0 -51 0 -2 11 1 -106 1 826 248 6 -38 -38 14 6 0 -1
1 14887 -213 92 13 207 1 1410 -21 2 -38 173 0 7 -6 1335 413 16 -65 -65 37 -3 7 1
1 10001 -150 54 -12 20 0 0 0 0 -4 29 -8 -31 -4 963 301 14 -48 -48 -14 2 -7 -1
1 8399 -113 65 2 -85 4 -1403 -1 0 -8 -37 -5 -227 -16 2792 823 12 -123 -123 8 -2 2 1
1 11599 -167 63 14 -120 0 -4 0 2 -15 -61 -13 -122 -14 -1483 -382 21 51 51 -12 0 3 0
1 10001 -143 12 -14 -24 0 0 0 0 7 -13 5 -156 -23 1185 388 25 -62 -62 1 5 1 0
1 10000 -133 -25 3 -11 0 0 0 0 5 -15 2 -15 -3 1867 576 21 -88 -88 2 -4 6 0
1 8323 -103 -52 2 -106 11 -1381 -1 0 6 -91 -24 -156 -13 1534 459 10 -69 -69 41 2 -25 0
1 13372 -206 -125 -19 -123 0 -18 0 -2 35 -123 -44 83 4 1662 523 23 -80 -80 36 10 28 0
1 8219 -101 -101 -3 93 0 1392 -2 0 27 27 45 -118 4 1019 292 0 -42 -42 -33 -3 9 0
1 11782 -167 -60 40 122 0 1 1 2 -16 68 27 7 -12 5749 1662 7 -235 -235 -9 -5 -3 0
1 10000 -159 -28 -11 15 0 0 0 0 17 3 12 -4 0 -4688 -1325 9 184 184 0 1 2 0
1 10000 -156 -26 -1 -8 0 0 0 0 11 -7 5 -11 0 316 98 4 -15 -15 6 -2 1 0
1 8622 -138 -22 4 91 0 1383 0 0 2 62 23 -82 -1 752 221 3 -32 -32 -8 -4 -9 0
1 13391 -240 80 14 138 0 18 0 -2 -39 113 -6 67 0 388 117 2 -16 -16 18 7 3 0
1 9999 -174 54 -2 7 0 0 0 0 -11 24 -7 3 1 132 43 3 -7 -7 -22 -3 5 0
1 10001 -175 63 -4 3 0 0 0 0 -15 13 -12 -9 2 446 129 1 -19 -19 9 4 5 0
1 9999 -194 61 -3 11 0 0 0 0 -15 21 -13 -130 -13 -149 -39 1 6 6 21 -2 -2 0
1 8830 -144 64 1 -55 0 -438 0 0 -9 -15 -5 -173 -5 1039 321 11 -48 -48 -16 -9 -14 0
1 11171 -214 20 1 -152 1 -958 0 2 -4 -99 -10 78 -6 -974 -258 11 34 34 -5 13 17 0
1 9999 -170 23 -9 -24 0 0 0 0 6 -7 1 -55 -11 1634 484 7 -69 -69 -7 -3 -5 0
1 10001 -173 19 -1 0 0 0 0 0 0 7 3 -82 -8 408 139 11 -22 -22 10 0 1 0
1 8592 -134 36 1 -101 3 -1378 -1 0 -4 -54 -18 -303 -27 2333 696 13 -99 -99 -13 17 40 0
1 14279 -242 -57 -28 -129 0 -18 0 -2 26 -108 -31 -1263 -215 1230 526 82 -90 -90 83 -4 5 0
1 10000 -165 -47 -4 -9 0 0 0 0 15 -21 -3 -2281 -363 6448 2111 121 -311 -311 160 30 78 0
1 10001 -153 11 5 7 0 0 0 0 -4 9 5 -2033 -354 4814 1974 271 -317 -317 27 16 54 0
1 10000 -149 -22 -14 3 0 0 0 0 11 -9 2 -928 -170 24409 7626 231 -991 -991 32 10 14 0
1 9131 -120 -124 -9 11 0 12 -1 -1 35 -34 3 -537 -10 12759 4267 224 -535 -535 64 8 17 0
1 10869 -151 -70 54 176 0 1386 0 3 -28 99 45 -304 48 2119 1014 161 -145 -145 -51 -13 -30 0
1 10000 -145 -44 -2 21 0 0 0 0 17 7 14 -245 -20 7445 2404 85 -279 -279 81 6 2 0
1 9999 -120 -46 -20 16 0 0 0 0 29 0 18 -85 -15 9483 3007 82 -332 -332 -24 -1 -11 0
1 8832 -99 -49 28 107 41 1300 0 0 -6 74 21 -294 -28 6960 2143 33 -226 -226 -28 -20 -14 0
1 14090 -245 38 45 107 1 99 0 -2 -49 76 -17 87 -13 9580 3008 65 -311 -311 -3 27 46 0
1 10001 -157 -12 -1 33 0 0 0 0 6 30 5 -16 -19 2147 702 25 -73 -73 -33 1 32 0
1 10370 -187 48 5 -30 0 0 0 0 -20 -21 -14 3 -2 3399 1036 10 -101 -101 101 -3 -2 0
1 10000 -182 44 2 16 0 0 0 0 -15 13 -13 -21 -3 505 177 10 -19 -19 -58 -3 35 0
