version: 66.11
glider: 175
mission: 11
dive: 372
start: 6 5 126 9 57 21
columns: rec,elaps_tms,depth,heading,pitch,roll,AD_pitch,AD_roll,AD_vbd,GC_phase,mag.x,mag.y,mag.z,sbect.TempFreq,sbect.CondFreq,aa4330.O2,aa4330.AirSat,aa4330.Temp,aa4330.CalPhase,aa4330.TCPhase,wlbb2f.redCount,wlbb2f.blueCount,wlbb2f.fluorCount,wlbb2f.VFtemp,
data:
0 22643 -561 322 -711 10 233 2023 643 2 532 -143 -71 254166 167703 323450 95390 11681 31827 31827 656 227 223 565
1 10006 16 34 10 -17 0 0 295 0 -1 -9 11 137 32 2135 573 -26 -67 -67 -2 17 5 0
1 9986 29 -89 -21 4 -1 0 297 0 4 25 -27 231 -9 31947 15008 2302 -2164 -2164 229 21 59 0
1 10001 15 12 18 -12 1 0 290 0 0 -3 15 306 -21 29426 9770 241 -996 -996 57 12 -32 0
1 10011 44 -26 -5 -15 0 1 283 0 1 8 -8 2058 -66 22840 7090 -13 -625 -625 -208 -60 -59 0
1 9984 24 66 13 -34 -1 -1 275 0 -2 -20 12 1351 -315 28083 8575 -62 -687 -687 402 74 106 0
1 10000 52 -65 12 156 1 1 267 0 2 23 22 85 -295 9727 2574 -149 -172 -172 -400 -47 -33 0
1 10004 105 41 14 -92 0 0 288 0 -2 -15 6 2187 -1961 4833 339 -376 41 41 12 14 27 0
1 9205 155 185 -115 -18 0 0 297 4 -11 -50 -69 5825 -1912 8960 932 -581 33 33 -195 -50 -113 0
1 10823 278 46 7 -62 310 -2 2 -5 -2 -10 -2 1964 65 -27816 -9350 -304 795 795 -127 -29 -26 0
1 10582 346 -46 297 33 1844 1 2 5 -43 0 245 485 9 -46758 -15437 -503 1495 1495 -12 0 -10 0
1 10621 266 9 154 -17 0 0 0 0 -78 -15 109 2002 360 -10781 -3855 -251 438 438 -93 -22 -23 0
1 9999 208 104 34 -19 0 0 0 0 -42 -39 24 1270 267 -21887 -7162 -278 829 829 -42 -5 -13 0
1 8860 182 56 72 76 232 692 5 0 -63 33 68 1214 233 -17029 -5652 -277 716 716 9 -16 -19 0
1 14976 145 -1 169 181 -3 703 2 -2 -137 156 89 788 105 -21382 -6811 -256 914 914 -19 8 12 0
1 10001 36 -53 39 2 0 0 0 0 -19 15 6 128 21 -6256 -1966 -69 278 278 79 6 -6 -1
1 10000 44 -40 -2 -2 0 0 0 0 11 9 -3 15 17 -9980 -3080 -88 445 445 -11 9 7 0
1 10000 34 -21 -7 0 0 0 0 0 12 2 -4 83 12 4405 1238 -20 -169 -169 -73 -20 -10 1
1 10760 46 -36 1 -3 0 0 0 0 6 8 -2 53 15 -976 -353 -34 56 56 61 17 -3 0
1 10000 45 -69 6 -4 0 0 0 0 10 13 -5 34 9 -900 -331 -35 54 54 -58 -17 -8 -1
1 8823 26 -90 -19 -165 0 -1244 2 0 28 -115 -14 -17 9 -287 -150 -32 28 28 -22 -4 3 0
1 11177 86 -18 -119 -49 -83 -186 -1 2 101 -33 -60 96 27 -1381 -452 -27 69 69 14 4 5 0
1 10000 76 -27 15 -6 0 0 0 0 -6 1 5 33 -15 -702 -211 -3 31 31 3 2 4 0
1 10000 90 27 3 1 0 0 0 0 -8 -6 3 27 2 -5867 -1721 -13 250 250 46 -2 0 0
1 8936 64 12 -27 -118 -64 -1131 -1 0 17 -84 -46 23 3 4469 1272 -10 -181 -181 -32 -11 -26 0
1 14082 167 53 -40 -95 0 -189 0 -2 24 -66 -61 21 5 -1455 -449 -14 67 67 18 19 20 0
1 10446 136 16 10 -1 0 0 0 0 -10 -7 4 12 -6 -925 -290 -11 44 44 -25 -5 -3 0
1 10001 122 44 -6 8 0 0 0 0 -2 -6 -2 -3 -2 1497 429 -2 -61 -61 -21 -5 -2 0
1 10000 132 29 6 -8 0 0 0 0 -11 -12 -2 8 -6 -2868 -841 -6 122 122 64 4 7 0
1 8804 120 56 6 104 38 1361 -1 0 -14 47 50 54 -17 -470 -138 -2 21 21 1 7 -1 0
1 11195 138 37 30 102 7 1 0 2 -32 59 51 48 -11 -986 -306 -10 46 46 -29 -8 2 0
1 10000 95 22 11 8 0 0 0 0 -13 -2 7 15 1 82 29 2 -4 -4 19 2 -4 0
1 10000 95 25 -3 -4 0 0 0 0 -6 -5 0 30 4 -2140 -629 -5 93 93 -3 13 5 0
1 8612 80 19 -11 123 -6 1392 0 0 5 88 27 -74 -3 -687 -215 -9 33 33 -20 1 1 0
1 14486 150 -74 3 110 0 13 0 -2 16 103 2 66 -29 -630 -171 6 24 24 13 -4 7 0
1 10000 104 -39 5 2 0 0 0 0 5 9 -4 10 -2 -6 -1 0 1 1 9 -5 -9 0
1 10000 98 -43 3 -5 0 0 0 0 7 7 -3 7 -4 -135 -63 -12 11 11 20 3 2 0
1 8830 90 -48 -1 -40 0 -79 1 -3 7 -16 -5 -67 -5 -707 -195 5 28 28 7 0 -5 0
1 11170 110 39 -13 -172 0 -1311 0 5 4 -143 -24 142 3 -587 -182 -7 29 29 19 -3 7 0
1 10000 100 27 8 5 0 0 0 0 -9 -6 4 46 -3 -591 -179 -4 27 27 -55 1 -13 0
1 10000 96 33 -4 -3 0 0 0 0 -5 -8 0 37 -4 -1250 -353 4 52 52 23 7 8 0
1 10000 98 8 0 -1 0 -1 0 0 -3 -2 1 7 -1 -1216 -366 -8 57 57 -26 -13 -3 0
1 10000 105 8 2 -1 0 0 0 0 -2 -5 -1 -68 -31 -722 -222 -7 35 35 -1 1 -5 0
1 10000 97 20 1 -1 0 0 0 0 -6 -5 0 -78 -40 -647 -194 -4 30 30 8 3 10 0
1 8370 89 11 -6 111 -1 1385 0 0 3 81 25 -232 -49 -440 -104 12 13 13 27 1 -13 0
1 13363 124 -70 5 109 0 13 0 -2 10 103 0 16 -50 -230 -50 9 6 6 89 13 9 0
1 10134 108 -76 17 -2 0 0 0 0 1 20 -2 273 44 -163 -30 9 3 3 -62 -2 3 0
1 8539 95 -48 -2 -121 0 -1404 0 0 8 -80 -5 29 33 -1022 -303 -4 47 47 -35 -10 -7 0
1 11461 112 -25 -11 -100 0 -11 0 2 15 -72 -22 195 19 3376 931 -23 -136 -136 -19 -4 5 0
1 9999 95 4 3 2 0 0 0 0 -3 0 1 138 22 -4711 -1390 -17 215 215 3 5 0 0
1 10001 101 3 -7 -3 0 0 0 0 4 -2 -2 48 14 -1423 -451 -21 74 74 6 2 -3 0
1 10000 91 33 9 3 0 -1 0 0 -11 -8 4 7 -11 -1236 -381 -13 62 62 7 -1 -5 0
1 10000 88 24 0 -2 0 0 0 0 -4 -8 0 1 -7 -968 -284 -3 44 44 23 -3 -3 1
1 9999 103 19 0 -4 0 0 0 0 -3 -7 2 3 -6 -995 -307 -11 51 51 -57 -9 -1 -1
1 10001 92 15 5 9 0 0 0 0 -6 1 3 6 -5 -237 -74 -3 12 12 56 14 4 0
1 10000 93 37 -5 0 0 0 0 0 -4 -9 -1 40 -3 -1303 -383 -4 61 61 -42 -5 -1 1
1 10000 107 47 2 0 0 0 0 0 -12 -11 3 122 8 -208 -77 -9 14 14 -9 -9 0 0
1 10000 101 42 3 -2 0 0 0 0 -12 -12 1 90 14 -1290 -387 -9 63 63 -4 0 -1 0
1 9999 93 11 -4 1 0 0 0 0 1 -3 0 -8 0 2099 573 -17 -87 -87 59 22 8 0
1 10000 103 15 3 -6 0 0 0 0 -7 -6 1 115 28 -4203 -1227 -10 198 198 -61 -22 -8 0
1 8729 90 -23 -4 109 1 1398 0 0 9 90 23 -130 7 -210 -80 -10 14 14 4 11 5 0
1 13369 130 -77 15 124 0 15 0 -2 7 115 3 171 -1 -802 -252 -12 44 44 14 -4 -4 0
1 10237 100 -35 -4 -13 0 0 0 0 9 -2 -6 -5 0 5083 1451 -6 -230 -230 -6 1 7 0
1 8822 80 -83 9 -58 -1 -455 0 0 7 -23 -3 -95 -3 -6417 -1851 -3 296 296 44 11 -1 0
1 11178 115 -8 -22 -156 0 -960 0 2 19 -119 -26 74 -4 -3148 -910 -3 149 149 -45 -9 2 0
1 10000 103 28 -2 -3 0 0 0 0 -5 -8 0 -18 -3 2999 881 11 -146 -146 28 4 -10 0
1 9999 108 5 12 4 0 0 0 0 -6 -2 4 -12 -8 105 23 -4 -3 -3 -9 -5 1 0
1 10000 82 9 -3 -2 0 -2 0 0 -1 -3 -1 2 -2 -215 -47 8 6 6 -20 -7 -6 0
1 10001 110 24 -3 6 0 0 0 0 -2 -1 2 11 -3 113 27 -3 -3 -3 12 3 5 0
1 10001 104 21 1 -9 0 0 0 0 -5 -12 -2 9 -5 -7281 -2098 -2 345 345 4 9 6 0
1 9567 95 36 1 4 0 0 0 0 -7 -8 2 19 -2 7095 2032 -5 -333 -333 -18 3 13 0
1 10621 107 53 1 1 0 0 0 0 -13 -11 3 167 23 963 274 -2 -44 -44 19 0 -14 0
1 10000 106 31 0 -5 0 0 0 0 -9 -8 2 283 61 -2496 -758 -22 128 128 1 -7 -14 0
1 8746 93 18 -7 117 0 1409 -1 0 2 85 24 352 104 -7702 -2273 -34 384 384 18 8 11 0
1 14985 156 -81 8 102 0 5 1 -2 13 99 0 532 114 4092 1076 -56 -167 -167 93 -3 3 0
1 10019 95 -45 1 -5 0 0 0 0 9 6 -5 138 42 -1853 -623 -53 115 115 -95 -11 -11 0
1 10001 89 -44 5 5 0 0 0 0 4 15 -3 3 11 -1996 -647 -43 119 119 6 -2 -3 0
1 9588 101 -38 -2 -115 0 -1252 0 0 6 -77 -4 -170 3 -2360 -698 -13 121 121 -3 13 13 0
1 10410 104 25 -10 -100 0 -159 0 2 7 -87 -21 140 -4 -596 -188 -10 35 35 -7 0 -1 0
1 10001 96 9 5 -5 0 0 0 0 -7 -5 3 56 14 -978 -287 -5 50 50 2 -11 -6 0
1 10000 101 28 0 5 0 0 0 0 -4 -5 0 61 17 -555 -169 -6 31 31 -17 5 7 0
1 7849 75 27 -5 3 0 0 0 0 -2 -4 0 -82 1 13 -11 -8 3 3 -14 3 11 0
1 12151 120 4 5 -2 0 0 0 0 -4 -3 3 119 6 -784 -240 -9 44 44 60 4 -12 0
1 10001 99 11 2 1 0 0 0 0 -4 -3 0 17 4 6302 1795 -4 -307 -307 -59 -16 -1 1
1 10000 100 23 0 -1 0 0 0 0 -5 -6 1 21 3 -6490 -1867 -7 322 322 3 5 -5 0
1 9999 91 3 -5 0 0 0 0 0 3 0 -1 93 26 -617 -186 -6 33 33 3 -3 4 0
1 10001 95 -5 3 -3 0 0 0 0 -3 1 1 162 36 -472 -162 -16 32 32 1 3 0 0
1 9999 79 15 5 4 0 0 0 0 -5 -3 2 43 12 -547 -182 -15 35 35 154 16 -2 0
1 10000 101 21 -5 4 0 0 0 0 -2 -1 0 -18 -5 -627 -197 -11 37 37 -157 -17 -3 0
1 10000 91 1 1 -18 0 0 0 0 0 -15 -5 49 10 -564 -166 -3 30 30 4 -8 3 0
1 10000 101 -38 -3 14 0 0 0 0 11 20 1 160 29 -99 -44 -9 10 10 -16 7 4 0
1 10001 82 9 5 -4 0 0 0 0 -6 -5 1 -1462 -478 -254 -92 -12 19 19 30 4 -5 0
1 10000 86 23 3 1 0 0 0 0 -8 -5 3 -486 -194 2665 966 121 -196 -196 -23 3 1 0
1 9999 91 21 0 3 0 0 0 0 -5 -3 1 29 -22 1227 500 88 -106 -106 93 11 -4 0
1 8825 73 -6 -6 113 0 1331 0 0 7 89 22 -266 -50 3553 1084 38 -194 -194 -53 -3 8 0
1 14547 124 -90 14 100 0 75 0 -2 8 103 1 234 -34 -194 -6 28 -5 -5 40 9 2 0
1 9718 87 -58 3 -32 0 -11 0 -1 6 -9 -4 -176 -23 891 267 7 -47 -47 -9 13 38 0
1 10282 69 -30 -17 -177 0 -1391 0 3 21 -133 -26 172 5 -403 -104 6 17 17 21 -15 -49 0
1 10000 89 -9 5 -6 0 0 0 0 -2 -2 1 335 98 -4874 -1404 -2 240 240 -14 0 15 0
1 10000 79 14 -1 -1 0 0 0 0 -4 -3 1 67 3 4454 1237 -25 -206 -206 43 18 -5 0
1 9427 76 0 -2 3 0 -1 -1 0 1 3 0 -89 -23 -1157 -356 -14 63 63 -14 -10 -1 0
1 10573 89 7 1 2 0 0 0 0 1 -3 -1 8 -1 -480 -134 3 23 23 -20 -2 3 0
1 10000 73 -7 6 -4 0 0 0 0 -3 -2 1 -6 -2 178 46 -3 -7 -7 -35 -13 -4 0
1 10050 86 16 -5 -1 0 0 1 0 -1 -3 -1 -14 -8 -3511 -1007 0 173 173 53 17 -2 0
1 10621 84 15 4 -1 0 0 0 0 -6 -5 2 0 -1 3215 924 1 -159 -159 2 -4 2 0
1 10000 91 21 -2 3 0 0 0 0 0 -5 0 -16 -6 -169 -48 0 8 8 9605 9830 9917 9433
1 10038 86 17 -19 -6 -48 0 -1 0 10 -6 -9 -3 -5 954 275 1 -48 -48 -9576 -9823 -9916 -9432
1 12254 127 11 -9 -5 72 -1 0 -4 6 -8 -5 -203 -53 -986 -281 1 48 48 22 -12 -4 -1
1 7704 74 24 42 5 0 0 -37 0 -38 -3 20 58 -14 434 141 10 -26 -26 -124 -10 5 0
1 9490 77 5 8 0 0 0 -45 0 -8 -1 5 -181 -15 151 61 10 -13 -13 280 31 2 1
1 9997 73 27 -8 2 0 1 -48 0 0 -4 -2 -20 -9 -75 -9 7 0 0 -254 -27 -1 -1
1 9983 79 11 0 1 0 -1 -49 0 -2 -4 -1 -187 -82 1294 386 9 -67 -67 28 6 -1 1
1 10003 65 15 -10 1 0 0 -49 0 5 -2 -3 -154 -64 394 152 22 -31 -31 -29 -4 -1 0
1 10003 70 7 -11 2 0 0 -49 0 6 1 -3 -191 -77 671 231 22 -44 -44 59 14 0 0
1 10005 67 10 -6 1 0 0 -47 0 3 -2 -3 -86 -7 1139 380 31 -70 -70 -76 -21 -1 0
1 10003 71 23 -5 4 0 0 -48 0 -1 -4 0 -12 -5 390 135 12 -26 -26 7 5 4 0
1 9987 56 7 -1 -7 0 0 -47 0 -3 -3 -1 33 -7 947 284 7 -49 -49 81 8 1 0
1 10029 49 17 -13 -1 0 0 -48 0 8 -6 -4 -74 -5 447 138 5 -24 -24 219 15 -8 0
1 9985 52 28 -8 5 1 0 -47 0 -3 -1 -1 33 3 7 10 4 -2 -2 -267 -14 -3 0
1 9985 28 -2 -5 1 -1 0 -47 0 6 -1 -3 11 -1 -267 -74 2 12 12 -53 -8 12 0
1 14016 34 -14 15 3 15 0 -36 0 -8 5 8 57 4 233 71 3 -13 -13 63 6 -5 0
1 7633 -28 11 342 10 299 0 -20 0 -305 -1 62 -50 -7 83 12 -7 0 0 35 -2 -2 0
1 8357 -32 4 50 -5 0 0 -38 0 -49 -3 -6 7 -5 261 83 4 -15 -15 300 25 7 0
1 10029 -47 -3 -35 1 0 0 -48 0 33 2 5 18 -2 99 35 4 -7 -7 -300 -18 -4 0
1 9973 -40 -6 -5 2 0 0 -50 0 7 2 1 -11 3 -334 -91 3 15 15 -13 0 2 0
1 10007 -53 -25 -6 2 0 0 -50 0 11 9 4 -38 1 414 122 1 -21 -21 -47 -8 -3 0
1 9999 -61 -23 -4 4 -1 0 -50 0 11 6 4 -50 9 -106 -29 1 5 5 24 -3 -3 0
1 10005 -68 -56 0 -4 1 0 -51 0 13 11 3 78 11 518 148 -1 -24 -24 61 13 -3 0
1 9996 -60 -13 -7 10 0 0 -52 0 11 10 3 -34 -2 -461 -138 -3 23 23 -91 -14 5 0
1 9995 -71 -25 -4 -11 0 0 -52 0 7 -2 0 90 -3 236 63 -2 -10 -10 -1 1 2 0
1 10015 -78 -19 -3 1 0 0 -50 0 7 6 1 -127 6 -190 -61 -3 11 11 33 4 2 0
1 9992 -81 -52 -5 -3 0 0 -52 0 14 12 3 546 141 -61 -16 0 3 3 -27 4 -2 0
1 9999 -87 -31 -4 0 0 0 -52 0 7 10 2 108 54 127 -10 -26 7 7 86 5 -1 0
1 11177 -101 -46 3 -2 0 0 -18 4 7 9 1 305 73 3085 840 -27 -133 -133 -72 -6 -2 0
1 9999 -79 -15 -10 2 0 0 0 0 7 8 2 120 52 -5360 -1593 -30 271 271 39 4 2 0
1 10000 -91 -43 2 0 0 0 0 0 4 12 1 -8 3 -1446 -472 -33 87 87 -23 -3 2 0
1 9897 -94 3 5 105 0 1202 -3 0 -4 96 8 -127 5 -972 -301 -12 54 54 20 1 -5 0
1 13372 -147 64 11 112 0 203 -1 -2 -18 84 -8 212 48 2591 731 -7 -122 -122 -32 -1 2 1
1 9999 -99 92 -8 17 0 0 0 0 -7 -11 2 -22 -9 -4394 -1276 -9 218 218 33 3 6 -1
1 9153 -108 53 2 -59 3 -494 0 0 -14 -66 7 -106 8 -295 -98 -8 18 18 50 -3 -4 0
1 11176 -129 12 10 -150 7 -890 0 2 -10 -142 -14 -291 -119 -163 -39 4 6 6 -17 6 -1 1
1 10000 -109 0 -12 -13 0 0 0 0 11 -12 -3 -70 -15 -250 -28 26 0 0 -69 2 4 -1
1 10000 -102 -15 -7 -2 0 0 0 0 9 3 0 45 19 1203 386 24 -72 -72 66 -10 -5 1
1 9424 -102 -13 6 4 -1 -4 -1 0 0 4 1 94 68 442 135 5 -24 -24 -107 -11 1 0
1 10576 -105 25 4 -2 0 0 0 0 -10 -7 -1 1325 528 -2587 -756 -8 131 131 22 -2 -1 0
1 10001 -97 -18 -4 -1 0 0 0 0 7 4 0 544 123 3378 855 -67 -131 -131 -76 -10 1 -1
1 10000 -106 2 8 3 1 0 0 0 -7 0 1 -3 39 -1676 -704 -130 148 148 32 4 -1 1
1 10000 -115 22 -4 -3 0 0 0 0 -3 -5 -2 -27 0 -2845 -908 -56 170 170 54 9 -1 0
1 9999 -104 0 -5 -1 0 0 0 0 4 0 0 -86 8 -2518 -748 -17 135 135 -52 -7 0 -1
1 10004 -110 -7 3 -8 0 0 0 0 0 -8 -2 -27 -10 -934 -283 -10 52 52 7 0 -2 1
1 9998 -97 -18 -3 1 0 0 0 0 8 5 2 11 2 -497 -146 -3 27 27 16 2 2 -1
1 9999 -105 -17 -1 9 0 0 0 0 2 15 3 -96 -10 -239 -64 4 10 10 -43 -2 -3 1
1 10004 -106 -26 1 -6 0 0 -1 0 5 1 0 50 11 319 99 4 -18 -18 27 -1 2 0
1 9996 -104 -37 5 3 0 0 0 0 4 10 3 -17 0 311 78 -7 -13 -13 -35 1 -3 0
1 10000 -99 -3 -7 2 0 0 0 0 2 7 1 -167 -27 151 39 -2 -6 -6 25 -8 -10 0
1 9422 -96 -39 3 2 0 0 0 0 7 9 1 -200 -55 -121 -7 16 -2 -2 -4 7 18 0
1 10578 -108 -55 -5 -6 0 0 0 0 9 13 2 -485 -99 537 180 17 -36 -36 40 1 -2 0
1 10000 -94 -61 3 -1 0 0 0 0 4 16 2 -143 -45 1681 583 61 -116 -116 -44 1 -3 0
1 8370 -91 -8 5 105 0 1375 0 0 -4 100 5 -166 -22 3186 955 25 -171 -171 42 -8 -27 0
1 14003 -165 92 6 117 -1 17 0 -2 -16 80 -12 -249 -98 1133 393 40 -77 -77 -16 6 31 0
1 10000 -112 78 -2 6 0 0 0 0 -9 -16 5 -292 -68 1958 631 41 -116 -116 -8 2 -1 0
1 10000 -130 63 -4 0 0 0 0 0 -9 -17 2 -171 -50 1020 369 44 -72 -72 24 2 -2 0
1 8614 -97 -2 12 -118 2 -1410 0 0 -8 -110 5 -183 -2 2969 904 30 -159 -159 -30 12 43 0
1 11386 -125 -15 -4 -92 0 -5 0 2 6 -80 -11 83 10 4466 1333 28 -226 -226 -10 -17 -42 0
1 10000 -98 -27 -5 -23 0 0 0 0 10 -14 -3 0 3 -2712 -765 8 124 124 -8 2 2 0
1 10000 -115 -34 0 0 0 0 0 0 6 9 2 0 7 1062 318 7 -54 -54 6 2 -3 0
1 10000 -116 -30 -9 11 1 -3 -1 0 14 18 4 2 -2 814 242 5 -41 -41 1 -6 4 0
1 10000 -112 -44 5 -2 0 0 0 0 0 12 1 3 4 633 186 2 -31 -31 9 1 -1 0
1 10000 -123 -36 -8 -18 0 0 0 0 12 -6 -2 11 7 378 111 2 -18 -18 41 7 -5 0
1 8403 -82 16 17 140 -1 1411 0 0 -18 124 9 -95 1 -18 -2 1 0 0 -52 8 38 0
1 13378 -160 101 6 98 1 17 0 -2 -21 61 -7 88 -1 -231 -67 0 11 11 32 -10 -35 0
1 10232 -126 105 -3 4 0 0 0 0 -15 -25 4 -26 -5 903 261 1 -43 -43 -33 0 2 0
1 8327 -109 24 10 -112 -1 -1420 0 0 -16 -108 2 -73 5 -425 -116 3 18 18 -1 -11 -2 0
1 11672 -136 45 -19 -89 0 -1 0 2 6 -90 -15 67 -4 454 132 1 -22 -22 17 4 3 0
1 10000 -124 -20 -1 -20 0 0 0 0 8 -17 -4 22 9 175 52 1 -8 -8 -26 7 -3 0
1 10000 -114 7 -8 -1 0 0 0 0 6 -3 -1 16 7 -185 -54 0 9 9 50 -6 0 0
1 8423 -102 -77 4 -124 1 -1376 0 0 11 -84 -35 -101 -3 480 137 -1 -22 -22 -23 4 0 0
1 12202 -127 -90 -18 -38 -1 315 -1 -2 34 -11 -5 8 5 -103 -28 1 4 4 -32 -19 -20 0
1 11173 -132 -41 24 149 1 1073 0 2 -15 139 51 19 -15 -4 1 1 -1 -1 31 17 19 0
1 10001 -109 -41 5 8 0 0 0 0 0 19 3 -249 -38 -396 -108 3 17 17 -51 -2 1 0
1 10000 -107 -12 -7 -11 0 0 0 0 7 -6 -1 7 10 1506 466 18 -79 -79 9 3 -2 0
1 8392 -102 6 16 125 0 1387 0 0 -15 114 9 7 12 -2768 -774 13 123 123 52 2 -2 0
1 13681 -160 101 3 102 -1 18 0 -2 -15 62 -6 37 37 5101 1482 8 -242 -242 -47 -9 3 0
1 9277 -131 77 -9 -51 0 -520 0 0 -7 -66 6 -178 3 1009 287 -2 -45 -45 -15 4 2 0
1 11156 -113 14 -4 -148 1 -891 0 2 1 -140 -15 116 -1 243 79 5 -14 -14 55 2 0 0
1 10000 -106 17 -10 -9 0 0 0 0 6 -13 -3 -36 -5 573 171 3 -28 -28 -35 -2 -4 0
1 9999 -110 -30 -5 -8 0 0 0 0 11 2 0 -143 -16 644 195 5 -32 -32 3 0 3 0
1 9424 -103 -15 0 0 0 -5 0 0 2 4 1 -225 -32 634 203 11 -34 -34 -3 -2 1 0
1 10577 -107 -22 4 1 0 0 0 0 2 5 2 -62 -20 302 139 29 -28 -28 46 8 -3 0
1 9999 -103 -2 -5 6 0 0 0 0 3 8 1 -33 -11 2289 689 15 -112 -112 -50 -8 2 0
1 10001 -110 -30 2 -1 0 0 0 0 2 8 2 125 66 1092 330 9 -53 -53 34 6 -1 0
1 10000 -98 -59 -3 -7 0 0 0 0 13 9 1 11 22 713 212 3 -34 -34 -8 -6 4 0
1 9999 -99 -22 7 4 0 0 0 0 -2 9 2 -41 2 1312 370 -4 -56 -56 5 5 -1 0
1 8412 -90 10 5 115 0 1395 0 0 -6 103 10 -134 -2 5830 1684 1 -256 -256 -10 6 -1 0
1 13400 -150 77 13 97 0 18 0 -2 -25 68 -7 93 0 -4561 -1308 4 197 197 -30 -14 1 0
1 10335 -130 67 -8 12 0 0 0 0 -5 -7 1 -62 -2 911 269 3 -41 -41 15 0 -2 0
1 8320 -94 13 1 -120 -1 -1410 0 0 -5 -111 3 -168 4 1502 446 7 -70 -70 10 10 -2 0
1 11681 -128 -21 -10 -94 0 -4 0 2 16 -84 -13 82 9 4210 1225 6 -185 -185 5 -4 2 0
1 9998 -101 4 -8 -8 0 0 0 0 7 -8 -2 -23 -1 -4450 -1271 6 190 190 -16 -10 7 0
1 9999 -110 -12 4 1 0 0 0 0 -1 3 1 50 20 896 270 7 -43 -43 -10 2 -6 0
1 9999 -100 -44 -6 -6 1 -2 0 0 11 9 2 -32 15 725 210 0 -32 -32 -41 -9 3 0
1 10002 -96 -62 3 1 0 0 0 0 8 17 3 -71 9 1040 303 1 -45 -45 30 8 -8 0
1 10000 -109 -40 3 -2 0 0 0 0 5 8 1 -136 7 380 120 6 -20 -20 -45 -3 6 0
1 8856 -92 15 11 105 -1 1228 0 0 -13 93 10 -155 -3 1593 479 10 -73 -73 51 -2 -4 0
1 13376 -146 98 6 121 1 177 0 -2 -21 83 -6 51 -4 2678 818 23 -127 -127 -22 0 -1 0
1 8828 -110 55 -6 -67 -1 -471 0 0 -7 -74 6 -154 3 528 165 6 -25 -25 18 -20 -38 0
1 11172 -108 3 -1 -161 1 -928 0 2 0 -148 -19 97 -8 -5247 -1508 4 223 223 2 27 44 0
1 10001 -102 10 -6 -10 0 0 0 0 6 -13 -4 -22 -1 6489 1888 7 -281 -281 -22 -3 -3 0
1 10000 -94 -3 -3 5 0 0 0 0 3 5 1 -131 -20 650 201 6 -31 -31 -1 -4 -3 0
1 9997 -101 -22 0 11 0 -4 0 0 4 15 5 -56 -4 311 111 11 -18 -18 3 1 -2 0
1 10003 -86 -30 -6 7 0 0 0 0 10 16 4 -178 -19 817 257 11 -40 -40 -10 4 1 0
1 10000 -112 -136 9 -29 0 0 0 0 16 9 1 -1057 -138 4568 1367 23 -201 -201 33 6 9 1
1 8691 -97 -44 6 126 0 1394 0 0 -4 131 12 -306 -40 -297 52 69 -22 -22 -45 -13 1 -1
1 13412 -164 75 3 112 0 18 0 -2 -11 80 -11 -399 -77 7625 2420 102 -361 -361 43 8 4 0
1 10002 -117 85 -7 17 0 0 0 0 -8 -7 2 -374 -73 3999 1305 69 -193 -193 8 -1 6 0
1 9063 -109 50 8 -84 -1 -505 0 0 -16 -91 9 -168 -31 4584 1457 58 -207 -207 -29 0 0 0
1 11179 -123 32 -18 -145 1 -901 0 2 10 -141 -17 -63 -39 3533 1129 47 -159 -159 32 5 3 1
1 10001 -89 0 -2 -6 0 0 0 0 3 -7 -2 -658 -96 1534 495 22 -68 -68 69 40 17 -1
1 10000 -107 29 -3 9 0 0 0 0 -5 3 0 -33 -18 2743 914 52 -130 -130 -56 -36 -12 0
1 9999 -86 -49 1 -10 0 -3 0 0 12 1 0 -82 -19 4517 1447 58 -195 -195 12 2 -8 0
1 10000 -87 -33 -2 3 0 0 0 0 8 12 3 -149 -23 -6589 -1863 30 231 231 -22 4 9 0
1 10001 -77 -13 2 -5 0 0 0 0 -2 1 0 -159 -21 13177 3910 24 -496 -496 15 1 7 0
1 10000 -77 -56 -1 0 0 0 0 0 12 14 3 -56 -7 2363 743 22 -96 -96 24 -11 1 0
1 9999 -73 -18 2 4 0 0 0 0 2 8 2 -4 -8 2311 730 23 -93 -93 -51 -5 -3 0
1 10000 -77 10 -5 -4 0 0 0 0 1 -5 -1 -819 -116 1670 529 17 -67 -67 65 16 14 0
1 10000 -73 -69 -3 0 0 0 0 0 14 18 2 -2185 -299 1657 608 53 -83 -83 167 32 35 0
1 10000 -83 -158 -1 3 0 0 0 0 11 50 4 -1670 -156 3059 1090 83 -145 -145 65 20 28 0
1 10001 -77 -132 -18 6 0 0 0 0 19 43 0 -774 -12 5699 2506 350 -360 -360 2 14 25 0
