version: 66.11
glider: 175
mission: 11
dive: 266
start: 6 1 126 9 22 13
columns: rec,elaps_tms,depth,heading,pitch,roll,AD_pitch,AD_roll,AD_vbd,GC_phase,mag.x,mag.y,mag.z,sbect.TempFreq,sbect.CondFreq,aa4330.O2,aa4330.AirSat,aa4330.Temp,aa4330.CalPhase,aa4330.TCPhase,wlbb2f.redCount,wlbb2f.blueCount,wlbb2f.fluorCount,wlbb2f.VFtemp,
data:
0 22326 -434 1034 -716 -20 231 2018 630 2 465 -247 107 266499 163173 342648 96460 9685 32107 32107 667 208 234 568
1 10026 5 -19 -8 8 1 0 292 0 4 1 -10 -91 -1 678 199 4 -25 -25 54 39 86 0
1 9995 14 18 -12 -6 -1 0 286 0 2 -1 -5 124 -1 -875 -262 -7 34 34 -38 -11 -1 0
1 9989 14 64 -10 -36 1 0 278 0 -3 -3 1 -130 -2 -135 -55 -8 9 9 -6 2 4 0
1 10012 29 59 -5 15 0 0 274 0 -2 10 22 48 1 41440 16857 2016 -2317 -2317 -6 -3 32 0
1 9979 36 87 -15 -2 0 0 259 0 -4 13 15 -70 -1 20134 6197 94 -626 -626 32 -19 -74 0
1 10011 36 75 -17 -11 0 0 255 0 2 11 8 263 -6 11205 3509 70 -340 -340 -43 0 14 0
1 10022 61 94 -3 -36 0 0 266 0 -2 10 11 58 -33 10463 3006 -31 -263 -263 -4 38 57 0
1 9990 159 84 -5 -36 0 0 296 0 -2 6 10 408 35 -19 114 41 -18 -18 45 -39 -96 0
1 12295 424 51 24 -18 514 -1 102 -1 -13 3 23 793 136 74 145 43 -21 -21 -95 -7 -2 0
1 8025 364 3 153 -9 1645 -627 1 5 -90 -29 97 1236 249 -9539 -2967 -50 275 275 -74 -15 -49 0
1 15122 655 -30 205 -117 2 -756 2 -2 -161 -122 32 1993 271 -44224 -13909 -323 1430 1430 -82 -11 -37 0
1 10000 389 -37 74 -15 0 0 0 0 -57 -28 1 1619 201 -24092 -7610 -226 894 894 -17 -6 -41 -1
1 9999 290 35 64 -22 0 0 0 0 -64 -12 5 1390 235 -12878 -4254 -217 555 555 -53 -20 -6 1
1 10000 225 39 32 6 0 0 0 0 -34 13 16 856 146 -20864 -6460 -184 869 869 -13 -4 -9 0
1 10285 181 77 0 -1 0 0 0 0 -14 21 16 637 122 -8821 -2808 -123 409 409 -53 -9 -12 -1
1 10001 179 27 3 42 0 0 0 0 -2 42 28 60 13 -5458 -1749 -86 265 265 3 4 -3 1
1 9999 168 62 -23 -15 0 0 0 0 15 9 3 163 23 -2854 -940 -59 147 147 -25 -3 -5 0
1 9866 169 30 10 84 -8 1229 3 0 -9 81 37 31 12 -3356 -1058 -46 164 164 51 7 4 -1
1 9584 163 14 30 110 60 152 0 2 -29 105 25 140 9 -1703 -549 -31 87 87 41 2 11 0
1 10551 160 26 15 16 0 0 0 0 -10 25 2 72 -8 -1435 -455 -21 72 72 -76 -11 -17 0
1 10000 145 13 -1 3 0 0 0 0 -3 7 1 20 3 -1968 -591 -14 91 91 -4 7 1 0
1 9507 141 1 14 2 49 0 1 0 -14 2 -1 23 -9 -763 -242 -12 39 39 -11 -8 -6 0
1 10622 121 8 33 0 0 0 0 0 -27 4 -1 9 -5 -995 -303 -9 47 47 82 12 9 0
1 9999 120 5 5 4 0 0 0 0 -3 5 0 -15 -6 -593 -180 -5 29 29 -49 -4 -2 0
1 8659 98 -40 -8 107 -4 1404 1 0 2 84 -2 76 20 -681 -199 -1 30 30 28 0 2 0
1 13360 158 -77 1 122 0 13 0 -2 -6 81 -17 118 16 -529 -187 -19 33 33 6 17 28 0
1 8837 98 -14 6 -115 0 -1354 1 0 -1 -109 18 -89 -2 33 -11 -11 4 4 -51 -36 -67 1
1 11163 135 4 -11 -106 0 -76 -1 2 12 -97 -1 88 5 -4845 -1393 -2 214 214 -10 17 37 -1
1 10000 114 -17 4 4 0 0 0 0 -5 -3 -1 29 -5 3143 893 -4 -137 -137 -5 1 -1 0
1 10001 115 0 0 -3 0 0 0 0 3 -2 0 -3 -2 -343 -106 -4 17 17 63 18 5 1
1 9416 109 -3 -3 -2 0 0 0 0 1 -4 0 81 5 -98 -32 -2 6 6 -85 -22 -8 -1
1 10583 125 8 1 -3 0 0 0 0 -4 0 0 14 0 -744 -230 -9 37 37 22 -1 10 0
1 10001 104 -6 0 5 0 0 0 0 2 3 0 6 -6 -124 -43 -4 8 8 -39 19 40 0
1 9999 111 -15 1 1 0 0 0 0 2 -5 -1 30 -11 -623 -184 -3 28 28 35 -19 -50 0
1 10000 117 -13 3 -2 0 0 0 0 1 -6 -1 59 5 -718 -215 -5 35 35 25 5 -2 1
1 10000 110 -23 -3 -5 0 0 0 0 2 -14 -2 -65 -34 -525 -163 -6 27 27 -27 -6 -5 -1
1 10000 106 -5 2 -4 0 0 0 0 1 -5 0 4 -1 -697 -198 1 30 30 12 5 8 0
1 10001 108 9 4 4 0 0 0 0 -4 7 1 -17 -8 3891 1117 1 -173 -173 22 -3 4 0
1 9998 119 10 -5 4 0 0 0 0 0 7 1 -2 -6 -4790 -1370 1 212 212 -6 1 -4 1
1 10001 101 11 5 3 0 0 0 0 -4 7 1 -176 -94 -347 -94 3 14 14 40 12 -5 0
1 10000 113 22 0 -3 0 0 0 0 -4 5 0 -27 -15 -292 -59 13 7 7 -29 -6 4 -1
1 10001 107 7 -3 4 0 0 0 0 1 6 1 -37 -18 -303 -68 10 8 8 56 13 3 0
1 9419 78 6 0 -1 0 0 0 0 3 2 0 6 -6 4223 1224 7 -192 -192 -25 -5 1 0
1 10580 120 4 -2 -1 0 0 0 0 -1 1 0 -18 -8 -4290 -1227 2 190 190 -60 -11 -14 0
1 9999 101 -6 -4 4 0 0 0 0 4 1 0 4 -5 -376 -101 3 16 16 4 3 12 0
1 9417 90 5 4 -7 0 0 0 0 -2 -4 0 -27 -13 -228 -64 1 9 9 45 4 -1 1
1 10584 106 12 4 -2 0 0 0 0 -5 2 0 8 -2 -53 -12 2 2 2 3 -5 1 -1
1 10000 105 16 -2 -1 0 0 0 0 4 6 1 -17 -9 -2440 -698 1 110 110 5 9 -1 1
1 10000 96 -14 -2 5 0 0 -1 0 -2 -1 -1 -4 -10 2434 702 2 -111 -111 -33 -8 -2 0
1 10000 89 -14 -4 5 0 0 0 0 7 -1 1 20 -21 38 14 2 -3 -3 48 2 -1 -1
1 10000 94 -18 2 -9 0 0 0 0 -4 -15 -2 26 -17 -631 -184 -2 29 29 -33 3 0 0
1 10000 99 -10 3 5 0 0 0 0 0 1 0 26 -6 -910 -266 -2 43 43 -15 -2 0 0
1 10000 94 9 3 2 0 0 0 0 -2 5 0 -3 -2 -334 -102 -4 17 17 2 -3 3 0
1 10000 80 27 3 5 0 0 0 0 -4 15 2 -1 -1 -479 -139 -1 22 22 -13 1 -1 1
1 8850 96 15 -8 -27 0 0 1 0 6 -19 -2 -86 -5 -442 -127 0 20 20 22 0 -2 -1
1 11150 101 16 9 17 0 0 0 0 -9 22 2 90 -2 -156 -48 -2 8 8 54 10 -5 0
1 10000 101 11 -2 -12 0 0 0 0 -1 -7 -1 1 -5 -2097 -601 1 96 96 -38 -8 5 1
1 10000 88 10 -7 11 0 0 0 0 10 14 3 -13 -2 1783 511 -1 -82 -82 -22 -1 1 -1
1 9419 85 37 4 6 0 0 -1 0 -6 19 0 3 1 47 13 0 -2 -2 63 30 33 0
1 10582 96 -18 9 -17 0 0 0 0 -5 -22 -2 14 -1 94 29 1 -4 -4 -42 -29 -30 1
1 9999 82 -36 -23 -19 0 0 0 0 17 -32 -2 -3 -2 -559 -161 0 25 25 -29 2 -3 -1
1 7931 84 18 15 25 0 -1 0 0 -10 31 2 -64 0 -676 -195 -1 32 32 -10 -6 1 1
1 12070 106 6 0 -1 -1 0 0 0 -4 1 1 82 -3 331 95 0 -15 -15 77 11 16 0
1 9999 83 -31 0 9 0 0 0 0 5 -3 -1 3 1 -1251 -363 -2 58 58 -63 -13 -14 -1
1 10001 85 4 -4 -3 0 0 0 0 1 -2 0 1 -8 1733 495 -1 -79 -79 -23 3 -4 1
1 9416 83 -6 2 -2 1 1 0 0 0 -4 0 5 -6 -647 -186 0 30 30 17 1 -5 0
1 10584 104 -5 -1 -1 0 0 0 0 0 -3 0 2 -9 -149 -44 -1 7 7 25 7 4 -1
1 10000 107 -3 3 9 0 0 0 0 -5 7 -1 0 -3 30 8 0 -1 -1 10 0 2 0
1 9998 91 4 -5 0 0 0 0 0 4 2 2 7 -18 -445 -128 -1 21 21 26 -3 -7 0
1 10001 92 14 0 -14 0 0 0 0 1 -8 -1 5 -16 -279 -84 -2 13 13 -26 4 0 1
1 10000 87 0 0 9 0 0 0 0 -1 8 0 2 -13 -62 -19 0 4 4 -201 408 9919 9431
1 9420 104 22 2 -8 0 0 0 0 0 2 0 -1 -1 -482 -139 -1 22 22 182 -414 -9910 -9431
1 10581 81 31 -6 16 0 0 0 0 7 26 3 -6 -10 13 5 1 -1 -1 71 5 -3 0
1 9999 103 -7 -8 5 0 0 0 0 5 2 1 -1 -4 -159 -45 0 7 7 -16 0 -1 0
1 9420 84 41 9 -15 0 0 0 0 -4 2 -1 -1 -4 -378 -107 1 17 17 -16 21 45 0
1 10580 96 21 8 2 0 0 0 0 -7 10 0 -1 -6 47 13 -1 -2 -2 16 -23 -46 0
1 10000 100 22 5 -6 0 0 0 0 -2 2 0 2 -3 -68 -20 0 4 4 -51 -1 -1 0
1 9633 89 -11 -12 110 0 1221 0 0 9 98 -8 -127 -4 123 37 1 -7 -7 44 -2 -16 -1
1 14247 132 -57 7 119 0 205 0 -2 -12 85 -23 130 -5 -400 -114 0 19 19 -3 6 17 1
1 9998 105 -38 12 -3 0 0 0 0 -11 -17 4 -1 0 -568 -165 0 26 26 10 4 -2 0
1 10000 82 -31 -1 4 0 0 0 0 -1 -8 3 1 -3 330 96 0 -15 -15 -18 -6 5 0
1 9601 86 -30 -2 -61 0 -504 1 0 0 -66 15 -118 -6 182 51 -1 -8 -8 42 10 -3 0
1 11162 100 5 -11 -140 0 -898 0 2 14 -127 7 117 -3 509 148 2 -24 -24 14 6 0 0
1 9999 94 41 5 -18 0 0 0 0 -4 0 -1 6 -7 -936 -271 -2 44 44 -33 -15 -2 0
1 10001 102 31 2 0 0 0 0 0 1 12 2 4 -33 3 -1 -1 0 0 1 15 7 0
1 10000 89 29 1 -1 0 0 -1 0 -1 10 0 8 -44 -597 -174 -2 29 29 -13 -10 -6 0
1 10000 88 41 -2 2 0 0 0 0 -1 17 0 -3 -49 -415 -120 0 19 19 15 7 -2 0
1 10000 91 26 0 -12 0 0 0 0 6 -2 1 -11 -44 -675 -194 0 32 32 0 12 5 0
1 8626 79 -42 -8 120 1 1396 0 0 8 96 -8 -105 -26 -908 -259 1 42 42 53 -4 0 0
1 13930 140 -78 8 107 -1 12 0 -2 -17 66 -17 91 -16 -231 -61 2 9 9 18 4 -5 0
1 10262 91 -38 6 -7 0 0 0 0 -5 -20 5 -8 -15 -586 -167 1 27 27 -23 -2 -2 0
1 10818 98 -32 -25 -52 0 -486 0 0 23 -59 14 -134 -15 -644 -182 2 30 30 -17 -5 3 0
1 11176 129 113 28 -164 0 -920 -1 2 -24 -108 3 16 -118 352 105 2 -18 -18 41 10 0 0
1 10000 104 51 -7 5 0 0 0 0 11 24 2 5 -1 -1136 -310 8 49 49 14 5 -5 0
1 9999 93 19 -8 7 0 0 0 0 11 14 1 -8 -8 -133 -32 4 5 5 58 7 4 0
1 8462 93 -52 -2 125 0 1399 1 0 -6 96 -10 -137 -21 3385 975 2 -160 -160 -53 -6 0 0
1 14258 173 -47 17 98 0 14 0 -2 -15 68 -22 127 4 -3362 -958 4 156 156 100 9 0 0
1 10013 115 -43 -1 14 0 0 0 0 0 -3 2 -19 -21 -212 -59 1 9 9 -97 -5 -1 0
1 9081 105 -26 4 -91 0 -473 0 0 -4 -91 21 -107 -10 620 182 2 -30 -30 -20 -6 -19 0
1 11180 136 21 -15 -142 0 -937 0 2 16 -122 7 94 -3 -1285 -366 2 60 60 83 12 24 0
1 10000 130 -16 -10 -3 0 0 0 0 8 -10 0 5 1 263 78 1 -13 -13 -55 -3 -3 0
1 10000 132 2 18 -8 0 0 0 0 -12 -5 -2 -4 -5 -69 -21 0 3 3 14 -4 3 0
1 10021 130 7 -18 6 0 -1 0 0 12 7 2 9 12 -9 -1 0 0 0 16 -1 1 0
1 9979 120 8 20 -2 0 0 0 0 -15 2 -2 -11 -13 -2656 -764 -1 127 127 -3 0 -3 0
1 10000 123 -9 -2 -35 0 0 0 0 -2 -36 -4 6 3 2150 618 1 -103 -103 -18 -10 0 0
1 10001 132 46 -4 8 0 -1 0 0 7 25 4 -48 -40 -4167 -1195 0 200 200 29 23 3 0
1 10000 124 30 0 13 0 0 0 0 -1 23 2 14 7 4219 1215 3 -204 -204 84 7 -1 0
1 10000 111 -23 -5 12 0 0 0 0 3 3 0 -1 1 -77 -18 2 3 3 16 -11 -2 0
1 9421 110 19 -4 -10 0 1 0 0 5 -2 1 -9 -12 -96 -27 1 4 4 -141 -9 -4 0
1 10578 133 28 9 24 0 0 0 0 -8 32 1 -23 -14 231 68 0 -11 -11 28 0 3 0
1 10001 114 19 2 -27 0 0 0 0 -3 -17 -1 3 0 -20 -1 3 0 0 44 15 3 0
1 8391 88 -16 -4 143 0 1399 -1 0 7 125 -10 -85 -5 732 210 0 -35 -35 -76 -25 0 0
1 16523 157 -75 8 88 0 14 1 -2 -12 51 -14 44 -33 -842 -235 4 38 38 -2 9 -4 0
1 9038 77 -61 -2 -15 0 -8 0 0 -1 -37 9 -82 -4 659 193 2 -32 -32 347 32 -26 0
1 10962 105 26 -8 -200 0 -1410 0 2 16 -172 13 108 20 -624 -177 1 29 29 -361 -25 27 0
1 10000 83 2 -10 -18 0 0 0 0 4 -17 -1 -10 -5 -369 -110 -2 18 18 84 -7 5 0
1 10000 103 26 13 -18 0 0 0 0 -9 -6 -2 -46 -35 1933 558 2 -92 -92 255 30 -7 0
1 9999 84 -11 -30 11 0 -1 0 0 27 6 2 -1 1 -1536 -436 2 71 71 -256 3 7 0
1 10001 117 -157 -3 -3 0 0 0 0 17 -61 -11 -50 -79 2815 816 5 -135 -135 117 -5 -2 0
1 10000 128 37 41 7 0 0 0 0 -43 20 3 -25 -32 -3544 -1012 3 166 166 180 17 2 0
1 8348 101 70 -20 -98 0 -1371 -1 0 12 -63 -17 -25 51 441 134 4 -23 -23 -239 0 39 0
1 13750 216 -4 0 -105 0 -18 0 -2 2 -89 -42 21 -62 -360 -105 -1 17 17 89 -13 -42 0
1 10907 175 56 29 -15 0 0 0 0 -29 8 0 -12 -7 -156 -38 4 6 6 -111 -13 -2 0
1 8587 138 1 -41 98 -1 1396 -1 0 39 82 42 -92 4 540 160 3 -27 -27 68 12 2 0
1 11413 159 4 40 113 1 1 0 2 -43 103 22 98 -2 -4464 -1283 -1 214 214 49 18 1 0
1 10001 103 -88 -54 25 0 0 0 0 60 -10 2 3 1 3808 1096 1 -183 -183 -68 -14 -1 0
1 10000 105 27 52 -31 0 0 0 0 -52 -18 -6 -1 1 130 38 1 -7 -7 -30 -2 -5 0
1 10000 59 18 -2 7 0 0 0 0 0 13 3 -7 -14 -161 -47 0 8 8 102 -2 8 0
1 10002 37 19 -45 28 0 0 0 0 41 33 6 4 -1 213 63 1 -11 -11 -88 4 -5 0
1 9999 71 20 36 -10 0 0 0 0 -34 -2 -1 -3 -2 -617 -178 -1 30 30 194 56 3 0
1 8005 46 37 10 -35 0 0 0 0 -10 -18 -5 -139 -8 361 104 0 -17 -17 -89 -59 -1 0
1 11994 105 58 -18 30 0 0 0 0 16 49 7 148 21 -5179 -1486 1 249 249 479 47 0 1
1 9999 96 37 2 -47 0 0 0 0 0 -29 -2 5 7 4906 1408 0 -237 -237 -594 -58 2 -1
1 10001 114 17 -17 10 0 0 0 0 21 15 2 7 10 83 25 0 -4 -4 16 16 2 0
1 9097 115 32 13 143 0 1250 0 0 -7 143 -9 -168 -11 1023 290 -2 -47 -47 -77 -41 -44 0
1 14240 159 -105 -3 127 0 155 1 -2 -12 75 -23 139 -17 -415 -118 1 19 19 106 44 40 0
1 10000 120 -19 4 10 0 0 0 0 -3 2 0 2 -2 -240 -68 0 11 11 -77 -21 -1 0
1 10000 122 -101 19 -37 0 0 0 0 -20 -70 19 -5 -1 1010 294 3 -49 -49 67 16 2 0
1 8818 61 -35 -13 -131 0 -1263 0 0 18 -132 13 -88 -11 -1334 -383 -1 64 64 69 7 -8 0
1 11182 93 -82 -20 -89 0 -178 0 2 30 -113 -15 54 -3 -239 -65 2 10 10 -233 -32 3 1
1 10000 108 14 21 57 0 0 0 0 -22 57 10 42 14 398 118 3 -20 -20 168 25 0 0
1 10000 131 50 -33 -21 0 0 0 0 23 -1 2 -23 -3 21 3 -2 0 0 324 48 7 0
1 9416 124 33 57 -40 0 0 0 0 -56 -24 -9 48 29 -210 -62 -1 10 10 -374 -63 -3 0
1 10584 121 -121 -40 31 0 0 0 0 55 -16 2 -49 -34 284 75 -4 -12 -12 113 16 -5 -1
1 9999 126 -12 2 -5 0 0 0 0 0 -8 -3 4 0 -339 -94 2 16 16 -26 -15 6 0
1 8207 119 31 13 -121 0 -1299 0 0 -17 -96 -35 -61 -3 -58 -13 2 1 1 -132 5 -2 0
1 14396 200 53 28 -83 0 -24 0 -2 -30 -49 -29 56 -2 202 56 -1 -9 -9 126 7 -6 1
1 9999 113 71 -23 17 0 0 0 0 11 36 22 -13 -8 -162 -44 2 7 7 -28 -4 12 0
1 10811 110 71 -3 41 -1 329 -1 0 1 60 26 -109 -24 279 83 1 -14 -14 -89 5 -6 -1
1 11166 120 17 -24 186 1 1036 1 2 21 176 31 74 3 -525 -140 6 22 22 24 -4 3 1
1 10005 119 28 19 -48 0 0 0 0 -16 -33 -3 -16 -2 229 66 0 -11 -11 -53 -21 0 -1
1 9995 118 43 -12 -13 0 0 0 0 15 4 1 35 6 37 12 1 -2 -2 172 28 -8 0
1 10448 168 5 -1 125 0 1251 0 0 0 117 -6 -104 10 102 26 -2 -4 -4 -11 -6 1 0
1 13387 241 -8 14 111 0 139 0 -2 -12 95 -27 113 4 -13 -3 1 1 1 -13 -1 10 0
1 10366 180 -94 44 51 0 0 0 0 -52 7 -10 -34 -18 180 49 -2 -8 -8 -129 -19 -12 0
1 10058 140 -62 -10 -84 0 -9 1 -1 17 -94 30 -69 -8 -33 -4 3 0 0 65 10 8 0
1 10399 135 -44 -49 -198 0 -1380 -1 3 52 -198 5 43 -20 -302 -83 3 13 13 22 1 3 0
1 9999 150 21 23 8 0 0 0 0 -27 15 1 -10 -8 -2009 -576 0 96 96 -102 21 -9 1
1 10001 123 -18 -7 8 0 0 0 0 9 1 0 -12 -4 2083 604 3 -101 -101 9 -31 6 0
1 9999 128 39 8 -1 0 -1 0 0 -7 14 2 25 0 -2523 -722 2 120 120 48 18 -4 0
1 10000 144 34 -5 14 0 0 0 0 2 26 3 -5 0 2914 834 -2 -139 -139 13 -6 0 -1
1 10000 133 -18 20 -30 0 0 0 0 -16 -34 -5 -7 -6 -180 -51 0 8 8 13 13 0 1
1 7968 108 -7 -15 15 0 0 0 0 10 10 2 8 10 -180 -51 1 9 9 158 43 -3 -1
1 12032 150 104 7 6 0 0 0 0 -3 46 3 68 5 -62 -30 -7 6 6 89 7 4 1
1 10000 105 25 21 -44 0 0 0 0 -23 -31 -5 -6 -1 -381 -113 -2 19 19 -126 -31 1 -1
1 10000 72 60 -8 10 0 0 0 0 15 31 5 -7 5 -85 -23 1 4 4 67 17 -2 1
1 11760 84 20 -14 139 -1 1236 0 0 15 135 -10 -141 -1 -706 -204 -1 34 34 -102 -47 -33 -1
1 13368 100 -47 18 133 1 154 0 -2 -24 98 -36 161 -1 603 172 0 -28 -28 -11 35 85 1
1 10001 62 -64 -11 14 0 0 0 0 3 -10 5 2 -3 -287 -85 -2 14 14 306 25 -52 0
1 10000 76 -42 -14 -37 0 0 0 0 17 -46 19 -4 -3 37 9 -1 -1 -1 -216 -16 3 0
1 10664 88 -10 13 19 0 0 0 0 -14 12 -5 -34 -5 -255 -73 0 12 12 227 9 -1 0
1 8953 79 -44 -1 -42 0 -9 1 0 2 -53 14 -43 6 -98 -26 1 4 4 -223 5 39 0
1 11046 95 21 -49 -179 -45 -1390 0 2 47 -156 15 29 -10 444 128 1 -21 -21 -43 -29 -33 0
1 11014 114 60 12 0 86 -2 -1 -4 -10 24 1 -67 5 -360 -99 2 16 16 116 16 -3 0
1 9075 65 35 47 -34 0 0 -41 0 -46 -18 -5 43 0 358 100 -1 -17 -17 -1 -5 -6 0
1 8738 37 37 38 -10 1 1 -40 0 -32 5 -6 -91 -12 -60 -18 -1 3 3 25 28 1 0
1 10002 41 16 -41 25 -1 0 -49 0 41 28 8 10 0 -113 -28 3 4 4 -47 -28 -2 0
1 9981 43 -70 -1 23 0 -1 -48 0 -2 -5 0 35 4 27 8 0 -1 -1 -54 -5 5 -1
1 10004 62 -132 -8 -25 0 0 -49 0 7 -74 -6 -75 1 -498 -140 2 23 23 -95 -20 -3 1
1 10016 51 -54 6 25 0 0 -47 0 5 4 1 -73 -4 666 191 -1 -32 -32 153 32 3 0
1 9993 40 47 1 -8 1 0 -47 0 -9 9 1 191 10 100 32 2 -5 -5 -146 -23 1 0
1 9991 28 17 27 -2 -1 0 -48 0 -31 4 -4 -13 -6 -396 -116 -1 19 19 121 5 0 0
1 10013 -11 -4 -55 -52 0 0 -47 0 58 -48 -1 9 -1 336 93 -2 -15 -15 -67 23 -1 -1
1 10002 15 139 11 15 1 0 -47 0 -13 67 9 -37 1 -244 -69 0 12 12 453 38 -3 1
1 9999 5 -10 -24 24 -1 0 -47 0 23 18 3 -63 0 191 56 1 -10 -10 -524 -68 1 0
1 9990 -8 -45 -20 25 1 0 -45 0 18 6 1 5 0 -398 -117 -1 20 20 4 13 -2 0
1 14664 3 -19 23 -15 14 0 -40 0 -23 -21 -3 -21 -2 839 243 1 -41 -41 178 -14 -31 0
1 5740 -25 37 261 11 304 0 -13 0 -234 25 -68 198 2 -642 -193 -5 33 33 -220 11 35 0
1 9614 -64 18 150 3 1 0 -43 0 -118 10 -81 -184 -2 -2 11 6 -3 -3 83 11 -2 0
1 9988 -41 -42 -45 2 -1 0 -47 0 31 -15 25 74 2 -92 -25 2 4 4 -87 -28 -1 0
1 10015 -61 -27 1 -4 1 0 -50 0 1 -13 0 -19 -1 192 56 0 -9 -9 491 55 2 0
1 9973 -57 -62 2 -1 0 0 -48 0 -3 -25 -4 7 -4 -300 -83 1 13 13 -501 -64 -6 0
1 10017 -68 -76 -5 15 0 0 -50 0 15 -17 9 2 2 -127 -37 0 6 6 52 17 5 0
1 9985 -84 -61 12 -13 0 0 -50 0 5 -28 -4 -50 3 168 45 -2 -7 -7 165 22 -1 -1
1 10025 -74 -92 -10 3 -1 0 -52 0 25 -29 10 -154 -27 64 19 1 -3 -3 -257 -49 1 1
1 10000 -87 -37 5 12 1 0 -50 0 4 -4 2 84 -5 -34 -5 2 0 0 90 -5 -2 0
1 9982 -100 -35 -33 -20 -1 0 -52 0 38 -21 15 14 3 529 164 7 -29 -29 127 27 6 0
1 10002 -91 8 10 23 0 0 -50 0 -13 16 -1 -47 2 143 48 4 -8 -8 -59 -13 -2 0
1 9995 -105 -28 -2 7 1 0 -51 0 11 0 7 97 9 483 141 2 -24 -24 93 2 1 0
1 13214 -168 50 21 165 0 1416 -28 2 -35 134 3 51 4 5 -7 -5 2 2 -102 8 -2 0
1 10622 -165 57 1 32 0 0 0 0 -13 41 -10 15 4 87 25 0 -4 -4 -86 -13 3 0
1 10000 -150 50 -3 -21 0 0 0 0 -7 1 -5 -64 -10 -128 -41 -3 7 7 -127 -21 -4 0
1 10632 -128 84 -29 54 0 0 0 0 3 68 -7 -30 -13 147 53 7 -10 -10 42 7 5 0
1 10001 -101 56 21 -8 0 0 0 0 -23 8 -19 31 7 280 90 5 -16 -16 10 4 -4 0
1 10000 -138 49 -9 3 0 0 0 0 2 20 -5 10 7 757 217 0 -36 -36 -1 16 -7 0
1 9999 -146 59 8 -41 0 0 0 0 -5 -8 -3 -5 -1 -426 -127 -3 22 22 93 -14 6 0
1 8786 -106 61 6 -71 6 -1395 -3 0 -2 -26 6 -104 5 1587 457 1 -76 -76 -70 -6 6 0
1 11215 -171 23 -8 -97 0 -5 0 2 6 -59 15 106 -2 -1841 -529 0 87 87 -62 -7 -3 0
1 10000 -131 9 -10 -35 0 0 0 0 14 -23 9 4 2 82 23 0 -3 -3 -58 -5 -1 0
1 10001 -122 -23 -9 -5 0 0 0 0 0 -12 2 1 1 265 77 0 -13 -13 177 23 -5 0
1 9419 -134 -29 10 -20 0 -3 -2 0 -9 -26 -7 13 3 -116 -35 -1 6 6 -126 -35 -41 0
1 10580 -137 -43 -9 34 0 0 0 0 6 9 4 -8 1 3133 900 0 -148 -148 35 26 44 0
1 10001 -142 11 16 -22 0 0 0 0 -8 -12 -7 80 46 -3374 -969 0 159 159 6 9 -2 0
1 9997 -155 10 -18 -1 0 -1 0 0 12 3 10 34 20 399 100 -8 -14 -14 -78 -18 8 0
1 10002 -141 -23 10 -3 0 0 0 0 -9 -11 -9 -41 -23 -371 -114 -5 19 19 329 33 -12 0
1 9999 -164 -24 -2 11 0 0 0 0 2 -1 2 -8 -4 67 20 1 -3 -3 -18 3 9 0
1 10001 -144 -19 -9 16 0 0 0 0 9 5 7 -40 -20 -1057 -301 1 50 50 -274 -33 2 0
1 10000 -139 -7 5 -8 0 0 0 0 -5 -9 -3 51 22 966 283 4 -48 -48 52 8 -4 0
1 10001 -130 30 2 -4 0 0 0 0 -2 8 -1 88 50 219 56 -5 -9 -9 -23 26 2 0
1 9999 -137 -24 18 -44 0 0 -1 0 -9 -39 -13 -42 -19 -452 -144 -7 26 26 88 -15 -5 0
1 10000 -156 -25 -13 50 0 0 0 0 11 26 12 -3 -3 98 28 0 -5 -5 12 8 4 0
1 10001 -145 -11 -14 -26 0 0 0 0 10 -24 4 -64 -32 -160 -43 1 7 7 -137 -23 -8 0
1 9421 -123 -49 12 3 0 0 0 0 -3 -15 -6 -9 -10 218 69 4 -12 -12 204 6 7 0
1 10578 -135 -35 1 -1 0 0 0 0 1 -15 -1 1 1 -82 -18 3 2 2 -198 -17 3 0
1 10000 -123 -22 3 17 0 0 0 0 1 5 4 1 -3 5 4 2 -1 -1 59 14 0 0
1 8320 -93 -15 -1 119 0 1378 0 0 -1 81 9 -44 3 1125 324 0 -53 -53 9 0 -22 0
1 14216 -166 84 5 122 0 18 0 -2 -15 117 -24 98 38 -1138 -330 -2 55 55 -47 -1 17 0
1 10001 -121 33 11 -8 0 0 0 0 -11 4 -9 -1 20 110 31 0 -5 -5 -65 -14 0 0
1 10000 -120 62 -12 17 0 0 0 0 6 35 -8 -4 -5 4486 1284 -3 -211 -211 -2 -4 -1 0
1 8821 -111 1 17 -44 -1 -306 0 0 -3 -28 7 -234 5 -4360 -1254 -1 206 206 60 8 0 0
1 11179 -139 46 -19 -194 9 -1100 0 2 5 -121 20 164 -4 5448 1574 5 -259 -259 14 -1 4 0
1 10000 -92 29 0 3 0 0 0 0 3 13 2 46 10 -4973 -1423 3 233 233 -79 -4 0 0
1 10000 -104 -47 -7 -25 0 0 0 0 3 -36 1 -98 -14 -164 -51 -1 8 8 68 9 -2 0
1 10000 -92 -17 12 6 0 -4 0 0 -6 -2 -5 12 -3 329 109 8 -19 -19 -44 -10 2 0
1 10001 -88 -23 5 -4 0 0 0 0 -2 -11 -2 33 24 89 29 1 -6 -6 24 11 0 0
1 9999 -119 30 19 42 0 0 0 0 -19 41 -12 134 58 69 11 -5 0 0 27 12 -2 0
1 9424 -158 -36 -32 -33 -23 -1 0 0 23 -38 17 17 11 183 29 -13 -2 -2 -53 -20 -3 0
1 10618 -133 8 -39 17 0 0 0 0 32 16 23 -15 -17 -439 -134 -4 23 23 38 10 3 0
1 10000 -116 -70 29 0 0 0 0 0 -19 -28 -17 -18 -6 -146 -45 -2 8 8 17 -8 6 0
1 10000 -114 -4 -26 -21 0 0 0 0 20 -17 11 7 11 -136 -40 -1 6 6 10 2 -3 0
1 10001 -103 -33 7 7 0 0 0 0 5 -4 2 -8 1 325 93 0 -15 -15 -36 -4 1 0
1 9999 -72 -4 0 41 0 0 0 0 -5 28 3 5 2 -197 -56 0 9 9 79 13 1 0
1 8844 -67 -5 40 43 0 1217 0 0 -29 29 -18 -127 -4 1282 368 1 -61 -61 -200 -6 -13 0
1 13743 -165 93 -27 167 0 195 0 -2 8 156 -17 119 -3 -1395 -400 0 66 66 115 0 11 0
1 10000 -117 26 16 35 0 0 0 0 -11 29 -21 0 2 553 160 0 -26 -26 13 -1 -7 0
1 8863 -115 52 -24 -70 0 -484 -1 0 17 -24 22 -65 3 -412 -120 -1 20 20 51 19 49 0
1 11173 -118 18 6 -202 1 -913 0 2 -2 -141 24 59 -4 -298 -85 1 14 14 -101 -33 -40 -1
1 10000 -79 -25 17 22 0 0 0 0 -13 7 -9 -6 -8 382 111 1 -19 -19 11 5 -6 1
1 10002 -81 26 -14 -37 0 0 0 0 15 -18 9 -10 -5 34 14 2 -2 -2 17 -2 5 0
1 10000 -76 49 4 60 0 -4 0 0 -10 63 -9 7 2 -80 -23 0 3 3 30 18 -6 0
1 10000 -99 13 9 -26 0 0 0 0 -4 -14 -1 -2 0 -56 -15 0 3 3 -14 -9 2 0
1 9998 -112 -24 -16 -34 0 0 0 0 11 -35 9 1 -5 381 108 0 -18 -18 10 1 1 0
1 9423 -98 13 -5 -5 0 0 0 0 9 1 6 -10 1 -194 -56 0 9 9 56 -2 1 0
1 10579 -110 -7 -1 -8 0 0 0 0 -1 -8 -1 6 15 330 96 0 -16 -16 -74 -5 -2 0
1 9999 -99 -59 13 -4 0 0 0 0 -13 -25 -9 -21 -19 4866 1398 0 -228 -228 13 10 2 0
1 10004 -121 -53 -29 12 -1 0 0 0 22 -12 15 -3 21 -4948 -1418 2 231 231 -47 -7 -4 0
1 9995 -89 -64 2 -7 0 0 0 0 5 -29 -3 -17 0 74 23 1 -4 -4 79 11 -2 0
1 10002 -75 -49 25 6 0 0 0 0 -14 -14 -12 -13 6 -16 0 3 0 0 -98 -16 2 0
1 8817 -56 18 9 104 0 1275 0 0 -9 85 4 -123 -16 71 22 1 -4 -4 9 -6 0 0
1 13388 -148 47 -4 120 1 131 0 -2 -7 102 -19 66 -6 46 21 4 -5 -5 253 23 5 0
1 10001 -101 15 5 7 0 0 0 0 -4 10 -4 44 8 -90 -17 5 2 2 -275 -30 -3 0
1 9999 -88 50 -1 19 0 0 0 0 -1 31 -12 1 6 -7479 -2155 -3 362 362 66 17 3 0
1 8837 -69 134 -7 -110 -1 -1330 0 0 8 -26 15 -121 -8 8719 2502 -2 -418 -418 -62 -12 1 0
1 11163 -101 -70 -1 -125 1 -85 0 2 2 -117 19 101 1 -225 -53 6 7 7 32 3 -3 0
1 10000 -82 -28 -15 14 0 0 0 0 9 0 6 12 6 -99 -33 -2 6 6 -20 7 -4 0
1 10001 -75 -15 9 -6 0 0 0 0 -6 -11 -5 -21 -3 -268 -79 -1 14 14 23 -1 5 0
1 9421 -77 -6 5 -12 0 -3 0 0 -5 -11 -2 59 22 -8 -1 1 0 0 48 6 -10 0
1 10621 -64 1 -20 29 0 0 0 0 18 23 11 1 4 35 5 -3 -1 -1 -43 9 5 0
1 10000 -31 33 14 -28 0 0 0 0 -9 -9 -6 15 6 3439 985 -2 -160 -160 47 -11 -2 0
1 8834 -23 -11 24 2 55 -1 -1 -4 -20 -3 -16 -98 35 -3258 -943 -4 155 155 -94 -1 5 0
1 9988 -63 -67 34 -15 0 0 -47 0 -23 -36 -20 69 1 -747 -221 -3 37 37 69 -2 -5 0
1 9999 -93 -20 -11 -12 0 0 -48 0 9 -16 6 -188 -25 -99 -37 -5 7 7 39 0 5 0
1 10021 -93 -15 4 20 0 0 -52 0 -6 7 -3 132 -6 -259 -72 1 12 12 -72 -7 6 0
1 9973 -100 -13 -8 9 0 0 -50 0 10 3 9 205 84 421 120 -1 -20 -20 -25 -3 -2 0
1 10014 -109 -7 -1 23 0 0 -53 0 0 14 1 -107 -9 -840 -263 -12 46 46 90 12 -3 0
1 9992 -113 -61 -13 -22 0 0 -51 4 15 -40 6 170 79 1469 419 -2 -69 -69 -80 -27 14 0
1 11179 -101 -63 6 -30 1 0 -6 0 9 -42 -4 212 82 -4906 -1448 -22 246 246 -36 21 -14 0
1 10000 -97 -43 -3 20 0 0 0 0 11 0 8 -95 6 3364 946 -11 -155 -155 -54 -19 3 0
1 10000 -86 -30 -2 -5 0 0 0 0 9 -12 2 -6 6 200 65 4 -12 -12 65 7 -8 0
1 8882 -80 -13 -8 60 -43 1112 -2 0 8 40 16 -118 3 120 32 -1 -5 -5 -39 -5 0 0
1 14130 -122 86 -20 140 0 297 0 -2 -9 132 3 119 19 383 111 1 -19 -19 8 16 56 0
1 10000 -69 72 -8 21 0 0 0 0 -5 41 -9 73 39 8 -1 -2 1 1 -14 -14 -56 0
1 10463 -64 84 -4 10 0 0 0 0 -6 37 -14 17 8 -67 -29 -6 6 6 -18 -9 6 0
1 10000 -65 82 5 7 0 0 0 0 -1 35 -14 -24 5 -123 -42 -4 8 8 20 3 -3 0
1 8939 -46 80 3 -102 30 -1405 -2 -2 -2 -44 14 83 63 720 199 -4 -32 -32 64 2 0 0
1 9887 -75 41 32 -99 3 -4 -39 0 -19 -59 -3 -99 64 -639 -199 -9 35 35 -50 3 -1 0
1 10006 -78 24 2 -14 0 0 -50 0 0 -1 1 183 123 -49 -32 -10 7 7 -28 -8 2 0
1 9978 -100 -4 -4 -14 0 0 -53 0 1 -12 3 4 9 708 182 -12 -27 -27 -36 -2 -2 0
1 10019 -106 11 -5 3 0 0 -54 0 6 6 3 -130 17 226 65 1 -11 -11 5 -9 1 0
1 10002 -110 -8 -6 -4 0 0 -53 2 3 -6 4 14 1 544 171 8 -30 -30 -25 0 3 0
1 10846 -113 -12 -3 -5 0 0 -3 2 3 -8 2 55 2 1828 531 4 -88 -88 33 6 -4 0
1 10624 -121 -48 -1 0 0 0 0 0 -2 -17 -1 19 4 227 68 1 -12 -12 -8 1 0 0
1 9999 -113 4 4 -1 0 0 0 0 -3 0 -3 -53 -5 361 101 -1 -16 -16 49 2 2 0
1 8818 -94 -6 -17 -86 7 -1370 -3 0 11 -66 5 -77 -4 -9 5 4 -2 -2 -39 -28 -46 0
1 14596 -151 -138 -16 -94 0 -17 0 -2 10 -121 -25 63 0 628 192 6 -32 -32 28 19 39 0
1 8409 -83 -51 15 62 -16 1407 -2 0 -3 28 6 -105 -3 74 20 0 -3 -3 -21 3 -11 0
1 11591 -131 -85 -1 102 0 0 0 2 7 42 20 102 6 -6178 -1771 0 291 291 -46 -3 21 0
1 10001 -90 -62 10 -5 0 0 0 0 4 -25 -7 -37 -7 6279 1800 0 -296 -296 29 4 -5 0
1 10001 -97 -12 -5 6 0 0 0 0 7 1 7 33 3 108 35 3 -6 -6 -37 -3 -1 0
1 8804 -89 -7 6 85 -1 1262 -1 0 -6 61 11 -120 -2 -155 -44 -1 7 7 21 22 45 0
1 13371 -164 70 -15 142 1 125 0 -2 -4 131 -3 88 -3 368 112 4 -19 -19 26 -20 -40 0
1 9999 -99 97 20 -16 0 0 0 0 -25 19 -22 -3 0 -169 -50 -1 8 8 -15 4 -6 0
1 10355 -122 88 -4 28 0 0 0 0 -1 53 -14 -5 0 327 96 2 -16 -16 -12 -5 4 0
1 8554 -101 23 25 -54 2 -1391 -1 0 -3 -29 6 -85 0 177 52 1 -8 -8 4 2 -5 0
1 11446 -143 76 -27 -140 0 0 0 2 6 -73 17 106 2 -249 -72 -1 12 12 31 4 6 0
1 9999 -117 47 -3 -18 0 0 0 0 8 3 6 -39 -6 265 77 0 -13 -13 -26 0 -8 0
1 10001 -87 -25 -3 2 0 0 0 0 1 -8 1 6 1 -124 -31 3 4 4 2 -4 7 0
1 8418 -92 1 -3 -75 0 -1388 0 0 3 -55 0 -128 0 4061 1165 0 -187 -187 -24 -5 -1 0
1 13404 -127 -114 -27 -124 0 -13 0 -2 19 -137 -17 128 1 -4302 -1233 0 198 198 31 3 2 0
1 8830 -78 -117 -14 2 0 98 -1 -1 16 -43 -7 -85 1 1695 485 0 -78 -78 -38 2 -6 0
1 11170 -101 -30 36 152 0 1295 0 3 -24 104 22 84 -1 -1355 -387 1 62 62 33 1 2 0
1 10000 -69 -38 21 33 0 0 0 0 -11 12 -5 0 4 -8 -4 -1 1 1 -10 0 -3 0
1 9999 -104 -24 -14 4 0 0 0 0 11 -8 7 6 -1 100 30 1 -5 -5 24 -1 6 0
1 8365 -87 -9 6 78 0 1386 0 0 -4 56 6 -109 8 -5445 -1563 -1 256 256 -13 0 0 0
1 14680 -175 62 0 151 0 17 0 -2 -13 132 -16 101 -5 5497 1576 -1 -258 -258 -14 0 -1 0
1 10000 -103 71 0 -4 0 0 0 0 -6 22 -12 7 -1 289 83 1 -13 -13 -11 -6 1 0
1 8820 -115 139 2 -39 0 -484 0 0 -3 24 -8 -43 29 -106 -32 -1 5 5 15 20 28 0
1 11182 -129 14 1 -139 0 -915 0 2 2 -94 22 63 -7 -2292 -662 -3 108 108 41 -4 -26 0
1 9997 -112 26 0 -18 0 0 0 0 4 -3 2 -13 -6 2167 624 2 -101 -101 14 2 -6 0
1 10000 -106 0 -11 -40 0 0 0 0 10 -31 9 4 1 0 1 0 -1 -1 -65 -6 5 0
1 8677 -89 -35 3 -80 0 -1386 -1 0 -6 -72 -9 -80 5 662 189 0 -30 -30 40 0 -3 0
1 13403 -139 -125 -25 -105 0 -16 1 -2 23 -125 -23 146 36 -487 -141 -1 23 23 -28 -12 2 0
1 8924 -82 -123 -1 54 0 1251 -1 0 14 -6 8 -27 6 180 40 -6 -5 -5 -14 17 24 0
1 11077 -94 -62 25 127 0 143 0 2 -12 72 19 57 3 -216 -66 -3 11 11 28 -7 -26 0
1 10000 -118 -52 6 0 0 0 0 0 8 -16 1 54 20 -28 -15 -3 3 3 -17 -4 2 0
1 9999 -107 -61 -2 6 0 0 0 0 18 -13 6 156 51 -108 -41 -6 8 8 -49 -12 -6 0
1 9114 -88 -20 1 72 0 1242 0 0 2 49 16 10 44 367 76 -16 -9 -9 21 -14 -38 0
1 13380 -167 97 3 133 0 163 0 -2 -28 131 -5 72 25 -847 -277 -19 49 49 21 22 49 0
1 10000 -136 105 -15 41 0 0 0 0 -10 63 -17 105 74 8 -12 -8 4 4 -51 -14 -4 0
1 10000 -122 122 -9 10 0 0 0 0 -3 52 -16 -29 12 181 27 -14 -1 -1 0 3 -5 0
1 9357 -120 96 3 -45 0 -518 0 0 -7 1 -5 -109 5 245 72 1 -12 -12 12 13 49 0
1 11173 -124 35 13 -166 0 -882 0 2 -6 -108 20 138 27 606 172 -1 -28 -28 -6 -10 -47 0
1 10001 -120 -11 -2 -24 0 0 0 0 3 -23 2 74 41 90 19 -3 -2 -2 12 -1 4 0
1 10001 -124 -38 0 -2 0 0 0 0 -5 -16 -2 1 29 328 75 -11 -10 -10 -24 -2 -9 0
1 9420 -116 -41 -3 2 0 -5 0 0 3 -14 3 -231 10 681 200 3 -33 -33 -2 -2 4 0
1 10579 -116 -50 3 0 0 0 0 0 2 -19 -2 -205 -44 1406 449 26 -78 -78 -3 -3 4 0
1 10000 -129 -38 -5 -4 0 0 0 0 6 -18 2 -130 -1 2370 705 14 -115 -115 20 6 -4 0
1 9418 -109 -20 5 -11 0 0 0 0 -3 -16 -2 -17 3 1671 523 24 -88 -88 -1 3 -3 0
1 10582 -136 -19 1 17 0 0 0 0 8 8 3 -2 -1 1890 564 11 -91 -91 -12 -3 1 0
1 10000 -129 -22 1 -11 0 0 0 0 -2 -18 -2 -60 58 571 176 7 -29 -29 -41 25 9 0
1 8396 -101 -45 0 68 0 1400 0 0 9 38 12 -256 22 1846 552 12 -88 -88 78 -30 -3 1
1 13376 -172 77 -3 133 0 17 0 -2 -14 124 -16 72 -5 4511 1338 23 -209 -209 -34 -5 7 -1
1 10258 -139 61 -3 22 0 0 0 0 -3 38 -12 -111 -5 726 223 7 -36 -36 -18 -3 2 0
1 10001 -129 83 -9 21 0 0 0 0 4 46 -13 -295 -14 1783 548 19 -86 -86 65 16 -3 0
1 8287 -102 104 3 -98 0 -1418 0 0 5 -31 15 -129 -3 2337 739 35 -118 -118 -38 4 2 0
1 11713 -132 39 7 -119 0 -1 0 2 2 -75 17 -204 -30 1401 438 18 -69 -69 24 -7 5 0
1 10000 -132 9 -1 -21 0 0 0 0 -1 -13 2 -133 -16 973 343 32 -57 -57 -22 -2 -14 0
1 10000 -113 5 -4 1 0 0 0 0 1 3 1 -65 -7 2914 887 25 -135 -135 0 0 9 0
1 8829 -112 7 -1 -81 0 -1304 0 0 2 -59 3 -130 -5 2891 865 16 -128 -128 12 -18 -30 0
1 13377 -150 -109 -34 -135 0 -79 -1 -2 20 -145 -15 54 -1 748 243 13 -38 -38 -24 20 40 0
1 10360 -105 -97 -11 -14 0 0 0 0 10 -46 -13 -86 -10 277 98 10 -16 -16 52 -4 2 0
1 8740 -87 -106 6 100 0 1402 -1 0 6 36 21 -168 -1 2280 679 10 -99 -99 -22 -11 -29 0
1 11260 -125 -39 32 110 0 1 0 2 -23 71 6 172 -3 -577 -155 6 21 21 -10 15 34 0
1 10000 -105 -43 14 -2 0 0 0 0 -1 -15 -4 -62 -6 744 228 6 -33 -33 -17 -6 -10 0
1 10000 -120 -9 -8 14 0 0 0 0 4 6 4 -49 -4 483 157 9 -25 -25 57 10 7 0
1 8817 -103 -13 24 85 49 1355 0 0 -19 58 -1 -131 4 1813 531 4 -75 -75 -21 -6 -7 0
1 14079 -226 128 29 135 0 34 0 -2 -44 135 -42 123 -3 -331 -91 3 12 12 -45 -5 2 0
1 10000 -176 103 -3 20 0 0 0 0 0 52 -17 -143 -20 462 154 10 -23 -23 27 5 -3 0
1 11267 -206 94 2 -67 6 -1247 0 0 -1 -10 5 -173 -8 1351 426 17 -63 -63 34 3 8 0
1 8411 -137 17 -4 -109 -23 -164 0 2 7 -68 23 -197 -70 740 227 7 -34 -34 -36 -7 0 0
1 10620 -164 -65 -11 -47 0 0 0 0 4 -57 8 -873 -118 2611 875 58 -132 -132 38 14 16 0
1 10000 -157 -83 0 -10 0 0 0 0 4 -39 1 -457 -65 5423 1798 109 -268 -268 19 6 12 0
1 10064 -148 -50 -7 -7 -16 -4 0 0 7 -24 4 -721 -142 6316 1963 62 -271 -271 105 20 24 0
1 10620 -152 -56 -7 -7 0 0 0 0 15 -25 6 -443 -74 7123 2275 94 -311 -311 -44 -16 -10 0
1 9999 -134 -20 -5 -1 0 0 0 0 5 -8 2 -273 -62 6001 1923 78 -257 -257 -17 4 13 0
1 8705 -109 31 5 82 -1 1401 0 0 -9 72 4 -1003 -230 3199 1082 67 -146 -146 58 11 2 0
1 14412 -194 132 -11 134 0 18 0 -2 -6 145 -26 -3182 -564 7180 2818 311 -401 -401 11 25 59 0
1 8326 -123 21 1 -90 0 -1415 0 0 1 -56 15 -232 97 9360 3340 246 -433 -433 103 -16 -36 0
1 11674 -131 -7 -12 -97 0 -1 0 2 12 -73 15 -328 -12 1631 839 149 -124 -124 14 25 50 0
1 10000 -105 -23 -4 -11 0 0 0 0 0 -19 0 -403 -43 23460 7124 65 -773 -773 30 8 18 0
1 9999 -91 -30 1 -6 0 0 0 0 3 -15 0 -152 -34 9684 3035 60 -317 -317 -47 -7 -3 0
