version: 66.11
glider: 175
mission: 11
dive: 254
start: 5 31 126 20 8 42
columns: rec,elaps_tms,depth,heading,pitch,roll,AD_pitch,AD_roll,AD_vbd,GC_phase,mag.x,mag.y,mag.z,sbect.TempFreq,sbect.CondFreq,aa4330.O2,aa4330.AirSat,aa4330.Temp,aa4330.CalPhase,aa4330.TCPhase,wlbb2f.redCount,wlbb2f.blueCount,wlbb2f.fluorCount,wlbb2f.VFtemp,
data:
0 22156 -496 161 -730 -49 235 2023 635 2 537 -94 -107 260503 165631 -399485 -129314 15898 -27834 -27834 641 224 160 567
1 10005 1 41 -7 19 0 1 294 0 -1 -14 -5 -60 38 -5115230 -1659070 86 38269 38269 -133 -23 -22 0
1 10295 35 19 -30 25 0 0 304 0 -5 -8 -22 1194 52 5921974 1920474 6 16866 16866 41 30 22 0
1 9712 28 -35 -2 -1 0 -1 285 0 1 13 1 -30 -59 52742 9886 -2287 -361 -361 59 -15 9 0
1 9996 35 -88 -22 22 0 0 285 0 -2 22 -22 229 14 -67831 -21349 -155 1792 1792 -20 -13 -17 0
1 9992 40 3408 -1 -66 0 1 277 0 -2 66 0 16 147 5946 1733 -35 -153 -153 -45 -6 9 0
1 10014 91 -184 3 20 0 0 277 0 -4 48 20 462 101 3306 899 -43 -73 -73 10 10 28 0
1 12158 264 236 21 -145 13 -2 233 -1 10 -50 -2 2419 -384 1513 -521 -359 114 114 45 -3 18 -1
1 7975 246 -3315 196 -66 1850 0 1 1 -10 -141 143 2963 -695 1398 -524 -345 113 113 -114 -34 -16 0
1 11054 204 245 144 151 185 0 193 4 -71 -58 157 2209 -785 -18134 -6821 -512 745 745 -17 13 34 0
1 9999 148 92 40 8 0 0 0 0 -36 -21 43 267 -59 5932 993 -293 -40 -40 3 0 -35 0
1 10000 145 112 -10 1 0 0 0 0 -19 -23 9 309 -62 -7487 -2704 -186 305 305 -16 -5 1 0
1 8811 150 -4 35 81 149 847 4 0 -18 43 49 -126 3 -7244 -2361 -86 259 259 31 -19 -40 0
1 15104 215 -62 84 164 -4 541 1 -2 -40 125 67 203 -43 -5722 -1914 -90 218 218 4 32 23 0
1 9999 131 -13 5 4 0 0 0 0 0 6 0 777 -1 -2004 -692 -41 83 83 -23 -17 2 0
1 10001 116 22 -5 0 0 0 0 0 -3 -5 1 440 60 1531 292 -64 -19 -19 -28 -6 -1 0
1 10001 146 124 -14 -21 0 0 0 0 -25 -29 14 1816 189 -10472 -3358 -116 389 389 -44 -3 -49 0
1 10341 147 -8 17 30 0 0 0 0 -9 20 10 900 77 -15971 -5166 -210 636 636 -28 -2 -28 0
1 10000 140 -58 19 4 0 0 0 0 3 15 -2 740 92 -14481 -4532 -140 582 582 -26 -11 -11 0
1 9999 122 -74 6 -4 0 0 0 0 15 11 -9 735 152 -12937 -4087 -154 560 560 2 -4 -1 0
1 10000 124 -69 0 -1 0 0 0 0 17 11 -12 103 1 -6137 -2077 -144 308 308 21 9 5 0
1 10324 119 -69 -3 0 0 0 0 0 17 12 -13 47 10 -6952 -2149 -70 313 313 7 0 -2 0
1 9999 109 -59 -3 5 0 0 0 0 12 16 -11 -152 -47 -6421 -1958 -54 289 289 -33 -10 -5 0
1 10001 128 -45 -3 0 0 0 0 0 8 11 -8 8 -15 -3835 -1109 -3 162 162 -4 4 -1 0
1 10000 120 -30 -3 -1 0 0 0 0 6 6 -6 -24 -22 -2439 -716 -7 106 106 18 5 10 0
1 10507 142 -55 -4 8 0 0 0 0 9 18 -11 52 -62 -1045 -312 -6 48 48 -3 7 -7 0
1 9008 138 -34 9 -122 -1 -1248 2 0 -4 -66 6 204 6 -3147 -932 -14 142 142 -28 6 33 0
1 10992 150 33 18 -110 16 -170 0 2 -14 -81 4 58 5 -5804 -1745 -41 274 274 13 -19 -35 0
1 10000 127 -22 -4 15 0 0 0 0 6 16 -3 -1 -3 -2571 -771 -17 123 123 4 3 -6 0
1 10000 131 -17 12 -23 0 0 0 0 -9 -10 6 -2 -4 -3163 -922 -8 146 146 40 3 4 0
1 9999 127 -5 1 0 0 0 -1 0 1 1 -1 -8 1 549 173 8 -29 -29 -19 -2 -5 0
1 10001 121 14 -5 -2 0 0 0 0 2 -5 -2 1 -1 -806 -236 -2 37 37 -48 -2 -2 0
1 9999 134 -76 0 6 0 0 0 0 7 25 -1 48 0 -585 -174 -3 29 29 19 3 11 0
1 9140 113 24 6 -119 0 -1245 0 0 -7 -83 -20 -85 -7 1129 315 -5 -49 -49 15 5 10 0
1 13378 198 43 -16 -98 0 -88 0 -2 8 -66 -43 79 -2 -1338 -403 -10 66 66 -16 -2 -14 0
1 10002 156 20 25 22 0 0 0 0 -19 1 20 -18 -16 -612 -181 -3 29 29 -36 -9 -4 0
1 9999 149 12 -25 -37 0 0 0 0 15 -17 -29 -28 -13 -3993 -1132 7 180 180 55 1 6 0
1 10245 161 35 12 10 0 0 0 0 -13 -7 9 -327 -141 3306 947 -1 -152 -152 -13 10 -3 0
1 8748 142 79 3 121 -45 1368 0 0 -9 47 43 -251 -75 -2481 -668 25 102 102 26 -1 -2 0
1 11250 195 43 -40 91 0 0 0 2 19 49 2 -21 -45 2839 855 21 -141 -141 26 1 6 0
1 10001 176 58 8 -5 0 0 0 0 -16 -18 8 -218 -92 -65 66 46 -21 -21 10 20 36 0
1 10000 158 61 -5 9 0 0 0 0 -8 -11 3 -154 -71 43 70 31 -18 -18 -45 -23 -38 0
1 8579 141 12 -15 125 -4 1396 0 0 6 80 23 -255 -43 1459 437 10 -71 -71 19 6 5 0
1 13713 236 -70 -7 115 0 6 0 -2 19 88 -7 120 -35 -310 -61 15 6 6 8 1 -2 0
1 10001 171 -54 8 -1 0 0 0 0 5 13 -4 -9 -9 -76 11 18 -5 -5 -43 -9 3 0
1 10590 188 -47 0 2 0 0 0 0 8 12 -8 1 -5 537 159 2 -26 -26 5 4 -2 0
1 10001 168 -77 4 2 0 0 0 0 7 22 -8 -5 -5 9 26 13 -7 -7 22 4 -4 0
1 8829 153 -51 1 -58 0 -323 0 0 5 -23 -4 -173 -3 964 266 -7 -40 -40 19 25 50 0
1 11171 194 3 -8 -162 0 -1063 0 2 4 -101 -13 176 -3 -588 -150 11 22 22 15 -27 -46 0
1 10000 168 -12 7 -12 0 0 0 0 -5 -3 3 6 2 -437 -140 -8 23 23 36 12 -7 0
1 10001 176 -11 -5 2 0 0 0 0 5 4 -4 19 -4 205 64 3 -10 -10 -87 -7 5 0
1 8439 149 -16 1 -3 0 -1 0 0 0 3 1 -38 -44 -387 -117 -3 19 19 92 4 -1 0
1 11561 218 -11 7 3 0 0 0 0 -2 4 4 47 -30 -296 -112 -14 20 20 -34 -3 -1 0
1 9998 189 -19 -2 1 0 0 0 0 1 7 0 44 -12 -174 -46 2 7 7 -28 -5 -3 0
1 10001 173 -5 1 -2 0 0 0 0 -1 0 -1 77 -10 -971 -279 0 44 44 -4 4 -1 0
1 10643 192 -4 -9 -164 0 -1392 0 -2 6 -93 -37 73 3 -107 -48 -9 10 10 61 1 5 0
1 10625 197 45 14 -63 0 0 0 0 -9 -50 -18 57 6 -1502 -454 -12 74 74 -69 -6 2 0
1 10475 178 37 3 5 0 0 0 0 -7 -7 1 -9 -7 -939 -294 -13 50 50 0 4 3 0
1 10001 184 34 -6 1 0 0 0 0 0 -7 -5 31 1 176 51 1 -8 -8 4 -4 -11 0
1 10393 173 -1 0 104 -6 1223 -1 0 1 56 37 35 18 -439 -134 -5 22 22 -16 -4 2 0
1 9606 163 -27 -15 109 -1 160 1 2 12 73 15 112 -4 -278 -101 -11 19 19 23 6 3 0
1 10001 160 1 8 -6 0 0 0 0 -4 -5 3 80 -5 -137 -53 -8 10 10 -8 -1 -3 0
1 10000 182 53 -3 -3 0 0 0 0 -5 -16 0 -2 -12 -927 -286 -10 48 48 19 -4 -4 0
1 10399 184 20 9 8 9 0 -1 0 -7 -2 8 -54 -22 -936 -274 -3 45 45 23 15 7 0
1 10618 172 15 5 -1 0 0 0 0 -6 -5 3 10 0 -133 -38 0 6 6 41 5 -6 0
1 10001 162 36 0 0 0 0 0 0 -5 -9 2 -18 -2 218 65 1 -11 -11 -28 -8 3 0
1 10001 162 7 -1 17 0 0 0 0 -1 9 3 -1 -12 -434 -131 -3 22 22 -66 -8 0 0
1 9999 173 5 -1 -15 0 0 0 0 0 -11 -3 -10 -5 -62 -20 -1 4 4 90 19 -2 0
1 9999 161 -3 -3 7 0 0 0 0 3 5 -2 -1 1 511 144 -2 -23 -23 -49 -18 0 0
1 8842 165 4 -2 97 -8 1233 0 0 2 60 17 -90 -1 -188 -49 3 7 7 -9 5 5 0
1 13377 238 -88 -6 136 -1 163 0 -2 15 106 -13 90 -8 199 43 -8 -5 -5 65 12 -1 0
1 11974 215 -41 -1 -13 0 0 0 0 5 2 -6 -40 -16 -85 -22 1 3 3 4 -1 -4 0
1 8186 141 -26 1 -118 4 -1391 0 0 1 -64 0 -56 -5 504 160 9 -27 -27 61 16 37 0
1 11726 210 -2 7 -101 0 -11 1 2 -4 -61 -4 73 -3 -849 -235 5 37 37 -14 -9 -31 0
1 10622 173 -12 4 1 0 0 0 0 -2 4 2 1 -3 -80 -34 -6 6 6 -132 -12 -4 0
1 9999 157 -21 -5 4 0 0 0 0 4 9 -1 52 5 3047 880 2 -142 -142 20 -2 4 0
1 9997 174 -11 5 -8 0 0 0 0 -2 -2 1 32 2 -3307 -958 -4 155 155 91 0 1 1
1 10003 166 -9 -1 6 0 0 0 0 2 6 -1 24 3 977 268 -8 -41 -41 -86 16 -6 0
1 10000 159 8 3 -9 0 0 0 0 -3 -8 1 38 -1 -1492 -437 -4 71 71 129 -2 2 -1
1 9997 152 46 -4 -5 0 0 0 0 -2 -15 -1 92 5 -133 -44 -3 8 8 63 -7 -1 0
1 10004 154 8 9 -5 0 0 0 0 -6 -6 4 17 0 143 21 -11 -1 -1 -174 -11 3 1
1 10000 150 5 -10 25 0 0 0 0 7 13 -3 40 -1 -799 -241 -7 41 41 30 12 -6 0
1 9444 137 -3 0 -8 0 1 -1 0 1 -4 -1 24 1 -688 -211 -7 36 36 11 -3 8 0
1 10556 183 -17 0 3 0 0 0 0 0 7 0 59 13 -303 -94 -4 16 16 -39 3 -4 0
1 9999 144 -18 6 -5 0 0 0 0 -1 2 3 73 20 -210 -79 -11 16 16 76 23 2 0
1 9401 135 5 -1 -1 0 -1 0 0 0 -2 -2 8 0 -206 -71 -6 13 13 -55 -22 -5 0
1 10619 179 -17 0 3 0 0 0 0 2 6 1 50 10 -1010 -306 -9 52 52 52 13 0 0
1 9998 143 15 -3 -5 0 0 0 0 0 -6 -1 8 0 11 -9 -7 3 3 -6 -9 -1 0
1 10000 146 2 2 6 0 0 0 0 -3 3 2 -9 -5 -685 -206 -5 35 35 82 11 3 0
1 10002 147 21 -2 -3 0 0 0 0 -1 -7 -1 -3 -9 -317 -89 1 15 15 -90 -14 4 0
1 9998 157 16 2 1 0 0 0 0 -1 -5 1 9 -3 64 13 -3 -2 -2 -3 7 -6 0
1 10001 139 6 -1 2 0 0 1 0 1 -1 -1 10 -4 -150 -42 0 7 7 -1 4 2 0
1 10001 156 2 0 4 0 0 0 0 -2 3 1 4 -2 -319 -93 0 16 16 10 -3 1 0
1 9998 151 -26 -1 -8 0 0 0 0 3 2 -2 5 -3 -29 -14 -4 3 3 32 7 -1 0
1 10002 155 -4 -1 10 0 0 -1 0 0 8 2 15 -1 -338 -103 -3 18 18 9486 9802 9919 9432
1 9999 151 -56 2 -8 0 0 0 0 5 10 -3 25 -2 126 34 -1 -6 -6 -9325 -9785 -9916 -9432
1 10000 164 -34 -5 -11 0 0 0 0 3 4 -3 0 0 -486 -145 -3 25 25 -128 -17 0 0
1 10128 172 -5 9 -93 -1 -1234 0 0 -5 -56 -7 -109 -1 883 250 -2 -41 -41 35 -4 -34 0
1 16935 300 -11 -14 62 -1 1239 0 -4 12 41 0 72 12 -2192 -645 -9 110 110 -21 13 28 0
1 7701 108 -7 112 37 142 0 -24 0 -76 21 72 65 4 936 256 -8 -42 -42 -14 6 4 0
1 7994 72 11 41 0 0 1 -37 0 -33 -5 22 -110 -6 67 17 -1 -2 -2 35 -6 2 0
1 9576 81 -1 1 1 0 0 -46 0 -2 2 1 89 -7 -175 -53 -1 9 9 511 42 -2 0
1 10015 71 4 -12 7 0 -1 -48 0 9 4 -5 -75 -5 404 121 3 -21 -21 -527 -46 3 0
1 9977 61 6 -9 -1 0 0 -49 0 7 -2 -3 47 -4 -775 -223 -1 37 37 128 11 -1 0
1 10002 66 4 -7 4 0 0 -48 0 5 2 -5 -64 -4 335 97 1 -16 -16 -132 -7 3 0
1 10023 54 -12 -3 -4 0 1 -47 0 4 0 -3 17 -6 -291 -85 -1 15 15 7 -4 -2 0
1 10001 49 -9 -14 1 0 -1 -47 0 9 4 -6 13 -4 209 61 0 -11 -11 -71 -8 -4 0
1 9976 52 -9 -9 5 0 0 -47 0 6 7 -4 19 -6 -368 -105 1 18 18 -42 -5 12 0
1 9959 27 -23 1 2 0 0 -46 4 4 7 -1 -6 -1 1174 341 2 -58 -58 -2 2 -12 0
1 14250 20 12 167 6 415 0 -1 -4 -131 -2 77 37 2 -568 -161 1 27 27 184 14 5 0
1 7629 -42 16 345 6 0 0 -28 0 -333 -1 28 -14 1 -66 -28 -5 5 5 -108 -7 -2 0
1 8157 -46 -15 -11 2 0 0 -36 0 7 7 3 -22 3 116 38 3 -6 -6 -9 3 -4 0
1 10007 -63 -27 -15 -3 0 0 -47 0 20 4 2 -81 -1 -9 -2 0 0 0 88 1 4 1
1 9996 -78 -16 -8 3 0 0 -48 0 7 8 2 89 3 69 25 3 -5 -5 -10 8 -4 -1
1 10006 -83 31 -4 12 0 0 -50 0 0 3 0 22 -1 -432 -127 -2 22 22 -108 -23 4 0
1 9996 -106 -5 -4 -9 0 0 -48 0 7 -8 1 -20 27 434 127 2 -22 -22 135 23 -3 0
1 10001 -110 2 -13 -3 0 0 -50 0 10 -2 2 40 6 191 44 -7 -6 -6 278 41 2 0
1 9993 -117 -1 -2 10 0 1 -51 0 1 9 -1 -1 11 -411 -123 -2 21 21 -333 -41 -1 0
1 10019 -133 -37 18 11 0 -1 -52 0 -17 22 -2 -71 -5 -476 -138 -1 24 24 27 3 -1 0
1 12963 -199 144 8 200 0 1410 -20 2 -10 137 -19 84 -2 129 39 1 -7 -7 -64 -14 -3 0
1 10622 -168 119 12 34 0 0 0 0 -20 -7 -2 -4 0 285 91 5 -17 -17 84 14 -1 1
1 8767 -141 27 -11 -113 11 -1390 -1 0 3 -106 16 -136 -8 -4241 -1213 2 205 205 -64 -10 1 -1
1 11234 -196 -7 0 -131 0 -7 -1 2 3 -118 -7 125 6 4261 1230 5 -209 -209 42 14 3 0
1 10000 -170 -54 -9 -16 0 0 0 0 16 0 3 -4 1 190 54 -1 -9 -9 -42 -13 -1 1
1 10000 -172 -12 -8 3 0 0 0 0 9 6 3 2 2 -131 -39 -1 7 7 14 11 -3 0
1 10138 -166 74 -4 -1 -12 -4 -2 0 -10 -19 -5 -51 4 322 91 0 -15 -15 -38 -20 -3 -1
1 10618 -172 -5 -7 -3 0 0 0 0 12 -4 0 1 5 -85 -15 5 1 1 -33 4 11 1
1 10001 -175 10 -8 1 0 0 0 0 2 1 1 1 2 -46 -10 2 2 2 263 32 -7 0
1 10002 -160 2 1 0 0 0 -1 0 0 -1 0 1 1 129 37 0 -7 -7 -211 -29 8 0
1 9997 -165 -24 -2 2 0 0 0 0 7 7 1 -8 3 178 52 1 -9 -9 -6 -8 -9 0
1 10000 -154 -15 4 -4 0 0 0 0 -3 1 1 -25 -1 370 109 1 -18 -18 -58 -12 5 -1
1 10005 -158 42 -1 7 0 0 0 0 -5 -5 -2 -128 -26 -2931 -835 4 139 139 -35 -6 0 1
1 9995 -169 -4 -4 -7 0 0 0 0 3 -4 0 -28 -7 3278 962 12 -163 -163 109 20 -5 0
1 10000 -148 -30 5 3 0 0 0 0 2 9 2 -22 -1 637 195 7 -34 -34 -88 -15 4 0
1 9424 -168 -2 4 2 0 0 0 0 -1 1 0 -3 14 -11 6 5 -3 -3 -33 -5 -1 0
1 10577 -167 -22 -3 -13 0 0 0 0 3 -4 0 9 9 530 159 3 -26 -26 -12 2 3 0
1 9999 -160 -24 -3 9 0 0 0 0 4 16 4 -6 -3 -672 -191 2 31 31 8 -2 2 0
1 9423 -161 -26 -3 1 0 0 0 0 6 8 1 63 31 1000 284 -2 -47 -47 -4 -2 -2 0
1 10578 -172 -66 6 -13 0 0 0 0 -1 7 1 -11 -1 351 94 -4 -15 -15 67 6 -2 0
1 9999 -152 -30 -9 16 0 0 0 0 11 24 3 87 31 -657 -190 -1 32 32 -52 4 2 0
1 8351 -110 27 18 94 0 1385 0 0 -20 79 1 -139 28 827 226 -6 -36 -36 -24 -10 -5 0
1 14008 -255 118 21 139 0 20 -1 -2 -30 89 -17 178 37 -775 -232 -5 40 40 -49 -9 2 0
1 8281 -137 -10 -8 -113 9 -1422 0 0 6 -96 13 70 33 -801 -244 -9 42 42 29 7 1 0
1 11721 -227 -27 6 -109 0 -9 0 2 3 -95 -4 40 10 -1008 -307 -9 53 53 -23 -8 -1 0
1 10000 -188 -42 -12 -5 0 0 0 0 11 9 3 365 134 1347 353 -19 -55 -55 27 0 -2 0
1 9998 -178 15 -17 14 0 0 0 0 16 9 3 -68 -25 -759 -261 -25 49 49 -26 2 1 0
1 10000 -174 -6 16 -18 0 -4 0 0 -14 -15 -4 179 70 -664 -207 -10 37 37 -39 -11 -4 0
1 10001 -177 -14 -4 0 0 0 0 0 7 3 2 55 16 -262 -103 -16 21 21 37 5 5 0
1 10001 -166 -5 -3 -2 0 0 0 0 0 1 0 -53 -6 -227 -89 -13 17 17 -8 -3 -6 0
1 9420 -161 -26 -9 15 0 0 0 0 8 22 3 -79 -12 -514 -148 -1 25 25 -37 -4 3 0
1 10578 -177 -54 4 -14 0 0 0 0 1 2 0 -8 -3 -68 -14 4 2 2 50 11 4 0
1 10001 -161 -23 6 6 0 0 0 0 -3 12 1 -29 -3 -202 -58 0 10 10 -34 -8 1 0
1 8354 -138 24 3 92 0 1408 0 0 -7 79 -1 -194 -23 1566 455 3 -77 -77 33 18 -4 0
1 14169 -270 109 23 135 0 19 0 -2 -27 87 -21 58 -14 -1168 -311 13 49 49 -56 -17 6 0
1 10003 -189 54 -6 -6 0 0 0 0 0 -20 4 34 9 387 118 5 -21 -21 23 7 -1 0
1 8345 -147 16 3 -92 -9 -1409 0 0 0 -90 13 -175 -15 151 47 2 -8 -8 3 -5 -8 0
1 11653 -212 -34 -29 -126 1 -3 0 2 27 -102 -1 86 -5 -233 -51 9 6 6 18 -2 10 0
1 10000 -169 -30 -8 -14 0 0 0 0 13 -5 1 -34 -4 467 140 3 -24 -24 41 -13 -49 0
1 10000 -148 -41 -5 4 0 0 0 0 6 16 2 -112 -15 -161 -37 5 5 5 -54 12 50 0
1 10001 -142 -11 14 8 -1 -1 -1 0 3 5 2 -186 -36 428 146 13 -27 -27 0 4 -9 0
1 9999 -135 -15 -14 -11 0 0 0 0 0 0 -1 -3 -2 325 131 22 -27 -27 23 9 1 0
1 10000 -131 43 6 13 0 0 0 0 -11 -1 0 -123 -24 974 295 9 -51 -51 -5 -9 10 0
1 9999 -121 6 -2 -7 1 0 0 0 4 -8 -1 -99 -18 -2231 -616 14 100 100 16 1 -1 0
1 10001 -133 -16 -3 -1 0 0 0 0 6 3 0 -53 -10 3745 1104 16 -187 -187 -29 -8 -8 0
1 9999 -126 59 7 8 0 0 0 0 -12 -11 -2 -432 -47 909 286 14 -50 -50 65 18 3 0
1 9422 -111 36 -4 -4 0 0 0 0 -4 -12 -2 -114 -3 647 253 38 -49 -49 6 3 4 0
1 10579 -120 11 5 -8 0 0 0 0 -5 -11 -3 -44 -2 2107 666 33 -116 -116 -67 -16 -7 0
1 10000 -135 31 -7 6 0 0 0 0 2 -2 0 3 0 1184 372 17 -63 -63 18 6 7 0
1 10000 -136 9 3 -6 0 0 0 0 -4 -9 -3 6 7 1164 352 10 -59 -59 30 7 -10 0
1 10000 -120 -4 -1 0 0 0 0 0 4 0 1 4 7 1061 316 5 -51 -51 -23 0 3 0
1 10001 -127 2 2 0 0 0 0 0 -4 0 0 22 12 241 74 3 -13 -13 -28 -10 7 0
1 9999 -142 -20 -1 3 0 0 0 0 3 9 2 4 6 -387 -112 0 18 18 18 5 -11 0
1 10000 -152 -21 -1 0 0 0 0 0 5 6 1 10 3 -3491 -1006 -1 162 162 7 1 8 0
1 10000 -131 -20 -5 0 0 0 0 0 6 6 3 3 3 3635 1046 0 -168 -168 -16 -4 -1 0
1 10000 -152 -21 2 4 0 0 0 0 0 10 1 2 2 557 161 0 -26 -26 -20 -11 6 0
1 10000 -139 -34 1 -3 0 0 0 0 2 7 1 1 3 -155 -46 -1 8 8 2 11 -7 0
1 10000 -140 -69 1 -8 0 0 0 0 6 12 2 117 43 205 60 1 -10 -10 196 21 1 0
1 9387 -137 13 9 111 0 1406 0 0 -13 100 2 -86 0 -227 -83 -10 15 15 -183 -29 2 0
1 13400 -222 62 18 125 -1 18 0 -2 -19 93 -19 161 37 -345 -111 -6 19 19 14 10 2 0
1 9999 -170 24 -2 -10 0 0 0 0 0 -16 4 -30 6 307 75 -7 -10 -10 -37 -10 -1 0
1 10000 -174 -1 3 6 0 0 0 0 -4 6 -2 184 78 -281 -80 0 13 13 -21 -2 -1 0
1 9156 -139 13 -10 -53 2 -505 0 0 6 -50 10 22 48 65 -16 -19 6 6 1 10 -6 0
1 11169 -181 -46 -5 -158 2 -922 0 2 10 -132 3 436 161 -175 -76 -14 16 16 87 -5 9 0
1 10006 -149 34 -9 -8 0 0 0 0 10 -19 -1 169 88 160 -38 -46 16 16 -72 6 -5 0
1 9995 -146 37 -6 0 0 0 0 0 -2 -9 -1 143 62 -209 -102 -23 21 21 9 -13 -2 0
1 9424 -136 4 0 -5 -1 -3 0 0 0 -6 -1 10 13 -273 -134 -30 28 28 13 6 1 0
1 10575 -139 27 -1 4 0 0 0 0 -3 -4 -2 -73 1 941 248 -13 -37 -37 -32 -1 1 0
1 10005 -141 -1 2 1 0 0 0 0 2 0 0 1 6 -992 -286 0 46 46 51 2 3 0
1 9421 -129 21 2 1 1 0 0 0 -6 -5 -1 -30 2 78 19 -2 -3 -3 -9 -10 -17 0
1 10575 -156 -1 -2 -10 0 0 0 0 3 -9 -2 -129 -7 436 125 0 -20 -20 -2 4 16 0
1 10005 -122 44 -3 10 0 0 0 0 -8 -1 0 -101 -1 634 198 9 -33 -33 -33 1 -1 0
1 8279 -97 -39 6 -117 8 -1354 0 0 2 -92 -31 -107 12 5667 1651 13 -263 -263 -4 2 -1 0
1 13385 -187 -100 -10 -110 0 -20 -1 -2 22 -66 -30 6 22 -3115 -869 14 133 133 1 -6 2 1
1 8787 -92 -27 9 113 -13 1399 0 0 -3 101 47 -102 12 1450 430 7 -69 -69 186 14 4 -1
1 11212 -167 27 1 100 0 0 -1 2 -5 82 20 112 45 1444 429 8 -69 -69 -179 -15 -3 0
1 10000 -129 28 -5 3 0 0 0 0 0 -5 -1 -14 41 -895 -262 -3 41 41 -15 4 -1 0
1 10000 -139 -11 -7 -3 0 0 0 0 7 1 0 -442 -75 2991 860 1 -133 -133 35 5 2 0
1 9422 -139 12 11 1 0 0 1 0 -7 -5 -1 -349 -52 2118 673 34 -111 -111 6 -7 -6 0
1 10578 -143 107 3 6 0 0 0 0 -18 -25 -7 -534 -83 2319 773 56 -130 -130 52 10 12 0
1 10001 -134 54 -12 -2 0 0 0 0 -3 -11 -4 -396 -37 2418 820 64 -137 -137 -85 -5 12 1
1 8603 -119 20 3 -108 7 -1389 -1 0 -6 -98 -39 -485 -16 6788 2063 55 -316 -316 -16 -2 0 -1
1 14952 -175 -130 -23 -116 0 -18 0 -2 44 -63 -31 -1567 -147 5491 1784 99 -278 -278 66 8 58 0
1 10041 -107 -75 10 -4 0 0 0 0 0 14 10 -491 -68 4341 1543 140 -246 -246 92 12 9 1
1 8290 -95 -41 8 133 0 1396 0 0 -2 122 56 -190 -11 5618 1852 107 -277 -277 -77 -8 -18 -1
1 11711 -149 -106 11 81 0 0 0 2 -10 105 22 -233 -27 10627 3280 87 -453 -453 39 17 5 0
1 10000 -113 -84 1 13 0 0 0 0 4 36 3 -286 -15 9246 2771 35 -360 -360 -21 -9 3 0
1 10000 -121 3521 -4 -13 0 0 0 0 -1 11 0 -26 15 5013 1630 74 -218 -218 55 11 28 0
1 8419 -100 -18 14 126 0 1385 0 0 -17 121 -15 -40 15 8066 2418 27 -297 -297 -94 -3 -19 0
1 13636 -181 19 14 116 0 18 0 -2 -15 94 -33 139 36 5659 1708 23 -206 -206 71 1 26 1
1 10354 -153 -4 -10 6 0 0 0 0 10 6 -2 55 18 1822 559 11 -67 -67 -31 -17 -5 0
1 10000 -137 -8 2 0 0 0 0 0 3 3 0 51 30 1351 408 5 -48 -48 51 3 11 -1
1 9999 -149 24 -7 -7 0 0 0 0 1 -12 6 -9 19 1883 528 -9 -59 -59 -35 -1 -7 0
1 10000 -135 -3588 -5 0 0 0 0 0 6 -3 1 -313 -47 328 117 9 -15 -15 -19 3 13 0
1 10537 -129 50 6 0 0 0 0 0 -6 -13 6 -250 -34 2729 850 21 -101 -101 13 -4 -9 0
1 10348 -128 3480 20 -36 0 0 0 0 -21 -1 -4 -251 85 1511 525 34 -66 -66 30 15 44 0
1 9999 -130 -188 10 14 0 0 0 0 -30 52 -30 -244 217 1330 478 37 -61 -61 45 -4 27 1
