version: 66.11
glider: 175
mission: 11
dive: 112
start: 5 26 126 16 5 19
columns: rec,elaps_tms,depth,heading,pitch,roll,AD_pitch,AD_roll,AD_vbd,GC_phase,mag.x,mag.y,mag.z,sbect.TempFreq,sbect.CondFreq,aa4330.O2,aa4330.AirSat,aa4330.Temp,aa4330.CalPhase,aa4330.TCPhase,wlbb2f.redCount,wlbb2f.blueCount,wlbb2f.fluorCount,wlbb2f.VFtemp,
data:
0 18221 -307 1825 -698 -11 250 2019 707 2 402 -34 272 270305 164671 332790 96293 10855 31884 31884 578 204 375 569
1 9986 3 -3 -29 -16 0 -1 276 0 14 -10 -17 56 0 -197 -66 -4 9 9 123 13 7 0
1 9997 7 -90 20 37 -1 1 279 0 -7 -10 9 -97 1 34 -10 -9 4 4 -117 -39 -80 0
1 10026 25 22 -25 -52 0 0 270 0 14 -23 -20 51 -2 -1195 -335 5 41 41 63 29 45 0
1 10009 29 35 -21 13 1 0 267 0 11 20 -10 13 -2 45756 14627 547 -1793 -1793 48 15 19 0
1 9976 23 36 -7 -9 0 0 254 0 6 8 -6 -106 1 9852 2935 19 -307 -307 61 -19 -54 0
1 9998 44 71 -11 13 0 0 249 0 8 32 -14 -70 -5 4452 1339 13 -138 -138 6 40 55 -1
1 9990 63 43 -10 -23 0 0 260 0 5 3 -9 -90 -49 1785 527 1 -52 -52 -162 -64 -77 0
1 15021 299 191 34 -78 594 -1 225 -1 -7 19 9 -227 -375 146 151 41 -23 -23 43 44 29 0
1 9988 298 -37 254 32 1465 -154 146 2 -166 -13 155 237 -46 2752 887 29 -94 -94 12 -5 -8 0
1 14759 450 21 95 -177 2 -1239 4 1 -73 -148 26 1216 -24 -4758 -1518 -45 160 160 -109 -29 -70 1
1 10001 331 -6 16 -22 0 0 0 0 -17 -22 1 110 22 -10487 -3309 -90 354 354 14 -6 -23 -1
1 10000 330 -30 2 4 0 0 0 0 -7 -7 0 260 40 -13251 -4004 -51 436 436 24 11 8 0
1 9999 338 -33 -11 14 0 0 0 0 3 3 0 362 33 1847 469 -28 -45 -45 -64 -11 -19 0
1 10000 360 -84 -5 15 0 0 0 0 -6 -16 -2 217 5 -2700 -928 -57 112 112 53 5 12 0
1 10000 345 -22 23 -20 0 0 0 0 -26 -27 -2 2709 437 -2928 -975 -49 118 118 -162 -31 -46 1
1 10000 318 36 28 -18 0 0 0 0 -19 -6 5 136 69 -24409 -7873 -331 983 983 -24 -5 -43 -1
1 10000 280 40 9 1 0 0 0 0 -1 13 4 145 26 -11754 -3598 -90 469 469 26 6 4 0
1 10000 267 46 9 15 0 0 0 0 0 27 8 8 14 -5498 -1690 -48 227 227 -58 -12 17 0
1 10000 251 31 -9 6 0 0 0 0 13 16 2 1121 133 -2273 -704 -22 97 97 -21 3 -40 0
1 10001 237 25 2 -10 0 0 0 0 4 -2 -2 176 38 -7876 -2596 -156 383 383 -19 -4 -9 0
1 9999 237 35 2 0 0 0 0 0 6 11 1 791 92 -7029 -2160 -69 314 314 -24 -8 -8 0
1 10001 237 44 5 -5 0 0 0 0 5 7 0 120 -3 -7883 -2447 -94 370 370 38 6 27 0
1 9999 238 42 -3 6 0 0 0 0 13 17 0 -2 -9 -4559 -1376 -37 209 209 -19 -2 -28 0
1 10000 233 19 -5 1 0 0 0 0 10 6 -3 109 -16 -2475 -757 -25 118 118 -6 6 10 0
1 10000 243 25 3 2 0 0 0 0 2 8 -1 -195 -73 -2032 -622 -22 99 99 20 -1 -12 0
1 10000 226 27 0 -4 0 0 0 0 7 3 -1 -99 -50 -1204 -323 11 46 46 27 12 9 0
1 10000 232 50 6 7 0 0 0 0 9 15 -1 -298 -169 37 31 11 -7 -7 -29 -5 -5 0
1 10000 233 13 -9 -9 0 0 0 0 11 -4 -5 -94 -69 -505 -72 38 3 3 52 3 -1 0
1 10001 229 44 3 -13 0 0 0 0 7 0 -4 -19 -28 -807 -203 14 28 28 9 3 -2 0
1 10439 253 16 1 17 0 0 0 0 6 15 0 16 -21 -1009 -274 8 40 40 22 0 2 0
1 10000 230 36 -2 -7 0 0 0 0 11 1 -5 16 -11 -368 -104 1 16 16 -19 0 0 0
1 10427 246 35 -5 -8 0 0 0 0 14 -1 -7 29 -43 -607 -177 -3 27 27 -24 -5 -2 0
1 10000 247 -1 5 16 0 0 0 0 -3 10 2 49 -23 -1271 -373 -4 58 58 17 5 1 0
1 10432 242 -4 -11 1 0 0 0 0 8 1 -3 55 -4 -1057 -308 -4 49 49 -18 -1 -1 0
1 10001 243 18 1 -4 0 0 0 0 3 0 -2 37 -3 -732 -226 -8 37 37 52 2 -1 0
1 10444 262 46 5 -15 0 0 0 0 9 -6 -5 -28 -54 -1250 -372 -8 59 59 -30 3 -2 0
1 10001 245 7 -1 4 0 0 0 0 3 4 -1 -28 -48 -707 -195 4 30 30 5 -2 -1 0
1 11531 296 -20 -4 29 0 0 0 0 -3 20 2 6 -56 -1372 -388 2 60 60 34 4 1 0
1 9999 249 8 -3 -8 0 0 0 0 6 -7 -3 -16 -32 -60 -17 0 3 3 17 3 4 0
1 9046 231 -1 9 96 -7 1232 3 0 -6 70 1 -137 -8 -1561 -446 0 70 70 -24 -1 -6 0
1 10954 250 -23 31 129 50 161 0 2 -32 97 -4 135 -3 -397 -112 1 18 18 41 5 4 0
1 10001 212 -59 -1 -13 0 0 0 0 -15 -14 10 -2 -1 266 77 1 -12 -12 -51 -8 -4 0
1 9999 205 -8 -1 -2 0 0 0 0 -3 0 1 -10 -9 -166 -45 1 7 7 27 2 3 0
1 9260 200 61 -1 -39 33 -1148 0 0 17 -23 -1 -85 -17 -379 -108 0 17 17 -16 -5 0 0
1 14356 323 100 45 -188 -1 -223 0 -2 -5 -151 13 70 4 -89 -22 2 3 3 -23 -3 -3 0
1 10452 204 -82 -11 -23 0 0 0 0 -15 -25 4 -3 -16 -99 -29 0 4 4 2 9 1 0
1 10001 192 14 16 74 0 0 0 0 -10 61 8 -14 -21 -75 -18 2 3 3 15 2 0 0
1 9999 177 35 -17 -26 0 0 0 0 25 -18 -10 -62 -162 -68 -14 2 2 2 34 6 2 0
1 10718 167 7 3 0 0 0 0 0 -1 2 0 -68 -79 -1296 -359 7 55 55 67 12 -8 0
1 10000 181 19 3 -1 0 0 0 0 4 -3 -2 -20 -33 -1071 -290 9 45 45 -7 2 0 0
1 10001 160 34 6 -6 0 0 0 0 5 -5 -3 -5 -13 -805 -222 4 35 35 26 2 0 0
1 10446 179 63 4 0 0 0 0 0 14 4 -6 -5 -12 -743 -209 2 33 33 -22 4 10 0
1 10000 168 46 -1 3 0 0 0 0 14 3 -7 -1 -19 -156 -42 2 6 6 -27 -12 -8 0
1 10809 179 47 -4 -3 0 0 0 0 15 -5 -9 5 -24 186 55 1 -9 -9 60 26 3 0
1 11929 202 59 0 3 0 0 0 0 15 3 -9 -2 -4 -436 -123 1 20 20 95 2 -3 0
1 9999 177 39 4 -1 0 0 0 0 6 -6 -5 11 -6 -302 -88 -1 14 14 -63 0 4 0
1 11901 205 0 -11 4 0 0 0 0 8 2 -4 53 -10 -37 -12 -1 2 2 -4 -7 1 0
1 10000 189 11 5 -6 0 0 0 0 0 -2 0 9 -24 -333 -107 -6 19 19 3 3 -2 0
1 10000 179 30 4 3 0 0 0 0 4 -1 -2 2 -4 -308 -92 -2 15 15 -34 -9 -2 0
1 10447 184 23 4 -13 0 0 0 0 2 -13 -4 -22 -18 -540 -154 0 25 25 57 9 2 1
1 10000 185 20 -3 2 0 0 0 0 8 2 -4 -17 -22 73 22 0 -3 -3 5 1 -2 -1
1 10000 186 25 5 0 0 0 0 0 2 -3 -2 -6 -6 0 4 3 -1 -1 -26 2 3 0
1 11890 205 50 0 -1 0 0 0 0 10 -7 -8 -3 -9 -232 -64 1 10 10 42 8 -5 1
1 10000 162 43 -2 7 0 0 0 0 7 -5 -7 -6 -9 -98 -27 0 4 4 18 1 4 -1
1 11935 201 47 -2 -2 0 0 0 0 11 -5 -10 -12 -14 -68 -18 1 3 3 44 4 -3 0
1 9998 167 36 1 3 0 0 0 0 4 -6 -4 0 1 -317 -88 2 14 14 -89 -14 3 0
1 9999 162 36 -1 -2 0 0 0 0 8 -4 -8 -1 -3 100 29 0 -5 -5 38 10 2 0
1 10446 178 47 5 -1 0 0 0 0 3 -10 -5 1 -2 -343 -98 0 16 16 -22 -7 2 0
1 10000 164 50 -2 2 0 0 0 0 6 -9 -8 -5 -9 167 48 0 -8 -8 149 21 -1 0
1 10963 171 43 1 2 0 0 0 0 8 -4 -8 47 6 22 6 0 -1 -1 -159 -17 -3 1
1 11939 204 52 -2 -4 0 0 0 0 4 -15 -9 45 6 -301 -95 -5 17 17 105 20 3 -1
1 8821 145 63 0 52 -1 537 0 0 3 18 1 -149 -28 -406 -123 -3 21 21 61 -1 -16 1
1 11179 180 4 -18 162 -3 847 0 2 8 102 4 90 2 -97 -22 3 3 3 -12 12 13 -1
1 10001 178 -1 0 7 0 0 0 0 1 5 -1 -10 -13 -198 -55 1 8 8 11 -3 2 0
1 10000 181 36 7 -11 0 0 0 0 -4 -17 6 13 -1 235 71 2 -12 -12 -18 -3 -9 0
1 9999 171 14 -5 11 0 0 0 0 5 4 -5 11 -4 -490 -141 -1 24 24 -33 -10 11 1
1 10000 178 -24 -1 -1 0 0 0 0 1 6 -1 103 -11 -179 -56 -2 9 9 256 76 0 -1
1 10001 190 -19 8 8 0 0 0 0 -4 10 5 14 -2 -71 -39 -11 9 9 57 2 -9 0
1 9999 177 -6 -7 -10 0 0 0 0 0 -5 -2 -5 -2 -823 -242 -4 41 41 -18 -1 36 0
1 10001 171 -30 -2 9 0 0 0 0 0 13 0 9 -3 -272 -81 -1 14 14 129 18 -39 0
1 9999 169 -9 11 5 0 0 0 0 -10 4 10 -12 -14 -105 -34 -3 6 6 -145 -9 12 1
1 9345 155 6 -9 -32 0 0 0 0 8 -20 -8 -168 -4 -332 -95 1 15 15 147 18 -1 0
1 10657 180 44 9 15 0 1 0 0 -1 -2 2 118 -15 -85 -18 3 3 3 -38 -24 -3 -1
1 9998 174 -30 -2 14 0 0 0 0 -2 16 1 -23 -15 284 86 2 -15 -15 -99 -10 2 1
1 10000 174 66 -9 -9 0 0 0 0 10 -22 -10 -32 -12 -173 -40 6 5 5 31 0 -3 -1
1 10000 182 -9 5 -8 0 -1 1 0 -4 -3 4 -72 -42 369 110 3 -19 -19 -64 -14 2 1
1 10001 181 24 -6 1 0 0 0 0 6 -5 -6 11 0 -50 1 8 -2 -2 -54 3 -1 0
1 11181 215 -11 52 7 196 0 -1 -4 -35 4 36 -110 -4 -202 -58 0 10 10 93 16 0 0
1 7706 92 48 117 3 0 1 -33 0 -86 -15 62 -106 -33 406 121 2 -20 -20 -181 -14 3 0
1 9930 69 -3545 47 16 0 0 -45 0 -37 -4 19 -28 -16 495 161 11 -29 -29 106 -19 -2 0
1 10006 44 13 -10 0 0 0 -48 0 8 -3 -4 57 -1 -108 -22 5 2 2 -142 -13 5 0
1 10019 51 -15 0 2 0 0 -50 0 1 6 -1 -89 -6 -302 -81 4 13 13 77 5 -5 0
1 9975 52 52 -6 -1 0 0 -48 0 4 -16 -2 59 -4 222 68 2 -12 -12 -123 -17 1 0
1 10004 39 22 -19 -2 0 0 -48 0 16 -7 -10 18 5 -201 -55 1 9 9 94 15 -4 0
1 10007 41 1 -1 5 0 0 -49 0 2 3 -1 -89 -5 -311 -90 0 15 15 -67 -8 0 0
1 9983 36 14 1 6 0 0 -47 0 -2 1 2 85 1 311 92 1 -16 -16 -50 -2 -1 0
1 10000 34 -9 -14 -6 0 0 -48 0 13 -2 -8 17 4 -188 -51 2 8 8 358 33 4 0
1 10015 23 -8 -23 0 0 0 -47 0 17 3 -10 -25 -1 261 75 0 -12 -12 -305 -36 -1 0
1 10005 25 12 5 10 0 0 -48 0 -8 5 5 -14 -2 -2 1 1 -1 -1 76 40 0 0
1 9976 10 -27 -8 -3 0 0 -47 0 9 5 -6 -17 0 301 86 0 -14 -14 151 1 6 -1
1 13986 9 -6 36 1 15 0 -34 0 -22 1 17 47 -2 -577 -163 1 27 27 -227 -4 30 1
1 7604 -42 57 446 10 424 0 -19 0 -419 -11 61 -79 -2 449 118 -6 -18 -18 -10 -32 -35 0
1 8424 -75 21 42 15 1 0 -37 0 -41 6 -10 91 2 99 37 5 -7 -7 24 39 8 0
1 10006 -87 11 -25 -21 0 0 -48 0 20 -21 4 -23 1 -409 -116 1 19 19 228 12 -6 0
1 9978 -117 10 -3 17 0 0 -49 0 7 12 2 -30 4 534 150 -2 -25 -25 -258 -48 -6 0
1 10019 -144 -63 -10 -9 0 0 -50 0 8 11 3 44 2 -788 -227 -1 38 38 150 31 0 0
1 9998 -150 -25 -9 11 0 0 -50 0 7 18 3 -76 5 599 169 -1 -28 -28 -158 -34 -4 0
1 9999 -165 -43 -3 -1 0 0 -50 0 0 12 0 129 18 -342 -98 0 16 16 248 45 5 0
1 9985 -170 3483 0 -27 0 0 -53 0 -3 9 -1 21 19 -19 -14 -5 4 4 56 -3 -5 0
1 10000 -186 28 12 11 0 0 -52 0 -4 2 -1 -22 16 59 3 -8 1 1 -95 4 3 0
1 10026 -208 -45 -18 25 0 0 -50 0 15 37 2 107 43 -113 -40 -4 8 8 59 4 4 0
1 9989 -201 -62 -1 -14 0 -1 -52 0 -4 3 -2 -34 2 -315 -108 -10 19 19 -92 -10 -3 0
1 10000 -216 -26 -20 2 0 1 -52 0 9 7 1 50 22 356 98 -2 -15 -15 18 0 -2 0
1 11178 -256 -60 9 -15 0 -1 -21 4 -10 4 -2 194 36 4203 1184 -10 -192 -192 126 35 0 0
1 10000 -223 -19 0 -13 0 0 0 0 -1 -7 1 5 5 -5011 -1447 -8 239 239 -22 -14 3 0
1 10000 -237 32 -3 19 0 0 0 0 3 8 -1 -34 7 36 8 -2 -1 -1 -145 -28 -1 0
1 8104 -185 -10 -1 -2 -19 1 -4 0 2 1 0 -223 5 469 139 4 -24 -24 -116 -19 41 0
1 11896 -292 -42 -4 -5 1 0 0 0 0 7 -1 106 11 223 85 11 -16 -16 146 14 -43 0
1 10000 -235 -54 -5 -5 0 0 0 0 -7 6 -1 -21 10 513 149 2 -25 -25 -314 -70 9 0
1 10000 -222 -30 4 5 0 0 0 0 -7 12 -4 3 10 454 138 4 -24 -24 -5 11 -8 0
1 8816 -208 7 5 75 -21 1238 -1 0 -5 64 -17 -57 4 -73 -18 2 3 3 8 -12 4 0
1 14092 -356 124 -2 157 0 178 0 -2 18 102 -40 64 14 900 258 0 -42 -42 77 16 0 0
1 10000 -240 54 -2 8 0 0 0 0 5 -5 5 -1 6 163 46 0 -8 -8 -47 -2 -7 0
1 8838 -205 17 -9 -97 -24 -1433 -1 0 13 -83 38 -106 10 -708 -203 -1 34 34 33 -20 -45 0
1 11163 -248 -22 -31 -120 0 0 0 2 25 -102 28 123 20 2100 604 2 -100 -100 -117 5 48 0
1 9999 -197 -38 -1 -21 0 0 0 0 6 -7 1 25 24 -1435 -417 -3 69 69 13 2 -6 0
1 10000 -192 -41 -6 -1 0 0 0 0 -2 9 -1 21 14 337 90 -4 -14 -14 8 12 1 0
1 10000 -181 -36 -2 -3 0 -4 0 0 -2 6 -1 3 9 134 34 -2 -5 -5 -11 -20 5 0
1 10001 -194 -35 -2 4 0 0 0 0 -7 10 -3 0 8 20 6 0 -1 -1 117 32 -3 0
1 10000 -179 -2 5 2 0 0 0 0 -2 4 -1 -33 24 -64 -20 -1 4 4 -116 -33 5 0
1 8536 -155 41 11 93 0 1418 -1 0 -5 73 -18 -127 4 444 132 3 -22 -22 49 -2 -39 0
1 13403 -283 117 8 138 0 20 0 -2 -2 87 -37 76 16 406 126 5 -22 -22 -62 -4 38 0
1 8286 -178 35 4 -83 8 -1423 0 0 9 -75 34 -121 12 -1330 -377 2 61 61 -41 4 -4 0
1 11714 -257 7 -7 -126 1 -2 0 2 4 -115 26 135 17 2617 750 1 -122 -122 -1 -10 7 0
1 10000 -224 -27 -8 -14 0 0 0 0 3 -7 1 8 10 -877 -254 -2 41 41 -13 13 -9 0
1 10000 -204 -28 -2 -1 0 0 0 0 -3 6 -1 -4 17 200 56 -1 -9 -9 15 -13 0 0
1 10000 -208 -37 4 -3 0 -5 0 0 -2 8 -1 -4 25 113 35 2 -6 -6 -9 11 2 0
1 10000 -197 -46 1 4 0 0 0 0 -4 16 -3 50 70 54 14 -1 -2 -2 26 -9 0 0
1 9999 -187 10 0 2 0 0 0 0 -3 -2 0 14 18 670 185 -4 -29 -29 -35 -4 3 0
1 10000 -218 -12 0 -3 0 1 0 0 2 1 0 20 23 225 61 -2 -9 -9 -34 -6 -2 0
1 10001 -203 6 -7 2 0 0 0 0 8 1 1 32 51 531 145 -4 -23 -23 -9 -7 4 0
1 9999 -205 7 -2 -11 0 0 0 0 0 -13 2 -11 24 197 48 -4 -7 -7 -11 -3 0 0
1 10001 -177 49 4 -8 0 -1 0 0 3 -19 3 1 10 390 111 0 -18 -18 -21 7 -5 0
1 9999 -180 -45 14 -9 0 0 0 0 -17 4 -3 4 4 1778 505 -2 -80 -80 27 -7 6 0
1 10001 -202 -12 -4 1 0 0 0 0 0 3 0 18 29 -1078 -311 -2 50 50 -35 -4 -2 0
1 9999 -178 81 1 15 0 0 0 0 7 -7 1 10 23 301 81 -2 -12 -12 -17 6 -3 0
1 10001 -194 -14 -4 -6 0 0 0 0 6 -1 1 -2 -6 2 0 -1 0 0 15 2 0 0
1 9999 -203 -23 5 -2 0 0 0 0 -5 5 -1 18 15 552 156 -1 -25 -25 -12 -10 7 0
1 10000 -191 105 -5 -19 0 0 0 0 10 -47 3 21 32 6782 1935 -2 -305 -305 63 6 -1 0
1 10001 -180 -20 8 -22 0 0 0 0 -7 -14 -1 5 8 -6601 -1892 -3 299 299 -34 -1 -8 0
1 10000 -191 113 3 37 0 0 0 0 0 2 1 2 4 -47 -16 -1 3 3 -50 -4 0 0
1 8533 -144 -63 -21 -87 10 -1365 0 0 22 -62 -3 -96 16 -389 -112 -1 18 18 19 2 14 0
1 12209 -208 -89 -14 -69 0 539 -1 -2 10 -39 -5 61 45 967 274 -1 -44 -44 3 -31 -57 0
1 11178 -161 5 15 147 -14 853 -1 2 -24 132 9 113 115 450 126 -1 -19 -19 -20 26 49 0
1 10000 -151 -67 1 13 0 0 0 0 -6 30 -3 -17 10 296 76 -5 -11 -11 0 -7 -3 0
1 10000 -162 -102 3 -12 0 0 0 0 -14 14 -5 -39 6 843 239 -1 -38 -38 17 4 4 0
1 8460 -137 -69 6 95 0 1366 1 0 -22 97 -25 8 70 -4725 -1351 0 216 216 -27 2 2 0
1 13401 -260 39 12 144 0 17 -1 -2 -8 106 -53 -132 -30 6552 1860 -7 -295 -295 11 -8 -3 0
1 10000 -195 -13 8 5 0 0 0 0 -8 7 -6 -31 61 795 263 19 -46 -46 -38 4 -2 0
1 10000 -225 22 -10 10 0 0 0 0 12 4 1 -1 7 1855 546 8 -87 -87 8 -3 3 0
1 10000 -214 106 -5 -4 0 0 0 0 16 -23 18 21 11 741 222 6 -36 -36 16 -1 -1 0
1 10000 -217 100 3 -4 0 0 0 0 17 -21 15 74 17 569 156 -4 -23 -23 -29 -9 2 0
1 8592 -183 83 7 -72 -6 -1400 0 0 -2 -82 32 -37 43 1698 475 -5 -72 -72 6 2 -16 0
1 11407 -250 43 -10 -123 0 0 0 2 12 -121 25 198 34 -897 -284 -15 47 47 -10 3 8 0
1 10000 -206 -3580 -11 -7 0 0 0 0 15 -12 2 200 86 -588 -187 -10 31 31 19 6 1 0
1 10000 -203 3594 -18 -18 0 0 0 0 14 -16 2 41 20 218 20 -23 2 2 -23 -9 2 0
1 8313 -152 -61 2 -94 8 -1369 0 0 -2 -69 -5 -105 49 2792 778 -10 -118 -118 4 7 10 0
1 12364 -238 -168 -15 -83 0 528 0 -2 3 -31 -3 12 8 -2459 -714 -6 111 111 -49 12 33 0
1 11190 -200 -5 25 154 0 849 -1 2 -33 141 3 90 34 447 132 2 -20 -20 4 -17 -37 0
1 10000 -187 -5 0 16 0 0 0 0 3 17 -2 -4 33 586 161 -3 -25 -25 -7 -12 -8 0
1 9999 -182 5 -3 7 0 0 0 0 -1 3 -1 7 52 259 70 -2 -10 -10 29 13 9 0
1 9997 -194 -6 -1 -1 0 1 0 0 3 2 0 -119 14 1057 301 -1 -46 -46 41 -3 2 0
1 10004 -169 -32 -3 -6 0 0 0 0 -1 2 0 -225 -21 2249 664 12 -104 -104 -65 -13 -2 0
1 10000 -167 -93 -3 -4 0 0 0 0 -14 16 -5 -975 -88 1095 361 25 -60 -60 66 -6 -18 0
1 8283 -147 21 18 107 0 1384 1 0 -14 90 -25 -311 -26 2828 1011 104 -174 -174 -75 17 33 0
1 13392 -241 123 4 139 1 17 -1 -2 12 88 -41 -164 -33 8239 2504 71 -382 -382 47 0 10 0
1 10001 -200 74 -5 4 0 0 0 0 13 -12 10 -38 -6 2839 892 39 -136 -136 26 3 -1 0
1 8779 -170 64 -6 -83 -11 -1414 0 0 7 -84 38 -99 1 2699 814 19 -119 -119 27 -5 0 0
1 11221 -213 2 -5 -133 0 0 0 2 10 -119 27 104 4 2318 701 17 -102 -102 -19 6 2 0
1 10000 -185 9 -11 -10 0 0 0 0 15 -12 2 -13 -2 2134 624 5 -87 -87 -38 -7 -5 0
1 10000 -180 -9 -4 -7 0 0 0 0 4 -4 1 21 4 1343 396 4 -56 -56 73 5 7 0
1 9999 -174 -21 -7 -2 0 -4 1 0 1 3 -1 -58 -11 1262 367 3 -51 -51 -87 -6 -6 0
1 10001 -169 -37 5 2 0 0 0 0 -3 13 0 -2 3 355 116 6 -17 -17 32 10 4 0
1 10000 -173 -13 -2 -2 0 0 0 0 2 2 0 -6 -4 144 48 3 -7 -7 -12 -10 9 0
1 9997 -162 -7 -1 3 0 0 0 0 -7 3 -2 -16 -2 3048 882 3 -121 -121 30 12 0 0
1 10003 -155 34 0 0 0 0 0 0 7 -8 2 -487 -98 -1800 -512 2 70 70 12 -5 10 0
1 10001 -171 -34 3 -5 0 0 0 0 -3 5 -1 -1117 -194 2149 709 44 -105 -105 57 12 44 0
1 9707 -139 -116 12 1 50 -1 0 0 -30 28 -7 -1563 -221 3030 1148 128 -181 -181 93 14 26 0
1 10622 -166 -143 26 -3 0 0 0 0 -48 28 -12 -314 -52 9590 3156 176 -446 -446 -48 -5 1 0
1 10000 -169 -85 5 -14 0 0 0 0 -16 7 -7 -98 -19 8208 2682 133 -363 -363 36 10 11 0
1 8533 -125 -79 4 119 0 1391 0 0 -24 107 -45 -322 -26 10836 3247 41 -399 -399 39 13 16 0
1 13424 -239 -66 33 98 0 19 -1 -2 -45 75 -62 -185 -44 10914 3355 74 -402 -402 4 -5 1 0
1 10000 -190 -25 -6 19 0 0 0 0 -1 13 -12 -107 -5 3441 1122 48 -136 -136 -15 -3 6 0
1 10000 -181 -15 -8 7 0 0 0 0 5 9 -4 -53 -18 9142 2735 27 -305 -305 -3 -1 -10 0
1 10000 -197 40 -9 -3 0 0 0 0 16 -6 11 -468 29 -3107 -851 23 87 87 114 22 32 0
1 9999 -181 156 -4 23 0 0 0 0 36 3 11 -575 -22 2140 782 63 -97 -97 56 10 50 0
1 10647 -194 195 -3 25 0 0 0 0 36 -9 18 -132 96 7434 2371 76 -268 -268 3 0 4 0
