version: 66.11
glider: 175
mission: 11
dive: 108
start: 5 26 126 11 58 30
columns: rec,elaps_tms,depth,heading,pitch,roll,AD_pitch,AD_roll,AD_vbd,GC_phase,mag.x,mag.y,mag.z,sbect.TempFreq,sbect.CondFreq,aa4330.O2,aa4330.AirSat,aa4330.Temp,aa4330.CalPhase,aa4330.TCPhase,wlbb2f.redCount,wlbb2f.blueCount,wlbb2f.fluorCount,wlbb2f.VFtemp,
data:
0 22340 -297 2469 -711 -60 236 2025 829 2 454 105 149 270108 164353 333794 96347 10749 31900 31900 543 171 241 569
1 9998 0 -37 -11 38 1 0 279 0 0 9 -8 -48 1 1240 337 -9 -41 -41 31 29 25 0
1 9997 10 6 -9 21 0 0 274 0 6 6 -15 -96 1 -289 -107 -10 16 16 98 26 52 0
1 10001 35 18 -56 -6 0 0 267 0 21 -3 -46 2 4 13572 5490 671 -799 -799 219 -16 -36 0
1 10003 21 65 8 -30 0 0 262 0 -2 2 -3 -21 0 26142 7752 37 -867 -867 -197 14 32 0
1 10018 41 7 -24 43 0 0 250 0 8 7 -34 118 8 10503 2953 -49 -298 -298 -105 -22 -42 0
1 9990 43 152 13 -98 0 0 250 0 4 -8 -6 -84 -1 -3037 -774 45 71 71 -66 -20 -26 0
1 9999 95 -198 -8 168 0 0 268 0 -5 15 1 47 1 10586 3125 7 -319 -319 107 24 31 0
1 15487 404 -257 16 56 551 0 257 -1 -25 3 72 1024 -171 -6231 -1746 32 170 170 -69 -16 -51 0
1 8668 370 -97 205 9 1551 1396 3 5 -114 22 152 2757 389 -7171 -2457 -138 280 280 -185 -35 -85 0
1 14068 482 -79 209 42 0 13 2 -2 -178 41 86 1405 194 -32720 -10652 -463 1282 1282 -32 -5 -10 0
1 10000 260 -44 26 -9 0 0 0 0 -33 -14 19 37 40 -10215 -3183 -100 408 408 -15 -2 -3 -1
1 10001 247 -68 8 7 0 0 0 0 -15 -14 11 1 10 490 49 -41 2 2 52 5 -2 0
1 10000 241 -18 3 29 0 0 0 0 -4 18 -8 148 35 -11607 -3426 -35 441 441 4 1 -6 0
1 9999 230 -15 1 -25 0 0 0 0 -5 -24 14 124 23 -1628 -563 -43 83 83 -34 -5 -2 0
1 10000 216 -66 7 -25 0 0 0 0 -11 -41 20 349 21 -1701 -558 -32 79 79 19 6 3 1
1 10001 196 -113 1 36 0 0 0 0 -7 -9 4 585 39 -2263 -741 -42 107 107 9 -6 -6 0
1 10000 203 -61 3 -6 0 0 0 0 -1 -28 9 259 47 -3672 -1228 -81 180 180 -62 -4 -14 0
1 10000 209 -39 -6 -3 0 0 0 0 7 -17 4 152 48 -4769 -1477 -52 213 213 5 6 5 -1
1 9999 210 -87 10 9 0 0 0 0 1 -24 5 245 48 -9732 -2880 -45 414 414 15 -3 -6 1
1 10002 196 -64 1 -4 0 0 0 0 8 -27 3 242 16 3419 882 -47 -115 -115 -25 -7 -3 -1
1 9999 204 -77 -1 11 0 0 0 0 16 -18 -1 73 -5 -4885 -1445 -24 211 211 -20 19 46 1
1 10000 187 -55 0 -4 0 0 0 0 17 -18 -2 117 -87 -3283 -1009 -36 154 154 28 -18 -50 -1
1 10001 204 -45 -22 -15 0 0 0 0 29 -31 -7 -13 -11 -1842 -556 -15 84 84 7 4 -3 0
1 9999 229 -2 -5 -8 0 0 0 0 5 -8 0 -4 -4 -4012 -1158 -7 174 174 -26 -8 4 0
1 10000 241 -74 23 -6 0 0 0 0 2 -23 -3 -1 1 -1954 -562 -2 85 85 31 5 2 0
1 10000 227 -33 -5 -39 0 0 0 0 17 -39 -9 -1 -6 -1333 -392 -6 60 60 -3 1 -8 0
1 10000 247 43 -31 17 0 0 0 0 12 22 -3 -2 5 -2087 -601 -2 92 92 -28 1 -5 0
1 10001 276 -18 13 37 0 0 0 0 -7 27 5 -183 -234 1401 410 5 -63 -63 45 10 6 0
1 10000 253 6 -1 -11 0 0 0 0 0 -7 0 -191 -81 -3755 -1046 13 157 157 11 -3 -2 0
1 10000 261 15 8 2 0 0 0 0 -9 8 4 -123 -102 -1204 -294 27 39 39 18 4 3 0
1 9999 239 -65 12 27 0 0 0 0 7 7 -4 1 -42 -355 -69 17 7 7 31 10 1 0
1 10001 258 39 -16 -27 0 0 0 0 3 -14 -1 -66 -52 -1005 -275 7 41 41 -35 -5 -3 0
1 11901 295 -10 20 1 0 0 0 0 -14 -1 6 -100 -76 -1221 -320 15 47 47 19 2 -4 0
1 10442 246 -35 -9 4 0 0 0 0 18 -5 -8 0 -8 -452 -105 13 14 14 -20 -3 7 0
1 10000 230 -19 -1 2 0 0 0 0 6 -3 -1 -5 -8 -399 -109 3 16 16 11 1 -4 0
1 10437 235 -29 3 3 0 0 0 0 8 -2 -4 -7 -14 -417 -115 2 18 18 -13 -1 1 0
1 10000 220 -60 4 12 0 0 0 0 16 1 -7 52 -7 -404 -112 2 17 17 27 14 -2 1
1 10000 245 -36 0 -6 0 0 0 0 13 -8 -7 -20 -59 -250 -78 -3 13 13 5 -8 -1 -1
1 11915 277 -21 1 -7 0 0 0 0 5 -9 -4 -74 -46 -440 -121 2 18 18 -20 -2 5 0
1 9482 215 -17 9 -102 -1 -1224 4 0 3 -77 -16 -93 -11 -309 -76 7 11 11 14 3 -7 0
1 9937 200 24 44 -122 68 -190 0 2 -41 -93 -17 120 -7 -1249 -361 -2 57 57 -14 -3 0 0
1 10581 181 27 22 -18 0 0 0 0 -27 -13 4 -13 -9 -404 -116 0 19 19 12 -2 4 0
1 9999 159 4 2 4 0 0 0 0 -1 5 4 -3 -7 -606 -169 2 26 26 32 3 -9 0
1 8854 133 -25 0 104 26 1377 0 0 4 74 31 -79 -6 341 98 0 -15 -15 -49 -15 -31 0
1 14366 198 -62 14 125 0 31 0 -2 10 107 17 71 -8 -532 -150 1 23 23 16 14 43 1
1 10429 139 -58 12 -2 0 0 0 0 12 1 -4 4 3 28 8 0 -1 -1 51 14 -6 -1
1 9999 139 -33 -2 2 0 0 0 0 13 0 -5 1 -8 -369 -102 2 16 16 -66 -14 -2 0
1 10000 132 -50 3 -7 0 0 0 0 15 -2 -7 8 0 -57 -16 1 2 2 47 5 2 0
1 10001 132 -37 -7 4 0 0 0 0 17 7 -9 5 2 65 12 -4 -1 -1 -35 -5 0 0
1 10425 146 -61 12 4 0 0 0 0 11 5 -4 -3 -2 -172 -50 0 8 8 -4 0 -2 0
1 9999 136 -46 -6 -8 0 0 0 0 17 4 -11 30 6 -106 -31 -1 5 5 27 8 3 0
1 10000 118 -38 3 4 0 0 0 0 8 9 -4 1 -2 -228 -69 -2 11 11 58 7 -1 0
1 11902 161 -33 -5 7 0 0 0 0 12 11 -7 32 0 191 53 -1 -8 -8 -86 -10 3 0
1 10000 134 -35 -3 4 0 0 0 0 11 7 -8 20 3 -275 -84 -3 14 14 15 1 -3 1
1 9739 128 -46 1 -101 0 -1253 0 0 8 -60 -12 -119 -3 -125 -41 -3 8 8 35 -4 2 -1
1 10261 129 6 -3 -119 0 -153 0 2 3 -88 -24 120 -1 118 29 -2 -4 -4 -28 6 2 0
1 10000 134 30 2 -7 0 0 0 0 -9 -9 3 16 -7 -92 -27 -1 4 4 2 -1 -2 0
1 10000 116 31 2 -7 0 0 0 0 -9 -13 0 13 -5 -321 -97 -2 16 16 32 6 -4 0
1 8039 125 23 -7 -2 0 0 0 0 1 -7 -2 -74 0 -310 -91 -2 15 15 79 0 1 0
1 11961 155 21 9 5 0 -1 0 0 -12 -2 7 121 0 189 50 -2 -8 -8 -121 -7 1 1
1 10000 132 44 -5 0 0 0 0 0 -9 -6 3 16 -1 -397 -119 -3 20 20 39 12 -4 -1
1 10000 118 32 4 0 0 0 0 0 -12 -6 5 8 -3 43 2 -5 1 1 49 -3 5 1
1 8761 123 41 -6 106 -6 1397 0 0 -6 64 31 -154 -32 -1073 -309 -2 50 50 -39 0 -3 -1
1 13357 172 -35 -16 115 -1 13 0 -2 20 93 5 77 -24 802 242 7 -40 -40 12 -5 7 1
1 11926 168 -6 7 -4 0 0 0 0 -3 -1 2 -61 -42 -357 -100 2 15 15 -21 0 -2 0
1 10001 137 -49 7 12 0 0 0 0 9 14 -6 33 -43 27 20 6 -4 -4 -23 0 -7 -1
1 9999 134 -43 3 -3 0 0 0 0 8 9 -6 -25 -38 -325 -94 -1 15 15 83 7 2 0
1 10446 151 -50 3 5 0 0 0 0 11 11 -6 5 -14 -498 -135 4 21 21 -111 -16 0 0
1 9537 132 -54 1 -109 0 -1254 0 0 10 -63 -12 -174 -15 -311 -88 1 14 14 38 5 8 1
1 10462 135 5 -5 -120 0 -154 0 2 1 -84 -27 96 -17 54 19 2 -4 -4 14 5 -6 0
1 10000 133 8 0 5 0 0 0 0 1 -2 1 -9 -6 -216 -52 5 8 8 19 -1 1 0
1 10001 132 -20 1 -8 0 0 0 0 3 1 -1 -46 -20 -32 -5 3 0 0 -21 -1 3 -1
1 8050 122 5 0 1 0 -1 -1 0 -1 -1 0 -165 -19 622 189 6 -32 -32 -51 -3 -1 0
1 11950 149 1 -1 -1 0 1 0 0 0 0 0 140 -12 -453 -121 5 19 19 36 5 -7 1
1 10000 134 3 0 1 0 0 0 0 -1 0 -1 -8 -6 -213 -57 2 8 8 21 6 4 -1
1 9999 120 -10 1 -2 0 0 0 0 3 0 1 6 -3 173 52 1 -8 -8 2 -10 -1 1
1 10000 137 25 -3 7 0 -1 0 0 -4 -1 0 16 -2 -20 -5 0 1 1 -20 -9 -32 0
1 10000 137 21 2 -2 0 0 0 0 -5 -8 3 -3 -8 -222 -65 0 10 10 -1 15 32 0
1 10000 130 40 -8 -3 0 0 0 0 -4 -10 -2 0 -1 -155 -44 0 7 7 21 0 2 -1
1 10000 144 23 6 -12 0 0 0 0 -10 -12 1 19 -8 -178 -51 0 8 8 49 13 0 1
1 10001 137 41 2 20 0 0 0 0 -12 5 12 4 -3 -137 -44 -2 8 8 -60 -17 2 0
1 9999 112 15 -15 -3 0 0 0 0 8 -7 -9 14 -3 320 90 -2 -14 -14 0 7 -6 0
1 9423 119 2 14 -11 0 0 0 0 -12 -5 5 1 -2 -431 -124 0 20 20 48 5 9 0
1 10620 113 9 -12 -8 0 0 0 0 7 -8 -8 0 -3 3724 1063 -2 -171 -171 -62 -5 -8 0
1 9999 160 -26 9 3 0 0 0 0 0 8 4 -2 -2 -4339 -1241 1 200 200 41 5 2 0
1 10000 121 91 18 8 0 0 0 0 -39 -15 18 0 -2 -124 -37 -1 6 6 12 2 -1 0
1 10001 126 -32 -22 0 0 0 0 0 26 9 -12 -1 -2 316 90 0 -14 -14 29 -4 2 0
1 9999 137 3 28 22 0 0 0 0 -22 13 19 1 1 -37 -10 0 1 1 -34 -1 1 0
1 9159 98 15 -25 75 0 1215 0 0 15 48 11 -74 -2 909 260 0 -42 -42 -28 -27 -44 -1
1 13372 182 -48 -13 111 0 189 0 -2 22 88 5 104 0 275 80 1 -13 -13 70 32 46 1
1 10440 137 -17 10 18 0 0 0 0 -3 20 3 94 -3 -1518 -438 -2 72 72 21 9 -5 0
1 9999 131 -58 17 3 0 0 0 0 4 13 -1 34 2 -86 -40 -9 8 8 10 11 -3 0
1 10000 139 -50 -8 2 0 0 0 0 18 9 -13 -7 -2 -117 -49 -8 10 10 28 3 -1 0
1 10805 164 -40 0 -104 1 -1254 0 0 6 -60 -10 14 -2 -540 -165 -6 28 28 89 13 9 0
1 9195 114 24 -1 -122 -1 -140 0 2 -3 -93 -24 64 0 -381 -123 -8 22 22 9 18 0 0
1 10000 152 43 7 -12 0 0 0 0 -15 -18 3 -20 -14 -584 -170 -2 28 28 -20 -20 -1 0
1 10000 133 17 -4 12 0 0 0 0 -1 3 2 1 1 -405 -115 1 19 19 -10 4 1 0
1 10441 143 8 -1 -2 0 -1 0 0 -1 -2 0 -64 0 -84 -24 0 4 4 25 10 1 0
1 9559 122 16 -2 -1 0 0 0 0 -2 -5 0 55 -8 82 22 -1 -4 -4 7 7 -5 0
1 10001 145 -2 -2 5 0 0 0 0 1 5 1 45 12 -2603 -747 -1 124 124 17 -4 1 0
1 9999 140 -2 2 3 0 0 0 0 0 0 0 8 1 2278 648 -2 -107 -107 119 10 1 0
1 10001 155 -17 2 -7 0 0 0 0 2 1 -1 -10 -2 -192 -58 -2 10 10 -107 -18 -3 0
1 11216 151 33 45 3 150 -1 0 -4 -41 -9 24 -129 -17 -127 -34 1 6 6 -11 4 -2 0
1 7707 68 -1 92 4 0 0 -31 0 -74 1 38 50 7 -8 0 2 -1 -1 -37 7 14 0
1 9909 60 13 26 2 0 1 -48 0 -26 -1 7 -77 4 -127 -39 -2 7 7 31 1 -14 0
1 9982 38 -10 -3 5 0 -1 -48 0 5 7 1 29 -6 504 141 -2 -23 -23 28 4 0 0
1 10008 49 -9 -15 -8 0 0 -49 0 15 -3 -6 -6 -3 -248 -67 2 11 11 -27 -7 -1 0
1 10008 50 32 1 2 0 0 -48 0 -11 -4 2 -132 -34 -311 -89 0 14 14 63 14 1 0
1 10002 39 54 -5 11 0 1 -50 0 -11 -2 3 55 -5 -26 4 7 -2 -2 -98 -22 -1 0
1 9984 37 63 -15 -5 0 -1 -47 0 -7 -15 -3 12 3 293 97 7 -17 -17 -55 -4 4 0
1 9994 37 15 4 -3 0 1 -48 0 -9 -2 1 -115 -17 -219 -58 3 9 9 33 1 -3 0
1 10022 29 -32 -11 -5 0 -1 -47 0 20 -1 -7 76 3 641 192 5 -33 -33 10 -6 -3 0
1 9977 35 -19 -16 3 0 1 -47 0 20 4 -6 -67 6 -677 -188 3 30 30 5 8 5 0
1 10018 18 -44 -9 8 0 -1 -48 0 21 13 -2 45 -11 410 118 0 -19 -19 -20 -4 -1 0
1 9998 21 -55 0 -3 0 0 -47 0 16 10 -4 3 15 63 19 1 -4 -4 38 9 4 0
1 14410 22 -49 22 7 15 0 -38 0 -3 13 9 75 6 644 187 1 -31 -31 71 20 17 0
1 5742 -22 -15 354 7 384 1 -11 0 -319 6 42 28 1 -484 -161 -12 30 30 16 6 -12 0
1 9847 -64 11 118 8 0 0 -44 0 -111 3 -28 -17 14 269 87 5 -16 -16 -7 -12 -4 0
1 9994 -60 -29 -33 -17 0 0 -48 0 37 -7 9 8 6 -347 -112 -7 20 20 -65 8 -3 0
1 10015 -90 8 -12 6 0 0 -49 0 7 5 4 55 3 -156 -45 0 7 7 2 -20 -2 0
1 9998 -97 -42 1 1 0 0 -51 0 9 9 6 -56 -7 642 177 -4 -28 -28 119 24 0 0
1 9996 -127 14 -9 8 0 -1 -49 0 4 5 3 39 1 -458 -131 0 22 22 -49 -14 1 0
1 10013 -132 29 -2 2 0 1 -51 0 -5 -4 -3 12 4 -85 -25 0 4 4 8 7 -2 0
1 9990 -155 25 -9 1 0 -1 -53 0 2 -4 0 -136 -17 -65 -19 -1 3 3 -92 -21 2 0
1 9995 -148 -62 -5 -16 0 0 -52 0 22 -3 4 41 23 283 98 10 -18 -18 18 12 1 0
1 9994 -171 -71 2 -1 0 1 -50 0 10 19 8 61 2 -247 -86 -9 16 16 -37 -14 -3 0
1 10005 -174 -66 -10 8 0 0 -52 0 18 26 10 22 25 -86 -28 -1 5 5 30 3 -1 0
1 10003 -184 -18 0 1 -1 0 -51 0 6 4 1 -6 3 -276 -83 -3 14 14 -50 -7 1 0
1 11735 -239 86 22 185 1 1409 -23 2 -34 141 5 55 9 336 95 0 -15 -15 -16 -15 3 0
1 10619 -239 99 2 36 0 0 0 0 -23 7 -6 -137 -7 343 106 4 -19 -19 -91 -18 -1 0
1 9728 -205 23 -7 -20 -1 -12 -2 -1 2 -24 1 -130 -7 4245 1238 13 -204 -204 -36 -9 -4 0
1 10273 -231 -20 -21 -175 -23 -1390 0 3 24 -149 -12 99 -1 -3259 -920 7 148 148 34 12 2 0
1 10000 -208 -24 -13 -30 0 0 0 0 18 -22 -2 1 1 355 106 3 -18 -18 9 20 42 0
1 10000 -200 -94 -10 -21 0 0 0 0 27 6 6 -16 -6 290 86 1 -14 -14 -9 -23 -41 0
1 8837 -167 -7 -2 99 -35 1343 -1 0 3 92 20 -78 -8 -588 -162 4 25 25 -54 -1 2 0
1 14400 -282 78 -4 146 0 63 -1 -2 -12 112 -2 48 1 788 235 5 -39 -39 11 -6 -1 0
1 10000 -196 50 -11 15 0 0 0 0 0 1 -1 -6 -2 212 61 1 -10 -10 3 2 -1 0
1 8568 -144 46 -5 -85 6 -1413 0 0 -7 -87 1 -66 5 823 238 1 -39 -39 15 25 51 0
1 11432 -222 -87 9 -141 1 -1 0 2 14 -110 -15 148 51 -603 -172 0 27 27 -33 -28 -49 0
1 10000 -179 -52 -9 -17 0 0 0 0 16 1 1 86 46 -293 -104 -11 20 20 29 1 0 0
1 10001 -173 -5 -6 8 0 0 0 0 6 9 3 1 7 281 67 -8 -9 -9 72 4 -1 0
1 9999 -163 -14 -7 1 0 -4 -1 0 8 6 3 -2 5 -868 -252 -2 41 41 -117 -8 -5 0
1 10000 -155 -16 5 3 0 0 0 0 0 6 1 11 9 804 223 -3 -35 -35 7 -2 5 0
1 10000 -161 -23 6 -7 0 0 0 0 0 -2 -1 6 5 6 -1 -2 0 0 40 11 1 0
1 8619 -139 39 3 89 0 1397 0 0 -10 71 12 -55 7 -377 -109 -1 18 18 -10 -1 4 0
1 13387 -234 108 7 139 0 19 0 -2 -31 100 -4 80 7 473 129 -3 -20 -20 23 6 8 0
1 8818 -154 40 3 -45 3 -499 -1 0 -13 -49 -1 -61 9 -2 -3 -1 1 1 14 -15 -18 0
1 11182 -186 15 -5 -155 -7 -917 0 2 2 -145 -18 109 24 -4866 -1396 -3 230 230 -65 0 0 0
1 10000 -162 15 -12 -20 0 0 0 0 8 -21 -6 12 12 4944 1406 -4 -231 -231 27 2 3 0
1 10001 -144 7 -5 -1 0 0 0 0 3 -3 0 75 36 387 107 -2 -17 -17 170 17 1 0
1 9998 -159 -2 -2 -3 0 -3 0 0 2 0 -1 21 17 -268 -90 -8 17 17 -175 -22 -2 0
1 10001 -143 -9 -3 7 0 0 0 0 6 5 3 -62 36 -58 -27 -6 6 6 136 12 3 0
1 10000 -147 -75 0 -11 0 0 0 0 19 6 4 -2 37 274 84 3 -15 -15 -174 -35 -29 0
1 9998 -142 -80 5 0 0 -1 0 0 11 21 7 -7 10 26 10 2 -2 -2 29 15 28 0
1 10002 -135 -93 4 -6 0 0 0 0 14 18 7 -1 11 527 152 1 -25 -25 -38 2 0 0
1 10000 -151 -24 -7 16 0 0 0 0 6 24 5 -3 6 180 53 0 -8 -8 -19 -5 4 0
1 8325 -114 -30 12 91 0 1394 -1 0 -6 92 8 -69 5 882 253 1 -42 -42 96 17 -2 0
1 13371 -220 54 13 115 0 19 0 -2 -19 89 -10 63 14 -338 -96 0 16 16 -8 -5 1 0
1 10000 -161 84 -7 20 0 0 0 0 -6 -6 1 -28 -4 152 45 1 -7 -7 -35 7 -5 0
1 10001 -169 64 2 -1 0 0 0 0 -14 -19 1 -23 6 -5232 -1491 3 242 242 -11 -11 4 0
1 9999 -176 10 3 -28 0 0 0 0 -6 -27 2 -42 21 5579 1601 3 -262 -262 4 -4 -4 0
1 8843 -152 59 -9 -32 1 -520 0 0 -7 -42 -1 -77 0 774 230 5 -38 -38 0 -21 -41 0
1 11157 -182 -14 3 -146 3 -884 0 2 1 -128 -17 79 13 -488 -138 1 22 22 -49 15 43 0
1 10000 -166 -39 -10 -24 0 0 0 0 19 -14 -1 0 3 242 72 1 -11 -11 5 5 2 0
1 10000 -155 -35 2 0 0 0 0 0 5 9 3 -20 9 205 61 2 -11 -11 5 5 0 0
1 10000 -165 -13 1 3 0 -4 0 0 3 5 1 2 0 171 53 2 -9 -9 -9 -4 -3 0
1 10000 -150 -59 4 -16 0 0 0 0 7 1 2 -8 8 5970 1709 1 -271 -271 -1 -5 0 0
1 10000 -157 -56 -11 3 0 0 0 0 21 17 6 -4 1 -6132 -1752 1 278 278 19 10 0 0
1 8483 -122 25 10 109 0 1401 0 0 -14 94 12 -202 1 113 34 1 -6 -6 -33 -13 -7 0
1 13675 -231 86 18 119 0 17 0 -2 -31 82 -7 207 2 378 112 2 -18 -18 -6 -2 9 0
1 9999 -190 89 -6 17 0 0 0 0 -15 -6 -2 -10 0 -189 -54 0 9 9 1 -2 -1 0
1 8606 -152 28 -2 -111 -5 -1431 0 0 -9 -103 -1 -114 2 1532 436 -1 -70 -70 55 2 -43 0
1 11395 -199 -17 -16 -120 1 0 0 2 23 -108 -18 101 -2 -1133 -322 1 51 51 -17 11 40 0
1 10000 -143 -6 -9 -5 0 0 0 0 8 0 1 -21 -5 121 36 0 -6 -6 -11 -10 3 0
1 10000 -136 -13 -8 9 0 0 0 0 11 9 5 -49 0 -71 -15 3 2 2 31 8 2 0
1 10000 -137 -29 5 -24 -1 -5 0 0 0 -12 -5 27 -1 178 56 3 -10 -10 -19 1 -1 0
1 9999 -144 -33 1 8 0 0 0 0 8 14 6 -104 3 -289 -80 1 13 13 -12 11 11 0
1 10001 -147 -60 8 -1 0 0 0 0 4 14 4 -7 14 580 182 10 -31 -31 15 -12 -9 0
1 8820 -120 -8 -2 83 -1 1301 0 0 5 77 15 -15 31 745 222 4 -37 -37 10 7 23 0
1 13388 -208 89 13 134 1 126 0 -2 -32 99 -3 102 29 -85 -29 -2 5 5 -71 4 22 0
1 8830 -120 76 -4 -23 1 -407 0 0 -14 -39 -1 -29 35 112 26 -3 -3 -3 47 6 -2 0
1 11170 -167 9 -1 -153 2 -995 0 2 0 -141 -18 128 21 8819 2509 -8 -391 -391 6 -21 -43 0
1 9999 -145 -2 -8 -22 0 0 0 0 8 -21 -4 55 31 -8120 -2334 -6 366 366 -23 -4 -1 0
1 10000 -133 -5 -6 -8 0 0 0 0 6 -4 -1 -23 15 -97 -40 -7 8 8 -27 -6 0 0
1 9999 -135 -4 1 -2 0 -4 0 0 0 -1 0 113 75 253 68 -2 -10 -10 30 -3 -1 0
1 10001 -138 20 -2 3 0 0 0 0 -4 -1 0 92 46 721 188 -10 -28 -28 -40 10 -4 0
1 10001 -120 26 5 2 0 0 0 0 -11 -4 -4 54 58 581 140 -14 -19 -19 15 -13 5 0
1 8835 -114 34 0 0 0 -1 -2 -4 -8 -8 -4 -103 22 116 16 -10 -1 -1 -11 13 1 0
1 10001 -134 20 -1 1 0 0 -47 0 -6 -1 -2 101 20 535 138 -8 -20 -20 -32 -8 -3 0
1 9980 -141 40 -8 7 0 1 -50 0 -6 1 0 -146 15 348 94 -3 -14 -14 61 6 2 0
1 14714 -199 -112 -12 -227 2 -1398 -15 2 44 -160 -86 208 19 500 136 -3 -20 -20 -36 2 7 0
1 10000 -123 -95 -6 -7 0 0 0 0 28 10 13 22 15 3 -8 -5 2 2 -13 -4 -7 0
1 8367 -103 -48 9 101 0 1401 -3 0 5 85 56 -47 19 4912 1399 -2 -218 -218 -9 -11 2 0
1 11633 -164 -31 25 99 0 1 0 2 -17 93 34 258 100 -4527 -1298 -2 203 203 -6 0 -4 0
1 10000 -140 20 -8 38 0 0 0 0 1 32 9 49 154 100 -3 -18 4 4 -10 -1 2 0
1 10000 -141 -12 4 -10 0 0 0 0 0 -8 -2 -13 20 415 91 -14 -11 -11 -21 1 -6 0
1 10000 -141 37 -16 -10 0 1 0 0 7 -18 -4 -4 12 1203 338 -3 -52 -52 37 -12 2 0
1 10000 -152 9 12 12 0 0 0 0 -13 8 1 -3 4 1603 449 -5 -69 -69 -47 2 3 0
1 10000 -147 40 -4 -23 0 0 0 0 -7 -28 -9 7 4 30 6 -1 -1 -1 35 2 -3 0
1 10000 -137 33 -7 22 0 -1 -1 0 0 11 3 0 6 628 176 -2 -27 -27 -25 5 1 0
1 10000 -140 -25 0 -11 0 0 0 0 8 -6 0 1 5 683 196 1 -30 -30 -9 -7 1 0
1 10000 -156 -3 -1 6 0 0 0 0 1 6 1 0 0 -175 -51 -1 8 8 -4 7 5 0
1 10000 -142 19 4 5 0 0 0 0 -9 1 -1 4 10 159 46 1 -8 -8 -6 -9 -5 0
1 10000 -153 -27 1 -7 0 0 0 0 6 0 1 24 18 271 74 -2 -11 -11 -13 -4 0 0
1 10000 -139 -23 -5 -1 0 0 0 0 10 4 3 25 23 156 39 -3 -5 -5 11 4 2 0
1 9999 -153 -88 5 -7 0 1 0 0 14 15 5 -104 35 423 116 -3 -17 -17 15 7 0 0
1 10001 -125 -96 -1 0 0 0 0 0 16 28 6 -290 -9 130 53 9 -10 -10 22 3 5 0
1 10000 -152 -73 0 1 0 0 0 0 2 24 5 -274 -27 1268 415 27 -70 -70 12 -5 0 0
1 8414 -117 -21 7 87 0 1379 0 0 -3 86 6 -300 -30 -5755 -1565 43 233 233 -23 0 3 0
1 13361 -230 86 11 136 0 17 0 -2 -18 99 -13 -23 -45 12040 3514 37 -544 -544 9 -2 3 0
1 10000 -159 38 -23 16 0 0 0 0 13 6 -1 -571 -64 1508 495 32 -80 -80 7 2 4 0
1 10000 -146 27 12 -17 0 0 0 0 -13 -24 5 -114 -4 3288 1052 56 -167 -167 -2 -2 -2 0
1 10000 -146 53 22 14 0 0 0 0 -29 -4 -2 -327 -20 5329 1618 45 -243 -243 1 -2 12 0
1 10000 -160 101 -11 9 0 0 0 0 -8 -20 2 -100 -16 4597 1395 37 -205 -205 4 -1 -1 0
1 8822 -127 67 1 -67 3 -521 -1 0 -19 -75 1 -231 -26 3161 963 26 -139 -139 61 25 5 0
1 11178 -173 10 -8 -151 0 -883 1 2 4 -137 -20 -45 -36 1608 525 31 -79 -79 -55 -21 7 0
1 9999 -136 30 -8 -12 0 0 0 0 1 -20 -7 -51 -13 1844 571 19 -82 -82 21 4 0 0
1 10000 -139 -3 -3 0 0 0 0 0 3 2 2 -57 -14 1137 370 21 -54 -54 11 4 3 0
1 9586 -132 -12 -5 0 0 -3 -1 0 9 0 1 -21 -2 1221 378 12 -55 -55 44 9 7 0
1 10623 -146 -39 3 -7 0 0 0 0 6 5 3 -13 -1 1217 369 9 -50 -50 -96 -22 -14 0
1 9999 -142 -34 -3 -4 0 0 0 0 12 3 2 -71 -8 664 210 8 -30 -30 52 11 7 0
1 10001 -127 -45 1 -3 0 0 0 0 10 7 3 -84 -11 602 192 9 -28 -28 13 0 1 0
1 9999 -131 -7 0 18 0 0 0 0 0 20 5 -104 -10 1200 375 14 -54 -54 -39 7 3 0
1 10000 -128 -82 7 -16 0 0 0 0 7 8 3 -1224 -194 842 278 16 -39 -39 70 5 46 0
1 8831 -124 -135 -1 -5 0 0 -2 -4 23 31 8 -1490 -198 1811 699 83 -110 -110 122 16 15 0
1 9992 -151 -99 -9 5 0 0 -48 0 17 34 4 -493 -89 4572 1784 211 -274 -274 4 13 26 0
1 9983 -139 -127 -7 3 0 -1 -51 0 6 41 3 -552 -65 6054 2040 127 -284 -284 -20 -11 -19 0
1 15176 -219 80 15 205 0 1416 -21 2 -14 164 -21 -429 163 20351 6320 166 -791 -791 34 12 35 0
1 10352 -136 166 -5 29 0 0 0 0 -8 -21 5 211 229 11944 3642 62 -422 -422 33 5 23 0
1 10001 -129 126 9 -7 0 0 0 0 -23 -45 9 174 337 9141 2682 3 -291 -291 66 11 3 0
