version: 66.11
glider: 175
mission: 11
dive: 152
start: 5 27 126 19 34 14
columns: rec,elaps_tms,depth,heading,pitch,roll,AD_pitch,AD_roll,AD_vbd,GC_phase,mag.x,mag.y,mag.z,sbect.TempFreq,sbect.CondFreq,aa4330.O2,aa4330.AirSat,aa4330.Temp,aa4330.CalPhase,aa4330.TCPhase,wlbb2f.redCount,wlbb2f.blueCount,wlbb2f.fluorCount,wlbb2f.VFtemp,
data:
0 23088 -547 578 -661 10 243 2018 847 2 507 -200 22 255194 166589 295297 97068 16623 30632 30632 556 219 179 565
1 10009 0 49 8 -39 0 0 284 0 -5 -16 8 109 76 -1711 -479 42 50 50 379 62 -106 0
1 9986 40 11 -42 14 0 0 283 0 4 1 -27 506 -22 55003 15003 -1286 -1419 -1419 -176 -34 76 0
1 10001 -12 -17 13 -25 0 0 275 0 0 1 0 472 12 1284 966 230 -141 -141 -26 -11 6 0
1 10003 44 37 -15 21 0 0 262 0 -2 -10 0 345 -165 44135 11487 -1002 -896 -896 -143 -23 2 0
1 10008 36 -14 -22 27 0 0 260 0 2 5 -14 6173 -288 16577 3929 -458 -257 -257 188 31 55 0
1 9999 -13 17 -1 -79 0 0 248 0 1 -6 -17 133 -951 2991 803 -46 -60 -60 39 -11 -2 0
1 9995 36 84 -33 -13 0 0 251 0 -4 -12 -8 3475 -1531 6835 1050 -376 -19 -19 -53 8 65 0
1 15519 231 78 0 -27 555 -1 226 -1 -6 -16 13 2974 68 15107 3192 -496 -173 -173 -76 -30 102 0
1 8532 223 62 259 -18 1554 -1371 3 5 -93 -44 198 172 67 611 -1801 -671 270 270 19 9 -56 0
1 14090 286 155 175 -129 0 -14 2 -2 -157 -108 52 1910 112 -14472 -5873 -531 603 603 -146 -28 -61 0
1 10000 165 92 -5 -29 0 0 0 0 -24 -15 -1 632 60 -8488 -3088 -202 317 317 -59 -6 -10 0
1 9999 174 89 29 10 0 0 0 0 -50 5 35 1856 289 -22645 -7461 -289 770 770 -95 -23 -85 0
1 10001 154 48 -18 7 0 0 0 0 -3 7 9 865 161 -19394 -6282 -232 697 697 -39 -13 -49 0
1 10000 171 52 -3 0 0 0 0 0 -11 8 12 146 52 -20005 -6430 -245 769 769 -4 6 12 -1
1 8819 150 8 -2 47 -1 224 2 -3 -1 31 31 21 35 -16870 -5102 -88 631 631 67 1 -9 1
1 11180 176 -60 28 165 53 1163 0 5 -10 113 70 891 152 -11146 -3420 -86 452 452 -112 -6 -24 0
1 10001 161 -15 11 2 0 0 0 0 -6 -2 0 114 4 -6590 -2198 -136 317 317 98 3 1 0
1 9998 173 -14 3 0 0 0 0 0 0 -5 -2 199 46 -7179 -2204 -63 312 312 -63 -5 0 -1
1 9472 164 43 22 -8 39 0 2 0 -28 5 10 295 38 -5976 -1839 -58 268 268 -43 -8 -3 1
1 10620 155 33 26 10 0 0 0 0 -34 14 12 105 26 -5171 -1614 -62 243 243 10 10 7 0
1 10000 134 26 4 7 0 0 0 0 -13 11 6 17 -23 -3806 -1137 -22 169 169 -23 -4 -13 -1
1 10000 126 26 -9 -7 0 0 0 0 2 2 0 -89 -117 -1569 -475 -13 73 73 45 5 8 0
1 10000 127 49 4 -3 0 0 0 0 -14 12 6 38 -26 -2990 -893 -17 135 135 -23 -6 -11 0
1 10000 135 25 -6 9 0 0 0 0 -6 12 4 58 -84 -2457 -694 6 103 103 45 8 4 0
1 8737 128 -8 -8 122 -4 1412 0 0 8 108 23 -101 -9 -7273 -2068 11 313 313 -30 -4 -4 0
1 13373 161 -69 -9 107 -1 13 0 -2 24 77 -3 -39 -66 3571 959 -36 -140 -140 32 6 5 0
1 10001 137 -48 7 4 0 0 0 0 5 -13 0 -11 -10 -1014 -271 11 39 39 -15 2 -3 0
1 11355 150 23 -6 -185 0 -1424 0 2 6 -156 -21 -165 -62 -665 -209 -9 35 35 -17 -3 0 0
1 10620 161 29 8 -40 0 0 0 0 -14 -28 -5 -83 -54 -239 -26 22 -1 -1 40 6 4 0
1 9999 145 46 5 -10 0 0 0 0 -16 5 3 -185 -57 -1258 -337 13 49 49 46 4 -7 0
1 10000 131 14 2 -1 0 0 0 0 -7 1 1 -32 -15 -558 -116 23 13 13 -29 -6 1 0
1 10001 142 20 -1 9 0 -7 0 0 -4 14 5 -124 -50 -448 -69 32 4 4 -35 -6 -2 0
1 10000 141 12 -1 -1 0 0 0 0 0 4 1 -4 -19 -4074 -1168 2 181 181 7 13 3 1
1 9999 129 -6 10 5 0 0 0 0 -6 4 1 -21 -26 3970 1142 0 -178 -178 70 5 7 -1
1 8399 127 -18 -21 120 0 1417 0 0 15 99 18 -203 -33 3490 1018 8 -158 -158 26 1 -10 1
1 13657 186 -40 4 106 0 14 0 -2 7 86 -3 189 -14 -3863 -1105 3 169 169 -37 1 9 -1
1 10000 133 -37 2 -1 0 0 0 0 5 -14 1 7 -9 112 5 -14 3 3 50 11 5 1
1 10000 146 -35 8 2 0 0 0 0 4 -7 0 -3 -8 -315 -97 -4 15 15 -18 -1 -5 0
1 8239 128 2 -5 -138 0 -1423 1 0 11 -120 -10 -112 -3 649 191 2 -30 -30 46 -15 -24 0
1 11760 164 12 0 -95 0 -11 -1 2 -5 -84 -23 140 -13 -1526 -411 16 61 61 -49 -4 17 -1
1 10000 160 -3 10 -2 0 0 0 0 -7 -2 1 108 8 -378 -133 -14 24 24 -15 16 6 1
1 10001 146 -14 0 0 0 0 0 0 3 -4 -2 -4 -1 -549 -169 -6 27 27 -35 -10 4 0
1 10000 149 -14 1 -3 0 0 0 0 5 -4 -3 61 -5 -41 -54 -22 14 14 -22 -7 -1 0
1 9999 165 22 5 3 0 0 0 0 -13 5 5 -135 -67 -378 -128 -11 22 22 -46 -13 -12 0
1 10001 149 8 -2 1 0 0 0 0 1 4 1 -19 -15 -31 26 19 -8 -8 34 15 10 0
1 10001 141 3 2 -6 0 0 0 0 -4 -5 -2 -33 -19 -204 -77 -10 14 14 -9 -8 -9 0
1 10000 143 12 0 3 0 0 0 0 -3 6 3 -20 -10 4734 1366 3 -213 -213 27 9 19 0
1 9999 143 11 1 3 0 0 0 0 -4 5 2 -57 -19 -4941 -1405 8 217 217 -14 -6 -19 0
1 10001 135 1 2 -2 0 0 0 0 0 0 1 69 14 -120 4 21 -5 -5 20 1 1 0
1 9998 138 19 -5 3 0 0 0 0 -5 5 2 84 18 -293 -100 -8 17 17 16 7 10 0
1 10001 136 7 0 -2 0 0 0 0 0 2 0 61 12 -217 -78 -9 14 14 -21 -7 -8 0
1 10001 140 -4 1 3 0 0 0 0 -1 1 1 70 17 2506 709 -6 -109 -109 71 12 1 0
1 9999 123 26 2 -1 0 0 0 0 -7 7 2 -365 -128 -2719 -818 -20 132 132 -47 -14 -9 0
1 10001 130 19 -4 1 0 0 0 0 -1 6 3 -30 -36 -264 -15 33 -5 -5 35 3 5 0
1 9999 128 3 3 -7 0 0 0 0 0 -3 -1 -8 -23 134 59 11 -11 -11 3 6 1 0
1 10000 126 17 0 6 0 0 0 0 -5 10 3 0 -12 27 16 5 -4 -4 -41 -5 3 0
1 10001 123 34 -2 0 0 0 0 0 -9 9 3 19 -3 228 65 -1 -10 -10 -35 5 2 0
1 8821 132 8 -5 101 0 1344 0 0 2 95 17 -41 -1 -645 -178 4 27 27 20 -16 -32 0
1 13368 166 -3 -8 113 0 78 0 -2 7 103 -3 216 15 79 -6 -15 4 4 20 9 34 0
1 9999 148 -22 10 20 0 0 0 0 -7 10 -1 -46 -10 -138 -56 -9 11 11 -6 5 2 0
1 10001 146 -35 6 -8 0 0 0 0 2 -19 2 60 5 -1545 -463 -10 76 76 -14 -8 -8 0
1 9999 143 -22 3 3 0 0 0 0 2 -5 1 75 11 854 234 -6 -36 -36 54 5 1 0
1 10000 142 -26 0 0 0 0 0 0 5 -9 0 11 0 -459 -153 -12 27 27 -28 13 8 0
1 10001 147 -38 7 -2 0 0 0 0 6 -12 0 43 6 -89 -39 -7 8 8 -14 -16 -13 0
1 8814 138 -25 -2 -61 0 -487 1 0 15 -58 -3 -65 0 -415 -132 -7 22 22 6 1 12 0
1 11186 192 15 -10 -161 0 -921 0 2 12 -141 -19 224 17 44 6 -4 0 0 -60 -12 -13 0
1 9999 144 27 8 -4 0 0 0 0 -15 0 11 6 -35 -479 -169 -17 30 30 44 12 10 0
1 10000 104 23 3 0 0 0 0 0 -17 5 -10 15 -32 -581 -169 -1 28 28 -33 -10 -10 1
1 10000 124 -1 -1 -2 0 0 0 0 4 1 -4 -88 -44 -375 -114 -3 19 19 30 5 3 0
1 10002 121 16 -4 3 0 0 0 0 -4 6 1 7 -16 -283 -60 11 7 7 56 11 7 0
1 9998 125 19 3 -4 0 0 0 0 -3 5 2 6 -11 -194 -61 -3 10 10 -67 -6 -6 0
1 10001 134 0 1 2 0 0 -1 0 -2 0 0 16 -14 10 7 2 -1 -1 16 4 7 0
1 9999 117 -35 -5 9 0 0 0 0 10 -4 -2 -37 -45 123 32 -2 -5 -5 58 1 -2 0
1 10000 126 -9 3 -6 0 0 0 0 2 -7 -2 -10 -13 -633 -179 2 28 28 -89 -8 -1 0
1 8856 119 -59 -5 7 0 0 0 0 19 -10 -6 -40 -25 83 11 -7 0 0 14 2 3 0
1 11145 134 -47 4 -5 0 0 0 0 11 -15 -8 61 -24 -140 -40 0 6 6 -30 -5 -7 0
1 10000 123 -10 0 -7 0 0 0 0 5 -6 -2 7 -14 30 21 7 -4 -4 35 4 2 0
1 9999 129 -21 3 7 0 0 0 0 2 -1 -2 22 -17 -153 -57 -7 10 10 -39 2 -4 0
1 9445 112 4 5 -7 0 0 0 0 -3 -1 1 2 -8 -292 -87 -2 15 15 96 8 1 0
1 10554 122 5 -6 1 0 0 0 0 3 1 -1 -7 -34 -293 -85 -1 14 14 7 -9 0 0
1 10002 127 21 5 0 0 0 0 0 -12 3 3 1 -6 344 97 -1 -16 -16 -21 15 6 0
1 10001 114 15 -10 2 0 0 0 0 5 5 2 4 -9 -349 -99 1 16 16 21 -10 -9 0
1 9997 121 19 4 1 0 0 0 0 -10 5 3 8 -20 45 18 3 -3 -3 -79 -5 1 0
1 10001 112 30 0 8 0 0 0 0 -8 15 7 9 -13 29 2 -4 0 0 39 9 9 0
1 10000 110 28 3 1 0 0 0 0 -9 9 4 18 -13 -407 -110 4 17 17 82 19 -7 0
1 10000 110 -11 -1 -6 0 0 0 0 2 -9 -4 7 -8 -219 -71 -4 12 12 42 10 8 0
1 10000 109 1 1 2 0 0 0 0 -4 -1 0 9 -6 235 58 -5 -8 -8 22 2 -8 0
1 9764 116 12 0 -5 0 0 0 0 2 3 2 -1 -1 -421 -122 -1 20 20 8 24 6 1
1 10621 117 12 3 -1 0 0 0 0 -7 2 1 11 -8 -11 -7 -2 2 2 -23 -20 -2 -1
1 10000 115 18 4 7 0 0 0 0 -8 11 4 6 -6 -224 -66 -1 11 11 67 8 1 0
1 9416 114 4 -4 -12 0 0 0 0 2 -10 -3 11 -8 114 30 -2 -5 -5 82 16 -2 0
1 10584 115 12 -4 6 0 0 0 0 1 9 3 33 -18 16 4 0 -1 -1 -6 2 3 0
1 9999 108 33 3 0 0 0 0 0 -12 9 3 34 -20 -142 -48 -4 9 9 131 21 3 0
1 8971 106 -4 -5 106 0 1235 1 0 2 94 21 -150 -5 386 100 -6 -15 -15 -93 -35 -32 1
1 13408 158 -56 -2 116 0 170 -1 -2 13 89 -1 161 -8 -933 -279 -7 47 47 26 21 34 0
1 10475 119 -15 9 -6 0 0 0 0 -3 -10 0 -1 -1 -94 -35 -4 6 6 2 9 -7 0
1 10001 119 -42 0 -2 0 0 0 0 10 -15 0 0 -3 72 19 -1 -3 -3 -59 -11 1 0
1 8786 109 -9 0 -102 0 -1402 0 0 5 -95 -8 -82 -15 -511 -145 1 24 24 -75 -32 -29 0
1 11213 118 38 -13 -83 0 -13 0 2 5 -62 -15 117 3 -3333 -963 -4 159 159 -31 15 26 0
1 10001 115 25 6 -15 0 0 0 0 -14 -8 0 4 -9 3878 1111 -1 -182 -182 191 21 3 0
1 10000 109 -2 6 -43 0 0 0 0 -3 -38 -12 15 -5 -108 -32 0 5 5 -82 -3 -1 0
1 9423 106 27 0 26 0 0 0 0 -8 30 10 1 -2 -35 -11 -1 2 2 -79 -20 0 0
1 10577 118 42 1 -7 0 0 0 0 -9 8 3 28 -8 -204 -60 0 10 10 284 17 -2 0
1 10000 103 12 12 16 0 0 0 0 -16 16 6 12 -9 -412 -124 -4 21 21 95 38 1 0
1 9687 114 8 -33 88 -55 1159 0 0 27 84 15 -103 -4 131 34 -2 -5 -5 145 1 8 0
1 14063 189 -79 -46 133 -1 267 0 -2 55 92 -6 102 -1 149 34 -5 -5 -5 -515 -66 -8 0
1 10000 164 -24 17 -7 0 0 0 0 -4 -9 1 6 -2 -195 -59 -1 10 10 50 11 10 0
1 10002 134 -45 -2 8 0 0 0 0 12 -8 -1 5 -5 -39 -15 -2 3 3 -123 -9 -2 0
1 8932 141 -3 -4 -114 1 -1272 0 0 9 -100 -9 -177 -1 193 54 -1 -8 -8 220 12 -4 0
1 11067 161 27 21 -114 23 -151 -1 2 -26 -96 -19 199 -8 -6607 -1891 1 312 312 -105 -12 -4 0
1 10000 129 9 15 -3 0 0 0 0 -14 1 2 18 -9 6610 1890 -2 -312 -312 94 26 11 0
1 10000 130 15 -14 9 0 0 0 0 6 10 3 -7 0 -450 -131 -2 22 22 -158 -24 -1 0
1 10000 124 13 11 -1 0 0 0 0 -11 4 3 21 -9 141 34 -3 -5 -5 89 5 0 0
1 10000 124 -4 -14 -14 0 0 0 0 11 -15 -7 1 -1 -285 -82 0 13 13 9 3 -6 0
1 10000 132 7 -6 -3 0 0 0 0 4 -1 0 5 -5 -320 -96 -3 17 17 -120 -14 3 0
1 9422 124 4 16 0 0 0 0 0 -15 2 2 5 -3 416 115 -2 -19 -19 65 7 2 0
1 10578 122 13 5 17 0 0 0 0 -9 17 7 19 -13 647 185 0 -30 -30 -43 0 -5 0
1 9999 118 5 5 -15 0 0 0 0 -3 -9 -2 -4 2 -1025 -296 -1 49 49 -37 -7 4 0
1 10003 102 41 -36 17 0 0 0 0 24 28 5 2 -1 87 21 -2 -3 -3 114 9 -3 0
1 9998 125 27 19 -12 0 0 0 0 -23 -2 1 -1 -1 -140 -43 -2 7 7 196 16 2 1
1 10000 136 15 6 -7 0 0 0 0 -11 -3 2 4 -5 -292 -82 1 13 13 -276 -9 1 -1
1 10008 135 -25 -13 110 -7 1233 0 0 12 90 17 -200 -5 394 114 0 -18 -18 48 4 0 1
1 13381 175 -75 -1 120 0 182 0 -2 16 84 -1 209 -7 -262 -80 -2 13 13 169 2 2 0
1 10488 147 -36 0 14 0 0 0 0 12 4 -1 -5 0 -211 -60 0 10 10 -299 -30 -5 0
1 10000 133 -7 -8 -18 0 0 0 0 9 -19 -1 13 -11 45 13 0 -2 -2 204 30 3 0
1 8825 125 -55 10 -30 0 -471 0 0 7 -42 -3 -89 -3 62 16 -1 -3 -3 64 34 13 0
1 10953 129 39 -5 -175 0 -926 0 2 0 -143 -28 102 -6 -368 -108 -2 19 19 22 -41 -11 0
1 10618 141 28 2 -16 0 0 0 0 -10 -7 0 15 -9 352 100 0 -17 -17 -48 8 -1 0
1 10000 125 18 11 7 0 0 0 0 -15 10 6 22 -8 -6643 -1908 -3 318 318 -102 11 -7 0
1 9423 119 -19 -18 -1 0 -1 0 0 23 -4 -5 37 -18 6116 1749 -1 -291 -291 390 63 2 0
1 15209 191 -78 10 -82 179 -1 0 -4 12 -88 -42 -96 -5 -301 -101 -9 19 19 -128 -25 -6 0
1 7711 78 -14 140 79 0 0 -31 0 -122 61 41 2 3 -170 -51 -1 8 8 374 64 2 0
1 8498 41 -18 47 -22 0 1 -40 0 -36 -22 -11 16 -5 309 91 1 -15 -15 -87 -18 0 0
1 7982 30 8 12 32 0 -1 -38 0 -12 32 12 -2 2 -401 -117 -1 20 20 243 20 1 0
1 9991 16 26 -33 -19 0 0 -49 0 20 -14 -4 18 0 -100 -29 0 4 4 132 19 13 0
1 10011 36 -31 13 26 0 0 -49 0 -3 15 7 -50 -1 170 52 2 -8 -8 -643 -86 -5 0
1 10013 32 48 -13 -7 0 0 -49 0 -4 4 0 -14 1 -285 -83 -1 13 13 820 63 -2 0
1 9983 36 -28 6 8 0 0 -47 0 4 2 1 70 -1 229 69 2 -11 -11 -538 -2 -2 0
1 9998 30 -75 -33 -11 0 0 -48 0 55 -25 -9 -11 1 -179 -53 -1 9 9 -114 -2 4 0
1 10001 28 -41 2 7 0 0 -48 0 13 -1 -1 12 -1 -565 -161 1 26 26 862 92 0 0
1 9990 34 -18 -3 1 -1 0 -48 0 11 2 0 -56 -3 363 101 -2 -16 -16 -427 -68 -8 0
1 10010 18 41 13 -10 0 0 -46 0 -28 -5 0 37 1 114 35 1 -6 -6 -150 -13 6 0
1 9993 10 46 -20 20 1 0 -47 0 2 25 9 -17 0 154 47 2 -9 -9 -447 -55 4 0
1 10026 -4 13 14 -1 0 0 -48 4 -16 3 2 -29 0 18 7 1 -1 -1 1079 121 37 0
1 12051 -40 -40 11 2 15 1 -7 -4 4 -5 -1 11 1 228 63 -1 -10 -10 -825 -49 3 0
1 7936 -77 11 426 0 384 -1 -20 0 -360 5 -135 -4 -1 -285 -97 -9 18 18 267 -7 -47 0
1 10001 -97 -3 0 9 0 0 -46 0 1 6 5 27 3 130 46 5 -9 -9 45 28 4 0
1 9992 -115 -24 36 0 0 0 -47 0 -18 -3 -17 -15 5 -99 -26 1 4 4 231 9 2 0
1 9999 -153 32 -49 -5 0 0 -51 0 23 -1 22 32 -1 -102 -32 -1 6 6 19 103 -2 0
1 10005 -156 -35 7 -7 0 0 -49 0 6 -9 0 -8 -1 284 79 -2 -13 -13 -195 -127 2 0
1 10017 -179 0 -2 -17 0 0 -50 0 1 -11 -5 -92 0 -479 -137 0 23 23 295 76 5 0
1 9981 -151 33 -1 43 0 0 -52 0 -9 32 8 100 2 144 39 -1 -6 -6 -399 -59 -11 0
1 10001 -182 14 -3 -33 0 0 -52 0 -1 -15 -8 2 6 -11 -4 -1 0 0 -16 -15 5 0
1 9989 -187 14 -23 0 0 0 -51 0 11 0 10 -26 0 145 38 -2 -5 -5 -126 -24 -5 0
1 10000 -189 21 2 11 0 0 -52 0 -9 8 -4 -72 25 -250 -70 2 11 11 -588 -108 0 0
1 10013 -212 -46 -7 -9 0 0 -52 0 20 -12 11 37 8 235 77 5 -14 -14 41 8 0 0
1 10007 -208 -37 1 -4 0 0 -51 1 11 -10 3 -68 8 370 110 2 -19 -19 168 20 -2 0
1 16461 -397 29 25 213 1 1417 -11 1 -28 153 26 106 18 318 96 3 -16 -16 -312 -51 -6 0
1 10002 -267 31 -5 25 0 0 0 0 -6 20 -3 -24 19 54 19 2 -4 -4 15 1 8 0
1 9998 -257 50 -2 18 0 0 0 0 -16 19 -8 -5 2 -5455 -1555 4 258 258 125 24 6 0
1 10001 -265 7 0 -27 0 0 0 0 -1 -19 -4 -14 17 5869 1685 2 -280 -280 -76 -15 -3 0
1 10001 -269 39 -1 23 0 0 0 0 -10 23 -8 -46 22 68 24 3 -5 -5 -27 -11 -2 0
1 8862 -225 50 -9 -41 1 -271 -4 -3 -8 -18 -8 -162 2 254 81 4 -14 -14 498 52 -5 0
1 11149 -262 -6 -40 -175 -48 -1145 0 5 34 -110 6 147 6 87 30 3 -6 -6 -452 -30 5 0
1 10000 -200 -13 -19 -11 0 0 0 0 18 -11 10 4 3 177 53 2 -9 -9 60 -1 2 0
1 10001 -178 -49 -5 -24 0 0 0 0 16 -30 2 -39 10 377 111 1 -18 -18 -52 -6 -1 0
1 9576 -169 -54 -2 6 -16 -5 -2 0 18 -9 7 -23 11 -265 -70 4 10 10 -78 -10 5 0
1 10618 -175 -39 -12 -4 0 0 0 0 22 -9 10 -20 11 170 57 4 -10 -10 83 18 -8 0
1 10000 -166 -46 0 1 0 0 0 0 15 -9 6 -34 17 205 66 4 -11 -11 -20 -3 2 0
1 8692 -132 -31 6 87 0 1395 0 0 4 62 27 -60 3 308 96 4 -17 -17 -31 4 7 0
1 13399 -239 75 15 134 0 18 -1 -2 -38 113 0 48 1 -134 -33 3 5 5 -12 -6 -4 0
1 10001 -172 64 -7 20 0 0 0 0 -15 23 -10 -12 9 -164 -45 2 7 7 174 6 -1 0
1 9999 -172 54 -1 -5 0 0 0 0 -14 9 -9 -10 11 29 12 2 -3 -3 -168 -19 -4 1
1 8639 -139 21 0 -94 4 -1415 0 0 -4 -64 -8 -139 13 808 236 2 -38 -38 32 20 27 -1
1 11361 -191 -1 -4 -116 1 -1 0 2 6 -83 -18 107 11 -587 -163 3 25 25 -127 -30 -31 1
1 10000 -159 -10 -1 -19 0 0 0 0 3 -15 0 -7 4 26 11 2 -2 -2 6 -10 5 0
1 10000 -159 -21 -5 -1 0 0 0 0 7 -10 2 -3 7 -48 -10 2 1 1 -63 0 -5 -1
1 10000 -154 -38 0 4 0 -4 0 0 12 -5 4 -7 8 1768 507 0 -82 -82 -8 -12 -1 1
1 10000 -168 -29 0 -3 0 0 0 0 8 -11 1 -38 37 -1534 -437 2 71 71 -98 -16 3 0
1 10000 -155 -27 1 -4 0 0 0 0 10 -5 3 17 43 136 45 3 -8 -8 -9 -3 -3 0
1 8835 -143 3 6 90 0 1393 0 0 -8 64 19 -54 59 151 45 1 -8 -8 14 17 8 0
1 13397 -249 92 4 142 0 35 0 -2 -37 118 -4 -51 60 337 99 1 -16 -16 -4 -14 -7 0
1 8831 -163 62 -2 -41 2 -484 -1 0 -9 -9 -11 -65 9 1 17 10 -5 -5 16 -25 -46 0
1 11169 -186 19 -2 -156 0 -937 0 2 -1 -105 -17 46 8 466 143 4 -24 -24 2 25 44 0
1 10000 -150 -6 -5 -22 0 0 0 0 5 -17 0 -1 1 382 115 3 -20 -20 -27 -4 4 0
1 10000 -159 8 -5 1 0 0 0 0 -2 -1 -1 -39 24 11 5 1 -1 -1 27 9 2 0
1 10001 -152 -20 2 -3 0 -4 0 0 7 -5 2 -43 14 182 58 4 -10 -10 -23 -6 -3 -1
1 9999 -148 -6 -3 4 0 0 0 0 2 -1 1 -69 13 358 118 9 -21 -21 -26 0 -2 0
1 10000 -155 -69 -1 -10 0 0 0 0 19 -26 5 -52 24 335 111 7 -19 -19 -54 -3 1 0
1 10000 -129 -35 4 3 0 0 0 0 9 -3 5 1 51 262 91 9 -17 -17 78 -3 1 1
1 10001 -148 -32 -8 0 0 0 0 0 16 -7 6 14 15 481 144 3 -24 -24 -8 7 1 0
1 9999 -134 -45 7 1 0 0 0 0 11 -5 5 3 4 20 6 0 -1 -1 2 -2 -3 -1
1 8541 -118 -19 10 75 0 1397 0 0 -3 53 18 -112 0 349 101 1 -16 -16 -21 24 49 1
1 13400 -212 59 12 133 0 19 0 -2 -32 103 -1 51 -3 -18 -3 1 0 0 59 -21 -44 0
1 9999 -160 59 -8 17 0 0 0 0 -15 21 -6 -1 8 126 46 5 -8 -8 -24 3 -7 0
1 10001 -167 50 1 3 0 0 0 0 -13 13 -12 31 9 6030 1738 3 -276 -276 -16 -5 2 0
1 8313 -123 40 3 -95 3 -1424 0 0 -8 -54 -10 -54 17 -6393 -1841 -2 292 292 -48 -9 3 0
1 11686 -187 -17 -10 -125 1 -2 0 2 12 -94 -12 102 4 -505 -152 -4 25 25 52 5 -1 0
1 10000 -152 -25 -5 -16 0 0 0 0 10 -19 0 -8 11 918 259 -2 -41 -41 -21 0 1 0
1 10000 -152 -16 -5 10 0 0 0 0 7 1 7 181 64 148 31 -7 -3 -3 -19 1 -2 0
1 10001 -150 -10 1 0 0 -4 0 0 4 0 1 -103 -21 -66 -43 -13 9 9 13 3 -6 0
1 9999 -139 6 -4 -2 0 0 0 0 0 -1 0 -237 -66 42 26 8 -5 -5 16 -8 5 0
1 10000 -150 -6 2 -1 0 0 0 0 1 -2 0 -86 -15 435 167 23 -32 -32 32 2 2 0
1 10000 -135 -14 3 -5 0 0 -1 0 3 -4 1 9 1 765 244 13 -42 -42 -42 -3 -1 0
1 10001 -140 -13 -1 5 0 0 0 0 3 -2 1 -26 -4 -176 -40 6 5 5 10 13 4 0
1 10000 -158 -15 3 3 0 0 0 0 2 -2 1 -32 -6 775 234 6 -38 -38 -2 -3 -1 0
1 9998 -158 -17 -1 -5 0 0 1 0 7 -5 2 -13 -1 198 68 6 -12 -12 19 -3 0 0
1 10002 -129 -29 -1 0 0 0 0 0 10 -6 3 -9 2 2071 603 4 -96 -96 -28 -2 -1 0
1 9999 -151 -40 1 -3 0 0 0 0 12 -10 4 -26 0 -1998 -570 3 89 89 83 2 0 0
1 8386 -121 -26 9 96 0 1418 0 0 0 66 25 -194 10 1355 395 2 -63 -63 -80 19 32 0
1 13906 -236 41 15 127 0 17 0 -2 -27 101 2 168 16 -910 -251 6 39 39 7 -25 -34 0
1 10000 -173 49 -2 15 0 0 0 0 -12 21 -10 79 35 128 39 2 -7 -7 -24 -8 0 0
1 10036 -168 39 -7 -9 0 0 0 0 -9 -3 -4 545 229 27 -14 -12 5 5 -6 11 0 0
1 10001 -171 55 -1 5 0 0 0 0 -15 16 -10 -138 -8 -133 -147 -59 36 36 21 5 -3 0
1 9463 -143 37 4 -93 9 -1250 0 0 -9 -56 -10 -195 19 -823 -237 -1 38 38 21 -28 -38 0
1 10536 -176 -25 -14 -123 -14 -174 0 2 19 -93 -9 216 65 0 -1 0 0 0 -12 25 39 0
1 10000 -151 -2 -14 -15 0 0 0 0 11 -11 5 4 9 35 1 -5 1 1 -16 -8 5 0
1 10001 -152 -39 -5 6 0 0 0 0 11 -11 3 77 33 187 48 -3 -7 -7 29 5 -4 0
1 10002 -129 -46 4 -6 0 -4 0 0 13 -12 5 79 36 -2526 -741 -9 120 120 -50 -7 3 0
1 9997 -142 -48 -2 -1 0 0 0 0 16 -12 4 186 68 3087 861 -13 -134 -134 -11 -8 -1 0
1 10000 -138 -55 6 1 0 0 0 0 15 -5 7 146 48 139 11 -16 1 1 8 2 1 -1
1 8826 -113 -35 5 82 0 1252 -1 0 6 55 24 7 56 208 13 -26 4 4 44 -12 -34 1
1 13408 -218 45 14 138 -1 166 0 -2 -29 109 4 234 70 566 102 -32 -9 -9 -36 6 14 0
1 9997 -171 38 -6 7 0 0 0 0 -7 13 -4 1 5 45 -15 -16 5 5 -13 1 14 0
1 10002 -155 34 0 1 0 0 0 0 -11 5 -7 14 31 205 48 -5 -6 -6 -22 8 1 0
1 9999 -163 1 3 -10 0 0 0 0 -2 -6 0 24 71 332 88 -4 -13 -13 18 0 -2 0
1 10001 -162 34 -5 23 0 0 0 0 -7 22 -6 6 14 1301 362 -6 -56 -56 -45 -14 5 0
1 9998 -160 40 9 -9 0 0 0 0 -18 0 -11 14 7 713 197 -4 -30 -30 12 7 -1 0
1 8840 -140 35 -8 -56 2 -503 0 0 -1 -30 -3 -73 9 354 97 -2 -15 -15 39 5 0 0
1 11161 -166 -33 -7 -159 0 -906 0 2 14 -126 -16 55 16 4270 1217 -2 -188 -188 -28 -4 0 0
1 10001 -135 -27 -1 -16 0 0 0 0 9 -17 1 12 7 -3030 -864 1 133 133 10 -2 -3 0
1 10000 -139 -52 -5 -6 0 0 0 0 21 -15 6 -18 14 207 57 -1 -8 -8 56 7 3 0
1 9419 -135 -33 -1 6 0 -3 0 0 10 -4 5 -55 15 946 274 2 -43 -43 -65 0 6 0
1 10581 -137 -13 -7 7 0 0 0 0 9 0 5 -27 19 650 198 6 -32 -32 -6 -10 -6 0
1 10000 -128 -2 -1 -2 0 0 0 0 3 0 1 -7 31 15 12 4 -3 -3 28 7 2 0
1 9156 -100 6 6 89 0 1240 0 0 -11 64 19 -162 10 1013 292 1 -45 -45 -16 -6 3 0
1 13397 -199 78 16 139 0 179 0 -2 -39 118 -8 115 2 2008 583 5 -91 -91 -2 -1 -2 0
1 10002 -143 77 0 -1 0 0 0 0 -19 20 -14 -61 3 439 134 4 -21 -21 27 1 3 0
1 8297 -104 82 6 -98 2 -1413 0 0 -21 -49 -17 -327 -23 -4761 -1346 9 205 205 -58 3 2 0
1 11702 -165 51 -6 -112 1 -1 0 2 -7 -63 -16 -200 -25 6481 1918 32 -301 -301 40 12 2 0
1 10000 -127 35 -12 -12 0 0 0 0 2 3 4 -617 -76 888 313 31 -54 -54 -9 -9 9 0
1 10000 -116 32 -2 -6 0 0 0 0 -3 8 0 -1294 -243 2639 893 70 -148 -148 49 7 39 0
1 8811 -112 44 0 -2 0 -4 -1 -4 -4 15 -1 -427 -54 6052 1973 118 -315 -315 21 5 10 0
1 10012 -137 45 -6 -1 -1 0 -48 0 2 16 2 -504 -76 8577 2689 106 -405 -405 95 9 31 0
1 10001 -133 27 -5 -1 0 0 -50 0 -1 9 2 -520 -79 7144 2278 103 -335 -335 -53 -1 15 0
1 11387 -179 28 5 -164 11 -1381 -25 2 0 -101 -26 -473 -53 15819 4795 98 -648 -648 48 8 74 0
1 10618 -155 -35 -20 -55 0 0 0 0 17 -52 -9 -77 2 11681 3626 104 -472 -472 32 2 -18 0
1 10360 -134 -45 -11 -2 0 0 0 0 11 -19 -2 -166 3 6978 2105 32 -259 -259 2 -3 22 0
1 9999 -138 -76 -12 -10 0 0 0 0 18 -35 -7 -739 -123 7222 2192 38 -263 -263 70 16 35 0
