version: 66.11
glider: 175
mission: 11
dive: 247
start: 5 31 126 13 13 55
columns: rec,elaps_tms,depth,heading,pitch,roll,AD_pitch,AD_roll,AD_vbd,GC_phase,mag.x,mag.y,mag.z,sbect.TempFreq,sbect.CondFreq,aa4330.O2,aa4330.AirSat,aa4330.Temp,aa4330.CalPhase,aa4330.TCPhase,wlbb2f.redCount,wlbb2f.blueCount,wlbb2f.fluorCount,wlbb2f.VFtemp,
data:
0 22480 -509 2224 -737 -66 228 2023 636 2 444 61 196 269262 163912 325347 96807 12071 31570 31570 581 195 161 569
1 10019 -1 -145 27 60 0 0 293 0 -18 -13 31 -77 -1 -456 -73 28 3 3 -98 -1 54 -1
1 9982 9 -90 -19 -8 0 0 286 0 0 -28 7 -30 1 1999 836 109 -125 -125 -27 -22 -6 0
1 10019 21 -44 -15 -27 0 1 279 0 6 -29 -1 12 -1 -3361 -838 76 88 88 -26 24 35 0
1 9991 36 -52 -11 12 1 0 272 0 6 -11 -5 -183 1 44618 12093 -501 -1290 -1290 38 -13 -53 0
1 9994 26 19 -17 -9 -1 0 262 0 8 2 -13 -25 -1 16168 4778 -1 -497 -497 174 22 14 0
1 9993 36 -19 -16 15 1 0 256 0 9 1 -12 116 1 332 18 -31 4 4 -191 -45 -52 0
1 10005 62 42 -4 -25 -1 0 265 0 3 2 -5 -12 -7 -893 -215 19 19 19 45 29 35 0
1 10001 159 26 2 -10 0 0 297 0 -1 4 2 -106 -17 1349 434 14 -47 -47 -35 15 44 0
1 12228 428 74 22 -74 493 -1 90 -1 -5 -14 12 658 -85 -31 -131 -47 22 22 18 -16 -27 0
1 8021 377 38 157 -54 1659 -595 1 5 -90 -44 100 1220 99 -4546 -1827 -189 224 224 -67 -9 -7 0
1 14079 615 126 267 -150 0 -786 2 -2 -181 -126 84 2893 399 -28448 -9198 -351 1075 1075 -79 -29 -69 0
1 10377 304 18 56 30 0 0 0 0 -49 25 20 968 177 -23679 -7353 -202 930 930 -35 -4 -34 0
1 10000 254 36 23 9 0 0 0 0 -10 14 6 3 15 -7029 -2301 -121 320 320 43 5 20 0
1 10000 228 32 3 -4 0 0 0 0 6 3 -2 167 39 -9441 -2849 -55 392 392 3 1 -8 0
1 10000 218 37 6 22 0 0 0 0 5 27 4 414 47 -2624 -917 -76 141 141 -17 -10 -6 0
1 10624 206 32 -6 -6 0 0 0 0 16 0 -4 104 17 -4075 -1282 -52 188 188 3 3 -11 0
1 10000 206 -4 -6 13 0 0 0 0 4 11 0 87 16 -2590 -815 -33 121 121 0 2 3 0
1 10000 203 -10 -15 -6 0 0 0 0 8 -3 -2 586 69 -2115 -679 -35 104 104 -68 -11 -14 0
1 10001 209 21 17 -5 0 0 0 0 -7 -4 1 148 21 -5482 -1723 -74 264 264 46 1 0 0
1 10346 211 21 3 15 0 0 0 0 3 17 1 -63 -51 -11063 -3231 -27 487 487 -26 -1 5 0
1 10000 189 45 -1 -17 0 0 0 0 14 -7 -5 -311 -150 5259 1502 -4 -225 -225 51 12 -5 0
1 10000 178 6 -2 2 0 0 0 0 3 3 -2 13 -44 -583 -115 26 11 11 -13 -6 1 0
1 11116 227 19 3 8 0 0 0 0 6 6 0 -23 -59 -977 -277 3 41 41 -9 4 2 0
1 10232 191 41 0 -5 0 0 0 0 10 3 -3 80 -3 -2044 -591 -3 90 90 13 2 -3 0
1 10001 191 40 5 -5 0 0 0 0 8 0 -3 -49 -25 -1246 -368 -5 57 57 14 0 6 0
1 9999 189 31 -1 1 0 0 0 0 9 5 -4 -35 -17 -1058 -297 4 44 44 11 4 0 0
1 10000 190 33 2 0 0 0 0 0 10 -1 -3 12 -4 2525 728 1 -111 -111 -21 -1 -6 0
1 10233 193 32 -3 1 0 0 0 0 11 4 -5 -90 -37 -2972 -851 2 129 129 43 6 3 0
1 10000 185 30 -4 -7 0 0 0 0 12 -4 -6 16 -22 -257 -57 8 7 7 -12 -2 -1 0
1 9999 206 44 9 3 0 0 0 0 6 2 -2 150 -6 -1018 -313 -11 51 51 -6 -2 -4 0
1 10000 196 14 -6 3 0 0 0 0 8 7 -4 61 -51 -2125 -628 -9 99 99 11 9 2 0
1 10250 197 32 7 8 0 0 0 0 4 0 -2 240 3 -1774 -535 -14 86 86 -24 -10 1 0
1 10000 198 42 -1 -7 0 0 0 0 12 -4 -6 300 59 -2198 -691 -32 115 115 -7 -4 -3 0
1 9999 172 33 -2 3 0 0 0 0 10 3 -6 132 33 -3908 -1193 -39 199 199 4 0 -4 0
1 10440 193 42 1 -3 0 0 0 0 10 -6 -6 39 -13 -358 -147 -25 29 29 36 7 3 0
1 10249 193 38 1 0 0 0 0 0 9 -2 -6 0 -6 -1774 -525 -9 87 87 -81 -10 -4 0
1 10002 179 53 5 -1 0 0 0 0 8 -4 -7 -11 -7 -497 -154 -7 26 26 19 -1 5 0
1 11920 212 69 -2 -2 0 0 0 0 17 -10 -11 -25 -20 -585 -171 -2 28 28 9 -2 0 0
1 9999 173 59 -1 -3 0 0 0 0 12 -10 -11 9 -2 136 39 1 -6 -6 56 7 -2 0
1 10250 186 51 1 0 0 0 0 0 10 -4 -8 -4 -20 -429 -126 -2 21 21 -51 -1 7 0
1 10224 178 75 6 101 -8 1234 3 0 5 53 3 -161 -23 -308 -88 0 14 14 48 10 -4 0
1 9777 175 0 23 108 66 149 0 2 -19 74 9 152 -2 -401 -115 0 19 19 8 1 -2 0
1 10000 151 40 16 15 0 0 0 0 -6 2 4 -32 -21 -323 -90 1 15 15 -35 -10 1 0
1 9998 154 19 6 6 0 0 0 0 -2 0 2 -352 -175 270 83 3 -15 -15 -25 -1 2 0
1 8835 119 -10 2 -99 38 -1362 0 0 1 -69 4 -122 -22 -648 -132 30 15 15 189 20 -4 0
1 14032 187 69 37 -117 0 -40 0 -2 -15 -106 -5 91 -11 494 174 19 -32 -32 -130 -15 7 0
1 10438 129 30 5 7 0 0 0 0 -2 -3 -1 -77 -25 198 73 9 -14 -14 20 8 -4 0
1 10351 116 53 -3 3 0 0 0 0 6 -10 -7 -43 -20 239 87 10 -17 -17 6 0 3 0
1 9999 106 62 3 -5 0 0 0 0 6 -16 -9 -5 -2 -139 -26 8 3 3 -61 -5 -2 0
1 8328 101 62 -6 111 0 1414 0 0 3 64 16 -101 -4 -151 -37 3 5 5 -34 -1 3 0
1 11671 131 22 -7 103 0 0 0 2 6 71 3 121 5 477 142 3 -23 -23 44 -4 -2 0
1 10002 108 26 4 6 0 0 0 0 -1 -3 1 -7 -4 4369 1252 -1 -202 -202 28 5 1 0
1 9998 115 -3580 0 -3 0 0 0 0 0 -7 -2 1 -2 -4719 -1354 0 218 218 -33 -6 1 0
1 8350 77 11 -9 126 1 1389 1 0 5 89 -7 -190 -9 -23 -5 1 1 1 -15 0 -5 0
1 13671 156 3499 11 97 0 13 0 -2 -15 96 -19 153 -11 75 27 3 -5 -5 7 0 6 0
1 11090 111 -88 10 18 0 0 0 0 -14 35 -8 -58 -15 189 60 3 -11 -11 43 13 0 0
1 8230 88 -3 -14 -124 -1 -1421 1 0 10 -87 29 -173 3 249 77 3 -13 -13 385 30 -17 0
1 11768 121 -13 -9 -110 1 -15 0 2 8 -78 9 182 -1 3536 1021 4 -166 -166 -377 -23 12 0
1 10001 117 22 14 7 0 0 0 0 -7 0 6 -4 -3 -3970 -1135 2 183 183 -62 -14 -2 0
1 10001 99 -4 -5 -4 0 0 0 0 1 -3 -2 -41 -17 101 28 0 -4 -4 62 8 -2 0
1 9423 109 18 -5 4 0 -1 -1 0 7 -1 -4 -9 -5 288 90 4 -15 -15 -60 -26 -19 0
1 10576 105 -20 4 3 0 0 0 0 -4 8 2 -11 -7 -160 -38 4 5 5 -4 17 29 0
1 10001 98 -3 4 -3 0 0 0 0 -2 -1 2 0 0 -4365 -1251 1 205 205 -7 -2 -8 0
1 9422 96 23 -5 -3 -1 0 0 0 7 -8 -3 -60 -41 4496 1293 2 -213 -213 26 4 4 0
1 10577 103 36 -1 -8 0 0 0 0 2 -16 -2 39 -5 400 127 6 -22 -22 -36 -5 -2 0
1 10001 103 60 5 1 0 0 0 0 -1 -15 1 77 7 -679 -196 0 32 32 -5 -4 -4 0
1 9999 96 29 3 5 1 0 1 0 1 -4 0 -6 -3 -508 -167 -12 30 30 112 18 5 0
1 10000 106 13 0 -3 0 0 0 0 1 -6 -1 -101 -34 -448 -129 0 21 21 -99 -18 1 0
1 10001 103 7 -2 0 0 0 0 0 2 -1 -1 170 43 155 56 6 -10 -10 87 18 4 0
1 10296 108 -3583 -7 102 -1 1215 0 0 2 70 -6 -43 15 -229 -85 -10 16 16 -99 -22 -1 0
1 13355 152 3486 11 120 1 215 0 -2 -14 116 -25 247 42 -453 -151 -12 27 27 4 0 -3 0
1 10263 108 -48 4 5 0 0 0 0 -9 16 0 -7 -7 -697 -228 -16 41 41 141 20 0 0
1 8219 74 -30 -6 -115 -1 -1394 0 0 1 -74 26 -195 -44 -368 -112 -4 19 19 -114 -18 -2 0
1 11781 128 6 -9 -103 1 -12 0 2 11 -78 9 19 -8 -154 -29 9 3 3 56 5 5 0
1 10000 107 19 4 0 0 0 0 0 -2 -5 1 -34 -12 1088 320 5 -54 -54 -84 -7 -5 0
1 9996 109 9 3 -5 0 0 0 0 1 -5 0 -7 -8 -614 -166 5 27 27 -21 -1 3 0
1 10003 116 7 4 0 -1 0 0 0 -1 -2 0 -3 -4 11 8 3 -2 -2 4 2 -4 0
1 10001 107 1 -6 4 0 0 0 0 -1 1 0 96 17 -381 -107 1 17 17 28 -3 5 0
1 9999 101 3 -1 -1 0 0 0 0 5 0 -1 25 4 25 -9 -9 4 4 -3 5 -1 0
1 8221 91 -3 4 -6 1 0 -1 0 -2 -3 1 -83 2 -3983 -1149 -4 191 191 -24 5 0 0
1 11780 137 49 1 10 0 0 1 0 2 -6 -1 112 -3 3780 1081 -1 -179 -179 -5 -11 0 0
1 9995 100 28 0 -1 0 0 0 0 3 -8 -1 4 0 3207 913 -5 -149 -149 25 6 -4 0
1 10000 107 22 -1 -2 0 0 0 0 1 -7 -2 17 0 -3766 -1086 -3 179 179 0 -2 7 0
1 8953 89 28 -6 103 -1 1409 0 0 3 68 -9 -96 -3 2917 835 -1 -137 -137 -13 -1 -3 0
1 13351 151 -98 5 109 1 5 -1 -2 -11 103 -23 78 -16 -3060 -881 -2 145 145 17 2 3 0
1 10000 109 -64 6 7 0 0 0 0 -13 21 -1 4 0 -206 -55 3 9 9 -3 -6 5 0
1 8243 74 -58 -4 -121 -1 -1405 1 0 0 -71 28 -161 -2 2809 807 1 -133 -133 57 14 -11 0
1 12141 132 -9 -11 -95 1 -15 0 2 7 -70 10 149 -14 -3014 -865 -1 143 143 -35 -10 0 0
1 10623 103 -6 10 -7 0 0 0 0 -4 -1 3 12 -2 21 5 0 -1 -1 -6 6 -2 0
1 9998 107 11 0 2 0 0 0 0 1 -2 0 4 -8 3527 1009 -2 -166 -166 -14 -1 -2 0
1 10000 87 24 2 -2 0 0 -1 0 2 -7 0 21 -2 -3731 -1070 0 176 176 18 4 2 0
1 10000 102 29 1 2 0 0 0 0 2 -6 -1 -8 -4 -95 -30 -1 6 6 -23 -5 13 0
1 10000 93 36 0 3 0 0 0 0 2 -7 -1 13 -11 -165 -47 0 7 7 95 19 -6 0
1 10001 88 25 -2 -2 0 -1 0 0 3 -8 -1 36 4 -547 -163 -3 28 28 -92 -20 -3 0
1 10000 88 32 -2 2 0 0 0 0 3 -7 -1 2 -3 -85 -28 -3 5 5 145 22 6 0
1 9999 92 2 6 -6 0 0 0 0 -1 -4 0 -3 -14 -180 -55 -2 10 10 -124 -17 -4 0
1 10001 81 33 0 -1 -1 1 0 0 2 -10 -1 -59 -23 -255 -75 -1 13 13 34 10 2 0
1 10000 88 39 1 6 0 0 0 0 -1 -6 1 -45 -32 294 93 5 -17 -17 190 41 -1 0
1 10000 90 12 4 -8 0 0 0 0 2 -9 -2 -27 -21 -369 -95 6 15 15 -10 2 -1 1
1 8916 67 -3554 -12 107 0 1214 0 0 3 67 -5 -106 -11 -54 -8 5 0 0 7 7 8 0
1 13387 124 3506 6 115 0 200 1 -2 -7 107 -25 100 -3 -4094 -1167 4 195 195 24 8 -9 -1
1 10001 91 -66 9 3 0 0 0 0 -14 20 0 13 -5 3967 1140 1 -192 -192 -22 -12 -1 0
1 8826 69 -84 -1 -49 0 -308 0 0 -6 -13 10 -138 -6 -325 -93 0 16 16 -38 21 41 1
1 11174 100 -21 -17 -167 0 -1098 -1 2 14 -118 24 145 -8 166 46 -1 -8 -8 61 -11 -39 -1
1 9999 86 15 3 -2 0 0 0 0 -1 -6 1 -7 -9 3766 1078 -1 -178 -178 50 8 -3 0
1 10000 96 3 2 -1 0 0 0 0 -1 -1 1 -6 -8 -4381 -1256 0 208 208 26 0 9 0
1 10001 96 44 2 -2 1 -1 0 0 4 -12 -2 -3 -5 120 37 2 -6 -6 -32 -10 -3 0
1 9999 93 42 3 6 0 0 0 0 3 -6 -2 10 -20 -12 -4 0 0 0 16 -4 -6 0
1 10000 93 31 2 -7 0 0 0 0 -4 -14 2 -12 -4 -71 -19 0 3 3 -78 -10 3 0
1 10000 94 51 0 3 -1 0 0 0 3 -11 1 -131 -48 350 101 1 -17 -17 -122 -26 2 1
1 10001 86 -10 4 2 0 0 0 0 0 4 0 16 2 874 272 12 -48 -48 -49 -7 -4 -1
1 10000 89 -11 -13 -14 0 0 0 0 7 -7 -5 -2 -4 -4585 -1308 4 220 220 58 13 7 1
1 9999 107 1 4 14 0 0 0 0 0 10 0 -5 -5 5296 1521 1 -256 -256 20 1 -7 -1
1 10001 94 -3536 3 -5 0 0 0 0 -3 -21 2 -35 -23 237 70 1 -12 -12 -30 -4 -4 1
1 10000 92 4 11 -5 0 0 0 0 -3 -5 2 31 6 375 113 3 -19 -19 45 5 9 -1
1 8835 72 41 -19 120 0 1346 0 0 9 78 -9 -24 4 4111 1182 1 -195 -195 -70 -12 -3 0
1 13378 127 3496 7 106 1 60 0 -2 -8 103 -26 66 -4 -4577 -1320 -3 218 218 0 5 3 1
1 10000 109 -38 8 2 0 0 0 0 -11 13 3 -22 -4 -182 -60 -5 11 11 27 -2 -4 0
1 10000 86 -60 -1 -8 0 0 0 0 -3 9 -3 61 12 -46 -7 4 0 0 13 10 -7 0
1 18163 172 -74 7 -199 58 -1415 0 -2 -11 -127 46 -171 -24 -580 -177 -6 31 31 4 0 8 0
1 7734 66 -6 36 -15 0 0 -34 0 -29 -11 18 17 -2 253 74 1 -13 -13 81 50 7 0
1 7705 40 12 6 4 -1 0 -37 0 -5 0 3 45 -2 62 19 0 -3 -3 -48 -37 -13 -1
1 8023 62 18 -5 -1 0 0 -39 0 6 -5 -3 18 -2 177 52 1 -8 -8 3 -6 6 0
1 9079 51 32 -5 6 0 0 -44 0 7 -3 -3 -49 6 37 9 -1 -2 -2 46 -3 -4 0
1 8118 40 6 -4 -2 0 0 -39 0 7 -2 -4 40 1 -255 -78 -3 14 14 -48 4 -1 0
1 9999 54 9 -4 -3 0 0 -49 0 3 -5 -2 39 3 -354 -105 -2 18 18 -5 -5 6 1
1 10001 57 31 -7 0 0 0 -48 0 9 -8 -4 -69 9 -193 -55 0 9 9 29 9 -2 0
1 10007 46 34 -3 -1 0 0 -47 0 7 -9 -4 37 4 85 21 -2 -3 -3 24 1 1 0
1 10001 48 24 -14 7 1 0 -47 0 9 -1 -6 114 -1 213 61 0 -10 -10 -42 -6 -1 0
1 9982 41 18 -8 1 0 0 -47 0 8 -4 -5 -112 5 -405 -126 -5 22 22 -35 -6 0 0
1 10027 45 3 -3 -1 -1 0 -48 0 5 -1 -3 103 -3 -185 -49 2 8 8 61 12 0 0
1 9997 29 6 -11 1 0 0 -47 0 8 -1 -4 -12 -3 15 -1 -3 0 0 3 -5 -2 0
1 9987 27 -17 -10 2 0 0 -47 0 4 6 -6 -77 -5 -179 -52 0 9 9 -26 2 0 0
1 12640 13 -1 33 0 15 0 -20 0 -22 0 19 -6 1 125 40 2 -7 -7 5 -1 6 0
1 7346 -28 16 351 5 303 -1 -19 0 -315 -2 92 -38 1 -145 -51 -5 9 9 -25 -3 -7 -1
1 10016 -62 6 21 7 0 1 -46 0 -25 5 0 -25 -1 38 18 4 -4 -4 -14 -2 1 1
1 9985 -42 -28 -21 -9 0 -1 -48 0 22 -1 1 33 -5 351 100 0 -16 -16 62 4 0 0
1 10020 -51 -13 -2 5 0 0 -50 0 -2 8 -1 55 2 -462 -127 3 20 20 -28 4 2 0
1 9992 -72 -31 0 -1 0 0 -49 0 1 8 -1 -11 0 -14 1 2 0 0 -8 -6 0 0
1 9996 -58 -36 -6 3 0 1 -49 0 1 12 0 -105 -6 50 14 0 -3 -3 20 7 -2 0
1 9995 -87 -16 -10 0 0 -1 -52 0 5 3 -1 8 0 205 58 0 -9 -9 -16 -12 1 0
1 10001 -71 -44 -2 -6 0 0 -52 0 -1 6 0 102 -3 115 34 0 -6 -6 -16 -1 5 0
1 10016 -84 -57 -5 2 0 0 -52 0 -5 15 -2 -121 10 179 54 2 -9 -9 36 4 -2 0
1 9993 -87 -39 -2 -1 0 0 -50 0 0 9 -1 24 11 55 20 2 -4 -4 -44 -2 0 0
1 9984 -85 -33 -4 7 0 0 -52 0 -2 14 -2 80 -2 -13 -5 -1 1 1 -43 -6 -2 0
1 10008 -86 -52 -5 -11 -1 0 -51 0 -3 1 -1 -17 -4 226 66 1 -11 -11 -14 -8 4 0
1 15692 -151 65 15 222 1 1423 -15 2 -7 177 -64 27 -7 187 61 4 -11 -11 84 11 1 0
1 11620 -143 87 -7 17 0 0 0 0 17 -5 1 -5 -2 23 10 2 -2 -2 -48 -7 -1 0
1 10002 -112 76 -2 -3 0 0 0 0 11 -18 11 -33 -4 214 66 3 -12 -12 -25 1 -9 0
1 8822 -95 78 -2 -64 2 -508 -2 0 10 -72 30 -116 18 617 182 3 -31 -31 5 13 43 0
1 11178 -112 14 6 -119 2 -888 -1 2 -3 -110 26 120 4 -2798 -802 0 134 134 -14 -17 -36 0
1 10000 -104 -8 -6 -27 0 0 0 0 9 -23 3 11 11 2673 769 2 -129 -129 -27 -9 4 0
1 10000 -101 -10 -8 -2 0 0 0 0 7 1 -2 19 10 79 23 0 -4 -4 85 17 -3 0
1 9419 -84 -5 -1 -6 0 -3 -1 0 -4 -5 1 24 12 -27 -11 -3 3 3 -56 -17 -35 0
1 10581 -96 -35 3 3 0 0 0 0 -8 11 0 4 5 236 61 -3 -10 -10 153 31 35 0
1 10001 -91 -19 4 5 0 0 0 0 -3 11 -1 25 15 -4098 -1180 -2 198 198 -90 -10 -7 0
1 9999 -106 -41 -3 -1 0 0 -1 0 -1 9 -2 -4 -3 3760 1077 -1 -180 -180 -28 -1 2 0
1 10000 -93 -29 0 1 0 0 0 0 -1 8 -1 35 22 -338 -101 -3 17 17 82 16 1 0
1 10000 -88 -23 5 -11 0 0 0 0 -9 -4 1 16 29 -79 -26 -2 5 5 53 15 -3 0
1 9421 -110 24 -4 0 0 0 0 0 7 -6 1 -14 3 -456 -135 -2 23 23 -58 -18 6 0
1 10578 -87 -5 -2 0 0 0 0 0 0 1 0 -54 -10 -4 -3 -1 1 1 -43 -13 2 0
1 10000 -104 -5 1 5 0 0 0 0 0 6 -1 -27 -3 -96 -21 4 3 3 -92 -9 -5 0
1 10001 -100 1 -2 -1 0 0 0 0 1 -1 0 13 7 183 59 3 -11 -11 24 5 -1 0
1 10000 -93 -44 -5 -5 0 0 0 0 -4 4 0 3 14 163 49 1 -8 -8 -78 -24 3 0
1 10001 -92 -41 8 0 0 0 0 0 -8 12 -2 -5 5 213 61 1 -11 -11 53 16 -3 0
1 8572 -87 3 5 106 0 1382 -1 0 -10 92 -24 4 28 3468 997 1 -164 -164 35 1 -2 0
1 13446 -154 94 8 114 0 19 0 -2 5 75 -35 113 31 -3099 -905 -9 151 151 0 4 3 0
1 10256 -116 81 -8 11 0 0 0 0 16 -9 5 53 22 -571 -172 -5 30 30 -54 -16 1 0
1 8300 -102 74 7 -118 0 -1415 0 0 0 -118 45 -131 4 -19 -13 -4 3 3 33 9 0 -1
1 11699 -119 21 -8 -101 0 -2 0 2 10 -99 15 95 1 -774 -231 -5 39 39 10 1 5 1
1 10000 -107 21 -6 -4 0 0 0 0 10 -9 0 -10 19 917 266 1 -44 -44 -48 -4 -5 0
1 10000 -111 -3580 -3 -8 0 0 0 0 4 -13 0 0 1 129 40 2 -7 -7 5 -10 0 0
1 8625 -83 3542 -1 -122 1 -1373 0 0 0 -96 -8 -128 -4 -25 -7 0 1 1 -19 -19 -23 0
1 13375 -149 -105 -14 -114 0 -17 0 -2 6 -75 -20 94 12 193 55 0 -9 -9 -10 14 22 0
1 8584 -105 -48 30 124 -1 1415 -2 0 -11 132 27 -191 0 25 12 2 -3 -3 9 13 1 0
1 11417 -124 -72 2 86 1 0 0 2 -37 89 -1 194 -1 237 71 2 -12 -12 -22 -13 4 0
1 9999 -120 -24 -16 19 0 0 0 0 10 22 -3 -26 6 391 110 -1 -18 -18 29 4 -7 0
1 10000 -115 -55 -3 -7 0 0 0 0 -4 6 -1 6 16 -145 -36 3 5 5 -46 -6 1 0
1 8815 -109 -19 8 110 -1 1337 0 0 -16 100 -26 -72 6 4470 1284 1 -211 -211 -3 -4 4 0
1 14412 -169 106 12 125 0 68 0 -2 8 84 -41 -59 -31 -4130 -1178 4 193 193 29 4 3 0
1 9999 -130 95 -6 12 0 0 0 0 13 -11 8 44 19 453 146 9 -27 -27 54 15 -7 0
1 8824 -104 66 0 -56 0 -487 0 0 9 -61 28 -57 -2 267 78 1 -13 -13 -4 -16 -39 0
1 11176 -134 4 -2 -162 1 -936 0 2 6 -146 35 110 23 3020 865 -1 -141 -141 12 11 40 0
1 10000 -107 -52 -5 -14 0 0 0 0 -1 1 0 -18 1 -2959 -854 -3 140 140 -57 -10 4 0
1 10000 -111 -12 -9 -7 0 0 0 0 3 -5 1 -140 -22 15 -2 -3 1 1 67 26 -5 0
1 9999 -101 -10 5 11 -1 -5 0 0 -2 14 -2 2 4 638 211 15 -38 -38 -65 -13 -3 0
1 10000 -83 -16 6 1 0 0 0 0 -9 4 0 -16 -5 148 51 5 -9 -9 14 -8 5 0
1 10002 -110 -46 -6 -19 0 0 0 0 0 -6 0 16 3 496 149 4 -25 -25 -28 9 0 0
1 9998 -103 -40 4 16 0 0 0 0 -9 24 -3 -8 -10 -185 -54 -1 9 9 97 -4 0 0
1 10000 -99 -63 -12 -9 0 0 0 0 4 7 -1 -54 -16 142 42 1 -8 -8 -85 -8 3 0
1 10000 -95 11 12 18 0 0 0 0 -7 15 -3 52 24 170 60 6 -11 -11 22 6 -1 0
1 8830 -83 48 -4 93 0 1350 0 0 1 69 -18 -54 5 1061 307 1 -50 -50 1 -11 -45 0
1 13384 -137 74 20 113 0 64 0 -2 -6 80 -36 13 -11 -959 -273 2 44 44 5 16 43 0
1 9999 -107 68 -8 -3 0 0 0 0 14 -18 9 63 25 310 94 2 -16 -16 -17 -8 -2 0
1 8273 -82 46 11 -107 0 -1415 0 0 -1 -102 39 -128 -19 -883 -262 -4 44 44 23 1 1 0
1 11728 -115 -41 -10 -98 1 -2 1 2 6 -79 15 104 18 1015 292 0 -48 -48 -11 0 4 0
1 9999 -82 -12 -8 -13 0 0 0 0 7 -8 0 110 26 -287 -89 -3 16 16 -23 -7 -19 0
1 10000 -112 -3 -8 0 0 0 0 0 7 0 -1 -15 -7 -35 -23 -8 5 5 17 5 14 0
1 10000 -93 -8 3 2 -1 -3 -1 0 -9 3 1 -34 -6 -72 -24 -1 4 4 6 3 5 0
1 10000 -89 -26 2 12 0 0 0 0 -4 17 -2 -20 -3 -197 -60 -3 11 11 -26 1 -5 0
1 10000 -88 -44 1 -4 0 0 0 0 -2 9 -1 -157 -48 -82 -15 5 1 1 49 0 5 0
1 10001 -85 -33 0 -13 1 0 0 0 -5 -4 0 -132 -36 2902 853 11 -141 -141 -11 4 0 0
1 9999 -90 -14 -5 10 0 0 0 0 1 11 -1 125 31 -2831 -782 18 123 123 77 4 -5 0
1 10001 -98 -30 -1 0 0 0 0 0 -2 7 -2 37 29 726 203 -3 -32 -32 -102 -9 3 0
1 8613 -73 54 8 101 -1 1402 0 0 -5 77 -19 -203 5 1072 302 -4 -49 -49 -62 -6 4 0
1 13374 -144 118 6 122 1 19 1 -2 8 77 -33 297 68 -838 -246 -3 41 41 125 18 -2 0
1 8238 -101 68 -3 -96 -1 -1408 -1 0 11 -98 39 -8 33 98 6 -12 1 1 -47 -6 -2 0
1 11763 -115 7 -5 -114 1 -2 0 2 9 -104 19 291 62 -114 -44 -7 9 9 4 0 1 0
1 9999 -101 -26 -6 -12 0 0 0 0 5 -5 0 -14 6 106 -4 -19 5 5 57 12 -1 0
1 10000 -83 -15 -4 0 0 0 0 0 -2 3 0 -94 -30 -352 -111 -5 19 19 -83 -20 -2 0
1 10000 -99 -40 3 0 -1 -3 0 0 -3 11 -1 19 10 -299 -82 2 13 13 13 -5 3 0
1 10001 -93 -4 -1 9 0 0 0 0 -3 9 -1 43 16 -216 -69 -4 12 12 -37 0 -6 0
1 9999 -86 -51 5 -13 0 0 0 0 -8 2 0 9 5 285 75 -4 -11 -11 44 8 3 0
1 10000 -97 -17 -3 -3 0 -1 0 0 -1 0 0 75 23 -224 -69 -2 12 12 -57 -9 3 0
1 10001 -89 1 1 10 0 0 0 0 -3 9 -1 -8 2 -129 -53 -9 10 10 12 6 -4 0
1 9999 -98 -43 0 -6 0 0 0 0 1 7 -1 -37 -12 125 33 -2 -5 -5 0 -7 4 0
1 8562 -75 -11 5 101 1 1390 0 0 -15 90 -21 -115 -3 485 139 0 -22 -22 26 14 -3 0
1 13389 -148 80 10 112 -1 18 0 -2 4 79 -33 36 -12 -705 -197 3 31 31 -23 -12 4 0
1 10001 -103 83 -4 16 0 0 0 0 11 -7 2 317 107 -198 -53 2 9 9 -22 1 -6 0
1 11377 -127 64 3 -155 0 -1409 0 2 3 -150 50 151 64 279 38 -24 -2 -2 16 -4 1 0
1 10616 -122 3 -10 -61 0 0 0 0 13 -58 6 2 19 178 2 -27 6 6 9 1 -1 0
1 9999 -97 -16 -8 -7 0 0 0 0 5 -2 0 -41 5 -600 -178 -3 30 30 45 5 1 0
1 10001 -108 -31 0 -7 0 0 0 0 0 3 0 25 35 -697 -206 -4 35 35 -76 -7 1 0
1 9421 -74 -11 -4 4 1 -4 0 0 -1 5 -1 -3 3 281 79 -1 -13 -13 22 8 -6 0
1 10579 -110 -53 6 -4 0 0 0 0 -7 11 0 19 12 540 151 -2 -24 -24 -7 -6 -1 0
1 10000 -93 -47 3 -3 0 0 0 0 -6 10 0 2 11 12 -2 -3 1 1 -20 2 4 0
1 10000 -88 -44 3 6 0 0 0 0 -11 15 -2 10 6 146 38 -2 -6 -6 8 -2 1 0
1 10000 -93 -54 -1 -7 0 0 0 0 -6 7 -1 10 9 -5 -4 -1 1 1 -10 -5 0 0
1 10001 -101 -30 -2 4 0 0 0 0 -5 9 -1 4 6 316 88 -2 -14 -14 90 18 0 0
1 8568 -86 -5 5 99 0 1389 0 0 -6 90 -24 -89 1 -3986 -1146 -3 190 190 -54 -11 0 0
1 13413 -145 105 13 106 -1 19 0 -2 5 68 -30 96 9 4145 1184 -1 -196 -196 1 2 3 0
1 10354 -123 78 -4 13 0 0 0 0 9 -8 4 4 1 -416 -119 0 20 20 13 -3 -1 0
1 8219 -101 47 -7 -105 0 -1404 0 0 12 -101 38 -121 5 1237 353 -1 -58 -58 29 -16 -10 0
1 11781 -111 -34 -1 -91 1 -2 0 2 0 -73 14 146 15 -1460 -420 -1 69 69 -18 19 13 0
1 10000 -106 -44 -5 -19 0 0 0 0 4 -6 1 4 -1 623 176 -1 -28 -28 -57 -2 -6 0
1 10000 -87 -65 0 -5 0 0 0 0 -12 10 -1 10 12 -217 -66 -2 11 11 109 18 1 0
1 10002 -103 -81 1 -4 0 -3 0 0 -11 16 -2 0 10 444 124 -2 -20 -20 -94 -25 -1 0
1 9998 -97 -88 -4 -2 0 0 0 0 -14 14 -2 -12 2 -307 -89 -1 15 15 39 9 4 0
1 10000 -81 -27 -1 6 0 0 0 0 -4 11 -2 7 7 346 99 0 -17 -17 -50 -1 0 0
1 8826 -90 -17 7 100 -1 1288 0 0 -11 91 -30 -79 1 919 263 0 -43 -43 53 -24 -41 0
1 13393 -146 90 11 114 1 127 0 -2 4 77 -38 69 1 -825 -235 1 39 39 -60 16 41 0
1 10001 -102 92 -5 10 0 0 0 0 19 -10 5 2 10 46 13 0 -2 -2 2 -5 -5 0
1 10000 -114 55 -1 0 0 0 0 0 7 -11 7 13 14 -2782 -796 0 131 131 -8 4 2 0
1 10262 -105 72 -2 -1 0 0 0 0 12 -16 8 17 13 2834 809 -1 -133 -133 45 20 -3 0
1 8484 -101 39 5 -110 -1 -1413 0 0 0 -103 40 -148 5 317 89 -1 -15 -15 -16 -11 0 0
1 11516 -123 10 -9 -98 1 -5 0 2 10 -92 17 154 31 -146 -45 -2 8 8 -9 -8 0 0
1 9999 -97 -21 -9 -12 0 0 0 0 9 -5 0 32 50 3 2 0 0 0 -19 8 -3 0
1 10001 -96 -25 0 -5 0 0 0 0 -1 2 -1 -37 10 390 104 -4 -16 -16 28 -1 -1 0
1 10000 -94 3 3 2 -1 -3 0 0 -3 1 0 -258 -64 396 116 2 -20 -20 15 -2 10 0
1 10001 -90 -8 -2 3 0 0 0 0 -3 4 1 -156 -43 -483 -105 18 13 13 14 12 -4 0
1 10000 -100 -18 2 0 0 0 0 0 -3 5 -1 -221 -38 2400 725 21 -122 -122 8 4 -6 0
1 9996 -90 -3 2 -3 1 0 0 0 -1 -2 0 -147 -21 943 321 28 -58 -58 -7 -3 5 0
1 10003 -98 -9 2 -1 0 0 0 0 -2 2 0 -158 -1 1275 403 21 -69 -69 -4 -6 1 0
1 10000 -92 -26 -1 -1 0 0 0 0 -2 5 0 -22 1 1370 448 30 -78 -78 24 5 5 0
1 10001 -89 -34 -2 -1 0 0 0 0 -3 7 -1 6 10 5249 1541 18 -247 -247 24 5 0 0
1 9999 -94 -40 0 2 0 0 0 0 -5 12 -2 -40 10 -3222 -904 12 139 139 -54 -13 -5 0
1 10001 -87 -44 2 -1 0 0 0 0 -6 10 -1 8 14 1096 327 6 -52 -52 1 1 3 0
1 8823 -91 14 1 111 -1 1389 0 0 -4 94 -25 -119 19 2034 593 5 -94 -94 10 11 14 0
1 13408 -136 120 17 108 1 37 0 -2 1 65 -29 242 26 -351 -106 -3 17 17 -25 -17 -19 0
1 9067 -106 68 -5 -59 -1 -524 0 0 13 -65 28 28 40 2068 583 -6 -89 -89 16 -13 -46 0
1 11189 -99 24 -10 -142 1 -891 0 2 11 -133 30 128 32 -490 -168 -14 29 29 -41 19 48 0
1 10000 -97 3 -9 -13 0 0 0 0 12 -13 1 2 6 -229 -77 -7 13 13 4 -10 2 0
1 10000 -86 14 0 -4 0 0 0 0 -1 -8 0 40 54 340 88 -4 -12 -12 3 4 3 0
1 9420 -82 5 4 4 -1 -3 0 0 -4 2 1 -12 6 264 66 -6 -9 -9 -27 -2 -6 0
1 10580 -92 -15 -2 -4 0 0 0 0 4 1 -1 -72 -9 595 168 -1 -26 -26 43 0 6 0
1 10000 -85 15 0 3 0 0 0 0 0 -2 0 -197 -28 1078 317 4 -50 -50 -27 -1 -5 0
1 10000 -101 -6 -3 -1 1 -1 0 0 2 1 0 13 7 623 221 22 -38 -38 2 -4 2 0
1 10000 -70 -31 3 -2 0 0 0 0 -5 7 0 182 88 1606 473 6 -74 -74 -21 -6 5 0
1 10000 -95 -46 0 -2 0 0 0 0 -5 10 -1 18 21 1260 347 -7 -51 -51 16 7 -6 0
1 10001 -78 -4 -6 3 0 1 0 0 0 2 0 54 31 679 180 -9 -25 -25 52 4 -5 0
1 9999 -82 -11 2 -1 0 0 0 0 1 3 0 106 52 327 78 -8 -11 -11 -75 -14 10 0
1 10000 -98 7 -3 -1 0 0 0 0 4 -3 0 29 31 -128 -63 -14 13 13 -3 -1 1 0
1 10000 -83 -20 2 -2 0 0 0 0 -3 4 -1 -48 3 73 5 -8 1 1 -19 -3 -3 0
1 10000 -80 -11 -2 0 0 0 0 0 -1 2 0 -121 -7 65 18 0 -3 -3 31 13 0 0
1 10001 -80 -37 2 5 0 0 0 0 -9 13 0 -297 -34 640 199 8 -31 -31 40 -4 4 0
1 9420 -75 -22 3 0 0 0 0 0 -5 5 -1 -198 -17 1610 516 28 -84 -84 -2 6 7 0
1 10579 -69 -27 3 0 0 0 0 0 -5 7 -1 -111 -15 1730 552 28 -88 -88 -28 -4 0 0
1 10001 -83 4 -1 5 0 0 0 0 2 4 -1 -56 -5 1725 538 22 -84 -84 -6 1 -5 0
1 8825 -68 7 18 -10 52 0 0 -4 -13 -9 2 -139 -13 1273 398 16 -62 -62 36 1 12 0
1 10005 -98 29 31 9 0 -1 -47 0 -31 -1 -1 -121 -15 2472 738 13 -111 -111 8 0 1 0
1 9982 -109 -55 -5 -7 0 0 -49 0 0 7 -1 -329 -35 2161 664 21 -100 -100 44 13 8 0
1 10007 -111 -64 -7 -7 0 0 -51 0 -5 8 -1 -148 -22 1291 423 26 -66 -66 -59 -12 -13 0
1 10013 -113 -59 -6 4 0 0 -51 0 -7 13 -3 -17 -6 2507 791 34 -120 -120 -6 1 0 0
1 16618 -220 70 18 214 0 1405 -20 2 -3 171 -67 -83 -44 2931 909 32 -134 -134 -8 -1 10 0
1 10000 -142 81 -9 17 0 0 0 0 22 -2 2 -246 -51 847 291 22 -46 -46 23 -4 12 0
1 10001 -137 118 -12 12 0 0 0 0 21 -16 10 -481 -78 -545 -80 38 4 4 20 7 1 0
1 9769 -150 59 3 -80 0 -1233 -2 0 3 -80 37 -580 -67 6133 1893 58 -273 -273 44 9 40 0
1 9645 -136 -4 -35 -123 -39 -163 -1 2 32 -109 24 -974 -140 3209 1113 87 -168 -168 35 17 -1 0
1 10585 -132 -34 -21 -25 0 0 0 0 23 -14 0 -286 -59 6612 2163 114 -309 -309 -8 -1 -4 0
1 10000 -105 -50 -6 -1 0 0 0 0 -3 10 -1 -170 -26 6253 1992 80 -272 -272 1 -8 -7 0
1 10001 -102 -82 2 -2 0 -5 0 0 -9 19 -3 -98 -11 8645 2614 42 -335 -335 -19 0 10 0
1 10000 -110 -72 3 -2 0 0 0 0 -14 14 -1 -90 -9 4822 1498 41 -190 -190 30 5 5 0
1 9999 -111 -11 4 -8 0 0 0 0 -2 -3 1 -879 -89 3235 996 23 -123 -123 27 19 38 0
1 8801 -99 63 4 98 0 1397 -1 0 1 73 -18 -596 -125 4752 1568 76 -200 -200 7 -13 -21 0
1 13411 -146 217 2 130 0 16 0 -2 20 59 -26 -827 -121 8643 2853 136 -354 -354 48 21 17 0
