version: 66.11
glider: 175
mission: 11
dive: 91
start: 5 25 126 19 59 8
columns: rec,elaps_tms,depth,heading,pitch,roll,AD_pitch,AD_roll,AD_vbd,GC_phase,mag.x,mag.y,mag.z,sbect.TempFreq,sbect.CondFreq,aa4330.O2,aa4330.AirSat,aa4330.Temp,aa4330.CalPhase,aa4330.TCPhase,wlbb2f.redCount,wlbb2f.blueCount,wlbb2f.fluorCount,wlbb2f.VFtemp,
data:
0 22348 -245 1621 -703 -36 237 2024 825 2 400 -126 266 265892 163084 320861 95730 12189 31680 31680 843 274 575 568
1 9995 6 80 -27 -85 0 0 278 0 10 -21 -15 -11 -9 -25 103 51 -24 -24 143 11 14 0
1 10008 4 -103 7 97 0 0 275 0 11 23 -4 29 0 -1190 -399 -20 55 55 -18 -46 -120 0
1 9998 39 -60 -44 -8 0 0 267 0 27 -20 -47 -15 -1 83329 24949 26 -2711 -2711 8 31 67 0
1 9978 11 55 5 -19 0 0 259 0 -7 5 14 -7 3 37031 11095 11 -979 -979 -12 11 -17 0
1 10015 46 -23 -52 43 1 0 248 0 22 14 -33 -24 0 6872 2063 3 -169 -169 99 -3 2 0
1 9982 50 54 16 -36 -1 0 252 0 -7 2 12 -28 -6 3196 954 -1 -77 -77 -131 -10 -39 0
1 10015 101 103 5 -54 0 0 274 0 -3 9 9 518 87 1422 425 1 -35 -35 -108 9 3 0
1 14994 402 -26 23 78 444 0 259 -1 -6 31 16 3479 699 -794 -617 -125 73 73 -158 -84 -204 0
1 9128 350 -32 232 -65 1673 -1367 3 5 -154 -64 134 5282 864 -27521 -9536 -467 897 897 -283 -39 -129 0
1 14072 459 77 190 -195 1 -8 1 -2 -170 -148 17 211 94 -86361 -27152 -744 2996 2996 -5 -6 -19 0
1 9999 264 39 49 -6 0 0 0 0 -44 4 13 141 56 -12619 -3906 -115 517 517 2 4 33 0
1 10002 225 32 6 7 0 0 0 0 -7 17 9 0 5 5628 1476 -67 -175 -175 33 12 -15 0
1 9998 210 44 1 -3 0 0 0 0 3 13 5 122 37 -11611 -3464 -53 461 461 -35 -12 -17 0
1 8828 199 1 6 101 54 1385 2 0 -2 88 31 174 40 -10647 -3149 -39 435 435 -29 -3 -11 0
1 11172 206 9 42 107 18 0 1 2 -42 100 17 192 27 6433 1751 -48 -230 -230 21 3 8 -1
1 10000 171 20 9 10 0 0 0 0 -9 17 1 307 62 3894 1045 -36 -133 -133 -12 -5 -15 0
1 10000 150 3 4 10 0 0 0 0 -1 9 0 117 30 -7945 -2396 -54 337 337 -34 -3 0 0
1 10000 159 5 -2 0 0 1 1 0 2 2 0 29 7 -2249 -682 -17 98 98 28 4 1 0
1 10001 156 -2 -4 1 0 0 0 0 -1 1 0 233 30 -1300 -411 -19 61 61 -41 -8 -7 0
1 10000 151 24 10 -6 0 0 0 0 -3 3 0 137 22 -767 -292 -35 48 48 -14 -1 -1 0
1 10000 150 26 -5 1 0 0 0 0 9 10 -1 82 9 5276 1459 -25 -197 -197 21 -5 -14 1
1 9999 153 24 -2 -24 0 0 0 0 5 -14 0 62 9 -8848 -2572 -19 364 364 -21 3 13 0
1 10001 155 -4 8 34 0 0 0 0 -9 30 -1 43 4 -1211 -365 -9 54 54 -18 0 -5 -1
1 8608 134 -29 -17 108 -2 1390 0 0 14 88 -15 -13 0 -441 -156 -15 26 26 18 -18 -46 1
1 13386 211 -117 12 125 0 14 0 -2 -25 69 -21 315 11 -1431 -433 -12 65 65 47 11 28 0
1 8225 128 -55 4 -114 0 -1414 1 0 -6 -120 33 52 0 -784 -272 -23 44 44 0 15 10 -1
1 11775 163 -49 -12 -107 0 -14 0 2 13 -118 3 212 -22 3621 978 -29 -135 -135 -49 -8 11 0
1 10000 147 -54 2 -1 0 0 0 0 -1 -23 -2 4 -48 -5496 -1604 -17 236 236 32 3 -7 1
1 10000 139 -71 0 -8 0 0 0 0 6 -34 -5 91 -22 -1111 -352 -17 55 55 -26 -1 5 -1
1 8528 138 -37 -6 -111 0 -1347 -1 0 12 -111 -37 -40 -45 -368 -135 -15 23 23 13 23 42 0
1 13368 197 13 5 -113 0 -19 0 -2 -2 -87 -47 -211 -188 -4378 -1252 -2 187 187 34 -9 -58 0
1 10002 156 42 15 -7 0 0 0 0 -22 7 5 27 -34 -4012 -1112 17 164 164 7 -2 19 0
1 10000 141 45 8 4 0 0 0 0 -12 17 12 14 -27 -1479 -418 2 63 63 8 4 -17 0
1 9999 138 19 1 8 0 0 0 0 0 14 8 -127 -58 -1625 -461 2 70 70 -4 1 -7 0
1 10000 136 42 -12 2 0 0 0 0 10 16 8 -261 -133 -571 -133 16 17 17 28 4 4 0
1 9999 116 53 3 -5 0 0 0 0 -4 14 7 -132 -151 -491 -88 27 8 8 29 4 -4 0
1 10001 126 63 -6 3 0 0 0 0 4 24 11 -47 -62 -1558 -410 19 59 59 56 13 8 0
1 8825 134 33 8 37 0 227 -1 0 -3 44 17 -93 -22 -792 -199 15 28 28 -20 -1 2 0
1 11173 131 -7 -17 173 0 1159 0 2 14 155 25 185 -1 -1067 -295 5 45 45 -26 -2 -6 0
1 10003 143 44 11 1 0 0 0 0 -3 17 0 -24 -14 -633 -192 -6 31 31 32 3 22 0
1 9999 132 34 2 -11 0 0 0 0 2 2 -1 -19 -19 -505 -138 4 21 21 -62 -8 -23 0
1 9999 130 4 -1 -4 0 1 0 0 -2 -2 1 -28 -15 -780 -219 2 34 34 63 7 2 0
1 10001 138 -12 5 11 0 0 0 0 -3 6 0 3 -2 117 38 2 -6 -6 -23 -8 -3 0
1 10001 134 -14 -13 7 0 0 0 0 11 1 -1 -21 -6 -379 -103 3 15 15 -37 0 -1 0
1 8764 123 18 10 -7 0 -1 0 0 -7 0 0 -203 1 -135 -37 1 6 6 52 11 7 0
1 11236 150 11 -4 3 0 1 0 0 5 7 0 153 -28 113 36 2 -6 -6 6 -1 0 0
1 9999 137 -5 4 -4 0 0 0 0 -6 -6 1 -8 -1 4636 1335 5 -210 -210 -18 -4 0 0
1 10001 132 -36 -6 4 0 0 0 0 2 -9 0 -8 -12 -4903 -1398 2 218 218 -48 -8 -6 1
1 9418 132 -2 2 -2 0 0 0 0 -3 -2 0 -1 -5 -340 -94 2 15 15 69 13 2 -1
1 10581 155 32 -3 9 0 0 0 0 6 20 -1 -39 -27 -527 -147 2 22 22 -32 -6 -2 1
1 10001 141 1 5 -5 0 0 0 0 -4 -5 0 -50 -31 -29 -1 4 0 0 66 4 0 -1
1 9421 117 -8 -1 -1 0 -1 0 0 2 -4 0 -47 -29 -39 0 6 -2 -2 -79 1 3 0
1 10578 136 3 -4 7 0 0 0 0 3 8 0 -32 -16 24 19 7 -4 -4 50 4 -3 1
1 10001 148 -3 4 -3 0 0 0 0 -4 -4 0 4 0 -302 -77 5 11 11 -1 -5 1 -1
1 9999 128 20 2 -14 0 0 0 0 0 -6 0 -37 -21 -177 -47 2 7 7 -9 4 8 0
1 10000 137 14 1 6 0 0 0 0 0 11 0 -4 -5 -76 -13 5 1 1 -5 -4 -6 1
1 10000 138 28 -2 -2 0 0 0 0 7 7 -1 -78 -34 -529 -145 3 22 22 84 5 2 -1
1 8305 116 -2 -6 107 -1 1391 0 0 5 97 -16 -184 -13 4485 1298 8 -206 -206 -74 -2 -5 1
1 13365 173 -77 -2 135 1 14 0 -2 -8 91 -32 146 -19 -4590 -1304 5 205 205 60 4 -1 -1
1 11908 174 -28 4 -3 0 0 0 0 -9 -11 5 -3 -30 9 10 4 -3 -3 -35 9 6 1
1 10000 138 -40 12 -4 0 0 0 0 -13 -17 8 110 0 -171 -48 1 7 7 -52 -19 -2 0
1 10844 158 -22 -8 -149 0 -1405 1 2 4 -140 34 12 -1 -181 -67 -9 13 13 60 5 -3 0
1 10620 137 9 8 -66 0 0 0 0 -3 -59 3 114 15 -829 -255 -9 43 43 -77 -9 3 0
1 10001 146 -11 -3 -8 0 0 0 0 1 -11 0 36 6 -420 -138 -10 24 24 100 18 1 0
1 9999 126 -6 -4 9 0 0 0 0 1 6 0 7 0 528 142 -5 -22 -22 -82 -13 -3 0
1 9418 118 9 5 -15 0 -5 0 0 0 -10 0 -25 -2 -43 -23 -6 5 5 24 2 1 0
1 10582 153 0 2 9 0 0 0 0 -5 8 0 18 -2 -542 -155 0 25 25 -30 -3 4 0
1 10001 133 18 4 -2 0 0 0 0 0 5 0 13 1 35 7 -1 -1 -1 24 5 -5 0
1 9417 111 25 -9 1 0 0 0 0 10 10 0 -9 -5 248 67 -2 -10 -10 -23 0 0 -1
1 10583 135 43 -4 -4 0 0 0 0 6 12 0 -16 -14 -556 -159 0 25 25 10 1 -2 1
1 9999 140 63 4 -5 0 0 0 0 4 17 -2 55 -3 175 51 1 -8 -8 -18 -11 2 0
1 8773 135 -23 1 108 0 1398 0 0 -2 91 -12 -150 -4 197 50 -4 -7 -7 -4 15 13 0
1 13391 164 -64 -3 120 -1 14 -1 -2 -7 83 -28 139 -2 -332 -103 -4 17 17 153 0 -16 0
1 9275 138 -30 5 -64 1 -457 1 0 -9 -65 22 -112 5 -139 -43 -2 8 8 -178 -19 7 0
1 11158 164 6 -5 -152 0 -948 -1 2 8 -137 21 177 0 -394 -124 -6 21 21 82 14 -2 0
1 10000 129 32 9 2 0 0 0 0 -5 13 -1 13 -2 323 93 0 -15 -15 -88 -17 -3 0
1 9999 117 8 -1 -11 0 0 0 0 1 -7 0 17 1 -29 -12 -2 2 2 -7 4 -2 0
1 10000 138 -13 -2 -4 0 -1 1 0 2 -8 1 -5 1 -84 -29 -3 5 5 61 2 5 0
1 10001 118 26 -4 9 0 0 0 0 5 18 -1 27 -6 16 4 0 0 0 -51 -28 -49 0
1 10000 125 22 4 3 0 0 0 0 -3 11 -1 9 -2 -226 -69 -3 12 12 39 32 48 0
1 9423 113 2 3 0 0 0 -1 0 1 -1 0 -11 1 -68 -25 -2 4 4 -15 4 -1 0
1 10577 123 23 -5 -10 0 0 0 0 6 0 -1 18 -4 -412 -117 -1 19 19 12 -6 0 0
1 9999 122 -3 1 11 0 0 0 0 -1 9 0 -11 -2 456 128 0 -20 -20 -39 -5 0 0
1 10081 122 -13 -9 95 0 1233 0 0 8 82 -12 -155 0 -4852 -1387 0 225 225 34 3 1 0
1 14232 200 -48 -10 125 0 169 1 -2 2 92 -33 182 -2 4476 1279 -1 -208 -208 -6 2 -2 0
1 10002 137 7 31 -26 0 0 0 0 -27 -19 10 11 -2 -260 -79 -3 13 13 -2 2 0 0
1 10090 109 -42 -32 51 0 0 0 0 23 28 -14 1 0 742 210 -1 -33 -33 26 0 0 0
1 8837 123 17 8 -72 0 -262 0 0 -7 -54 23 5 10 -771 -221 0 35 35 -1 27 48 0
1 10757 136 -19 6 -168 0 -1140 0 2 -2 -160 27 11 -11 -201 -67 -5 12 12 -33 -29 -48 0
1 10619 138 14 -3 -6 0 0 0 0 3 0 1 20 4 4 -1 -2 1 1 34 5 1 0
1 9999 127 22 -2 -7 0 0 0 0 3 2 0 -15 -3 -1433 -413 -1 67 67 -20 -1 1 0
1 10000 131 33 17 -1 0 -1 -1 0 -13 10 0 7 2 1441 413 0 -67 -67 19 -7 1 0
1 10001 117 11 -4 -25 0 0 0 0 4 -18 0 2 -4 -96 -27 1 4 4 47 15 -3 0
1 10000 121 8 -1 27 0 0 0 0 3 27 -1 34 8 -268 -77 -1 13 13 -69 -12 0 0
1 10000 116 2 -7 10 0 0 0 0 9 9 -1 15 0 93 19 -3 -2 -2 33 4 -4 0
1 9999 121 15 5 -15 0 0 0 0 -3 -8 1 -11 1 254 71 -2 -11 -11 -6 0 4 0
1 10001 117 -40 -7 15 0 0 0 0 1 0 0 -2 -5 -358 -106 -1 17 17 74 9 7 0
1 8190 116 -6 2 -24 0 0 0 0 -3 -24 1 -116 -10 -4470 -1274 2 207 207 80 -5 -4 0
1 11809 154 8 5 14 0 0 0 0 -3 15 -1 77 -1 4339 1246 3 -204 -204 -194 -11 0 0
1 10001 120 -8 -9 -5 0 0 0 0 4 -7 1 32 4 -187 -52 0 9 9 80 10 -2 0
1 9999 141 50 7 0 0 0 0 0 4 17 -1 -23 -5 259 66 -4 -10 -10 25 3 -5 0
1 8808 129 30 -6 119 -1 1402 0 0 10 118 -22 -218 -50 489 143 2 -24 -24 -22 29 33 1
1 13557 207 -80 7 125 1 2 0 -2 -20 81 -31 232 6 -787 -220 2 35 35 -40 -35 -31 -1
1 10732 148 -39 9 -6 0 0 0 0 -13 -17 9 -15 0 -33 -12 -1 3 3 -11 -2 2 0
1 8828 131 -48 -1 -75 -1 -489 1 0 -3 -81 27 -202 -9 219 64 1 -11 -11 30 -4 -10 0
1 11172 152 33 -12 -133 1 -921 -1 2 15 -110 17 177 -8 -345 -94 2 15 15 7 15 7 0
1 10000 152 11 -3 -34 0 0 0 0 5 -27 1 -9 10 37 12 1 -3 -3 18 5 4 0
1 10000 137 1 11 8 0 0 0 0 -12 8 0 -19 -22 -34 -4 4 0 0 9 -7 -1 0
1 10000 148 -14 -2 7 0 -1 0 0 1 1 0 -50 -20 28 12 2 -2 -2 -71 -8 -2 0
1 10000 144 -35 -4 -1 0 0 0 0 2 -14 0 -94 -60 532 163 5 -27 -27 27 16 -3 0
1 10000 146 -45 0 5 0 0 0 0 0 -12 0 -50 -35 -222 -45 11 4 4 54 11 10 0
1 10001 149 -22 -1 -5 0 0 0 0 -3 -14 -1 -6 -1 1164 350 9 -58 -58 79 -6 -4 1
1 9999 142 -32 3 -14 0 0 0 0 -2 -25 -2 -48 -28 -1517 -426 5 68 68 -94 -5 3 0
1 10001 140 0 15 26 0 0 0 0 -11 24 2 -18 -15 11 14 6 -4 -4 14 6 -1 0
1 8531 115 21 -33 -131 0 -1363 0 0 31 -111 -21 -135 -6 -4381 -1247 3 203 203 66 20 -1 0
1 13402 183 59 33 -105 0 -19 -1 -2 -30 -70 -26 125 0 3959 1137 3 -186 -186 129 -4 2 0
1 10001 143 25 -10 -3 0 0 0 0 6 6 3 -2 -3 144 45 2 -8 -8 -166 -13 -2 -1
1 10461 121 17 13 6 0 0 0 0 -9 11 5 4 -1 -416 -116 1 18 18 18 5 -2 0
1 8835 114 66 15 52 0 262 0 0 -6 68 24 -136 -3 -153 -47 -1 8 8 -3 13 27 0
1 11166 85 -15 -31 108 0 1131 0 2 27 94 15 125 -6 361 108 2 -18 -18 96 -3 -26 1
1 9999 86 -56 -12 65 0 0 0 0 9 39 1 -16 -7 79 23 0 -3 -3 -115 -18 0 0
1 10000 98 -4 -4 9 0 0 0 0 0 7 0 9 2 -268 -73 2 11 11 -9 -5 0 -1
1 9418 112 30 -7 -27 0 0 0 0 9 -13 -1 0 -1 148 42 0 -7 -7 0 14 1 1
1 10582 131 21 16 7 0 0 0 0 -15 14 1 -13 -11 -362 -101 2 16 16 -11 -6 -2 0
1 10001 126 -11 10 -6 0 0 0 0 -9 -10 1 -1 1 1311 377 0 -61 -61 29 9 -3 0
1 9998 133 35 -16 22 0 -1 0 0 18 33 -2 47 25 -1293 -367 2 59 59 22 -5 5 0
1 10002 147 -11 -16 -3 0 0 0 0 15 -7 -1 -8 -6 136 31 -4 -4 -4 -70 -7 -2 0
1 10000 143 7 26 -35 0 0 0 0 -24 -30 2 0 3 122 33 -1 -5 -5 26 4 -2 0
1 10000 133 53 4 17 0 1 0 0 2 35 -1 -40 -21 -85 -28 -2 5 5 173 11 4 0
1 10000 132 32 -4 -20 0 0 0 0 11 -8 0 -11 -7 -230 -58 4 8 8 -203 -9 -5 0
1 10000 148 -27 -2 21 0 0 0 0 -2 10 -1 6 1 198 62 3 -10 -10 29 -3 4 0
1 9570 135 -46 -12 93 0 1246 0 0 3 70 -8 -36 4 -105 -30 0 5 5 43 -1 -13 0
1 13827 219 -20 16 150 0 153 0 -2 -19 123 -41 54 -4 18 2 -1 -1 -1 19 9 17 0
1 10456 148 -11 10 -12 0 0 0 0 -9 -13 7 16 10 207 61 0 -10 -10 11 0 -5 0
1 9731 139 -78 12 -16 0 -9 0 -1 -19 -40 15 -123 -23 -1019 -294 -1 49 49 -25 15 26 0
1 10269 151 55 -45 -172 0 -1392 0 3 49 -136 27 91 8 903 264 3 -44 -44 -45 -10 -23 0
1 10000 149 32 23 -40 0 0 0 0 -19 -25 3 13 12 -244 -71 -1 12 12 -29 -23 -6 0
1 10001 142 0 23 13 0 0 0 0 -21 12 -1 -23 -22 146 39 -1 -6 -6 52 20 2 0
1 9999 109 -17 -26 9 0 -5 0 0 19 3 0 -2 2 69 23 1 -4 -4 -61 -20 3 0
1 10001 125 4 1 -8 0 0 0 0 1 -6 0 -1 -3 -14 -2 2 -1 -1 110 20 -2 0
1 10000 135 -39 0 2 0 0 0 0 -3 -13 0 -29 -7 179 51 0 -8 -8 -76 -16 -1 0
1 9418 106 -9 7 46 0 -1 0 0 -7 40 -2 12 4 -322 -87 3 14 14 166 38 -3 0
1 10581 124 42 -4 -63 0 0 0 0 9 -44 2 -4 -2 -131 -36 1 5 5 -160 -34 4 0
1 10000 98 51 -10 6 0 0 0 0 12 25 -1 -4 -10 345 102 1 -16 -16 35 11 0 0
1 9998 103 -27 -1 12 0 0 0 0 -1 1 0 -1 1 -145 -43 0 7 7 -30 0 1 0
1 10003 101 112 18 -43 0 0 0 0 2 -2 -1 75 2 -32 -13 -2 2 2 218 33 0 0
1 10000 92 3 1 29 0 0 0 0 -1 27 -1 36 2 -514 -159 -8 28 28 -32 -1 -4 0
1 8747 91 -15 0 104 0 1408 0 0 0 89 -17 -135 -1 -270 -85 -4 14 14 -26 -10 1 0
1 13705 137 -71 -14 141 0 6 0 -2 -1 98 -40 137 -2 -88 -30 -2 6 6 -25 2 0 0
1 10446 119 -11 10 -22 0 0 0 0 -13 -20 11 -17 -2 -335 -99 -2 16 16 5 0 3 0
1 10000 101 -44 -5 18 0 0 0 0 -2 1 0 -7 -3 15 6 1 -1 -1 5 -2 2 0
1 10000 106 24 -14 -24 0 0 0 0 17 -13 5 43 -19 72 24 2 -4 -4 99 37 -3 0
1 10016 125 -25 6 20 0 0 0 0 -6 8 -3 14 -9 237 62 -4 -10 -10 197 36 -3 0
1 9277 124 -27 7 -72 0 -279 1 0 -10 -70 25 -176 -1 -639 -187 -2 31 31 25 -1 1 0
1 11176 151 52 -9 -160 0 -1141 0 2 13 -127 21 142 9 -513 -151 -2 26 26 -165 -41 -2 0
1 10000 162 -28 9 -11 0 0 0 0 -7 -21 1 -1 0 77 24 1 -5 -5 -2 -2 10 0
1 9999 128 2 6 12 0 0 0 0 -10 12 0 -2 3 296 87 1 -14 -14 -102 -11 -9 0
1 9999 143 74 3 7 0 0 -1 0 7 33 -2 26 -23 -361 -101 2 16 16 368 71 5 0
1 10002 130 28 -13 -3 0 0 0 0 17 6 -1 1 -2 27 3 -3 0 0 -112 -9 -4 0
1 9999 143 37 17 -4 0 0 0 0 -10 9 -1 -1 -6 -116 -34 0 6 6 -56 -14 4 0
1 12340 158 43 -14 97 -1 1234 0 0 26 99 -22 -114 -10 -466 -133 0 22 22 229 43 1 0
1 13404 187 -43 7 116 0 184 1 -2 -17 85 -35 99 -2 26 10 1 -2 -2 -142 -20 8 0
1 9999 145 -35 -4 16 0 0 0 0 -4 4 -2 15 -7 58 17 1 -3 -3 142 19 -14 0
1 10001 126 -68 6 1 0 0 0 0 -16 -19 11 -12 5 -52 -14 0 2 2 -42 -2 2 0
1 10035 147 -38 6 -4 0 0 0 0 -10 -16 7 2 -9 72 19 -1 -3 -3 141 41 -2 0
1 10000 141 -37 -4 7 0 0 0 0 3 -6 3 5 -1 -407 -116 1 19 19 -83 -26 -1 0
1 9445 124 -30 0 -107 0 -1255 -1 0 -2 -104 32 -82 -4 -259 -75 -1 13 13 86 -19 -2 0
1 10557 138 46 -13 -132 0 -159 0 2 15 -105 10 82 -3 320 92 0 -16 -16 -10 28 6 0
1 11382 161 -7 59 3 157 -2 0 -4 -51 0 -1 -69 -5 -229 -66 0 11 11 83 25 4 0
1 7693 62 -31 88 -1 0 0 -31 0 -92 -12 -12 -13 0 -285 -83 -1 14 14 47 5 4 0
1 9744 43 40 44 -11 0 0 -46 0 -35 5 -9 20 -2 651 189 1 -31 -31 5 -18 -4 0
1 9999 22 -12 -24 20 -1 0 -48 0 16 14 5 -6 1 -615 -176 1 29 29 77 23 -7 0
1 10010 38 5 1 -9 1 0 -48 0 3 -7 1 -36 -1 -320 -94 -2 15 15 -335 -50 1 0
1 9986 38 9 -17 -1 0 0 -48 0 17 3 3 23 -1 190 57 2 -9 -9 477 81 6 0
1 10026 47 33 6 8 0 0 -49 0 -1 19 0 -36 3 186 55 1 -10 -10 -334 -65 -5 0
1 9969 23 16 -8 9 0 1 -46 0 7 14 1 52 5 -39 -12 0 2 2 -88 -15 -2 0
1 10019 30 17 -8 -7 0 -1 -48 0 11 -1 2 -32 -1 -119 -31 1 5 5 51 12 1 0
1 9994 23 13 -15 2 0 0 -46 0 14 7 2 26 2 -20 -4 1 1 1 15 2 8 0
1 9997 18 31 -4 4 0 1 -47 0 9 14 0 -16 -4 -339 -94 2 15 15 173 10 -2 0
1 9995 16 -4 10 5 0 -1 -46 0 -9 3 -2 -89 2 813 234 0 -39 -39 98 -8 -6 0
1 10023 10 -22 -45 -5 0 1 -48 0 39 -12 6 77 -3 -362 -105 0 17 17 160 53 2 0
1 15367 -7 -47 84 5 16 -1 -42 0 -82 -12 -13 36 0 3956 1135 1 -185 -185 -21 21 5 0
1 9617 -63 -20 433 -5 380 1 -27 0 -334 -8 -228 -14 -1 -3691 -1066 -5 175 175 -457 -52 -2 0
1 10018 -78 -32 -54 5 0 0 -48 0 26 -9 35 -15 0 -277 -75 2 12 12 65 62 -4 0
1 9979 -92 34 19 27 0 0 -47 0 -9 27 -14 11 3 25 12 3 -3 -3 175 -61 1 0
1 10003 -109 16 -29 -32 0 0 -50 0 22 -13 30 -18 8 239 62 -3 -9 -9 -204 -8 4 0
1 10018 -136 -6 10 32 0 0 -50 0 -9 17 -13 -2 4 -338 -98 -1 16 16 -47 -51 0 0
1 9994 -130 -35 -17 -27 0 0 -48 0 6 -28 12 -74 1 308 90 1 -15 -15 99 21 2 0
1 10003 -163 -29 10 1 0 0 -51 0 -6 -10 -8 91 3 -35 -10 0 2 2 -287 -10 -6 0
1 9971 -177 10 0 8 0 0 -52 0 1 8 0 -157 5 190 51 -2 -8 -8 280 2 1 0
1 10019 -204 -11 -20 -6 0 0 -50 0 10 -7 13 -5 9 368 108 1 -18 -18 -366 -52 5 0
1 10000 -220 -68 -10 4 0 0 -52 0 6 -23 6 141 3 -120 -35 0 5 5 -82 -12 -5 0
1 9985 -205 -74 8 6 0 0 -51 0 -3 -24 -7 -30 7 242 71 1 -11 -11 60 15 5 0
1 10013 -208 -17 -29 28 0 0 -53 1 19 12 24 27 9 317 91 0 -15 -15 -36 -9 -1 0
1 15053 -276 31 59 193 0 1418 -5 1 -39 115 -56 94 10 -232 -73 -3 12 12 -47 -15 1 0
1 10000 -222 85 2 4 0 0 0 0 -5 30 -16 -8 2 406 116 -1 -19 -19 -82 -17 -4 0
1 10000 -261 30 -21 -23 0 0 0 0 13 4 15 -3 -3 1153 332 1 -54 -54 46 9 -6 0
1 10000 -252 33 -2 26 0 0 0 0 6 28 -3 18 8 -1321 -379 -1 62 62 79 11 6 0
1 9999 -239 -21 8 -35 0 0 0 0 -5 -28 5 -5 0 198 55 0 -9 -9 -85 -13 0 0
1 10001 -234 45 -29 28 0 0 0 0 19 38 6 18 3 -175 -51 -1 9 9 69 17 -4 0
1 8823 -159 2 16 -127 -37 -1415 -4 0 -12 -74 14 -174 20 101 25 -2 -4 -4 -65 -40 -32 0
1 11177 -202 -11 -31 -80 0 -1 0 2 21 -50 33 148 5 90 33 4 -6 -6 -116 2 30 0
1 10000 -170 -50 -4 -28 0 0 0 0 1 -36 4 -60 -14 686 195 -1 -32 -32 -60 -15 1 0
1 10000 -165 30 0 -1 0 0 0 0 3 10 0 -83 11 -4937 -1395 10 228 228 -44 -6 5 0
1 9447 -143 -76 -15 6 -23 -3 -1 0 7 -24 9 -23 -8 5765 1664 8 -276 -276 179 -1 -5 0
1 10553 -162 45 -8 -4 0 0 0 0 6 14 5 45 29 -315 -84 4 13 13 -242 -16 -1 0
1 10000 -171 7 -9 -3 0 0 0 0 5 0 5 -3 2 344 99 0 -16 -16 37 -3 3 0
1 10000 -153 -53 -12 6 0 1 0 0 6 -16 5 -2 -2 553 159 0 -26 -26 13 15 3 0
1 10000 -154 -52 2 -2 0 0 0 0 4 -20 0 -28 -13 2186 627 0 -101 -101 -26 -12 -3 0
1 9999 -143 30 7 23 0 0 0 0 -9 26 -6 20 5 -2421 -690 2 111 111 29 5 -3 0
1 8536 -118 -9 11 85 0 1399 -1 0 -5 54 -4 -29 20 1102 314 0 -51 -51 6 3 19 0
1 13697 -230 76 7 117 0 19 0 -2 -7 99 -34 40 0 -1091 -316 -2 52 52 -23 -6 -16 0
1 10000 -175 49 3 19 0 0 0 0 -1 28 -12 2 3 673 193 0 -31 -31 25 4 -3 0
1 10037 -182 -8 -2 -20 0 0 0 0 -1 -15 5 0 2 6 1 -1 0 0 -47 -10 2 0
1 8822 -157 58 -13 -20 2 -502 0 0 16 12 9 -68 1 262 77 2 -13 -13 39 -13 -27 0
1 11177 -194 17 12 -175 3 -903 0 2 -4 -107 30 66 4 -149 -43 -1 7 7 -20 21 31 0
1 10001 -184 -3 -6 -36 0 0 0 0 1 -25 8 3 1 -460 -132 0 21 21 2 9 -5 0
1 10000 -167 -12 -17 15 0 0 0 0 12 6 7 8 -1 -6568 -1881 0 309 309 21 -14 3 0
1 10000 -168 -13 6 17 0 -5 0 0 -4 7 -5 -1 3 6531 1870 0 -307 -307 35 8 -5 0
1 9999 -166 -3 6 1 0 0 0 0 -4 0 -5 -1 0 246 67 -2 -10 -10 -87 3 8 0
1 10000 -177 -7 -2 -38 0 0 0 0 2 -29 6 2 2 -104 -29 1 4 4 46 -3 -5 0
1 9421 -144 26 -10 47 0 0 0 0 8 42 1 11 6 357 103 0 -16 -16 3 12 14 0
1 10581 -184 -14 10 -14 0 0 0 0 -11 -15 -5 7 6 780 221 -2 -36 -36 30 -8 -11 0
1 9999 -171 -65 -4 -21 0 0 0 0 -2 -38 0 -4 -4 -1068 -310 -2 51 51 -36 -2 1 0
1 10001 -158 -14 6 3 0 0 0 0 -1 -3 -1 9 6 33 12 2 -3 -3 -3 0 -3 0
1 9998 -170 -11 -10 3 0 0 0 0 6 -2 5 51 16 12 2 -1 0 0 8 -5 -1 0
1 10001 -146 -43 4 -6 0 0 0 0 -4 -20 -2 8 5 155 33 -6 -4 -4 -31 -5 -1 0
1 10000 -152 -14 5 0 0 0 -1 0 0 -5 -3 15 13 4136 1179 -3 -188 -188 -17 -13 -1 0
1 9999 -162 -42 -8 -4 0 0 0 0 1 -19 1 22 8 -4361 -1254 -3 202 202 76 25 9 0
1 10001 -146 -24 2 1 0 0 0 0 2 -8 -1 5 8 183 48 -3 -8 -8 -51 -16 -9 0
1 8631 -116 -8 6 85 0 1390 0 0 -5 54 0 -129 7 -403 -117 0 20 20 -40 0 6 0
1 13419 -235 42 20 143 0 19 0 -2 -19 102 -34 133 2 107 27 -2 -4 -4 12 1 -5 0
1 9998 -175 49 -16 20 0 0 0 0 11 34 -1 0 0 522 148 -1 -24 -24 24 14 0 0
1 10002 -168 37 8 -7 0 0 0 0 -6 7 -8 -5 1 166 48 0 -8 -8 -29 -18 1 0
1 10017 -158 65 -1 0 0 0 0 0 8 24 -4 3 2 -458 -130 0 21 21 18 8 1 0
1 8398 -133 47 3 -100 -4 -1426 0 0 2 -44 21 -155 -1 277 78 0 -12 -12 -18 -5 5 0
1 11603 -204 -18 -11 -109 0 -1 0 2 6 -76 25 148 2 -328 -92 1 14 14 -10 -5 -7 0
1 9999 -143 -18 -12 -11 0 0 0 0 5 -14 7 3 6 376 106 -1 -17 -17 31 14 7 0
1 10001 -142 -6 -1 -16 0 0 0 0 1 -13 2 6 3 -196 -56 0 9 9 53 -6 -4 0
1 9997 -142 -12 1 14 0 -4 0 0 0 5 -1 7 8 218 61 -1 -9 -9 -96 -2 5 0
1 10003 -145 -12 -7 -15 0 0 0 0 1 -14 2 1 2 -222 -65 0 10 10 20 -1 -7 0
1 9998 -123 -26 10 7 0 0 0 0 -2 -5 -4 22 25 293 82 -2 -13 -13 -15 -10 -1 0
1 10001 -153 -21 4 -1 0 -1 0 0 -4 -9 -3 20 21 -50 -15 0 3 3 -19 7 7 0
1 9999 -147 6 -11 -8 0 0 0 0 4 -3 4 6 11 -6796 -1951 -3 321 321 -54 -13 -5 0
1 10001 -153 0 -2 -3 0 0 0 0 2 -2 2 3 4 7118 2034 -2 -333 -333 106 11 -2 0
1 10000 -135 -37 1 6 0 0 0 0 -4 -10 -3 4 8 206 56 -2 -9 -9 -59 -7 -4 0
1 10001 -138 -46 0 -7 0 0 0 0 2 -22 0 -3 10 -229 -67 0 11 11 10 -4 7 0
1 9998 -159 -52 5 14 0 0 0 0 -3 -11 -3 -8 3 108 32 0 -6 -6 -35 9 3 0
1 8364 -114 -26 5 104 0 1414 0 0 -1 62 3 -133 2 -4587 -1313 0 215 215 77 5 -3 0
1 13429 -235 75 17 99 0 19 0 -2 -17 87 -33 131 3 4964 1423 1 -232 -232 -66 -14 -2 0
1 10000 -183 59 -8 19 0 0 0 0 7 35 -5 -3 2 -148 -44 0 7 7 37 8 -2 0
1 10000 -173 53 -2 2 0 0 0 0 4 21 -5 -14 6 68 21 0 -4 -4 -48 -13 1 0
1 10000 -178 45 -2 -12 0 0 0 0 3 9 -1 -9 1 401 117 1 -19 -19 -21 12 1 0
1 8415 -134 58 1 -78 4 -1413 0 0 7 -28 17 -137 3 727 212 2 -34 -34 29 0 11 0
1 11585 -214 12 -3 -116 0 -2 0 2 3 -71 26 133 2 -1122 -322 0 51 51 46 2 -11 0
1 9999 -163 -36 -10 -29 0 0 0 0 2 -32 5 -8 7 10 6 2 -1 -1 -51 -7 0 0
1 10001 -158 30 14 -21 0 0 0 0 -2 -5 -3 -3 2 470 136 0 -22 -22 -19 -8 -2 0
1 9995 -165 -26 -1 1 0 -4 -1 0 -1 -9 1 -2 3 -112 -33 0 5 5 3 -1 1 0
1 10005 -161 -35 -6 17 0 0 0 0 -2 0 -1 2 2 -2 1 1 0 0 -4 1 4 0
1 10000 -156 -18 -1 8 0 0 0 0 -1 -1 -2 -1 3 23 8 1 -1 -1 51 8 -5 0
1 9998 -177 -33 -6 -4 0 0 1 0 -1 -14 1 -6 3 -73 -22 -1 3 3 12 -2 5 0
1 10002 -138 -25 -3 -6 0 0 0 0 5 -14 2 -3 4 175 53 2 -9 -9 4 -5 0 0
1 10000 -135 -49 3 15 0 0 0 0 -5 -8 -3 1 6 84 26 1 -4 -4 -52 3 -6 0
1 10000 -138 15 6 -1 1 0 -1 0 -6 5 -4 -17 21 36 11 0 -2 -2 21 -3 6 0
1 10000 -144 0 0 -4 0 0 0 0 3 -3 3 -55 18 -2118 -605 1 98 98 -8 10 -3 0
1 10000 -140 -28 -2 0 0 0 0 0 2 -10 -1 -20 4 2094 610 6 -100 -100 102 11 1 0
1 8493 -112 -16 12 105 -1 1406 1 0 -9 64 -8 -136 3 979 287 3 -47 -47 -122 -3 29 0
1 13965 -242 95 8 127 0 18 -1 -2 -6 112 -37 91 1 -642 -177 4 27 27 106 -8 -31 0
1 10000 -169 65 -4 5 0 0 0 0 9 26 -5 -41 9 1 8 5 -2 -2 -33 7 -2 0
1 8678 -145 61 2 -102 -6 -1420 0 0 6 -40 24 -66 21 1125 332 5 -54 -54 -11 12 36 0
1 11322 -181 -19 -21 -112 0 0 0 2 10 -79 32 106 26 -956 -275 -1 44 44 -5 -15 -38 0
1 10001 -150 -2 -6 -14 0 0 0 0 6 -10 7 11 9 265 74 -1 -12 -12 39 -2 2 0
1 9999 -146 -38 0 9 0 0 0 0 -6 -7 -4 -5 12 45 11 -1 -1 -1 -59 -7 0 0
1 9999 -140 -27 -6 -8 1 -3 0 0 3 -15 3 0 4 151 44 1 -7 -7 18 5 0 0
1 10001 -140 -31 1 -2 0 0 0 0 -5 -13 -1 -8 2 -76 -21 0 3 3 -4 -2 4 0
1 10000 -143 -57 2 -21 0 0 0 0 -1 -36 -4 0 -1 503 145 1 -23 -23 -32 7 -1 0
1 10000 -137 -27 2 4 0 0 0 0 0 -7 -1 -5 4 30 8 -1 -1 -1 -1 -13 -1 0
1 10001 -142 -44 -2 -1 0 0 0 0 -1 -18 -2 -1 -3 105 31 0 -5 -5 49 6 2 0
1 9999 -139 -28 7 1 0 0 0 0 1 -9 -1 -5 5 8 4 2 -1 -1 9527 9821 9915 9430
1 8403 -115 -35 7 105 -1 1404 0 0 -6 58 -1 -187 1 1192 340 -1 -54 -54 -9502 -9823 -9938 -9430
1 13413 -228 60 16 120 0 18 0 -2 -16 97 -28 187 3 -1007 -285 2 45 45 -18 3 25 0
1 10003 -158 59 -16 29 0 0 0 0 8 41 -7 1 3 -191 -54 0 8 8 -22 3 -6 0
1 10000 -150 55 4 -14 0 0 0 0 1 12 -3 0 5 -6632 -1903 -2 309 309 -16 -6 2 0
1 9998 -160 57 -1 12 0 0 0 0 7 27 -8 3 10 6905 1979 1 -321 -321 34 14 1 0
1 8208 -126 52 -2 -88 4 -1409 0 0 4 -35 20 -83 105 -6510 -1863 1 302 302 -23 -16 4 0
1 11794 -191 9 -6 -127 0 -1 0 2 5 -79 29 82 33 7151 2046 -1 -331 -331 -3 6 -7 0
1 9997 -153 31 -7 -19 0 0 0 0 11 -4 9 8 5 967 277 0 -44 -44 -4 -8 6 0
1 10000 -132 61 -2 6 0 0 0 0 12 23 6 71 46 537 152 -2 -24 -24 -22 7 -2 0
1 8378 -123 9 0 -111 3 -1383 0 0 -1 -75 9 -41 14 1768 495 -5 -76 -76 -36 23 42 0
1 13402 -188 -79 -20 -124 0 -17 -1 -2 3 -115 -13 67 10 -440 -140 -8 23 23 26 -33 -40 0
1 10000 -130 -71 2 -18 0 0 0 0 -6 -34 -17 7 40 29 9 1 -1 -1 92 19 -1 0
1 8833 -111 -58 -8 34 -1 118 0 -1 -1 3 1 -121 65 -4629 -1329 -3 211 211 -97 -15 3 0
1 11167 -175 -58 35 175 1 1297 0 3 -27 102 1 53 31 5445 1565 3 -248 -248 39 1 2 0
1 10000 -149 -45 5 20 0 0 0 0 0 -3 -1 45 31 1912 553 3 -88 -88 -56 -11 -5 0
1 10000 -154 -41 -4 0 0 0 0 0 4 -15 1 149 64 1307 366 -4 -55 -55 14 -5 8 0
1 8311 -123 -2 14 101 0 1372 0 0 -11 67 -6 -68 16 330 73 -11 -9 -9 9 33 51 0
1 13373 -230 82 -8 146 0 20 -1 -2 -4 122 -28 94 2 1145 312 -9 -47 -47 2 -23 -53 0
1 10000 -171 48 15 -1 0 0 0 0 -4 14 -12 -3 2 308 81 -3 -11 -11 10 6 -4 0
1 10001 -163 77 -9 6 0 0 0 0 10 33 -5 6 15 -370 -110 -3 17 17 -37 -11 1 0
1 8225 -137 70 1 -97 6 -1417 1 0 10 -35 25 -16 30 222 59 -2 -9 -9 2 10 28 0
1 11775 -195 16 -8 -129 1 -5 -1 2 5 -78 31 368 117 5496 1550 -12 -233 -233 -23 -19 -29 0
1 9999 -153 37 -4 -6 0 0 0 0 10 7 7 298 113 -4780 -1430 -33 225 225 -36 -8 -5 0
1 10001 -138 31 0 0 0 0 0 0 8 9 3 -52 5 -152 -100 -30 22 22 24 -1 -1 0
1 8780 -111 1 0 -104 7 -1360 1 0 -3 -72 7 -63 11 1088 291 -10 -43 -43 -58 21 52 0
1 13370 -197 -88 -12 -127 0 -16 -1 -2 -4 -117 -16 29 12 -1217 -360 -7 57 57 33 -16 -46 0
1 10000 -127 -42 -12 -5 0 0 0 0 2 -17 -5 -68 242 237 65 -1 -10 -10 -48 -17 -4 0
1 10001 -145 -52 -4 -1 0 0 0 0 0 -19 -6 -149 24 441 128 1 -20 -20 -22 -1 -1 0
1 8823 -118 -57 -1 46 -1 513 0 0 -4 11 3 -375 -3 2389 713 16 -112 -112 43 33 48 0
1 11177 -155 -60 36 151 1 878 0 2 -26 84 -4 157 1 2054 641 29 -104 -104 -16 -32 -40 0
1 10000 -145 -99 -2 9 0 0 0 0 8 -31 -1 -434 -62 2511 750 16 -116 -116 0 10 3 0
1 9999 -141 -74 3 10 0 0 0 0 6 -20 2 -244 -44 3255 1015 43 -159 -159 51 0 11 0
1 8320 -100 -53 8 100 0 1387 1 0 -1 47 10 -218 -12 -5529 -1514 35 217 217 -23 8 17 0
1 13596 -221 30 23 128 0 19 -1 -2 -20 94 -17 -86 -31 12345 3606 35 -536 -536 64 1 -5 0
1 10000 -158 36 -18 21 0 0 0 0 5 26 -1 -24 -10 1396 450 24 -69 -69 -46 -12 -14 0
1 10001 -164 53 -2 1 0 0 0 0 -5 18 -9 -14 -3 1069 346 20 -53 -53 13 7 14 0
1 9999 -160 53 -1 2 0 0 0 0 0 21 -8 -28 -2 5807 1682 8 -238 -238 25 4 -5 0
1 10000 -157 63 0 -6 0 0 0 0 -5 18 -8 3 3 -2819 -793 7 109 109 -4 -2 2 0
1 10549 -175 52 -1 -1 0 0 0 0 4 18 -6 -9 -2 704 211 5 -30 -30 8 4 3 0
1 10000 -165 54 0 1 0 0 0 0 5 20 -6 -44 -5 684 205 4 -30 -30 -78 -15 -11 0
1 11818 -190 32 3 -159 -4 -1427 0 2 3 -87 35 -442 -102 322 104 5 -15 -15 70 9 15 0
1 10622 -163 -32 -22 -64 0 0 0 0 9 -53 18 -638 -87 936 358 43 -59 -59 10 5 22 0
1 10000 -134 -4 -5 -5 0 0 0 0 4 -5 4 -5 -6 3515 1193 87 -182 -182 18 2 1 0
1 9999 -143 -9 -2 0 0 0 0 0 1 -3 1 -8 -1 3280 993 23 -139 -139 -34 -5 -10 0
1 10001 -135 43 8 0 0 -4 0 0 -1 15 -2 -424 -74 2274 682 13 -94 -94 19 5 48 0
1 9999 -157 136 7 3 0 0 0 0 14 47 4 -2677 -523 1321 474 43 -72 -72 127 25 62 0
1 10000 -140 105 0 0 0 0 0 0 21 29 9 -1781 -265 7530 2812 291 -425 -425 26 12 38 0
1 8232 -124 53 -6 -111 4 -1348 0 0 14 -67 24 -247 -44 9614 3400 268 -479 -479 117 18 -2 0
1 13385 -182 -84 -27 -132 0 -17 0 -2 2 -120 -5 57 -49 24601 7452 107 -889 -889 -63 -10 4 0
1 10352 -145 -105 -15 -11 0 0 0 0 -10 -36 -15 -223 -57 6185 2022 85 -239 -239 67 12 64 0
1 10000 -130 -131 -6 -9 0 0 0 0 -9 -48 -24 -1051 -192 6512 2086 69 -237 -237 92 9 65 0
