version: 66.11
glider: 175
mission: 11
dive: 166
start: 5 28 126 5 25 36
columns: rec,elaps_tms,depth,heading,pitch,roll,AD_pitch,AD_roll,AD_vbd,GC_phase,mag.x,mag.y,mag.z,sbect.TempFreq,sbect.CondFreq,aa4330.O2,aa4330.AirSat,aa4330.Temp,aa4330.CalPhase,aa4330.TCPhase,wlbb2f.redCount,wlbb2f.blueCount,wlbb2f.fluorCount,wlbb2f.VFtemp,
data:
0 22285 -591 3150 -700 -25 241 2044 828 2 518 76 -36 266039 162948 316861 95596 12683 31596 31596 731 230 315 568
1 9987 -6 8 27 -34 -1 0 279 0 1 -15 37 307 3 208 70 3 -10 -10 31 0 -2 0
1 9999 21 1 -44 45 0 0 274 0 3 5 -45 -146 2 -279 -61 11 6 6 -81 -14 -1 0
1 10023 29 95 -46 -29 1 0 269 0 3 -15 -58 85 2 76845 21949 -466 -2320 -2320 -43 4 -25 0
1 9983 10 108 -3 -50 0 0 262 0 4 -25 -10 -128 0 50688 15087 -17 -1339 -1339 -36 22 47 0
1 9999 47 -41 -31 54 0 0 248 0 -6 9 -29 58 11 -4948 -1438 14 117 117 223 -10 -57 0
1 10006 60 -58 1 -25 0 0 253 0 1 15 17 117 6 10961 3260 -5 -266 -266 -178 -2 108 0
1 9995 117 20 -4 -65 0 0 277 0 -2 1 4 398 80 4556 1365 2 -110 -110 81 21 -5 0
1 15010 439 257 56 -103 594 0 246 -1 16 -66 10 2954 637 -4353 -1643 -113 152 152 -115 -46 -85 0
1 16274 636 -402 309 378 1462 1301 6 2 -92 152 257 2992 588 -44947 -15283 -692 1473 1473 -79 -21 -80 0
1 11184 305 113 241 -190 358 -1341 1 3 -131 -118 195 1903 327 -44105 -13846 -376 1508 1508 -89 -26 -68 0
1 9999 114 47 150 -9 0 0 0 0 -114 -20 64 48 28 -24621 -7437 -124 899 899 -61 0 1 0
1 10001 31 15 47 5 0 0 0 0 -40 0 13 24 14 -5630 -1742 -50 228 228 -23 -1 8 0
1 8252 26 27 11 8 52 -1 5 0 -11 -1 3 -84 13 -1846 -614 -36 84 84 28 -4 -26 0
1 11748 -4 4 50 -4 0 0 1 0 -39 -2 10 94 6 -821 -289 -23 42 42 -38 -4 3 0
1 9999 4 15 3 6 0 0 0 0 -8 -1 1 44 10 90 -9 -16 4 4 3 -1 2 -1
1 10002 17 17 8 -4 0 0 0 0 -3 -7 1 -11 1 -207 -76 -7 12 12 26 4 14 1
1 10226 37 32 -89 -13 -193 -1 0 0 85 -19 -21 10 -1 -568 -214 -23 31 31 -61 -11 -28 0
1 10621 87 109 -147 15 0 0 0 0 134 -11 -67 13 12 62 16 -1 -1 -1 17 6 11 0
1 10000 85 -3458 -11 -25 0 0 0 0 14 -56 -11 87 21 -687 -207 -4 27 27 10 2 6 0
1 10303 95 116 -56 125 -141 987 -2 0 37 55 -29 -53 11 372 70 -17 -5 -5 -80 10 35 -1
1 14057 219 -157 -92 125 -3 433 0 -2 61 102 -85 237 22 -1748 -516 -5 67 67 76 -35 -74 1
1 10420 205 3486 22 -1 0 0 0 0 -20 35 7 748 114 -2304 -723 -27 98 98 -21 20 7 -1
1 9995 212 -57 1 3 0 0 0 0 -6 17 0 -4 2 -4978 -1603 -78 228 228 0 -1 -3 0
1 10005 223 -114 8 5 0 0 0 0 -19 31 1 -115 -49 -5220 -1563 -29 216 216 6 4 3 0
1 9999 217 -54 2 -14 0 0 0 0 -5 7 3 356 14 -2600 -764 -8 106 106 -8 -5 -9 0
1 10476 235 -116 2 -77 0 -1240 0 0 -18 -18 30 183 15 -1862 -621 -41 94 94 -8 0 3 0
1 8945 170 -38 21 -127 49 -165 0 2 -19 -74 49 127 4 -3455 -1073 -39 158 158 7 1 -16 0
1 10575 209 -52 17 -18 0 0 0 0 -21 -4 17 267 29 -4353 -1292 -21 187 187 -16 -1 8 0
1 10000 185 38 7 -6 0 0 0 0 3 -9 0 86 7 -4339 -1324 -40 199 199 -9 -7 0 0
1 9322 167 17 -2 -90 18 -1171 -1 0 8 -65 6 -22 1 2284 615 -19 -85 -85 21 7 2 0
1 14061 249 79 31 -135 0 -181 0 -2 -6 -116 -2 154 -34 -7717 -2270 -31 339 339 -9 0 -7 0
1 10000 152 60 7 3 0 0 0 0 4 -9 -6 30 -5 -1930 -568 -7 86 86 -2 0 4 0
1 10001 145 44 -4 -3 0 0 0 0 10 -9 -10 -21 -42 -736 -221 -6 34 34 6 -3 -6 0
1 11505 168 80 -10 144 0 1362 0 2 10 82 5 174 -62 -1715 -504 -7 78 78 30 12 3 0
1 10621 151 36 1 68 0 0 0 0 3 40 -3 59 -10 -2648 -792 -17 124 124 -12 -5 4 0
1 10001 141 43 -3 3 0 0 0 0 5 -9 -3 35 -8 -1764 -526 -12 83 83 12 -2 -4 0
1 10000 127 22 4 -1 0 0 0 0 0 -6 0 -10 -14 -1350 -402 -8 64 64 -40 2 -8 0
1 8829 125 18 -12 111 -7 1322 0 0 8 71 -14 -60 -2 -1001 -289 -2 45 45 22 -18 -39 0
1 13659 184 -109 -3 125 0 94 0 -2 -9 107 -34 59 -8 -192 -55 0 9 9 -15 14 48 0
1 10002 137 -65 3 6 0 0 0 0 -11 19 0 8 -1 -44 -16 -2 3 3 2 7 -4 0
1 10169 142 -58 3 1 0 0 0 0 -11 14 -1 15 -4 -572 -167 -1 26 26 19 -4 2 0
1 8838 125 -75 -2 -107 0 -1285 0 0 -6 -50 35 -149 -25 175 45 -3 -6 -6 -17 18 24 0
1 11162 155 -74 -7 -112 0 -124 0 2 -7 -64 28 97 -26 -477 -135 1 21 21 -4 -23 -23 0
1 10000 143 -21 5 -8 0 0 0 0 -8 -3 5 -24 -14 -329 -91 2 13 13 -7 3 -8 0
1 10001 143 72 4 -5 0 0 0 0 11 -16 -3 72 -13 -879 -246 2 39 39 6 -1 8 0
1 8819 130 18 -3 -109 -1 -1344 0 0 11 -77 1 10 -28 -837 -255 -8 42 42 30 15 32 0
1 16437 232 121 11 -111 1 -38 0 -2 6 -109 -18 182 -41 -1868 -575 -23 95 95 -37 -19 -40 0
1 8280 116 85 -2 110 -3 1385 0 0 11 60 3 -49 -16 -215 -70 -4 13 13 -9 -7 -6 0
1 11719 162 40 -10 95 1 0 0 2 11 58 -8 47 -20 -1679 -483 -2 77 77 35 21 10 1
1 10000 145 25 -3 7 0 0 0 0 2 -2 -2 44 -19 -571 -169 -3 28 28 3 -11 0 0
1 10002 146 15 2 -3 0 0 0 0 1 -5 -1 -27 -32 -558 -166 -4 27 27 12 9 1 -1
1 8409 129 67 -6 106 -3 1397 0 0 3 53 -8 -90 -62 -597 -170 1 27 27 21 17 11 1
1 13388 191 -75 0 131 0 11 0 -2 -3 102 -32 90 -28 -447 -122 3 20 20 -41 -19 -15 0
1 11098 170 -70 6 8 0 0 0 0 -12 24 0 -3 -11 -200 -59 -1 9 9 18 5 7 0
1 9999 154 -110 11 -1 0 0 0 0 -20 27 1 -31 -30 -953 -274 -2 45 45 -6 -5 -3 -1
1 8833 130 -71 8 -60 0 -356 0 0 -14 -19 26 -131 7 275 82 2 -14 -14 22 -16 -17 0
1 11675 157 -13 -24 -169 9 -1070 0 2 17 -114 29 130 -11 -467 -132 1 21 21 22 26 14 1
1 10621 160 11 19 3 0 0 0 0 -14 -3 10 0 -3 -108 -31 0 6 6 -66 -9 0 0
1 9999 133 32 -3 -7 0 0 0 0 8 -11 -2 26 -1 368 106 0 -18 -18 46 3 -1 0
1 9423 146 12 3 5 0 -1 0 0 -1 1 0 -6 -8 -580 -171 -2 29 29 6 10 2 0
1 10577 142 11 -3 1 0 0 0 0 4 -1 -4 -6 -2 -1734 -495 0 80 80 -43 -9 -1 0
1 10001 137 23 4 -5 0 0 0 0 1 -8 1 -14 -12 1264 361 0 -59 -59 4 3 1 0
1 10000 149 12 0 0 0 0 0 0 3 -2 -2 -81 -28 -236 -66 1 11 11 7 -5 0 0
1 10000 134 2 -7 5 0 0 0 0 2 1 -2 -62 -32 59 34 9 -8 -8 7 -1 -3 0
1 10000 153 3 6 -3 0 0 0 0 -1 -1 2 -56 -29 -200 -39 10 5 5 1 2 5 0
1 8414 127 -4 0 -2 0 0 0 0 -1 -1 0 -184 -43 -381 -98 7 14 14 -19 14 13 0
1 11586 161 30 1 -1 0 0 0 0 4 -7 -1 -80 -66 201 96 21 -20 -20 16 -10 -9 0
1 9999 143 21 -3 2 0 0 0 0 3 -4 -3 -151 -56 220 108 25 -23 -23 13 3 -10 0
1 10001 136 15 2 0 0 0 0 0 0 -4 0 -11 -8 80 46 13 -11 -11 -37 -2 5 0
1 10001 132 33 -2 2 0 0 0 0 5 -6 -3 -9 -8 -1387 -381 9 61 61 11 -5 -1 0
1 9999 154 34 1 7 0 0 0 0 0 -5 0 -30 -20 1331 392 6 -66 -66 2 -2 -3 0
1 9999 130 21 2 -10 0 0 0 0 4 -11 -1 -1 -2 7 12 5 -3 -3 33 5 3 0
1 8689 133 26 -10 105 -9 1408 0 0 6 65 -15 -140 -13 -296 -80 3 13 13 9 11 27 0
1 15079 229 -101 -3 114 0 13 0 -2 -7 99 -31 117 -3 333 104 4 -18 -18 -37 -15 -28 0
1 10001 144 -69 6 12 0 0 0 0 -14 24 -2 -32 -17 -231 -63 2 10 10 48 1 0 0
1 8853 135 -77 1 -36 1 -64 0 -1 -11 -5 12 -101 -4 385 116 3 -20 -20 -43 -6 -1 0
1 11147 144 35 2 -186 14 -1361 -1 3 7 -133 44 93 -44 -466 -132 1 21 21 37 15 -2 0
1 9999 131 14 7 -3 0 0 0 0 -4 -6 5 -19 -14 44 16 2 -3 -3 -27 -6 0 0
1 10001 130 -32 3 -4 0 0 0 0 -5 5 2 9 -21 -276 -74 3 12 12 -1 -4 4 0
1 9999 133 -19 -6 1 0 -2 1 0 0 4 -1 6 -18 -50 -14 0 2 2 -8 10 -4 0
1 10000 120 17 4 3 0 0 0 0 0 -2 1 58 4 -246 -73 -1 12 12 47 1 4 0
1 10001 129 22 1 -6 0 0 0 0 3 -8 -1 7 -9 -297 -98 -7 18 18 16 5 -4 0
1 9999 123 49 -1 8 0 1 -1 0 6 -6 -3 -2 -5 228 65 -1 -11 -11 -38 0 -1 0
1 10001 129 26 4 -5 0 0 0 0 1 -9 1 13 -2 -250 -76 -2 13 13 8 -6 3 0
1 9999 122 -11 -3 0 0 0 0 0 2 3 -3 57 -6 -321 -93 -1 15 15 29 -1 2 0
1 8017 106 15 -2 2 -1 -1 1 0 3 -2 -2 -95 2 5336 1519 -5 -244 -244 48 21 6 0
1 11984 144 10 3 -3 1 0 0 0 0 -4 1 123 -1 -11694 -3359 -6 552 552 -19 -8 -4 0
1 10000 131 9 0 -2 0 0 0 0 0 -4 0 6 2 5873 1679 -1 -278 -278 -28 -10 1 0
1 10000 129 10 -2 -1 0 0 0 0 3 -3 -2 13 2 56 14 -1 -2 -2 42 14 -5 0
1 9933 138 21 -15 99 -45 1153 0 0 10 63 -19 -74 2 -5776 -1659 -3 276 276 -31 -9 4 0
1 14122 210 -109 -38 130 0 276 0 -2 10 101 -57 109 5 6298 1800 -2 -299 -299 31 14 1 0
1 9276 159 -65 10 -57 0 -520 0 0 -12 -16 23 -81 -2 -935 -272 -2 46 46 -21 -12 0 0
1 11174 169 0 -7 -161 0 -884 0 2 7 -105 34 99 2 -4406 -1265 -2 210 210 -13 6 -4 0
1 10000 163 16 4 -6 0 0 0 0 -1 -8 2 5 -1 4259 1215 -3 -201 -201 48 -5 3 0
1 10000 175 27 -1 0 0 0 0 0 2 -7 -1 19 4 -211 -62 -1 10 10 -34 2 0 0
1 10000 162 13 2 -3 0 -2 -1 0 3 -3 -2 43 5 -189 -60 -3 11 11 57 6 0 0
1 10000 170 3 4 5 0 0 0 0 -4 2 2 160 30 91 17 -5 -2 -2 33 12 0 0
1 9418 153 -38 -7 -6 0 0 0 0 2 6 -1 68 5 -715 -227 -13 40 40 114 28 -6 0
1 10582 186 -4 -2 4 0 0 0 0 -1 2 -1 7 -5 -375 -136 -16 26 26 -43 3 1 0
1 10000 177 13 8 2 0 0 0 0 -2 0 2 14 -32 -879 -264 -7 46 46 9419 9777 9919 9431
1 10000 189 19 -2 2 0 0 0 0 1 -6 1 -80 -57 -547 -162 -3 27 27 -9116 -9713 -9917 -9431
1 9421 174 -1 1 -5 0 0 0 0 0 -2 0 -28 -21 -368 -97 4 16 16 -33 2 2 0
1 10579 188 -11 2 3 0 0 0 0 -2 5 1 -37 -15 -668 -181 6 28 28 41 -4 -1 0
1 10000 176 -37 1 3 0 0 0 0 -7 9 3 -7 -6 -57 -9 4 1 1 70 10 -1 0
1 10000 167 -32 1 -17 0 0 1 0 -5 -5 6 -16 -8 62 21 2 -4 -4 -92 -16 -1 0
1 10000 171 -15 -7 -3 0 0 0 0 4 3 -3 -6 -6 -142 -34 4 5 5 -45 -8 4 0
1 10002 166 -105 1 2 0 0 0 0 -19 19 11 -66 -20 -92 -17 5 2 2 118 12 -4 0
1 11429 197 -55 28 18 138 0 -1 -4 -31 22 16 -28 5 802 237 5 -41 -41 -128 -17 3 0
1 7710 106 65 92 7 0 0 -33 0 -58 -6 36 -86 -12 -398 -116 -2 20 20 159 32 11 0
1 9674 87 -66 30 -27 0 0 -45 0 -41 -16 22 -2 -10 2 3 2 -1 -1 -127 -18 -12 0
1 10008 66 -24 -16 32 0 0 -49 0 8 32 -12 -13 -5 76 28 3 -5 -5 0 6 1 0
1 10005 66 -1 1 -14 0 0 -50 0 1 -8 2 -23 -8 204 65 4 -12 -12 -52 -10 3 0
1 9990 67 27 -16 -1 0 0 -49 0 18 -7 -7 17 1 88 30 3 -6 -6 261 39 -4 0
1 10007 63 33 0 -14 0 0 -48 0 8 -16 1 -2 17 110 36 2 -6 -6 26 -21 1 1
1 9988 63 -12 3 19 0 0 -48 0 -9 12 0 33 -1 -68 -30 -5 6 6 -87 1 -2 0
1 10005 49 -34 -25 -4 0 0 -48 0 15 5 -8 -56 -7 -153 -45 -1 8 8 -210 -32 -1 0
1 10011 52 9 -6 -7 0 0 -48 0 9 -3 -4 88 7 -65 -16 1 2 2 52 9 -2 -1
1 10002 65 3 -10 16 0 0 -47 0 7 9 -5 -19 -3 -142 -40 1 7 7 -130 -22 5 0
1 9984 48 47 4 6 0 0 -47 0 7 -1 -4 -56 -2 185 55 1 -10 -10 260 34 -2 1
1 9999 45 57 -17 -5 0 -1 -48 0 23 -16 -8 -45 -1 -13 -4 0 1 1 288 24 3 0
1 14144 52 84 38 3 15 1 -37 0 -11 -11 9 31 0 712 207 1 -35 -35 -539 -63 -23 0
1 5874 -12 71 349 9 383 0 -11 0 -303 -7 77 88 -2 -452 -141 -6 25 25 509 71 31 0
1 9993 -59 44 130 15 0 0 -44 0 -122 2 -17 -1 2 -54 -8 4 0 0 -263 -18 -5 -1
1 10015 -60 -36 -51 -27 0 0 -48 0 45 -15 12 -78 2 -217 -60 1 10 10 -103 -15 -5 1
1 9976 -80 -46 4 -13 0 0 -50 0 -12 -2 -3 -70 0 22 7 1 -1 -1 51 44 2 0
1 9996 -65 7 -32 13 0 0 -50 0 31 9 4 142 -1 -233 -71 -2 12 12 -63 -44 4 0
1 10000 -76 -1 26 4 0 0 -49 0 -26 4 -4 -72 -1 -155 -42 1 7 7 35 6 -4 -1
1 10014 -89 57 -12 18 0 -1 -51 0 17 2 2 21 -4 503 144 0 -24 -24 131 13 3 1
1 9994 -92 19 1 -2 0 1 -53 0 9 -3 2 5 9 -89 -25 0 4 4 -212 -40 -5 0
1 10001 -123 23 -13 2 0 -1 -52 0 11 -6 3 -36 9 27 6 -1 -1 -1 242 29 4 0
1 10014 -119 -47 3 -18 0 1 -51 0 -9 -5 -1 71 -1 -101 -35 -3 7 7 203 31 -5 0
1 9974 -164 -144 -4 -8 0 0 -51 0 -20 23 -7 -52 -14 104 30 0 -5 -5 -268 -21 -4 0
1 10002 -170 47 -11 30 0 -1 -53 0 20 19 0 -86 10 112 39 3 -8 -8 -66 -13 4 0
1 11190 -180 10 -8 -20 0 0 -20 4 9 -21 4 223 5 -517 -148 0 25 25 -84 -10 -1 0
1 10000 -156 1 2 -6 0 0 0 0 2 -3 1 -11 4 361 100 -1 -16 -16 -37 -13 1 -1
1 9999 -163 -18 -5 10 0 0 0 0 0 11 -2 0 0 525 150 -1 -25 -25 33 0 5 1
1 10002 -163 -59 0 -5 0 0 -4 0 -13 6 -3 2 4 -310 -89 1 15 15 14 11 -2 0
1 9998 -148 -28 3 4 0 0 0 0 -7 10 -3 6 4 198 54 -2 -9 -9 -110 -24 -2 0
1 10000 -171 -3 -2 -2 0 0 0 0 0 -3 1 -11 2 -125 -37 -1 6 6 -52 -9 -3 0
1 8595 -126 -15 7 81 0 1406 0 0 -13 72 -23 -80 2 376 110 2 -18 -18 61 29 46 0
1 13399 -249 91 13 145 0 7 -1 -2 6 102 -52 81 11 -224 -66 -1 11 11 -51 -38 -41 0
1 10000 -184 98 -3 21 0 0 0 0 15 -2 3 51 32 348 101 0 -17 -17 4 8 -5 0
1 9093 -163 93 1 -50 4 -528 0 0 13 -57 34 -90 20 -130 -45 -4 8 8 21 -1 5 0
1 11153 -203 23 1 -162 4 -874 0 2 3 -145 47 209 57 60 9 -5 0 0 -89 -17 -1 0
1 9998 -171 58 1 -17 0 0 0 0 12 -30 5 39 33 232 51 -8 -7 -7 50 -2 -3 0
1 10001 -184 5 -7 -7 0 0 0 0 7 -8 1 -14 2 -99 -44 -9 10 10 -63 -10 -1 0
1 8840 -146 -36 -1 -101 11 -1361 -1 0 -1 -83 1 -195 -10 -730 -210 -1 35 35 -79 0 26 0
1 13391 -247 -179 -19 -139 0 -65 0 -2 -4 -83 -14 -51 -31 697 217 10 -39 -39 -15 -19 -25 0
1 8320 -140 -56 6 98 0 1418 -1 0 -19 100 13 -62 1 5167 1504 15 -250 -250 -58 -9 1 0
1 11680 -207 -26 21 122 0 1 0 2 -30 114 -13 35 -2 -8432 -2400 7 396 396 13 8 -3 0
1 9999 -183 -50 1 -1 0 0 0 0 -7 12 -3 -13 -4 4795 1380 4 -231 -231 5 -12 5 0
1 10001 -169 -46 -5 6 0 0 0 0 -6 11 -4 -17 1 -133 -32 3 4 4 -39 13 -2 0
1 8815 -148 -10 12 90 0 1366 0 0 -15 78 -27 -135 -5 125 40 3 -7 -7 12 -15 -5 0
1 13407 -274 99 14 142 1 35 0 -2 6 96 -51 54 -1 714 217 7 -38 -38 -36 4 9 0
1 10356 -204 52 -4 5 0 0 0 0 10 -5 6 -107 3 201 67 5 -12 -12 -40 -9 -3 0
1 10001 -204 78 -2 5 0 0 0 0 18 -7 8 -3 15 127 60 13 -12 -12 14 1 1 0
1 8815 -171 61 0 -82 9 -1349 0 0 9 -77 42 -166 -6 289 90 5 -16 -16 136 11 7 0
1 11185 -217 19 -22 -132 -28 -61 0 2 24 -121 37 21 0 443 152 14 -28 -28 -145 -15 -11 0
1 9999 -173 7 -8 -17 0 0 0 0 7 -17 3 -10 28 147 57 8 -11 -11 -20 -12 4 0
1 10001 -175 -4 -10 -5 0 0 0 0 12 -3 1 32 30 429 130 4 -22 -22 32 14 -1 0
1 10000 -159 -50 1 1 0 -4 0 0 -7 13 -2 120 52 241 67 -1 -11 -11 6 -10 -2 0
1 10000 -161 -66 1 1 0 0 0 0 -11 16 -4 -7 10 13 -19 -13 6 6 -42 4 2 0
1 9999 -143 -52 -1 -2 0 0 0 0 -8 9 -3 -5 5 -3 -2 -1 0 0 -4 -10 -3 0
1 10004 -153 -41 -1 2 0 0 0 0 -6 10 -3 -16 0 129 35 -1 -5 -5 10 4 2 0
1 9997 -145 -50 2 1 0 0 0 0 -12 10 -3 -61 -2 355 104 1 -17 -17 -25 6 2 0
1 10000 -157 -31 -3 6 0 0 0 0 -6 8 -3 -1 1 -278 -69 6 10 10 27 -9 -5 0
1 8828 -124 -4 9 81 -1 1232 -1 0 -9 72 -24 -69 2 263 79 2 -14 -14 -16 12 29 0
1 13393 -229 84 14 137 1 178 0 -2 1 94 -51 80 11 74 22 1 -3 -3 -24 -12 -26 0
1 10000 -174 70 -3 2 0 0 0 0 17 -8 8 8 3 -86 -24 0 3 3 -2 -7 -3 0
1 10000 -183 82 -3 6 0 0 0 0 9 -13 10 8 6 -187 -56 -1 10 10 16 6 2 0
1 8938 -131 34 1 -99 -8 -1414 1 0 7 -86 42 -14 32 -126 -39 -2 6 6 102 10 11 0
1 11062 -187 -34 -18 -117 1 0 -1 2 16 -95 28 384 100 -3693 -1075 -9 179 179 -123 -13 -10 0
1 10000 -151 -18 -4 -20 0 0 0 0 7 -11 2 98 34 4286 1177 -28 -187 -187 2 -3 -1 0
1 10001 -147 -11 -5 10 0 0 0 0 -2 9 -2 69 34 -210 -97 -21 20 20 47 4 0 0
1 9523 -128 -55 4 -5 0 -4 0 0 -13 7 -2 155 64 -299 -113 -15 22 22 -11 10 -2 0
1 10622 -148 -41 -5 0 0 0 0 0 -3 7 -2 -8 9 253 35 -21 -1 -1 13 -9 0 0
1 10000 -148 -12 7 0 0 0 0 0 -6 5 -1 32 23 -294 -95 -6 17 17 33 14 9 0
1 8565 -116 8 7 90 0 1402 0 0 -7 77 -23 -85 27 -111 -39 -5 7 7 -82 -28 -30 0
1 14398 -244 121 14 133 0 17 0 -2 7 86 -42 182 20 297 52 -17 -4 -4 -6 5 23 0
1 8250 -124 33 -3 -95 8 -1418 0 0 6 -85 42 -142 5 -499 -150 -5 25 25 8 20 31 0
1 11750 -209 1 -8 -116 0 -3 0 2 7 -104 29 136 5 444 125 -1 -20 -20 9 -9 -29 0
1 10000 -152 -19 -6 -9 0 0 0 0 3 -4 1 -6 11 230 59 -4 -9 -9 -21 -12 -2 0
1 10000 -158 -19 7 -5 0 0 0 0 -4 2 -1 -42 -3 -29 -8 1 1 1 44 14 5 0
1 10000 -158 -46 -3 -2 1 -5 0 0 -4 9 -2 80 37 -44 -8 2 1 1 -57 -11 -5 0
1 10000 -152 -41 -5 0 0 0 0 0 -6 6 -2 28 12 321 76 -8 -11 -11 11 6 4 0
1 10000 -166 -14 1 -3 0 0 0 0 -1 2 0 -60 18 -70 -27 -4 6 6 26 6 1 0
1 10000 -150 10 -2 9 -1 1 0 0 1 4 -1 39 59 293 90 4 -16 -16 18 0 -1 0
1 10000 -146 -54 6 -2 0 0 0 0 -13 11 -3 24 20 352 94 -4 -14 -14 -51 -3 5 0
1 10000 -148 -35 -3 1 0 0 0 0 -5 6 -2 9 30 132 35 -2 -6 -6 -5 -5 -6 0
1 8528 -123 17 5 96 0 1405 0 0 -4 80 -26 -164 20 -4253 -1218 -2 201 201 33 0 -5 0
1 14056 -230 122 17 132 0 17 0 -2 5 85 -43 24 22 5789 1670 9 -276 -276 -29 -3 3 0
1 8825 -147 91 -2 -50 3 -503 0 0 19 -56 32 -119 14 765 229 6 -38 -38 62 6 10 0
1 11175 -182 -36 -14 -160 -6 -898 0 2 6 -132 44 -39 20 6245 1802 10 -289 -289 -58 -10 -9 0
1 10000 -147 -54 -15 -17 0 0 0 0 9 -3 2 67 51 -4910 -1383 11 217 217 3 0 -3 0
1 10000 -141 -52 2 -1 0 0 0 0 -11 10 -3 -34 14 866 247 0 -39 -39 -9 -1 2 0
1 10002 -134 10 -2 7 0 -5 0 0 -1 1 0 22 17 1213 351 2 -57 -57 51 13 4 0
1 9998 -131 41 -2 1 0 0 0 0 9 -7 1 12 19 822 233 -1 -36 -36 -13 1 -4 0
1 10000 -140 8 1 -5 0 0 0 0 4 -4 1 6 13 343 98 0 -16 -16 -22 6 36 0
1 9421 -126 -10 3 1 0 0 0 0 -2 5 0 -16 5 267 73 -2 -11 -11 -9 -17 -26 0
1 10579 -146 -39 -3 -3 0 0 0 0 -7 3 -2 -37 -2 516 153 3 -25 -25 20 -2 -11 0
1 10000 -141 -37 1 1 0 0 0 0 -8 8 -2 -26 13 376 114 3 -18 -18 -14 6 -5 0
1 8525 -102 -33 11 95 0 1399 0 0 -18 89 -29 -82 6 -33 -4 3 0 0 -14 -12 -12 0
1 14232 -240 83 14 126 0 19 0 -2 2 87 -45 -82 60 1362 406 9 -66 -66 -14 3 17 0
1 10001 -160 125 -9 20 0 0 0 0 22 -10 8 -4 39 1626 489 13 -79 -79 9 0 -3 0
1 8322 -120 42 7 -118 -3 -1419 0 0 7 -102 50 -124 58 1555 451 4 -71 -71 -11 5 14 0
1 11678 -199 6 -18 -118 1 1 0 2 19 -108 25 -24 41 1251 373 7 -59 -59 31 3 1 0
1 10000 -142 37 -11 -2 0 0 0 0 12 -12 3 -126 9 2040 609 13 -96 -96 -69 -17 -17 0
1 9999 -146 22 -4 5 0 0 0 0 3 -2 1 -66 -8 2162 649 16 -102 -102 41 16 10 0
1 8327 -101 -67 11 -122 7 -1370 0 0 -6 -93 -1 -178 -11 1575 473 12 -73 -73 -14 -11 0 0
1 13716 -197 -137 -16 -111 0 -17 0 -2 -5 -68 -12 -87 -32 1625 493 14 -77 -77 32 12 5 0
1 8859 -110 -51 11 105 0 1392 -1 0 -21 107 13 -97 -5 2121 654 24 -102 -102 -54 2 19 0
1 11141 -172 -20 10 110 0 1 0 2 -22 99 -11 34 -6 -27 15 11 -5 -5 20 -5 -23 0
1 10000 -141 -6 2 2 0 0 0 0 3 8 -1 -77 -11 1497 447 9 -68 -68 38 -6 1 0
1 10000 -138 -50 -3 -6 0 0 0 0 -7 4 -2 -130 -28 966 301 12 -46 -46 -20 8 2 0
1 9711 -111 -31 12 104 0 1247 0 0 -18 97 -32 -183 -17 1467 453 17 -70 -70 7 -1 -1 0
1 13716 -222 103 9 132 0 148 0 -2 10 86 -46 156 49 2383 738 26 -112 -112 113 12 2 0
1 10000 -150 85 -5 4 0 0 0 0 15 -13 11 40 19 220 55 -4 -7 -7 -122 -12 2 0
1 8630 -132 43 3 -109 -13 -1408 0 0 8 -95 47 -95 16 1821 515 -4 -73 -73 -33 12 40 0
1 10790 -159 -23 -22 -115 0 -3 0 2 20 -97 27 142 13 -1269 -373 -4 54 54 49 -9 -32 0
1 10580 -124 -9 -15 -7 0 0 0 0 10 -6 2 -242 -48 227 57 -4 -7 -7 -10 -14 -7 0
1 10000 -126 27 -3 6 0 0 0 0 4 -2 1 -278 -47 654 224 18 -36 -36 23 1 4 0
1 8811 -93 -43 2 -7 0 0 0 -4 -6 4 -2 -395 -46 2951 916 34 -137 -137 22 22 31 0
1 10021 -110 -54 -6 4 0 0 -41 0 -5 15 -2 -128 -32 1309 462 42 -74 -74 -5 -14 -9 0
1 9995 -111 -38 2 -3 0 0 -49 0 -5 7 -2 -848 -137 3812 1149 25 -165 -165 39 5 39 0
1 11171 -154 5 -6 4 1 0 -16 4 5 1 -1 -1968 -354 3092 1110 105 -175 -175 156 29 46 0
1 10002 -108 46 -4 -1 0 0 0 0 10 -11 4 -944 -253 6006 2158 199 -331 -331 16 13 82 0
1 10000 -113 -8 -6 2 0 0 0 0 4 3 -1 -1387 -246 11397 3713 185 -517 -517 96 20 -25 0
1 10000 -135 -76 3 -1 0 0 0 0 -13 17 -4 -849 -126 31364 9725 245 -1201 -1201 21 -5 46 0
1 10000 -95 -108 3 -4 0 0 0 0 -25 15 -5 -385 -89 21972 6858 165 -767 -767 -38 -8 -20 0
