version: 66.11
glider: 175
mission: 11
dive: 236
start: 5 31 126 0 56 10
columns: rec,elaps_tms,depth,heading,pitch,roll,AD_pitch,AD_roll,AD_vbd,GC_phase,mag.x,mag.y,mag.z,sbect.TempFreq,sbect.CondFreq,aa4330.O2,aa4330.AirSat,aa4330.Temp,aa4330.CalPhase,aa4330.TCPhase,wlbb2f.redCount,wlbb2f.blueCount,wlbb2f.fluorCount,wlbb2f.VFtemp,
data:
0 23012 -519 3434 -663 -8 241 2009 658 2 534 0 -35 259841 161556 287262 95194 17009 30786 30786 119 41 -57 566
1 9995 3 -151 -18 13 0 0 292 0 -7 39 -1 65 -2 5594 1920 33 -240 -240 85 97 219 0
1 9996 2 134 -44 -63 0 0 288 0 8 -34 -48 13 16 -508 -48 59 -6 -6 170 48 234 1
1 9995 47 -35 -33 23 0 0 286 0 -4 11 -29 17 -13 81746 18705 -3277 -1399 -1399 541 43 -246 -1
1 10001 4 95 4 -33 1 0 277 0 1 -23 -7 -17 2 109578 33196 -216 -2684 -2684 -127 35 152 0
1 10006 44 -109 -26 36 0 0 263 0 -4 28 -13 366 33 11937 3601 -23 -240 -240 41 9 129 0
1 10021 56 -203 11 -31 0 0 261 0 -7 50 48 -31 33 2003 801 54 -62 -62 54 -15 40 0
1 9972 115 105 -13 20 0 0 287 0 4 -25 -32 2253 275 5027 1457 -26 -92 -92 -74 -12 24 0
1 12013 288 237 32 -126 462 0 120 -1 11 -54 2 2844 615 -2897 -2096 -354 199 199 -153 -28 -75 0
1 8001 250 -3495 215 35 1632 0 51 1 -15 -72 179 2780 675 -10827 -4564 -377 376 376 -12 -13 -12 0
1 15432 433 142 204 -154 2 -1359 155 2 -83 -149 115 1252 310 -51685 -18092 -819 1537 1537 -39 3 -78 0
1 9999 243 111 30 -5 0 0 0 0 -25 -41 7 1571 291 -19183 -6250 -193 581 581 -84 -31 -63 -1
1 10000 236 84 11 -5 0 0 0 0 -16 -28 -3 2472 402 -30399 -10015 -386 1031 1031 -43 -16 -106 1
1 10001 246 28 -10 24 0 0 0 0 3 7 2 538 145 -36728 -11415 -267 1288 1288 -92 3 -7 0
1 10000 231 66 -2 0 0 0 0 0 -9 -17 -3 738 143 -17925 -5549 -142 695 695 -16 -11 -7 -1
1 9999 230 52 -2 -10 0 0 0 0 -8 -17 -7 458 87 -10986 -3587 -181 492 492 58 4 -12 1
1 10000 235 64 2 -5 0 0 0 0 -13 -19 -3 118 21 -8713 -2737 -102 385 385 -49 -4 1 -1
1 10950 270 47 5 87 -7 1209 3 0 -12 27 46 -34 19 -4150 -1306 -51 189 189 -16 -5 2 0
1 8512 203 -12 29 108 67 151 1 2 -17 59 57 185 3 -1713 -558 -31 83 83 23 10 -2 0
1 10619 221 -18 5 25 0 0 0 0 -1 22 11 252 17 -1256 -424 -30 65 65 -11 2 -5 1
1 10000 224 -7 -1 9 0 0 0 0 3 7 2 -9 5 -3206 -1000 -37 148 148 -12 -9 -13 -1
1 9524 176 -15 16 8 54 0 1 0 -7 7 10 18 8 -787 -267 -20 42 42 -23 -2 -2 0
1 10621 196 -33 47 -13 0 0 0 0 -26 -3 20 63 15 -1256 -380 -9 56 56 -4 -4 -6 0
1 10000 148 18 -6 3 0 0 0 0 0 -1 0 -46 -4 -1006 -325 -18 50 50 -16 3 -2 0
1 9607 142 0 6 8 17 2 1 0 -4 4 3 97 23 -115 -51 -9 9 9 56 6 4 0
1 10619 149 40 18 1 0 0 0 0 -22 -11 11 -87 -23 -540 -176 -10 28 28 14 -2 6 0
1 10000 132 16 5 -9 0 0 0 0 -8 -10 1 11 7 -6957 -1993 4 288 288 -51 -5 -17 0
1 10001 136 -6 -8 11 0 0 0 0 7 11 -1 17 1 6738 1932 -3 -280 -280 -16 -2 9 0
1 9999 145 8 4 -6 0 0 0 0 -4 -8 0 225 25 -1 -13 -7 4 4 -17 -2 -13 0
1 10000 154 -50 -13 -7 0 0 0 0 19 11 -11 423 55 -1456 -465 -23 71 71 50 8 0 0
1 9999 167 53 16 -23 0 0 0 0 -23 -31 3 59 2 -3425 -1108 -63 175 175 -65 -12 -5 0
1 10001 163 8 7 32 0 0 0 0 -7 19 13 351 -3 -2698 -812 -19 124 124 76 7 6 0
1 10000 135 -21 -3 -6 0 0 0 0 7 2 -3 44 6 -3608 -1108 -38 174 174 -75 -8 -6 0
1 10003 152 -25 0 -2 0 0 0 0 6 5 -1 221 6 -2750 -847 -31 134 134 23 0 0 0
1 9997 144 10 2 5 0 0 0 0 -4 1 3 148 6 -3093 -941 -29 151 151 -16 8 2 0
1 9999 131 13 1 1 0 0 0 0 -3 -3 1 81 -20 -3216 -967 -25 155 155 -17 -4 0 0
1 9424 133 90 -9 -20 -41 0 0 0 -17 -35 -7 -244 -258 2020 537 -22 -79 -79 41 1 -5 0
1 10576 162 83 -19 1 0 0 0 0 -10 -10 0 -405 -298 -8994 -2517 29 392 392 59 16 0 0
1 10001 166 39 -5 11 0 0 0 0 -9 1 6 -130 -114 -2214 -551 45 79 79 -32 0 0 0
1 8836 138 -10 -14 102 -4 1363 0 0 13 78 27 -97 -20 -934 -241 15 36 36 11 21 13 1
1 13384 226 -73 2 133 -1 62 0 -2 21 108 12 91 -15 -674 -175 10 27 27 -9 -31 -27 -1
1 10669 154 -65 3 4 0 0 0 0 14 17 -10 1 -5 -160 -39 4 5 5 -1 10 8 1
1 10000 155 -35 0 5 0 0 0 0 12 6 -4 1 -3 -692 -194 2 31 31 10 3 9 -1
1 10000 143 -48 -8 -9 0 0 0 0 17 4 -11 -1 -2 501 145 1 -24 -24 177 6 -6 1
1 10440 175 -59 8 1 0 0 0 0 8 13 -5 -4 -5 -620 -175 2 28 28 -152 -4 0 -1
1 8208 132 -39 -4 -106 0 -1412 0 0 8 -64 -12 -123 -3 503 145 0 -23 -23 -26 -3 3 1
1 11791 169 -1 -15 -97 0 -10 0 2 13 -71 -27 124 0 -5602 -1606 -1 265 265 -16 4 -2 0
1 10001 165 13 5 -9 0 0 0 0 -7 -8 2 -1 -1 5222 1495 0 -247 -247 39 -14 -8 0
1 10000 167 -4 4 5 0 0 0 0 -1 3 2 -29 -13 -267 -76 0 13 13 -42 13 8 -1
1 10000 175 6 6 -10 0 -1 0 0 -6 -7 3 14 1 -71 -14 3 1 1 100 -7 -1 1
1 10001 167 25 -3 7 0 0 0 0 -4 -1 1 6 6 12 1 -1 0 0 -80 -7 -8 -1
1 10000 161 -22 1 -6 0 0 0 0 6 -1 -4 -14 -13 -316 -92 -1 16 16 -13 5 2 1
1 9999 167 -2 -1 2 0 0 0 0 -1 4 1 -55 -23 91 30 3 -6 -6 -11 -5 -2 0
1 10001 173 1 5 0 0 0 0 0 -4 0 3 5 3 80 31 4 -6 -6 23 1 2 0
1 9999 160 49 -7 -15 0 0 0 0 -4 -23 -6 9 4 -125 -34 1 5 5 -26 0 -4 0
1 10000 164 27 8 2 0 0 0 0 -11 -7 6 3 -7 -23 -7 0 1 1 4 4 8 -1
1 10001 166 -11 -10 12 0 0 0 0 9 12 -2 -35 -19 -171 -51 -1 9 9 45 8 2 1
1 9999 165 -6 4 -12 0 0 0 0 -1 -7 -2 -28 -10 -5 5 4 -2 -2 -23 -1 -1 0
1 10000 171 33 -1 11 0 0 0 0 -6 -2 4 -30 -17 99 38 5 -7 -7 103 -6 -3 0
1 10001 178 27 -2 -11 0 0 0 0 -5 -13 -1 -122 -37 -375 -104 2 17 17 -107 1 3 0
1 9999 183 63 11 22 0 0 0 0 -26 4 18 33 7 417 142 13 -26 -26 75 15 -1 0
1 8410 148 17 -20 98 -2 1426 0 0 11 66 19 -138 -31 -151 -42 0 6 6 -7 -8 -1 0
1 16457 294 -78 29 124 0 12 0 -2 -2 110 15 -12 -33 719 223 10 -38 -38 57 3 -2 0
1 9999 150 -72 -9 -13 0 0 0 0 25 1 -17 17 -5 -293 -65 10 8 8 -118 -8 0 0
1 9576 147 -56 -5 -47 -1 -374 0 0 13 -19 -11 -66 1 -265 -74 1 12 12 41 -1 -7 0
1 11162 176 -34 -4 -160 0 -1047 0 2 10 -105 -26 175 11 -4871 -1404 -4 233 233 74 11 9 0
1 10000 145 -16 -10 -40 0 0 0 0 9 -21 -16 103 16 5095 1448 -7 -238 -238 -114 -4 -3 0
1 10000 154 22 12 15 0 0 0 0 -12 3 12 -50 -13 -743 -232 -11 41 41 42 0 1 0
1 10003 152 13 -1 9 1 -2 0 0 0 1 1 12 -7 -401 -109 4 17 17 -8 -6 -3 0
1 9998 150 18 6 -13 0 0 0 0 -8 -13 1 12 8 -11 -10 -4 2 2 -53 -3 -5 0
1 9999 146 2 -3 26 0 0 0 0 1 18 6 -3 -7 2037 581 -2 -94 -94 2 -2 8 0
1 9643 148 -2 -2 -9 9 0 -1 0 2 -6 -4 2 2 -2245 -642 1 105 105 13 4 3 0
1 10621 167 -72 16 8 0 0 0 0 1 24 7 8 -6 -4427 -1270 -1 211 211 -9 -6 -6 0
1 10001 142 -11 -4 -10 0 0 0 0 5 -4 -6 16 4 4352 1245 -1 -207 -207 48 9 5 0
1 11628 156 67 -20 -157 1 -1381 1 -2 1 -114 -59 -9 -9 -436 -128 -1 22 22 -42 0 0 1
1 10620 163 34 28 -72 0 0 0 0 -25 -56 -22 -9 -3 96 28 0 -5 -5 -17 -1 1 0
1 9999 162 16 -8 19 0 0 0 0 2 9 6 -7 -5 -96 -27 0 4 4 146 6 -6 -1
1 9255 147 62 -1 86 -1 376 -1 0 -10 32 37 -133 -3 -329 -93 1 15 15 -111 -4 5 0
1 11179 166 19 -22 121 -3 1017 0 2 9 78 37 131 0 408 117 0 -19 -19 6 3 -3 1
1 10000 147 35 13 -13 0 0 0 0 -18 -17 6 -5 -6 56 19 2 -3 -3 10 1 -1 0
1 10000 154 19 13 -5 0 0 0 0 -14 -9 4 -9 -4 -56 -16 -1 2 2 62 3 0 0
1 8376 110 -2 -15 103 -1 1378 0 0 12 73 24 -128 -2 -3521 -1008 1 168 168 -37 -1 4 0
1 13391 197 -104 0 127 -1 13 0 -2 25 115 2 123 -15 3494 1004 2 -167 -167 -23 2 -6 0
1 10000 160 -53 12 14 0 0 0 0 4 22 -2 -11 -21 -398 -112 0 18 18 23 1 8 0
1 10203 125 -79 0 -109 0 -1262 0 0 10 -55 -13 -183 -6 -81 -23 1 3 3 -42 -15 -9 0
1 9797 145 11 -17 -111 0 -148 0 2 11 -81 -25 170 -4 41 14 1 -2 -2 -14 2 5 0
1 10001 145 -18 10 12 0 0 0 0 -3 12 6 4 1 69 20 0 -3 -3 27 10 -2 0
1 9998 134 -40 -1 -14 0 0 0 0 5 2 -4 -26 -21 -249 -69 2 11 11 -2 3 5 0
1 9875 131 -11 -1 -96 0 -1237 0 0 2 -59 -26 -42 -32 89 30 2 -6 -6 9 3 -3 0
1 13353 182 63 7 -128 0 -135 0 -2 -13 -96 -50 38 -5 -72 -18 2 3 3 6 -6 0 0
1 10036 142 64 7 -3 0 0 0 0 -17 -18 0 10 -21 -230 -68 -2 11 11 101 20 -3 0
1 10446 144 41 5 3 0 0 0 0 -11 -11 1 -19 -11 -457 -131 0 22 22 -30 -8 4 0
1 8826 112 55 -1 58 0 493 0 0 -11 20 28 -148 -13 560 165 3 -28 -28 -15 -19 -44 0
1 11173 148 56 -13 133 0 892 -1 2 -6 75 52 131 -10 -227 -63 1 10 10 -31 13 41 0
1 10000 133 14 2 17 0 0 0 0 -5 9 9 -2 -4 -328 -91 2 15 15 105 25 5 0
1 10000 138 -4 -9 8 0 0 0 0 9 4 -3 -2 5 -107 -31 -1 5 5 -82 -16 -3 0
1 9629 126 35 -1 88 0 1229 0 0 -9 56 28 -198 -9 1051 304 2 -50 -50 17 -15 -38 0
1 13401 204 -32 -5 132 0 175 0 -2 11 102 12 185 -57 -783 -222 1 36 36 243 72 38 0
1 10702 169 -27 11 19 0 0 0 0 0 20 2 0 -1 -418 -119 1 19 19 21 0 0 0
1 10001 156 -3 2 10 0 0 0 0 -2 11 -1 -11 -32 -215 -62 0 11 11 149 21 0 0
1 10000 154 -42 -1 -18 0 0 0 0 13 -7 -5 -5 -3 321 95 2 -16 -16 -2 13 0 1
1 10443 166 -30 3 22 0 0 0 0 4 23 -4 -2 -11 -541 -154 0 25 25 -147 -26 4 -1
1 10001 167 -71 7 -15 0 0 0 0 9 6 -7 -10 -12 164 48 1 -8 -8 109 14 -4 0
1 8499 139 4 -7 -132 0 -1399 1 0 4 -96 -9 -130 -23 778 227 2 -38 -38 274 41 3 0
1 11500 167 27 -13 -85 0 -12 0 2 5 -68 -23 119 3 -1018 -288 2 47 47 -301 -41 -2 1
1 10001 163 33 5 -18 0 0 0 0 -11 -19 2 -14 -19 114 31 -1 -5 -5 11 5 5 0
1 9999 149 36 18 3 0 0 0 0 -20 -9 12 -2 -4 12 7 2 -1 -1 148 18 -2 0
1 13974 198 54 23 -8 111 -2 0 -4 -32 -16 12 -69 2 -819 -234 1 39 39 -146 -3 0 0
1 7683 83 -4 61 10 0 0 -34 0 -48 6 27 -38 -3 709 204 0 -35 -35 161 9 2 -1
1 7996 67 -1 17 -17 0 0 -39 0 -14 -14 0 -27 -1 -53 -16 0 3 3 -110 -5 5 0
1 9160 67 -24 7 17 1 0 -44 0 1 18 6 64 -5 -228 -61 2 10 10 32 6 -5 1
1 10028 63 -10 -17 1 -1 0 -49 0 16 4 -6 -82 1 76 21 0 -3 -3 -12 -18 -6 0
1 9977 56 28 5 5 0 0 -49 0 -11 -2 6 48 -2 82 27 2 -5 -5 -60 -6 5 0
1 10023 58 15 -12 7 0 0 -50 0 6 2 -2 -66 -3 -417 -121 -1 20 20 3 7 -2 0
1 9996 42 32 -18 -14 0 0 -48 0 5 -16 -9 50 -3 34 14 3 -3 -3 9 -3 -2 0
1 10000 54 37 6 6 0 0 -48 0 -15 -6 3 20 -17 742 209 -3 -34 -34 38 33 4 0
1 9975 38 11 2 9 0 0 -47 0 -5 7 6 -10 -6 -335 -94 2 15 15 -121 -45 -1 0
1 10009 38 -21 -40 -8 0 0 -47 0 38 0 -17 -33 -1 236 69 0 -12 -12 633 54 3 0
1 10003 45 -2 15 -4 0 0 -48 0 -10 -6 2 60 -5 -113 -29 2 5 5 -504 5 -7 0
1 10000 34 -1 -15 6 0 0 -46 0 11 8 -2 -45 0 -325 -93 0 15 15 183 37 8 0
1 9164 38 -21 9 9 0 0 -44 4 0 8 3 39 0 -1008 -291 -1 49 49 -258 -90 -4 0
1 14215 26 -22 112 -5 357 0 -2 -4 -87 -3 36 9 2 980 281 0 -47 -47 12 16 2 0
1 7590 -43 43 315 4 0 0 -28 0 -299 -10 -1 -36 -1 415 117 -1 -19 -19 53 5 -2 0
1 9044 -62 25 13 22 0 0 -42 0 -23 20 2 21 -1 78 27 3 -5 -5 521 25 -6 0
1 9987 -51 6 -33 6 0 0 -48 0 29 4 8 -38 0 -179 -52 -1 9 9 -641 -51 2 0
1 10006 -64 33 -16 -4 0 0 -50 0 5 -10 -1 40 1 -40 -9 2 1 1 664 51 2 0
1 9991 -61 -30 28 -16 0 0 -49 0 -14 -14 -9 -65 1 58 17 -1 -3 -3 -502 -20 4 0
1 10001 -79 14 -6 0 0 0 -49 0 -2 5 1 -2 -1 173 48 0 -8 -8 280 21 1 0
1 9990 -82 39 -26 8 0 0 -52 0 12 -1 4 0 4 -72 -22 -1 4 4 1 -11 -3 0
1 10012 -99 -55 -4 1 0 0 -51 0 20 10 8 60 3 -264 -78 -1 13 13 -173 -12 1 0
1 10020 -93 4 21 5 0 0 -51 0 -19 1 -4 26 0 257 71 -1 -11 -11 64 19 -3 0
1 9982 -112 -62 -31 -17 0 0 -50 0 45 -1 8 -23 0 70 23 1 -4 -4 -188 -29 6 0
1 9999 -109 -33 9 -2 -1 0 -53 0 2 4 2 -76 14 151 40 -2 -7 -7 -60 7 -3 0
1 10009 -112 -38 -12 -19 1 0 -51 4 20 -8 0 109 36 1074 308 0 -50 -50 -104 -15 37 0
1 11167 -130 -2 -2 15 0 0 -7 0 3 13 5 95 17 -4608 -1329 -4 222 222 -28 -30 -42 0
1 9999 -136 -50 1 14 0 0 0 0 12 22 8 1 12 3364 962 -2 -161 -161 -1 10 5 0
1 10001 -116 -16 8 16 0 0 0 0 -5 20 5 9 9 111 29 -1 -4 -4 52 -8 -7 0
1 10000 -144 -71 -13 -42 0 0 -3 0 24 -18 -3 2 1 -351 -103 -1 17 17 -148 -20 4 0
1 10000 -138 -72 5 -7 0 0 0 0 9 12 3 -9 -9 1015 289 -2 -47 -47 184 23 -1 0
1 10000 -121 -97 -3 -3 0 0 0 0 15 24 7 8 28 -726 -207 1 34 34 -2 2 1 0
1 8632 -110 -21 14 100 0 1403 -2 0 -13 100 12 -135 -9 288 84 0 -14 -14 -6 1 2 0
1 13367 -197 109 16 149 0 16 0 -2 -26 103 -10 146 32 248 65 -3 -10 -10 -3 -14 -2 0
1 10000 -141 81 -7 18 0 0 0 0 -7 -6 0 -2 6 -391 -109 2 18 18 -230 -24 0 0
1 10000 -140 76 -6 4 0 0 0 0 -10 -16 2 -3 5 -4886 -1404 -2 235 235 -16 -14 -1 0
1 8290 -118 26 -4 -106 3 -1392 0 0 -2 -103 3 -105 4 5896 1692 1 -283 -283 -45 -18 -18 0
1 11711 -158 -22 -7 -111 0 -2 0 2 13 -96 -14 107 8 -50 -15 0 2 2 20 18 20 0
1 9999 -134 -1 -6 -8 0 0 0 0 5 -7 -1 6 8 -209 -62 -2 11 11 71 -4 1 0
1 10000 -107 -35 7 -23 0 0 0 0 2 -13 -4 3 8 -503 -145 0 24 24 -52 3 0 0
1 10000 -138 -28 3 5 0 -5 -1 0 4 11 4 -1 -2 123 35 0 -6 -6 -52 -1 -3 0
1 10001 -133 -76 -9 0 0 0 0 0 21 21 6 16 24 44 13 0 -2 -2 49 -4 5 0
1 10000 -137 -26 8 5 0 0 0 0 -6 13 3 -8 -10 -125 -39 -2 7 7 -48 -6 -3 0
1 8356 -120 -24 7 95 0 1384 0 0 -3 94 11 -40 31 -77 -22 0 4 4 192 36 15 0
1 13389 -217 77 9 134 0 19 0 -2 -20 100 -10 83 14 374 99 -4 -16 -16 -177 -34 -16 0
1 9998 -168 39 -9 -4 0 0 0 0 3 -15 2 16 14 -232 -66 0 11 11 -73 -7 -2 0
1 10002 -151 67 -4 7 0 0 0 0 -11 -10 1 6 10 -7759 -2230 -3 377 377 21 -2 6 0
1 8501 -143 31 6 -104 9 -1419 0 0 -14 -101 0 -70 6 7593 2176 -1 -367 -367 -8 4 -8 0
1 11499 -168 -10 4 -118 0 -6 0 2 0 -107 -17 77 2 5511 1577 -2 -258 -258 49 0 0 0
1 9998 -170 -8 -11 -7 0 0 0 0 11 -3 0 1 2 -5085 -1460 -1 239 239 -73 0 6 0
1 10002 -150 -7 0 -6 0 0 0 0 1 -3 0 1 5 -251 -74 0 13 13 22 1 -2 0
1 9414 -147 18 -1 8 0 -3 0 0 -1 1 -1 0 17 -42 -11 0 1 1 18 -4 0 0
1 10585 -168 22 -4 3 0 0 0 0 -2 -2 -1 -6 46 160 47 0 -7 -7 -37 -10 1 0
1 9998 -158 -13 -6 -5 0 0 0 0 10 -3 0 -1 9 242 70 1 -12 -12 -59 -10 -33 0
1 10002 -150 18 10 2 0 -1 -1 0 -15 -1 -1 1 3 101 28 -1 -5 -5 33 13 29 1
1 10000 -152 -10 -2 5 0 0 0 0 5 6 2 3 4 -40 -13 -1 3 3 21 0 4 -1
1 10000 -143 -11 4 12 0 0 0 0 -2 15 4 -1 2 354 101 0 -17 -17 -20 -6 2 0
1 10000 -133 28 7 -21 0 0 0 0 -11 -29 -9 -2 -5 -311 -88 1 14 14 -13 -1 -4 0
1 10001 -136 22 -6 6 0 0 0 0 -2 4 0 1 -3 -1112 -318 0 53 53 65 10 -5 1
1 10000 -139 -37 11 -22 0 0 0 0 -1 -13 -3 5 6 1349 385 -1 -64 -64 -47 -10 9 -1
1 9418 -159 -39 -19 27 0 0 0 0 27 34 12 2 3 62 18 0 -3 -3 -35 -6 0 0
1 10582 -159 14 3 9 0 0 0 0 -7 6 1 3 2 168 46 -1 -7 -7 31 3 -5 0
1 10000 -135 61 9 -17 0 0 0 0 -23 -31 -10 0 3 -347 -99 0 16 16 35 5 -1 0
1 9995 -131 4 -8 2 0 0 0 0 8 1 0 3 9 2962 849 0 -139 -139 -38 3 7 0
1 10002 -122 3 9 -19 0 0 0 0 -9 -17 -7 -4 -4 -2736 -785 0 129 129 -24 -9 -5 1
1 10003 -145 -87 -2 10 0 0 0 0 22 29 12 1 1 -65 -19 0 3 3 56 12 -1 -1
1 9416 -146 -75 9 -1 0 -1 0 0 6 18 6 2 5 71 19 -1 -3 -3 -54 -15 3 0
1 10584 -153 51 10 46 0 0 0 0 -20 29 4 0 0 133 38 0 -6 -6 -2 4 -4 0
1 10000 -148 16 -15 -38 0 0 0 0 12 -39 -8 -3 2 -171 -47 1 7 7 19 7 6 0
1 9441 -138 7 -28 -7 -13 0 -1 0 23 -6 1 -78 13 -111 -32 0 6 6 -50 1 19 0
1 10559 -121 7 7 -6 0 0 0 0 -6 -9 -4 -67 16 340 110 7 -20 -20 49 -5 -28 1
1 9999 -118 0 2 -2 0 0 0 0 -3 -2 0 13 11 310 105 9 -19 -19 25 3 -1 0
1 9998 -101 6 -8 6 0 0 1 0 6 6 2 -28 -9 246 74 2 -13 -13 -13 -4 1 -1
1 10003 -119 14 -1 -2 0 0 0 0 -1 -7 -2 -132 -21 -397 -107 4 17 17 -20 -6 4 0
1 10001 -112 -5 -3 1 0 0 0 0 4 2 0 17 -4 1314 404 15 -70 -70 57 4 -1 1
1 9414 -107 -17 0 -5 0 0 0 0 3 1 1 -13 4 581 171 3 -29 -29 -59 -17 -24 -1
1 10584 -123 -61 6 -3 0 0 0 0 9 10 4 51 39 155 51 3 -9 -9 155 31 24 1
1 9999 -111 -13 -1 11 0 0 0 0 0 16 3 -21 -2 -29 -12 -2 3 3 -126 -13 -2 0
1 9998 -112 -34 -1 -7 0 0 -1 0 8 2 2 -6 5 720 207 0 -34 -34 5 -1 -1 0
1 10002 -119 -36 3 8 0 0 0 0 4 17 3 4 0 -576 -162 2 26 26 -14 -2 0 0
1 10003 -115 -25 -7 3 0 0 0 0 8 10 3 38 17 -50 -13 1 2 2 -32 0 2 0
1 8631 -97 4 7 100 0 1413 0 0 -5 90 10 -9 34 276 75 -2 -12 -12 -15 -6 -1 -1
1 13397 -153 90 23 118 0 17 0 -2 -36 82 -7 50 -16 -173 -64 -8 12 12 -27 24 -12 1
1 10000 -124 64 4 9 0 0 0 0 -16 -10 0 -18 1 -162 -48 -1 8 8 31 -29 10 0
1 8831 -127 47 -13 -35 0 -80 0 0 0 -41 2 90 66 -371 -105 1 17 17 -16 2 -2 0
1 11169 -160 -11 2 -165 4 -1340 0 2 0 -146 -14 51 -2 409 95 -13 -12 -12 30 10 4 0
1 10000 -128 -7 -16 -16 0 0 0 0 16 -13 -2 2 -8 -486 -146 -4 24 24 49 5 1 0
1 10000 -141 -12 -1 -6 0 0 0 0 4 -2 -1 156 51 4899 1401 -2 -227 -227 -68 -9 0 0
1 10000 -126 -59 -12 -1 0 -4 0 0 25 12 6 -6 3 -4940 -1442 -14 238 238 -3 0 -2 -1
1 10000 -100 -9 22 10 0 0 0 0 -17 9 1 7 4 -78 -36 -8 7 7 -18 -6 7 1
1 10000 -92 -23 -6 -15 0 0 0 0 8 -6 -1 5 3 -45 -22 -5 5 5 -11 1 -5 0
1 10000 -111 -21 0 6 0 0 0 0 4 11 2 30 6 -145 -45 -2 8 8 26 2 -1 0
1 10000 -104 13 -3 5 0 0 0 0 -3 4 1 -15 6 1103 307 -5 -49 -49 60 5 1 0
1 10000 -108 -47 3 -11 0 0 0 0 7 1 1 -26 -8 -972 -281 -1 46 46 -58 -10 -2 -1
1 8359 -96 4 16 107 0 1397 0 0 -12 95 12 -65 2 81 28 2 -5 -5 60 12 1 1
1 13709 -146 126 2 117 0 20 0 -2 -28 74 -6 138 24 -373 -110 -1 18 18 -65 -10 -5 0
1 8811 -119 32 2 -39 0 -81 0 0 -9 -44 1 -184 7 81 18 -3 -2 -2 -15 -15 -41 -1
1 11189 -134 2 -5 -149 0 -1327 0 2 4 -135 -13 169 -2 -293 -91 -4 16 16 16 22 49 1
1 10000 -99 -5 -13 -32 0 0 0 0 12 -27 -5 -58 -20 157 47 1 -8 -8 17 7 3 0
1 10000 -118 -25 -10 -9 0 0 0 0 17 -4 0 -39 -11 2061 601 6 -100 -100 -20 -7 -3 0
1 10000 -100 -26 5 6 0 -5 0 0 -1 14 3 -7 -4 -1708 -484 3 78 78 35 -1 -3 0
1 10000 -114 -8 4 16 0 0 0 0 -2 16 4 137 56 -53 -9 3 1 1 -34 3 0 0
1 10000 -84 -50 2 -12 0 0 0 0 9 1 1 242 154 62 -3 -11 3 3 -26 -16 -4 0
1 10000 -92 -95 7 -8 0 0 0 0 7 19 5 301 269 6 -39 -23 12 12 -12 0 -1 0
1 10000 -97 -70 4 -5 0 0 0 0 4 16 3 13 139 -2067 -664 -41 118 118 -5 4 16 0
1 10000 -83 -38 -5 10 0 0 0 0 6 21 3 -19 52 3725 1038 -15 -168 -168 -21 -12 -11 0
1 8344 -90 13 6 122 0 1400 0 0 -6 110 2 -86 43 2399 676 -6 -108 -108 -35 14 32 0
1 13930 -147 122 -3 110 0 18 0 -2 -13 66 -12 16 19 1583 443 -5 -71 -71 15 -19 -37 0
1 10000 -123 76 2 8 0 0 0 0 -7 -19 4 -28 9 1016 298 4 -48 -48 16 -3 3 0
1 9999 -127 96 -1 3 0 0 0 0 -21 -22 2 -127 -3 2008 581 4 -94 -94 -4 10 4 0
1 8297 -98 44 10 -135 0 -1425 0 0 -20 -133 -2 -139 -6 872 270 11 -45 -45 5 -7 3 0
1 11703 -135 23 -10 -84 0 -1 0 2 3 -81 -15 -71 -5 1152 353 12 -59 -59 6 5 1 0
1 10000 -101 3 -19 -32 0 0 0 0 19 -30 -8 -188 -6 1198 361 10 -58 -58 8 1 3 0
1 10001 -108 43 5 27 0 0 0 0 -19 19 5 -112 -7 4825 1441 32 -231 -231 0 -1 -6 0
1 8542 -95 -73 -8 -125 5 -1371 0 0 26 -91 -37 -164 -3 -10 20 12 -5 -5 -30 -4 -3 0
1 12207 -115 -113 -5 -36 0 361 -1 -2 33 -9 1 -89 -10 2018 617 20 -99 -99 72 -9 -32 0
1 11171 -123 -41 16 130 -7 1036 0 2 -11 125 47 57 -4 558 195 19 -34 -34 -56 17 38 0
1 10000 -112 24 -13 -20 0 0 0 0 8 -24 -6 -26 -3 -1094 -293 11 43 43 -7 -2 -3 0
1 10000 -103 -44 11 4 0 0 0 0 1 12 3 -8 -1 4021 1166 6 -178 -178 31 -3 14 0
1 8326 -107 31 0 136 0 1355 0 0 -8 118 19 -241 -7 616 186 5 -29 -29 5 2 -10 0
1 13703 -168 100 15 101 0 19 0 -2 -32 63 -3 192 1 762 237 9 -37 -37 -20 2 2 0
1 8239 -103 63 -15 -93 1 -1399 0 0 -3 -98 -3 -86 -6 1044 305 3 -46 -46 26 -3 3 0
1 11762 -137 17 0 -98 0 -1 0 2 -3 -93 -19 -50 -18 -479 -130 4 18 18 -31 1 -3 0
1 10001 -109 -43 -14 -16 0 0 0 0 21 -3 2 -54 -8 823 257 10 -40 -40 0 0 0 0
1 9998 -107 -34 5 4 0 0 0 0 6 9 3 1 -1 600 191 10 -31 -31 49 3 11 0
1 10000 -100 -7 -5 -3 0 -3 0 0 6 0 0 -9 0 884 264 5 -40 -40 -9 -2 -8 0
1 10001 -117 -3 2 -14 0 0 0 0 -4 -9 -3 18 5 704 205 2 -30 -30 27 10 4 0
1 10000 -111 -41 5 4 0 0 0 0 5 13 4 -33 -5 -159 -45 0 6 6 -55 -5 6 0
1 10000 -119 -6 -7 7 0 0 0 0 8 8 2 -10 -1 238 76 4 -11 -11 -6 -1 -15 0
1 10001 -114 -53 6 -10 0 0 0 0 5 4 2 -24 0 345 103 2 -16 -16 36 1 9 0
1 10000 -130 -3 1 2 0 0 0 0 -4 5 0 25 7 515 155 3 -23 -23 -17 0 -7 0
1 9999 -114 -48 -6 7 0 0 0 0 16 17 5 -40 -8 4014 1154 1 -168 -168 32 1 6 0
1 10001 -118 -32 -1 1 0 0 0 0 6 10 2 -43 -8 -3349 -955 3 138 138 -15 3 -2 0
1 9999 -125 -20 1 4 0 0 0 0 1 10 1 -43 -7 -149 -31 6 3 3 15 -4 11 0
1 8635 -103 21 16 104 0 1391 0 0 -16 89 8 -115 -4 900 271 7 -41 -41 19 -4 1 0
1 13384 -182 111 4 119 0 19 0 -2 -22 77 -8 -17 -23 104 42 6 -7 -7 -62 -5 -9 0
1 10000 -148 91 -6 4 0 0 0 0 -14 -20 2 -147 -14 395 132 9 -21 -21 19 2 -4 0
1 8461 -108 24 8 -129 0 -1400 0 0 -13 -124 -2 -151 -4 653 223 18 -36 -36 43 6 14 0
1 11539 -152 27 -9 -90 0 -1 0 2 2 -87 -18 37 2 869 280 15 -44 -44 -13 9 0 0
1 10000 -127 8 -8 -2 0 0 0 0 6 -5 -1 -10 1 1058 328 12 -50 -50 -14 -7 3 0
1 10001 -121 -43 -5 -9 0 0 0 0 15 3 2 -82 -9 987 296 6 -43 -43 7 -1 2 0
1 10000 -132 -78 1 9 0 -4 0 0 18 25 8 -41 -1 1133 344 9 -51 -51 7 2 12 0
1 9998 -132 -59 12 -8 0 0 0 0 0 9 2 -33 7 1139 346 8 -51 -51 -27 -2 -1 0
1 10000 -126 -47 -5 0 0 0 0 0 10 15 4 -16 6 598 186 7 -28 -28 28 5 -16 0
1 8344 -112 8 3 116 0 1385 0 0 -4 104 12 -323 -35 1859 544 4 -77 -77 9 -12 -6 0
1 13701 -205 32 11 105 0 8 0 -2 -19 89 -10 -670 -115 401 195 39 -36 -36 38 18 49 0
1 9998 -145 66 -11 8 0 0 0 0 2 -13 3 -172 -39 636 358 85 -68 -68 30 0 -4 0
1 10001 -145 54 2 -7 0 0 0 0 -11 -23 2 -558 -132 4089 1253 35 -180 -180 -35 -4 2 0
1 8448 -133 17 4 -123 1 -1398 0 0 -11 -113 -3 -1265 -191 3046 994 54 -146 -146 71 15 45 0
1 11552 -131 37 -22 -89 0 -1 0 2 12 -89 -17 -1084 -132 3031 1166 136 -186 -186 75 18 70 0
1 10000 -119 -35 -3 -14 0 0 0 0 12 -5 -1 -1111 -214 6384 2168 145 -314 -314 -63 -15 -11 0
1 10000 -113 -68 -1 -1 0 0 0 0 16 15 5 -401 -75 10295 3380 170 -460 -460 113 24 90 0
1 10001 -106 7 -5 12 0 -5 0 0 4 8 3 -591 -124 22341 6813 117 -830 -830 12 1 0 0
1 9999 -104 -14 -4 -9 0 0 0 0 3 -1 0 -389 -106 14194 4487 130 -522 -522 112 15 54 0
1 10001 -116 -28 0 2 0 0 0 0 8 6 2 -159 -45 14262 4440 95 -483 -483 -85 -12 -49 0
