version: 66.11
glider: 175
mission: 11
dive: 335
start: 6 4 126 0 17 5
columns: rec,elaps_tms,depth,heading,pitch,roll,AD_pitch,AD_roll,AD_vbd,GC_phase,mag.x,mag.y,mag.z,sbect.TempFreq,sbect.CondFreq,aa4330.O2,aa4330.AirSat,aa4330.Temp,aa4330.CalPhase,aa4330.TCPhase,wlbb2f.redCount,wlbb2f.blueCount,wlbb2f.fluorCount,wlbb2f.VFtemp,
data:
0 18058 -513 1578 -626 -3 238 2025 510 2 357 -119 311 260126 161556 293713 96330 16517 30742 30742 727 242 335 566
1 10001 -2 3 -67 -35 0 0 290 0 44 -21 -46 42 12 -1191 -318 36 32 32 -68 -2 25 0
1 9999 -1 -2 -9 -2 0 0 287 0 11 1 -11 -43 -7 264 117 15 -17 -17 142 26 -14 0
1 9993 25 5 -2 -11 0 0 284 0 3 -3 -5 -95 0 3898 1215 -32 -141 -141 -30 -28 -13 0
1 10007 26 116 -36 -5 0 0 277 0 16 38 -11 140 -5 128923 33629 -2966 -2793 -2793 3 15 10 0
1 10002 13 22 -26 70 0 0 266 0 12 47 -13 149 4 26575 7920 -84 -614 -614 2 -28 28 0
1 9993 54 12 -14 -17 0 0 259 0 7 -6 -10 209 19 4352 1244 -30 -89 -89 -151 3 39 0
1 10004 82 73 7 -91 0 0 266 0 -6 -22 6 492 62 1964 505 -31 -32 -32 115 27 27 0
1 10001 154 243 -14 -132 0 0 298 0 15 22 -20 5384 1041 -1578 -721 -77 68 68 -179 -42 -90 0
1 12369 374 -46 29 144 532 0 113 -1 -14 52 17 2828 638 -8779 -4565 -615 464 464 -142 -60 -194 0
1 8026 328 70 215 -47 1600 0 58 2 -126 -27 129 886 185 -43386 -15000 -691 1422 1422 7 22 7 0
1 15968 548 -222 174 306 -10 1399 30 1 -170 177 40 2359 426 -54048 -17332 -532 1901 1901 31 -1 11 0
1 10000 296 -56 43 12 0 0 0 0 -46 -5 13 91 49 -13683 -4404 -169 554 554 -54 2 -27 0
1 8832 228 -59 40 -82 70 -1401 5 0 -38 -91 32 -47 15 -6174 -1993 -84 263 263 -31 -18 -5 0
1 11168 194 -16 163 -128 186 -2 0 2 -157 -125 8 292 74 -2664 -884 -48 120 120 -15 -5 -14 0
1 10000 63 -27 72 -22 0 0 0 0 -64 -29 -16 98 20 3162 795 -57 -88 -88 -21 -6 15 0
1 10000 39 -30 21 -6 0 0 0 0 -16 -17 -7 238 44 -6368 -1921 -30 248 248 -22 0 -16 0
1 8367 19 45 -6 -136 0 -1358 1 0 3 -100 -25 49 16 -1103 -398 -35 58 58 67 11 13 0
1 13646 50 76 13 -66 -1 -21 0 -2 -14 -27 -15 128 6 -2170 -764 -61 112 112 -46 -9 -19 0
1 8912 41 78 -1 62 1 44 0 -2 6 80 28 -93 -2 -3119 -930 -11 124 124 15 6 3 0
1 11131 59 76 -125 143 -83 1351 1 4 124 152 39 221 19 -836 -253 -6 34 34 -45 -4 -8 0
1 10000 76 41 3 2 0 0 0 0 8 14 -1 93 0 -1083 -357 -19 52 52 0 0 -5 0
1 10000 74 33 9 -4 0 0 0 0 -4 8 -1 -37 -38 -18 -35 -14 7 7 23 1 14 0
1 9717 62 -5 -23 107 -68 1128 0 0 22 95 -17 58 14 -2766 -809 -4 109 109 63 -4 -20 0
1 14062 159 -96 -39 118 0 265 0 -2 19 72 -27 134 11 -2495 -759 -16 105 105 -46 7 13 0
1 10001 110 -100 14 10 0 0 0 0 -21 -25 10 213 -32 -1904 -587 -17 82 82 -29 -4 -21 0
1 8811 99 -36 6 -46 0 -44 0 -1 -8 -53 18 35 -7 -1979 -630 -27 93 93 32 6 11 0
1 11188 121 4 0 -174 24 -1391 0 3 3 -158 20 181 -7 -1393 -465 -30 70 70 103 19 -4 0
1 10000 110 12 13 -13 0 0 0 0 -14 -7 -2 93 4 -6088 -1789 -13 253 253 -98 -24 0 0
1 10001 99 19 0 -2 0 0 0 0 -1 5 1 28 -1 -3456 -1035 -17 152 152 -13 4 -8 0
1 10000 113 15 12 -1 0 -1 0 0 -4 5 0 259 43 -1926 -589 -17 88 88 -61 0 0 0
1 10001 97 29 -6 4 0 0 0 0 5 14 0 365 62 -2036 -665 -38 105 105 46 -14 -8 0
1 9999 108 31 1 -1 0 0 0 0 0 11 0 12 14 -1907 -636 -44 103 103 2 14 7 0
1 10001 109 19 -1 -1 0 0 -1 0 3 6 0 94 26 1440 381 -18 -52 -52 20 -1 -6 0
1 9999 98 10 -1 -3 0 0 0 0 1 1 0 23 7 -3612 -1082 -20 164 164 -54 -7 1 0
1 10001 102 9 3 0 0 0 0 0 0 3 0 13 3 -678 -209 -7 32 32 15 -6 -6 0
1 8716 89 15 -7 111 0 1425 1 0 11 106 -14 -57 0 -21 -19 -6 5 5 -4 10 4 0
1 13350 142 -15 -1 111 1 12 0 -2 -2 91 -33 166 -29 -725 -236 -15 38 38 35 -4 4 0
1 10000 111 -39 14 7 0 0 0 0 -17 -7 2 -18 -7 -1776 -527 -7 81 81 -50 -7 -9 0
1 10250 101 -31 3 -6 0 0 0 0 -8 -15 6 37 -1 -898 -266 -4 41 41 13 2 7 0
1 10000 112 -52 1 7 0 0 0 0 -4 -12 4 96 12 -1097 -326 -6 51 51 0 6 3 0
1 8701 78 -25 -13 -128 -1 -1392 0 0 8 -123 31 -163 -29 -1144 -349 -9 55 55 -5 1 -2 0
1 11298 132 -31 -10 -86 0 -13 0 2 9 -92 3 167 -28 -115 -40 -4 7 7 4 -5 -7 0
1 10001 112 -5 11 -9 0 0 0 0 -3 -9 -1 38 2 -1252 -370 -5 58 58 0 8 11 -1
1 10000 108 -15 -3 2 0 0 0 0 -1 -5 0 50 -1 3139 884 -11 -133 -133 104 12 -4 1
1 10000 107 5 -2 -5 0 -1 -1 0 2 -2 0 1 -7 -4708 -1364 -4 210 210 -33 -7 -8 0
1 10001 118 -11 -4 11 0 0 0 0 2 5 1 6 -3 -1026 -298 -2 47 47 33 -6 -1 0
1 9999 113 6 -5 2 0 0 0 0 3 4 0 -108 -73 -110 -37 -2 6 6 -77 -1 7 0
1 10000 107 -39 1 -18 0 0 0 0 5 -31 -3 -441 -152 -523 -139 6 20 20 -20 -6 -1 0
1 10001 110 -49 1 6 0 0 0 0 2 -13 -1 19 -30 6596 1980 42 -313 -313 71 16 2 0
1 9999 101 -27 9 2 0 0 0 0 -5 -8 -2 -57 -34 -6746 -1912 17 290 290 -56 -13 -2 0
1 8816 94 21 -3 -122 1 -1286 0 0 0 -102 -28 -104 -9 -1007 -272 10 40 40 31 8 1 0
1 13739 162 53 12 -94 -1 -90 0 -2 -14 -60 -31 -141 -81 140 68 15 -14 -14 6 4 3 0
1 10000 116 37 8 -1 0 0 0 0 -8 12 6 18 -5 450 174 24 -32 -32 -49 -10 -6 0
1 10002 114 26 -4 3 0 0 0 0 2 12 5 -16 -12 -322 -83 5 12 12 28 4 4 0
1 10468 123 52 4 -1 0 0 0 0 -4 17 8 -110 -44 549 174 8 -29 -29 -8 -2 -2 0
1 8822 105 19 -4 43 0 133 0 -3 4 43 19 -155 -13 1836 551 12 -88 -88 19 -17 -48 0
1 11178 122 -6 -14 163 0 1249 0 5 14 146 28 90 -22 -1992 -562 7 86 86 0 30 51 0
1 10000 108 18 9 0 0 0 0 0 -5 7 0 12 -1 261 90 8 -16 -16 -19 -14 -5 0
1 10000 117 21 -2 7 0 0 0 0 1 14 0 -5 -5 -253 -71 1 11 11 68 6 -1 0
1 10000 98 16 5 -8 0 0 0 0 0 -2 0 -24 -12 -23 -3 2 0 0 -84 -33 -51 0
1 10000 106 12 -5 2 0 0 0 0 3 7 0 -14 -8 82 30 3 -6 -6 5 25 50 0
1 10000 111 27 4 -5 0 0 0 0 0 5 0 -11 -7 -233 -60 4 9 9 17 6 0 0
1 8930 89 -8 -5 99 0 1228 0 0 5 88 -8 -158 -5 400 121 3 -20 -20 22 4 3 0
1 13387 156 -38 2 129 0 175 0 -2 -9 101 -31 478 98 -3914 -1136 -3 179 179 24 2 -2 0
1 10000 114 -50 8 -5 0 0 0 0 -11 -22 7 -69 -5 2559 686 -28 -102 -102 -45 -8 3 0
1 8843 79 -33 4 -41 0 -310 1 0 -8 -48 13 3 16 -232 -68 -1 11 11 23 15 22 0
1 11157 123 11 -16 -165 0 -1092 0 2 17 -147 18 253 39 -224 -96 -17 19 19 41 -7 -29 0
1 10000 104 14 3 -5 0 0 0 0 0 1 0 52 19 -1159 -367 -17 61 61 -99 -14 3 0
1 10000 106 -15 3 5 0 0 0 0 -3 -1 0 48 16 -670 -214 -12 36 36 -13 -2 -3 0
1 10000 108 13 -1 -4 0 0 -1 0 -2 1 0 3 1 -700 -223 -11 38 38 14 21 44 0
1 10000 104 14 0 4 0 0 0 0 1 9 0 -72 -21 -238 -77 -5 13 13 13 -16 -41 0
1 10000 100 18 3 -1 0 0 0 0 0 6 0 -8 -9 -131 -28 5 4 4 23 7 3 0
1 10001 103 36 2 0 0 0 1 0 2 13 0 -13 -7 120 35 1 -6 -6 63 -5 3 0
1 9999 92 31 -5 1 0 0 0 0 8 12 0 59 8 -391 -114 -1 18 18 -87 -4 -4 0
1 9999 110 39 1 0 0 0 0 0 5 13 0 27 16 -5004 -1452 -5 234 234 63 13 2 0
1 8828 89 18 -5 91 0 1218 -1 0 7 90 -14 -21 33 4935 1405 -10 -223 -223 10 2 2 0
1 13375 165 -60 5 114 0 188 0 -2 -14 79 -27 547 69 -332 -130 -19 25 25 -22 -6 1 0
1 9999 100 -63 18 11 0 0 0 0 -24 -12 3 59 -8 -1559 -520 -39 91 91 -58 -9 -7 0
1 10255 104 -51 -2 0 0 0 0 0 -1 -17 7 15 3 812 209 -13 -30 -30 -3 0 2 1
1 8823 89 -21 -1 -116 0 -1330 1 0 1 -111 26 -109 0 -2916 -860 -12 141 141 106 15 -2 -1
1 10961 112 -6 -18 -100 0 -81 0 2 20 -95 5 113 -1 1511 422 -7 -67 -67 -94 -18 1 0
1 10621 116 15 1 -2 0 0 0 0 -4 3 0 -12 -3 -337 -99 -1 16 16 -41 -7 -2 0
1 9999 89 27 4 2 0 0 0 0 -1 13 0 20 10 -1740 -503 -1 82 82 18 6 -2 0
1 9424 99 5 -15 -3 -46 0 -1 0 14 -1 2 46 5 4194 1198 -5 -192 -192 5 4 1 1
1 10618 132 40 -32 -14 0 0 0 0 31 2 0 117 29 -4553 -1319 -5 214 214 45 5 4 0
1 10000 142 9 0 3 0 0 0 0 2 6 0 128 32 -1038 -324 -15 56 56 -43 1 -2 0
1 9423 118 30 5 -4 0 0 0 0 2 7 1 101 24 -1235 -388 -18 67 67 20 12 43 0
1 10578 147 20 0 4 0 0 0 0 -1 11 0 128 30 -1319 -427 -27 77 77 -41 -23 -44 0
1 10000 139 32 2 -1 0 0 0 0 5 9 -1 87 20 -790 -247 -12 43 43 21 9 0 0
1 9586 129 -16 -11 92 -4 1217 0 0 5 81 -9 -113 5 -418 -148 -15 28 28 16 -8 -17 0
1 14390 202 -45 -6 135 -1 188 0 -2 -2 103 -31 239 26 -1113 -334 -9 58 58 -42 8 31 0
1 9999 146 -48 6 8 0 0 0 0 -7 -9 3 251 68 -593 -199 -16 37 37 48 0 -15 0
1 10435 151 -23 0 -16 0 0 0 0 -2 -22 8 62 14 -918 -314 -29 59 59 25 8 4 0
1 8822 130 -17 6 -85 1 -1304 0 0 -5 -82 21 -70 1 -907 -289 -17 52 52 -16 -13 -1 0
1 11178 132 -4 18 -121 32 -126 0 2 -17 -114 8 69 0 -454 -143 -7 26 26 -1 2 1 0
1 9999 126 18 2 6 0 0 0 0 -3 13 -1 2 0 -455 -135 -3 24 24 63 11 -3 0
1 10001 118 24 11 -7 0 0 0 0 -7 2 0 -7 -5 -158 -51 -3 9 9 -91 -9 -3 0
1 9421 101 25 -1 -7 0 0 0 0 3 3 0 254 80 -575 -172 -4 30 30 21 -1 3 0
1 10579 122 26 0 1 0 0 0 0 -1 11 0 71 7 -836 -295 -33 58 58 -7 0 2 0
1 9998 99 31 2 -1 0 0 0 0 4 10 0 92 29 -756 -235 -11 42 42 180 15 -1 0
1 9424 92 34 -1 1 0 1 0 0 4 13 0 121 26 -847 -268 -15 50 50 -134 -3 1 0
1 10578 99 2 -3 2 0 0 0 0 6 2 0 149 14 -614 -209 -19 40 40 9635 9837 9917 9432
1 10000 99 -7 -2 -2 0 0 0 0 -1 -4 1 -60 -42 -764 -245 -16 46 46 -9688 -9847 -9920 -9432
1 8767 82 1 -8 111 -6 1422 0 0 9 102 -15 -57 -3 -1128 -326 -2 57 57 67 4 6 0
1 13732 147 -102 11 113 0 6 0 -2 -23 64 -22 -67 -98 14 1 -2 1 1 -50 -2 -7 0
1 10082 118 -22 4 -35 0 -11 0 -1 -9 -38 12 -75 -17 49 30 10 -8 -8 29 6 2 0
1 9797 94 6 -17 -170 0 -1382 0 3 21 -153 25 9 -24 176 57 4 -11 -11 -13 -8 2 0
1 10578 100 -9 3 -11 0 0 0 0 -5 -14 -1 82 7 -2547 -718 6 125 125 27 8 1 0
1 10005 106 16 6 5 0 0 0 0 -5 11 1 107 18 2301 644 -9 -111 -111 7 2 -4 0
1 9418 91 18 -2 -7 0 -1 0 0 9 0 0 41 9 -407 -137 -12 26 26 -38 -10 2 0
1 10577 96 -6 1 4 0 0 0 0 -3 2 0 110 24 -408 -136 -11 27 27 -3 2 -3 0
1 10005 95 -7 -5 0 0 0 0 0 0 -3 0 29 7 -321 -107 -10 21 21 7 1 5 0
1 9417 78 -9 -3 -2 0 0 0 0 3 -5 0 -2 -8 -264 -86 -6 16 16 25 8 0 0
1 10578 106 -26 -2 -1 0 0 0 0 3 -11 0 -14 -12 -49 -20 -4 4 4 -29 -7 -4 0
1 10000 99 -30 -6 0 0 0 0 0 3 -11 0 -18 -15 -410 -118 0 21 21 -23 -3 5 0
1 9422 99 10 3 -5 0 0 -1 0 -1 -1 -1 -70 -38 -43 -11 1 2 2 38 -2 -2 0
1 10583 107 10 8 9 0 0 0 0 -7 12 1 25 -3 656 198 6 -36 -36 9644 9848 9917 9432
1 10000 99 18 -1 -1 0 0 0 0 -2 6 0 72 12 -340 -100 -2 18 18 -9672 -9840 -9915 -9432
1 9418 94 3 3 -1 0 0 1 0 -2 0 0 -199 -77 418 117 -1 -21 -21 66 6 -5 1
1 10577 110 -7 -4 3 0 0 0 0 4 0 0 59 2 255 99 16 -20 -20 -38 -8 5 0
1 10006 114 12 4 -3 0 0 0 0 -1 2 0 163 37 482 132 -4 -23 -23 61 6 -4 0
1 9686 85 5 -3 1 0 0 0 0 2 3 0 -2 -5 -756 -245 -17 47 47 -59 -2 -1 -1
1 10617 123 21 4 -3 0 0 0 0 -5 5 0 -130 -53 354 97 -2 -17 -17 8 -1 5 1
1 10000 107 21 1 4 0 0 0 0 4 11 0 -143 -60 -14 17 12 -5 -5 53 9 1 0
1 9007 95 33 0 -2 0 0 -1 0 3 10 0 -208 -31 377 137 17 -28 -28 -44 2 -7 0
1 10993 111 25 -3 -2 0 0 1 0 3 8 -1 -148 -104 58 37 13 -9 -9 143 17 3 -1
1 10000 103 25 2 1 0 0 0 0 3 9 0 -123 -62 688 252 32 -51 -51 6 7 -1 1
1 10001 99 3 -5 3 0 0 0 0 7 4 0 -3 -10 -2713 -741 21 125 125 -44 -3 -8 0
1 8695 91 -13 -4 101 -1 1380 -1 0 1 88 -14 -118 -8 4270 1239 10 -219 -219 50 28 57 0
1 13396 151 -78 6 116 0 14 0 -2 -19 75 -26 92 -10 -1058 -289 8 49 49 -24 -28 -49 0
1 10866 122 -59 11 -2 0 0 0 0 -11 -22 8 -119 -30 -32 0 5 -1 -1 22 6 6 0
1 10945 105 -16 -8 -170 0 -1404 1 2 6 -159 32 -9 -18 183 73 13 -16 -16 5 4 -4 0
1 10623 118 -9 -6 -46 0 0 0 0 9 -47 1 -14 -6 -310 -80 5 13 13 2 0 -2 0
1 10000 113 7 1 -6 0 0 0 0 -3 -3 -1 -6 -5 229 73 5 -14 -14 -6 -2 3 0
1 10000 109 4 3 1 0 0 0 0 -3 3 0 0 -6 157 49 2 -9 -9 76 15 5 0
1 10000 114 2 -1 -4 0 -3 -1 0 2 -3 0 -30 -13 -155 -39 3 7 7 -45 -8 -8 0
1 10000 116 -8 1 9 0 0 0 0 -3 5 0 83 2 3781 1086 1 -188 -188 158 41 8 0
1 10000 103 28 4 -3 0 0 0 0 2 8 0 -4 -5 -4257 -1231 -6 214 214 105 17 -3 0
1 9420 106 10 -3 2 0 0 1 0 -2 6 1 -18 -16 -487 -139 0 24 24 -8 3 -5 0
1 10579 123 24 4 1 0 0 0 0 3 9 0 -11 -9 -50 -11 2 1 1 43 10 0 0
1 11342 124 27 22 -3 67 -1 -1 -4 -18 7 -1 -132 -10 -708 -200 2 35 35 11 12 -2 0
1 8039 64 6 36 1 0 0 -35 0 -37 4 -5 26 -6 -279 -80 0 14 14 135 27 2 0
1 9446 67 6 4 3 0 0 -45 0 -6 5 0 -35 -3 -351 -99 1 17 17 3 1 2 0
1 9989 70 26 0 -2 0 0 -49 0 7 7 0 72 -4 -259 -72 1 12 12 19 13 -2 0
1 10006 57 2 -11 4 -1 0 -48 0 9 5 1 -14 -1 -244 -71 -1 13 13 42 4 5 0
1 9993 66 11 -6 -1 1 0 -49 0 8 3 1 -111 -1 2 3 1 -1 -1 -42 -5 -3 0
1 9990 64 6 -3 -3 -1 0 -48 0 5 -1 0 101 -1 -100 -28 1 5 5 -13 -7 3 0
1 10008 58 -6 -12 3 1 0 -48 0 8 1 2 -8 -1 65 19 1 -4 -4 17 14 -2 0
1 10001 55 17 -3 -3 0 0 -47 0 7 2 0 0 -2 143 41 -1 -7 -7 -10 0 0 0
1 10010 63 15 -8 3 0 0 -47 0 7 9 0 25 1 40 12 1 -2 -2 3 -6 3 0
1 9986 51 5 -4 3 -1 0 -47 0 6 4 -1 -11 0 -222 -61 1 10 10 105 14 1 0
1 10027 53 3 -11 -1 0 0 -47 0 10 0 1 -37 -2 105 33 2 -6 -6 -85 -12 -1 0
1 9991 40 0 -2 0 0 0 -47 0 5 0 0 49 -1 -483 -137 1 24 24 -24 -2 -7 0
1 14269 44 -16 14 2 15 0 -37 0 -17 -4 0 -58 0 444 128 0 -22 -22 744 48 4 0
1 7727 -29 5 363 8 316 -1 -21 0 -317 9 -121 61 1 366 96 -5 -16 -16 -218 42 2 0
1 8600 -52 0 41 4 0 1 -39 0 -34 3 -24 -84 0 -79 -16 4 2 2 -371 -55 -5 0
1 9408 -53 -5 -39 -2 0 -1 -45 0 29 -3 23 -33 0 -441 -127 0 22 22 -67 -18 4 0
1 9995 -53 -17 7 -5 0 0 -49 0 -8 -9 -5 50 2 364 108 2 -19 -19 16 4 2 0
1 9985 -59 -14 -6 4 0 0 -50 0 3 -2 2 35 -1 156 46 0 -8 -8 167 23 -3 0
1 10023 -61 -31 -10 3 0 0 -49 0 4 -9 3 8 1 -180 -54 -1 9 9 -196 -33 -9 0
1 9993 -78 -23 1 6 0 0 -51 0 -1 -4 0 18 2 -98 -28 0 5 5 -23 1 9 0
1 9999 -79 6 -5 -13 0 0 -51 0 2 -7 3 -22 0 17 2 -2 0 0 195 10 1 0
1 10003 -88 -29 -7 8 0 0 -52 0 3 -5 1 -88 4 166 47 0 -8 -8 -216 -16 -2 0
1 9988 -89 -23 -5 2 0 0 -50 0 1 -7 1 70 0 -378 -109 0 19 19 95 4 -3 0
1 10003 -104 -23 2 -9 0 1 -52 0 1 -15 2 -28 4 7 0 -1 1 1 -56 -10 4 0
1 10011 -92 -20 -6 -5 0 0 -51 0 6 -11 2 59 4 358 100 -2 -18 -18 -131 -9 7 0
1 11168 -115 -38 -6 6 0 -1 -24 4 0 -11 2 85 3 -1355 -390 -1 69 69 0 -15 -3 0
1 10001 -96 -34 -2 -1 0 0 0 0 3 -14 -1 1 6 1450 415 0 -73 -73 -127 -22 -8 0
1 10000 -110 -41 2 -2 0 0 0 0 5 -16 1 -4 3 -80 -21 1 4 4 2 -10 3 0
1 9812 -106 -31 4 104 0 1195 -3 0 -7 63 2 -132 7 332 93 -1 -16 -16 25 -7 -38 0
1 13413 -162 56 14 124 0 220 -1 -2 -14 107 -27 177 20 4367 1247 -3 -216 -216 -89 -10 34 1
1 10366 -136 63 -2 7 0 0 0 0 1 28 -9 -47 -4 -4009 -1152 -2 200 200 -70 -16 5 -1
1 10000 -122 70 0 2 0 0 0 0 4 27 -8 -40 11 681 199 2 -35 -35 -128 -24 -2 0
1 8597 -107 50 3 -101 8 -1396 0 0 2 -50 20 -145 6 404 125 6 -23 -23 -38 -19 -28 0
1 11403 -140 44 -1 -111 0 -5 0 2 4 -63 16 191 14 450 129 0 -22 -22 64 12 27 0
1 10001 -124 8 -7 -12 0 0 0 0 5 -6 7 52 19 165 45 -2 -8 -8 -96 -18 -1 0
1 9999 -120 4 -1 -1 0 0 0 0 5 0 0 12 10 384 101 -5 -16 -16 27 6 -2 1
1 8426 -96 -1 -6 -113 0 -1387 -1 0 -2 -82 2 -19 10 -8 -7 -2 1 1 34 6 -1 -1
1 13392 -155 -92 -16 -116 0 -8 0 -2 10 -119 -23 62 5 -273 -86 -5 16 16 -48 -9 3 0
1 9201 -100 -85 -8 31 0 97 -2 -1 3 -9 -1 -50 5 329 86 -5 -14 -14 -28 -3 1 1
1 11170 -134 -42 37 171 0 1298 1 3 -25 110 10 62 2 -5 -4 -2 2 2 43 13 0 -1
1 10001 -116 -49 -4 9 0 0 0 0 3 -12 4 125 55 -2557 -736 -2 128 128 -30 -9 1 0
1 10000 -114 -43 -3 2 0 0 0 0 8 -14 1 155 60 2711 760 -9 -130 -130 -6 -7 -4 0
1 8823 -114 -26 10 116 0 1299 0 0 -5 75 6 -112 27 456 108 -14 -16 -16 -42 -34 -49 0
1 13707 -185 73 9 118 1 94 0 -2 -17 105 -27 352 75 -791 -269 -25 52 52 29 26 51 1
1 10000 -124 59 -7 10 0 0 0 0 0 29 -7 142 71 -215 -97 -20 22 22 -74 -9 -2 -1
1 9999 -134 76 -1 -2 0 0 0 0 0 26 -9 89 47 -753 -256 -25 50 50 28 0 5 1
1 9183 -118 72 3 -79 -1 -501 -1 0 4 -26 11 -30 15 -465 -157 -14 30 30 -84 -7 -5 0
1 11178 -144 2 -9 -133 1 -902 1 2 7 -92 26 63 9 -622 -193 -9 36 36 61 10 4 -1
1 10000 -122 -3 -4 -20 0 0 0 0 6 -16 4 -37 -6 206 48 -7 -7 -7 -57 -17 -3 0
1 10000 -116 -18 -6 2 0 0 0 0 2 -5 2 -7 5 2541 725 0 -126 -126 45 8 2 1
1 9418 -98 -21 4 1 0 -4 0 0 -2 -7 -2 17 7 -2819 -807 -1 141 141 -53 6 6 0
1 10582 -118 -3 1 -2 0 0 0 0 -3 -2 0 -37 -7 -12 -5 -1 1 1 22 -14 -8 0
1 10000 -109 -7 0 4 0 0 0 0 0 0 -1 -34 -5 194 60 3 -11 -11 -4 7 2 0
1 9999 -124 12 -3 -4 0 0 -1 0 3 1 1 186 61 -62 -12 3 1 1 -14 -5 -4 -1
1 10001 -107 -19 4 0 0 0 0 0 0 -7 0 -76 -23 4517 1267 -13 -217 -217 54 4 3 1
1 10000 -110 -31 -3 0 0 0 0 0 -1 -11 0 -221 -45 -4851 -1388 -2 242 242 111 22 -1 -1
1 9999 -122 -44 0 -3 0 0 0 0 -1 -19 -2 -171 -51 14 42 22 -13 -13 -96 -10 2 1
1 10001 -100 -17 -2 3 0 0 0 0 2 -4 1 -2 1 373 139 20 -28 -28 -7 -4 -7 -1
1 10000 -117 -27 1 1 0 0 0 0 -1 -10 -1 49 21 229 83 10 -17 -17 2 0 1 0
1 8392 -88 8 11 105 -1 1398 0 0 -10 79 -4 -163 24 -1988 -570 0 100 100 7 2 11 0
1 13406 -154 110 8 121 1 8 0 -2 -6 120 -39 141 34 2309 670 5 -119 -119 -49 -13 -5 1
1 8808 -114 -15 30 -14 -1 -275 0 0 0 -12 8 -43 21 103 33 2 -6 -6 0 3 -4 -1
1 11191 -143 110 -35 -188 1 -1121 0 2 12 -90 31 165 76 -319 -93 -1 17 17 -60 -13 3 1
1 10000 -100 49 -5 -5 0 0 0 0 10 13 6 41 64 -982 -301 -12 55 55 17 3 -2 0
1 10000 -111 37 -5 -7 0 0 0 0 9 7 5 -89 21 1312 367 -5 -63 -63 60 0 -4 -1
1 8687 -75 -13 1 -131 0 -1378 0 0 -4 -101 3 -301 -37 466 133 0 -24 -24 -92 0 -1 1
1 14534 -138 -132 -37 -110 0 -17 0 -2 15 -128 -20 37 -21 -193 -22 20 0 0 58 3 8 0
1 8836 -74 -61 31 44 -1 298 -1 0 -13 13 -3 -124 -9 293 108 14 -22 -22 30 4 2 0
1 11163 -110 -73 10 177 1 1094 0 2 -20 101 8 -150 -62 748 226 7 -41 -41 -25 -6 -2 -1
1 10001 -94 -25 -3 2 0 0 0 0 5 -8 3 -36 -29 4127 1216 21 -214 -214 -13 11 -3 1
1 10000 -97 -23 -5 7 0 0 0 0 2 -4 1 213 58 -2692 -740 18 123 123 -21 -17 1 0
1 8367 -81 -26 4 95 0 1386 0 0 1 60 3 -267 -57 670 195 1 -33 -33 31 11 3 0
1 13376 -146 53 16 125 0 19 0 -2 -20 103 -29 -63 -28 781 259 21 -50 -50 16 -4 1 0
1 10000 -113 63 -3 0 0 0 0 0 3 24 -6 -21 -15 -3745 -1057 10 181 181 -51 -2 -4 0
1 10361 -118 68 -1 8 0 0 0 0 4 30 -9 -173 -40 4754 1374 6 -238 -238 31 3 2 0
1 8546 -89 48 4 -115 -1 -1411 0 0 -3 -60 22 -186 -22 -4310 -1208 16 204 204 -9 -9 0 0
1 11454 -128 -2 -14 -97 0 -2 0 2 15 -69 19 -45 -39 5354 1564 17 -272 -272 -1 4 -1 0
1 10000 -91 -5 -11 -4 0 0 0 0 6 -4 6 -42 -13 -19 30 20 -9 -9 15 10 1 0
1 10000 -102 -25 5 -16 0 0 0 0 -5 -21 -3 -95 -20 901 280 13 -51 -51 -60 -13 0 0
1 9999 -103 -23 -3 2 1 -3 0 0 0 -7 1 -9 0 1123 347 14 -61 -61 52 7 6 0
1 10001 -91 -19 3 -3 0 0 0 0 -2 -9 -2 -19 -2 -298 -72 8 10 10 -28 -6 -7 0
1 9999 -101 -29 -1 0 0 0 0 0 0 -11 0 -152 -32 1304 387 7 -66 -66 34 4 1 0
1 9422 -88 -28 0 6 0 0 0 0 -1 -7 -1 -52 -12 614 199 13 -36 -36 -35 -6 0 0
1 10579 -111 -13 2 -5 0 0 0 0 1 -8 1 -53 -16 761 242 13 -44 -44 -20 3 -6 0
1 10000 -99 -42 -4 5 0 0 0 0 2 -13 -1 -48 -15 672 209 9 -36 -36 136 16 12 0
1 8378 -86 -17 8 112 0 1405 0 0 -7 74 -2 -161 -3 3684 1079 11 -180 -180 -111 -18 -2 0
1 14249 -157 85 13 111 -1 17 -1 -2 -10 107 -31 121 -3 -2547 -717 9 116 116 24 2 -2 0
1 10001 -113 73 -6 5 0 0 0 0 3 30 -9 -21 5 216 72 6 -13 -13 -58 -11 -1 0
1 8543 -101 60 3 -112 0 -1407 1 0 3 -53 22 -75 6 -99 -23 3 3 3 20 4 -9 0
1 11457 -134 35 -4 -104 1 -4 0 2 11 -62 21 83 9 3539 1028 5 -169 -169 -16 -1 10 0
1 9999 -101 21 -9 -12 0 0 0 0 10 -1 6 -6 6 -1100 -320 -1 52 52 18 4 -4 0
1 10001 -101 -1 -7 4 0 0 0 0 2 3 1 0 6 17 8 1 -2 -2 3 -2 2 0
1 8673 -82 -4 2 -121 0 -1382 0 0 -3 -91 1 -325 -51 934 269 0 -43 -43 67 -2 -15 0
1 13380 -136 -137 -37 -119 0 -17 0 -2 18 -138 -26 -278 -95 -1432 -369 24 54 54 -50 5 20 0
1 8824 -75 -82 18 126 -1 1320 -1 0 -12 63 15 -245 -30 1147 399 38 -73 -73 -15 30 40 0
1 11176 -111 -39 25 93 1 80 1 2 -18 54 0 125 -6 -5303 -1483 26 238 238 -1 -24 -42 0
1 10000 -100 -26 -6 8 0 0 0 0 7 -4 4 25 3 6780 1981 14 -327 -327 -13 -4 -3 0
1 10000 -95 -36 0 -6 0 0 0 0 4 -18 -2 -220 -60 771 234 7 -39 -39 15 11 7 0
1 9071 -89 -26 10 110 -1 1256 -1 0 -2 73 7 -119 -4 961 313 20 -54 -54 -51 -35 -34 0
1 13370 -144 89 7 127 1 143 0 -2 -19 118 -28 141 11 541 188 17 -34 -34 47 25 55 0
1 9999 -113 65 -4 7 0 0 0 0 -4 27 -11 19 13 1012 297 3 -48 -48 26 10 -32 0
1 10000 -109 74 2 -2 0 0 0 0 2 26 -9 25 14 -144 -42 0 7 7 17 -6 6 0
1 9210 -109 65 5 -109 -1 -1252 0 0 4 -50 20 -101 -9 1380 394 -3 -62 -62 10 34 52 0
1 10791 -117 6 -14 -102 1 -145 0 2 9 -69 21 48 -6 -1418 -404 3 63 63 -77 -41 -50 0
1 10000 -102 10 -5 -11 0 0 0 0 10 -5 6 -66 -17 460 137 2 -22 -22 47 9 -7 0
1 9999 -104 -12 1 -4 0 0 0 0 -2 -7 0 -49 -10 -186 -43 7 6 6 -8 -3 3 0
1 9421 -96 -7 0 -3 0 -3 1 0 -1 -5 0 -18 -12 4012 1173 7 -186 -186 -8 1 12 0
1 10579 -110 -14 0 3 0 0 0 0 0 -3 0 25 16 -3083 -881 5 137 137 18 -3 -8 0
1 10000 -99 9 1 -5 0 0 0 0 -1 0 -1 -70 -17 227 70 3 -12 -12 3 5 -1 0
1 9998 -121 -19 -5 6 0 0 -1 0 -2 -2 1 62 26 160 50 2 -8 -8 22 4 -3 0
1 10003 -109 3 2 -8 0 0 0 0 2 -5 -1 -150 -50 145 45 1 -8 -8 -36 -11 1 0
1 9999 -114 -18 0 -2 0 0 0 0 -2 -8 0 17 4 364 118 7 -20 -20 -30 3 4 0
1 10001 -111 -17 -4 -10 0 0 1 0 0 -14 -1 -8 2 -415 -106 8 15 15 27 1 0 0
1 10000 -110 -15 1 3 0 0 0 0 -1 -3 0 26 0 732 217 3 -35 -35 16 2 -2 0
1 10000 -99 1 13 8 0 0 0 0 -5 6 -4 77 33 173 49 0 -7 -7 -36 -10 0 0
1 9997 -123 1 -21 14 0 0 -1 0 12 11 9 12 6 26 1 -4 1 1 13 4 0 0
1 10002 -106 17 8 -4 0 0 0 0 -4 3 -4 -27 14 6506 1874 -3 -290 -290 7 0 5 0
1 10000 -115 30 -3 -11 0 0 0 0 4 3 3 378 139 -6403 -1848 1 286 286 -2 -5 -2 0
1 9418 -97 -42 1 16 0 0 0 0 -6 -4 -2 41 20 533 94 -33 -8 -8 4 11 -4 0
1 10583 -120 43 11 -5 0 0 0 0 -8 13 -6 151 65 -161 -86 -21 18 18 1 -1 -5 0
1 10000 -106 35 -3 -11 0 0 0 0 9 4 6 51 22 -385 -145 -18 27 27 -31 -9 9 0
1 10000 -113 -6 -2 -2 0 -1 0 0 4 -4 2 5 17 7190 2050 -13 -315 -315 38 11 -8 0
1 10000 -113 14 1 -4 0 0 0 0 -1 2 0 130 63 -7931 -2303 -9 359 359 98 5 0 0
1 10000 -114 -5 -10 11 0 0 0 0 8 7 4 20 9 34 -16 -14 6 6 -129 -15 0 0
1 9999 -108 11 10 10 0 1 0 0 -10 11 -7 13 14 -193 -81 -13 16 16 27 0 6 0
1 10000 -103 12 0 -16 0 0 0 0 5 -8 3 4 2 472 129 -4 -20 -20 -26 6 -6 0
1 10001 -107 12 -6 6 0 0 0 0 5 9 3 27 34 2666 760 -4 -118 -118 25 -1 5 0
1 8339 -90 2 -2 -116 0 -1380 1 0 1 -86 0 -97 20 -2039 -590 -2 93 93 -45 -16 -10 0
1 13386 -137 -43 -19 -101 0 -17 -1 -2 12 -91 -12 158 66 255 60 -7 -8 -8 11 6 8 0
1 9999 -85 -53 -12 -5 0 0 0 0 3 -23 -6 27 22 -695 -204 -2 33 33 55 5 2 0
1 9286 -88 -67 6 45 -1 331 1 0 -5 9 3 -124 7 786 214 -7 -33 -33 -51 12 47 0
1 11179 -101 -25 36 159 1 1071 0 2 -29 110 5 111 10 556 154 -3 -23 -23 23 -12 -47 0
1 10000 -87 -30 -8 9 0 0 0 0 7 -5 3 -12 22 445 127 -1 -20 -20 -45 -3 -2 0
1 10000 -96 -6 2 -6 0 0 0 0 0 -6 -1 -20 6 517 153 3 -24 -24 38 -4 1 0
1 8825 -85 -37 3 125 -1 1321 0 0 -6 76 -1 -129 14 344 100 0 -16 -16 -4 -9 -42 0
1 13387 -131 63 13 120 1 80 -1 -2 -12 104 -33 121 28 1876 544 2 -85 -85 -26 5 44 0
1 10000 -118 61 -8 5 0 0 0 0 5 27 -6 -89 11 1087 314 1 -49 -49 1 4 -9 0
1 8819 -81 80 -1 -35 -1 -61 0 -1 7 6 3 -153 4 -1453 -405 7 61 61 -7 -2 8 0
1 11182 -121 -9 -6 -178 1 -1349 0 3 6 -127 37 150 4 3605 1041 1 -160 -160 3 -4 3 0
1 10000 -95 -32 -4 -19 0 0 0 0 2 -26 4 -76 17 323 98 3 -16 -16 28 -9 -12 0
1 10000 -88 -38 -7 -1 0 0 0 0 0 -15 1 0 0 1108 332 7 -52 -52 -33 14 7 0
1 10000 -94 -21 1 -1 0 -4 0 0 -1 -9 -1 -73 -11 442 134 3 -21 -21 21 0 2 0
1 10000 -85 8 11 -5 0 0 0 0 -3 0 -2 -22 19 1270 376 6 -58 -58 -26 -2 -4 0
1 9999 -88 9 -8 11 0 0 0 0 4 11 2 -179 -15 -88 -11 7 0 0 -16 -1 10 0
1 10000 -83 -1 4 0 0 0 0 0 -4 0 -3 -194 -37 -6494 -1844 14 279 279 12 7 -7 0
1 10001 -86 -6 1 -4 0 0 0 0 1 -5 1 -94 -22 8536 2510 26 -387 -387 53 2 3 0
1 10000 -91 -7 -2 -1 0 0 0 0 3 -4 1 5 1 1417 453 23 -72 -72 -40 -3 -9 0
1 9420 -91 -10 0 -4 0 0 0 0 0 -6 1 34 28 1666 496 8 -76 -76 8 5 5 0
1 10580 -90 20 -6 -14 0 0 0 0 4 -3 2 154 72 514 152 2 -22 -22 -49 -18 -1 0
1 9999 -101 -20 0 22 0 0 0 0 -3 8 -1 -25 -8 706 190 -7 -27 -27 19 10 -2 0
1 10000 -96 -46 -4 8 -1 0 0 0 2 -12 0 16 14 43 6 -4 0 0 24 -4 10 0
1 10001 -114 11 9 -2 0 0 0 0 -2 4 -1 -4 1 1265 358 -4 -51 -51 -61 1 7 0
1 9999 -99 -18 -6 -12 0 0 0 0 3 -16 0 21 3 -308 -89 1 13 13 61 3 -9 0
1 8368 -82 -10 9 111 1 1391 0 0 -9 77 -5 -250 -2 242 68 -2 -10 -10 10 -24 -56 0
1 14840 -162 94 7 114 0 17 0 -2 -5 113 -33 -1 -42 988 291 3 -43 -43 2 24 56 0
1 8823 -111 71 4 -56 -1 -457 0 0 2 -13 5 -101 -4 340 124 14 -21 -21 -33 -9 -7 0
1 11177 -105 19 -10 -151 1 -948 1 2 10 -99 33 5 -17 314 116 12 -20 -20 -2 9 4 0
1 10000 -89 2 -15 -21 0 0 0 0 12 -15 9 132 23 287 103 11 -17 -17 21 1 3 0
1 9999 -83 -1 6 4 0 0 0 0 -7 3 -4 -268 -55 922 260 -3 -37 -37 7 7 -8 0
1 10001 -100 -4 -4 5 0 -3 0 0 4 2 1 -221 -39 -104 9 19 -5 -5 42 -2 11 0
1 10000 -88 -19 1 -7 0 0 0 0 -4 -12 -1 -323 -34 -1996 -526 26 71 71 -16 -2 11 0
1 10000 -74 8 4 -1 0 0 0 0 0 2 0 -378 -62 5686 1704 30 -251 -251 48 22 8 0
1 10000 -93 9 1 8 0 0 0 0 1 9 0 -307 -61 2996 977 54 -149 -149 -22 -14 7 0
1 10000 -76 35 0 -2 0 0 0 0 2 11 0 -153 -15 3255 1028 41 -152 -152 4 1 -8 0
1 10000 -82 56 4 0 0 0 0 0 5 19 2 -104 28 2634 859 46 -129 -129 -38 -11 -7 0
1 9999 -83 33 -2 1 0 0 0 0 7 11 2 -46 13 3058 940 25 -132 -132 -29 -4 -4 0
1 10000 -93 -36 -10 -3 0 0 0 0 2 -14 4 -839 -133 1735 551 23 -78 -78 -5 3 24 0
1 10001 -87 -29 -1 -5 0 0 0 0 -4 -13 -1 -1018 -197 3375 1110 60 -162 -162 116 18 25 0
