version: 66.11
glider: 175
mission: 11
dive: 230
start: 5 30 126 18 28 15
columns: rec,elaps_tms,depth,heading,pitch,roll,AD_pitch,AD_roll,AD_vbd,GC_phase,mag.x,mag.y,mag.z,sbect.TempFreq,sbect.CondFreq,aa4330.O2,aa4330.AirSat,aa4330.Temp,aa4330.CalPhase,aa4330.TCPhase,wlbb2f.redCount,wlbb2f.blueCount,wlbb2f.fluorCount,wlbb2f.VFtemp,
data:
0 23056 -520 3214 -717 -31 242 2024 654 2 524 56 -54 265756 162801 309250 97004 14439 31068 31068 558 206 248 568
1 10003 4 -38 1 27 0 -1 291 0 -2 9 3 66 -3 -1020 -244 36 23 23 78 6 6 0
1 9997 6 -13 -18 -7 0 1 286 0 0 1 -10 -9 4 221 -62 -62 20 20 -18 3 11 0
1 10004 27 -67 -18 12 0 -1 280 0 -3 14 -4 368 21 -5323 -1653 7 203 203 110 17 93 0
1 9986 26 -60 -12 -15 0 1 268 0 -5 12 5 245 -10 89978 23919 -1601 -2289 -2289 -102 -36 -54 0
1 10013 31 -40 11 12 0 0 260 0 -3 9 14 1363 19 34630 9630 -292 -811 -811 -37 -19 -36 0
1 9988 36 -19 -34 -13 0 0 253 0 1 0 -18 924 110 12170 3454 -69 -277 -277 -7 16 148 0
1 10000 80 -12 -1 -13 0 0 268 0 -2 1 5 537 483 3276 656 -109 -34 -34 15 -7 -21 0
1 10024 160 28 -2 -28 0 0 301 0 2 -1 -3 792 355 132 31 -3 -2 -2 -68 4 -112 0
1 11802 401 -90 27 20 469 0 76 -1 -4 9 41 1012 206 -2394 -2039 -443 251 251 -13 11 0 0
1 8320 371 -220 111 18 1668 861 1 5 -38 -3 144 970 118 -36884 -11849 -336 1124 1124 -56 -34 -113 0
1 14094 583 90 240 158 -4 546 3 -2 -104 90 87 2028 370 -53266 -16437 -325 1792 1792 -114 -14 -46 0
1 10000 352 -80 64 36 0 0 0 0 -60 36 29 961 159 -22332 -7180 -298 932 932 -21 -2 -2 0
1 10000 314 -91 37 7 0 0 0 0 -50 17 25 -19 -29 -7663 -2463 -112 340 340 16 -7 -10 0
1 10000 262 -87 27 2 0 0 0 0 -43 6 22 366 57 -6242 -1971 -78 278 278 -5 -5 -3 -1
1 10001 233 -74 5 2 0 0 0 0 -24 0 12 271 32 -3763 -1188 -49 172 172 -54 -1 -10 1
1 9999 210 -28 1 -10 0 0 0 0 -9 -6 9 562 96 -3280 -1106 -78 168 168 14 8 3 0
1 10000 209 -69 0 12 0 0 0 0 -18 4 5 334 30 -5629 -1730 -54 254 254 -4 -7 -11 0
1 9999 234 -98 3 12 0 0 0 0 -29 -1 10 234 -28 -6472 -2009 -75 305 305 -12 -2 -3 0
1 10000 207 -49 3 -9 0 0 0 0 -15 -12 15 115 -22 -6041 -1850 -60 286 286 24 7 1 0
1 10003 224 -44 -2 -9 0 0 0 0 -10 -13 12 123 -32 635 129 -27 -13 -13 9 6 0 -1
1 9999 205 -45 7 4 0 0 0 0 -15 -6 7 66 -24 -6921 -2022 -21 311 311 9 -5 -7 1
1 10000 217 -64 -8 1 0 0 0 0 -9 -13 10 36 -19 -3152 -943 -22 150 150 1 2 3 0
1 10000 179 -80 9 1 0 0 0 0 -19 -20 15 31 -35 -2611 -778 -17 125 125 22 5 5 0
1 10000 192 -99 -2 10 0 0 0 0 -13 -22 12 -43 -129 -1305 -391 -9 64 64 -8 3 1 -1
1 10000 177 -52 -7 -27 0 0 0 0 5 -39 17 -68 -39 -1896 -535 4 84 84 10 0 -3 0
1 10000 177 -80 0 4 0 0 0 0 -5 -25 10 -240 -133 -986 -272 5 43 43 21 -1 -5 0
1 9999 173 -95 1 14 0 0 0 0 2 -23 6 -196 -123 -1001 -240 25 33 33 -9 11 5 0
1 10001 180 -75 3 -3 0 0 0 0 3 -31 7 -28 -42 -253 -28 25 -1 -1 0 -3 -2 0
1 10000 170 -56 1 -4 0 0 0 0 8 -24 3 -12 -41 2551 755 13 -124 -124 3 -9 -5 0
1 8840 154 -2 7 -116 85 -1433 4 0 -1 -105 6 -101 -46 -4202 -1191 7 190 190 64 -14 -33 0
1 11160 180 24 69 -114 5 -3 0 2 -65 -96 -10 154 -33 -158 -55 -6 10 10 -61 18 35 0
1 10001 129 -11 14 -1 0 0 0 0 -12 -5 -1 -120 -62 -2143 -608 4 98 98 -11 -1 0 0
1 9999 121 24 -1 -5 0 0 0 0 -2 5 0 -55 -41 113 50 9 -11 -11 20 9 9 0
1 9703 109 35 17 2 34 -1 0 0 -21 14 3 -5 -11 -492 -127 8 20 20 28 -8 -57 0
1 10621 104 45 13 -9 0 0 0 0 -21 7 0 -25 -32 34 15 3 -3 -3 14 18 51 0
1 10001 93 31 6 13 0 0 0 0 -10 23 3 -18 -34 -1904 -536 5 86 86 39 5 -4 0
1 8851 81 -2 -1 105 -5 1216 0 0 1 97 7 -75 -6 1175 340 3 -56 -56 -63 -17 1 0
1 13362 113 -41 -5 112 0 221 1 -2 6 87 -10 76 -2 -262 -69 3 10 10 -8 6 -4 0
1 9999 92 -37 11 4 0 0 0 0 -5 -10 1 -4 -5 281 81 0 -13 -13 8 10 1 0
1 9999 82 -38 -3 1 0 0 0 0 6 -14 3 1 1 3033 871 1 -142 -142 -1 -9 10 0
1 10000 88 -32 -1 -2 0 0 0 0 8 -13 3 2 -2 -3446 -988 0 161 161 30 3 4 0
1 8385 80 -7 -2 -124 0 -1386 0 0 8 -114 2 -107 -5 2872 823 0 -134 -134 5 -2 -6 1
1 11616 103 -10 -7 -89 0 -20 0 2 10 -85 -15 104 3 -3005 -861 0 140 140 -16 -4 -4 0
1 10000 93 -3 7 1 0 0 0 0 -6 0 0 -6 -8 -63 -20 -1 4 4 9 6 -7 0
1 9999 88 5 -3 -1 0 0 0 0 1 0 1 -3 -4 -346 -98 0 16 16 10 4 12 0
1 10001 85 12 1 2 0 0 -1 0 -5 5 1 -9 -22 383 111 1 -19 -19 -25 -7 -8 0
1 10001 81 22 2 2 0 0 0 0 -6 9 2 1 -3 -36 -10 1 2 2 32 8 0 -1
1 9999 90 9 -3 -1 0 0 0 0 1 2 0 -2 -3 182 53 0 -9 -9 26 0 3 0
1 8376 73 25 1 -3 0 0 0 0 -4 7 1 -109 -2 -737 -210 1 35 35 0 -8 0 0
1 11623 105 15 2 4 0 0 0 0 -4 9 1 102 -8 -201 -56 0 9 9 -38 1 0 1
1 10002 84 25 -1 -3 0 0 0 0 -2 6 2 -1 -4 2267 650 1 -107 -107 -45 -5 -2 -1
1 9999 82 27 -1 -1 0 0 0 0 -3 9 1 -2 0 -2468 -707 0 116 116 61 15 7 0
1 8330 72 -15 -15 124 -1 1396 0 0 8 108 8 -106 2 1007 287 -1 -47 -47 -3 -3 -11 1
1 14480 151 -40 16 92 1 13 0 -2 -6 70 -9 102 -11 -1331 -380 1 62 62 -35 -1 3 -1
1 10000 98 -54 9 6 0 0 0 0 -1 -14 2 -3 -2 -4209 -1207 0 201 201 41 -2 5 0
1 8824 84 -21 11 -83 -1 -519 1 0 1 -80 5 31 33 4394 1262 1 -210 -210 15 1 -7 0
1 11178 111 64 -18 -135 0 -891 -1 2 1 -105 -10 35 -6 1335 375 -5 -61 -61 20 15 0 0
1 9998 69 -17 -7 -13 0 0 0 0 13 -17 -2 47 19 -1863 -541 -4 90 90 -9 0 12 1
1 10001 76 7 9 11 0 0 0 0 -11 12 1 11 1 5 -3 -2 1 1 34 -5 -10 0
1 10000 59 53 -9 9 0 0 0 0 1 28 6 52 10 -607 -186 -7 32 32 -53 7 12 0
1 10000 80 7 0 -13 0 0 0 0 -1 -9 -2 60 19 -532 -161 -5 28 28 11 -17 -15 0
1 10000 66 21 5 -1 0 0 0 0 -5 7 1 2 0 -659 -201 -6 35 35 5 8 2 0
1 8721 52 -7 0 112 0 1405 0 0 -1 101 7 -175 0 596 160 -7 -25 -25 -30 -7 3 -1
1 13376 97 -69 11 117 0 5 0 -2 -4 81 -10 134 -14 -467 -132 1 22 22 43 10 -2 1
1 10000 70 -40 -20 -24 0 0 0 0 25 -36 8 -138 -45 -51 -11 3 1 1 -21 -13 2 0
1 10731 102 -5 11 -44 0 -276 0 0 -4 -40 2 -27 21 -376 -86 12 12 12 -39 -4 -7 0
1 11185 97 -17 -21 -150 0 -1134 0 2 22 -146 -13 -23 -41 846 245 1 -41 -41 27 16 11 0
1 10000 110 -17 11 -6 0 0 0 0 -8 -11 -3 27 2 -128 -28 5 3 3 -3 -11 -6 0
1 10000 106 5 7 -5 0 0 0 0 -5 -2 -1 -25 -9 657 196 4 -33 -33 47 -4 0 0
1 10000 80 21 -6 2 0 0 0 0 3 10 3 66 24 -616 -173 3 28 28 -61 4 0 0
1 10000 100 20 8 10 0 0 0 0 -15 14 2 74 25 197 44 -7 -6 -6 37 1 2 0
1 10000 89 16 -6 -19 0 0 0 0 5 -11 -2 17 5 0 -10 -6 3 3 -26 8 4 0
1 10001 84 7 0 13 0 0 -1 0 -5 13 3 50 9 -440 -137 -7 24 24 34 3 -8 0
1 9999 84 23 12 -5 0 0 0 0 -11 5 0 12 3 -339 -107 -5 19 19 14 0 -2 0
1 10001 79 11 -11 6 0 0 0 0 7 9 3 -56 -18 -438 -132 -3 23 23 42 16 12 0
1 9999 80 16 4 2 0 0 1 0 -7 7 0 52 15 -255 -74 -2 13 13 -53 -13 -6 0
1 10000 70 16 4 -6 0 0 0 0 -4 1 0 5 -3 284 78 -1 -13 -13 3 -7 -4 0
1 10000 72 -1 -1 3 0 0 0 0 0 2 0 -15 -6 -12 -4 0 1 1 22 5 0 0
1 10001 60 -30 27 4 0 0 -1 0 -1 0 0 6 -3 -186 -54 -1 9 9 -54 -9 2 0
1 9999 73 55 -26 -7 0 0 0 0 -2 7 1 -3 -2 10 4 1 -1 -1 42 15 5 0
1 10000 64 11 -4 2 0 0 0 0 3 6 1 -1 -1 -185 -51 1 8 8 51 -4 -9 0
1 8842 58 -10 -2 105 0 1343 1 0 3 94 7 -52 -1 -2608 -749 -1 126 126 -60 -6 2 0
1 13388 91 -50 9 107 0 58 0 -2 -8 78 -11 45 -5 2798 806 2 -135 -135 -13 5 5 0
1 11914 83 -60 9 4 0 0 0 0 0 -19 3 5 -18 -340 -100 -1 16 16 17 0 -5 0
1 10001 53 -42 -1 -9 0 0 0 0 10 -22 4 -5 1 -268 -76 1 13 13 49 4 4 0
1 11242 52 -23 -11 -169 0 -1399 0 2 20 -162 -6 -5 2 154 43 -1 -7 -7 11 3 -8 0
1 10620 64 9 -10 -35 0 0 0 0 8 -29 -6 -1 1 24 9 1 -2 -2 -62 -6 5 0
1 9999 58 25 11 -12 0 0 0 0 -13 -1 -1 -1 -8 65 18 -1 -3 -3 -22 -6 2 0
1 10000 48 11 -1 10 0 0 0 0 -6 10 2 -10 -3 96 27 0 -4 -4 -1 5 0 0
1 10001 52 13 -3 -4 0 -3 0 0 3 2 1 -4 -4 -208 -58 1 9 9 8 0 3 0
1 10000 61 15 2 -15 0 0 0 0 -3 -7 -3 11 -6 3513 1009 2 -168 -168 117 14 -3 0
1 10000 63 8 -1 19 0 0 0 0 -6 17 4 -6 7 -3269 -937 -1 156 156 -77 -13 2 0
1 9424 52 33 2 -5 0 -1 -1 0 -7 8 2 25 -3 -285 -81 1 14 14 -12 1 -3 0
1 10575 60 20 1 -2 0 0 0 0 -2 6 0 -20 -12 -222 -67 -2 11 11 63 11 -2 0
1 10000 74 8 3 18 0 0 0 0 -1 20 4 -32 -24 81 23 -1 -4 -4 -17 2 1 0
1 9418 53 6 -6 -9 0 0 0 0 4 -6 -1 6 5 68 23 3 -4 -4 -6 -6 5 0
1 10582 52 24 0 -6 0 0 0 0 0 4 1 -17 -19 55 18 1 -3 -3 -19 1 -4 0
1 10000 54 23 -3 -6 0 0 0 0 -2 2 0 -1 -9 -260 -73 1 12 12 -1 -14 -5 0
1 8768 65 -19 -2 108 0 1396 0 0 3 94 7 -83 2 670 196 2 -34 -34 17 35 45 0
1 13377 81 -92 -1 93 0 13 0 -2 12 51 -4 78 -2 -273 -74 2 13 13 -48 -26 -46 0
1 10464 61 -54 6 19 0 0 0 0 -1 -4 1 -9 -13 -608 -173 1 28 28 75 10 7 0
1 9832 59 6 -4 -134 0 -1275 1 0 10 -117 0 -141 14 -1011 -289 0 49 49 -39 -8 2 0
1 10168 69 31 -9 -90 0 -136 -1 2 4 -73 -13 124 -24 1150 329 0 -56 -56 32 6 0 0
1 9999 77 10 15 -27 0 0 0 0 -18 -22 -6 -1 0 173 53 2 -9 -9 179 9 -10 0
1 10001 70 -5 -6 30 0 0 0 0 8 26 7 -4 -8 -56 -16 0 3 3 -190 -9 10 0
1 10000 59 -8 1 1 0 0 0 0 1 -1 0 -6 -12 140 45 3 -8 -8 144 14 0 0
1 10000 60 14 0 2 0 0 0 0 -3 6 1 -33 -18 -55 -16 0 2 2 -163 -17 -3 0
1 10000 61 21 3 -2 0 0 0 0 -5 6 1 -95 -47 -152 -37 4 6 6 59 5 1 0
1 9585 50 22 1 3 0 -1 0 0 -9 9 1 -20 -14 903 275 9 -48 -48 -70 -5 -1 0
1 10622 61 12 2 -2 0 0 0 0 -3 3 1 -9 -8 -42 -3 5 -1 -1 15 4 -5 0
1 10000 68 11 -1 3 0 0 0 0 1 7 1 -8 -7 -317 -84 4 13 13 57 14 6 0
1 10000 58 10 3 -1 0 0 0 0 -4 3 1 -3 -3 511 149 1 -25 -25 9 -9 -4 0
1 10000 70 1 -4 5 0 0 0 0 3 4 0 -4 -4 84 29 3 -5 -5 -96 -14 1 0
1 10000 60 24 2 -5 0 0 0 0 -1 6 1 -1 -2 175 50 0 -9 -9 30 3 3 0
1 8752 50 -12 -4 122 0 1398 0 0 4 109 7 -160 -1 -736 -208 2 35 35 -16 -15 -17 0
1 13931 89 -67 7 98 0 14 0 -2 -3 63 -8 157 -5 604 176 1 -30 -30 157 30 13 0
1 10463 69 -43 8 0 0 0 0 0 0 -15 2 -1 0 -430 -121 1 20 20 -91 5 7 0
1 8807 51 -22 0 -38 0 -81 0 -1 6 -42 5 -97 -4 1129 324 1 -54 -54 -20 7 -25 0
1 11193 65 4 -14 -179 0 -1340 0 3 16 -163 -13 89 -5 -4277 -1226 0 205 205 19 -19 26 0
1 10000 67 14 -1 -2 0 0 0 0 -6 2 -1 -5 -3 3249 931 0 -156 -156 15 2 -6 0
1 10000 62 18 4 1 0 0 0 0 -4 8 2 4 -2 -2 0 0 0 0 -27 -10 2 0
1 10000 62 13 2 -1 0 0 0 0 -3 4 1 -1 -1 523 152 2 -26 -26 34 12 4 1
1 10000 61 16 -2 3 0 0 0 0 -3 7 1 -4 -4 -496 -144 -2 25 25 -43 1 -4 0
1 10000 74 14 1 0 0 0 0 0 -2 6 1 -1 -2 350 103 1 -18 -18 4 -9 0 -1
1 9418 59 10 4 -1 0 -1 0 0 -3 4 0 0 -3 194 53 -1 -9 -9 129 33 -1 0
1 10582 83 17 -2 -3 0 0 0 0 1 3 1 -1 -2 -26 -3 3 1 1 44 -7 7 0
1 10000 55 3 -2 5 0 0 0 0 -4 4 0 -1 -2 -221 -64 -1 10 10 -209 -25 -10 0
1 10000 75 24 5 -6 0 0 0 0 -3 5 1 -2 -2 -132 -37 1 6 6 14 5 5 1
1 10000 60 -1 -1 3 0 0 0 0 1 3 0 -1 -1 -341 -97 0 16 16 100 15 0 -1
1 10000 75 10 -5 1 0 0 0 0 2 4 1 1 -2 368 105 0 -17 -17 31 -10 0 0
1 8829 70 -7 -5 108 0 1321 0 0 3 97 7 -88 -1 -4418 -1267 -1 213 213 16 13 -3 1
1 14251 106 -65 13 103 0 92 0 -2 -8 69 -8 85 -2 4346 1248 2 -210 -210 85 0 1 0
1 10005 69 -41 4 12 0 0 0 0 4 -4 1 1 1 168 49 1 -8 -8 -200 -24 0 0
1 8817 73 -41 7 -49 1 -246 0 0 6 -57 5 -100 -1 -70 -21 -1 3 3 155 12 -42 0
1 11183 77 14 -22 -170 -1 -1150 0 2 20 -151 -12 97 -2 -25 -7 0 1 1 -161 -7 44 0
1 10001 84 13 2 -6 0 0 0 0 -7 -3 -1 -1 -2 52 14 -1 -2 -2 179 32 3 0
1 10000 66 -1 4 0 0 0 0 0 -3 1 0 0 -9 -3800 -1089 1 183 183 -88 4 -5 0
1 9744 66 6 -2 6 0 -1 0 0 0 7 2 -3 0 3634 1043 1 -175 -175 387 33 -2 0
1 10621 77 17 4 -11 0 0 0 0 -5 -4 -2 0 -2 -300 -86 -1 14 14 -319 -39 1 0
1 10001 72 19 -5 10 0 0 0 0 1 16 4 0 -1 -178 -51 0 9 9 -37 -13 5 0
1 9417 71 8 2 2 0 0 0 0 -6 4 0 -1 1 93 26 0 -5 -5 46 5 -1 -1
1 10582 79 9 2 -3 0 0 0 0 -1 1 0 -2 1 -105 -30 0 5 5 -120 -2 -2 1
1 10001 66 8 -3 2 0 0 0 0 1 4 1 0 0 284 82 0 -13 -13 50 7 1 0
1 9415 66 5 -1 2 0 0 0 0 -2 3 1 0 -3 999 286 0 -48 -48 -75 -10 -4 -1
1 10585 84 28 4 -4 0 0 0 0 -5 7 1 -2 4 -1018 -290 1 48 48 -6 -13 6 1
1 10000 73 11 -6 -3 0 0 0 0 3 2 0 -3 -6 -166 -48 0 8 8 62 13 -1 0
1 8871 64 -21 -4 106 0 1236 0 0 5 90 9 -130 -4 1051 301 0 -50 -50 -101 4 36 -1
1 13409 113 -69 9 121 0 171 0 -2 -3 84 -9 127 -3 -3586 -1025 2 171 171 85 1 -34 1
1 10000 78 -30 12 -10 0 0 0 0 1 -17 3 -1 2 2644 758 -1 -127 -127 -45 -22 -3 0
1 8599 76 -15 -1 -125 0 -1397 0 0 5 -120 2 -54 -2 -3573 -1023 1 172 172 62 11 0 0
1 11401 87 20 -16 -90 1 -13 0 2 8 -78 -12 51 1 3461 992 0 -167 -167 69 17 1 -1
1 10001 75 12 1 -1 0 0 0 0 0 5 1 -1 -2 -1858 -534 -1 90 90 -94 -22 -3 1
1 9999 71 12 0 3 0 0 0 0 -2 7 2 -2 -2 1863 534 0 -90 -90 47 6 2 0
1 10001 87 15 3 -4 -1 0 0 0 -5 2 -1 -1 -1 663 189 0 -31 -31 -34 4 0 0
1 9999 84 4 2 3 0 0 0 0 1 5 2 0 0 -457 -127 2 21 21 30 7 0 0
1 10000 85 7 -3 -5 0 0 0 0 1 -2 -1 2 -3 -139 -41 -1 7 7 -40 -1 2 0
1 10000 88 18 6 2 0 0 0 0 -9 8 2 -3 0 1698 487 0 -82 -82 236 35 0 0
1 10000 97 5 -2 3 0 0 0 0 -1 4 0 4 2 -1313 -378 0 63 63 -223 -44 -3 0
1 10001 66 13 -4 -3 0 0 0 0 1 1 0 0 -1 -464 -130 1 22 22 -4 7 -1 0
1 9999 84 3 2 5 0 0 0 0 0 6 2 1 0 -15 -4 0 1 1 -4 -3 -2 0
1 10000 91 15 0 -4 0 0 0 0 -2 2 -1 4 -3 -197 -58 -1 9 9 -43 -7 0 0
1 10001 85 0 3 1 0 0 0 0 -3 1 1 -12 -6 -5250 -1507 0 255 255 198 36 0 0
1 9999 66 12 -6 -2 0 0 0 0 3 3 0 0 -3 5505 1581 1 -267 -267 -31 5 0 0
1 10001 97 18 4 -2 0 0 0 0 -4 5 1 1 -1 3389 971 0 -161 -161 28 -2 12 0
1 10000 86 6 1 4 0 0 0 0 -3 5 0 -5 -3 -3865 -1106 1 183 183 -2 -8 -6 0
1 8659 80 -11 -2 112 0 1401 0 0 3 101 7 -121 -2 394 113 0 -19 -19 180 25 0 0
1 13388 111 -49 2 104 0 15 0 -2 0 75 -10 123 0 -272 -76 1 13 13 -202 -8 0 0
1 10001 93 -37 8 5 0 0 0 0 -4 -10 1 1 -5 -761 -219 0 37 37 17 4 -4 0
1 10458 86 -46 0 -4 0 0 0 0 10 -19 5 0 -2 708 201 -1 -34 -34 -43 -20 2 0
1 11918 102 -16 -28 -190 -52 -1415 0 2 33 -179 -6 -2 -1 266 78 0 -13 -13 5 8 6 0
1 10618 120 -6 -41 -33 0 0 0 0 40 -32 -6 6 -6 -270 -78 0 13 13 162 28 -4 0
1 10000 117 6 3 7 0 0 0 0 -5 8 2 11 -2 -317 -90 0 15 15 -64 -13 6 0
1 10000 124 18 -1 -1 0 0 0 0 0 6 1 -5 -6 170 46 -1 -7 -7 -72 -5 -12 0
1 14242 173 29 36 -6 89 -4 -1 -4 -38 5 1 -73 -4 -69 -20 0 3 3 82 6 8 0
1 7687 79 4 49 10 0 0 -35 0 -51 9 -4 -23 -6 120 33 -1 -5 -5 -114 -6 -1 0
1 8072 70 4 11 -4 0 0 -38 0 -8 -1 0 4 -3 19 9 2 -2 -2 133 0 -5 0
1 8823 65 13 -5 -3 0 0 -42 0 1 1 0 -49 0 -122 -32 2 5 5 34 -2 5 0
1 9989 68 28 -4 0 0 0 -49 0 -1 10 2 65 0 61 20 1 -4 -4 -99 13 -1 0
1 10028 68 6 -15 4 0 0 -48 0 10 5 2 -41 -4 578 165 0 -28 -28 61 -14 2 0
1 9971 71 6 0 -1 0 0 -49 0 6 3 2 25 2 -587 -169 0 29 29 136 19 -1 0
1 10007 63 24 -11 6 0 0 -47 0 3 13 2 -125 -3 -33 -6 1 1 1 -299 -37 -1 0
1 10007 67 7 -6 5 0 -1 -48 0 5 7 2 127 1 -17 -3 2 0 0 44 20 1 0
1 9998 58 9 -12 0 0 1 -46 0 9 4 1 -32 0 -97 -29 -1 5 5 48 -4 -2 0
1 10008 63 6 1 -3 -1 0 -48 0 3 0 0 -128 -3 303 88 1 -15 -15 22 -9 4 0
1 9986 52 -19 -11 0 1 0 -46 0 9 -8 0 95 -8 0 3 1 -1 -1 39 17 -5 0
1 10025 36 -4 -7 -6 0 0 -48 0 8 -7 -1 -59 -9 95 29 1 -5 -5 -69 -7 1 0
1 9983 32 -42 -3 9 -1 0 -47 4 9 -6 0 26 -3 -797 -229 0 38 38 331 30 -43 0
1 11586 30 -20 10 -9 15 0 -3 -4 -5 -15 -3 28 0 1253 361 1 -60 -60 -2 31 63 0
1 8422 -27 34 373 8 307 0 -23 0 -331 22 -122 7 -3 -781 -232 -5 40 40 -172 -19 -17 0
1 9993 -53 17 19 6 0 0 -46 0 -15 11 -11 24 -1 -80 -16 5 1 1 -39 -13 -1 0
1 9994 -44 -11 -23 0 0 0 -48 0 17 -5 12 -79 4 71 21 0 -3 -3 133 19 3 0
1 10020 -47 -28 -1 -1 0 0 -51 0 5 -10 4 24 5 -395 -110 2 18 18 -27 -2 -6 0
1 9993 -49 -29 -2 2 1 0 -50 0 6 -9 2 33 16 546 158 0 -27 -27 -212 -48 -2 0
1 9997 -66 -22 -6 4 -1 0 -48 0 10 -4 6 22 4 -303 -88 0 15 15 26 -1 5 0
1 9999 -66 -34 2 -8 1 0 -52 0 3 -18 -2 -57 2 -18 -13 -5 3 3 16 0 3 0
1 9996 -73 -29 -12 17 0 0 -52 0 12 0 10 56 3 249 71 0 -12 -12 220 41 -2 0
1 10005 -75 -34 2 -7 -1 0 -51 0 11 -11 3 55 2 69 16 -2 -2 -2 -227 -36 -3 0
1 9996 -79 -10 -6 -5 0 0 -51 0 8 -7 2 -34 2 10 0 -2 0 0 -27 -2 4 0
1 10003 -77 -40 -7 -3 1 0 -52 0 16 -13 5 28 1 -166 -46 1 8 8 149 14 -1 0
1 9987 -84 -36 0 -1 -1 0 -52 1 9 -12 3 -76 3 20 3 -2 0 0 -70 -9 -4 0
1 15208 -158 69 7 224 1 1419 -8 1 -30 186 12 144 3 -123 -38 -1 6 6 25 13 1 0
1 9999 -95 58 6 5 0 0 0 0 -18 19 -13 3 1 -149 -43 0 8 8 -85 -11 1 0
1 10000 -100 58 -5 6 0 0 0 0 -8 22 -9 -6 3 5572 1597 -1 -265 -265 52 6 -3 0
1 8230 -85 50 1 -103 4 -1388 -2 0 -8 -58 0 -70 4 -5897 -1688 2 280 280 -81 -34 -41 0
1 11771 -140 16 -4 -106 1 -4 -1 2 3 -71 -4 69 5 -5656 -1624 -1 276 276 18 26 43 0
1 10000 -102 -3 -12 -13 0 0 0 0 11 -11 6 -4 7 6341 1819 0 -309 -309 65 -1 -4 0
1 9999 -101 -4 -3 2 0 0 0 0 2 0 2 -1 0 242 71 1 -12 -12 -56 2 0 0
1 10000 -94 -10 2 -1 -1 -5 0 0 1 -4 -2 4 2 -263 -76 0 13 13 -49 -14 7 0
1 10000 -96 -16 4 -4 0 0 0 0 -5 -11 -2 1 2 -239 -69 0 11 11 -22 -7 -2 0
1 10000 -100 -18 -6 -1 0 0 0 0 10 -6 3 -1 5 376 108 0 -18 -18 -40 -2 6 0
1 10000 -100 -18 6 -2 1 0 -1 0 0 -7 -1 3 9 240 68 0 -11 -11 -26 0 -8 0
1 10000 -98 -28 -6 0 0 0 0 0 8 -11 2 1 2 -7 -1 0 0 0 16 -6 -3 0
1 10000 -103 -13 2 4 0 0 0 0 3 0 2 2 4 -123 -36 -1 6 6 69 4 2 0
1 10000 -89 0 -3 4 -1 0 0 0 0 2 1 0 1 -127 -35 1 6 6 9 -5 3 0
1 10000 -89 -25 6 -10 0 0 0 0 5 -13 -1 3 2 -5771 -1657 -1 281 281 -59 -3 5 0
1 10000 -101 -8 4 3 0 0 0 0 -3 -1 -2 -1 2 5994 1717 -1 -291 -291 21 9 -11 0
1 10000 -89 -10 -3 -1 1 0 0 0 6 -3 3 0 2 -53 -15 0 3 3 -111 -14 2 0
1 10000 -88 -17 -3 -1 0 0 0 0 6 -6 2 0 3 -111 -33 0 5 5 53 3 4 0
1 10000 -96 -17 1 0 0 0 0 0 3 -6 -1 -1 1 99 31 1 -5 -5 -58 -6 -3 0
1 8341 -90 -16 14 102 -1 1382 -1 0 -9 73 14 -75 -2 -3315 -953 -1 161 161 185 26 -2 0
1 13391 -155 75 1 121 0 17 0 -2 -21 111 -10 86 5 3678 1055 0 -178 -178 -40 -16 4 0
1 10000 -117 78 -6 12 0 0 0 0 -13 32 -13 12 12 -324 -95 -2 16 16 -128 -10 -3 0
1 8276 -93 37 8 -110 0 -1409 0 0 -7 -67 -1 -38 26 -262 -76 0 13 13 117 10 1 0
1 11725 -132 33 -11 -109 1 -4 0 2 6 -68 0 80 8 -5606 -1614 -4 275 275 -145 -16 2 0
1 9998 -96 28 1 -3 0 0 0 0 -6 8 -2 33 16 5767 1647 -3 -279 -279 64 1 5 0
1 10000 -106 38 -6 -14 0 0 0 0 0 3 2 30 24 375 102 -3 -16 -16 -34 -2 -12 0
1 8708 -88 -15 4 -104 0 -1378 0 0 3 -79 -18 -41 13 789 219 -5 -36 -36 200 20 5 0
1 13957 -160 -60 -17 -112 0 -17 -1 -2 22 -100 -31 60 11 -1177 -337 0 57 57 -221 -17 21 0
1 10000 -115 -71 -19 -13 0 0 0 0 26 -36 -6 13 12 58 8 -4 -1 -1 -54 -16 -19 0
1 8841 -87 -103 30 36 -1 329 -1 0 18 8 20 -64 7 68 18 -1 -3 -3 128 24 -8 0
1 11158 -125 -7 3 185 0 1068 0 2 -25 113 40 92 3 76 16 -4 -1 -1 -62 -10 8 0
1 10001 -85 -27 6 0 0 0 0 0 4 -6 0 -12 -2 -388 -117 -3 20 20 -14 1 -1 0
1 10000 -105 -31 -10 3 0 0 0 0 15 -8 6 -56 -6 -445 -125 1 21 21 -76 -19 3 0
1 8461 -84 -7 10 102 1 1398 0 0 -10 74 18 -57 4 1091 320 5 -55 -55 67 -3 -31 0
1 13429 -149 66 8 115 0 18 0 -2 -26 104 -8 60 3 -625 -176 2 29 29 -51 10 31 0
1 10000 -110 31 2 17 0 0 0 0 -8 22 -7 -2 12 113 33 0 -5 -5 55 -1 -2 0
1 10000 -113 66 -5 27 0 0 0 0 -12 38 -14 -8 -3 -91 -26 0 4 4 -59 -3 0 0
1 8351 -108 32 2 -118 -1 -1413 0 0 -1 -73 5 -108 3 560 164 2 -28 -28 -20 25 25 0
1 11649 -135 -10 -8 -122 1 0 0 2 9 -93 -1 97 11 4341 1245 1 -206 -206 15 -29 -23 0
1 10000 -88 -20 -11 6 0 0 0 0 10 -3 6 12 -1 -4187 -1198 1 198 198 81 24 -5 0
1 10000 -93 -57 15 -30 0 0 0 0 3 -40 -10 -29 -4 42 9 -2 -2 -2 -72 -23 -1 0
1 10002 -104 -32 -20 21 0 -5 0 0 20 3 14 25 18 -393 -110 1 19 19 -70 -14 6 0
1 9998 -79 -28 6 -23 0 0 0 0 3 -26 -6 0 2 367 108 2 -19 -19 -6 -2 0 0
1 10001 -83 -50 7 -8 0 0 0 0 9 -18 -1 27 5 149 36 -4 -5 -5 9522 9812 9913 9430
1 8403 -64 -77 36 133 0 1390 0 0 -9 78 19 -90 -10 230 66 0 -11 -11 -9357 -9795 -9918 -9430
1 13394 -156 177 -9 116 0 17 0 -2 -42 133 -20 35 -13 -145 -39 2 6 6 -11 11 3 0
1 10000 -126 48 -20 0 0 0 0 0 5 17 1 5 3 -373 -104 1 17 17 54 8 -6 0
1 8813 -96 31 13 -50 -1 -194 0 0 -13 -28 -8 -72 3 -264 -74 1 12 12 -110 -10 8 0
1 11187 -119 -29 -19 -166 -7 -1230 0 2 22 -130 7 176 40 196 59 2 -10 -10 28 -7 -4 0
1 10002 -103 -1 -9 -10 0 0 0 0 7 -8 1 -29 -15 -9 -7 -3 2 2 11 10 2 0
1 9998 -99 6 5 22 0 0 0 0 -3 20 2 -69 -18 246 65 -3 -10 -10 -22 -3 0 0
1 10000 -103 10 -8 -25 0 -5 0 0 4 -16 -1 1 -5 -267 -72 3 11 11 -29 -8 4 0
1 10000 -114 16 0 -7 0 0 0 0 -3 0 0 3 6 -152 -42 1 7 7 -33 -1 -2 0
1 10000 -101 -80 -12 17 0 0 0 0 25 -14 11 20 20 82 24 0 -4 -4 303 30 -4 0
1 10000 -93 -82 16 -15 0 0 0 0 6 -37 -8 154 44 379 107 -1 -18 -18 -308 -41 -2 0
1 10000 -89 -38 -7 11 0 0 0 0 17 -2 9 65 22 -167 -73 -15 16 16 -43 -9 -1 0
1 10000 -87 -34 6 -14 0 0 0 0 8 -15 -2 21 16 64 1 -9 2 2 64 11 2 0
1 8383 -78 -20 11 113 0 1417 0 0 -5 82 23 -82 2 3519 991 -10 -163 -163 -100 -14 -1 0
1 13417 -147 77 -3 120 0 19 0 -2 -25 109 -4 100 19 -4627 -1335 -5 223 223 40 4 4 0
1 10000 -109 55 -2 8 0 0 0 0 -12 20 -10 -4 5 414 116 -1 -19 -19 -47 1 -8 0
1 10000 -110 53 1 -4 0 0 0 0 -14 11 -9 -12 5 -183 -55 -2 10 10 68 -3 5 0
1 10000 -97 57 -6 4 0 0 0 0 -10 18 -10 -70 -4 -5 1 1 0 0 -63 -5 1 0
1 8276 -88 63 14 -116 7 -1414 0 0 -12 -61 -3 -191 6 1164 343 6 -59 -59 -19 16 46 0
1 11724 -135 8 -13 -104 0 -2 0 2 5 -77 -2 187 -5 4389 1263 3 -210 -210 24 -11 -52 0
1 10000 -90 18 0 -12 0 0 0 0 0 -1 -1 -74 -5 -4897 -1401 1 232 232 1 -2 5 0
1 10000 -107 5 3 7 0 0 0 0 -6 6 1 -17 -12 140 45 3 -8 -8 92 9 -4 0
1 10000 -101 -4 -6 -11 0 -4 0 0 9 -9 1 -61 -7 26 18 6 -5 -5 -68 -9 6 0
1 10000 -102 -4 7 3 0 0 0 0 -3 2 -1 3 2 595 188 10 -33 -33 -4 6 -2 0
1 10001 -105 -23 -7 -8 0 0 0 0 7 -15 1 17 22 407 123 3 -21 -21 -31 -7 2 0
1 9999 -87 -58 -3 3 0 0 0 0 9 -19 3 45 70 265 74 -1 -12 -12 -49 -12 -2 0
1 10000 -115 -12 -5 3 0 0 0 0 9 -1 4 -2 17 317 85 -3 -14 -14 -14 -2 5 0
1 10001 -88 -21 6 -3 0 0 0 0 -5 -11 -4 2 11 451 127 -1 -21 -21 -9 -8 -4 0
1 9999 -92 -7 -5 -19 0 0 0 0 11 -14 1 0 -14 180 51 -1 -8 -8 29 9 4 0
1 10000 -103 -10 14 19 0 0 0 0 -14 8 -6 -1 6 -1175 -338 0 56 56 30 5 -2 0
1 10001 -102 -26 -7 -3 0 0 0 0 13 -10 4 -2 -3 1448 414 -1 -68 -68 -17 4 -7 0
1 9999 -101 -9 8 -8 0 0 0 0 -1 -5 0 0 -7 3 3 1 -1 -1 16 -8 7 0
1 10001 -102 -33 -2 21 0 0 0 0 7 3 4 1 -7 244 68 -1 -11 -11 -55 -2 -8 0
1 10000 -106 -17 -5 -10 0 0 0 0 8 -13 1 -1 13 185 52 0 -8 -8 39 6 5 0
1 8387 -89 -19 6 106 0 1401 0 0 -3 74 18 -147 19 -4641 -1328 1 221 221 19 3 -2 0
1 13424 -159 70 8 130 0 17 0 -2 -28 116 -11 189 44 4200 1200 -2 -200 -200 -62 -14 3 0
1 9999 -117 82 -3 2 0 0 0 0 -10 30 -13 10 17 423 115 -4 -18 -18 12 -5 -1 0
1 8544 -94 72 2 -112 0 -1409 0 0 -11 -58 -1 -130 19 237 66 -1 -11 -11 -13 0 0 0
1 11456 -121 12 -5 -110 0 -3 0 2 4 -77 -3 213 32 1112 313 -3 -51 -51 -13 -3 -3 0
1 10000 -108 -12 -10 -13 0 0 0 0 8 -15 4 16 13 -886 -262 -5 44 44 9 2 5 0
1 10001 -108 -21 -1 -3 0 0 0 0 5 -9 0 10 11 -294 -93 -4 17 17 15 6 -1 0
1 9422 -85 -26 -4 9 0 -4 0 0 7 -3 3 63 24 297 79 -4 -12 -12 -14 -9 -3 0
1 10577 -108 -15 2 -7 0 0 0 0 0 -11 0 -3 2 44 1 -7 1 1 -10 3 0 0
1 10001 -97 -15 5 3 0 0 0 0 -1 -3 -2 -56 -1 -826 -244 -4 41 41 19 0 0 0
1 10000 -112 1 1 -6 0 0 0 0 3 -1 1 -52 -14 703 207 3 -35 -35 -13 6 -1 0
1 10000 -95 -2 -3 -1 0 0 0 0 -2 -5 -1 -8 -2 50 22 5 -5 -5 5 -8 6 0
1 9999 -107 -20 1 8 0 0 0 0 2 -1 0 8 0 376 114 3 -19 -19 -24 4 -1 0
1 10001 -99 -5 0 -2 0 0 0 0 3 -2 2 -14 -1 101 33 3 -6 -6 40 6 0 0
1 9999 -92 -23 -1 -1 0 0 0 0 8 -7 1 -3 -1 -2197 -626 2 103 103 -18 -6 -6 0
1 10000 -107 -7 2 -1 0 0 0 0 1 -2 0 -15 -2 2338 670 -1 -111 -111 -4 2 1 0
1 9418 -108 -18 -2 1 0 0 0 0 2 -7 1 1 2 222 67 3 -11 -11 25 6 1 0
1 10583 -113 -28 4 1 0 0 0 0 6 -7 1 4 4 124 38 1 -7 -7 -33 -5 0 0
1 10000 -103 -20 -5 -3 0 0 0 0 6 -10 1 3 0 160 46 0 -7 -7 -1 -4 4 0
1 8366 -92 -14 11 109 0 1402 0 0 -6 80 18 -93 13 1382 397 0 -65 -65 5 5 -6 0
1 13395 -162 73 3 124 0 18 0 -2 -25 112 -13 119 10 -1592 -461 -2 76 76 -9 -11 5 0
1 10001 -128 63 -5 7 0 0 0 0 -9 24 -10 20 13 142 37 -2 -6 -6 35 11 -4 0
1 8376 -101 54 3 -113 -10 -1416 0 0 -8 -64 0 23 49 1038 297 0 -49 -49 -31 -8 -9 0
1 11623 -147 30 -15 -108 0 -2 0 2 10 -69 1 105 19 -4850 -1413 -14 237 237 7 4 13 0
1 10001 -102 -6 -10 -13 0 0 0 0 10 -11 6 41 14 3775 1075 -3 -177 -177 13 -1 -2 0
1 9999 -88 -31 3 -9 0 0 0 0 6 -16 -1 27 18 50 -1 -9 1 1 -4 -1 1 0
1 10002 -103 -27 1 11 0 -3 -1 0 -2 -4 -1 17 4 -531 -157 -3 27 27 37 4 3 0
1 9998 -94 -31 0 -3 0 0 0 0 9 -11 3 85 55 -429 -131 -4 22 22 -62 -8 -2 0
1 10000 -99 -27 2 2 0 0 0 0 4 -7 1 29 21 402 94 -12 -12 -12 -4 13 34 0
1 10000 -102 -10 -8 -2 0 0 1 0 6 -7 1 -3 -1 69 10 -6 -1 -1 11 -16 -38 0
1 10001 -91 -34 0 6 0 0 0 0 7 -7 3 21 18 343 96 -1 -15 -15 1 11 0 0
1 10000 -99 -49 2 -7 0 0 0 0 11 -20 0 66 51 -245 -80 -5 14 14 -20 -6 -1 0
1 8343 -72 -38 7 108 0 1404 0 0 5 76 22 -25 10 -152 -54 -6 10 10 0 22 39 0
1 13388 -145 26 28 109 0 17 0 -2 -31 90 -11 145 44 327 71 -12 -9 -9 -15 -28 -35 0
1 9999 -92 44 -23 6 0 0 0 0 3 15 1 8 6 52 -1 -9 2 2 46 3 1 0
1 10002 -114 64 0 6 0 0 0 0 -12 24 -12 0 17 3070 868 -6 -141 -141 -6 3 -3 0
1 9998 -99 44 13 -36 0 0 0 0 -17 -14 -9 44 20 -2719 -776 1 127 127 -38 -12 7 0
1 8280 -83 30 6 -97 2 -1424 0 0 -8 -62 -4 18 68 -1446 -423 -6 71 71 59 14 -8 0
1 11722 -117 50 -24 -73 1 -5 -1 2 13 -36 5 -114 108 1660 463 -6 -75 -75 -75 -17 4 0
1 9999 -100 15 -9 -14 0 0 0 0 2 -7 1 -15 15 -42 5 9 -3 -3 0 1 1 0
1 10000 -82 -5 -1 -3 0 0 0 0 2 -4 0 -1 7 1604 467 5 -77 -77 1 1 -3 0
1 8292 -64 -11 5 -132 7 -1346 1 0 1 -100 -28 -166 4 1728 496 1 -81 -81 11 -26 -47 0
1 13734 -113 -78 -20 -92 0 -18 -1 -2 28 -94 -32 150 17 843 246 3 -40 -40 -27 22 48 0
1 8823 -58 -79 1 47 0 331 0 0 14 5 15 -74 3 607 174 0 -28 -28 32 1 -4 0
1 11177 -78 -36 29 155 -9 1055 -1 2 -14 105 43 67 10 501 146 2 -24 -24 -18 1 7 0
1 9999 -75 4 -11 7 0 0 0 0 6 5 6 -17 29 663 190 0 -31 -31 -37 -2 -5 0
1 10000 -62 -22 -1 0 0 0 0 0 9 -4 2 -5 5 711 207 2 -34 -34 11 4 -1 0
1 8807 -65 -2 14 7 40 0 0 -4 -11 4 -5 -114 10 -136 -37 1 6 6 42 8 2 0
1 10012 -95 -15 19 8 0 0 -46 0 -14 -1 -8 -78 23 377 113 3 -19 -19 -45 -12 -1 0
1 9990 -86 -5 -1 -3 0 0 -49 0 4 -1 1 -10 4 905 272 7 -45 -45 -7 -4 4 0
1 10007 -97 -8 3 -1 0 0 -52 0 -1 -4 1 -119 6 1301 380 5 -61 -61 7 1 -3 0
1 10023 -102 -2 -5 0 0 0 -51 0 5 0 1 18 5 914 274 6 -44 -44 15 1 -2 0
1 9983 -106 -16 -3 17 0 0 -52 1 6 8 6 -44 3 641 194 6 -32 -32 -49 -8 -10 0
1 15153 -206 32 16 191 1 1395 -9 1 -26 151 10 -35 0 1704 512 13 -83 -83 34 10 15 0
1 9999 -117 48 -12 12 0 0 0 0 -1 25 -4 -206 -10 1418 430 13 -70 -70 28 -3 -1 0
1 10002 -112 45 0 3 0 0 0 0 -9 16 -8 -188 -4 -776 -165 30 19 19 -50 -4 4 0
1 9999 -112 70 -6 -3 0 0 0 0 -11 19 -8 -33 -3 4910 1448 22 -227 -227 24 6 -1 0
1 9314 -91 57 2 -75 6 -1216 -1 0 -10 -37 -3 -95 1 8128 2360 15 -357 -357 -16 -4 -3 0
1 10687 -118 35 -17 -106 -24 -178 -1 2 10 -64 8 62 0 -4152 -1170 11 171 171 -13 -3 10 0
1 9999 -78 22 -10 -20 0 0 0 0 9 -6 3 -5 0 701 207 3 -31 -31 35 6 -7 0
1 10000 -76 -16 -4 -10 0 0 0 0 5 -14 1 -10 -4 969 284 3 -43 -43 -9 1 -1 0
1 8397 -62 -23 -1 -105 0 -1384 -1 0 2 -88 -18 -72 5 1154 339 4 -51 -51 -14 -28 -44 0
1 13407 -92 -93 -24 -112 0 -17 0 -2 37 -114 -33 30 -8 -175 -42 4 5 5 6 28 41 0
1 9079 -71 -88 -1 6 0 13 -1 -1 22 -23 0 -62 2 -359 -96 4 13 13 5 -3 -6 0
1 9730 -81 -56 65 179 40 1390 -26 -1 -42 114 34 -35 0 886 259 2 -39 -39 -8 -2 7 0
1 10029 -110 -26 15 8 1 0 -51 0 -3 2 2 -94 -4 -227 -62 2 9 9 -7 -1 4 0
1 10005 -97 -60 -4 -8 0 -1 -52 0 20 -22 3 -289 -36 871 259 5 -39 -39 40 8 12 0
1 9978 -112 -12 -5 5 -1 1 -54 0 8 2 5 -548 -57 592 223 27 -39 -39 15 1 10 0
1 16180 -196 -32 -15 4 1 0 -45 4 21 -6 9 45 -14 8448 2603 88 -394 -394 -27 -3 -12 0
1 10000 -105 -29 -6 3 0 0 0 0 14 -7 3 -72 -9 -5 37 19 -10 -10 34 5 2 0
1 10000 -124 -29 2 -2 0 0 0 0 9 -4 3 -34 -2 2360 720 19 -105 -105 -1 -2 -3 0
1 9773 -114 -27 -2 76 -22 1137 -4 0 9 53 26 -192 0 2693 798 11 -114 -114 -13 -17 -31 0
1 14118 -181 34 -1 133 0 255 -1 -2 -12 116 17 -328 -46 5667 1668 17 -234 -234 3 18 47 0
1 9999 -123 28 -6 17 0 0 0 0 -6 16 -3 -839 -112 -1752 -368 66 38 38 80 9 28 0
1 10000 -118 97 -11 14 0 0 0 0 -21 35 -10 -1752 -257 7794 2493 114 -359 -359 73 23 75 0
1 10049 -119 100 -2 8 0 0 0 0 -27 29 -17 -317 -60 22032 6895 226 -918 -918 24 6 7 0
1 10000 -111 115 -6 26 0 0 0 0 -20 54 -21 -471 -73 13287 4114 105 -506 -506 80 18 15 0
1 9524 -111 96 5 -114 5 -1215 -1 0 -16 -55 -2 -538 -61 8362 2633 79 -313 -313 -12 -9 -2 0
1 10476 -110 -24 5 -109 0 -183 -1 2 2 -90 3 -230 -59 5348 1703 57 -199 -199 151 13 53 0
1 10000 -87 -15 -2 -12 0 0 0 0 5 -14 1 -212 -32 3509 1177 60 -140 -140 -156 -5 -8 0
1 10000 -107 -32 -1 -15 0 0 0 0 -1 -26 -2 -11 -9 5516 1734 47 -193 -193 66 3 -18 0
1 10000 -97 -16 -1 -7 0 0 0 0 4 -11 -1 -96 -31 5417 1677 34 -182 -182 12 0 24 0
1 10000 -106 -23 1 -3 0 0 0 0 8 -8 2 -71 -35 4082 1244 18 -131 -131 0 1 -10 0
