version: 66.11
glider: 175
mission: 11
dive: 199
start: 5 29 126 9 56 27
columns: rec,elaps_tms,depth,heading,pitch,roll,AD_pitch,AD_roll,AD_vbd,GC_phase,mag.x,mag.y,mag.z,sbect.TempFreq,sbect.CondFreq,aa4330.O2,aa4330.AirSat,aa4330.Temp,aa4330.CalPhase,aa4330.TCPhase,wlbb2f.redCount,wlbb2f.blueCount,wlbb2f.fluorCount,wlbb2f.VFtemp,
data:
0 18134 -569 1838 -703 -8 244 2022 711 2 402 -27 272 267143 163107 322429 95308 11782 31817 31817 722 229 311 569
1 10013 -5 -49 -21 24 0 0 277 0 10 -3 -12 187 -3 351 101 -2 -13 -13 -4 -2 -23 -1
1 10009 12 -41 -23 -56 0 0 275 0 13 -49 -15 -79 -1 420 136 6 -18 -18 -91 -11 61 0
1 9981 38 -98 -55 50 0 0 270 0 31 -9 -44 -1 2 38935 11994 197 -1441 -1441 188 21 -20 0
1 10008 30 16 10 8 0 0 267 0 -6 10 11 15 -10 43764 13059 23 -1319 -1319 -47 -7 -3 0
1 9993 32 102 -2 -61 0 0 254 0 6 7 -9 -114 -2 18287 5433 0 -492 -492 83 6 -3 0
1 9999 40 48 1 9 0 0 254 0 0 22 1 -22 0 13341 3977 5 -344 -344 -228 -20 5 0
1 10021 101 -20 -8 31 0 0 274 0 -1 8 0 389 59 -7911 -2348 1 200 200 44 -1 10 0
1 9987 227 80 4 -94 0 0 316 4 5 -18 -5 2886 596 10727 3139 -17 -264 -264 -123 -29 -104 0
1 11693 478 24 22 9 464 0 37 -5 -12 11 17 2821 584 -31191 -10465 -434 1010 1010 -123 -5 -51 0
1 8299 418 -123 183 104 1670 596 3 5 -113 18 121 551 111 -40213 -12759 -375 1364 1364 -54 -27 -31 0
1 14069 591 -179 206 161 -5 806 1 -2 -174 77 74 1433 217 -31908 -10033 -321 1227 1227 -5 -2 -21 0
1 9995 339 -32 58 8 0 0 0 0 -50 -1 13 67 24 -14696 -4466 -98 587 587 -11 0 -1 0
1 10000 319 -16 17 -8 0 0 0 0 -16 -13 6 79 18 -10399 -3092 -43 421 421 -31 -7 -18 0
1 10005 277 -35 12 6 0 0 0 0 -7 -7 2 57 14 3262 859 -39 -108 -108 56 7 6 0
1 9995 266 -46 7 10 0 0 0 0 2 -7 1 184 29 -2231 -695 -25 99 99 -50 -8 -7 0
1 10001 248 -27 6 -30 0 0 0 0 2 -36 4 270 25 -2287 -748 -43 111 111 33 9 -7 0
1 10004 250 15 4 -1 0 0 0 0 -6 5 0 215 25 -2016 -658 -37 98 98 -10 -4 -7 0
1 9996 222 -27 -7 19 0 0 0 0 12 8 -2 328 27 -4513 -1381 -41 201 201 -43 -8 2 -1
1 9999 226 -16 7 -5 0 0 0 0 -4 -10 2 244 0 -3279 -1038 -48 158 158 24 3 -15 1
1 10005 219 -32 -3 5 0 0 0 0 13 -5 -3 158 -98 2422 597 -47 -75 -75 -14 5 9 0
1 9995 224 -61 6 14 0 0 0 0 9 -6 -1 67 -55 -12014 -3499 -29 514 514 29 -7 0 0
1 10001 225 -61 6 -2 0 0 0 0 11 -19 -2 34 -61 -5915 -1733 -21 264 264 -5 10 -9 0
1 9999 227 -65 7 -4 0 0 0 0 16 -18 -3 -72 -189 -3236 -950 -12 149 149 14 5 15 0
1 10003 224 -47 -3 -1 0 0 0 0 16 -14 -6 -11 -37 -3078 -876 2 135 135 -7 -7 -13 0
1 9998 213 -46 4 -2 0 0 0 0 16 -4 -5 -4 -9 -2760 -795 -2 125 125 33 3 -3 0
1 10004 215 -63 -3 3 0 0 0 0 24 -6 -8 -4 -26 -1771 -511 -3 82 82 2 10 12 0
1 10001 196 -37 -3 -2 0 0 0 0 15 -7 -8 -5 -13 -940 -269 1 43 43 -12 -6 -2 -1
1 9995 211 -54 0 5 0 0 0 0 19 1 -8 -16 -14 -293 -85 -1 13 13 12 1 -2 1
1 9999 201 -66 3 -3 0 0 0 0 22 -3 -9 7 -4 -651 -184 1 30 30 41 -3 -12 0
1 10003 203 -56 0 -1 0 0 0 0 18 1 -10 -3 -9 -1004 -288 -1 46 46 -88 -3 5 -1
1 10003 213 -58 0 0 0 0 0 0 18 3 -11 -18 -36 165 49 2 -8 -8 28 5 -1 1
1 10703 204 -63 0 -4 0 0 0 0 19 5 -12 20 -20 -768 -218 0 35 35 11 2 5 0
1 9999 201 -52 -2 6 0 0 0 0 17 6 -11 17 -11 -436 -129 -2 21 21 -7 4 -3 -1
1 10699 213 -40 -6 -2 0 0 0 0 13 8 -10 -12 -13 -652 -190 -2 31 31 0 -7 -1 1
1 10001 222 -36 -7 -11 0 0 0 0 13 -2 -10 -61 -26 -472 -129 4 20 20 14 -1 -6 0
1 10000 212 -7 2 7 0 0 0 0 1 5 0 -11 -4 -95 -24 2 4 4 -33 0 7 0
1 10432 226 -45 0 -2 0 0 0 0 9 7 -9 4 1 -322 -86 3 13 13 11 2 -1 -1
1 10001 222 -69 13 7 0 0 0 0 6 21 -4 -7 -30 231 67 1 -11 -11 31 9 -1 0
1 10440 217 -69 3 15 0 0 0 0 8 28 -10 -26 -25 -587 -163 2 26 26 6 1 -2 1
1 10000 203 -48 -4 -15 0 0 0 0 8 2 -8 30 4 -101 -25 2 4 4 -4 -2 4 0
1 10150 205 -63 5 -85 -1 -1228 5 0 5 -38 -2 -119 -7 -375 -113 -3 19 19 -42 -8 -3 -1
1 9851 177 -49 49 -121 85 -191 0 2 -28 -63 22 219 -15 104 29 0 -5 -5 28 3 1 1
1 9999 143 -34 24 -24 0 0 0 0 -19 -6 11 -4 -13 -424 -137 -9 24 24 -35 1 -4 0
1 9999 129 -30 8 -2 0 0 0 0 0 6 3 -8 -10 -342 -103 -3 18 18 29 -2 6 -1
1 9441 118 1 13 2 51 -3 0 0 -11 1 10 -5 -11 -908 -263 -2 43 43 -6 -2 -3 1
1 10620 120 24 38 -2 0 0 0 0 -29 -10 18 21 -20 -369 -108 -1 18 18 -13 5 12 0
1 10000 87 23 4 -1 0 0 0 0 -8 -6 3 -8 -12 -511 -152 -3 26 26 21 -3 -6 0
1 9422 80 33 2 5 0 0 -1 0 -2 -7 1 1 -4 -175 -50 0 8 8 100 10 -3 0
1 10578 85 56 -4 -2 0 0 0 0 -2 -17 -2 -70 -59 -237 -66 1 11 11 71 9 -1 0
1 10000 77 41 3 3 0 0 0 0 -6 -10 1 -79 -52 -284 -67 8 9 9 -190 -19 -1 0
1 8828 77 45 -23 115 -43 1399 0 0 11 76 7 -99 -18 224 80 9 -15 -15 78 17 2 0
1 14032 143 -74 -27 104 0 30 0 -2 31 92 -25 66 -20 -179 -38 7 5 5 -2 -5 -4 0
1 10001 105 -65 10 -5 0 0 0 0 -2 16 -2 -3 -9 -299 -80 3 12 12 5 6 2 0
1 11907 117 -72 4 5 0 0 0 0 1 25 -5 -20 -9 301 89 2 -15 -15 46 4 -3 0
1 8229 93 -53 -3 -124 16 -1411 1 0 4 -75 8 -139 -16 827 239 1 -40 -40 -61 -12 5 0
1 11772 126 6 4 -101 1 -7 0 2 -2 -76 1 115 -14 -955 -270 2 45 45 21 11 -6 0
1 10000 95 9 3 2 0 0 0 0 -3 -1 1 -39 -16 -245 -63 4 9 9 112 15 4 0
1 10000 93 2 3 -2 0 0 0 0 -3 -2 1 4 -3 7 8 3 -2 -2 -43 -5 0 0
1 9422 103 22 -1 6 0 -1 -1 0 1 -2 -1 2 -2 -152 -42 1 7 7 20 -1 4 0
1 10579 115 2 0 -7 0 0 0 0 0 -6 0 7 1 -17 -4 1 1 1 -25 -2 -1 0
1 9999 101 5 -8 15 0 0 0 0 4 10 -2 13 0 -4148 -1186 1 197 197 -41 -5 -3 0
1 9425 104 24 5 -17 0 1 0 0 -5 -19 1 4 2 4247 1212 -2 -202 -202 89 16 8 0
1 10576 138 35 0 17 0 0 0 0 -2 2 1 -25 -6 -326 -94 -1 16 16 -79 -13 -7 0
1 9999 128 44 -3 17 0 0 0 0 1 -1 0 2 2 -61 -15 2 2 2 20 13 -3 0
1 10001 130 -28 0 -26 0 -1 0 0 2 -11 -4 -15 -15 347 101 0 -17 -17 22 -12 7 0
1 9999 127 24 0 0 0 0 0 0 -5 -5 2 17 9 -351 -97 2 16 16 -51 -5 -6 0
1 9999 140 21 9 -4 0 0 0 0 -7 -10 4 1 -1 -153 -47 -1 8 8 -2 3 -2 0
1 9595 111 36 -13 23 0 0 0 0 5 7 -3 -51 -27 58 15 -1 -2 -2 -3 2 7 0
1 10620 132 -13 8 -30 0 0 0 0 -5 -18 -1 5 -2 185 61 5 -11 -11 14 -2 -4 0
1 10000 125 1 1 -10 0 0 0 0 -2 -7 0 11 7 -61 -17 0 2 2 14 4 0 0
1 9996 126 80 4 2 0 0 0 0 -11 -23 1 -23 -9 -45 -6 3 1 1 79 9 -5 0
1 10004 111 12 10 11 0 0 0 0 -9 4 8 -8 -1 -24 -5 1 0 0 -60 -1 5 0
1 9999 119 73 -15 10 0 0 0 0 -1 -11 -3 -1 3 92 26 0 -4 -4 -39 -12 7 0
1 8568 100 6 4 117 -5 1400 0 0 -4 87 23 -88 2 -392 -110 1 18 18 18 8 -11 0
1 14572 181 -7 -3 112 1 13 0 -2 2 89 0 89 0 440 129 2 -22 -22 18 -2 6 0
1 10000 116 -21 6 -28 0 0 0 0 1 -18 1 -1 -4 -3488 -1000 0 167 167 -10 -1 0 0
1 10001 101 -68 -17 26 0 0 0 0 23 35 -18 -11 -8 3262 934 0 -156 -156 -45 -7 2 0
1 9999 117 -65 11 -28 0 0 0 0 -1 -1 0 10 6 96 31 1 -5 -5 80 5 -3 0
1 10732 122 -49 10 48 0 0 0 0 -1 49 -8 -33 -18 37 11 1 -2 -2 32 11 -2 0
1 10000 118 -81 10 -14 0 0 0 0 -2 13 -3 39 17 -165 -47 0 8 8 310 103 -1 0
1 8466 105 2 -33 -142 0 -1380 0 0 23 -107 0 -158 -14 134 35 -2 -6 -6 -383 -118 9 0
1 11534 147 -28 -3 -81 0 -12 0 2 2 -51 -4 147 10 233 70 2 -12 -12 159 27 -3 0
1 10000 139 -71 14 -26 0 0 0 0 -5 0 4 -7 -8 -283 -80 0 13 13 -141 -22 -7 0
1 10000 144 21 11 -12 0 0 0 0 -8 -15 4 -6 4 1 1 0 0 0 -20 1 6 1
1 9631 116 20 8 -5 0 -1 1 0 -9 -10 4 -33 -13 -69 -20 1 3 3 32 -1 -1 -1
1 10619 110 102 -17 37 0 0 0 0 11 -2 -7 -6 -7 -188 -47 3 8 8 127 18 -1 0
1 10001 105 44 -1 -29 0 0 0 0 -5 -33 -4 -6 -2 336 99 2 -17 -17 -90 -18 -2 0
1 10000 102 24 -10 21 0 0 -1 0 4 9 -2 -68 -28 -52 -10 3 1 1 -67 5 10 0
1 9999 109 -17 11 -3 0 0 0 0 -5 2 6 -12 -3 123 48 7 -10 -10 -39 -9 -9 0
1 9999 97 2 -3 -3 0 0 0 0 3 -3 -3 23 5 78 24 1 -4 -4 57 5 5 0
1 10001 109 51 -9 18 0 0 0 0 1 -2 -1 -7 -2 -132 -37 0 6 6 -47 -5 -6 0
1 10001 119 19 18 -17 0 0 0 0 -17 -17 6 -28 -8 208 61 1 -10 -10 79 8 0 0
1 9998 121 8 -9 7 0 0 0 0 5 3 -2 -108 -33 -226 -61 2 9 9 -15 -9 6 0
1 9555 90 25 3 88 -1 1219 0 0 -3 57 15 -242 -13 90 42 9 -8 -8 19 26 36 0
1 13374 147 -72 -1 135 1 173 0 -2 9 121 -8 214 0 164 64 10 -13 -13 -51 -22 -36 0
1 10706 106 -38 10 0 0 0 0 0 -5 12 -1 -12 -8 442 133 4 -23 -23 3 -1 -5 1
1 10000 103 -47 3 -14 0 0 0 0 4 3 -1 -4 -3 410 124 3 -21 -21 -41 -1 1 -1
1 8849 68 -39 -7 -40 -1 -489 0 0 7 -19 -1 -138 -3 -137 -38 1 6 6 -20 12 27 0
1 11152 117 -23 -15 -150 0 -900 0 2 12 -105 -7 98 -16 260 79 3 -14 -14 56 -16 -27 1
1 9999 115 0 15 8 0 0 0 0 -11 6 8 8 -4 -307 -79 5 12 12 -40 -3 2 -1
1 10001 88 45 -5 -31 0 0 0 0 1 -36 -6 100 36 199 51 -4 -7 -7 74 23 -1 1
1 7894 90 7 -4 5 1 -2 0 0 2 2 0 -23 14 -201 -69 -6 12 12 -2 -5 7 -1
1 12105 127 5 26 9 0 0 0 0 -20 5 14 -91 -47 -540 -161 -4 28 28 -51 -11 -6 1
1 10001 75 -12 -52 -23 0 0 0 0 39 -12 -31 32 8 1047 316 9 -54 -54 24 -1 3 0
1 10000 122 41 25 10 0 0 0 0 -22 -5 16 13 3 -772 -220 1 36 36 68 11 0 0
1 9420 109 22 11 11 0 0 0 0 -9 1 7 14 4 -187 -59 -3 10 10 -159 -27 -5 0
1 10579 104 3 -12 -16 0 0 0 0 10 -13 -9 -6 -1 389 114 1 -19 -19 82 17 -3 -1
1 10001 110 -29 7 21 0 0 0 0 -3 24 6 12 7 -130 -37 0 6 6 -37 0 -2 1
1 9418 97 8 -2 -16 0 0 0 0 1 -14 -3 -2 -2 -13 -4 0 1 1 7 -8 4 0
1 10583 106 41 -7 -8 0 0 0 0 -1 -16 -4 0 -3 86 21 -2 -3 -3 -2 6 -1 0
1 9996 120 7 17 11 0 0 0 0 -14 5 10 16 4 -289 -83 0 14 14 51 15 1 -1
1 10002 94 6 -15 -28 -1 0 0 0 12 -22 -13 0 4 -51 -18 -2 3 3 -22 -10 0 1
1 10001 115 -8 -2 28 0 0 0 0 2 23 4 -14 -7 260 76 1 -13 -13 -27 -3 0 -1
1 10000 102 33 13 6 0 0 0 0 -13 -6 9 -3 0 -109 -29 1 5 5 26 10 -4 1
1 8534 93 29 -22 102 1 1385 0 0 13 68 3 -119 -7 604 169 -2 -28 -28 -18 8 51 0
1 17641 174 -128 22 -69 6 -1405 0 -4 -2 -15 -1 -125 -36 -619 -153 14 22 22 -11 -19 -44 0
1 7993 73 -28 33 -42 50 -2 -28 0 -25 -24 12 15 -23 401 120 3 -20 -20 14 -1 0 -1
1 7730 62 6 8 0 1 0 -36 0 -8 -1 4 -47 4 -103 -23 3 3 3 22 9 3 1
1 10002 77 2 9 10 0 0 -48 0 -7 7 5 21 -35 263 84 5 -15 -15 -58 -12 -5 0
1 10011 76 9 -5 2 0 0 -50 0 4 -2 -2 -41 0 -44 -5 5 0 0 18 3 -1 0
1 10027 81 14 -5 -9 0 0 -49 0 2 -10 -3 8 2 170 53 2 -9 -9 -24 -1 3 0
1 9983 72 -4 1 -3 0 0 -49 0 3 -3 -2 4 -16 -7 -1 0 0 0 75 12 0 0
1 9987 55 35 -13 11 -1 0 -48 0 4 0 -3 13 -2 106 36 4 -7 -7 -76 -11 2 0
1 10002 66 26 -1 1 1 0 -48 0 0 -7 0 -96 -2 49 15 0 -2 -2 12 7 -5 0
1 10008 59 0 -8 -6 -1 0 -47 0 5 -4 -5 25 -2 392 116 2 -20 -20 -11 -8 4 0
1 9984 53 -5 2 2 1 0 -48 0 2 1 -1 0 -4 -545 -156 0 26 26 72 12 -2 0
1 10008 52 5 -22 4 0 0 -47 0 14 4 -8 44 -3 414 121 2 -20 -20 85 27 -1 0
1 10011 36 -14 -8 -6 0 0 -48 0 7 0 -5 22 0 -325 -93 0 15 15 -149 -35 0 0
1 9987 38 -4 -5 13 0 0 -47 4 3 11 0 -46 -1 792 228 0 -37 -37 40 -21 -45 0
1 11762 39 -6 21 -8 15 -1 -2 -4 -11 -7 8 30 0 -238 -68 0 11 11 75 28 49 0
1 8248 -29 19 351 5 298 0 -24 0 -317 -6 92 9 0 -636 -189 -4 32 32 -117 -6 6 0
1 9996 -61 20 31 1 1 0 -46 0 -36 -3 -2 -83 1 359 108 3 -19 -19 130 10 -9 0
1 9989 -50 1 -33 0 0 0 -48 0 36 -2 1 70 0 -255 -71 1 11 11 -60 -8 -3 0
1 10019 -60 -17 3 0 0 0 -50 0 -1 5 1 19 1 -515 -146 1 24 24 -81 -11 3 0
1 9989 -57 6 -5 3 0 0 -50 0 2 2 0 -49 2 408 119 1 -19 -19 238 19 1 0
1 10016 -77 -17 -2 -2 0 0 -50 0 4 3 1 16 4 -310 -88 1 14 14 -259 -21 -3 0
1 9988 -67 -1 -9 -2 0 0 -51 0 7 -1 -1 1 3 506 143 -1 -24 -24 39 16 3 0
1 10002 -73 -3 2 6 0 0 -52 0 0 6 1 45 19 17 5 0 0 0 3 7 -2 0
1 10014 -72 -15 -6 10 0 0 -51 0 7 14 2 -52 34 159 41 -3 -6 -6 -5 -11 3 0
1 9970 -74 -41 -4 0 0 0 -50 0 8 11 2 36 0 -367 -116 -6 20 20 0 -11 -3 0
1 9999 -80 -52 -4 -11 0 0 -53 0 4 7 -1 99 14 178 51 0 -8 -8 85 19 -1 0
1 10020 -92 -26 0 3 0 0 -52 4 3 9 1 -84 3 970 268 -6 -43 -43 -100 -34 -34 -1
1 11171 -103 15 -4 8 0 0 -6 0 4 3 0 181 16 1020 287 -3 -46 -46 267 44 34 1
1 10000 -103 -17 -15 -6 0 0 0 0 14 0 -1 8 2 -2234 -644 -1 106 106 -215 -21 0 0
1 10000 -88 -28 12 -11 0 0 0 0 -11 -2 1 17 12 -153 -47 -2 8 8 14 13 2 0
1 10000 -89 -19 -5 8 0 0 -3 0 1 14 1 3 0 346 91 -5 -14 -14 -55 -17 1 0
1 9999 -84 -12 5 -6 0 0 0 0 0 -3 -1 -5 -1 -701 -203 -1 33 33 123 31 -1 0
1 10001 -116 -20 -1 -7 0 0 0 0 0 -1 0 13 5 268 73 -2 -11 -11 -90 -23 11 0
1 8354 -69 17 -3 127 0 1411 -1 0 2 113 -5 -61 5 -12 -5 -1 1 1 -34 16 -4 0
1 13377 -142 78 25 102 0 17 0 -2 -26 69 -15 83 5 -141 -44 -2 8 8 163 -22 -4 0
1 10000 -107 90 -11 17 0 0 0 0 4 -10 2 10 8 336 93 -2 -16 -16 -123 4 -3 0
1 8435 -85 51 15 -113 7 -1390 -1 0 -19 -117 20 -57 6 -20 -8 -1 2 2 50 4 -2 0
1 11566 -134 -3 -9 -96 0 -6 0 2 10 -88 -2 78 1 -668 -197 -3 33 33 24 -1 1 0
1 10000 -106 -64 -9 -23 0 0 0 0 18 -4 -2 3 2 26 5 -2 0 0 -128 -9 -3 0
1 10000 -105 -4 7 -3 0 0 0 0 -7 -2 0 0 3 180 51 0 -9 -9 49 6 5 0
1 9999 -113 14 -10 2 1 -4 0 0 4 0 0 -38 -10 -163 -48 0 8 8 65 5 -2 0
1 10001 -118 -41 3 -4 0 0 0 0 3 7 1 -2 -5 4145 1197 4 -196 -196 7 5 0 0
1 10000 -111 -31 11 -10 0 0 0 0 -8 0 -1 -10 3 -3796 -1088 1 177 177 -105 -10 -1 0
1 10000 -108 25 -15 21 -1 0 -1 0 10 13 2 67 27 -97 -28 0 5 5 6 -1 -3 0
1 10000 -108 -17 5 -9 0 0 0 0 -1 -5 0 -10 1 -57 -24 -5 5 5 5 -6 3 0
1 10000 -116 -21 2 -4 0 0 0 0 -3 4 0 3 2 -210 -62 -1 10 10 -19 1 5 0
1 10000 -117 -29 -4 3 0 0 0 0 5 11 0 -24 -11 -3453 -989 0 165 165 73 7 -5 0
1 10000 -124 -65 -5 -3 0 0 0 0 6 16 1 -36 -13 3819 1093 0 -182 -182 -53 -3 0 0
1 9999 -112 -57 8 -5 0 0 0 0 -11 12 1 21 13 -59 -9 4 1 1 22 3 1 0
1 8568 -98 73 -1 174 1 1387 0 0 0 139 -16 -60 -1 842 241 -1 -40 -40 -44 11 35 0
1 13377 -146 87 8 88 0 21 -1 -2 -12 54 -16 30 -9 -959 -278 -1 46 46 136 -12 -33 0
1 8835 -114 42 3 -73 -1 -371 1 0 2 -78 22 -142 5 353 108 4 -18 -18 -86 -15 -36 0
1 11165 -139 -26 14 -169 1 -1040 -1 2 -9 -150 8 195 17 -42 -14 -1 2 2 -48 3 36 0
1 9999 -130 -73 -16 3 0 0 0 0 15 26 2 -14 -9 104 30 0 -5 -5 63 17 0 0
1 10001 -135 -58 -7 -7 0 0 0 0 8 10 0 -2 0 21 2 -2 0 0 94 0 -1 0
1 8808 -92 24 2 93 -16 1330 0 0 -6 80 -4 -65 3 4607 1322 0 -215 -215 -101 -2 1 0
1 14028 -202 56 2 117 0 68 1 -2 1 88 -21 97 14 -4975 -1429 -1 233 233 -11 -5 -4 0
1 10000 -123 79 -5 6 0 0 0 0 -2 -16 5 65 27 182 46 -4 -7 -7 -8 2 2 0
1 8257 -111 67 13 -125 1 -1412 -1 0 -16 -133 20 -88 -11 31 3 -3 1 1 54 -25 -48 0
1 11743 -161 14 -17 -69 0 -4 1 2 16 -68 -3 109 15 1085 307 -2 -50 -50 -29 26 47 0
1 10001 -114 -1 -13 -21 0 0 0 0 11 -19 -3 -2 2 -992 -293 -5 49 49 17 1 0 0
1 9999 -100 -65 1 -24 0 0 0 0 6 -4 -1 13 4 -316 -89 0 15 15 28 -5 2 0
1 10000 -109 -16 5 12 0 -3 0 0 -2 15 2 32 9 -90 -35 -5 6 6 -86 -10 0 0
1 10000 -116 -22 -6 -25 0 0 0 0 6 -16 -2 0 5 -219 -66 -1 12 12 300 40 -4 0
1 10001 -99 21 -4 23 0 0 0 0 2 16 2 33 13 -742 -213 0 35 35 -243 -19 1 0
1 9999 -91 -22 7 -8 0 -1 0 0 -3 -2 1 19 2 663 185 -3 -30 -30 5 -3 -2 0
1 10001 -94 5 -1 10 0 0 0 0 -4 9 0 -6 4 84 17 -5 -2 -2 58 3 -2 0
1 9999 -109 -47 -12 14 0 0 0 0 16 26 1 8 3 -60 -23 -2 4 4 -87 -13 4 0
1 10000 -104 -65 11 -7 0 1 -1 0 -11 13 2 11 6 -177 -53 -2 9 9 -50 2 -1 0
1 10001 -105 9 21 0 0 0 0 0 -15 -3 0 -29 -10 112 33 1 -5 -5 57 -1 2 0
1 9999 -121 0 -17 -6 0 0 0 0 12 -5 -1 -23 -4 -298 -89 -2 15 15 -18 10 -2 0
1 8355 -89 -3 -3 127 0 1398 0 0 -2 119 -5 -84 -2 1305 378 2 -63 -63 -30 15 48 0
1 13703 -155 70 19 139 0 18 0 -2 -21 103 -30 97 9 -818 -239 -2 40 40 37 -19 -47 0
1 9997 -126 85 -13 -5 0 0 0 0 9 -28 10 2 5 -199 -54 1 9 9 -40 -7 -2 0
1 8710 -110 17 1 -143 0 -1392 0 0 2 -134 26 -160 -5 79 26 2 -5 -5 53 9 8 0
1 11291 -133 15 -2 -95 1 -5 0 2 0 -93 -1 88 -15 -193 -54 1 9 9 -59 -14 -8 0
1 10000 -118 -23 -8 -16 0 0 0 0 10 -8 -3 29 17 264 81 3 -14 -14 66 1 1 0
1 9999 -105 -24 -3 -12 0 0 0 0 4 -4 0 49 9 -155 -39 3 6 6 -65 7 4 0
1 10000 -107 -19 0 29 -1 -5 0 0 3 32 2 -24 -3 293 78 -4 -13 -13 66 4 -5 0
1 10000 -100 -23 3 6 0 0 0 0 -4 14 1 25 4 104 28 0 -4 -4 15 -7 5 0
1 10000 -102 -73 -1 -10 0 0 0 0 5 11 1 168 41 65 14 -3 -2 -2 -35 7 -1 0
1 9999 -97 -21 6 -15 0 0 0 0 -5 -8 0 -120 -30 -385 -126 -9 23 23 -35 -11 -3 0
1 10001 -109 -30 4 13 0 0 0 0 -7 21 1 70 21 -39 -16 -3 3 3 37 4 6 0
1 10000 -107 -44 -14 -26 0 0 0 0 16 -12 -1 -32 -2 172 39 -5 -5 -5 -77 10 -5 0
1 8327 -75 0 12 132 0 1388 0 0 -14 122 -11 -25 21 -117 -29 2 4 4 183 18 11 0
1 13381 -130 105 15 108 0 17 0 -2 -18 67 -17 88 -1 -337 -109 -7 20 20 -96 -19 -9 0
1 9999 -110 79 -11 10 0 0 0 0 8 -13 4 1 2 -122 -38 -2 6 6 -20 -10 1 0
1 8840 -82 55 9 -43 0 -390 0 0 -8 -55 14 -32 19 298 83 -1 -13 -13 -54 -4 -16 0
1 11160 -121 6 -12 -173 1 -1011 0 2 9 -159 8 90 8 -163 -52 -3 9 9 36 -2 14 0
1 9999 -93 -24 -1 -30 0 0 0 0 10 -24 -3 30 17 -560 -165 -3 28 28 -1 8 -4 0
1 10001 -100 -13 -3 7 0 0 0 0 1 11 1 -6 2 590 162 -4 -26 -26 8 -8 10 0
1 10002 -99 -23 -7 -10 0 -5 0 0 3 0 0 13 11 -485 -145 -3 25 25 -35 -3 -5 0
1 9998 -115 -69 4 -1 0 0 0 0 3 18 2 31 19 -3866 -1110 -2 186 186 19 3 -2 0
1 10000 -102 -90 3 12 0 0 0 0 -6 37 3 185 133 3873 1102 -4 -183 -183 -63 -13 -4 0
1 8341 -85 -20 10 132 -1 1399 0 0 -11 128 -12 -63 14 343 70 -16 -8 -8 -14 3 -1 0
1 13702 -173 72 6 91 1 10 0 -2 -4 59 -19 69 14 30 -11 -11 4 4 15 -3 9 0
1 9999 -121 68 -9 3 0 0 0 0 4 -15 6 -4 5 -167 -52 -2 9 9 -7 -3 -5 0
1 10000 -131 81 1 2 0 0 0 0 -3 -21 6 -1 10 79 19 -2 -3 -3 15 1 1 0
1 8256 -85 29 7 -130 -1 -1417 0 0 -5 -128 19 -69 11 4599 1313 -2 -215 -215 -49 3 -3 0
1 11745 -131 37 -19 -85 1 -5 0 2 11 -88 -6 50 4 -4161 -1189 1 195 195 53 4 -1 0
1 10000 -82 -8 -3 -18 0 0 0 0 6 -15 -2 -3 6 10 4 1 -1 -1 -2 -10 4 0
1 9999 -97 2 -2 0 0 0 0 0 1 0 -1 -4 5 161 47 0 -8 -8 -19 6 4 0
1 10002 -80 -15 6 0 0 -2 0 0 -3 3 1 3 3 165 45 -1 -7 -7 4 -7 -7 0
1 9998 -75 25 -7 5 0 0 0 0 3 -2 0 0 13 324 93 1 -16 -16 6 11 0 0
1 10002 -82 -9 5 -6 0 0 0 0 -3 -3 -1 4 10 -186 -51 0 9 9 -9 1 0 0
1 10000 -86 -4 -3 4 -1 0 0 0 1 6 1 6 9 102 27 -1 -4 -4 14 -10 -3 0
1 9999 -95 -27 3 -2 0 0 0 0 2 5 1 -3 12 5899 1688 0 -276 -276 -45 -3 5 0
1 10001 -87 -43 0 0 0 0 0 0 2 13 2 -4 3 -5766 -1649 0 269 269 -15 -5 -2 0
1 9999 -93 -43 4 2 1 0 0 0 4 13 1 4 2 368 103 0 -17 -17 22 10 -2 0
1 10000 -96 -26 -2 0 0 0 0 0 0 8 1 -6 0 94 29 1 -5 -5 59 15 3 0
1 10001 -103 -3 -1 -4 0 0 0 0 2 -3 0 -16 1 69 18 -1 -3 -3 -46 -13 0 0
1 10000 -116 -27 -5 8 0 0 0 0 2 17 1 -10 0 1709 492 1 -81 -81 -8 1 -1 0
1 9999 -114 -79 2 -11 0 0 0 0 0 12 0 22 0 -1547 -438 3 72 72 21 -7 5 0
1 10002 -104 -39 4 7 0 0 0 0 -2 17 1 -1 -1 143 39 -1 -7 -7 -20 1 -8 0
1 8607 -94 28 -2 127 0 1407 0 0 -4 110 -11 -143 -7 -3058 -878 -2 146 146 39 2 7 0
1 13355 -155 94 2 110 0 19 0 -2 -4 71 -19 80 -1 3168 916 6 -153 -153 -40 1 4 0
1 9999 -103 86 19 3 0 0 0 0 -16 -22 9 -50 -17 -3 5 3 -1 -1 28 -2 -5 0
1 8451 -89 39 -3 -125 -1 -1404 0 0 -5 -122 21 -66 4 474 140 2 -24 -24 -13 1 3 0
1 11550 -119 32 -18 -93 1 -4 -1 2 17 -96 -3 62 -7 -33 -5 3 1 1 -7 0 0 0
1 10000 -87 48 -4 -15 0 0 0 0 -2 -28 -4 -26 -8 -30 -3 3 -1 -1 -18 5 0 0
1 10000 -80 -38 3 -7 0 0 0 0 4 3 0 22 4 -287 -78 2 13 13 24 0 -4 0
1 9999 -79 12 -2 16 0 -3 1 0 0 12 2 -14 -8 205 60 1 -10 -10 15 5 1 0
1 10001 -90 -42 -1 -15 0 0 0 0 6 -2 -1 -12 0 4595 1316 0 -214 -214 59 5 0 0
1 10000 -87 -51 8 0 0 0 0 0 0 13 2 16 8 -4139 -1182 2 191 191 -105 -12 -3 0
1 9998 -84 -31 -5 -1 0 0 0 0 3 10 1 11 9 -660 -188 1 31 31 11 -7 6 0
1 10002 -73 -13 -6 13 0 0 0 0 7 16 1 -77 13 641 183 -1 -30 -30 -15 5 -7 0
1 9999 -90 -48 5 -6 0 0 0 0 -6 9 1 -4 17 -164 -40 4 6 6 39 -1 5 0
1 10001 -73 -29 2 1 0 0 0 0 2 9 0 3 27 -144 -36 3 5 5 -12 1 -3 0
1 10000 -87 -30 -3 -2 0 0 0 0 1 7 1 7 11 839 245 3 -41 -41 41 12 -3 0
1 10000 -70 -24 3 -5 0 0 0 0 -2 2 0 1 6 714 206 0 -33 -33 26 -14 4 0
1 8772 -78 -4 7 130 0 1392 0 0 -9 121 -10 -135 2 -395 -115 -1 19 19 -64 26 48 0
1 13373 -125 97 11 96 0 20 0 -2 -13 58 -16 146 17 729 209 1 -35 -35 -35 -52 -50 0
1 10000 -98 56 -5 5 0 0 0 0 4 -11 4 0 3 349 98 -1 -15 -15 84 39 0 0
1 8821 -78 46 3 -79 -1 -508 0 0 -5 -84 18 -73 5 113 32 -1 -6 -6 8 -26 -30 0
1 11179 -102 24 -12 -134 1 -905 0 2 9 -131 2 59 5 29 8 0 -1 -1 -56 10 31 0
1 10001 -84 -5 -7 -8 0 0 0 0 6 -5 -2 -1 4 356 103 1 -17 -17 -9 8 1 0
1 9999 -91 -54 0 -7 0 0 0 0 8 8 1 -2 13 -3289 -941 0 154 154 44 5 0 0
1 10000 -86 -38 2 -7 0 -4 0 0 2 4 0 24 13 3208 918 0 -150 -150 -48 -14 -1 0
1 10000 -88 -41 -2 2 0 0 0 0 2 14 1 0 4 524 152 1 -25 -25 63 6 -1 0
1 10001 -88 -46 0 1 0 0 0 0 -3 15 1 8 3 -53 -16 0 3 3 -68 0 1 0
1 8318 -76 -4 8 119 0 1392 -1 0 -9 111 -6 -70 -1 -146 -48 -4 8 8 94 -10 -10 0
1 13364 -133 64 13 102 0 18 1 -2 -10 73 -17 113 20 320 90 -1 -14 -14 -74 12 9 0
1 10001 -109 65 -4 4 0 0 0 0 -1 -15 4 67 25 -61 -25 -4 5 5 -2 0 -2 0
1 8403 -71 53 -1 -110 -1 -1406 0 0 -3 -114 21 -53 20 3012 853 -5 -136 -136 -28 -13 -1 0
1 11597 -111 14 -11 -103 1 -5 0 2 11 -100 -5 103 21 -3053 -884 -6 143 143 8 1 2 0
1 10000 -93 17 -4 -1 0 0 0 0 4 -7 -1 4 20 -207 -70 -5 13 13 9 4 -2 0
1 10000 -81 -17 -5 -8 0 0 0 0 2 0 0 -8 18 -270 -78 -1 13 13 22 -2 6 0
1 10000 -88 -12 2 2 -1 -2 0 0 4 3 0 10 26 238 64 -2 -10 -10 6 7 0 0
1 9999 -81 -23 -3 -3 0 0 0 0 2 5 0 49 68 2925 836 -1 -135 -135 -35 -9 -3 0
1 10001 -78 -35 6 -5 0 0 0 0 0 5 2 5 8 -2406 -693 -2 112 112 -6 3 4 0
1 9999 -83 7 -6 5 1 0 0 0 0 4 -1 20 22 466 126 -4 -19 -19 -10 1 -6 0
1 10001 -90 -47 3 -1 0 0 0 0 3 12 2 25 75 480 132 -3 -21 -21 18 4 1 0
1 10000 -80 -58 -3 -2 0 0 0 0 2 15 0 -19 34 507 135 -6 -20 -20 -1 1 -1 0
1 10000 -93 -49 0 4 0 0 -1 0 0 18 1 -13 20 4851 1388 0 -222 -222 -23 -16 0 0
1 9999 -79 -57 2 -1 0 0 0 0 0 15 1 -20 30 -3325 -952 0 152 152 -2 7 5 0
1 10000 -95 3530 -2 0 0 0 0 0 -3 20 -1 12 23 615 179 2 -29 -29 -17 -3 -5 0
1 8812 -56 -9 7 122 0 1397 0 0 -9 114 -16 -72 8 1733 497 0 -79 -79 44 -5 2 0
1 13389 -133 -3530 9 101 0 17 1 -2 -4 69 -24 38 23 -4 -1 0 0 0 -72 -1 2 0
1 10001 -91 92 -5 9 0 0 0 0 5 -17 6 -20 19 816 239 3 -39 -39 27 5 -4 0
1 10000 -81 91 0 0 0 0 0 0 -3 -24 10 -15 25 896 261 3 -41 -41 -7 -2 3 0
1 9999 -108 74 -2 5 0 0 0 0 -1 -17 5 -22 24 867 252 2 -40 -40 0 -4 -1 0
1 8219 -68 44 4 -137 -1 -1407 -1 0 -7 -137 21 -134 2 1601 463 3 -73 -73 -22 -13 -48 0
1 11782 -81 10 -17 -86 1 -5 1 2 13 -81 -6 151 5 -370 -101 2 15 15 2 10 47 0
1 10000 -75 -51 0 -21 0 0 0 0 8 -6 -1 -5 15 613 174 0 -27 -27 33 0 3 0
1 10001 -67 -2 1 5 0 0 0 0 -2 5 0 -9 13 -2144 -612 1 95 95 -12 -1 3 0
1 8817 -58 -8 13 4 35 -1 -2 -4 -10 5 2 -80 3 2783 795 -1 -124 -124 -8 6 -6 0
1 9996 -78 -17 22 7 0 -1 -47 0 -20 12 2 -44 6 487 143 2 -22 -22 9 7 -2 0
1 9996 -73 -37 3 -7 0 1 -49 0 2 3 0 -60 7 -1 1 0 0 0 -23 -6 -2 0
1 9995 -65 7 -9 8 0 -1 -52 0 2 8 1 -162 9 820 246 6 -40 -40 7 3 4 0
1 10017 -85 10 -4 -1 0 1 -51 0 7 -5 0 -46 -9 255 87 8 -15 -15 -4 -3 -3 0
1 11178 -67 26 -2 -6 0 0 -33 4 0 -13 -2 -491 -51 -2531 -697 14 105 105 33 2 12 0
1 10000 -51 50 -3 1 0 0 0 0 -2 -14 -1 -251 -27 4103 1247 38 -200 -200 -27 -9 2 0
1 10000 -53 17 -1 5 0 0 0 0 -3 1 0 -264 -42 1295 491 63 -89 -89 25 4 17 0
1 8816 -53 -12 3 -6 0 -1 -3 -4 -1 -2 -2 -153 -21 6301 1895 44 -293 -293 2 3 -9 0
1 10018 -58 -9 -5 2 0 1 -50 0 7 3 1 -22 -9 4990 1490 29 -225 -225 -16 -6 0 0
1 9982 -67 -24 0 -5 0 0 -52 0 5 2 1 -50 -11 4513 1329 15 -194 -194 71 13 13 0
1 9999 -79 -10 -5 1 0 0 -53 0 3 5 -1 -129 -11 2692 808 17 -118 -118 -36 -6 -4 0
1 9998 -74 -31 -5 -1 0 0 -53 0 9 7 1 74 -8 1633 495 12 -72 -72 -7 -1 8 0
1 10019 -83 -6 -5 -1 -1 -1 -54 0 3 2 0 -86 -2 1980 592 11 -85 -85 23 11 -3 0
1 9994 -85 -41 -2 -3 0 1 -54 0 1 10 0 70 1 1069 320 6 -45 -45 1 -10 -7 0
1 11173 -98 -10 -2 5 1 0 -17 4 3 7 1 32 -6 -2784 -795 4 110 110 -15 -3 1 0
1 10000 -95 -45 2 -4 0 0 0 0 1 9 1 -91 -14 4054 1176 3 -164 -164 30 3 10 0
1 10002 -108 -53 1 -2 0 0 0 0 0 14 0 -51 -17 263 99 12 -16 -16 -27 0 -2 0
1 8721 -92 19 -2 90 0 1393 -3 0 -1 78 -2 -727 -93 2185 656 12 -92 -92 45 9 17 0
1 13381 -169 104 5 121 0 15 0 -2 -9 80 -15 73 4 2647 925 77 -143 -143 11 11 76 0
1 10000 -137 85 -1 17 0 0 0 0 -2 -10 3 12 13 4320 1285 18 -174 -174 -34 -14 -68 0
1 8252 -92 55 -2 -87 2 -1390 -2 0 -4 -94 15 -94 0 2518 745 8 -100 -100 6 -3 -10 0
1 11748 -151 22 3 -107 1 -2 0 2 -4 -105 -3 -75 -27 796 244 7 -34 -34 30 5 4 0
1 10000 -131 3 -7 -12 0 0 0 0 3 -11 -2 -194 -33 850 283 17 -39 -39 32 8 20 0
1 10000 -121 -46 3 -3 0 0 0 0 7 8 1 -307 -35 1166 398 29 -58 -58 7 15 3 0
1 10000 -112 -29 1 -3 0 -4 0 0 2 6 1 22 11 2564 828 39 -114 -114 -60 -20 -11 0
1 10001 -106 -24 -4 -1 0 0 0 0 2 7 0 -391 -64 2828 849 14 -111 -111 10 1 7 0
1 9999 -117 -29 0 -8 0 0 0 0 8 0 0 -277 -52 1968 655 38 -91 -91 25 0 18 0
1 10000 -120 -29 -4 -2 0 0 0 0 1 8 0 -211 -49 5262 1620 42 -210 -210 46 10 26 0
