version: 66.11
glider: 175
mission: 11
dive: 355
start: 6 4 126 19 19 44
columns: rec,elaps_tms,depth,heading,pitch,roll,AD_pitch,AD_roll,AD_vbd,GC_phase,mag.x,mag.y,mag.z,sbect.TempFreq,sbect.CondFreq,aa4330.O2,aa4330.AirSat,aa4330.Temp,aa4330.CalPhase,aa4330.TCPhase,wlbb2f.redCount,wlbb2f.blueCount,wlbb2f.fluorCount,wlbb2f.VFtemp,
data:
0 22486 -518 352 -628 23 239 2021 640 2 525 -144 8 255242 165402 382017 121198 14961 28417 28417 54 246 54 566
1 10008 7 10 3 -13 1 0 294 0 -2 -2 5 -391 -58 5011 1563 -9 -139 -139 0 -9 0 0
1 9990 26 36 -19 -21 0 0 293 0 0 -16 -18 1181 13 -72703 -23475 -192 2452 2452 688 11 135 0
1 10001 -1 -103 -15 29 0 0 287 0 8 31 -22 399 6 108622 33640 -232 -3239 -3239 44 12 1 -1
1 9991 37 88 -7 -53 0 0 277 0 -5 -26 1 333 -201 20793 6232 -99 -468 -468 -15 13 53 0
1 10007 36 -25 -31 2 0 0 270 0 4 4 -34 2291 -210 19738 4755 -453 -272 -272 12 -19 11 0
1 9997 16 -27 -8 21 0 0 261 0 2 7 -9 -449 -481 -13301 -4502 -121 354 354 123 53 5 0
1 9995 79 56 -31 -25 0 0 269 0 -4 -15 -22 1738 -700 -4621 -1833 -132 163 163 -145 -58 92 0
1 10012 177 -6 -15 -31 0 0 303 4 0 3 -20 2285 -797 -404 -842 -236 107 107 -52 -10 45 0
1 12137 388 -49 -9 9 526 -1 42 -5 2 14 -13 1855 -395 -3180 -2502 -507 289 289 11 8 -29 0
1 12379 498 308 320 -227 1628 -1398 1 3 -101 -177 219 3031 379 -15498 -6077 -473 591 591 -105 -44 -110 0
1 10618 318 -3 111 1 0 0 0 0 -59 -32 67 257 68 -25253 -8310 -266 796 796 -110 -11 -23 0
1 10002 263 -22 42 10 0 0 0 0 -23 -1 26 3375 644 -12047 -4264 -252 460 460 -157 -34 -95 0
1 9999 217 60 18 -23 0 0 0 0 -26 -30 -3 1068 178 -28482 -9478 -418 1073 1073 75 8 -6 0
1 10287 231 -11 -5 26 0 0 0 0 6 18 14 866 140 -18868 -5915 -159 710 710 -111 -26 -28 0
1 10001 195 6 0 -2 0 0 0 0 -1 -4 -2 784 121 -13285 -4345 -203 573 573 39 18 -4 0
1 10000 193 44 -3 -15 0 0 0 0 -10 -15 -9 125 37 -12199 -3837 -131 522 522 -16 -4 -7 0
1 10000 202 16 5 0 0 0 0 0 -7 -5 4 13 19 -503 -291 -68 53 53 -33 -6 -1 0
1 10314 202 14 -6 -11 0 0 0 0 0 -6 -9 6 9 -10601 -3158 -38 435 435 -25 2 7 0
1 10001 200 74 16 11 0 0 0 0 -33 -12 18 -18 8 -1564 -505 -26 76 76 -5 0 -2 0
1 10000 193 11 -1 -14 0 0 0 0 -3 -9 -9 -21 -2 -151 -56 -6 9 9 78 9 5 0
1 10000 216 9 -2 12 0 0 0 0 -1 4 6 18 2 -46 -38 -12 8 8 -82 -16 -8 0
1 10220 203 46 1 -10 0 0 0 0 -15 -10 0 40 4 -489 -158 -8 24 24 68 13 3 0
1 10938 223 69 0 -5 0 0 0 0 -22 -8 7 73 19 -753 -262 -21 41 41 -24 -6 1 0
1 8822 181 23 7 96 33 1412 4 0 -14 46 64 436 47 -1061 -352 -23 54 54 17 -4 -11 0
1 11178 216 52 33 136 22 0 1 2 -48 88 85 444 -9 -4305 -1368 -60 207 207 -5 12 2 0
1 10000 165 46 12 10 0 0 0 0 -26 10 14 74 -34 -11985 -3544 -42 531 531 -7 -4 0 -1
1 9999 149 29 0 5 0 0 0 0 -11 5 7 79 12 1950 509 -28 -71 -71 68 6 2 1
1 8813 146 30 10 101 45 1239 0 0 -21 88 39 53 -1 -2289 -695 -18 109 109 -24 -5 -1 0
1 14404 196 -61 34 133 -1 159 0 -2 -10 108 22 75 -8 -1652 -544 -35 90 90 -10 3 7 0
1 10347 117 -61 15 -6 0 0 0 0 10 -10 -3 -34 -49 -1408 -429 -13 68 68 10 -3 -2 0
1 10007 109 -42 0 7 0 0 0 0 16 4 -3 -14 -32 -1612 -475 -5 74 74 -15 4 8 0
1 9999 95 -20 3 4 0 0 0 0 5 3 -1 3 2 -1009 -291 0 45 45 7 -6 -11 0
1 10000 118 18 -54 -31 0 0 0 0 39 -29 -14 -80 -75 -690 -184 8 27 27 -6 5 1 0
1 10431 119 83 29 36 0 0 0 0 -57 37 18 141 -26 -936 -286 -9 46 46 -42 -8 -3 -1
1 10000 84 -11 12 23 0 0 0 0 -6 20 2 63 -9 6349 1827 -1 -281 -281 5 -3 -2 1
1 10000 86 10 -38 -16 0 0 0 0 30 -13 -7 422 57 -9368 -2708 -5 421 421 82 12 6 0
1 10000 106 -13 35 3 0 0 0 0 -26 2 6 3 13 -1540 -522 -43 92 92 -74 -1 -1 0
1 10737 93 -82 13 10 0 0 0 0 20 4 -5 -353 -51 -2161 -649 -15 107 107 -16 -6 2 0
1 10000 86 12 -32 17 0 0 0 0 22 12 -5 109 15 -1551 -422 13 65 65 10 -3 -6 0
1 10001 106 7 -24 -47 0 0 0 0 19 -39 -7 183 11 297 76 -5 -11 -11 49 13 6 0
1 10018 109 49 31 45 0 0 0 0 -46 42 13 411 75 -1532 -478 -21 82 82 -52 -14 -12 0
1 11476 122 10 2 -28 0 0 0 0 -5 -23 2 235 66 -1048 -365 -35 67 67 3 1 8 0
1 10438 103 -24 12 -4 0 0 0 0 -1 -4 0 99 24 -2116 -703 -53 127 127 21 0 -6 0
1 10001 110 -33 6 -1 0 0 0 0 8 -1 -3 53 10 -1640 -484 -8 82 82 12 10 11 0
1 9999 105 -43 8 -2 0 0 0 0 9 -5 -2 12 10 -1613 -503 -23 89 89 -17 -14 -6 0
1 9260 100 -65 1 -64 0 -503 3 0 24 -49 -14 -97 -18 -1022 -314 -12 55 55 22 8 -8 0
1 11188 127 -14 -22 -161 0 -915 -1 2 25 -132 -50 88 -6 -512 -163 -9 29 29 -28 3 12 0
1 10000 110 -5 9 -4 0 0 0 0 -5 -3 1 15 3 -923 -253 6 42 42 21 -5 -9 0
1 9999 115 18 -3 2 0 0 0 0 -4 1 1 13 1 -525 -143 5 23 23 9 10 2 0
1 9423 111 12 8 -2 0 -1 0 0 -11 -5 3 -48 -9 229 47 -11 -6 -6 -39 -15 -11 0
1 10576 117 -2 0 3 0 0 0 0 1 4 1 57 9 -7 -7 -3 2 2 -1 -2 2 0
1 10000 110 10 -4 2 0 0 0 0 0 1 0 -17 -9 -340 -96 1 16 16 76 20 10 0
1 10002 111 -12 3 -8 0 -1 0 0 1 -6 -3 -24 -14 -237 -66 1 11 11 56 3 -4 0
1 10001 109 10 2 0 0 0 0 0 -5 0 1 -15 -3 -219 -65 -1 12 12 -124 -19 -6 0
1 9999 107 -3 -1 6 0 0 0 0 2 5 2 -96 -31 -7407 -2124 -1 367 367 59 14 7 0
1 10000 101 17 -4 0 0 1 0 0 -3 -3 1 68 17 7573 2174 3 -376 -376 -50 -4 0 0
1 10001 116 6 3 -4 0 0 0 0 -4 0 0 -2 -6 127 34 -2 -6 -6 17 -3 -5 0
1 9998 108 9 -1 5 0 0 0 0 -3 -2 1 117 33 -271 -85 -4 16 16 1 3 9 0
1 10001 107 12 1 -5 0 -1 0 0 -5 0 1 -123 -23 -416 -142 -13 27 27 -8 -1 0 0
1 9999 110 17 -4 4 0 0 0 0 -3 0 1 133 28 -155 -28 9 3 3 73 17 -4 0
1 10001 106 6 6 -9 0 0 0 0 -7 -4 0 -152 -57 -240 -79 -6 14 14 -46 -4 4 0
1 9154 104 34 4 5 0 0 0 0 -16 1 5 -49 1 239 91 13 -18 -18 -43 -16 -12 0
1 10847 119 34 -4 4 0 0 0 0 -10 2 4 210 44 -258 -83 -5 15 15 48 -5 0 0
1 10000 104 19 3 -2 0 0 0 0 -9 0 3 241 61 806 195 -21 -28 -28 -40 6 5 1
1 9998 111 19 1 -4 0 0 0 0 -8 -1 0 360 88 -2300 -716 -33 129 129 -17 -3 4 0
1 9791 96 13 -11 123 -3 1419 0 0 2 103 37 -204 -47 -1482 -488 -37 93 93 28 4 -9 -1
1 13381 150 -65 4 104 1 4 0 -2 19 86 10 50 -35 -950 -286 -9 51 51 -3 5 6 0
1 10023 86 -28 2 -6 0 0 0 0 10 -4 -3 0 -3 -576 -172 -4 31 31 29 -5 -6 1
1 10001 104 -32 -1 1 0 0 0 0 13 -1 -3 -30 -14 -309 -79 5 13 13 41 16 7 0
1 10340 105 -36 3 7 0 0 0 0 10 3 -3 87 18 25 4 -2 -1 -1 -55 -18 -9 0
1 8834 88 -38 -2 -139 0 -1306 0 0 18 -109 -27 -197 -38 158 43 -1 -7 -7 23 7 7 0
1 11166 115 15 -9 -82 0 -109 0 2 3 -70 -28 -101 -48 -559 -154 4 26 26 -25 2 4 0
1 10001 95 18 8 -6 0 0 0 0 -13 -6 2 280 72 175 76 15 -16 -16 -25 -5 -1 0
1 9999 102 15 1 3 0 0 0 0 -7 1 2 -302 -89 506 137 -4 -23 -23 56 2 -8 0
1 10000 95 21 -1 -1 0 -1 0 0 -6 1 2 -14 -9 -204 -28 17 1 1 -35 0 4 0
1 10000 85 20 1 -2 0 0 0 0 -8 -1 3 1 -4 501 152 5 -28 -28 -13 -6 3 0
1 10000 95 16 2 7 0 0 0 0 -8 2 3 19 8 187 60 4 -11 -11 107 12 0 0
1 9419 82 15 2 -1 0 0 0 0 -8 -4 0 19 0 -274 -79 0 13 13 -110 -14 -4 0
1 10581 107 20 0 -8 0 0 0 0 -7 -4 0 1 4 -86 -29 -3 6 6 35 10 0 0
1 9999 84 17 -2 4 0 0 0 0 -5 5 3 12 0 187 51 -1 -8 -8 49 5 -3 0
1 13279 117 32 9 2 42 0 -1 -4 -20 2 5 -113 10 -34 -11 -1 2 2 -21 0 8 0
1 8653 59 20 28 1 0 1 -39 0 -32 1 6 100 -14 246 61 -6 -10 -10 -52 -12 -5 0
1 7687 49 1 9 -6 0 0 -38 0 -7 -2 0 140 40 -166 -41 4 7 7 17 2 1 0
1 9208 67 21 -9 3 0 0 -44 0 -1 2 1 -25 -7 -1035 -306 -5 54 54 155 18 -1 0
1 9995 63 12 -11 4 0 0 -49 0 3 1 0 -35 -12 514 136 -7 -22 -22 -187 -24 2 0
1 10008 69 -18 4 4 0 -1 -49 0 6 7 2 -286 -74 -560 -158 1 27 27 80 13 2 0
1 9994 52 -25 -15 6 0 0 -49 0 22 1 -2 64 -13 530 163 7 -30 -30 -31 -7 -5 0
1 9992 55 2 -8 -7 0 1 -48 0 6 -6 -4 -102 -11 -349 -74 15 10 10 -48 -4 2 0
1 10007 47 -2 -3 0 0 0 -48 0 3 -2 0 -226 -89 737 221 6 -40 -40 7 3 3 1
1 9998 46 18 -6 -1 0 0 -47 0 0 5 0 -12 -13 -449 -104 15 15 15 35 2 -1 -1
1 10009 45 2 -8 3 0 0 -47 0 5 0 0 -112 -16 273 97 11 -19 -19 -43 -6 -4 0
1 9978 22 4 -11 3 0 0 -48 0 7 3 -1 141 -9 729 226 10 -42 -42 43 11 4 0
1 10004 25 3 -7 -3 0 0 -47 0 6 -2 -1 -85 -3 53 28 8 -6 -6 80 10 3 1
1 15872 27 -27 23 2 16 -1 -40 0 -9 0 3 7 1 442 141 8 -27 -27 -142 -19 -3 0
1 7619 -43 9 341 7 298 0 -21 0 -307 7 -26 27 0 524 149 -1 -25 -25 32 2 -4 0
1 8031 -58 -4 49 2 -1 0 -37 0 -40 1 -15 -8 5 133 40 1 -7 -7 0 0 2 -1
1 8480 -48 -12 -38 -5 1 0 -40 0 37 -2 14 21 5 -243 -69 1 12 12 15 1 4 0
1 9997 -70 5 -6 10 0 0 -50 0 3 6 4 55 6 516 150 1 -27 -27 25 4 -4 1
1 10004 -63 12 -4 -3 0 0 -50 0 0 2 0 286 112 -196 -56 0 10 10 -3 1 3 0
1 10011 -85 35 -10 -5 0 0 -50 0 -5 -3 -3 -104 22 418 118 -1 -20 -20 -52 -9 -7 0
1 9995 -70 -3 -3 8 -1 0 -50 0 4 6 4 29 6 -225 -117 -31 27 27 25 8 7 0
1 9989 -72 18 5 -7 1 0 -52 0 -11 -4 -6 69 22 133 25 -8 -3 -3 11 -3 0 0
1 10023 -90 -21 -9 5 0 0 -53 0 15 1 6 39 6 -909 -273 -7 49 49 -29 2 0 0
1 9987 -86 -9 -6 5 0 0 -50 0 9 3 5 33 37 -40 -27 -9 7 7 26 -2 0 0
1 10021 -82 -12 -2 -11 -1 -1 -52 0 6 -9 -1 59 2 -682 -214 -11 39 39 44 6 -2 0
1 9989 -91 -43 -3 1 0 1 -51 0 18 -3 3 -76 0 -401 -132 -10 25 25 -51 -7 0 0
1 13186 -123 -87 -15 -196 10 -1360 -29 2 48 -145 -82 102 -8 -299 -89 -2 16 16 -2 1 0 0
1 9438 -98 -98 -7 22 0 130 -3 -1 41 13 23 -117 -3 -421 -116 3 20 20 7 0 -1 0
1 11181 -106 -46 33 171 0 1272 0 3 -14 135 80 167 20 2736 786 1 -137 -137 36 8 0 0
1 10001 -108 -57 -4 2 0 0 0 0 22 9 6 29 9 -2541 -733 -3 128 128 -24 -6 -1 0
1 9999 -108 -42 -5 0 0 0 0 0 18 7 5 -3 9 -150 -53 -6 11 11 -5 0 3 0
1 8657 -91 -51 11 108 0 1362 -2 0 5 103 30 0 52 -13 -5 -1 1 1 -18 4 -2 0
1 13380 -167 16 18 107 0 7 0 -2 -21 94 4 -98 -16 -210 -81 -12 16 16 -38 -12 -1 0
1 10445 -127 56 -8 24 0 0 0 0 -10 12 -1 -180 -34 370 130 14 -25 -25 22 5 -2 0
1 9999 -135 70 -7 4 0 0 0 0 -16 -12 -2 40 3 1036 333 21 -63 -63 6 -1 6 0
1 10001 -123 30 -1 -11 0 0 0 0 -10 -10 -1 -40 1 448 134 4 -24 -24 5 -3 0 0
1 9999 -121 49 -1 9 0 0 0 0 -17 1 -3 3 0 491 150 5 -27 -27 50 14 -1 0
1 10225 -113 84 1 -1 0 0 0 0 -33 -10 -7 -19 -9 98 35 4 -7 -7 -13 -8 1 0
1 8597 -92 22 3 -116 0 -1390 0 0 -9 -99 -17 -116 9 -61 -13 3 2 2 -36 -4 -2 0
1 11405 -118 22 -6 -101 1 -5 0 2 -3 -83 -27 153 3 1814 519 0 -90 -90 7 2 2 0
1 9999 -96 -12 -13 -9 0 0 0 0 16 -7 2 -5 -2 -1301 -375 -1 65 65 -7 -1 0 0
1 10000 -89 -11 1 -9 0 0 0 0 4 -11 -4 -7 1 -134 -37 0 6 6 -8 -2 -2 0
1 10002 -93 -47 5 -12 0 -4 -1 0 13 -5 1 37 12 216 63 1 -11 -11 38 5 1 1
1 9998 -88 4 -3 9 0 0 0 0 1 5 3 70 38 -356 -104 -1 19 19 -48 -9 2 -1
1 10001 -93 -26 9 19 0 0 0 0 2 17 7 -32 -24 -55 -28 -8 6 6 -25 -14 -25 1
1 9421 -100 -23 -2 -6 0 1 0 0 9 -3 2 61 26 5 -4 -3 1 1 33 35 66 0
1 10579 -98 -12 0 -13 0 0 0 0 5 -11 -4 -21 -2 85 18 -4 -2 -2 -17 -17 -42 -1
1 9998 -101 1 -2 2 0 0 0 0 1 0 1 4 3 10 1 0 0 0 12 -3 0 0
1 9998 -101 -26 -6 1 -1 0 0 0 15 4 4 -16 -6 -277 -81 -1 14 14 1 5 -2 1
1 10003 -93 14 4 0 0 0 0 0 -9 -1 -2 -273 -71 3298 946 0 -162 -162 53 7 1 0
1 10000 -87 6 -4 12 0 0 0 0 2 9 3 0 8 -3373 -940 16 158 158 0 -5 -1 0
1 10001 -100 -27 1 -11 1 -1 0 0 9 -6 0 -17 -13 512 177 17 -35 -35 -48 -4 0 0
1 9999 -95 9 11 10 0 0 0 0 -13 6 0 93 33 408 128 7 -23 -23 -5 -6 -3 0
1 10000 -105 -1 -11 -11 0 0 0 0 10 -6 0 60 16 765 217 -1 -37 -37 16 0 -2 0
1 10001 -88 16 1 -2 0 0 0 0 -7 -5 -4 -29 -4 -5955 -1716 -6 299 299 -5 9 11 0
1 9999 -100 -8 1 4 0 0 0 0 2 5 3 -51 -2 5699 1632 -1 -283 -283 -24 -9 -4 0
1 10000 -99 -28 1 -5 0 0 0 0 9 -2 0 29 5 196 60 2 -11 -11 20 4 -3 0
1 9421 -102 -3 -2 10 0 1 -1 0 3 9 5 -63 -10 83 22 -1 -4 -4 -23 -27 -42 0
1 10580 -109 -33 4 -9 0 0 0 0 7 -3 -1 -32 -4 146 47 4 -9 -9 -1 24 38 0
1 9999 -101 -32 -1 29 0 0 0 0 13 25 12 -280 -60 1 9 5 -2 -2 -20 0 3 0
1 8401 -88 -23 19 103 0 1400 0 0 -10 94 23 23 22 341 123 15 -25 -25 -35 -13 -13 0
1 14198 -164 103 -1 86 0 10 0 -2 -35 65 0 -24 -22 759 236 10 -42 -42 65 14 17 0
1 10000 -140 48 -9 11 0 0 0 0 -9 4 -1 -176 -37 278 98 11 -19 -19 -6 -5 3 0
1 10000 -128 9 8 2 0 0 0 0 -11 0 -3 281 51 3917 1163 22 -201 -201 -15 2 -4 0
1 10000 -108 2 9 10 0 0 0 0 -9 10 -2 -862 -180 -2631 -764 -5 129 129 -14 -3 3 0
1 9177 -119 -23 0 -91 -1 -308 0 0 9 -79 -5 50 25 1403 509 61 -99 -99 33 4 1 0
1 11158 -127 -88 -22 -134 1 -1116 0 2 51 -105 -18 -43 -40 605 208 20 -39 -39 -2 0 -4 0
1 10000 -92 -20 -12 17 0 0 0 0 18 16 8 -105 -23 1290 412 23 -74 -74 60 7 -1 0
1 9998 -98 -76 15 -24 0 0 0 0 11 -12 -2 -98 -23 1483 454 16 -79 -79 -36 0 1 0
1 8833 -89 15 3 107 -1 1320 0 0 -8 93 24 -98 -1 1899 575 16 -98 -98 -15 2 2 0
1 13383 -140 18 11 114 1 96 0 -2 -16 101 5 124 63 478 160 13 -29 -29 55 -2 -4 0
1 10000 -107 -14 4 4 0 0 0 0 1 4 0 -1 65 1094 313 -1 -51 -51 -68 -8 -1 0
1 10000 -118 68 -14 2 0 0 0 0 -9 -9 -1 -14 -18 -1351 -383 3 62 62 -21 0 2 0
1 10226 -122 60 -1 1 0 0 0 0 -20 -7 -3 30 75 3352 970 2 -158 -158 12 3 -1 0
1 9998 -94 60 -8 -2 0 0 0 0 -15 -6 -4 8 12 1320 378 0 -61 -61 9 -3 3 0
1 10001 -114 35 9 -6 0 0 0 0 -21 -8 -4 -1 53 1027 296 -1 -47 -47 -26 -6 -2 0
1 8297 -92 30 2 -117 0 -1406 0 0 -12 -104 -18 -151 19 -243 -73 -1 12 12 27 6 5 0
1 11704 -150 -86 -23 -102 0 -5 0 2 52 -84 -14 -296 35 2060 615 12 -101 -101 30 0 1 0
1 9999 -96 -95 4 15 0 0 0 0 31 20 13 -203 -4 2095 654 27 -109 -109 -53 -4 -1 0
1 10000 -86 -94 -6 -31 0 0 0 0 35 -10 -1 -252 -17 7866 2339 39 -370 -370 -24 -6 -1 0
1 8715 -62 32 24 131 1 1392 0 0 -31 106 27 -143 -9 -851 -182 33 20 20 -39 19 53 0
1 14359 -149 96 7 131 -1 18 0 -2 -39 105 0 50 -5 5381 1608 28 -248 -248 36 -19 -56 0
1 10001 -100 81 -20 0 0 0 0 0 -12 -8 -2 -24 -5 2657 789 11 -120 -120 3 5 -2 0
1 8829 -85 78 9 -62 0 -60 0 -1 -37 -60 -11 -136 3 6589 1921 9 -281 -281 31 6 6 0
1 11170 -135 5 -1 -188 0 -1348 0 3 0 -155 -40 142 0 -4084 -1169 6 168 168 -41 -10 3 0
1 10000 -84 25 -2 -14 0 0 0 0 -7 -12 -9 -3 -1 -14 1 3 -1 -1 29 4 3 0
1 9999 -110 -20 -19 -12 0 0 0 0 24 -13 2 13 4 -132 -34 2 5 5 -16 -1 -6 0
1 10001 -101 -45 1 10 0 -4 0 0 16 8 8 -14 1 187 54 0 -8 -8 36 5 1 0
1 10000 -89 -6 0 35 0 0 0 0 2 31 13 -7 -4 7212 2087 1 -301 -301 4 6 2 0
1 9999 -79 -33 5 -9 0 0 0 0 8 -12 -2 -14 -3 -7133 -2063 -1 297 297 -34 -12 -1 0
1 10000 -70 -72 7 -3 0 0 0 0 19 7 6 -2 -1 599 178 3 -26 -26 -2 -4 4 0
1 10001 -69 -29 -5 -24 0 0 0 0 15 -17 -5 8 -4 334 102 2 -16 -16 6 11 -7 0
1 10000 -84 -24 -6 11 0 0 0 0 14 11 7 -20 -2 -101 -26 2 4 4 -5 -3 -4 0
1 9602 -69 -25 19 4 44 0 -1 -4 -9 7 2 -93 -2 434 127 1 -19 -19 19 -2 4 0
1 9206 -84 -24 29 -17 0 0 -43 0 -20 -9 -7 16 5 163 56 4 -9 -9 -11 -1 6 0
1 10032 -112 -45 2 14 0 0 -50 0 13 17 8 -82 -14 185 49 -2 -7 -7 1 1 -8 0
1 9979 -116 -34 -4 -9 0 0 -51 0 14 -2 1 36 3 38 25 7 -5 -5 -11 -4 2 0
1 10007 -132 -29 -12 10 0 0 -51 0 17 17 8 -21 4 376 112 2 -16 -16 10 4 3 0
1 15611 -196 58 17 209 0 1417 -20 2 -30 171 26 -13 -18 651 192 2 -28 -28 8 -5 -5 1
1 10001 -145 101 -16 18 0 0 0 0 -19 2 -3 -87 0 172 74 12 -14 -14 -28 1 2 -1
1 12043 -165 100 -2 12 0 0 0 0 -32 -4 -7 -131 -3 1573 487 16 -73 -73 6 -3 10 1
1 9926 -127 101 -2 -25 0 -8 -3 -3 -36 -23 -10 -595 -69 1719 549 26 -84 -84 198 26 -1 -1
1 9733 -118 19 -18 -172 -38 -1400 0 5 10 -147 -27 -506 -64 2854 927 49 -141 -141 -169 -16 14 0
1 10581 -105 -29 -25 -26 0 0 0 0 33 -25 0 -1185 -153 3068 1021 64 -156 -156 -17 -6 11 0
1 9998 -86 4 -4 -15 0 0 0 0 2 -12 -5 -310 -58 -6657 -1673 130 206 206 78 18 24 0
1 9420 -80 4 -1 -8 0 -4 -1 0 -1 -5 -1 -139 -33 17059 5164 93 -726 -726 -35 -9 -24 0
1 10580 -92 2 -2 5 0 0 0 0 1 -1 -1 -525 -117 10733 3242 50 -428 -428 32 6 23 0
1 10001 -88 27 2 -4 0 0 0 0 -12 0 -3 -2078 -376 6388 2025 71 -268 -268 170 37 108 1
1 9438 -73 27 10 6 35 -1 0 0 -19 6 -2 -587 -116 6655 2258 136 -303 -303 27 -1 -36 -1
1 10563 -95 -11 22 0 0 0 0 0 -15 0 -6 -70 -44 6522 2472 239 -340 -340 -87 -10 -13 0
1 9999 -105 -24 6 -5 0 0 0 0 4 -3 0 -82 -31 14929 4554 61 -526 -526 67 13 51 0
1 9420 -96 -58 -12 1 -15 0 -1 0 32 -3 8 -357 -75 6108 1937 53 -221 -221 54 24 32 0
1 10581 -97 -103 -2 1 0 0 0 0 40 6 12 -1045 -165 3655 1225 57 -142 -142 15 6 -33 1
1 10000 -96 -70 -14 -6 0 0 0 0 35 6 7 -1089 -141 5349 1867 111 -217 -217 333 21 44 0
1 8417 -89 -7 2 105 0 1390 0 0 1 90 29 -308 -38 7978 2737 142 -306 -306 -350 -36 7 -1
1 13404 -124 96 13 130 0 16 0 -2 -46 106 6 82 -23 12004 3963 144 -416 -416 28 15 14 0
1 8809 -100 144 -25 -2 -1 -96 0 -1 -31 -4 -9 -890 -50 7374 2406 74 -241 -241 121 20 64 0
1 11190 -118 51 13 -209 1 -1303 0 3 -29 -181 -43 270 13 5060 1793 100 -184 -184 -18 1 -6 1
1 10001 -94 30 -4 -33 0 0 0 0 -8 -26 -15 -522 -47 2358 864 56 -90 -90 41 3 47 -1
1 10000 -78 59 -6 -7 0 0 0 0 -16 1 -6 83 -6 2407 839 41 -83 -83 -45 -12 -17 0
