version: 66.11
glider: 175
mission: 11
dive: 32
start: 5 23 126 19 2 26
columns: rec,elaps_tms,depth,heading,pitch,roll,AD_pitch,AD_roll,AD_vbd,GC_phase,mag.x,mag.y,mag.z,sbect.TempFreq,sbect.CondFreq,aa4330.O2,aa4330.AirSat,aa4330.Temp,aa4330.CalPhase,aa4330.TCPhase,wlbb2f.redCount,wlbb2f.blueCount,wlbb2f.fluorCount,wlbb2f.VFtemp,
data:
0 22963 65 1770 -694 -9 238 2015 848 2 399 -52 274 266355 163484 316981 97838 13705 31113 31113 598 199 273 569
1 10012 6 27 -31 -14 0 0 280 0 18 1 -20 340 -8 95 50 10 -8 -8 -32 8 40 0
1 10002 12 10 5 4 0 0 275 0 -9 6 9 -336 7 -515 -96 29 6 6 -80 6 23 0
1 9981 34 -11 -50 1 0 0 267 0 33 -3 -42 808 -5 55760 13753 -1371 -1267 -1267 178 -2 114 -1
1 10022 19 1 8 -17 1 0 261 0 0 -9 3 -67 -2 16729 4907 -40 -485 -485 -83 5 -120 1
1 9993 35 4 -40 -9 0 0 248 0 18 -2 -28 1402 41 26686 7990 1 -746 -746 -28 -17 59 -1
1 10004 44 16 6 3 0 0 253 0 -3 7 5 1357 115 -15114 -4878 -131 473 473 -29 -9 -79 0
1 10011 104 112 2 -69 0 0 276 0 2 5 -2 317 303 17086 4750 -123 -414 -414 -39 -16 -86 0
1 12651 322 6 29 17 466 0 178 -1 -15 8 22 1491 269 -13392 -4936 -348 522 522 -34 1 -16 0
1 8038 294 21 226 -20 1650 -27 49 2 -142 -26 137 1454 274 -18515 -6234 -295 670 670 -22 -9 -6 0
1 14785 417 47 194 -147 0 -1349 3 1 -163 -123 50 2344 446 -31064 -10091 -410 1174 1174 -113 -24 -64 0
1 10000 255 -37 15 -12 0 0 0 0 -23 -24 -2 733 155 -15535 -5045 -233 647 647 14 0 -11 0
1 10001 256 25 26 -13 0 0 0 0 -17 -5 2 16 27 -10808 -3436 -143 460 460 8 1 -7 0
1 9999 235 31 9 -1 0 0 0 0 -1 8 4 4 11 -8841 -2674 -59 360 360 7 -3 25 0
1 10001 231 14 -4 3 0 0 0 0 4 8 1 171 30 -2140 -690 -35 99 99 62 7 -6 0
1 10000 230 50 15 -4 0 0 0 0 -2 10 3 196 24 -2440 -804 -49 119 119 -84 -6 -23 0
1 9999 200 31 -4 3 0 0 0 0 9 13 2 80 12 -2715 -848 -33 122 122 34 0 3 0
1 10001 222 36 -6 -3 0 0 0 0 12 9 -1 61 7 -2077 -658 -30 97 97 2 6 -5 0
1 9999 227 27 4 4 0 0 0 0 4 10 1 29 -5 -869 -291 -20 45 45 -18 -6 -3 0
1 10001 218 17 -3 6 0 0 0 0 8 9 1 385 44 -7562 -2215 -24 316 316 -25 1 11 0
1 10000 210 36 5 -6 0 0 0 0 5 4 -1 18 5 4083 1086 -40 -145 -145 10 4 -3 0
1 10000 222 46 0 -4 0 0 0 0 11 8 -1 14 2 -1629 -495 -15 73 73 -10 -6 -23 0
1 10000 218 43 6 2 0 0 0 0 7 10 0 33 7 -598 -188 -8 28 28 9 1 6 0
1 10000 211 18 -9 4 0 0 0 0 13 8 -3 191 5 -1174 -357 -11 53 53 20 1 -3 0
1 10000 222 31 4 6 0 0 0 0 5 11 -1 74 -9 -1029 -350 -27 56 56 -61 -3 -8 0
1 10000 214 12 -5 -2 0 0 0 0 8 0 -3 51 -4 -2190 -650 -12 96 96 -3 -1 2 0
1 10000 219 40 0 -9 0 0 0 0 12 -1 -4 50 -12 -2786 -823 -14 123 123 31 0 1 0
1 10000 222 38 6 7 0 0 0 0 6 11 -1 -15 -17 1111 298 -10 -41 -41 -22 -1 -1 0
1 10000 228 -7 -8 10 0 0 0 0 4 9 -1 96 4 -297 -93 -4 14 14 0 -1 -1 0
1 10000 221 15 1 -6 0 0 0 0 4 -3 -2 39 2 -686 -223 -14 36 36 -12 2 5 -1
1 10000 206 13 1 -6 0 0 0 0 3 -4 -2 137 8 -781 -238 -7 36 36 6 0 -6 1
1 10000 222 18 -2 -2 0 0 0 0 6 3 -2 28 -6 -1793 -545 -18 84 84 12 -4 2 0
1 10429 231 43 11 4 0 0 0 0 6 2 -2 19 0 -1081 -326 -8 50 50 -3 6 -1 0
1 9998 212 50 1 0 0 0 0 0 12 7 -5 55 -2 -776 -238 -9 38 38 -20 -2 1 0
1 10001 189 59 -1 1 0 0 0 0 17 4 -9 -38 -19 -616 -187 -6 29 29 3 1 -4 0
1 11896 248 69 0 -6 0 0 0 0 20 -4 -9 -3 -10 -65 -13 3 1 1 26 1 -1 0
1 10000 182 54 -2 16 0 0 0 0 16 11 -9 -5 -13 -854 -246 -2 37 37 5 -4 0 0
1 11896 223 46 -2 6 0 0 0 0 13 3 -8 -27 -48 243 67 -1 -10 -10 -16 -6 -7 0
1 10000 184 58 -1 -22 0 0 0 0 16 -14 -11 -80 -118 -606 -166 4 24 24 22 12 9 0
1 13055 247 107 11 -13 0 0 0 0 17 -19 -14 29 -105 -2261 -624 10 92 92 45 6 -4 0
1 8765 185 -16 -13 125 41 1383 2 0 2 86 0 -61 -43 -1402 -404 -2 62 62 -9 -11 -29 0
1 11235 191 -55 23 112 0 0 0 2 -31 83 5 0 -196 -1299 -382 -6 60 60 27 17 31 0
1 9999 180 -7 10 2 0 0 0 0 -9 2 5 -211 -101 -2523 -693 14 103 103 58 19 0 0
1 10000 171 -30 2 1 0 0 0 0 -9 4 4 -76 -45 -1266 -319 21 45 45 -58 -11 -5 0
1 8803 156 -24 4 -99 36 -1367 1 0 -5 -65 20 -195 -42 -768 -192 15 27 27 64 6 55 0
1 17101 252 45 35 -117 0 -19 0 -2 -14 -104 9 185 -18 -1641 -445 13 66 66 -30 0 -50 0
1 10000 136 63 7 1 0 0 0 0 9 -8 -6 -31 -17 -608 -178 -3 29 29 -21 0 1 0
1 10706 152 52 1 1 0 0 0 0 11 -1 -8 -26 -15 -105 -20 6 2 2 7 -1 -2 0
1 10000 138 55 0 1 0 0 0 0 13 -4 -7 3 -5 424 128 3 -21 -21 29 4 5 0
1 10001 117 48 -1 -3 0 0 0 0 10 -9 -9 1 -5 -575 -163 1 25 25 18 -1 -6 0
1 9998 136 58 3 -1 0 0 0 0 9 -11 -6 -25 -10 274 81 1 -13 -13 7 3 11 0
1 11934 153 77 5 4 0 0 0 0 10 -9 -10 41 4 -423 -118 2 18 18 -6 1 -11 0
1 10001 121 58 -7 2 0 0 0 0 8 -13 -10 -2 -7 -346 -102 -2 17 17 -33 -5 0 0
1 9999 135 46 -2 -3 0 0 0 0 9 -8 -10 36 8 243 70 0 -11 -11 11 4 4 0
1 9999 126 67 -1 -2 0 0 0 0 7 -16 -10 -4 -7 -430 -134 -6 22 22 21 -1 -2 0
1 11934 178 67 2 0 0 0 0 0 3 -16 -8 72 13 -248 -75 -2 12 12 18 4 -1 0
1 10000 138 52 2 -7 0 0 0 0 4 -16 -9 -29 -5 112 25 -3 -3 -3 -43 -4 0 0
1 10001 142 -3507 9 -20 0 0 0 0 -5 -36 -16 410 41 124 21 -8 -1 -1 87 17 0 0
1 10433 159 51 0 27 0 0 0 0 0 3 4 141 -4 -1370 -469 -43 83 83 13 1 0 0
1 9999 146 61 -1 8 0 0 0 0 -1 -11 -5 5 -1 -865 -291 -24 52 52 -1 18 2 0
1 8661 121 79 -17 108 -5 1403 0 0 6 50 19 -55 2 -173 -63 -7 11 11 1 -13 -4 0
1 11340 167 -17 -12 112 0 1 0 2 12 78 15 63 -3 -1146 -338 -6 56 56 12 -4 -3 0
1 10000 152 -12 3 -6 0 0 0 0 -1 -1 0 -6 -1 113 31 -1 -5 -5 35 12 3 0
1 9999 149 -27 -6 0 0 0 0 0 1 9 -1 -5 -13 -23 -9 -2 2 2 -73 -12 1 0
1 10001 156 9 6 -8 -1 0 0 0 -1 -9 0 -3 0 -92 -28 -1 4 4 103 7 2 0
1 10000 141 9 3 -2 0 0 0 0 -4 -3 2 7 5 -150 -47 -2 9 9 -27 6 -2 0
1 10000 153 -30 1 11 0 0 0 0 2 15 1 30 -19 126 38 1 -7 -7 -56 -15 -3 0
1 10000 147 45 0 -5 1 0 0 0 -4 -16 1 -16 -5 -55 -23 -4 5 5 -8 6 2 0
1 10000 138 14 0 -4 0 0 0 0 1 -7 -1 -3 -7 -263 -77 -1 12 12 32 5 1 0
1 10000 144 47 0 3 0 0 0 0 -6 -10 2 -19 -11 -571 -160 1 26 26 25 0 3 0
1 8325 115 15 -4 106 -2 1391 -1 0 4 66 9 -60 0 1306 374 2 -61 -61 -53 1 -1 0
1 13394 186 -26 -20 117 0 12 1 -2 14 83 -17 90 -9 -795 -223 1 36 36 16 -3 3 0
1 11903 186 -77 19 2 0 0 0 0 -10 26 1 0 3 -580 -174 -4 29 29 17 7 -3 0
1 9998 140 -52 20 -6 0 0 0 0 -11 14 8 17 -9 133 36 -1 -6 -6 67 6 2 0
1 10800 145 -21 -19 -80 0 -1428 1 2 16 -51 -4 15 2 -284 -84 -2 14 14 -61 -6 -1 1
1 10622 130 32 -5 -114 0 0 0 0 1 -85 -1 -4 -1 -528 -152 -1 25 25 49 3 -3 -1
1 10001 140 -19 11 -10 0 0 0 0 -5 -2 6 1 -2 1714 485 -1 -78 -78 -53 -1 -3 0
1 9999 127 45 -11 -21 0 0 0 0 5 -26 -8 33 3 -1945 -556 -2 90 90 34 2 0 0
1 9415 130 30 11 9 0 -5 -1 0 -9 -3 6 21 -3 -220 -71 -4 12 12 -14 3 1 0
1 10585 156 10 -4 6 0 0 0 0 0 2 1 10 -2 -446 -131 -3 22 22 133 7 4 0
1 10001 132 -3 0 -9 0 0 0 0 2 -6 -4 -8 -3 525 145 -2 -23 -23 -110 -13 -2 0
1 9999 156 8 0 3 0 0 0 0 0 0 1 0 1 -577 -166 -1 27 27 10 3 -5 0
1 10000 146 6 5 -5 0 0 0 0 -3 -6 2 -21 -12 126 36 0 -6 -6 -11 3 3 0
1 9999 139 9 -1 7 0 0 0 0 0 2 0 -103 -24 -53 -12 2 2 2 -17 9 0 0
1 10001 144 41 -3 2 0 0 0 0 2 -11 0 96 17 -85 -11 7 0 0 54 -9 -2 0
1 10000 132 21 -2 -3 0 0 0 0 -4 -7 -2 -37 -2 134 32 -3 -4 -4 -72 -11 3 0
1 10001 151 3 2 -1 0 0 0 0 -2 -1 1 -18 -11 -119 -28 3 4 4 23 11 2 0
1 8348 121 49 1 112 0 1412 0 0 -5 62 16 -159 0 600 176 3 -30 -30 -16 -2 -6 1
1 13402 175 -80 -3 113 0 13 0 -2 9 98 -13 96 -18 -262 -63 6 9 9 162 31 3 -1
1 12335 176 -55 10 5 0 0 0 0 -3 20 0 -144 -48 132 48 6 -9 -9 -192 -35 4 1
1 9999 123 -66 -2 10 0 0 0 0 4 24 -10 201 62 9 25 12 -6 -6 115 9 -4 0
1 10827 137 -38 -7 -169 0 -1426 0 2 7 -102 10 -9 -10 -332 -115 -11 21 21 166 24 3 0
1 10619 153 6 -5 -66 0 0 0 0 2 -46 -5 55 19 -60 -29 -6 6 6 -204 -20 -2 0
1 9999 137 -36 -4 0 0 0 0 0 3 10 -2 -1 -3 500 139 -2 -22 -22 43 7 6 0
1 10001 150 -6 11 -2 0 0 0 0 -6 0 6 -1 1 -265 -86 -6 15 15 -23 -9 -8 0
1 10000 146 47 6 3 0 -5 0 0 -5 -11 3 -57 -18 -173 -50 -1 8 8 -24 -2 1 -1
1 10000 131 27 -7 9 0 0 0 0 4 -2 -4 -8 -1 -125 -28 4 4 4 23 5 -1 1
1 10000 138 30 0 -14 0 0 0 0 0 -18 -2 -203 -62 203 67 6 -12 -12 41 4 3 -1
1 10000 140 31 -1 0 0 0 0 0 -4 -8 2 -104 -41 -44 20 18 -8 -8 -77 -9 0 1
1 10000 135 22 6 2 0 0 0 0 -3 -6 2 -106 -40 647 216 17 -38 -38 -18 -10 -2 -1
1 9999 141 13 -4 -4 0 0 0 0 1 -6 -2 1 -7 -325 -66 14 7 7 -13 4 -6 1
1 10001 139 3 -1 10 0 0 0 0 0 6 0 -13 -5 487 154 9 -26 -26 7 2 10 0
1 9999 136 1 4 -6 0 0 0 0 -2 -5 1 83 22 5490 1564 -1 -249 -249 53 7 -1 0
1 10001 151 15 -5 -3 0 0 0 0 2 -5 -2 14 1 -5675 -1622 -2 259 259 15 0 0 0
1 8391 123 5 -6 114 0 1426 0 0 4 75 6 -182 -39 1327 377 -1 -61 -61 -8 -18 -14 0
1 13724 200 -57 4 113 0 12 0 -2 0 91 -9 65 1 -1511 -407 13 63 63 -75 2 12 0
1 10000 144 -62 11 4 0 0 0 0 -6 22 -1 0 -6 442 132 4 -22 -22 126 32 1 0
1 13564 199 -45 26 -198 155 -1418 0 -2 -15 -121 28 -171 2 -114 -35 -2 6 6 -125 -23 -2 0
1 7662 58 -3 95 -30 0 0 -31 0 -75 -24 47 55 -3 124 36 1 -6 -6 67 11 0 0
1 7652 52 -9 45 4 0 0 -37 0 -37 5 19 215 52 86 24 -1 -4 -4 98 15 1 0
1 9950 29 38 -14 10 0 0 -48 0 11 -2 -5 -186 -49 -417 -142 -13 26 26 -154 -25 3 0
1 10001 54 10 11 7 0 0 -49 0 -8 2 5 67 21 179 57 4 -10 -10 43 -1 2 0
1 9989 34 1 -18 -14 0 0 -49 0 16 -11 -10 45 34 169 49 0 -8 -8 -62 -6 -3 0
1 10024 39 -34 -22 22 0 0 -50 0 15 28 -5 371 54 -553 -171 -7 29 29 656 53 0 0
1 9989 27 3500 7 -12 0 0 -48 0 -4 18 2 167 37 177 45 -3 -7 -7 -205 53 -5 0
1 9985 37 -26 -12 -2 0 0 -48 0 5 6 -3 -88 8 -169 -92 -24 20 20 -375 -92 -1 0
1 10026 23 23 1 -1 0 0 -48 0 1 -7 -1 -256 -43 -311 -130 -23 26 26 11 -6 5 0
1 9973 37 -13 -8 -3 0 0 -47 0 10 1 -4 145 10 -460 -141 -5 24 24 38 14 3 0
1 10028 14 19 -2 5 0 0 -48 0 1 -1 -1 -177 -14 -352 -93 4 15 15 -99 -20 -3 0
1 9984 15 -1 -9 6 0 0 -47 0 7 5 -5 36 2 -123 -25 5 3 3 -11 -4 -2 0
1 16959 -4 -3573 140 1 390 0 -42 0 -118 -8 55 -84 2 -153 -39 3 5 5 -7 5 -1 0
1 8049 -53 121 328 25 0 0 -31 0 -311 -16 11 26 -15 276 71 -5 -10 -10 257 40 8 0
1 9998 -83 21 -27 -19 0 -1 -46 0 22 -23 3 -77 -13 -96 -14 8 0 0 -73 36 -9 0
1 9989 -80 -20 -6 -8 0 1 -50 0 5 0 1 -87 -26 -12 10 7 -3 -3 -76 -56 10 0
1 10003 -90 -75 1 8 0 0 -50 0 -2 29 1 172 14 175 66 9 -12 -12 -45 -14 -9 0
1 10001 -119 -11 -6 11 0 0 -50 0 9 13 2 -1 10 -131 -23 8 1 1 27 5 2 0
1 9999 -122 2 -7 -8 1 0 -50 0 9 -8 1 -219 -43 425 117 -2 -18 -18 -11 27 3 0
1 10012 -140 -27 1 -13 -1 0 -52 0 -3 -3 0 172 44 -20 1 3 -1 -1 71 -26 -2 0
1 9991 -150 -19 -17 8 0 0 -52 0 9 13 2 103 22 274 79 1 -13 -13 -69 8 3 0
1 10004 -151 3557 3 9 0 0 -52 0 1 20 -1 -439 -116 -63 -24 -4 5 5 -90 -27 -5 0
1 10012 -159 -13 -8 -3 0 0 -51 0 4 1 1 310 75 350 160 34 -33 -33 144 14 -4 0
1 9998 -161 -49 0 -6 0 0 -52 0 2 9 0 -49 19 382 84 -14 -11 -11 -128 -8 5 0
1 9973 -170 -16 -7 45 0 577 -48 4 -2 45 -4 153 32 -316 -107 -9 19 19 53 4 -3 0
1 14838 -284 -3492 25 170 1 835 -2 -2 -19 120 -35 199 46 109 1 -17 4 4 -30 -2 2 0
1 10024 -193 67 -4 26 0 0 0 0 9 4 0 -195 -55 142 26 -8 -3 -3 -10 3 -3 0
1 10003 -199 78 -1 3 0 0 0 0 -3 -18 7 -201 -51 -425 -101 11 14 14 -24 -12 0 0
1 8775 -170 54 -4 -89 -34 -1394 -1 0 6 -94 24 117 46 729 238 17 -42 -42 35 24 50 0
1 11225 -216 -4 -29 -119 1 0 0 2 28 -107 11 32 -3 -88 -40 -8 8 8 -2 -13 -43 0
1 9998 -170 41 -8 -10 0 0 0 0 7 -22 -1 -57 -24 134 46 4 -8 -8 126 15 -5 0
1 10000 -182 -35 -5 -15 0 0 0 0 7 -4 0 -15 2 -221 -51 7 7 7 -150 -22 0 0
1 9644 -170 12 -9 5 -30 -4 -1 0 9 1 0 18 9 356 107 3 -18 -18 -27 -1 0 0
1 10618 -168 -29 -22 8 0 0 0 0 20 18 2 -1 1 -181 -55 -2 9 9 16 1 0 0
1 9999 -147 6 -3 -11 0 0 0 0 3 -13 0 120 39 254 72 -1 -11 -11 41 9 4 0
1 10001 -148 6 -2 3 0 0 -1 0 -3 3 0 155 52 112 16 -8 -1 -1 -9 -9 -7 0
1 10000 -139 -15 3 -7 0 0 0 0 4 -4 0 11 6 -318 -123 -18 24 24 19 5 4 0
1 10000 -157 -26 4 -9 0 0 0 0 -3 -1 0 -62 -10 -147 -56 -8 10 10 -45 -7 0 0
1 10000 -147 -24 -2 6 0 0 0 0 2 13 0 -151 -34 -275 -78 1 13 13 -59 -2 -3 0
1 10000 -161 -33 -1 1 0 0 0 0 4 10 2 -66 -13 2886 848 13 -139 -139 12 2 7 0
1 10000 -174 9 -6 -2 0 0 0 0 0 -3 -1 0 -3 -2216 -615 10 96 96 29 2 -4 0
1 10002 -152 -42 4 -11 0 0 -1 0 0 1 0 -5 1 179 64 7 -12 -12 7 -4 -2 0
1 9998 -177 -17 1 0 0 0 0 0 -3 5 0 13 17 555 162 2 -26 -26 45 9 4 0
1 10000 -167 -19 9 15 0 0 0 0 -6 19 1 7 -3 -98 -28 0 5 5 -23 0 2 0
1 8287 -136 16 4 109 0 1387 0 0 -11 97 -9 -95 8 3064 874 0 -140 -140 -81 -19 -7 0
1 13359 -251 115 12 131 0 20 0 -2 -12 84 -24 74 -3 -2940 -839 0 134 134 -8 -6 1 0
1 8243 -157 32 -6 -111 1 -1419 0 0 9 -109 27 -57 -2 82 28 2 -5 -5 64 43 58 0
1 11757 -218 -14 -10 -119 0 -1 0 2 11 -106 4 64 -3 122 36 1 -6 -6 -39 -33 -55 0
1 10001 -170 5 -6 -6 0 0 0 0 7 -8 0 -6 8 52 14 -1 -2 -2 19 8 1 0
1 9999 -159 -58 -4 -10 0 0 0 0 5 9 1 -1 0 85 27 2 -5 -5 51 -5 -6 0
1 10001 -162 -4 4 6 0 -3 0 0 -4 6 0 -7 0 -141 -41 -1 7 7 -66 -9 2 0
1 9999 -151 12 -4 9 0 0 0 0 -1 6 1 10 12 282 80 0 -13 -13 -2 -3 -3 0
1 10000 -152 -26 -2 4 0 0 0 0 4 11 0 14 5 -80 -20 2 3 3 -2 14 7 0
1 10000 -154 -42 0 -10 0 0 0 0 -1 3 -1 -8 9 -30 -14 -3 3 3 -46 -18 -3 0
1 10000 -145 -29 3 -3 0 0 0 0 -1 6 0 8 1 587 168 0 -27 -27 41 18 4 0
1 10000 -140 -17 4 6 0 0 0 0 -3 10 0 -71 27 -205 -56 2 8 8 -39 -19 -6 0
1 8567 -137 25 4 89 0 1408 0 0 -8 76 -6 -109 8 19 16 5 -3 -3 -4 23 47 0
1 13383 -212 96 8 128 0 17 -1 -2 -11 87 -22 126 32 522 153 2 -25 -25 25 -14 -48 0
1 8515 -124 29 6 -96 0 -1422 0 0 1 -95 22 -124 12 1012 285 -2 -45 -45 -3 1 -2 0
1 11486 -193 -25 -15 -108 1 -1 0 2 10 -91 6 184 43 -879 -251 0 40 40 38 -3 5 0
1 10000 -143 -67 1 -20 0 0 0 0 8 -1 1 -68 8 147 34 -4 -5 -5 -38 6 3 0
1 10000 -143 -24 -9 8 0 0 0 0 2 15 0 -76 0 322 98 4 -16 -16 -29 -7 -4 0
1 10000 -148 -45 0 -4 -1 -3 1 0 2 9 0 -42 2 1299 383 6 -62 -62 29 -11 1 0
1 10000 -149 3574 -3 -3 0 0 0 0 2 5 -1 -4 3 -448 -113 8 16 16 34 13 2 0
1 10000 -136 -1 3 7 0 0 0 0 -8 7 0 4 3 -22 2 5 -1 -1 -16 -10 2 0
1 8598 -113 6 10 86 1 1403 -1 0 -6 78 -9 -145 2 1098 315 1 -51 -51 -62 4 -5 0
1 13383 -211 -3488 11 133 0 19 0 -2 -10 86 -24 134 -1 -319 -88 1 14 14 19 -6 5 0
1 10000 -175 77 -8 10 0 0 0 0 4 -12 4 1 5 -67 -16 2 2 2 5 -5 -7 0
1 8222 -107 41 3 -106 -1 -1419 0 0 -1 -108 24 -59 0 773 221 0 -35 -35 34 1 5 0
1 11779 -200 -5 -7 -114 1 -2 0 2 5 -102 4 59 3 -832 -237 0 38 38 -46 0 -3 0
1 9998 -157 -10 -4 -12 0 0 0 0 8 -10 -1 -21 -3 179 53 1 -9 -9 38 25 2 0
1 10002 -135 1 -4 1 0 0 0 0 6 0 1 -9 0 4123 1178 2 -185 -185 -25 -23 -3 0
1 10000 -143 -5 -4 1 0 -3 0 0 1 3 0 0 1 -3911 -1112 1 174 174 -34 10 4 0
1 10000 -147 -32 0 -7 0 0 0 0 2 3 0 -12 3 -170 -48 1 7 7 -20 -18 -5 0
1 10000 -130 -21 3 4 0 0 0 0 -2 10 0 7 0 -242 -66 1 10 10 51 6 0 0
1 10000 -140 -16 3 0 0 0 0 0 -3 5 1 -17 0 293 87 2 -13 -13 -27 9 5 0
1 10000 -141 -13 -2 4 0 0 0 0 0 8 0 -21 -1 -398 -113 1 17 17 -22 -17 -4 0
1 10000 -144 -31 -4 -10 0 0 0 0 2 0 1 -10 4 793 232 2 -37 -37 0 17 4 0
1 9999 -141 -45 7 -3 0 0 0 0 0 10 -1 -3 7 31 12 2 -2 -2 49 -3 -2 0
1 10001 -139 3529 -2 20 0 0 0 0 -5 39 -1 -3 6 3 4 2 -1 -1 -60 -2 7 0
1 10000 -151 -36 9 -3 0 0 0 0 -10 7 0 -8 8 206 59 0 -10 -10 12 2 -3 0
1 8336 -121 -3517 10 65 -1 1414 0 0 -3 37 -4 -191 6 2672 764 1 -119 -119 -5 -18 -8 0
1 13389 -210 92 -6 128 1 9 0 -2 1 89 -21 151 1 -2695 -762 3 118 118 9 6 5 0
1 8822 -121 84 6 -14 -1 -360 0 0 -8 -36 10 -127 33 1895 546 3 -86 -86 -11 11 0 0
1 11178 -155 11 -14 -162 2 -1063 0 2 11 -150 16 276 64 -1733 -499 -2 78 78 -30 -19 -1 0
1 10000 -117 7 -9 -16 0 0 0 0 12 -19 -1 364 217 166 15 -17 2 2 -4 -5 0 0
1 10000 -126 -34 -2 -4 0 0 0 0 2 7 0 -71 68 761 150 -36 -16 -16 -15 6 7 0
1 8818 -102 -73 1 -3 0 -4 -2 -4 3 18 2 -179 31 1066 295 -5 -45 -45 31 4 0 0
1 9999 -123 -67 -2 -1 -1 0 -47 0 -2 18 0 -1 70 1077 304 -2 -47 -47 -52 -17 -8 0
1 10008 -123 -27 -2 -2 0 1 -51 0 6 6 -1 151 100 1299 371 1 -58 -58 2 -4 1 0
1 11028 -151 119 12 153 0 1424 -30 2 -14 107 -12 81 47 638 164 -10 -23 -23 18 6 3 0
1 9440 -137 120 -5 40 0 -339 -1 -2 1 1 -1 -63 22 2782 788 -2 -121 -121 -39 -32 -51 0
1 9994 -142 52 18 -151 24 -1077 -32 0 -21 -154 11 15 30 260 62 -7 -8 -8 -31 22 50 0
1 10014 -173 2 -2 -31 0 -2 -51 0 3 -31 -2 -69 12 1302 364 -3 -55 -55 16 -5 1 0
1 9995 -157 58 -13 6 0 -1 -53 0 2 -8 -1 -3 0 -10 -6 -2 2 2 21 8 -2 0
1 10600 -177 10 0 -6 1 -1 -29 4 2 -11 -2 169 17 3511 997 -1 -151 -151 -32 -8 5 0
1 10581 -178 5 1 0 0 0 0 0 -3 -1 0 -8 7 -2378 -677 -1 103 103 11 7 -7 0
1 10000 -182 -61 -3 -11 0 0 0 0 12 7 1 -114 5 299 89 3 -14 -14 -4 -6 5 0
1 8561 -135 -85 3 -85 8 -1353 -3 0 6 -53 -12 -149 4 1354 405 10 -64 -64 -22 33 46 0
1 12203 -209 -164 -23 -89 0 521 -1 -2 25 -32 -8 -117 11 -1956 -541 8 80 80 8 -37 -46 0
1 11170 -199 -38 28 139 0 846 -1 2 -31 138 26 12 6 2486 749 21 -117 -117 13 3 4 0
1 9999 -172 3566 -5 23 0 0 0 0 2 31 1 -36 5 1828 540 9 -83 -83 -6 11 -4 0
1 9999 -168 -21 -1 5 0 0 0 0 2 10 -1 -31 3 806 244 8 -38 -38 11 0 1 0
1 8310 -145 -3571 10 83 0 1387 0 0 -8 69 -6 -83 2 686 207 5 -31 -31 -10 25 64 1
1 13367 -245 120 4 143 0 8 0 -2 -7 94 -25 -167 -4 1720 513 12 -79 -79 21 -32 -61 -1
1 8841 -150 64 -3 -33 4 -549 0 0 6 -47 15 -130 -4 1276 407 21 -64 -64 81 14 7 0
1 11159 -198 28 -5 -142 -10 -838 0 2 5 -138 16 75 -4 2700 794 12 -117 -117 -96 -13 1 0
1 9999 -164 15 -11 -25 0 0 0 0 6 -27 -1 -503 -57 -736 -190 10 25 25 57 15 12 0
1 10000 -150 16 -5 -5 0 0 0 0 5 -9 -1 -218 -28 1853 649 59 -106 -106 22 -9 -5 0
1 8729 -135 -20 3 -92 7 -1410 -1 0 -1 -80 -13 -261 -25 6758 1994 30 -289 -289 -18 2 16 0
1 12221 -193 -121 -19 -87 0 599 -1 -2 24 -43 -12 -31 18 3755 1160 40 -169 -169 6 1 -9 0
1 11166 -184 12 21 134 0 798 1 2 -25 119 26 -266 -56 -3231 -891 17 119 119 -22 0 -1 0
1 10001 -149 -47 0 22 0 0 0 0 7 33 1 -51 -9 1957 651 44 -99 -99 -11 -3 0 0
1 9999 -151 -35 13 -15 0 0 0 0 -12 -4 0 -9 -2 2637 791 16 -112 -112 23 -5 -5 0
1 8646 -145 -11 1 95 0 1391 -1 0 -5 92 -4 -56 -1 1828 544 9 -76 -76 0 30 -10 0
1 13360 -259 58 14 145 0 19 1 -2 -14 112 -29 -202 -40 1066 339 16 -49 -49 20 -14 27 0
1 10001 -191 21 -7 0 0 0 0 0 5 -5 2 -766 -150 1651 525 24 -76 -76 13 -5 24 1
1 12012 -228 81 -7 17 0 0 0 0 8 -9 3 -1127 -219 5097 1744 129 -259 -259 18 3 15 0
1 8318 -144 100 -8 -86 -7 -1417 -1 0 -1 -104 24 -180 -29 9145 2883 111 -392 -392 8 19 22 -1
1 11681 -202 4 2 -125 0 0 0 2 -2 -116 2 -1386 -255 9940 3092 95 -402 -402 35 -3 6 0
1 10001 -177 30 -13 -9 0 0 0 0 10 -18 -2 -1360 -265 -2453 -311 176 1 1 18 -2 11 0
1 10000 -166 72 -9 -1 0 0 0 0 0 -22 -4 -491 -128 15205 4798 158 -598 -598 22 7 42 0
1 8669 -114 54 8 -84 7 -1370 0 0 -18 -88 -25 -1113 -155 10224 3312 133 -399 -399 76 13 2 1
1 13373 -219 -11 -16 -136 0 -16 0 -2 17 -109 -54 -760 -104 18424 6009 239 -685 -685 10 -1 59 -1
1 10000 -153 -114 -20 -20 0 0 0 0 34 12 8 -776 -108 6735 2245 100 -247 -247 -6 3 18 0
1 10000 -124 -116 -15 -14 0 0 0 0 26 18 9 -585 86 3710 1497 151 -177 -177 -22 -3 23 0
1 10000 -136 -117 -8 -7 0 0 0 0 13 23 12 -199 154 3344 1264 102 -143 -143 63 12 56 0
1 10348 -124 3476 2 1 0 0 0 0 -3 34 15 -248 126 3892 1307 56 -136 -136 -542 -3 -348 1
1 10000 -123 -40 19 34 0 0 0 0 8 43 16 -1919 -39 1665 1111 227 -148 -148 -1 10 0 -1
