version: 66.11
glider: 175
mission: 11
dive: 420
start: 6 7 126 5 3 13
columns: rec,elaps_tms,depth,heading,pitch,roll,AD_pitch,AD_roll,AD_vbd,GC_phase,mag.x,mag.y,mag.z,sbect.TempFreq,sbect.CondFreq,aa4330.O2,aa4330.AirSat,aa4330.Temp,aa4330.CalPhase,aa4330.TCPhase,wlbb2f.redCount,wlbb2f.blueCount,wlbb2f.fluorCount,wlbb2f.VFtemp,
data:
0 23171 -509 1763 -717 -16 232 2017 658 2 413 -76 261 265901 162382 330661 95365 10714 32030 32030 323 164 166 568
1 9990 -1 -5 10 -31 0 -1 285 0 -2 -19 0 -388 -6 7311 2133 11 -269 -269 223 19 32 0
1 9992 10 -42 -31 -8 0 0 281 0 14 -18 -18 128 9 -5700 -1628 8 202 202 -85 -8 5 0
1 10019 29 -103 -26 41 0 0 275 0 17 -10 -24 -20 -9 11212 3312 33 -415 -415 -66 15 22 0
1 9985 24 64 -3 -24 0 0 269 0 2 9 -2 -14 -4 22058 9230 1161 -1286 -1286 -50 -27 -39 0
1 9986 25 8 -8 7 0 1 257 0 3 6 -3 22 15 11996 3807 98 -419 -419 203 15 38 0
1 10018 48 19 -11 -18 0 0 254 0 7 -1 -12 -238 -15 -1248 -436 -26 50 50 -149 -13 -31 0
1 9982 73 -30 -17 11 0 0 269 0 9 -4 -12 279 -16 12523 3686 -13 -370 -370 62 13 11 0
1 10021 196 -4 -3 -41 0 0 304 0 1 -19 -9 1280 368 4392 1521 81 -165 -165 -24 -6 13 0
1 12252 452 -31 47 23 526 0 84 -1 -21 -2 33 2181 560 -4831 -1917 -182 224 224 35 6 -11 0
1 8046 379 103 198 -112 1622 -785 2 5 -129 -59 113 378 -17 -16835 -5407 -167 587 587 -99 -23 -40 -1
1 15091 524 198 262 -162 0 -635 3 -2 -229 -101 53 1104 88 -20864 -6286 -54 702 702 -33 -1 -52 0
1 10000 224 38 38 14 0 0 0 0 -33 20 14 989 218 -15443 -4970 -184 623 623 85 -4 61 1
1 10001 218 52 9 -1 0 0 0 0 -3 14 7 270 93 -5224 -1795 -118 245 245 -30 2 -37 0
1 10000 200 70 8 5 0 0 0 0 1 24 9 1005 255 -10572 -3305 -97 440 440 -164 -24 -51 0
1 10360 198 56 -3 10 0 0 0 0 13 23 7 313 75 -6556 -2166 -119 309 309 36 9 5 -1
1 9999 210 25 -7 2 0 0 0 0 12 9 2 57 17 -4876 -1572 -73 229 229 -11 6 -1 0
1 10001 202 47 0 -1 0 0 0 0 7 13 1 135 24 -3181 -1013 -43 148 148 -7 -18 -6 0
1 9999 203 34 -3 -1 0 0 0 0 11 7 1 134 17 -1537 -512 -32 78 78 -4 1 0 0
1 10361 211 12 0 9 0 0 0 0 3 10 2 40 0 -1711 -551 -27 83 83 -4 3 -2 0
1 10000 202 50 4 -4 0 0 0 0 6 10 1 87 2 -7141 -2109 -19 304 304 88 11 4 0
1 9662 179 35 2 25 0 13 2 -1 11 25 3 -5 1 4235 1190 -19 -167 -167 -88 -30 -54 0
1 9759 193 30 26 167 65 1415 0 3 -18 151 6 164 0 -669 -226 -16 36 36 -3 21 53 0
1 10578 175 14 20 33 0 0 0 0 -14 30 -3 175 18 -2831 -857 -18 127 127 15 1 -6 0
1 10001 141 17 1 4 0 0 0 0 3 7 -2 163 40 -2143 -664 -22 101 101 46 6 4 0
1 9788 143 22 16 2 41 0 0 0 -8 6 1 176 43 -1580 -504 -24 78 78 -69 -4 -9 0
1 10619 143 -40 16 5 0 0 0 0 -25 -4 3 498 81 -2593 -813 -32 127 127 83 7 9 0
1 10000 118 -20 4 -7 0 0 0 0 -11 -7 3 113 19 2804 705 -54 -93 -93 -42 -3 -4 1
1 10000 125 34 12 16 0 0 1 0 0 17 -4 24 5 -8147 -2419 -35 369 369 -6 4 -5 -1
1 10000 110 -51 -11 -3 0 0 0 0 -5 -10 2 -495 -169 -2303 -686 -12 107 107 53 11 2 0
1 10000 102 -21 2 13 0 0 0 0 -7 7 0 -178 -96 -576 -95 38 6 6 -3 -3 9 0
1 10001 112 -15 -3 -34 0 0 0 0 -1 -33 6 -286 -112 519 197 25 -35 -35 -28 -1 -2 0
1 9999 100 10 9 15 0 0 0 0 -6 16 -3 -21 -21 1968 642 39 -106 -106 36 0 -1 0
1 10001 109 8 -1 -6 0 0 0 0 2 -3 1 -10 -4 307 124 18 -23 -23 23 6 3 0
1 10001 94 4 1 3 0 0 0 0 2 2 0 29 -5 348 119 10 -20 -20 -60 -12 -3 0
1 9999 87 -33 -8 12 0 0 0 0 -3 5 -2 0 2 326 97 1 -15 -15 43 14 -46 0
1 10000 83 51 13 -78 0 0 0 0 3 -59 9 -12 -5 -351 -97 3 14 14 11 -3 51 0
1 10001 90 19 -21 56 0 0 -1 0 24 53 -9 3 1 384 115 1 -18 -18 21 -3 -6 0
1 9999 91 11 0 16 0 0 0 0 2 17 -3 -52 -8 -248 -70 1 11 11 24 -1 -7 0
1 10000 102 50 11 1 0 0 0 0 5 8 -3 15 -1 187 62 5 -11 -11 -15 6 15 0
1 8646 86 -43 -24 102 -3 1403 1 0 9 80 -26 -94 5 4208 1221 2 -183 -183 -21 3 0 0
1 13380 161 -57 2 126 -1 15 0 -2 -21 92 -48 113 -3 -4531 -1312 -1 197 197 0 18 43 0
1 10000 138 10 -2 -12 0 0 0 0 6 -10 6 -6 -5 45 10 -2 -1 -1 10 -20 -50 0
1 10351 152 -55 15 7 0 0 0 0 -28 -2 4 3 -2 -53 -16 0 2 2 -58 -17 -3 0
1 8553 104 -25 21 -100 -1 -1417 0 0 -26 -84 44 -89 1 -405 -114 2 17 17 5 8 2 0
1 11447 139 -76 -14 -149 1 -15 0 2 -2 -148 35 61 -10 403 115 -1 -17 -17 -5 -7 4 0
1 10001 107 -22 4 48 0 0 0 0 -7 35 -5 -12 -6 -273 -73 3 10 10 61 18 2 0
1 9999 108 -20 -10 -16 0 0 0 0 7 -20 4 -20 -17 -15 -1 2 0 0 -28 -11 -6 0
1 8613 103 -39 -17 -79 0 -1346 0 0 8 -80 3 -64 -59 415 123 1 -19 -19 -25 -4 -3 0
1 14207 218 52 29 -137 0 -12 -1 -2 -16 -108 -16 26 23 -1126 -320 3 48 48 12 3 13 0
1 10000 137 6 -10 -2 0 0 0 0 10 0 0 9 -24 -90 -20 4 2 2 42 10 -11 0
1 10137 132 35 8 12 0 0 0 0 -2 21 5 38 -63 1379 397 -2 -59 -59 -32 -2 5 0
1 10447 124 22 10 -5 0 0 0 0 -3 0 0 15 -12 -3130 -913 -3 139 139 -23 -4 -4 0
1 10000 112 51 5 -6 0 0 0 0 8 6 1 40 -21 -1104 -327 -4 51 51 5 -3 0 0
1 10000 102 46 3 -4 0 0 0 0 7 8 2 -5 -2 -836 -250 -4 39 39 24 8 -1 0
1 12040 123 16 -20 150 0 1391 1 2 23 136 5 -8 -3 -830 -240 0 37 37 -12 -10 2 0
1 10619 108 60 0 62 0 0 0 0 16 65 -11 24 6 -151 -44 0 7 7 37 16 2 0
1 9999 101 13 -1 -8 0 0 0 0 4 -5 1 5 -3 -456 -137 -3 22 22 -20 -5 -2 0
1 10001 101 37 7 7 0 0 0 0 6 11 -3 40 14 368 103 -2 -16 -16 -2 -4 10 0
1 8889 81 -41 -14 99 -4 1244 0 0 0 78 -24 -43 7 -4529 -1313 -2 206 206 96 17 -5 0
1 13397 151 17 1 117 0 153 0 -2 2 94 -52 380 -3 4280 1220 -9 -189 -189 -13 -3 2 0
1 11994 120 -9 -14 34 0 0 0 0 7 26 -19 31 9 -1527 -499 -31 84 84 -11 5 -15 0
1 10000 99 -50 25 14 0 0 0 0 -36 3 2 12 1 -1935 -580 -11 93 93 -47 -9 10 0
1 10464 102 -66 -2 -20 0 0 0 0 -15 -24 20 -11 -3 -964 -294 -9 49 49 21 2 -4 0
1 8324 88 -38 4 -123 0 -1401 0 0 -12 -105 54 -74 0 390 110 -1 -17 -17 -2 20 43 0
1 11676 113 -42 -10 -112 0 -18 0 2 2 -108 29 58 -6 2194 627 -4 -98 -98 42 -13 -40 0
1 9998 96 24 -1 27 0 0 0 0 6 29 -6 102 17 -3171 -916 0 144 144 -34 -4 -1 0
1 10001 102 30 -8 -41 0 0 0 0 14 -28 5 33 7 -336 -113 -9 20 20 -64 -7 9 1
1 9419 108 40 12 22 0 -1 0 0 -1 27 -5 -9 -2 -869 -264 -7 43 43 26 4 -6 0
1 10581 122 -1 -11 -9 0 0 0 0 10 -7 1 -23 -5 -15 -7 -1 2 2 57 5 -1 0
1 10001 122 32 10 7 0 0 0 0 1 10 -2 -14 0 -1924 -557 -1 89 89 7 5 0 -1
1 9514 101 42 3 25 0 0 0 0 8 29 -8 15 1 1770 514 1 -83 -83 2 -7 2 0
1 10620 110 73 -7 -57 0 0 0 0 27 -35 6 14 3 -6452 -1865 -1 302 302 -4 5 -2 0
1 10000 104 0 -6 20 0 0 0 0 5 17 -5 21 4 6265 1805 -2 -291 -291 223 17 -1 1
1 8485 89 -29 9 63 -1 1410 -1 0 -17 50 -12 148 38 -276 -122 -23 24 24 -243 -27 -3 -1
1 14411 184 -43 -13 143 1 3 1 -2 -2 108 -53 190 3 -2334 -709 -20 118 118 -33 2 0 1
1 10451 119 -66 30 39 0 0 0 0 -46 19 -9 60 -19 -519 -164 -8 29 29 34 -7 4 -1
1 9165 111 -40 -1 -21 0 -11 0 -1 -9 -22 15 -45 1 -586 -187 -10 32 32 -51 -2 6 0
1 10835 138 54 -19 -220 0 -1384 0 3 35 -174 68 56 0 -5007 -1451 -4 239 239 10 2 -10 0
1 10000 108 -4 -3 14 0 0 0 0 1 11 -3 -10 1 3974 1139 -3 -187 -187 -7 -2 -1 0
1 9999 125 5 10 4 0 0 0 0 -8 6 0 -28 -104 -571 -167 -2 28 28 6 3 1 0
1 10001 109 -78 -1 16 0 -5 -1 0 -20 -2 0 -15 -3 -449 -126 2 20 20 -52 -6 4 0
1 10000 134 39 0 -26 0 0 0 0 10 -14 3 11 10 -237 -69 0 11 11 48 5 -5 1
1 9999 116 -32 -5 -22 0 0 0 0 -2 -27 5 4 11 -201 -55 2 9 9 -29 -3 1 0
1 10000 111 -13 17 17 0 0 0 0 -19 11 -1 12 14 3 0 -1 0 0 83 10 0 0
1 10001 111 -53 -24 -21 0 0 0 0 12 -32 5 -22 -43 -174 -50 0 8 8 -55 -27 -33 0
1 9999 117 -6 11 14 0 0 0 0 -13 12 -2 -260 -179 228 65 0 -10 -10 181 48 36 -1
1 8819 106 -14 0 -106 0 -1318 0 0 -3 -98 3 -243 -88 -340 -64 19 6 6 -187 -44 -39 1
1 14616 184 43 12 -112 0 -69 0 -2 -1 -88 -13 -104 -94 1604 538 42 -97 -97 35 25 40 0
1 9998 115 42 12 3 0 0 0 0 -1 12 3 -239 -95 -1570 -402 29 59 59 83 9 -2 0
1 10000 124 30 -4 5 0 0 0 0 10 12 2 -67 -32 4544 1372 33 -229 -229 -78 -15 3 0
1 10475 119 46 -1 3 0 0 0 0 13 12 3 25 1 1553 477 15 -80 -80 42 8 4 0
1 9469 102 44 -2 99 0 1245 -1 0 15 95 5 -154 -38 63 25 4 -4 -4 -97 -15 -3 0
1 10534 126 6 -14 107 0 140 0 2 13 96 -12 -65 -43 1442 442 13 -73 -73 76 14 4 0
1 9998 112 12 4 9 0 0 0 0 1 8 -2 -29 -15 -125 -5 17 -3 -3 -30 -8 -6 0
1 10000 114 26 1 -11 0 0 0 0 4 -2 -1 -7 -8 692 217 10 -37 -37 40 12 1 0
1 9273 89 9 -6 100 0 1246 0 0 9 84 -27 -140 -8 447 140 5 -23 -23 -30 -8 4 0
1 13374 166 -85 1 142 0 157 1 -2 -26 99 -51 78 -29 161 55 5 -10 -10 -38 -6 5 0
1 10000 111 -45 13 -9 0 0 0 0 -25 -12 10 -78 -44 534 170 8 -28 -28 -2 0 -2 0
1 11714 136 -36 -6 -165 0 -1413 0 2 -4 -140 64 -14 -31 445 149 11 -26 -26 27 5 -5 0
1 10622 111 -28 -9 -50 0 0 0 0 5 -53 11 -26 -14 61 25 4 -5 -5 16 4 0 0
1 9999 105 17 9 -8 0 0 0 0 -3 -4 2 -14 -10 -4796 -1382 4 218 218 13 1 5 0
1 10001 108 8 1 -2 0 0 0 0 -2 3 -1 -22 -11 5835 1698 4 -269 -269 -12 2 2 0
1 9415 109 2 -1 8 0 -4 0 0 5 4 -1 -10 -7 365 111 3 -18 -18 -8 -8 -8 0
1 10584 120 8 -6 0 0 0 0 0 5 4 -1 -3 -5 37 18 3 -3 -3 19 4 2 0
1 10000 106 24 3 0 0 0 0 0 3 5 -1 0 -4 45 14 1 -2 -2 17 2 8 0
1 7806 93 11 0 -2 -1 0 0 0 4 0 0 -84 -12 290 86 1 -14 -14 38 7 -3 0
1 12194 126 30 2 0 1 0 0 0 6 6 -1 56 0 422 128 3 -21 -21 -57 -13 -8 0
1 10001 108 -1 -3 3 0 0 0 0 1 3 -1 23 -4 -5490 -1587 3 249 249 11 10 4 0
1 10000 121 26 0 0 0 0 0 0 8 4 -2 12 8 5014 1453 0 -228 -228 15 0 1 0
1 9996 107 6 2 -6 0 0 -1 0 -1 -3 1 -2 -4 3836 1108 -3 -171 -171 20 8 -1 0
1 10003 107 5 0 5 0 0 0 0 3 3 -1 -5 78 -4003 -1161 0 179 179 87 -2 -1 0
1 10001 99 13 -1 1 0 0 0 0 3 5 -1 17 -76 179 51 -1 -7 -7 -127 -10 3 0
1 9421 96 21 2 -4 0 0 1 0 6 -2 0 8 2 -113 -36 -1 5 5 20 1 -3 0
1 10580 124 8 -2 4 0 0 0 0 3 6 -2 -7 -5 -85 -28 -2 5 5 -34 -8 -5 0
1 9998 100 24 2 1 0 0 0 0 6 4 -2 -8 -4 -157 -44 1 7 7 29 11 13 0
1 8527 84 -1 -10 108 0 1416 -1 0 7 90 -33 -159 -19 -358 -100 2 15 15 96 26 -1 0
1 13418 142 -45 12 106 0 5 1 -2 -25 77 -43 135 -3 588 179 4 -29 -29 -110 -34 -4 0
1 13799 141 -57 7 2 0 0 0 0 -23 -6 7 42 3 -133 -42 -1 7 7 -18 -5 -2 0
1 10165 91 -43 -1 3 0 0 0 0 -12 -3 3 13 -5 156 40 -3 -5 -5 149 19 2 0
1 11393 112 -22 -18 -176 0 -1415 0 2 13 -148 66 89 -33 -59 -21 -3 3 3 -31 -16 -11 0
1 10620 107 24 6 -38 0 0 0 0 1 -29 8 40 -14 -406 -139 -11 24 24 -49 21 9 0
1 9999 98 61 0 -3 0 0 0 0 20 5 -3 24 -9 -444 -141 -6 24 24 -19 -5 4 0
1 14780 130 77 23 -15 58 -5 -5 -4 0 1 0 -31 -17 -465 -153 -10 26 26 98 17 -4 0
1 8015 58 41 37 6 0 0 -35 0 -21 11 -2 -64 -3 -559 -168 -4 27 27 70 2 4 0
1 7704 39 -3 3 4 0 0 -37 0 -3 2 1 133 -3 226 62 -2 -9 -9 -24 2 0 0
1 8327 50 -6 -20 18 0 1 -38 0 15 16 -6 -38 0 -284 -88 -3 14 14 83 27 1 0
1 9990 64 47 4 -30 0 -1 -50 0 12 -22 5 34 -4 -482 -142 -1 23 23 -83 -12 5 0
1 9995 55 50 -3 15 0 0 -48 0 19 17 -7 -44 -4 -124 -38 -1 6 6 -78 -18 1 0
1 10015 56 32 -10 -26 0 0 -49 0 19 -18 3 90 -3 -271 -84 -3 14 14 -12 4 -1 0
1 9988 46 -7 6 32 0 0 -46 0 -7 24 -5 -12 0 339 94 -2 -15 -15 104 12 1 0
1 10006 53 21 -10 0 0 1 -47 0 15 6 -4 -92 -4 -128 -39 -2 7 7 -43 -13 -3 0
1 10007 50 26 -18 -1 0 -1 -47 0 24 -2 -4 125 0 -140 -46 -2 8 8 248 107 6 0
1 9989 44 42 6 -3 0 0 -47 0 9 -2 -1 -35 -2 -340 -98 0 15 15 -159 -60 7 0
1 10007 40 31 -9 3 0 0 -46 0 18 4 -6 86 -15 -122 -39 -2 7 7 -114 -60 -12 0
1 9985 41 22 -2 -1 0 0 -47 0 9 0 -2 16 -2 191 50 -3 -8 -8 12 15 -1 0
1 10002 29 -7 -14 13 0 0 -48 4 10 7 -6 -24 0 -209 -63 -1 11 11 -91 -25 -6 0
1 14256 16 18 136 -6 321 0 -6 -4 -113 -6 24 -3 -4 -78 -35 -7 7 7 125 32 12 0
1 7653 -35 6 291 0 0 0 -28 0 -255 2 -39 -42 -1 272 75 -2 -12 -12 -145 -18 -5 0
1 9573 -53 -60 -34 10 0 0 -44 0 10 10 0 -49 4 -718 -204 2 32 32 433 37 1 0
1 8517 -42 -10 -22 -3 0 0 -41 0 15 -3 7 44 9 -41 -12 0 2 2 -105 -11 0 0
1 10005 -52 -64 10 -4 0 0 -49 0 -29 -5 -10 -130 9 328 99 2 -16 -16 -248 -14 0 0
1 10009 -70 -61 -8 -9 0 -1 -50 0 -13 -8 -3 81 7 -44 -11 1 1 1 165 8 -3 0
1 10000 -67 -57 -5 12 0 0 -50 0 -13 0 -5 -104 4 -320 -87 3 13 13 -228 -21 3 0
1 9990 -68 -47 -3 -10 0 1 -50 0 -13 -9 -2 22 3 425 127 2 -20 -20 391 67 0 0
1 9997 -83 -43 -1 -2 0 0 -52 0 -11 -8 -5 -39 6 -262 -70 3 10 10 -408 -75 2 0
1 10006 -83 -44 -19 -2 0 -1 -51 0 3 -10 5 66 5 685 206 5 -33 -33 108 18 3 0
1 9999 -88 24 10 8 0 1 -51 0 -1 10 -3 -1 -3 116 43 4 -8 -8 163 11 -4 0
1 9999 -77 -19 -14 3 0 -1 -50 0 6 -1 2 -40 8 219 65 1 -10 -10 -194 -18 2 0
1 10006 -87 -18 16 11 0 0 -52 0 -18 5 -10 0 0 19 8 2 -2 -2 91 8 -7 0
1 11180 -115 -106 -7 -6 0 1 -13 4 -23 -23 -6 38 18 513 149 0 -23 -23 -97 -21 -2 0
1 10000 -103 -24 -11 -19 0 0 0 0 5 -22 7 -4 4 -506 -138 5 20 20 -61 -7 2 0
1 10000 -89 -57 1 24 0 0 0 0 -14 5 -10 -23 7 670 201 3 -32 -32 -7 3 0 0
1 9651 -104 -47 1 93 0 1197 -3 0 -9 54 -21 -70 5 38 16 3 -3 -3 -19 18 3 0
1 13392 -124 31 35 119 0 220 0 -2 -22 81 -57 -17 28 4957 1439 2 -224 -224 19 -22 -3 0
1 10256 -115 93 -25 24 0 0 0 0 38 42 -2 -31 26 -4533 -1298 8 199 199 74 5 -1 0
1 10000 -100 64 -2 -5 0 0 0 0 14 14 2 13 -2 321 107 8 -18 -18 -75 -6 4 0
1 8841 -90 67 3 -41 1 -223 0 0 17 -12 20 -71 6 67 23 2 -4 -4 10 4 -2 0
1 11158 -108 -9 7 -168 9 -1169 0 2 -5 -120 61 45 5 508 152 2 -24 -24 -26 -5 -1 0
1 10000 -84 -16 -7 -18 0 0 0 0 3 -19 7 9 9 110 36 2 -6 -6 12 3 -5 0
1 10001 -83 -49 -6 -5 0 0 0 0 -11 -9 -1 24 9 115 33 0 -5 -5 -86 -14 -1 0
1 10001 -97 -25 0 3 0 -3 -1 0 -3 -7 -2 -6 0 -3835 -1116 -2 175 175 20 5 2 0
1 9999 -93 -29 -3 3 0 0 0 0 -5 -3 -2 -12 -3 4182 1210 -1 -189 -189 78 10 3 0
1 10000 -88 4 2 -3 0 0 0 0 -1 -1 0 -25 -3 -225 -59 3 8 8 -54 0 3 0
1 10000 -91 -9 1 0 0 0 0 0 -4 -1 -2 -12 -1 -186 -51 2 8 8 11 -8 -7 0
1 9999 -97 -34 0 -4 0 0 0 0 -6 -12 -1 -11 -2 249 76 2 -13 -13 48 10 3 0
1 10001 -78 -32 -1 1 0 0 0 0 -8 -5 -3 -6 0 58 23 3 -4 -4 -21 -10 0 0
1 8819 -92 -15 8 100 -1 1293 -1 0 -8 65 -26 -66 -1 318 93 0 -14 -14 -17 6 3 1
1 13414 -136 88 15 120 1 101 0 -2 5 98 -53 59 3 -57 -14 1 2 2 -42 -11 -6 -1
1 9998 -114 67 -6 8 0 0 0 0 18 23 -1 1 -2 63 22 2 -4 -4 44 4 7 0
1 8866 -95 64 -1 -44 1 -258 0 0 19 -14 22 -78 4 321 90 -1 -14 -14 -58 -8 -11 0
1 11134 -119 1 2 -164 1 -1146 0 2 1 -113 62 74 -2 25 10 1 -2 -2 76 21 11 0
1 10000 -102 -6 -18 -16 0 0 0 0 13 -13 11 -3 0 -509 -147 1 23 23 -4 -30 -31 0
1 10001 -86 -17 0 -3 0 0 0 0 -4 -7 1 7 4 469 138 1 -22 -22 -73 18 29 0
1 10000 -96 -8 5 -7 0 -4 0 0 -7 -5 -3 0 1 -16 -5 0 1 1 89 8 -4 0
1 10000 -99 -22 -5 0 0 0 0 0 1 -9 3 14 9 122 32 -2 -4 -4 -65 -12 4 0
1 9999 -98 5 2 0 0 0 0 0 -3 5 -3 37 21 -467 -138 -2 21 21 60 9 -5 0
1 10002 -96 4 1 5 0 0 0 0 2 2 0 25 16 -2296 -670 -2 105 105 -18 5 6 0
1 9999 -90 -2 4 -2 0 0 0 0 -4 -2 -1 72 41 2227 638 -4 -98 -98 11 -7 -7 0
1 9999 -91 -20 -4 -2 0 0 0 0 -3 -3 -1 43 20 -315 -97 -3 15 15 11 -2 1 0
1 9999 -95 -18 0 -1 0 -1 -1 0 -3 -6 -1 13 10 -258 -97 -12 18 18 34 6 3 0
1 10001 -91 -5 4 8 0 0 0 0 -2 2 -2 5 3 -703 -213 -5 34 34 -110 -14 -3 0
1 10002 -90 -24 -4 -4 0 0 0 0 -5 -6 0 48 29 350 98 -2 -15 -15 11 6 3 0
1 9418 -84 -6 2 -7 0 1 0 0 -3 -6 -1 77 65 -392 -121 -4 20 20 2 -3 -2 0
1 10581 -95 -8 4 5 0 0 0 0 -5 3 -4 249 64 -827 -257 -9 43 43 -22 -1 -5 0
1 10000 -94 0 5 7 0 0 0 0 -3 4 -3 52 27 -945 -318 -25 55 55 77 9 -5 0
1 10000 -94 2 -3 10 0 -1 0 0 0 10 -3 306 126 -990 -330 -23 57 57 -91 -12 11 0
1 10000 -90 -6 -1 -10 0 0 0 0 0 -9 4 111 59 -5161 -1535 -23 251 251 32 4 -5 0
1 9998 -97 -14 -8 -1 0 0 0 0 3 -4 2 29 25 2463 656 -32 -99 -99 1 3 0 0
1 10002 -90 -8 7 -3 0 0 0 0 -7 -4 -3 66 36 -1244 -387 -15 66 66 -8 -3 -3 0
1 10000 -95 -13 0 -9 0 0 0 0 -3 -10 1 51 30 -1336 -402 -9 67 67 68 6 3 0
1 9999 -90 10 -11 -17 0 0 0 0 12 -11 9 65 41 -453 -157 -15 29 29 150 11 -1 0
1 10001 -96 4 27 22 0 0 0 0 -21 18 -17 36 24 -4962 -1449 -9 240 240 -241 -20 -5 0
1 9999 -88 -39 -13 18 0 0 0 0 2 3 1 51 38 4194 1190 -12 -194 -194 7 1 1 0
1 10000 -105 36 4 -3 0 0 0 0 3 8 0 70 63 -383 -120 -5 21 21 41 3 3 0
1 9418 -93 17 16 -3 0 0 0 0 -8 2 -5 70 77 -311 -108 -10 20 20 -41 -22 -29 0
1 10583 -109 17 -13 -4 0 0 0 0 14 0 8 1 13 -389 -134 -12 25 25 19 17 24 0
1 9999 -106 44 -1 -2 0 0 0 0 12 7 6 15 26 -270 -87 -6 15 15 -71 17 47 1
1 9803 -121 23 -30 10 -23 0 -1 0 29 13 12 7 32 114 22 -6 -2 -2 35 -43 -54 -1
1 10618 -90 18 -1 -14 0 0 0 0 6 -8 6 -23 23 152 37 -3 -6 -6 24 24 5 0
1 10000 -95 -43 -5 -6 0 0 0 0 -7 -12 -1 24 -9 356 104 0 -17 -17 -1 2 3 0
1 10000 -88 1 5 33 0 0 0 0 -5 26 -9 -30 12 250 69 -2 -11 -11 36 -3 4 0
1 10001 -103 3 -19 -37 0 0 0 0 18 -30 17 -40 6 -4356 -1257 0 208 208 -33 8 -5 0
1 9998 -111 10 -7 -24 0 0 0 0 8 -16 8 -35 -4 4540 1317 4 -218 -218 42 2 1 0
1 10001 -75 46 12 27 0 0 0 0 3 28 -6 -138 -14 288 91 5 -16 -16 -54 -7 -1 0
1 9999 -67 12 12 -13 0 0 0 0 -6 -7 -1 -93 -9 921 284 10 -49 -49 25 -1 0 0
1 10000 -69 26 -2 27 0 0 0 0 9 24 -3 -16 -7 608 198 13 -35 -35 12 7 6 0
1 8827 -67 -6 1 -9 0 0 -1 -4 -4 -5 1 -88 6 935 291 12 -50 -50 -11 -8 -4 0
1 9998 -74 -19 -7 -1 0 0 -44 0 1 -6 2 21 23 269 74 -3 -11 -11 -36 0 2 0
1 10015 -82 -3 6 7 0 0 -50 0 -4 2 -4 87 14 859 241 -3 -38 -38 9 1 0 0
1 9976 -85 -53 -16 -7 0 0 -51 0 -3 -11 2 -88 -11 -424 -122 0 19 19 -14 -3 4 0
1 9366 -74 -30 -4 7 0 0 -48 4 -4 -2 -1 20 -8 3472 1009 4 -162 -162 90 13 -4 0
1 11818 -83 -22 3 1 0 0 0 0 -8 -4 -3 137 28 -7805 -2245 4 362 362 -54 -6 -6 0
1 10001 -80 -44 1 -5 0 0 0 0 -10 -14 -2 -118 -30 4995 1438 -2 -233 -233 -14 -1 1 0
1 10000 -85 -55 5 -3 0 0 0 0 -17 -14 -6 24 8 22 12 4 -3 -3 44 4 6 0
1 9767 -87 -23 19 25 63 0 -3 -4 -18 11 -14 -86 -2 128 45 4 -8 -8 -75 -11 -4 0
1 9060 -112 4 34 -10 0 0 -43 0 -27 -5 -16 108 30 196 57 0 -9 -9 74 11 -2 0
1 10002 -125 -1 -3 -29 0 0 -51 0 2 -20 5 68 39 79 3 -11 2 2 0 3 3 0
1 9987 -145 -14 -2 17 0 0 -52 0 0 8 -3 25 -7 -486 -157 -9 27 27 41 -2 9 0
1 10012 -156 4 -6 23 1 0 -52 0 3 18 0 -40 -2 -498 -153 -5 26 26 -97 -6 2 0
1 12085 -175 -48 29 130 0 1413 -24 2 -30 72 -48 -150 -69 238 73 2 -13 -13 145 22 -4 0
1 10616 -167 114 0 68 0 0 0 0 17 73 -28 -42 -23 568 214 28 -40 -40 -100 -14 -6 0
1 10000 -212 94 12 -31 0 0 0 0 15 1 11 52 22 785 234 4 -38 -38 -29 -7 1 0
1 10066 -189 22 -23 -59 -1 -7 -2 -1 23 -28 35 -232 -40 137 31 -5 -4 -4 20 1 2 0
1 10287 -173 -1 -40 -94 -56 -1434 0 3 32 -64 49 8 -15 -3766 -1051 20 165 165 -9 0 4 0
1 9996 -120 -8 -29 -21 0 0 0 0 21 -17 17 -18 -4 4228 1244 13 -203 -203 114 5 0 0
1 10001 -116 -39 -9 -2 0 0 0 0 0 -12 2 -17 -1 766 234 7 -39 -39 -95 -1 0 0
1 9514 -124 -35 0 -7 0 -3 -2 0 -9 -13 0 -43 -7 525 162 5 -27 -27 15 0 -4 0
1 10619 -103 -34 1 3 0 0 0 0 -8 -6 -2 -39 -2 78 35 8 -7 -7 -24 -1 8 0
1 10000 -104 -59 1 -15 0 0 0 0 -13 -26 0 -42 3 5205 1516 6 -239 -239 -38 -9 -5 0
1 8842 -83 -8 30 104 40 1333 1 0 -26 74 -38 -145 2 -4270 -1225 5 190 190 23 5 2 0
1 15639 -229 141 22 138 0 108 -1 -2 8 125 -66 151 6 437 129 1 -20 -20 30 13 -1 1
1 10000 -132 97 -3 4 0 0 0 0 30 21 2 16 5 387 114 1 -18 -18 1 -13 -1 -1
1 8392 -146 56 4 -94 -19 -1388 0 0 12 -48 45 -58 1 3168 916 1 -144 -144 -18 7 1 0
1 11608 -157 15 -17 -149 0 -2 0 2 21 -107 61 42 6 -2533 -726 3 113 113 8 -5 3 0
1 10000 -121 19 -21 -1 0 0 0 0 24 0 10 52 63 -242 -69 0 11 11 9619 9838 9905 9431
1 10000 -117 4 4 4 0 0 0 0 -1 1 -1 75 34 464 123 -6 -18 -18 -9684 -9847 -9907 -9431
1 8814 -99 -51 -5 -100 8 -1394 -1 0 -12 -83 15 -170 -49 -5 -10 -4 2 2 11 -1 -1 0
1 13693 -155 -153 -13 -110 0 -16 -1 -2 -30 -114 -12 55 -5 408 131 7 -22 -22 8 2 2 0
1 8830 -89 -79 9 88 -1 1278 -1 0 -23 50 -9 -77 34 65 19 0 -3 -3 27 3 -2 1
1 11170 -135 -45 30 104 1 128 0 2 -34 70 -25 149 20 17 6 0 -1 -1 -28 -4 1 -1
1 10000 -120 -53 -3 5 0 0 0 0 -8 -9 -4 145 66 342 84 -7 -11 -11 -19 -5 -12 0
1 10000 -128 -61 -5 2 0 0 0 0 -4 -16 -1 -26 -11 185 33 -12 -3 -3 21 5 10 0
1 8903 -117 -49 -4 79 -1 1236 0 0 -4 43 -9 -180 26 -849 -259 -7 42 42 -19 7 -1 1
1 13402 -178 138 10 163 1 154 0 -2 8 149 -58 546 194 851 245 -1 -38 -38 -17 -14 1 -1
1 10000 -148 124 -16 11 0 0 0 0 38 41 -3 78 101 -624 -259 -42 50 50 -35 -7 -1 0
1 10001 -129 95 1 -1 0 0 0 0 21 22 -1 -7 7 4651 1305 -20 -199 -199 -1 2 -10 0
1 8890 -112 83 4 -92 0 -1397 0 0 23 -47 47 -146 1 1233 345 -5 -52 -52 6 -4 6 0
1 11109 -144 24 1 -112 0 0 -1 2 8 -79 44 97 -3 -7475 -2158 -1 336 336 0 4 -3 1
1 10000 -115 3 1 -29 0 0 0 0 0 -20 7 -43 -4 2527 733 2 -115 -115 -24 -3 -7 -1
1 9999 -105 -17 -7 0 0 0 0 0 1 -4 2 -47 -1 424 130 4 -21 -21 12 -4 10 0
1 9320 -108 -15 0 -91 0 -1247 1 0 -4 -72 16 -213 -5 1026 306 5 -49 -49 8 0 -9 0
1 13388 -135 -98 -19 -116 0 -157 -1 -2 -10 -113 1 36 -22 332 105 5 -18 -18 25 25 61 0
1 8332 -75 -94 -2 87 0 1403 -1 0 -20 50 -9 -343 -61 54 38 12 -8 -8 14 -2 -54 0
1 11669 -131 -41 30 92 0 0 0 2 -37 66 -27 -177 -58 2327 739 36 -122 -122 -9 -10 4 0
1 9999 -110 -46 -2 10 0 0 0 0 -7 -5 -3 -44 -10 468 204 36 -39 -39 -28 -7 4 0
1 10001 -107 -39 -1 -2 0 0 0 0 -5 -12 -2 4 -1 1958 600 18 -95 -95 -7 1 -1 0
1 8759 -110 -21 5 96 0 1377 0 0 -6 63 -18 -167 -4 1990 589 7 -91 -91 4 7 18 0
1 13386 -155 100 2 132 0 17 0 -2 11 117 -47 112 -1 1349 408 10 -63 -63 -22 13 24 1
1 10452 -130 126 -4 17 0 0 0 0 32 41 -9 -88 3 1055 319 6 -49 -49 11 -24 -45 0
1 8823 -109 87 -4 -36 0 -244 0 0 25 -2 18 -327 -5 573 191 14 -31 -31 39 19 41 -1
1 11176 -124 19 3 -162 0 -1153 0 2 7 -114 66 123 -1 2162 665 20 -103 -103 -40 -18 -38 0
1 10001 -107 2 -3 -16 0 0 0 0 4 -13 7 -31 -1 544 181 11 -29 -29 -6 4 -3 0
1 9999 -103 13 0 -11 0 0 0 0 4 -7 5 -72 -9 1143 344 7 -52 -52 25 1 1 0
1 8463 -89 -43 -11 -97 0 -1384 0 0 -3 -83 18 8 -2 -3771 -1074 10 156 156 -12 -2 5 0
1 12261 -128 -126 -25 -77 0 314 0 -2 -11 -87 -1 -168 5 6083 1777 7 -261 -261 -36 -5 -7 1
1 11173 -111 -66 33 136 0 1070 0 2 -42 94 -27 155 5 -124 -28 4 3 3 39 4 1 0
1 10000 -104 -50 3 14 0 0 0 0 -14 -1 -7 7 4 4235 1228 0 -177 -177 -17 -4 7 -1
1 9999 -103 -45 -5 10 0 0 0 0 -2 -6 -2 21 8 -4057 -1177 0 169 169 16 -3 -14 0
1 8432 -98 -28 6 101 0 1380 0 0 -12 67 -22 -57 24 2314 669 -1 -96 -96 -35 2 -3 0
1 14618 -154 113 5 121 0 17 0 -2 14 112 -47 -1073 -261 -1623 -426 22 57 57 79 8 26 0
1 10365 -121 73 -4 16 0 0 0 0 20 27 -6 -1672 -438 7957 2560 124 -389 -389 34 12 11 0
1 9999 -114 109 -7 2 0 0 0 0 32 27 1 -501 -95 705 623 205 -130 -130 39 8 25 0
1 8655 -90 51 0 -93 0 -1409 0 0 16 -51 45 -285 -42 3052 1103 102 -173 -173 -18 -2 21 0
1 11346 -133 48 8 -117 0 0 0 2 9 -79 44 -27 14 11730 3573 64 -488 -488 -29 -7 -23 1
1 10000 -93 24 -10 -21 0 0 0 0 16 -13 11 -23 18 3952 1246 40 -167 -167 29 1 -1 -1
1 9999 -106 -22 -9 2 0 0 0 0 1 -4 3 44 24 3815 1177 26 -155 -155 38 15 12 0
1 8421 -87 49 5 -91 0 -1374 0 0 12 -66 20 193 125 3117 937 9 -119 -119 -31 -36 -61 0
1 13397 -114 -130 -39 -130 0 -16 0 -2 -5 -127 4 147 31 4335 1233 -18 -148 -148 62 31 51 0
1 10472 -84 -87 5 19 0 0 0 0 -29 3 -11 41 16 1052 290 -9 -34 -34 -90 -13 1 0
1 8781 -79 -57 15 78 0 1411 0 0 -24 50 -10 -51 6 805 223 -5 -26 -26 16 3 44 0
1 11219 -98 -27 17 95 0 -1 0 2 -24 72 -19 46 38 747 209 -5 -24 -24 15 1 -36 0
1 9998 -89 -15 7 11 0 0 0 0 -6 3 -6 -154 -23 -6246 -1833 0 225 225 -39 0 -12 0
1 10002 -99 -22 2 4 0 0 0 0 -7 -2 -3 -131 -22 8569 2541 11 -313 -313 127 9 4 0
1 8389 -82 9 4 103 0 1383 0 0 -3 79 -23 -213 -29 2801 851 13 -104 -104 -50 -22 -14 0
1 13415 -145 195 -4 133 0 17 0 -2 47 135 -52 -1090 -191 1811 690 68 -95 -95 83 38 57 1
1 10352 -115 126 -1 13 0 0 0 0 39 27 -4 -87 -28 14278 4444 101 -530 -530 -23 -2 -2 -1
1 10476 -120 92 -5 6 0 0 0 0 34 14 2 -54 -13 2515 846 43 -103 -103 56 9 12 0
1 10000 -110 96 -2 -3 0 0 0 0 33 5 9 17 6 3259 1024 25 -117 -117 -62 -6 -7 1
