version: 66.11
glider: 175
mission: 11
dive: 58
start: 5 24 126 18 29 9
columns: rec,elaps_tms,depth,heading,pitch,roll,AD_pitch,AD_roll,AD_vbd,GC_phase,mag.x,mag.y,mag.z,sbect.TempFreq,sbect.CondFreq,aa4330.O2,aa4330.AirSat,aa4330.Temp,aa4330.CalPhase,aa4330.TCPhase,wlbb2f.redCount,wlbb2f.blueCount,wlbb2f.fluorCount,wlbb2f.VFtemp,
data:
0 22382 -61 525 -726 47 245 2027 836 2 518 -194 -37 260903 166778 541913 176063 16071 24421 24421 509 185 160 568
1 9997 23 159 20 -123 -1 -1 287 0 -12 -35 26 172 6 -67717 -21930 20 1277 1277 -25 -1 -29 -1
1 10000 25 -54 -36 89 0 1 286 0 5 13 -20 2020 -56 -107512 -41124 -2454 3752 3752 92 35 45 0
1 9995 8 82 9 -59 1 -1 279 0 -7 -16 14 319 -156 6483 1503 -195 -113 -113 -22 -19 -42 0
1 10020 51 -11 -17 59 0 1 272 0 3 6 1 1332 -192 16394 4072 -361 -326 -326 -172 12 49 0
1 9989 57 -31 15 -75 0 0 272 0 0 -1 -20 159 -103 -927 -775 -187 109 109 102 -50 -65 0
1 9996 106 55 4 -35 -1 0 284 0 -4 -12 7 1348 -362 -1381 -1120 -266 159 159 -53 18 51 0
1 9995 187 96 -56 -16 1 0 325 0 -2 -7 -21 2072 -1383 -7287 -2718 -203 308 308 102 19 76 0
1 11387 386 -374 22 298 457 -2 95 -1 23 66 -6 770 -318 -2314 -1244 -215 168 168 -60 -18 -30 0
1 8629 372 -64 195 -130 1733 -870 3 5 -10 39 122 2082 224 681 -592 -310 121 121 5 7 -8 0
1 14064 482 141 255 -294 0 -503 2 -2 -130 -167 124 2042 94 -19495 -6982 -498 848 848 -70 -32 -54 0
1 10000 216 -13 58 0 0 0 0 0 -34 -11 31 1033 156 -7640 -2738 -210 354 354 57 15 22 0
1 10000 181 -9 15 -25 0 0 0 0 -9 -14 -4 1222 236 -16395 -5194 -183 659 659 -87 -27 -48 0
1 10002 165 -4 6 -5 0 0 0 0 -3 -4 0 786 117 -3712 -1541 -209 236 236 -19 12 16 0
1 9998 172 70 14 -17 0 0 0 0 -24 -29 -2 308 -11 -12036 -3774 -138 517 517 -18 -3 -37 0
1 10000 163 41 3 -6 0 0 0 0 -13 -12 -2 710 41 -9594 -3012 -119 432 432 -24 -8 -16 -1
1 10002 159 56 8 2 0 0 0 0 -19 -14 3 34 8 -8686 -2701 -102 401 401 12 -7 -2 1
1 10000 174 37 -14 -5 0 0 0 0 0 -6 -8 4 -3 -3557 -1097 -39 167 167 -7 11 3 -1
1 9999 168 62 9 12 0 0 0 0 -24 -7 13 -3 -8 -2224 -691 -27 106 106 20 -5 1 0
1 9999 176 43 -4 1 0 0 0 0 -10 -7 -1 1 2 535 111 -22 -12 -12 -17 0 -6 0
1 10002 172 73 14 8 0 0 0 0 -35 -6 16 -33 -71 -2143 -605 4 88 88 9 -7 -1 0
1 10000 158 44 -9 -2 0 0 0 0 -8 -5 -1 -6 -14 -729 -217 -4 33 33 -42 2 2 0
1 11071 176 35 4 -1 0 0 0 0 -15 -4 4 -18 -40 -998 -296 -6 45 45 27 6 1 0
1 10001 169 60 0 -1 0 0 0 0 -22 -6 5 54 -3 -894 -273 -9 43 43 11 7 5 0
1 10000 158 47 -1 0 0 0 0 0 -14 0 9 4 -10 -616 -193 -8 31 31 -38 -15 -7 0
1 10001 162 39 5 13 0 0 0 0 -19 7 12 -32 -14 -1222 -331 9 47 47 15 10 3 0
1 10000 137 47 -8 -19 0 0 0 0 -9 -8 -5 3 -1 4329 1243 3 -185 -185 0 1 0 0
1 9999 158 2 -5 22 0 0 0 0 3 13 13 30 -4 -4937 -1418 -3 212 212 12 -1 2 0
1 10001 147 27 4 -13 0 0 0 0 -11 -5 -2 13 0 -19 -29 -13 7 7 32 6 -1 0
1 9998 150 26 7 8 0 0 0 0 -15 5 11 2 -1 -150 -45 -1 7 7 29 5 10 1
1 10002 143 38 -6 -2 0 0 0 0 -7 3 5 2 -1 -42 -16 -2 3 3 -44 -12 -11 -1
1 10000 150 55 6 -6 0 0 0 0 -23 3 8 -29 -22 -570 -153 5 22 22 12 2 -10 0
1 9999 130 32 -6 11 0 0 0 0 -8 10 10 22 -5 -280 -88 -4 14 14 -10 0 10 0
1 10000 133 32 1 -6 0 0 0 0 -6 5 5 6 -5 5041 1426 -8 -212 -212 -9 0 2 0
1 10000 140 42 -2 0 0 0 0 0 -10 7 8 0 4 -5830 -1655 7 247 247 67 8 -7 0
1 10000 130 25 -5 -2 0 0 0 0 -4 4 3 3 -8 82 20 -2 -3 -3 1 -3 2 0
1 10000 154 33 5 -4 0 0 0 0 -10 5 6 -2 -7 -324 -101 -5 17 17 -68 -4 3 0
1 10000 145 46 5 -3 0 0 0 0 -14 9 8 -12 1 11 9 3 -2 -2 -7 -3 2 0
1 8826 141 16 2 43 0 77 3 -1 -9 35 27 -113 -6 65 14 -2 -2 -2 32 -13 -43 0
1 11169 153 8 28 172 45 1302 0 3 -24 152 66 68 -19 -343 -112 -8 19 19 -12 15 43 0
1 10842 145 19 39 7 98 0 0 -4 -42 12 1 -227 -31 277 106 15 -20 -20 -4 0 -9 0
1 8000 62 11 63 10 0 0 -35 0 -62 12 -5 101 -8 -366 -107 -2 17 17 59 9 10 0
1 9995 66 2 14 8 0 0 -49 0 -16 7 -3 -140 -9 -171 -36 7 4 4 -67 -4 -5 0
1 9997 44 19 -9 -1 0 0 -50 0 7 7 4 104 1 -9 6 5 -2 -2 -1 1 4 0
1 9977 60 -2 -7 1 0 0 -50 0 9 1 1 65 -10 -558 -159 0 24 24 -10 -6 -2 0
1 10028 48 8 -10 -1 0 0 -50 0 8 2 2 -75 -6 -10 7 5 -2 -2 31 10 0 1
1 9982 63 19 -6 2 0 0 -49 0 4 9 2 60 -9 344 89 -5 -12 -12 15 -3 -2 0
1 10026 59 26 -4 1 0 0 -49 0 0 10 3 8 0 -477 -151 -8 24 24 -68 -12 4 -1
1 9980 50 24 -5 2 0 0 -49 0 2 11 2 -38 -1 -168 -54 -3 9 9 59 14 3 0
1 9985 56 35 -10 -2 0 0 -48 0 7 11 1 -11 -4 -172 -54 -2 9 9 -24 -5 -8 0
1 10027 51 28 -4 5 0 0 -48 0 3 15 2 71 -4 289 83 0 -13 -13 37 5 6 0
1 9983 49 28 -7 1 0 0 -49 0 4 12 1 11 -3 232 62 -2 -9 -9 -33 -10 -6 1
1 10003 37 31 -13 -2 0 0 -49 0 14 10 2 -90 -9 -633 -185 -2 29 29 34 9 -3 0
1 13809 39 37 132 1 309 0 -20 0 -116 15 -24 -19 -8 48 2 -6 1 1 -36 -1 5 0
1 7606 -17 16 278 11 1 0 -31 0 -226 16 -140 63 0 -316 -94 -3 15 15 -24 -1 -3 0
1 8575 -40 -11 -23 0 0 0 -41 0 14 -4 15 -19 -1 -528 -147 2 22 22 -22 -14 -1 0
1 10027 -32 -39 -21 1 0 0 -50 0 14 -14 12 73 14 132 42 3 -7 -7 60 10 2 0
1 9997 -46 -38 1 -4 0 0 -51 0 0 -17 -2 -133 10 229 67 1 -10 -10 -8 2 8 0
1 9999 -53 -51 -6 3 0 0 -51 0 5 -17 3 76 4 -519 -142 3 21 21 1 -6 -9 0
1 9993 -56 -20 2 3 -1 -1 -51 0 3 -5 1 -133 7 -19 -6 0 1 1 9 4 1 0
1 9998 -69 5 -6 -3 0 1 -52 0 4 0 4 127 6 334 100 2 -16 -16 -26 -6 1 0
1 9997 -70 15 -3 1 1 0 -53 0 0 6 3 -32 14 -144 -45 -2 7 7 21 4 -2 0
1 10001 -81 -8 -13 6 0 0 -53 0 6 0 4 2 11 30 6 -2 0 0 -28 -2 0 0
1 10000 -89 -1 -6 -4 0 0 -52 0 7 -2 5 35 4 538 153 0 -24 -24 30 3 1 0
1 9995 -95 0 -2 -1 -1 0 -54 0 0 -1 1 -5 12 306 81 -3 -12 -12 -8 2 0 0
1 10002 -83 -16 -5 -97 7 -1064 -45 4 4 -75 -13 16 18 3626 1032 -2 -156 -156 -25 -1 -6 0
1 15949 -161 -104 -17 -130 1 -327 -1 -2 31 -126 -37 123 19 -3033 -879 -7 135 135 27 -3 -2 0
1 9999 -90 -78 -4 1 0 0 0 0 14 -26 -8 -4 2 54 8 -4 0 0 2 1 5 0
1 8671 -83 -77 9 118 -15 1408 -4 0 8 53 43 -79 22 -251 -76 -2 12 12 23 2 2 0
1 11330 -120 -35 19 82 1 0 0 2 -7 49 19 74 3 195 55 0 -9 -9 -57 -6 1 0
1 10000 -98 -38 -14 17 0 0 0 0 21 1 14 10 5 317 90 0 -13 -13 -31 -23 -41 0
1 10000 -93 -1 -2 3 0 0 0 0 1 1 2 -13 -3 262 73 -2 -11 -11 60 27 46 0
1 8763 -82 -25 -2 111 -17 1373 0 0 7 80 28 -68 7 581 167 1 -26 -26 11 -2 -2 0
1 14342 -160 86 5 118 0 18 0 -2 -28 112 -12 82 3 214 53 -4 -7 -7 -31 -11 -9 0
1 10000 -95 66 -9 12 0 0 0 0 -10 28 -7 -33 -5 -83 -21 1 3 3 -7 13 4 0
1 9999 -112 53 -3 0 0 0 0 0 -8 16 -9 4 5 -425 -117 2 17 17 2 2 3 0
1 8845 -76 64 8 -51 2 -469 -1 0 -15 -18 -9 -33 6 46 15 2 -2 -2 -9 -4 -2 0
1 11154 -111 15 -3 -169 1 -943 0 2 4 -118 1 70 2 431 121 -1 -18 -18 -10 -3 -5 0
1 10001 -109 0 -11 -14 0 0 0 0 11 -9 6 -19 -3 -5 -5 -2 1 1 6 -2 7 0
1 10001 -81 -18 -3 -7 0 0 0 0 3 -13 1 9 5 421 121 0 -19 -19 14 5 -1 0
1 10000 -79 -24 -3 21 0 -4 -1 0 5 7 4 -2 2 -476 -136 0 21 21 1 -2 -9 0
1 9998 -85 -3 6 -16 0 0 0 0 -7 -14 -6 11 1 -7 -1 1 0 0 -42 -4 3 0
1 10000 -91 -16 6 -5 0 0 0 0 1 -8 -2 -2 0 290 82 -1 -12 -12 25 3 4 0
1 10000 -108 -48 -9 -4 0 -1 1 0 16 -19 6 10 3 -184 -53 0 8 8 8 -1 -6 0
1 10000 -78 -54 9 -7 0 0 0 0 5 -23 -5 -8 -2 -78 -27 -3 4 4 21 6 7 0
1 10001 -98 -39 -4 19 0 0 0 0 13 3 8 -40 -4 21 8 1 -1 -1 -18 -3 -1 0
1 8301 -72 1 4 119 0 1404 -1 0 -10 87 16 -44 1 1107 323 4 -50 -50 9 15 55 0
1 13675 -147 72 3 94 0 9 0 -2 -22 92 -11 54 4 -1151 -329 0 50 50 -16 -22 -61 0
1 10030 -94 67 7 5 0 0 0 0 -16 25 -14 -21 -2 341 99 0 -15 -15 19 12 2 0
1 8640 -96 38 7 -99 2 -1412 0 0 -10 -61 -5 -91 2 1343 387 2 -59 -59 20 -22 -39 1
1 11359 -133 -7 -14 -101 0 -4 0 2 13 -75 4 106 15 -977 -278 1 42 42 8 21 42 0
1 10001 -106 -63 -4 -10 0 0 0 0 17 -29 6 31 64 -404 -116 0 17 17 10 -5 6 0
1 9998 -97 -59 8 28 0 0 0 0 4 1 1 9 6 662 184 -3 -27 -27 7 12 -7 0
1 10001 -126 2 8 -61 0 -1 0 0 -2 -42 -13 14 22 1899 540 -1 -81 -81 -43 -16 6 0
1 10001 -101 -17 -22 17 0 0 0 0 18 4 13 0 1 -885 -258 -3 39 39 -34 -6 1 0
1 10000 -96 -50 -1 5 0 0 0 0 15 -9 6 2 -4 527 147 -2 -21 -21 22 5 1 0
1 8569 -61 -35 1 117 0 1397 0 0 5 80 24 -119 -10 1566 447 0 -67 -67 24 -2 -45 0
1 13400 -153 -5 42 67 0 18 -1 -2 -31 47 -13 148 38 -1244 -355 0 53 53 -54 0 39 0
1 10001 -107 13 -10 31 0 0 0 0 3 28 2 20 16 61 13 -2 -1 -1 11 4 6 0
1 10000 -130 59 -13 12 0 0 0 0 -5 26 -5 1 6 263 66 -5 -9 -9 1 0 1 0
1 9999 -111 16 7 -10 0 0 0 0 -12 -8 -7 -72 8 368 102 -1 -15 -15 -2 1 -1 0
1 10001 -123 27 -4 -27 0 0 0 0 -3 -11 -1 -40 1 284 93 6 -16 -16 33 5 -6 0
1 10000 -117 20 -6 30 0 0 0 0 1 30 -2 -212 13 730 226 9 -35 -35 -25 -10 11 0
1 10000 -132 25 -8 5 0 0 0 0 -1 10 -2 -237 -3 1220 378 15 -60 -60 36 13 5 0
1 10000 -119 52 12 6 0 0 0 0 -13 24 -12 -163 11 1076 377 35 -63 -63 -29 -4 5 0
1 8719 -114 73 -18 -98 -23 -1401 0 0 4 -46 6 -406 -37 2816 858 27 -132 -132 32 -18 -51 0
1 11281 -121 23 -16 -105 0 0 0 2 13 -68 9 -137 0 1842 621 47 -100 -100 -37 15 52 0
1 10000 -92 -25 -25 -13 0 0 0 0 19 -21 11 9 9 1085 374 32 -61 -61 48 7 4 0
1 10000 -89 -53 0 -5 0 0 0 0 8 -23 1 -430 -38 1336 413 14 -62 -62 4 -3 15 0
1 9415 -73 -33 10 -4 0 -5 0 0 -1 -14 -3 -219 -29 2648 800 20 -119 -119 -33 -5 -1 0
1 10585 -62 2 4 -7 0 0 0 0 -2 -4 -3 -636 -123 2802 923 59 -142 -142 44 12 32 0
1 10000 -61 25 -1 -1 0 0 0 0 -7 6 -2 -434 -76 4108 1275 45 -186 -186 24 -1 0 0
1 8818 -45 17 24 -8 33 0 -2 -4 -17 3 -10 -462 -78 3662 1195 68 -177 -177 -4 6 13 0
1 10000 -64 11 17 13 0 0 -48 0 -16 13 -9 -518 -74 5155 1609 57 -228 -228 -8 -6 -10 0
1 10006 -67 1 -13 5 0 0 -51 0 8 3 6 -368 -55 5027 1541 42 -211 -211 33 9 10 0
1 9999 -75 -5 -2 -2 0 0 -53 0 5 -2 3 -498 -107 4885 1615 93 -226 -226 11 4 8 0
1 9982 -61 -12 -4 -3 0 0 -52 0 4 -7 1 -761 -46 3474 1165 71 -162 -162 9 1 18 0
1 11120 -86 -15 -4 0 0 0 -43 4 8 -4 3 7 66 3250 1238 132 -181 -181 -23 -4 -26 0
1 10617 -76 -2 -7 0 0 0 0 0 1 -3 2 48 20 4892 1624 88 -216 -216 -17 -5 9 0
1 10000 -73 -27 3 -1 0 0 0 0 2 -10 0 34 6 2759 844 17 -105 -105 -5 3 1 0
1 8813 -55 -16 1 4 0 0 -3 -4 1 -3 0 -74 3 784 268 18 -35 -35 -10 -2 -15 0
1 10000 -73 -9 3 0 0 0 -53 0 2 -2 1 5 7 326 116 9 -16 -16 54 9 8 0
1 10024 -82 -5 -18 7 0 0 -53 0 14 3 7 -591 -26 854 263 6 -32 -32 50 -3 17 0
1 9978 -63 -28 2 10 0 0 -53 0 2 -3 1 35 -4 941 363 38 -51 -51 -47 8 17 0
1 10018 -80 -18 -4 -13 0 0 -56 0 8 -16 1 -356 -27 1479 509 32 -67 -67 35 1 -4 0
1 11168 -93 -46 -2 0 0 0 -16 4 15 -13 4 74 -15 33 103 40 -20 -20 -14 -5 -12 0
1 9999 -77 -35 4 -2 0 0 0 0 8 -10 1 -128 -28 2367 758 29 -94 -94 -48 -12 41 0
1 10001 -91 -26 -1 -2 0 0 0 0 8 -8 2 -655 -108 1200 411 25 -52 -52 3 9 31 0
1 8733 -56 -18 -3 112 0 1387 -3 0 1 80 21 -976 -139 3265 1105 62 -139 -139 95 19 15 0
1 13393 -134 131 -7 118 0 17 -1 -2 -30 132 -15 -394 11 5765 2098 168 -270 -270 -448 -15 -223 0
1 10369 -100 151 -15 30 0 0 0 0 -12 75 -25 -85 248 11183 3534 97 -402 -402 0 10 0 0
