version: 66.11
glider: 175
mission: 11
dive: 204
start: 5 29 126 15 3 28
columns: rec,elaps_tms,depth,heading,pitch,roll,AD_pitch,AD_roll,AD_vbd,GC_phase,mag.x,mag.y,mag.z,sbect.TempFreq,sbect.CondFreq,aa4330.O2,aa4330.AirSat,aa4330.Temp,aa4330.CalPhase,aa4330.TCPhase,wlbb2f.redCount,wlbb2f.blueCount,wlbb2f.fluorCount,wlbb2f.VFtemp,
data:
0 22785 -561 1572 -735 -25 246 2019 847 2 426 -135 238 264520 162850 331123 96030 10954 31897 31897 711 240 411 568
1 10018 8 -42 4 3 0 0 284 0 3 -10 -8 90 5 -910 -354 -41 53 53 107 3 -25 0
1 9994 39 28 -36 -21 1 0 279 0 16 -1 -23 -34 0 11924 5599 930 -871 -871 40 7 30 -1
1 9973 32 107 -2 2 -1 0 275 0 -1 38 12 -30 1 58611 18431 399 -2014 -2014 -136 6 24 0
1 10020 36 123 -20 -16 1 1 265 0 10 37 -12 -31 11 1238 551 66 -65 -65 180 -2 -53 0
1 10006 22 69 5 29 0 -1 257 0 -3 39 2 83 -1 10450 3216 32 -301 -301 -99 -2 7 0
1 9977 77 31 -2 -14 0 1 268 0 3 4 -3 354 -63 2546 744 -6 -66 -66 40 7 21 0
1 10003 193 -205 1 132 0 -1 305 0 -2 -5 4 926 -8 -460 -72 23 2 2 -16 -2 -57 0
1 12150 458 70 11 -143 465 0 156 -1 -4 -49 7 1932 297 3156 645 -106 -38 -38 -249 -50 -77 0
1 8002 400 112 192 -113 1675 -600 2 5 -120 -51 117 2269 367 -18088 -6235 -307 634 634 -20 -11 -40 0
1 14096 584 137 269 -154 5 -790 2 -2 -216 -111 63 1426 258 -37929 -12258 -412 1340 1340 -36 -11 -32 0
1 10000 272 66 59 13 0 0 0 0 -45 28 18 669 127 -16178 -5138 -164 618 618 -17 -7 -28 0
1 10000 231 36 17 18 0 0 0 0 -7 25 9 623 145 -8296 -2652 -98 337 337 -14 1 3 0
1 10000 234 11 -6 8 0 0 0 0 8 11 1 599 128 -5678 -1951 -131 267 267 -67 -12 -28 0
1 10000 212 12 -7 -7 0 0 0 0 7 -2 -1 486 86 -7295 -2377 -115 323 323 1 3 -23 0
1 10000 219 30 8 -4 0 0 0 0 1 4 1 336 79 -6649 -2135 -96 299 299 78 11 15 0
1 10000 230 41 5 -5 0 0 0 0 5 7 1 195 32 -4449 -1414 -59 201 201 -75 -7 -6 0
1 10000 225 -1 -2 16 0 0 0 0 4 13 2 362 85 -2785 -896 -43 131 131 -68 -17 -25 0
1 10001 208 70 10 -13 0 0 0 0 8 5 0 1194 281 -5210 -1759 -123 269 269 -23 -11 -11 0
1 9999 197 51 4 1 0 0 0 0 12 11 0 208 59 -9229 -2887 -114 435 435 -9 5 2 0
1 10000 206 41 -1 1 0 0 0 0 14 8 -1 94 32 47 -84 -49 22 22 0 1 -11 0
1 10001 196 71 2 2 0 0 0 0 20 11 -3 35 15 -2336 -726 -28 112 112 23 -3 2 0
1 11201 202 106 1 3 0 0 0 0 30 17 -8 528 34 -1781 -583 -37 94 94 4 6 -2 0
1 10000 196 55 -9 4 0 0 0 0 26 7 -7 13 -30 -3882 -1214 -52 192 192 15 -7 -8 0
1 9999 187 76 5 -2 0 0 0 0 18 2 -7 57 -7 -3425 -1025 -23 161 161 -32 7 4 0
1 10001 184 41 0 -1 0 0 0 0 12 0 -6 11 -4 -2108 -626 -12 98 98 -12 -5 3 0
1 10001 190 66 2 0 0 0 0 0 17 0 -8 -19 -18 -4164 -1210 -9 190 190 18 2 -2 0
1 9999 193 42 -5 4 0 0 0 0 15 1 -7 -74 -31 2706 775 0 -121 -121 -7 -6 -6 0
1 10000 187 35 -5 9 0 0 0 0 13 6 -6 5 -36 -353 -96 3 15 15 -24 3 5 0
1 9999 185 -32 -15 -8 0 0 0 0 4 1 -2 5 -64 -552 -159 -1 25 25 12 -1 -7 0
1 10001 222 35 13 -5 0 0 0 0 -2 -11 -1 -1 -14 -1309 -381 -3 60 60 -16 -3 6 0
1 10000 188 60 9 -4 0 0 0 0 9 -8 -6 -3 -7 -757 -219 -2 34 34 1 0 3 0
1 9999 182 87 7 -3 0 0 0 0 15 -12 -10 1 -26 -410 -119 -1 19 19 11 -5 -12 0
1 10000 188 47 -4 8 0 0 0 0 12 0 -8 2 -22 -5012 -1434 0 228 228 20 20 -1 0
1 10441 201 50 -2 2 0 0 0 0 12 -3 -8 -1 -3 3741 1070 0 -171 -171 4 -8 0 0
1 10000 179 85 8 -9 0 0 0 0 13 -17 -12 -29 -40 -635 -181 1 29 29 -21 0 15 0
1 9999 176 53 -4 10 0 0 0 0 6 -6 -8 -59 -60 -592 -163 3 25 25 14 2 -7 0
1 11928 210 75 -2 3 0 0 0 0 12 -10 -12 -7 -25 -269 -65 6 9 9 71 8 -1 0
1 10001 165 40 -7 2 0 0 0 0 10 -4 -10 -50 -42 -808 -227 3 36 36 -17 -5 -1 0
1 10025 187 80 3 23 0 11 2 -1 6 -2 -5 -37 -6 -297 -81 2 12 12 -59 -3 -1 0
1 9522 145 30 7 167 38 1375 1 3 -6 104 21 88 0 -449 -131 -1 21 21 -2 -3 -5 0
1 10623 169 -30 15 22 0 0 0 0 -12 22 9 -37 -64 -781 -221 1 35 35 13 5 -2 0
1 10000 148 -22 1 6 0 0 0 0 -3 10 2 2 -37 -187 -47 4 7 7 -3 -4 2 0
1 8895 127 -41 -1 -3 23 0 0 0 -5 7 2 -49 -11 -611 -173 1 27 27 7 3 4 0
1 11105 154 -21 37 1 21 -1 0 0 -29 5 22 63 -20 -392 -113 -1 19 19 94 12 2 0
1 10000 118 -11 9 9 0 0 0 0 -11 7 6 30 -15 -4172 -1198 -2 195 195 -87 -12 -4 0
1 10000 110 -39 1 -2 0 0 0 0 -6 7 3 74 -27 3150 894 -4 -145 -145 19 4 -6 0
1 9998 100 21 6 1 0 1 0 0 0 -3 1 -41 -42 2676 752 -7 -119 -119 -34 -6 4 0
1 10002 108 -4 -4 -1 0 0 0 0 1 -1 -1 39 -22 -4261 -1218 0 196 196 25 3 1 0
1 10000 96 56 4 -3 0 0 0 0 5 -14 -2 -39 -26 -759 -227 -5 38 38 17 6 0 0
1 10000 120 32 1 2 0 0 -1 0 3 -6 -2 -29 -23 -395 -106 3 17 17 -10 2 3 0
1 10000 94 53 0 5 0 0 0 0 4 -10 -2 -51 -26 -504 -136 5 21 21 -6 -5 0 0
1 10000 108 23 -3 0 0 0 0 0 6 -5 -3 -21 -17 -276 -70 5 11 11 45 8 4 0
1 8325 86 41 -9 99 -9 1404 1 0 6 63 -12 -84 -9 -511 -137 6 21 21 -73 -6 -7 0
1 13376 154 -85 0 121 0 15 0 -2 -5 107 -33 45 -7 473 143 3 -24 -24 27 -5 -8 0
1 10000 113 -49 6 4 0 0 0 0 -12 15 1 -19 -15 119 39 3 -7 -7 60 10 7 0
1 10767 117 -87 -2 -47 0 -506 1 0 -10 -12 14 -59 -3 156 50 3 -9 -9 -44 -3 1 0
1 11177 121 20 -13 -156 0 -917 0 2 15 -119 27 13 -20 -558 -159 1 26 26 48 2 -3 0
1 10000 119 15 4 -15 0 0 0 0 0 -14 2 6 1 280 89 5 -16 -16 -21 2 22 0
1 10001 121 -6 0 -6 0 0 0 0 0 -3 0 15 4 -412 -115 1 19 19 47 -1 -13 0
1 8648 97 59 5 10 0 -1 0 0 2 -7 0 -102 -12 141 38 -1 -6 -6 -96 -12 -6 0
1 11352 122 14 -1 -4 0 -1 0 0 4 -6 -1 39 -15 -28 2 5 -2 -2 43 7 -6 0
1 9999 114 34 1 0 0 0 0 0 8 -7 -2 37 -1 520 153 3 -25 -25 26 10 8 0
1 9999 109 10 1 -1 0 0 0 0 -4 -4 1 92 12 -226 -77 -7 14 14 -27 -9 2 0
1 9426 102 15 -2 -3 0 1 -1 0 3 -6 -2 0 -2 -682 -210 -8 36 36 -51 -8 -1 0
1 10576 121 5 -1 2 0 0 0 0 0 0 0 65 10 -419 -122 -1 20 20 36 5 -5 0
1 9999 114 4 6 3 0 0 0 0 -4 1 2 34 9 162 35 -7 -4 -4 15 3 5 0
1 8709 109 8 -11 97 0 1414 0 0 4 69 -12 -77 3 298 73 -7 -11 -11 -51 14 11 0
1 13384 153 -91 2 106 0 13 0 -2 -11 97 -28 84 2 -634 -186 -2 31 31 -9 -20 -18 0
1 9272 101 -76 11 -44 0 -489 0 0 -14 -10 15 -76 3 -236 -72 -3 13 13 32 7 11 0
1 11175 118 -33 -15 -155 0 -924 0 2 7 -108 29 134 2 -101 -36 -4 7 7 26 4 -11 0
1 9998 115 -23 6 0 0 0 0 0 -7 5 3 9 0 -354 -107 -3 18 18 -33 -7 4 1
1 10000 99 -7 3 0 0 0 0 0 -5 0 4 75 20 -202 -68 -6 13 13 3 -3 2 -1
1 9403 104 -35 -5 -106 0 -1259 0 0 5 -69 3 -73 8 -438 -139 -7 24 24 85 19 3 0
1 13397 147 75 10 -112 0 -115 0 -2 4 -103 -12 125 5 -274 -88 -6 16 16 -34 -13 -9 0
1 9999 114 59 10 -3 0 0 0 0 2 -15 -5 9 1 -137 -46 -3 9 9 27 8 4 1
1 8814 85 81 -1 48 0 510 0 0 5 16 0 -61 -4 -40 -16 -3 3 3 42 12 -19 -1
1 11185 108 51 -14 145 0 867 0 2 14 98 2 16 -4 -470 -132 1 22 22 -31 -12 16 1
1 10002 106 9 0 20 0 0 0 0 -2 12 -1 -12 -5 543 157 1 -27 -27 -24 2 4 0
1 10000 98 -2 1 -6 0 0 0 0 3 -3 0 51 -12 -92 -26 1 5 5 31 3 -3 0
1 8454 87 13 -5 96 -1 1402 0 0 0 67 -8 -145 -22 3206 912 -3 -151 -151 69 20 -2 0
1 13417 142 -84 4 128 0 5 0 -2 -13 111 -30 134 -5 -4208 -1203 0 200 200 -75 -15 5 0
1 10775 124 -99 12 -45 0 -491 1 0 -20 -6 17 -146 -15 66 20 0 -4 -4 20 3 -3 0
1 11175 115 -7 -19 -155 0 -912 -1 2 19 -111 24 123 0 -170 -47 2 8 8 7 3 1 0
1 10000 122 6 6 -16 0 0 0 0 -4 -14 4 -39 -26 165 49 0 -9 -9 5 0 -2 0
1 10000 111 29 1 3 0 0 0 0 1 -5 0 -29 -13 -288 -75 5 12 12 -12 -1 -1 0
1 8739 90 24 5 3 0 -1 1 0 1 -3 0 -112 -16 -174 -42 4 6 6 -40 -8 3 0
1 11261 134 46 -2 0 0 -1 0 0 6 -11 -2 53 -15 513 155 5 -27 -27 38 5 1 0
1 10000 116 6 -2 1 0 0 0 0 1 -1 -2 -56 -31 112 43 6 -8 -8 29 3 -2 0
1 10002 122 -18 -3 -14 0 0 0 0 2 -6 0 -5 -25 -151 -35 5 4 4 10 12 1 0
1 9998 117 60 1 10 0 0 0 0 3 -8 -2 -27 656 -187 -48 2 8 8 -42 -15 1 0
1 10000 119 14 1 -6 0 0 0 0 5 -7 -1 -14 -676 49 21 5 -5 -5 -9 -3 -2 0
1 10001 128 79 3 7 0 0 0 0 -2 -16 0 -29 -31 -35 -4 3 0 0 46 12 2 0
1 9578 111 24 -7 96 0 1237 0 0 4 65 -8 -94 -7 -4182 -1188 5 200 200 -33 2 -1 0
1 13330 158 -107 10 114 0 169 0 -2 -12 109 -26 83 -4 4364 1253 2 -212 -212 52 -6 1 0
1 10768 126 -42 4 6 0 0 0 0 -9 15 0 20 -6 -286 -80 2 13 13 102 22 -1 0
1 10000 114 -85 4 3 0 0 0 0 -12 23 -4 -6 -1 -123 -36 -1 6 6 -76 -8 0 0
1 8797 105 -55 -7 -105 0 -1395 0 0 0 -61 29 -75 -5 -177 -51 0 9 9 23 6 0 0
1 11202 142 6 -13 -109 0 -18 0 2 11 -84 16 68 -4 81 25 1 -5 -5 -17 -7 -2 0
1 10000 113 10 5 -11 0 0 0 0 -1 -10 2 2 0 121 35 0 -5 -5 -12 -3 8 0
1 10000 133 6 2 11 0 0 0 0 -1 7 -1 -13 -4 -458 -131 0 21 21 -18 1 -6 0
1 9747 108 27 1 -6 0 0 0 0 2 -11 1 2 0 -4378 -1251 1 211 211 110 12 2 0
1 10620 131 3 6 -2 0 0 0 0 -2 -1 1 8 -2 4560 1304 0 -220 -220 -60 4 4 0
1 9999 121 18 0 -9 0 0 0 0 3 -11 -2 -22 -7 -312 -89 0 15 15 31 -5 -5 0
1 10001 112 71 -11 32 0 0 0 0 15 6 -9 -87 -46 310 98 5 -17 -17 -93 -6 -1 0
1 10000 128 46 -4 -28 0 0 0 0 6 -32 -2 -43 -17 89 41 9 -9 -9 166 21 24 0
1 9999 102 15 2 13 0 0 0 0 1 6 0 2 -1 -72 -11 5 1 1 -45 -6 -25 0
1 8397 109 0 -5 101 0 1403 0 0 -1 73 -10 -83 3 -50 -12 2 1 1 -133 -41 -25 0
1 13732 163 -76 10 110 0 14 0 -2 -13 97 -27 73 -11 159 49 2 -8 -8 30 18 24 0
1 10000 107 -32 10 10 0 0 0 0 -13 16 0 -15 -9 56 19 2 -4 -4 -51 -6 4 0
1 8859 107 -72 10 -50 0 -378 0 0 -16 -16 18 -57 -4 712 207 1 -35 -35 157 -10 -47 0
1 11148 124 -33 -27 -163 0 -1028 0 2 20 -113 25 61 1 -722 -204 1 34 34 63 37 47 0
1 10000 118 43 12 -8 0 0 0 0 -5 -17 7 -5 -10 192 54 0 -9 -9 -94 -5 -2 0
1 10000 110 10 -2 -8 0 0 0 0 6 -7 -2 -1 3 -122 -34 1 6 6 -77 -12 2 0
1 10001 107 38 -3 5 0 -2 0 0 4 -6 -2 -1 -13 3117 893 0 -149 -149 9 3 -3 0
1 9999 114 34 8 3 0 0 0 0 0 -5 2 0 -5 -3357 -960 1 160 160 61 3 2 0
1 10001 112 20 -2 -5 0 0 0 0 6 -8 -3 -4 -3 -379 -107 1 17 17 -27 4 -4 1
1 11430 117 56 18 1 67 0 0 -4 -12 -15 9 -124 -17 632 180 -1 -30 -30 1 1 1 -1
1 7705 62 16 37 6 0 0 -35 0 -29 0 16 58 0 -286 -82 0 14 14 1 14 10 0
1 9695 67 44 10 -6 0 0 -46 0 -7 -17 4 -69 -7 -392 -111 0 18 18 198 13 -10 0
1 9981 68 48 -3 2 0 1 -49 0 8 -11 -3 53 -5 -96 -26 1 5 5 -162 -19 1 0
1 10022 65 3 -6 -2 0 -1 -50 0 5 -2 -4 -23 3 -161 -46 1 7 7 -46 0 -3 1
1 9996 74 9 -9 3 0 0 -49 0 8 0 -4 21 -7 379 110 0 -18 -18 46 5 1 -1
1 9990 68 -3571 -5 4 0 0 -48 0 4 -5 -3 -20 -2 185 54 1 -9 -9 -14 -7 7 0
1 10005 69 1 -2 -4 0 0 -49 0 3 -3 -2 0 -4 -261 -75 0 12 12 43 8 -4 0
1 10000 66 23 -7 1 0 0 -47 0 7 -6 -4 20 -2 216 63 0 -11 -11 -40 -6 -3 0
1 10006 53 28 -11 2 0 0 -48 0 8 -6 -6 -76 -15 -377 -105 2 18 18 45 17 3 0
1 9995 47 19 -7 -2 0 0 -48 0 4 -7 -3 -28 -9 -364 -102 1 16 16 -15 -10 1 1
1 9988 58 46 -8 2 1 0 -48 0 6 -11 -6 64 -9 532 156 3 -26 -26 22 3 1 0
1 9999 50 31 -7 -2 -1 0 -47 0 2 -10 -3 -54 -19 -209 -56 2 9 9 165 10 -3 0
1 14203 62 22 18 4 15 -1 -32 0 -11 -5 9 14 -3 -108 -24 4 3 3 -160 5 5 0
1 7612 -5 30 331 9 304 0 -21 0 -299 -5 93 -76 -2 826 237 0 -40 -40 45 -8 -5 0
1 8185 -49 -11 67 -4 0 0 -38 0 -67 0 -2 82 0 -344 -94 3 15 15 -80 2 8 -1
1 10009 -44 6 -46 4 0 0 -48 0 45 2 3 -84 5 -127 -33 1 5 5 12 -1 -9 1
1 10004 -41 -19 1 -2 0 0 -50 0 0 4 0 97 1 -204 -58 1 10 10 36 1 5 0
1 9996 -47 -24 -6 2 0 0 -50 0 7 9 1 13 8 10 3 0 -1 -1 29 -1 0 0
1 10017 -57 -40 -3 -1 0 0 -50 0 2 11 1 25 6 345 101 1 -17 -17 114 19 -2 0
1 9980 -57 -28 -1 10 0 0 -51 0 5 17 0 -80 4 -105 -32 -1 6 6 -198 -29 1 0
1 10007 -59 -37 -7 1 0 0 -52 0 4 12 1 45 7 106 23 -5 -3 -3 65 -3 0 0
1 10013 -77 3507 -4 -12 0 0 -51 0 2 15 0 -73 25 15 4 0 -1 -1 -36 3 0 0
1 10001 -77 -51 3 6 0 0 -52 0 -4 20 -1 88 10 -230 -71 -2 13 13 -6 2 -1 0
1 9985 -73 -28 -8 -5 0 0 -51 0 4 3 0 29 -4 30 3 -4 0 0 -51 -11 -2 0
1 9988 -89 -81 -4 -1 0 0 -52 0 -5 20 -1 -54 16 416 115 -2 -19 -19 35 -1 -3 0
1 11187 -97 -39 -9 3 0 0 -15 4 1 11 -1 153 11 -325 -96 -1 17 17 9 2 0 0
1 10001 -97 -87 6 3 0 0 0 0 -14 25 -3 3 6 211 58 -2 -10 -10 -103 -19 6 0
1 9999 -83 -75 -3 -10 0 0 0 0 -9 7 -2 1 5 -338 -102 -3 18 18 117 19 -1 0
1 8702 -71 -21 11 123 0 1396 -4 0 -18 111 -32 -140 -1 182 51 -1 -8 -8 -103 -15 -3 0
1 13373 -148 44 14 100 0 17 0 -2 -6 73 -38 144 8 2052 591 2 -99 -99 33 7 4 0
1 10005 -118 79 -12 14 0 0 0 0 24 -3 3 3 4 -2259 -650 -1 109 109 37 0 1 0
1 8827 -88 64 5 -59 2 -352 0 0 6 -60 32 -110 7 436 124 -1 -21 -21 -15 -22 -41 0
1 11168 -130 11 -7 -143 4 -1054 0 2 5 -130 37 111 0 0 -3 -2 1 1 -47 14 39 0
1 10000 -84 -31 -10 -17 0 0 0 0 7 -9 2 -1 -1 72 23 1 -4 -4 42 11 -3 0
1 10000 -106 -19 3 -7 0 0 0 0 -5 -2 0 9 6 -423 -121 0 20 20 4 -3 7 0
1 9998 -100 -27 -4 -9 1 -4 -1 0 -1 -2 0 18 5 451 129 1 -22 -22 53 7 -7 0
1 10006 -94 -55 11 -2 0 0 0 0 -14 13 -2 5 10 -1917 -556 -4 94 94 -101 -6 5 0
1 9996 -97 -23 -8 5 0 0 0 0 1 8 -1 -17 -10 1637 469 0 -78 -78 -30 -9 -2 0
1 8346 -74 -36 14 117 0 1389 -1 0 -20 111 -33 -70 12 710 204 0 -34 -34 623 23 -41 0
1 13739 -160 88 13 99 -1 19 0 -2 3 65 -33 89 0 -504 -147 -1 24 24 -557 -19 40 0
1 9998 -112 63 -15 13 0 0 0 0 21 -3 3 13 9 -266 -77 -1 13 13 3 6 -4 0
1 8842 -94 20 7 -45 0 -212 0 0 -4 -41 21 -96 3 699 199 0 -33 -33 -15 -7 2 0
1 11159 -108 -24 -28 -164 -15 -1207 0 2 25 -139 42 136 12 -476 -139 -2 24 24 40 11 4 0
1 9998 -88 4 -7 -10 0 0 0 0 8 -10 2 13 6 125 30 -3 -5 -5 32 8 -3 0
1 10001 -86 -65 2 -7 0 0 0 0 -9 10 -1 12 9 34 5 -3 0 0 -50 -10 -6 0
1 9419 -77 -50 0 0 1 -4 0 0 -7 12 -2 4 4 2546 727 -1 -120 -120 -20 1 2 0
1 10582 -76 -35 3 -11 0 0 0 0 -9 -3 0 0 1 -2623 -757 -3 126 126 20 -8 4 0
1 10001 -88 -52 -3 4 0 0 0 0 -8 13 -3 3 3 -409 -117 0 20 20 -29 -1 -1 0
1 8644 -66 17 9 121 -1 1405 0 0 -10 100 -30 -61 2 4927 1410 -1 -234 -234 13 0 0 0
1 13399 -133 88 9 106 0 18 0 -2 5 70 -37 66 2 -5148 -1475 -1 245 245 -14 -4 1 0
1 10000 -91 50 -2 0 0 0 0 0 11 -8 5 9 7 357 99 -1 -16 -16 -37 -1 -1 0
1 10000 -102 87 2 4 0 0 0 0 11 -14 9 2 1 57 15 -1 -3 -3 63 6 2 0
1 8529 -74 38 0 -117 1 -1408 0 0 5 -108 44 -80 5 458 131 0 -22 -22 47 -1 -2 0
1 11471 -116 7 -9 -101 0 -7 0 2 13 -93 18 89 2 -543 -157 -1 27 27 -91 -1 -2 0
1 9998 -80 -3 -5 -6 0 0 0 0 7 -4 -1 4 3 104 29 -1 -5 -5 35 7 1 0
1 10000 -88 -23 -7 1 0 0 0 0 -2 5 0 4 1 -306 -90 -1 16 16 -34 -4 1 0
1 9422 -91 -38 5 -2 0 -2 0 0 -8 8 -1 9 6 -206 -58 1 9 9 0 -11 4 0
1 10579 -84 -38 -2 1 0 0 0 0 -5 9 -1 -5 6 538 148 -3 -24 -24 26 -3 2 0
1 9999 -84 -36 1 -3 0 0 0 0 -4 7 -1 7 16 -202 -57 0 10 10 -65 -4 -7 0
1 9420 -85 -47 6 -1 0 0 0 0 -9 11 -1 2 9 224 64 0 -11 -11 -78 -14 4 0
1 10581 -85 -50 -4 2 0 0 0 0 -6 12 -2 4 16 213 59 -1 -10 -10 58 11 -4 0
1 9999 -89 -24 -2 3 0 0 0 0 -5 6 -2 -8 0 -79 -22 0 4 4 -33 5 2 0
1 8839 -70 10 10 114 0 1390 -1 0 -9 98 -30 -116 20 86 23 -1 -4 -4 69 -16 -49 0
1 13379 -144 75 11 103 0 35 0 -2 5 71 -37 183 27 367 106 0 -17 -17 -69 11 47 0
1 10001 -94 60 -6 3 0 0 0 0 11 -11 6 -17 -5 289 75 -3 -12 -12 10 4 -1 0
1 8831 -70 78 0 -26 0 -61 0 -1 11 -36 20 -24 15 -3612 -1037 -3 175 175 97 -4 5 0
1 11169 -117 5 -7 -175 0 -1366 0 3 7 -156 47 64 6 3638 1037 -2 -174 -174 -39 4 -4 0
1 10000 -78 9 -10 -11 0 0 0 0 9 -13 2 3 6 -316 -93 -1 16 16 75 16 4 0
1 10000 -86 -18 3 -3 0 0 0 0 0 3 -1 63 27 149 39 -2 -7 -7 -104 -23 -1 0
1 9999 -82 -40 -2 -4 0 -4 0 0 -6 5 0 53 24 -58 -27 -6 6 6 218 29 -2 0
1 10000 -85 -41 1 -4 0 0 0 0 -2 8 -1 8 0 3365 954 -6 -157 -157 -163 -11 2 0
1 10000 -82 -24 0 0 0 0 0 0 -7 4 0 16 9 -3759 -1084 -4 181 181 -57 -4 -5 0
1 10001 -83 -12 -7 1 0 0 0 0 2 2 -1 -12 10 -28 -15 -4 4 4 59 -4 1 0
1 10000 -84 -15 6 -7 0 0 0 0 -3 0 0 0 6 230 62 -2 -10 -10 -74 -4 -1 0
1 9999 -83 -19 -1 3 0 0 0 0 -3 6 -1 1 3 -443 -127 0 21 21 38 -6 3 0
1 8348 -81 6 5 114 0 1412 0 0 -8 99 -26 -127 3 -3934 -1126 -1 190 190 188 26 5 0
1 13410 -134 128 9 115 0 17 0 -2 8 69 -33 134 11 4249 1213 -2 -204 -204 -252 -30 -6 0
1 10725 -111 56 8 -163 0 -1418 0 2 7 -151 55 22 16 122 34 0 -6 -6 40 11 1 0
1 10621 -93 9 -16 -50 0 0 0 0 13 -50 8 7 4 108 26 -3 -3 -3 -22 -9 3 0
1 9999 -88 -9 -4 -11 0 0 0 0 7 -6 0 2 7 11 3 0 -1 -1 14 3 0 0
1 10002 -91 -12 -1 -1 0 0 0 0 -2 1 0 9 7 57 12 -2 -1 -1 -38 -7 -6 0
1 9999 -88 -33 0 -3 0 -5 0 0 -6 5 0 7 8 -21 -5 0 0 0 -20 3 2 0
1 10000 -74 -27 3 0 0 0 0 0 -4 7 -1 5 7 -6367 -1825 -2 310 310 -11 -11 0 0
1 9999 -83 -37 0 2 0 0 0 0 -6 11 -1 7 7 6085 1737 -2 -294 -294 46 17 -1 0
1 10000 -81 -47 -6 -1 0 0 0 0 -4 8 -1 -2 26 172 46 -2 -7 -7 -31 -12 -3 0
1 10001 -78 -26 2 -1 0 0 0 0 -7 4 0 2 1 321 92 0 -16 -16 -14 5 2 0
1 10000 -80 -28 7 8 0 0 0 0 -8 16 -3 -23 -5 -98 -27 1 4 4 36 -1 4 0
1 8347 -73 9 -2 114 0 1397 0 0 -3 95 -28 -136 -5 -1565 -447 1 75 75 -66 -17 8 0
1 13416 -115 111 15 109 0 17 0 -2 4 69 -34 109 0 2171 627 3 -105 -105 164 21 -4 0
1 9001 -76 192 19 -1 0 -10 0 -1 12 -42 23 -92 4 -337 -95 1 15 15 -147 -9 -5 0
1 10999 -116 -137 -33 -215 0 -1410 -1 3 11 -157 44 87 -3 285 81 -1 -13 -13 58 4 -1 0
1 9999 -76 -2 -11 -8 0 0 0 0 8 -8 0 -23 -4 -1193 -337 3 56 56 -46 -16 9 0
1 10001 -91 -30 0 -9 0 0 0 0 -4 -1 1 17 3 1438 414 2 -70 -70 56 17 -7 0
1 9999 -73 -4 7 1 1 -4 1 0 -4 3 0 -13 0 7 2 0 0 0 -81 -12 -4 0
1 10001 -82 -24 -6 3 0 0 0 0 0 8 -2 -47 -11 132 37 -1 -6 -6 21 0 -1 0
1 10000 -87 -16 2 0 0 0 0 0 -5 3 1 -3 2 -178 -46 3 7 7 -1 -9 6 0
1 10000 -80 -56 0 -9 0 0 0 0 -3 7 -1 15 3 -1740 -491 4 81 81 28 13 -2 0
1 9999 -89 -26 2 5 0 0 0 0 -5 11 -2 -13 -5 1925 552 1 -92 -92 -27 -10 4 0
1 10001 -80 -31 -3 2 0 0 0 0 -4 8 -1 -29 -7 96 30 1 -5 -5 20 6 -8 0
1 8610 -63 20 12 122 0 1414 0 0 -12 102 -30 -87 -4 891 260 3 -44 -44 -63 -20 -27 0
1 13383 -137 81 9 110 0 18 0 -2 3 74 -37 55 -3 -647 -179 3 29 29 -37 1 19 0
1 10000 -94 62 -3 3 0 0 0 0 12 -10 5 22 7 85 28 2 -6 -6 67 16 13 0
1 8244 -82 54 -1 -117 -1 -1417 0 0 6 -111 48 -93 -3 737 213 1 -35 -35 -52 -1 -1 0
1 11757 -112 4 -8 -103 1 -7 0 2 11 -94 18 64 0 -483 -136 1 22 22 -11 -8 1 0
1 9999 -91 -27 -5 -15 0 0 0 0 4 -7 1 50 12 -400 -112 2 19 19 125 18 -3 0
1 10000 -87 -15 0 3 0 0 0 0 -1 7 -1 -31 -4 587 161 -4 -26 -26 -106 -16 4 0
1 10000 -87 -28 -2 -2 0 -2 0 0 -3 5 0 12 8 120 36 1 -7 -7 -20 -4 -5 0
1 10001 -95 -51 -1 3 0 0 0 0 -9 13 -1 27 9 -456 -130 1 22 22 6 0 3 0
1 9999 -89 -30 3 0 0 0 0 0 -4 9 -2 -18 -2 627 177 -2 -29 -29 -1 7 -2 0
1 10000 -94 -42 2 -1 -1 -1 -1 0 -7 8 -2 19 13 -182 -52 0 9 9 17 5 1 0
1 10001 -85 -24 -2 4 0 0 0 0 -6 7 0 20 19 -56 -18 -1 3 3 3 -10 6 0
1 9999 -93 -31 3 0 0 0 0 0 -5 8 -2 17 13 36 7 -2 -1 -1 -1 3 -6 0
1 8324 -75 -8 3 117 1 1401 1 0 -9 102 -32 -48 6 -2276 -659 -4 111 111 83 12 5 0
1 13599 -142 84 8 106 0 19 0 -2 5 70 -37 62 8 2263 643 -3 -107 -107 -5 -4 3 0
1 9999 -105 66 4 -3 0 0 0 0 12 -12 8 1 6 370 104 -1 -17 -17 -64 -13 -4 0
1 8837 -96 82 -1 -60 -1 -507 0 0 11 -67 33 -73 11 -543 -155 0 26 26 -12 5 -15 0
1 11164 -111 27 -15 -142 0 -893 0 2 11 -136 35 97 10 -3644 -1046 -2 175 175 91 14 16 0
1 9999 -84 -15 -5 -14 0 0 0 0 8 -7 1 36 20 4362 1248 0 -208 -208 -81 -13 -4 0
1 10000 -77 -11 -2 -3 0 0 0 0 0 -1 -1 -7 1 -132 -48 -5 9 9 -23 -2 2 0
1 9418 -89 -7 4 -4 1 -3 0 0 1 0 1 4 7 -84 -24 0 4 4 15 8 -3 0
1 10584 -90 -22 -2 3 0 0 0 0 -4 7 -1 20 12 36 7 -2 -1 -1 -7 -12 8 0
1 9998 -77 -47 5 -2 0 0 0 0 -10 10 -1 41 26 271 72 -3 -11 -11 40 7 -7 0
1 10000 -75 -49 -3 -1 0 0 0 0 -7 9 -1 53 34 -10 -7 -3 2 2 -8 -1 4 0
1 10002 -91 -65 -5 -2 0 0 0 0 -5 12 -3 -53 -1 298 72 -7 -11 -11 -39 3 -1 0
1 10000 -82 -33 0 4 0 0 0 0 -8 9 -1 -60 -9 -429 -122 0 21 21 -2 -9 4 0
1 8322 -63 -21 10 116 -1 1394 0 0 -16 105 -33 -159 3 251 79 4 -14 -14 66 -1 -4 0
1 13382 -122 52 13 101 1 10 0 -2 -1 74 -39 38 4 410 136 11 -25 -25 -75 2 -1 0
1 10000 -102 80 -6 8 0 0 0 0 14 -10 7 -15 11 497 154 6 -27 -27 40 9 -8 0
1 10000 -112 106 2 3 0 0 0 0 15 -18 9 -19 8 1353 395 5 -66 -66 -22 -7 6 0
1 8257 -75 71 3 -125 0 -1423 0 0 9 -121 49 -110 18 -640 -176 4 28 28 -45 -7 -3 0
1 11743 -110 42 -14 -93 -1 -6 -1 2 15 -97 15 76 11 -322 -84 4 13 13 23 6 1 0
1 10000 -94 10 -9 -7 0 0 0 0 8 -9 0 -5 2 1143 333 4 -55 -55 13 -2 4 0
1 10000 -83 2 4 -6 0 0 0 0 1 -6 0 -12 6 560 163 1 -27 -27 10 7 -2 0
1 8777 -80 -51 -1 -131 1 -1358 0 0 1 -106 -7 -156 3 44 15 2 -3 -3 -2 -8 -3 0
1 13378 -109 -112 -28 -88 0 -18 0 -2 12 -52 -13 146 10 284 85 2 -14 -14 5 12 28 0
1 8830 -67 -65 -1 67 -1 515 -1 0 -9 75 17 -47 2 407 121 2 -21 -21 15 0 -23 0
1 11168 -104 -33 33 148 1 887 0 2 -41 142 -1 45 0 601 172 0 -28 -28 26 -6 -2 0
1 10001 -81 -30 2 0 0 0 0 0 -3 9 -1 0 -2 -386 -111 0 19 19 -59 3 0 0
1 10001 -71 -39 -2 -3 0 0 0 0 -6 4 -1 -5 3 373 108 0 -18 -18 32 -5 1 0
1 8599 -85 19 4 124 -1 1377 1 0 -5 105 -30 -110 12 -169 -46 2 7 7 -71 20 32 0
1 13388 -137 116 8 109 1 18 -1 -2 11 67 -34 113 29 250 72 0 -12 -12 83 -22 -30 0
1 8823 -87 78 -2 -63 -1 -508 0 0 18 -66 33 -194 32 655 185 -1 -29 -29 -76 19 29 0
1 11176 -103 56 2 -162 1 -900 1 2 0 -161 38 230 15 918 264 1 -43 -43 50 -23 -35 0
1 10001 -83 25 -11 -1 0 0 0 0 15 -7 -1 2 12 -378 -111 -2 18 18 20 10 0 0
1 10000 -81 -15 -4 6 0 0 0 0 4 10 0 3 3 -185 -57 -2 10 10 -57 -3 -1 0
1 8796 -82 -87 -1 -133 0 -1370 0 0 -5 -100 -3 -44 7 386 111 0 -18 -18 18 3 0 0
1 12191 -104 -104 -26 -22 -1 546 -1 -2 8 4 1 -30 3 -217 -64 -1 10 10 -45 -6 5 0
1 11194 -94 -37 33 139 1 834 0 2 -38 137 -2 79 3 50 13 -1 -2 -2 18 -2 -5 0
1 10001 -99 -22 -6 7 0 0 0 0 1 10 -2 -3 2 83 22 -1 -3 -3 37 3 3 0
1 10000 -83 -70 -2 -4 0 0 0 0 -14 7 -2 -35 -10 128 36 0 -5 -5 -28 -6 0 0
1 8342 -75 -15 7 124 0 1388 0 0 -11 112 -35 -105 3 -351 -95 3 14 14 75 -8 -41 0
1 13390 -128 51 8 108 0 18 0 -2 -1 76 -41 82 8 997 290 2 -47 -47 -54 14 41 0
1 10001 -104 74 -3 4 0 0 0 0 15 -9 6 3 4 301 91 3 -15 -15 4 -8 5 0
1 10000 -103 59 1 -4 0 0 0 0 8 -13 9 113 64 4720 1351 0 -215 -215 -30 -1 -6 0
1 10000 -96 74 7 3 0 0 0 0 5 -12 6 29 34 -4656 -1346 -7 215 215 0 -1 3 0
1 8237 -74 41 -3 -126 -1 -1411 0 0 12 -115 46 -103 31 2575 724 -7 -114 -114 -7 9 -3 0
1 11762 -107 -6 -19 -89 1 -7 1 2 16 -81 15 112 24 -1707 -496 -4 80 80 2 -7 -1 0
1 10000 -74 -15 -4 -6 0 0 0 0 1 -2 1 6 7 -183 -56 -3 10 10 -21 -9 -2 0
1 10000 -77 -38 6 -5 0 0 0 0 -3 7 -1 5 11 396 111 0 -18 -18 13 3 5 0
1 10002 -89 -34 0 -1 0 -1 -1 0 -5 7 -1 3 15 262 72 -2 -11 -11 35 11 -2 0
1 9999 -74 -32 -3 0 0 0 0 0 -4 7 -1 3 6 -4198 -1201 0 194 194 -20 -6 -11 0
1 10000 -83 -48 -1 0 0 0 0 0 -7 10 -1 -5 9 4519 1291 -1 -208 -208 -4 -2 17 0
1 10000 -94 -32 1 2 0 0 0 0 -9 7 -1 3 13 579 165 -1 -26 -26 7 8 -9 0
1 10000 -93 -51 -1 -4 0 0 0 0 -3 10 -2 -4 10 63 16 -1 -3 -3 -14 -10 0 0
1 9999 -73 -69 -2 7 0 0 0 0 -15 17 -4 -11 50 -19 -4 1 1 1 21 7 -1 0
1 8327 -53 -8 15 126 0 1392 1 0 -17 110 -39 -104 9 -2353 -671 1 107 107 -22 -11 0 0
1 13405 -120 121 8 104 -1 18 -1 -2 12 61 -36 74 22 3725 1066 0 -170 -170 5 4 10 0
1 9998 -91 75 0 5 0 0 0 0 13 -9 7 -4 9 1123 325 2 -52 -52 -19 -3 -6 0
1 10001 -92 97 0 -6 0 0 0 0 9 -25 15 7 21 494 143 1 -22 -22 6 9 -3 0
1 8179 -67 51 6 -141 0 -1391 0 0 7 -129 51 -83 10 350 102 1 -17 -17 14 -4 -7 0
1 11821 -105 31 -23 -85 0 -13 0 2 23 -87 14 94 9 386 112 1 -17 -17 26 5 16 0
1 10000 -86 -1 1 -2 0 0 0 0 4 -1 -1 7 6 408 113 -2 -18 -18 -54 -10 -8 0
1 10001 -77 10 -10 5 0 0 0 0 6 2 0 17 9 67 19 0 -3 -3 10 5 6 0
1 8550 -71 -59 3 -144 1 -1365 0 0 -5 -117 -4 -45 7 321 87 -3 -13 -13 40 -11 -25 0
1 13375 -101 -113 -20 -86 0 -17 0 -2 13 -48 -11 61 8 -61 -19 0 3 3 -30 10 21 0
1 8230 -48 -50 0 132 -1 1394 0 0 -17 128 17 -105 7 96 28 0 -4 -4 19 3 -2 0
1 11771 -99 -68 27 85 1 0 0 2 -39 92 -8 104 4 127 33 -2 -5 -5 -10 -2 -3 0
1 10000 -83 -56 -4 -3 0 0 0 0 -6 9 -2 -5 4 -36 -10 0 2 2 8 5 0 0
1 10000 -86 -54 -2 -3 0 0 0 0 -8 7 -2 -7 4 465 129 -2 -20 -20 -13 -2 2 0
1 8817 -62 -39 2 1 -1 0 0 -4 -10 7 -2 -109 0 -135 -33 3 5 5 -9 -2 7 0
1 10009 -79 -70 -3 -1 0 0 -46 0 -11 13 -3 -9 2 40 10 0 -2 -2 1 -4 -4 0
1 9990 -79 -56 -7 1 0 0 -50 0 -8 8 -2 -46 0 256 79 2 -13 -13 31 1 -2 0
1 9990 -80 -33 -3 3 0 0 -52 0 -6 5 -3 -55 12 185 59 4 -9 -9 -61 -5 1 0
1 14888 -135 42 9 214 1 1387 -18 2 0 166 -84 -52 5 954 295 11 -49 -49 32 3 7 0
1 10556 -98 68 -1 11 0 0 0 0 18 4 0 -370 -56 1380 422 15 -68 -68 -3 0 -1 0
1 9999 -94 88 0 10 0 0 0 0 18 -6 5 -287 -72 1510 494 32 -83 -83 128 15 6 0
1 10001 -90 88 -2 1 0 0 0 0 18 -12 9 -187 -48 3609 1119 44 -179 -179 -122 -7 -1 0
1 10000 -101 57 1 -5 0 0 0 0 6 -16 10 -166 -25 6280 1869 35 -286 -286 -6 -9 4 0
1 10000 -91 63 3 4 0 0 0 0 9 -7 4 -502 -88 -2259 -588 31 80 80 47 14 13 0
1 10000 -92 67 -2 -6 0 0 0 0 10 -18 11 -73 -7 2548 847 58 -137 -137 61 5 -3 0
1 8182 -74 136 19 -107 -1 -1399 -2 0 11 -119 49 -363 -35 1911 611 31 -95 -95 -87 -13 6 0
1 11818 -99 -85 -33 -104 1 -6 0 2 10 -75 13 3 -6 2253 718 35 -111 -111 34 5 13 0
1 9999 -70 -29 1 -5 0 0 0 0 0 3 0 -49 -11 1289 420 24 -65 -65 -40 -10 -15 0
1 10002 -72 -42 -2 1 0 0 0 0 -7 10 -1 -486 -69 2149 666 23 -100 -100 39 15 15 0
1 8823 -55 -56 18 1 50 -2 -1 -4 -25 14 0 -385 -39 2826 874 29 -129 -129 -2 -7 2 0
1 10000 -87 -27 28 -1 0 0 -50 0 -32 4 -1 64 0 3364 1062 44 -157 -157 48 10 21 0
1 9984 -93 -25 1 -1 -1 0 -51 0 -3 6 -1 -319 -80 3572 1100 32 -157 -157 36 -1 25 0
1 10013 -98 21 -4 -3 1 1 -53 0 8 -7 1 -683 -164 2561 836 46 -122 -122 197 32 20 0
1 11178 -127 -15 -1 -9 0 -1 -31 4 4 -2 0 -429 -156 -4547 -1165 72 142 142 -115 -17 -23 0
1 10001 -115 -31 -9 -4 0 0 0 0 0 1 0 -348 -92 9268 2888 94 -406 -406 -102 -11 0 0
1 10000 -116 30 -1 -1 0 0 0 0 5 -8 1 -1487 -254 3341 1144 80 -165 -165 99 23 68 0
1 8833 -99 28 -6 88 -16 1287 -4 0 7 72 -16 -834 -153 3603 1344 135 -201 -201 45 -10 4 0
1 14081 -172 211 -18 144 1 124 0 -2 39 75 -32 -1534 -259 14623 4777 221 -633 -633 37 47 82 0
1 10000 -102 87 6 3 0 0 0 0 5 -18 8 -382 -60 16024 5153 188 -634 -634 52 -6 -36 0
