version: 66.11
glider: 175
mission: 11
dive: 211
start: 5 29 126 22 17 45
columns: rec,elaps_tms,depth,heading,pitch,roll,AD_pitch,AD_roll,AD_vbd,GC_phase,mag.x,mag.y,mag.z,sbect.TempFreq,sbect.CondFreq,aa4330.O2,aa4330.AirSat,aa4330.Temp,aa4330.CalPhase,aa4330.TCPhase,wlbb2f.redCount,wlbb2f.blueCount,wlbb2f.fluorCount,wlbb2f.VFtemp,
data:
0 23096 -538 1161 -713 30 243 2032 656 2 446 -220 170 265762 163401 313590 96221 13438 31365 31365 640 200 284 568
1 10004 9 -1 1 1 0 0 287 0 1 2 -1 -311 -3 596 186 1 -24 -24 -48 17 47 0
1 10017 2 153 -6 -96 0 0 283 0 -7 -6 8 269 -10 -1736 -553 -9 71 71 -4 -9 -64 0
1 9997 42 -104 -53 65 0 0 277 0 28 7 -47 124 5 62864 17009 -892 -1735 -1735 101 4 65 0
1 9976 20 -2 8 -21 -3 0 270 0 -4 -10 -2 201 15 32963 9810 -37 -936 -936 -117 9 129 0
1 10016 39 0 -26 -11 3 0 259 0 11 -1 -23 288 23 14987 4297 -72 -369 -369 194 33 57 0
1 10002 46 -51 -3 32 0 0 259 0 2 1 -8 0 -17 14476 4316 -9 -365 -365 -45 -17 -64 0
1 10014 115 49 5 -40 1 0 282 0 -2 -4 6 218 51 -5697 -1778 -23 154 154 51 -15 -21 -1
1 9982 243 -23 6 10 -1 0 327 4 -2 -1 1 90 17 1321 111 -97 8 8 -127 -12 -31 1
1 11382 487 78 25 -67 473 0 35 -5 -12 -11 20 461 -46 1273 45 -114 17 17 -16 -20 -91 -1
1 8622 445 68 167 -8 1661 1040 2 5 -95 -14 130 589 18 -16289 -5285 -151 489 489 -21 14 -13 0
1 14105 646 -78 178 221 -2 343 0 -2 -118 135 130 665 -34 -16642 -5211 -97 499 499 0 2 -20 0
1 10003 389 -70 13 70 0 0 0 0 6 40 1 497 13 -4742 -1542 -50 157 157 -3 -13 -10 0
1 9997 412 -126 73 32 0 0 0 0 -16 14 9 1949 244 -20603 -6610 -199 702 702 -92 -10 -66 1
1 10001 357 -105 34 7 0 0 0 0 11 2 -5 3000 578 -11356 -4143 -322 507 507 -57 -11 -51 0
1 10000 303 -7 2 -47 0 0 0 0 2 -36 -4 1390 352 -26166 -8452 -346 1047 1047 -108 -19 -36 -1
1 10000 314 46 -11 -26 0 0 0 0 -8 -23 1 833 131 -20276 -6310 -197 840 840 -37 -10 -25 0
1 10000 278 -18 14 13 0 0 0 0 -5 13 3 609 21 -14670 -4608 -179 667 667 8 3 7 0
1 10000 254 -61 14 13 0 0 0 0 11 10 -3 41 -38 -8295 -2567 -90 386 386 -12 -7 -1 0
1 10000 225 -67 6 3 0 0 0 0 18 4 -9 -7 -25 -5653 -1756 -68 273 273 32 10 18 0
1 10000 228 -60 5 -7 0 0 0 0 15 1 -9 27 -73 -7095 -2085 -26 321 321 -6 6 -19 0
1 9999 220 -61 -4 11 0 0 0 0 22 7 -13 11 -19 1520 390 -24 -55 -55 -18 -9 10 0
1 10003 213 -46 -2 -4 0 0 0 0 16 3 -8 -8 -1 -2288 -671 -8 105 105 -3 5 -11 0
1 11199 219 -32 -5 -5 0 0 0 0 11 1 -9 -14 -17 -884 -268 -8 43 43 2 -3 -4 0
1 10000 210 -34 -4 -6 0 0 0 0 11 2 -8 8 -24 -703 -208 -3 33 33 0 0 1 0
1 10000 196 -67 9 13 0 0 0 0 10 22 -7 45 -48 -1961 -573 -6 90 90 -9 -5 -5 0
1 9999 193 -73 2 2 0 0 0 0 11 19 -11 -30 -19 -1171 -350 -8 57 57 19 9 9 0
1 10000 188 -73 7 2 0 0 0 0 8 19 -8 -8 -2 -1040 -296 1 46 46 52 6 1 0
1 10001 177 -72 -4 -5 0 0 0 0 12 14 -11 -69 -45 -1148 -326 1 51 51 -62 -11 -3 0
1 10002 163 -68 0 -4 0 0 0 0 7 14 -11 -59 -24 -693 -190 5 30 30 29 1 2 0
1 10726 178 -63 -3 7 0 0 0 0 7 20 -10 -13 -21 -222 -50 7 6 6 23 2 -6 0
1 10000 168 -77 2 -3 0 0 0 0 0 20 -6 -14 -7 200 65 4 -11 -11 -41 -8 -7 0
1 9998 152 -79 -1 -3 0 0 0 0 1 19 -8 -4 -14 -817 -230 3 36 36 26 9 4 0
1 10439 168 3516 0 10 0 0 0 0 -5 29 -7 -14 -24 -62 -17 0 3 3 -20 -5 0 0
1 10000 157 -76 0 -13 0 0 0 0 -5 12 -2 -132 -72 -766 -215 2 33 33 43 18 3 0
1 10000 154 -47 -8 4 0 0 0 0 0 13 -6 -131 -56 -535 -117 20 15 15 -32 -8 -6 0
1 11939 213 -80 5 5 0 0 0 0 -11 23 -2 -20 -17 -555 -129 17 17 17 20 -4 6 0
1 8844 154 -40 -2 -98 55 -1411 6 0 -2 -47 29 -303 -90 163 56 5 -10 -10 -17 -16 -51 0
1 11156 178 46 61 -137 20 -5 -1 2 -36 -102 59 -107 -107 -271 -10 37 -7 -7 57 20 45 0
1 10000 117 -5 14 14 0 0 0 0 -8 13 4 -15 31 352 151 28 -30 -30 -46 -2 3 0
1 10000 111 25 2 -3 0 0 0 0 -1 -9 2 -79 -56 -227 -57 4 8 8 -16 4 4 0
1 9538 116 36 18 -13 50 -1 0 0 -8 -18 7 -87 -36 177 75 13 -15 -15 1 0 -7 0
1 10621 99 36 35 2 0 0 0 0 -23 -9 16 3 -9 2554 751 10 -121 -121 33 -5 4 0
1 10000 77 28 7 -2 0 0 0 0 -2 -8 2 -23 -20 -2384 -676 5 106 106 8 6 -1 0
1 10000 73 25 -1 5 0 0 1 0 0 -3 0 -18 -13 -57 -10 3 1 1 75 12 5 0
1 9999 86 -29 -1 8 0 0 0 0 -2 13 0 36 -1 -75 -14 4 1 1 -94 -15 -3 1
1 10001 86 -22 0 -8 0 0 0 0 1 0 0 126 13 200 52 -3 -7 -7 -17 -3 0 -1
1 9419 75 1 -2 -2 0 0 0 0 -3 -3 1 205 42 -317 -126 -19 24 24 20 1 -7 0
1 10581 106 -25 3 -1 0 0 0 0 -1 7 1 248 49 -802 -264 -19 46 46 -43 1 7 0
1 10000 85 -23 -4 1 0 0 0 0 0 6 0 749 152 -562 -202 -22 38 38 -24 -7 -7 0
1 9442 83 23 -15 0 -47 0 -1 0 13 -6 -8 -33 -4 995 127 -87 -2 -2 7 -2 4 0
1 10558 127 19 -27 -5 0 0 0 0 25 -7 -16 -75 -22 -3839 -1150 -28 193 193 31 0 7 0
1 10000 125 66 -5 -12 0 0 0 0 6 -26 -4 -67 -49 -1325 -395 -9 67 67 62 19 -7 0
1 8452 110 42 3 119 -1 1415 0 0 2 76 -8 -144 -32 -348 -96 2 15 15 24 -2 -6 0
1 14554 203 -43 -7 116 0 13 0 -2 -1 90 -27 81 -12 -545 -150 4 24 24 -84 -16 0 0
1 10001 163 -44 3 8 0 0 0 0 -5 17 -5 -97 -63 -4362 -1243 3 206 206 80 16 9 0
1 9997 153 -50 11 -11 0 0 0 0 -13 7 7 -44 -31 4453 1283 4 -214 -214 -49 -11 -11 0
1 10442 163 -16 4 8 0 0 0 0 -7 9 0 -18 -15 -343 -86 7 12 12 -33 0 3 0
1 8833 132 -54 -19 -47 -1 -341 0 0 8 -21 5 -171 -87 -331 -91 3 15 15 21 3 3 0
1 11165 176 42 8 -178 1 -1053 0 2 4 -136 35 125 48 5438 1582 13 -262 -262 83 7 -4 0
1 10002 161 86 10 2 0 0 0 0 1 -20 1 -120 -76 -4939 -1413 1 231 231 -76 0 2 1
1 10001 152 12 -5 21 0 0 0 0 2 12 -4 -32 -28 311 111 12 -21 -21 4 0 6 -1
1 8713 127 33 -19 63 0 1379 0 0 17 37 -16 -133 2 333 105 6 -19 -19 17 -1 -3 1
1 14217 235 -89 3 123 0 12 0 -2 -13 107 -25 143 -3 -359 -99 2 16 16 -23 -3 0 0
1 10001 155 -59 16 27 0 0 0 0 -18 34 -3 4 5 -111 -30 1 5 5 16 -2 -6 -1
1 8254 143 -59 7 -121 0 -1392 0 0 -9 -67 37 -152 -4 66 19 0 -4 -4 -9 4 7 0
1 11746 174 39 -9 -115 0 -16 0 2 14 -94 12 96 -57 -184 -51 1 9 9 24 8 1 0
1 10000 143 41 4 0 0 0 0 0 -1 -11 1 29 23 5348 1538 3 -251 -251 -19 0 -1 1
1 10000 143 23 -8 12 0 0 0 0 10 4 -6 -59 -44 -5489 -1571 1 255 255 -5 -5 -2 -1
1 9738 142 19 10 -8 10 -1 0 0 -7 -11 5 -38 -35 93 36 5 -7 -7 100 10 4 1
1 10622 143 6 4 -3 0 0 0 0 -4 -4 3 -39 -61 -74 -10 6 1 1 68 19 -3 0
1 10001 132 27 4 1 0 0 0 0 4 -5 -1 -13 -25 309 98 6 -18 -18 -51 -3 4 0
1 9999 149 50 1 1 0 0 0 0 0 -13 0 -24 -29 132 45 4 -8 -8 53 12 -1 0
1 9998 128 -3516 2 5 0 0 0 0 3 -18 -2 -30 -29 -305 -81 4 12 12 35 14 -4 0
1 10001 134 3590 -7 -2 0 0 0 0 8 1 -4 19 9 694 206 3 -34 -34 75 -1 -2 0
1 8388 110 -3570 -6 95 -8 1404 0 0 3 62 -6 -69 -11 -591 -168 1 27 27 -147 0 29 0
1 13387 184 3526 1 124 -1 14 0 -2 -5 106 -27 36 -17 286 87 3 -15 -15 113 -5 -26 0
1 12305 159 -53 4 -1 0 0 0 0 -9 14 2 -18 -19 13 9 3 -2 -2 -38 3 2 0
1 10000 134 -48 6 4 0 0 0 0 -9 15 -2 -14 -12 105 32 1 -5 -5 -44 -8 0 0
1 9999 119 -83 7 -9 0 0 0 0 -12 16 1 -55 -42 36 16 4 -4 -4 100 12 0 0
1 9058 101 -57 -8 -100 0 -1259 0 0 -1 -58 26 -102 -13 306 97 5 -17 -17 -48 -4 0 0
1 10943 129 34 -14 -113 1 -147 0 2 18 -91 11 66 -22 -353 -94 3 15 15 56 6 4 0
1 10000 119 48 7 -12 0 0 0 0 1 -20 2 -39 -47 504 151 4 -26 -26 81 14 1 0
1 10000 111 75 -25 39 0 0 0 0 24 10 -19 -3 -18 530 161 5 -27 -27 1016 224 -2 0
1 9463 121 56 16 -32 0 -1 0 0 -8 -38 9 -3 -2 -42 -8 3 1 1 -484 -128 -3 0
1 10622 131 18 -10 27 0 0 0 0 11 15 -9 -1 -11 -97 -24 2 3 3 1103 219 6 0
1 9999 129 13 5 -20 0 0 0 0 -5 -18 3 -1 0 -171 -48 0 8 8 74 47 2 0
1 8810 107 11 -3 73 -2 1384 0 0 3 50 -4 -71 -5 308 89 1 -15 -15 693 117 -2 0
1 13393 164 -24 -11 126 0 13 0 -2 3 91 -28 71 -2 -239 -65 1 10 10 82 55 3 0
1 12422 187 -70 31 27 0 0 0 0 -24 42 3 -11 -14 -92 -25 1 4 4 567 158 -2 0
1 13519 184 -12 3 -183 80 -1398 0 -2 -4 -127 41 -72 -2 55 16 0 -2 -2 -258 -114 0 0
1 8032 87 14 44 4 0 0 -36 0 -32 1 21 -89 -4 312 89 0 -15 -15 -825 -115 -1 0
1 7681 76 59 1 -14 0 1 -36 0 2 -27 2 36 -9 -70 -20 0 3 3 372 21 -3 0
1 9584 89 -35 27 -26 0 0 -47 0 -22 -11 14 -27 -3 386 111 0 -18 -18 -583 -121 3 0
1 10002 88 -1 -10 11 0 0 -49 0 7 9 -6 -33 -1 -657 -185 2 30 30 226 28 6 0
1 10009 76 10 2 -11 0 0 -49 0 1 -11 0 18 0 -251 -71 1 11 11 -512 -49 -3 0
1 9998 81 -16 -25 7 0 0 -49 0 19 10 -11 0 -11 342 100 1 -16 -16 322 -7 -4 0
1 10002 90 3 -9 -7 0 0 -49 0 5 -7 -3 29 0 53 18 1 -3 -3 -102 52 2 0
1 9988 84 19 25 -5 0 -1 -47 0 -17 -9 11 49 0 -67 -20 0 3 3 -41 -47 1 0
1 10010 67 28 -38 14 0 1 -47 0 31 4 -19 -19 -1 -275 -77 1 12 12 449 87 4 0
1 10005 67 52 27 6 0 0 -48 0 -17 -10 11 -96 -1 -113 -34 -1 6 6 -454 -131 -5 0
1 10011 56 -3587 -44 -22 0 -1 -48 0 32 -19 -22 93 -1 550 159 1 -26 -26 834 190 4 0
1 9970 47 22 15 13 0 1 -46 0 -10 3 7 -47 -5 -333 -96 0 16 16 -993 -192 -1 0
1 17404 81 47 103 -5 320 -1 -42 0 -78 -19 46 64 -7 -103 -28 1 4 4 -791 -93 -12 0
1 7610 -36 41 270 10 0 1 -30 0 -255 -6 52 -52 -2 301 86 -1 -14 -14 1376 145 11 0
1 10004 -49 19 16 -4 0 0 -47 0 -18 -8 -1 -53 0 -66 -14 3 2 2 -1103 -73 -3 0
1 9984 -30 -37 -36 11 0 -1 -50 0 32 21 2 65 4 384 111 1 -19 -19 438 -28 -1 1
1 10010 -59 -28 7 2 0 0 -49 0 -5 10 0 20 1 -169 -48 0 8 8 690 89 1 -1
1 10001 -45 -7 -6 -3 0 0 -51 0 6 -1 0 -20 3 126 38 1 -6 -6 -1063 -118 3 0
1 9992 -50 -22 -12 -1 0 1 -50 0 8 6 0 -80 2 -59 -19 -1 3 3 836 116 -2 0
1 10003 -48 3551 17 -6 -1 -1 -51 0 -15 8 0 38 -2 -108 -33 -1 6 6 -236 56 -2 0
1 10004 -70 -64 -21 4 1 0 -52 0 18 21 -1 36 -1 746 214 -1 -35 -35 499 -19 -1 0
1 10001 -72 -67 3 8 0 1 -52 0 -9 25 -1 -97 1 -717 -206 0 34 34 123 37 7 0
1 9994 -65 -39 2 -6 0 0 -51 0 -3 6 -1 122 1 268 75 -1 -12 -12 -318 -24 -1 0
1 9993 -71 -56 -5 -2 0 -1 -51 0 -7 10 -1 -20 12 -38 -13 -1 2 2 432 137 -3 0
1 9417 -87 -54 -13 -1 0 1 -49 4 7 12 -2 33 4 -2766 -794 0 130 130 -253 -104 -2 0
1 11770 -115 -35 -2 3 0 -1 -2 0 -4 11 -1 86 -2 -1165 -337 -1 56 56 -213 -5 7 1
1 10000 -81 -71 0 -9 0 0 0 0 -14 5 -2 -4 -3 3956 1137 0 -187 -187 -610 -154 -5 -1
1 10001 -96 -44 -3 16 0 0 0 0 -1 26 -5 -3 1 116 31 -1 -5 -5 -798 -152 0 0
1 9762 -67 -3 5 82 0 1203 -3 0 -8 72 -22 -126 8 -323 -91 1 15 15 66 17 2 0
1 13402 -147 91 21 131 0 192 0 -2 -8 88 -45 91 1 2415 696 1 -113 -113 148 6 -4 1
1 10000 -120 87 -10 14 0 0 0 0 27 -3 4 0 3 -2065 -590 2 95 95 -551 -83 -1 -1
1 10000 -124 66 8 -13 0 0 0 0 0 -25 13 2 -3 392 115 1 -19 -19 -59 0 1 1
1 8532 -113 142 28 -65 4 -1382 -1 0 3 -86 38 -49 7 -160 -46 0 8 8 208 6 -5 -1
1 11468 -154 -91 -44 -116 1 -5 0 2 18 -82 19 65 16 189 55 1 -10 -10 -360 -59 -1 1
1 9999 -106 -36 -12 -20 0 0 0 0 5 -11 2 20 15 -124 -36 -1 6 6 155 21 5 -1
1 10001 -108 -12 11 -8 0 0 0 0 -4 -2 0 -19 -6 322 88 -2 -13 -13 -124 -8 0 0
1 9400 -101 -10 9 14 -16 -5 0 0 -13 15 -2 18 8 -24 -7 0 1 1 -74 -18 2 0
1 10618 -109 -20 -5 -38 0 0 0 0 2 -31 4 19 19 3 0 0 0 0 186 31 -2 1
1 10000 -104 -94 -15 38 0 0 0 0 2 58 -9 14 15 -103 -35 -4 6 6 43 19 1 -1
1 8684 -75 -14 19 92 0 1384 -1 0 -24 82 -25 -47 17 -151 -45 0 8 8 -103 -35 -45 0
1 13890 -157 88 -3 103 0 18 0 -2 15 67 -32 108 40 -478 -148 -6 25 25 -172 -17 25 1
1 8814 -103 172 29 -14 0 -306 0 0 7 -48 24 -185 5 -169 -53 -3 9 9 182 23 19 0
1 11185 -126 -108 -45 -187 2 -1098 0 2 19 -140 39 191 5 2403 683 -3 -110 -110 -158 -24 -6 0
1 10000 -106 -15 0 -12 0 0 0 0 2 -7 2 19 9 -2703 -775 0 126 126 36 26 3 0
1 10000 -105 -29 -4 -6 0 0 0 0 -1 2 -1 2 3 -202 -64 -3 11 11 -56 -29 -5 0
1 10000 -98 -22 3 3 0 -5 0 0 -7 7 -1 15 12 128 36 -1 -6 -6 95 15 5 0
1 10000 -85 -28 -4 0 0 0 0 0 1 7 -1 20 19 59 15 -1 -2 -2 -80 -5 -6 0
1 10000 -99 -6 -1 4 0 0 0 0 -4 3 0 14 14 -170 -58 -5 11 11 57 3 0 0
1 10000 -98 -32 0 0 0 1 0 0 -5 7 -2 11 13 -148 -44 -1 7 7 -1 -9 6 0
1 10000 -92 -40 -2 3 0 0 0 0 -5 11 -2 27 23 -214 -65 -2 11 11 -108 -12 2 -1
1 10000 -101 -41 -1 -1 0 0 0 0 -8 6 -1 7 9 -71 -28 -4 6 6 47 4 -6 1
1 8348 -72 -9 18 101 1 1388 0 0 -15 94 -28 -126 7 523 146 -3 -23 -23 -10 -10 1 0
1 13628 -151 82 4 100 -1 17 0 -2 7 65 -34 150 16 -623 -183 -2 30 30 119 19 4 -1
1 10001 -107 101 12 3 0 0 0 0 4 -17 10 4 6 -175 -55 -3 10 10 -111 -8 0 1
1 8817 -94 68 -7 -54 0 -339 0 0 13 -60 28 -80 10 -170 -50 -1 8 8 -32 3 -3 -1
1 11181 -123 35 -8 -141 0 -1068 -1 2 13 -135 33 87 -3 -110 -37 -2 7 7 41 4 0 1
1 10002 -94 -11 -4 -14 0 0 0 0 6 -9 1 11 24 36 13 1 -3 -3 -33 -8 -4 0
1 10000 -82 -85 -8 -13 0 0 0 0 -2 9 -2 46 35 -258 -77 -1 13 13 -65 -18 3 0
1 9999 -88 -48 8 1 0 -4 1 0 -16 11 0 10 15 111 24 -5 -3 -3 12 0 -3 -1
1 10000 -76 -67 4 -3 0 0 0 0 -11 15 -2 11 13 498 140 -2 -22 -22 -80 -11 7 1
1 10001 -85 -45 -3 2 0 0 0 0 -4 11 -2 58 62 -598 -180 -5 30 30 -22 -1 -8 0
1 8373 -72 -10 -1 139 1 1401 -1 0 -10 119 -36 -55 24 56 11 -2 -1 -1 132 10 15 0
1 13698 -128 88 17 84 -1 19 1 -2 4 56 -29 108 23 151 27 -10 -2 -2 -167 -24 -10 0
1 10000 -94 114 -6 -7 0 0 0 0 15 -31 17 4 7 -604 -182 -4 31 31 -3 0 -4 0
1 8565 -70 21 3 -103 0 -1413 -1 0 7 -91 35 -112 7 -3 -3 -2 1 1 22 -17 -42 0
1 11435 -105 -20 -19 -94 0 -4 0 2 16 -81 17 126 11 -68 -20 0 3 3 1 26 46 0
1 9999 -78 -10 -8 2 0 0 0 0 6 4 -2 19 16 -139 -44 -2 8 8 16 -7 -4 0
1 10001 -80 -52 0 -10 0 0 0 0 -6 4 0 29 21 -179 -52 -1 9 9 -48 0 -2 0
1 10000 -87 -21 5 8 0 -3 0 0 -7 12 -1 -2 -2 3538 1006 -4 -165 -165 70 4 -2 0
1 10000 -71 -38 2 1 0 0 0 0 -8 9 -2 -7 -2 -3291 -945 -1 155 155 16 2 7 0
1 10001 -80 -60 6 -6 0 0 0 0 -16 8 -1 23 19 -170 -52 -2 10 10 -73 -15 0 0
1 8833 -75 -42 0 0 0 0 0 -4 -6 9 -2 -113 6 -168 -53 -2 9 9 65 13 0 0
1 9979 -89 -10 -7 -10 0 0 -47 0 5 -7 2 29 26 89 23 -2 -4 -4 -69 -17 3 -1
1 10016 -89 -35 -6 23 0 0 -51 0 -5 25 -6 90 13 -297 -93 -4 17 17 -21 3 -6 1
1 9989 -84 -60 -8 0 0 0 -52 0 -4 11 -3 48 37 18 1 -3 0 0 17 0 5 0
1 11150 -96 40 18 183 1 1412 -21 2 -8 147 -67 76 21 2364 661 -9 -107 -107 -34 -5 1 0
1 10618 -89 75 2 16 0 0 0 0 10 -1 1 55 28 -2228 -642 -2 106 106 20 1 1 0
1 10001 -105 106 3 31 0 0 0 0 11 4 -2 27 13 -16 -19 -8 5 5 -2 3 -9 0
1 9999 -89 88 -4 -13 0 0 0 0 17 -27 16 39 35 33 -2 -7 2 2 18 -3 7 0
1 8267 -79 36 0 -127 -1 -1394 -2 0 11 -112 49 -41 9 975 268 -6 -43 -43 15 -7 -50 0
1 11733 -113 10 -14 -94 0 -2 0 2 14 -89 17 84 34 -1134 -329 -2 55 55 -58 5 47 0
1 10001 -90 -14 -8 4 0 0 0 0 3 7 -1 71 77 154 37 -4 -5 -5 9 7 -5 0
1 9999 -77 -15 -3 -10 0 0 0 0 1 -6 0 7 16 -2000 -590 -11 100 100 23 4 7 0
1 10000 -81 -25 0 -25 0 -4 -1 0 2 -15 2 -24 6 1934 549 -2 -91 -91 10 -1 -8 0
1 10001 -101 -13 3 15 0 0 0 0 -6 16 -2 -31 1 228 65 0 -10 -10 -49 -10 5 0
1 9999 -84 -32 -3 10 0 0 0 0 -2 16 -1 -38 -4 -89 -27 -1 4 4 -10 -1 0 0
1 10000 -99 -30 -3 -4 0 0 0 0 -2 4 -1 -233 -52 -154 -36 5 5 5 96 10 0 0
1 10001 -92 17 -6 3 0 0 0 0 6 -3 0 -418 -78 1260 385 14 -67 -67 -91 -11 -4 0
1 9999 -96 6 4 -1 0 0 0 0 -1 -1 0 -97 -23 -119 43 42 -16 -16 35 5 1 0
1 10000 -92 -1 2 -4 1 0 0 0 -3 -4 1 -20 -8 399 168 31 -34 -34 21 1 4 0
1 10000 -98 -5 4 2 0 0 0 0 -2 4 0 -102 -24 1089 351 21 -62 -62 -25 1 -2 0
1 10000 -95 0 -1 0 0 0 0 0 -2 -1 0 -91 -22 510 178 18 -33 -33 -11 -4 1 0
1 10000 -97 4 3 -4 0 0 0 0 1 -3 0 -64 -14 1657 506 17 -86 -86 20 7 0 0
1 10000 -111 -3 -3 5 0 0 0 0 -2 3 0 -82 -16 -250 -47 13 5 5 30 1 -2 0
1 9999 -110 5 5 2 0 0 0 0 -1 2 0 -21 7 675 219 15 -39 -39 31 6 -4 0
1 10001 -111 1 -5 2 0 0 0 0 0 -1 -1 -2 6 232 83 9 -16 -16 -75 -7 1 0
1 10001 -112 -40 3 -9 0 0 0 0 -5 3 1 1 3 225 75 5 -13 -13 4 -7 4 0
1 9999 -119 -49 -4 0 0 0 0 0 -6 9 -2 54 25 301 93 4 -16 -16 -33 3 4 0
1 8358 -91 -14 8 108 -1 1402 0 0 -9 101 -28 17 28 -479 -137 0 23 23 -2 7 18 0
1 13387 -166 118 5 115 1 9 0 -2 7 68 -33 116 33 334 69 -15 -8 -8 7 -12 -20 0
1 8810 -111 72 -1 -23 -1 -62 0 -1 14 -32 16 52 68 368 95 -5 -14 -14 66 9 3 0
1 11190 -141 11 -8 -178 0 -1348 0 3 11 -158 48 334 69 -3238 -955 -14 157 157 -83 -13 -4 0
1 9999 -102 -7 -9 -4 0 0 0 0 7 -3 -1 66 34 2779 751 -26 -116 -116 14 3 -3 0
1 10000 -117 -20 -2 -7 0 0 0 0 0 -1 0 5 13 -218 -97 -19 20 20 -5 1 6 0
1 10000 -110 -25 2 3 1 -4 -1 0 -6 8 0 24 13 -338 -112 -9 20 20 2 3 -4 0
1 10000 -102 -33 6 -6 0 0 0 0 -12 2 0 7 7 -282 -93 -7 16 16 40 9 0 0
1 10000 -102 -32 0 -11 0 0 0 0 0 -1 0 8 4 -256 -81 -4 14 14 32 -24 -32 0
1 10000 -99 -9 -1 3 0 0 0 0 1 5 0 8 3 163 37 -5 -4 -4 -95 10 33 0
1 10001 -88 -28 4 6 0 0 0 0 -7 13 -2 0 6 443 124 -2 -20 -20 59 6 -2 0
1 9999 -110 -54 -5 -6 0 0 0 0 -6 5 -1 0 -1 -330 -99 -2 16 16 -30 -6 -1 0
1 8338 -71 6 2 112 0 1392 0 0 -4 96 -27 -73 8 4396 1261 0 -202 -202 -4 6 1 0
1 13395 -118 119 13 109 -1 18 1 -2 4 66 -33 130 21 -4513 -1301 -4 210 210 3 -4 4 0
1 8834 -90 65 -6 -55 0 -505 -1 0 18 -58 28 -36 12 -14 -10 -3 2 2 7 16 39 0
1 11166 -95 36 -4 -148 0 -908 0 2 6 -140 36 99 21 3497 996 -3 -160 -160 33 -13 -42 0
1 10000 -78 1 -2 -10 0 0 0 0 5 -10 1 25 19 -3106 -897 -4 146 146 -30 3 1 0
1 9999 -73 0 0 -6 0 0 0 0 1 -5 1 52 42 -313 -101 -7 17 17 2 -4 -7 0
1 9996 -77 -3 -3 3 0 -3 0 0 2 3 -1 33 28 295 73 -6 -10 -10 -36 -7 6 0
1 10005 -76 -26 -7 -1 0 0 0 0 -2 4 0 7 9 4 -10 -6 3 3 51 6 -2 0
1 10000 -60 -40 3 -1 0 0 0 0 -6 9 0 17 14 787 221 -3 -35 -35 -26 0 -3 0
1 8808 -65 -35 22 -4 65 0 -1 -4 -26 5 0 -80 5 165 42 -2 -7 -7 18 10 6 0
1 10015 -96 -36 39 -3 0 0 -50 0 -39 7 -1 -17 3 558 156 -3 -24 -24 -30 -9 -4 0
1 9996 -97 -69 0 1 0 0 -51 0 -12 15 -3 50 47 -75 -27 -3 5 5 9 -6 3 0
1 10013 -110 -60 -3 -2 0 0 -53 0 -3 14 -3 82 10 542 137 -10 -20 -20 5 4 0 0
1 9987 -118 -47 -6 1 0 0 -52 0 -3 10 -2 -81 5 594 164 -3 -26 -26 22 -1 2 0
1 12085 -142 28 17 163 1 1413 -28 2 -17 131 -50 117 13 3601 1032 0 -164 -164 -17 1 -6 0
1 10619 -150 133 -10 70 0 0 0 0 34 33 -17 8 15 -3084 -884 0 141 141 -18 -8 4 0
1 10000 -154 131 -6 6 0 0 0 0 19 -23 15 7 6 553 155 -2 -25 -25 10 12 -1 0
1 8909 -116 61 -3 -84 0 -1231 -2 0 10 -84 37 -239 3 1204 346 1 -55 -55 27 -2 -6 0
1 11091 -133 -2 -34 -119 -47 -170 0 2 36 -105 23 50 21 -1079 -281 15 41 41 -41 -6 8 0
1 9999 -106 -17 -15 -14 0 0 0 0 12 -10 0 -30 17 1534 453 7 -73 -73 34 5 -3 0
1 10000 -86 -33 -1 -7 0 0 0 0 -1 3 0 20 29 1016 302 6 -49 -49 -16 -2 2 0
1 10002 -89 -51 0 -12 0 -4 -1 0 -7 1 0 69 37 1759 502 -1 -79 -79 -25 -1 -1 0
1 9999 -99 -24 4 2 0 0 0 0 -8 7 0 37 25 726 200 -4 -31 -31 -11 0 2 0
1 10001 -97 -33 -3 4 0 0 0 0 -2 11 -1 4 18 472 126 -5 -18 -18 -8 0 -1 0
1 9999 -108 -21 4 -1 0 0 0 0 -4 5 -1 -2 15 113 27 -2 -4 -4 8 -4 -4 0
1 9999 -117 -4 -14 11 0 0 0 0 9 9 -2 37 37 483 137 -1 -21 -21 -24 -3 -1 0
1 10001 -122 -30 3 -3 0 0 0 0 -6 5 -1 -15 6 486 133 -4 -20 -20 1 0 3 0
1 8361 -90 -24 8 88 0 1390 0 0 -14 83 -21 -149 1 570 162 0 -25 -25 19 -19 -38 0
1 13370 -175 82 9 109 0 17 0 -2 5 74 -35 122 5 799 230 0 -36 -36 10 18 38 0
1 8827 -118 104 -11 -4 0 -79 0 -1 20 -26 12 -108 3 702 203 2 -32 -32 -20 -4 -2 0
1 11174 -142 24 11 -168 5 -1339 -1 3 -3 -151 47 96 10 -1804 -513 1 79 79 14 4 10 0
1 10000 -126 4 -9 -19 0 0 0 0 5 -19 2 -2 -5 1926 554 1 -85 -85 2 1 -10 0
1 10000 -109 -16 0 -11 0 0 0 0 3 -6 1 11 9 -122 -34 1 5 5 28 -1 6 0
1 10000 -127 -34 5 -10 0 -4 0 0 -6 0 0 -1 8 288 82 0 -13 -13 -36 4 -4 0
1 10000 -106 -26 -1 0 0 0 0 0 -3 6 1 -45 9 318 87 -2 -13 -13 -12 -8 2 0
1 10000 -111 -10 -2 5 0 0 0 0 -5 5 -1 -136 -1 185 61 4 -10 -10 -12 -13 -35 0
1 10000 -115 -49 -4 3 0 0 0 0 -1 15 -2 -22 -3 409 139 11 -24 -24 25 13 34 0
1 10000 -106 -32 8 2 0 0 0 0 -9 10 -2 -96 2 1196 364 12 -58 -58 -6 5 -5 0
1 10000 -101 6 0 7 0 0 0 0 1 5 0 -13 3 1092 337 12 -54 -54 88 8 16 0
1 10000 -115 -48 -3 -8 0 0 0 0 -8 1 -1 -129 4 666 204 7 -32 -32 -55 -4 1 0
1 10000 -106 -30 0 -6 0 0 0 0 -2 3 0 -455 -40 -5113 -1437 16 216 216 -14 -4 -1 0
1 10000 -97 51 -3 -2 0 0 0 0 8 -14 3 -958 -159 8656 2563 41 -398 -398 80 12 4 0
1 8384 -82 90 9 107 0 1411 -1 0 7 78 -19 -623 -102 380 315 105 -69 -69 -13 3 23 0
1 12262 -115 118 -2 46 0 -535 1 -2 12 11 -6 -1121 -256 11599 3595 127 -548 -548 9 -8 7 0
1 11167 -115 13 -5 -128 0 -858 0 2 11 -117 26 -525 -147 6224 2059 127 -314 -314 40 21 42 0
1 9998 -81 -11 -19 -16 0 0 0 0 16 -13 -1 -73 -19 5263 1694 81 -247 -247 -23 -2 -8 0
1 10000 -88 -50 17 0 0 0 0 0 -22 13 1 -29 13 11208 3400 68 -462 -462 -2 -7 -10 0
1 10002 -81 -51 -10 -2 0 -4 -1 0 1 10 0 159 4 -2007 -491 43 55 55 21 2 6 0
1 10000 -78 -74 -8 -2 0 0 0 0 0 16 -3 -713 -45 4733 1425 22 -186 -186 27 12 34 0
1 10000 -68 -82 -8 -3 0 0 0 0 -6 14 -2 -1716 -257 6196 1937 60 -255 -255 31 4 -8 0
1 9032 -72 -48 16 -2 54 0 0 -4 -22 10 -1 -278 -41 9482 3174 178 -422 -422 25 5 3 0
1 9796 -86 -29 39 3 0 -1 -49 0 -39 12 -1 -420 -37 11706 3664 100 -446 -446 8 6 16 0
1 9985 -99 -44 3 1 0 1 -52 0 -15 5 -3 -662 11 5362 1819 102 -225 -225 -12 -1 6 0
1 10015 -118 16 -1 0 0 -1 -53 0 6 -1 1 -175 -12 5812 1967 105 -237 -237 31 2 -12 0
1 11794 -148 96 15 172 1 1399 -24 2 -2 127 -48 -404 -2 -3090 -698 87 59 59 -21 -10 -7 0
1 10620 -147 101 -10 50 0 0 0 0 26 21 -12 -61 -5 12211 3774 67 -417 -417 4 9 8 0
1 10000 -145 119 -6 17 0 0 0 0 16 -13 7 -47 17 2020 695 38 -80 -80 2 -2 26 0
1 10640 -157 91 5 -6 0 0 0 0 3 -25 13 -191 29 1765 581 23 -64 -64 48 6 17 0
1 10000 -144 60 12 5 0 0 0 0 -2 -10 5 -263 46 1832 615 28 -69 -69 -2 -1 41 0
