version: 66.11
glider: 175
mission: 11
dive: 73
start: 5 25 126 4 33 50
columns: rec,elaps_tms,depth,heading,pitch,roll,AD_pitch,AD_roll,AD_vbd,GC_phase,mag.x,mag.y,mag.z,sbect.TempFreq,sbect.CondFreq,aa4330.O2,aa4330.AirSat,aa4330.Temp,aa4330.CalPhase,aa4330.TCPhase,wlbb2f.redCount,wlbb2f.blueCount,wlbb2f.fluorCount,wlbb2f.VFtemp,
data:
0 22259 -145 1816 -685 -13 246 2023 826 2 394 -38 280 257841 161381 313717 96349 13480 31340 31340 708 224 326 567
1 10014 8 62 -20 -19 0 0 284 0 10 11 -12 -146 -5 -1225 -346 14 40 40 -38 13 -7 0
1 10013 10 -45 -11 26 0 1 277 0 12 -1 -12 112 5 557 189 9 -25 -25 -41 -47 -80 0
1 9975 35 18 -44 -23 0 -1 273 0 25 -7 -30 -284 -9 86644 27267 235 -2917 -2917 -4 28 35 -1
1 9997 35 71 -20 0 0 1 267 0 10 25 -19 2 -2 44645 13795 2 -1148 -1148 71 13 4 0
1 10014 33 82 -8 -6 0 0 263 0 7 24 -15 -115 10 2886 876 -5 -66 -66 -51 10 62 0
1 10006 41 102 4 -39 0 0 259 0 1 12 -9 181 -8 1334 454 14 -38 -38 -8 -2 -4 0
1 9998 135 203 22 -108 0 0 285 0 4 4 -5 2723 353 4391 1343 -5 -101 -101 -29 -47 -79 0
1 12211 369 93 -3 60 12 -1 201 -1 7 44 -36 8302 1832 -319 -2336 -725 308 308 -93 -2 -5 0
1 8032 327 15 130 -1 1979 -1 2 2 -45 -19 87 3108 631 -29676 -10808 -623 1002 1002 -104 -27 -67 0
1 14224 575 -120 202 251 99 1399 1 1 -151 138 67 1006 181 -51527 -17482 -810 1839 1839 25 5 1 0
1 10001 340 -87 52 50 0 0 0 0 -61 30 16 162 63 -6174 -2412 -242 309 309 18 4 8 0
1 10000 332 5 15 -13 0 0 0 0 -12 -6 10 1512 255 -11699 -3865 -185 472 472 -72 -9 -40 0
1 10001 310 -36 22 4 0 0 0 0 -27 -1 12 538 110 -7102 -2535 -200 336 336 15 -4 -17 0
1 9999 271 -23 6 -1 0 0 0 0 -9 -4 7 694 153 -8170 -2611 -106 337 337 -41 -10 1 0
1 10000 264 -92 10 31 0 0 0 0 -25 4 6 369 39 -9490 -3012 -120 402 402 -5 4 4 0
1 10000 239 -69 12 -7 0 0 0 0 -24 -20 19 1204 130 -6158 -2047 -125 291 291 -63 -9 -44 0
1 10000 236 -54 -5 -5 0 0 0 0 -8 -18 11 23 5 -4982 -1768 -157 267 267 18 -5 -2 0
1 10001 242 -58 5 -9 0 0 0 0 -8 -25 14 6 -27 -5663 -1720 -46 243 243 4 6 8 0
1 10000 204 -55 -5 -9 0 0 0 0 -4 -25 12 -29 -81 -452 -177 -23 29 29 19 2 -5 0
1 10000 204 -84 4 27 0 0 0 0 -5 -6 3 -4 -38 -7797 -2265 -17 320 320 -27 0 -3 0
1 10000 218 -27 -3 -28 0 0 0 0 3 -34 12 3 -4 -2174 -644 -10 94 94 113 7 -5 0
1 11029 235 -62 -3 20 0 0 0 0 4 -6 0 -10 -7 -3326 -961 -6 139 139 -100 -8 5 0
1 10001 208 1 7 -24 0 0 0 0 -4 -20 6 -30 -15 -2849 -832 -8 123 123 -12 1 -2 0
1 9998 235 0 -33 6 0 0 0 0 32 4 -7 1 -25 -1149 -321 3 47 47 38 -3 -8 0
1 10001 243 25 3 4 0 0 0 0 -7 12 -3 22 -23 -1557 -452 -3 67 67 -7 7 9 -1
1 10001 243 24 3 10 0 0 0 0 -3 18 -4 53 -80 -8300 -2389 -8 362 362 88 10 6 0
1 9999 226 -50 13 21 0 0 0 0 -10 1 2 -29 -38 5688 1619 -4 -245 -245 -77 -12 -9 1
1 10000 230 -77 11 -13 0 0 0 0 -4 -39 12 -15 -27 -982 -285 -2 44 44 -13 10 1 0
1 10001 226 -46 18 -12 0 0 0 0 -12 -28 7 -3 -4 -1565 -454 -3 69 69 22 -9 -6 0
1 10431 203 -67 -16 33 0 0 0 0 24 4 -5 6 -2 -928 -258 3 38 38 -3 -4 2 0
1 10001 231 -45 2 -22 0 0 0 0 6 -36 3 4 -3 -304 -95 -4 15 15 31 16 2 0
1 9255 191 -89 13 -35 0 -276 6 0 17 -53 -1 -32 -62 -148 -49 -3 8 8 -29 -9 -4 0
1 11172 210 20 28 -188 68 -1118 0 2 -29 -163 -20 93 -26 -1040 -302 -3 47 47 10 5 5 0
1 10000 170 -2 22 -16 0 0 0 0 -16 -13 -1 7 -6 -1588 -463 -5 72 72 220 8 -12 0
1 10000 156 30 4 0 0 0 0 0 -14 6 4 36 0 -1049 -306 -3 48 48 -228 -16 3 0
1 9453 149 17 12 4 31 -5 0 0 -17 7 5 2 -41 -237 -75 -4 12 12 -15 -4 0 0
1 10547 145 42 16 -5 0 0 0 0 -23 9 6 -148 -71 -7081 -2017 3 316 316 2 8 10 0
1 10000 131 28 5 -1 0 0 0 0 -7 10 2 -143 -55 5480 1585 10 -252 -252 34 4 -6 0
1 10000 131 14 -3 3 0 0 0 0 -5 5 2 -53 -27 -2287 -624 16 94 94 56 4 1 0
1 10000 128 25 3 -2 0 0 0 0 -6 8 2 -151 -67 1481 443 11 -71 -71 -81 -14 -2 0
1 10000 127 -28 -4 6 0 0 0 0 7 -6 -2 -9 -25 -412 -86 17 9 9 12 -1 -1 0
1 9474 117 5 2 -4 0 0 0 0 -1 -1 0 -29 -17 -157 -28 9 3 3 23 12 -2 0
1 10617 142 -14 -3 4 0 0 0 0 4 -2 -1 15 -11 -544 -143 6 21 21 73 9 1 0
1 9999 137 -11 3 -6 0 0 0 0 4 -6 -1 10 -14 -191 -53 1 8 8 -101 -17 1 0
1 10001 118 -10 0 2 0 0 0 0 0 -2 -2 46 -11 -1 0 0 0 0 -2 0 -2 0
1 9999 135 -13 -1 4 0 0 0 0 1 -3 -1 1 -8 -249 -78 -3 13 13 8 2 0 0
1 10001 114 -12 1 0 0 0 0 0 2 -4 0 38 -1 -429 -126 -2 20 20 -24 0 -1 0
1 10000 139 -4 -1 -3 0 1 0 0 3 -2 -1 51 1 -58 -28 -6 6 6 18 -7 -4 0
1 10000 132 -18 4 -3 0 0 0 0 4 -6 -2 0 -10 -273 -88 -5 15 15 24 10 8 0
1 10001 126 -22 -3 6 0 0 0 0 4 -5 -2 174 8 -481 -149 -6 24 24 -28 -3 -4 0
1 10001 123 -24 2 -3 1 -1 0 0 8 -6 -3 53 0 -663 -219 -17 38 38 79 15 -4 0
1 9997 138 -6 -2 2 0 0 0 0 1 -3 -1 62 5 361 81 -11 -10 -10 -69 -12 2 0
1 10000 115 1 1 -4 0 0 0 0 2 1 -1 35 0 -745 -229 -9 38 38 47 5 0 0
1 10000 127 13 0 -1 -1 0 0 0 -5 1 1 101 4 -490 -159 -10 28 28 6 1 -1 0
1 10000 128 27 6 0 0 0 0 0 -11 8 5 97 10 -650 -209 -13 36 36 -53 3 3 0
1 10001 136 13 -2 0 0 0 0 0 -2 4 1 18 -1 -375 -133 -14 24 24 63 2 -7 0
1 9435 126 14 -1 2 0 0 0 0 -4 4 2 -9 -6 -340 -110 -7 19 19 -59 -9 5 0
1 10565 145 25 1 -2 0 0 0 0 -7 6 2 6 -5 -611 -179 -2 29 29 21 0 -5 0
1 10001 120 -2 -4 5 0 0 0 0 2 3 1 1 0 20 1 -3 0 0 104 5 6 0
1 7990 128 14 2 -7 0 0 0 0 -2 0 0 -198 -21 -1178 -338 -1 55 55 -128 1 7 0
1 12009 167 32 3 1 0 1 0 0 -8 12 3 146 -15 1044 301 1 -49 -49 48 -9 -13 0
1 10000 125 21 1 2 0 0 0 0 -9 6 3 -4 -6 -147 -38 3 6 6 -35 8 10 0
1 10000 142 31 0 -3 0 0 0 0 -1 10 2 -12 -5 -271 -77 0 12 12 66 10 1 0
1 8336 116 -26 -7 114 -8 1399 0 0 7 96 15 -68 -1 -569 -161 1 26 26 70 12 2 0
1 14195 200 -56 -6 116 0 14 0 -2 14 86 -4 64 -6 611 175 0 -28 -28 -82 -26 -10 0
1 10001 141 -44 5 -12 0 0 0 0 2 -27 2 -12 -9 -18 -3 1 0 0 13 11 9 1
1 8836 130 -39 3 -30 0 -538 0 0 13 -37 -1 -121 -25 974 280 1 -45 -45 -15 -22 -31 -1
1 11163 149 8 -9 -160 0 -863 0 2 8 -143 -22 40 -12 -1054 -289 7 45 45 -46 14 23 1
1 10000 141 24 5 -20 0 0 0 0 -9 -10 -3 -8 -5 -72 -13 4 1 1 -17 -1 7 -1
1 10000 150 11 2 3 0 0 0 0 -9 3 3 -17 -10 -25 -3 2 0 0 15 0 -3 0
1 9420 122 22 -8 -1 0 -4 0 0 6 8 1 -23 -9 169 54 3 -9 -9 21 6 3 1
1 10581 161 0 -2 -3 0 0 0 0 0 -4 -1 -12 -11 -123 -29 4 4 4 8 -6 6 0
1 9999 148 11 17 19 0 0 0 0 -18 20 7 -38 -17 101 34 2 -6 -6 4 11 -9 0
1 10000 136 13 -13 -12 0 0 0 0 8 -7 -2 -20 -10 -5653 -1607 4 259 259 -16 -12 -3 0
1 10000 150 5 3 -3 0 0 0 0 -1 1 0 -15 -9 5918 1696 4 -275 -275 -58 -5 -1 0
1 10001 123 7 -2 -7 0 0 0 0 2 -3 -1 -56 -24 -353 -94 4 14 14 52 12 3 0
1 9997 154 16 -3 -3 0 0 -1 0 -3 1 1 -96 -41 244 84 7 -15 -15 -7 0 1 0
1 10002 161 0 5 11 0 0 0 0 -8 8 2 -39 -20 -359 -82 12 10 10 38 7 -2 0
1 10000 138 9 3 -8 0 0 0 0 0 -2 0 -37 -15 203 72 7 -13 -13 -37 -9 5 0
1 8292 129 -20 -12 103 -2 1380 0 0 9 85 16 -163 -3 848 252 6 -41 -41 6 24 39 0
1 13385 193 -77 0 120 0 13 0 -2 15 85 -1 159 -5 -710 -194 4 30 30 -2 -30 -46 0
1 9253 147 -18 16 -65 0 -440 0 0 -3 -61 0 -98 0 35 12 1 -2 -2 -4 6 3 0
1 11193 156 20 -10 -157 0 -966 0 2 3 -139 -26 98 -2 -399 -112 2 17 17 128 9 -4 0
1 9994 151 17 0 8 0 0 0 0 -4 12 5 6 7 383 111 0 -18 -18 -115 -4 4 0
1 10005 140 -6 -2 -19 0 0 0 0 5 -18 -6 -6 -10 -125 -35 1 6 6 -8 -4 1 0
1 9998 151 18 1 18 0 -1 0 0 -5 22 7 -10 -5 14 5 0 -1 -1 16 4 1 0
1 9997 166 1 7 2 0 0 0 0 -8 1 1 -15 -6 -231 -66 0 11 11 68 8 1 0
1 10001 144 -7 -2 -11 0 0 0 0 5 -10 -4 -24 -11 -32 -5 3 0 0 -93 -12 -5 0
1 9999 158 4 -4 7 0 0 0 0 3 7 2 -3 -2 -195 -50 3 7 7 -16 -3 1 0
1 10005 154 27 6 -12 0 0 0 0 -11 -2 1 15 6 165 50 1 -8 -8 136 7 2 0
1 9996 147 19 0 10 0 0 0 0 -7 13 4 11 1 -30 -11 -1 2 2 -83 -3 0 0
1 8376 139 24 1 -8 0 0 0 0 -6 1 1 -66 -5 -20 -8 -1 1 1 7 3 3 0
1 11629 151 -14 -3 6 0 0 0 0 4 0 -1 27 -16 136 40 0 -6 -6 -45 -4 -7 0
1 9995 156 17 4 -3 0 0 0 0 -4 4 2 -2 -1 -127 -29 4 4 4 66 12 3 0
1 10004 153 6 -3 2 0 0 0 0 -1 3 0 1 -4 29 11 2 -2 -2 -41 -11 -5 0
1 8480 134 -4 -7 96 0 1398 0 0 7 87 16 -180 -1 440 125 -1 -20 -20 -17 -21 -33 0
1 13355 211 -65 2 119 0 11 0 -2 9 87 -2 171 -9 -626 -174 3 27 27 89 23 32 1
1 10702 168 -44 9 5 0 0 0 0 3 -9 1 13 -3 -49 -16 -1 3 3 -82 2 5 -1
1 8192 124 -28 -2 -109 0 -1393 0 0 14 -106 -5 -2 13 539 158 2 -26 -26 78 2 -11 0
1 11808 181 0 -7 -108 0 -10 0 2 6 -98 -25 107 7 -744 -232 -11 39 39 -10 7 10 1
1 9998 158 0 4 2 0 0 0 0 -3 2 1 145 41 -271 -94 -8 17 17 106 9 8 0
1 10001 150 7 3 -9 0 0 0 0 -3 -6 -1 50 14 -59 -45 -16 11 11 -85 0 0 0
1 10001 144 -2 -2 0 0 -1 0 0 2 0 -1 40 12 -362 -114 -6 20 20 29 2 3 0
1 9999 157 -24 2 7 0 0 0 0 4 -1 0 -45 -35 -331 -118 -13 22 22 -36 4 -9 0
1 10000 159 -19 0 0 0 0 0 0 3 -7 -3 -114 -41 -126 -31 3 4 4 61 0 0 0
1 10000 144 -6 -1 0 0 1 0 0 4 0 -1 -36 -25 -218 -41 12 4 4 -10 8 4 0
1 10000 143 8 2 -3 0 0 0 0 -2 1 1 26 -7 -84 -12 6 1 1 64 11 2 0
1 10000 145 14 4 -2 0 0 0 0 -7 2 1 22 1 -84 -24 0 3 3 -33 -6 0 0
1 10001 140 22 -7 2 0 -1 0 0 -1 7 3 27 -8 426 116 -3 -18 -18 -2 10 -3 0
1 10000 129 18 -2 5 0 0 0 0 -5 7 3 53 -2 -870 -256 -4 43 43 103 15 1 0
1 10000 148 41 5 -10 0 0 0 0 -15 3 3 112 15 -459 -139 -4 23 23 100 26 1 0
1 10000 143 15 2 4 0 1 0 0 -4 10 3 149 32 -864 -285 -21 51 51 60 8 -3 0
1 9999 146 -41 17 11 0 0 0 0 2 3 0 20 8 -776 -246 -14 43 43 9177 9732 9915 9431
1 10000 158 59 -16 -8 0 0 0 0 -3 7 2 6 2 -327 -108 -8 20 20 -9180 -9728 -9911 -9431
1 10827 155 13 -4 -1 0 -1 0 0 -4 1 1 79 40 -576 -177 -7 30 30 134 24 0 0
1 9173 148 19 2 -8 0 1 0 0 -9 -3 -1 88 7 14 -23 -15 7 7 -122 -8 1 0
1 10001 139 -17 -2 8 0 0 0 0 8 3 1 -30 -10 -6076 -1744 -6 292 292 88 3 -3 0
1 9999 159 0 2 -2 0 0 0 0 1 0 0 -22 -8 5314 1512 -2 -252 -252 47 7 1 0
1 10001 154 1 -5 8 0 -1 0 0 3 6 1 52 15 -78 -21 0 4 4 -90 -12 -1 0
1 9999 142 7 4 -5 0 0 0 0 -6 -2 0 5 1 -110 -40 -4 7 7 79 15 -1 0
1 10001 155 18 1 -4 0 0 0 0 -6 2 1 -25 -3 -58 -18 -1 3 3 31 5 -2 0
1 8301 120 -17 -5 106 0 1388 0 0 7 91 17 -22 16 -1552 -444 -1 74 74 210 29 5 0
1 13413 212 -79 1 118 0 12 0 -2 14 82 -1 69 -11 1259 347 -7 -56 -56 -229 -35 -3 0
1 8977 135 -24 11 -26 0 -8 0 -1 1 -28 0 -106 -3 468 136 2 -23 -23 87 14 3 0
1 11028 167 6 -14 -190 0 -1389 0 3 13 -172 -26 124 6 -795 -224 2 37 37 -26 1 -2 0
1 12431 176 -12 47 -9 151 -4 -1 -4 -39 -11 -1 -100 -6 14 -2 -4 1 1 88 8 0 0
1 7697 79 2 96 6 0 0 -31 0 -89 6 -3 31 4 -138 -40 0 7 7 -37 11 4 0
1 8691 47 1 29 1 0 0 -42 0 -27 1 -3 -43 -3 29 5 -2 -1 -1 75 1 -5 0
1 9986 42 1 0 1 1 0 -49 0 1 2 1 49 -1 -33 -8 1 1 1 -177 -25 4 0
1 10005 63 17 -20 0 -1 0 -48 0 10 2 3 9 2 -35 -10 0 2 2 97 18 -1 0
1 10029 45 -3 -3 10 0 0 -49 0 3 8 2 -88 -1 159 47 1 -8 -8 -6 -10 1 0
1 10003 42 19 -13 -4 0 0 -49 0 6 1 1 -20 -2 -150 -42 0 7 7 -137 -19 -2 0
1 9970 43 17 2 0 0 0 -48 0 -4 7 2 95 2 -152 -45 -1 8 8 266 35 2 0
1 10001 43 0 -11 -3 0 0 -48 0 11 -2 1 21 2 -155 -41 2 6 6 -136 -16 -3 0
1 10016 36 -15 -7 7 0 0 -48 0 9 0 1 -49 1 266 76 0 -12 -12 -168 -25 -6 1
1 9991 43 -11 -9 -1 0 0 -47 0 14 -2 0 -35 -1 131 37 0 -7 -7 138 16 5 -1
1 9993 31 5 -10 2 0 0 -48 0 6 2 2 59 -3 -225 -64 0 11 11 -90 -18 1 1
1 9995 28 -5 6 -4 0 0 -47 0 -1 -3 -1 -85 -1 -229 -61 2 10 10 -2 5 1 0
1 15013 39 -37 37 9 188 0 -39 0 -26 -3 -4 49 0 256 70 -1 -12 -12 -145 0 1 0
1 9999 -60 12 448 -4 213 0 -32 0 -361 5 -197 30 2 203 55 -2 -8 -8 399 38 -3 -1
1 9995 -68 -17 -38 5 0 0 -47 0 30 0 32 1 20 78 22 -1 -4 -4 -112 -17 -7 1
1 10000 -84 -25 -4 -2 0 0 -49 0 9 -7 6 -10 -23 -775 -220 1 36 36 213 47 11 0
1 10020 -86 5 -9 7 0 0 -51 0 2 2 5 -138 -2 487 140 1 -23 -23 -226 -43 -4 -1
1 9977 -108 10 2 5 0 0 -48 0 -3 7 0 86 -1 60 19 1 -4 -4 -137 -12 3 1
1 10001 -120 26 -4 1 0 0 -51 0 -3 8 -1 14 3 485 140 1 -23 -23 139 15 0 0
1 10023 -126 10 -10 -8 0 0 -51 0 4 -2 5 -33 -1 -347 -99 0 16 16 458 46 -2 0
1 9977 -144 -12 -3 -7 0 0 -53 0 8 -5 2 45 2 -280 -81 -1 14 14 -525 -61 0 -1
1 10002 -158 -14 -6 18 0 0 -51 0 3 3 7 -24 0 613 176 1 -29 -29 103 13 1 1
1 10005 -171 -17 -10 -27 0 0 -52 0 10 -24 0 -51 0 -134 -37 0 6 6 -130 8 -1 0
1 10016 -171 -14 -1 2 0 0 -52 0 7 1 5 60 -2 -241 -68 1 11 11 -17 -18 -1 -1
1 12333 -231 -39 -4 14 0 0 -46 4 14 1 12 55 -5 369 107 1 -18 -18 15 -10 -2 0
1 10619 -193 -25 -1 7 0 0 0 0 6 -5 4 -9 0 205 63 3 -11 -11 40 11 1 1
1 10000 -201 -2 1 -10 0 0 0 0 0 -6 -3 -21 -2 -202 -57 0 9 9 -37 -6 0 0
1 8831 -168 -8 0 80 -20 1172 -5 0 1 54 24 -71 -4 981 285 3 -47 -47 -29 -29 12 0
1 14078 -310 88 3 145 1 235 0 -2 -28 116 -4 41 -2 -933 -264 1 43 43 -53 12 -12 0
1 9999 -214 44 -3 8 0 0 0 0 -9 17 -7 -82 -21 44 16 2 -3 -3 18 16 0 0
1 8821 -185 51 0 -45 -1 -126 -1 0 -10 -16 -9 -173 -43 1111 340 13 -59 -59 -67 -36 -2 0
1 11179 -225 -14 -23 -161 -28 -1260 0 2 22 -108 1 -107 -35 -131 -4 18 -3 -3 -95 -8 4 0
1 10000 -186 -11 -21 -16 0 0 0 0 14 -18 6 78 27 227 92 15 -19 -19 88 7 -3 0
1 10001 -183 -24 -6 -6 0 0 0 0 12 -10 6 -26 1 1305 372 0 -61 -61 -121 -24 -3 0
1 9998 -177 -45 1 -1 0 -3 -1 0 11 -13 2 -144 -28 -402 -104 6 16 16 -108 -27 9 0
1 10002 -173 -37 4 3 0 0 0 0 8 -7 4 -43 8 243 101 18 -20 -20 -14 0 -5 0
1 9999 -165 -25 -3 -1 0 0 0 0 9 -7 3 17 10 762 233 8 -40 -40 49 4 -1 0
1 8322 -145 -13 10 87 0 1380 0 0 -5 59 18 -98 -3 17 7 2 -2 -2 -96 14 44 0
1 13402 -257 73 15 136 0 18 0 -2 -32 114 -8 40 7 727 220 6 -37 -37 8 -31 -42 0
1 10001 -196 62 -13 9 0 0 0 0 -10 17 -9 50 20 339 103 3 -17 -17 -62 -10 1 0
1 8431 -134 59 4 -98 -5 -1416 0 0 -14 -49 -10 -129 18 3379 962 -1 -154 -154 2 -1 -7 0
1 11569 -207 15 -13 -116 0 0 -1 2 9 -74 -9 239 65 -3148 -903 -2 145 145 10 7 5 0
1 9999 -159 17 -5 -19 0 0 0 0 2 -6 2 109 28 250 54 -10 -6 -6 -30 -14 -1 0
1 10000 -160 -18 -9 3 0 0 0 0 8 -6 3 -64 -15 199 24 -18 0 0 41 9 5 0
1 10001 -148 -5 6 -3 0 -4 1 0 -4 -4 -3 -78 -11 -405 -115 1 18 18 -46 1 -3 0
1 9999 -152 -20 -3 4 0 0 0 0 5 -4 4 -8 -6 -5145 -1451 10 235 235 4 -10 -2 0
1 10000 -155 -16 -2 -5 0 0 0 0 6 -9 0 -80 -17 5349 1538 5 -252 -252 5 -6 2 0
1 10000 -157 -15 -1 -3 1 0 -1 0 5 -6 1 52 14 558 171 7 -30 -30 -20 0 -3 0
1 10000 -156 -7 3 9 0 0 0 0 -3 3 3 -68 -20 335 97 0 -15 -15 11 -1 2 0
1 10000 -156 -23 10 1 0 0 0 0 3 -2 -1 16 12 -83 -15 5 1 1 -27 -1 0 0
1 10000 -169 -23 -6 -5 -1 0 0 0 8 -12 2 19 6 364 106 1 -17 -17 56 10 -2 0
1 10000 -154 -7 -7 6 0 0 0 0 7 1 5 -107 -31 -333 -95 0 15 15 -64 -5 -1 0
1 10000 -160 -27 10 0 0 0 0 0 0 -6 -1 -25 -4 131 53 9 -10 -10 -3 -2 1 0
1 10000 -162 -6 -2 -10 0 -1 0 0 5 -7 0 3 0 330 103 5 -18 -18 59 0 5 0
1 10001 -162 2 -7 4 0 0 0 0 2 0 1 6 3 77 27 2 -5 -5 -53 -2 -9 0
1 9999 -161 -18 4 -4 0 0 0 0 5 -4 1 -1 2 102 32 2 -5 -5 -33 -9 11 0
1 10001 -147 3 -3 7 0 1 0 0 1 6 4 14 5 186 53 -1 -9 -9 49 11 -7 0
1 10000 -159 -7 0 1 0 0 0 0 2 -1 1 10 8 -295 -85 0 14 14 -11 -12 -4 0
1 9999 -159 -29 8 6 0 0 0 0 2 -2 2 -12 -5 298 81 -2 -13 -13 69 17 2 0
1 8334 -132 -6 6 93 0 1413 -1 0 -4 66 18 -151 9 880 253 1 -40 -40 -114 1 43 0
1 13387 -237 94 0 129 0 10 0 -2 -29 113 -9 166 1 -946 -273 -2 44 44 36 -16 -42 0
1 10000 -164 61 5 7 0 0 0 0 -21 15 -18 28 14 203 55 -1 -9 -9 12 10 2 0
1 8216 -140 58 2 -98 8 -1412 1 0 -11 -49 -8 -129 0 -4444 -1272 -1 206 206 -16 -8 4 0
1 11783 -223 -1 -1 -122 1 -2 0 2 5 -82 -10 144 13 4389 1252 -2 -202 -202 0 1 -6 0
1 10001 -174 -36 -8 -24 0 0 0 0 15 -27 3 8 -1 35 7 -1 -1 -1 4 0 -1 0
1 10000 -157 -32 2 5 0 0 0 0 4 -7 3 32 15 -37 -11 0 2 2 -5 -2 2 0
1 9999 -164 -52 0 -2 -1 -4 -1 0 10 -19 3 58 26 292 75 -5 -11 -11 -60 -9 2 0
1 10001 -171 -32 0 -6 0 0 0 0 10 -11 3 79 27 548 142 -8 -21 -21 36 5 -3 0
1 10000 -152 -46 3 1 0 0 0 0 12 -9 3 50 27 -829 -255 -10 43 43 28 5 0 0
1 8301 -140 10 8 100 1 1389 0 0 -12 71 19 -81 10 -308 -104 -9 19 19 -20 -10 -25 0
1 13698 -265 66 6 132 0 18 0 -2 -23 108 -7 169 21 -190 -70 -8 13 13 133 22 29 0
1 10001 -208 59 0 1 0 0 0 0 -17 13 -12 -5 2 147 30 -7 -4 -4 -108 2 1 0
1 8590 -141 12 3 -95 -8 -1400 0 0 -2 -62 -6 -111 -19 16 2 -1 0 0 53 -3 1 0
1 11409 -213 16 -25 -119 0 0 0 2 17 -74 -2 94 19 197 63 3 -10 -10 -46 0 -3 0
1 10000 -167 -5 -13 -1 0 0 0 0 9 -4 6 40 12 -246 -78 -4 13 13 -20 0 4 0
1 10001 -138 -10 3 1 0 0 0 0 1 -1 2 4 2 -161 -54 -4 10 10 33 -4 -3 0
1 9998 -157 -16 0 -9 0 -4 0 0 2 -13 -3 -11 -2 1617 458 -3 -73 -73 -23 -6 -2 0
1 10002 -153 -19 -5 3 0 0 0 0 11 -1 7 13 6 -1674 -477 1 76 76 2 8 1 0
1 9999 -154 -46 15 -17 0 0 0 0 2 -22 -6 70 29 -42 -15 -2 3 3 27 4 -3 0
1 10001 -158 -62 -8 6 0 0 0 0 23 -14 10 27 20 185 42 -5 -6 -6 -33 -14 2 0
1 9998 -145 -48 3 0 0 0 0 0 12 -10 6 -14 3 272 65 -7 -9 -9 -22 4 3 0
1 10002 -138 -37 -2 6 0 0 0 0 14 -3 5 73 27 -155 -46 -1 8 8 -4 -1 -3 0
1 8299 -115 -11 11 91 0 1389 0 0 -7 66 22 -67 18 812 222 -6 -34 -34 -31 5 33 0
1 13395 -226 41 17 128 0 19 0 -2 -27 99 -3 -69 6 -850 -260 -9 43 43 25 -8 -28 0
1 10001 -155 65 -8 11 0 0 0 0 -15 20 -8 -214 -26 -6 31 18 -9 -9 -13 -7 -6 0
1 10000 -173 55 -1 6 0 0 0 0 -14 16 -11 -103 -3 -1700 -443 23 67 67 -6 -2 -3 0
1 8814 -139 80 -8 -27 0 -96 0 -1 -15 0 -12 -163 4 1863 569 20 -96 -96 -23 18 50 0
1 11186 -178 57 10 -182 8 -1322 0 3 -14 -107 -23 -3 24 1202 375 18 -64 -64 -6 -27 -46 0
1 10000 -164 44 -10 -20 0 0 0 0 -2 0 -1 8 19 635 205 12 -36 -36 6 1 2 0
1 9999 -141 18 -6 -3 0 0 0 0 2 5 2 -19 -1 774 227 4 -37 -37 27 17 -7 0
1 8576 -129 7 3 -98 4 -1363 0 0 0 -61 -20 -70 31 29 17 4 -3 -3 -92 2 33 0
1 13376 -203 -58 -20 -129 0 -17 0 -2 23 -103 -38 148 62 1182 342 2 -55 -55 61 -14 -31 0
1 10000 -143 -68 -6 -9 0 0 0 0 22 -27 -3 141 57 114 15 -10 0 0 -2 -2 1 0
1 10000 -143 -47 0 1 0 0 0 0 11 -14 -1 -44 6 340 72 -13 -9 -9 24 -1 4 0
1 9477 -121 -58 10 92 0 1258 -1 0 6 41 40 -93 26 201 59 1 -9 -9 -27 0 2 0
1 10523 -164 -5 15 117 -8 147 -1 2 -11 78 35 122 29 -30 -14 -3 3 3 156 28 -5 0
1 10000 -140 -10 -4 11 0 0 0 0 6 5 6 3 11 817 228 -3 -35 -35 -147 -21 2 0
1 10002 -148 4 -7 5 0 0 0 0 1 0 1 15 14 430 121 -1 -19 -19 31 4 -4 0
1 9999 -148 72 11 -4 1 1 0 0 -25 20 -11 111 162 1127 317 -3 -49 -49 -52 -9 -1 0
1 10000 -158 17 -8 2 0 0 0 0 -1 4 1 -82 131 -409 -136 -10 23 23 107 6 5 0
1 9999 -164 -115 10 -17 0 0 0 0 26 -39 5 -74 81 2963 855 4 -134 -134 -121 -10 -1 0
1 9421 -146 -35 -8 -5 0 0 0 0 16 -13 5 -21 39 3026 880 8 -137 -137 20 -10 2 0
1 10578 -160 -77 7 37 0 0 0 0 20 13 17 -4 -5 2102 608 4 -93 -93 56 10 -1 0
1 10001 -158 2 -19 15 0 0 0 0 13 8 10 5 13 1065 311 4 -48 -48 -89 -16 6 0
1 8402 -126 -21 21 75 0 1369 0 0 -11 53 14 -118 2 1635 468 0 -71 -71 22 -3 -26 0
1 13403 -236 36 12 107 0 19 0 -2 -23 83 2 133 2 333 97 1 -14 -14 -33 8 19 0
1 10000 -153 9 -16 27 0 0 0 0 10 29 7 12 9 324 89 -2 -13 -13 35 -3 4 0
1 9999 -140 14 15 -8 0 0 0 0 -18 -12 -11 35 9 1221 344 -2 -51 -51 -10 15 -1 0
1 10001 -152 38 6 8 0 0 0 0 -14 13 -10 5 6 -796 -237 -5 36 36 -36 -21 1 0
1 9999 -157 32 2 -2 0 0 0 0 -12 2 -8 41 11 185 50 -2 -7 -7 35 19 -3 0
1 10000 -159 29 0 3 0 0 0 0 -6 13 -5 8 16 -140 -46 -3 8 8 -35 -15 0 0
1 10000 -168 64 -15 -6 0 0 0 0 -11 5 -7 -28 -11 -167 -49 -1 7 7 32 11 1 0
1 8809 -139 35 4 -47 0 -343 1 0 -5 -19 -7 -78 21 837 241 1 -36 -36 24 23 52 0
1 11191 -186 -26 -8 -143 1 -1062 -1 2 10 -110 -7 161 50 -703 -208 -4 32 32 -36 -30 -52 0
1 10000 -176 -62 -7 -37 0 0 0 0 24 -41 3 33 51 591 153 -8 -21 -21 -15 -7 4 0
1 10001 -153 -32 -6 1 0 0 0 0 12 -10 5 -68 16 651 176 -5 -25 -25 -8 2 1 0
1 10000 -165 7 -2 -1 0 -3 1 0 1 3 2 -262 -41 1062 316 7 -49 -49 5 -4 7 0
1 9999 -158 0 -4 -6 0 0 0 0 2 -5 0 -570 -54 1644 531 31 -84 -84 15 6 0 0
1 10000 -161 -35 -2 6 0 0 0 0 14 0 8 -126 -9 2221 739 52 -120 -120 7 -2 2 0
1 8301 -116 -41 6 93 -1 1391 -1 0 4 55 23 -193 -11 7370 2191 40 -322 -322 61 7 -3 0
1 13420 -223 57 21 128 1 18 0 -2 -35 106 -6 105 -7 -1401 -347 27 43 43 -40 -4 10 0
1 9998 -166 20 -9 10 0 0 0 0 1 12 0 -65 -15 1429 427 8 -62 -62 -11 0 -6 0
1 10001 -150 30 1 -1 0 0 0 0 -9 5 -7 -35 -11 756 241 12 -37 -37 1 2 8 0
1 10000 -146 43 -3 -4 0 0 0 0 -11 5 -8 -66 -16 476 159 11 -24 -24 47 6 -1 0
1 8820 -131 43 0 -49 1 -442 1 0 -9 -24 -8 -285 -20 1600 480 10 -70 -70 -55 7 35 0
1 11181 -164 4 0 -161 -2 -962 0 2 5 -107 -13 26 -20 1532 484 21 -71 -71 58 -4 -28 0
1 9999 -136 -23 -12 -11 0 0 0 0 12 -17 4 -72 -8 5 42 20 -10 -10 -14 -6 12 0
1 10001 -135 -45 0 -2 0 0 0 0 13 -13 5 -4 -2 1394 426 12 -62 -62 2 3 -6 0
1 10000 -131 -50 1 -2 0 -3 -1 0 15 -12 4 -56 -6 1140 342 7 -48 -48 -26 -9 -11 0
1 9999 -134 -54 -6 6 0 0 0 0 17 -14 7 -144 -14 300 106 10 -17 -17 35 11 15 0
1 10001 -129 -35 2 -3 0 0 0 0 11 -8 3 -212 -32 926 302 17 -45 -45 -10 3 0 0
1 8814 -97 -30 3 0 0 0 0 -4 8 -4 3 -188 -15 1606 515 25 -75 -75 21 -6 23 0
1 11283 -138 -26 -11 -5 0 0 -54 0 18 -6 8 -559 -84 3282 998 25 -139 -139 20 4 6 0
1 8728 -98 46 5 5 0 0 -45 0 -20 10 -7 -1458 -221 724 296 41 -48 -48 48 10 44 0
1 14991 -194 177 18 220 0 1407 -14 2 -69 200 -6 -642 -130 16600 5317 237 -733 -733 71 14 17 0
1 8823 -108 58 -11 -33 0 -244 0 -2 -7 -10 -6 -161 -21 10936 3374 88 -428 -428 -42 -11 -13 0
1 10009 -132 40 6 -164 5 -1159 -31 0 -9 -102 -17 33 -9 6306 1960 55 -242 -242 14 7 -6 0
1 10003 -142 54 -15 -13 0 -3 -51 0 -2 7 1 -273 -48 4479 1352 20 -159 -159 -8 2 24 0
1 10004 -128 29 -9 -8 0 0 -54 0 3 5 2 -230 -50 3576 1158 49 -142 -142 32 5 4 0
1 9986 -143 40 2 5 0 0 -52 2 -5 19 1 -146 -23 2294 770 42 -94 -94 23 26 71 0
1 11175 -156 18 3 -19 0 0 -3 2 0 -5 -1 40 -12 -1844 -470 28 46 46 -5 -16 -51 0
1 10000 -156 -50 -7 8 0 0 0 0 9 -13 4 -2045 -330 11881 3546 32 -395 -395 -23 -4 6 0
1 10000 -168 -29 -10 -2 0 0 0 0 14 -11 8 -2198 -438 4620 1841 194 -235 -235 17 -2 3 0
1 8825 -130 -64 6 -87 55 -1182 -3 0 5 -84 -24 -781 -127 15105 5219 298 -590 -590 119 24 46 0
1 14078 -243 -183 3 -148 1 -192 0 -2 50 -143 -62 -1246 -324 14714 5031 251 -531 -531 -4 6 -1 0
