version: 66.11
glider: 175
mission: 11
dive: 70
start: 5 25 126 2 43 16
columns: rec,elaps_tms,depth,heading,pitch,roll,AD_pitch,AD_roll,AD_vbd,GC_phase,mag.x,mag.y,mag.z,sbect.TempFreq,sbect.CondFreq,aa4330.O2,aa4330.AirSat,aa4330.Temp,aa4330.CalPhase,aa4330.TCPhase,wlbb2f.redCount,wlbb2f.blueCount,wlbb2f.fluorCount,wlbb2f.VFtemp,
data:
0 22932 -133 1739 -706 1 250 2022 852 2 407 -57 268 263899 162730 304265 95041 14248 31349 31349 566 191 309 568
1 10008 4 46 -11 -40 0 0 282 0 6 -8 -7 -115 -1 11536 3644 18 -450 -450 91 14 7 0
1 10010 29 -8 2 26 0 0 278 0 0 13 -1 68 2 -9184 -2837 16 342 342 157 21 44 0
1 9987 17 18 -30 26 0 0 271 0 17 21 -21 670 -1 86734 23627 -1299 -2295 -2295 -138 -18 105 0
1 9993 27 42 -12 -12 0 0 263 0 7 8 -8 -127 0 32073 9214 -183 -790 -790 -49 3 0 0
1 10001 38 66 -41 -61 0 0 254 0 21 -8 -32 1362 38 7107 2319 58 -206 -206 -21 -9 -155 -1
1 10004 59 -12 13 -10 0 0 259 0 -5 -10 9 350 165 3009 890 -7 -72 -72 -57 -31 -33 0
1 9997 113 1 3 -18 0 1 284 0 -4 -9 7 657 293 5854 1637 -46 -126 -126 31 25 22 0
1 12142 358 -51 10 -11 13 -1 193 -1 -2 -25 3 782 220 -665 -1508 -437 203 203 -59 -4 -17 0
1 8047 325 50 143 -36 1991 0 0 2 -85 -20 94 6087 1105 -10289 -3572 -168 332 332 -146 -36 -136 1
1 14243 509 67 298 -160 181 -1381 2 1 -239 -141 85 1124 197 -88306 -28941 -1120 3156 3156 -13 -9 3 -1
1 10000 288 5 67 15 0 0 0 0 -63 9 16 484 100 -13005 -4131 -158 542 542 6 0 -18 0
1 9999 221 26 38 -4 0 0 0 0 -34 5 4 207 67 -745 -478 -118 85 85 -22 6 -1 0
1 10000 194 57 8 -3 0 0 0 0 6 14 5 35 10 -7836 -2442 -83 334 334 4 6 0 0
1 10002 196 17 -5 3 0 0 0 0 6 9 1 544 109 -699 -272 -32 41 41 -47 -19 -17 0
1 9999 181 57 22 -9 0 0 0 0 -7 7 3 300 34 -4185 -1390 -87 205 205 44 8 11 0
1 9999 164 43 -2 10 0 0 0 0 11 21 4 117 14 -4986 -1582 -71 230 230 -7 7 -9 0
1 10001 159 22 -6 8 0 0 0 0 13 13 2 -8 3 -2510 -783 -30 114 114 -37 -11 -9 0
1 9999 156 42 -7 0 0 0 0 0 16 11 1 4 3 -1194 -375 -16 56 56 9 -2 2 0
1 10001 154 28 2 -4 0 0 0 0 8 2 -1 51 7 -1721 -524 -14 76 76 39 2 -3 0
1 14038 241 -10 17 175 139 1383 5 -2 -16 153 6 -164 -5 200 31 -14 -1 -1 -20 1 -5 0
1 7977 90 4 84 52 1 0 -34 0 -73 44 -3 53 11 331 75 -9 -9 -9 16 -5 7 0
1 7683 59 5 34 2 -1 0 -37 0 -33 5 -2 28 -14 -220 -63 0 9 9 -31 7 -3 0
1 9114 65 25 0 1 1 0 -44 0 9 4 0 -39 0 -194 -62 -3 9 9 26 -4 -5 0
1 10017 55 9 -10 6 -1 0 -51 0 11 8 -2 114 -1 -809 -243 -6 36 36 -6 7 10 0
1 9989 51 -26 -10 -4 1 0 -50 0 3 -9 2 127 3 -367 -104 1 14 14 17 -7 -13 0
1 10022 68 -26 -6 -2 0 0 -51 0 -5 -5 1 74 2 -367 -133 -14 22 22 -55 3 9 0
1 9991 46 -31 3 6 0 0 -50 0 -10 -2 0 162 2 -334 -136 -19 23 23 75 4 -1 0
1 10006 53 -46 -14 1 -1 0 -48 0 3 -10 3 5 -14 -756 -244 -14 38 38 -61 -1 -5 0
1 9991 55 -15 -7 -4 1 0 -49 0 0 -6 1 35 2 -863 -253 -3 36 36 5 -8 5 0
1 10008 44 -36 -11 7 0 0 -49 0 1 -3 1 -87 -18 -1453 -425 -5 62 62 -4 1 4 0
1 9984 37 -31 -3 -7 0 0 -49 0 -3 -15 1 53 1 20 0 -3 1 1 -34 -3 -11 0
1 10011 35 -46 -1 3 -1 0 -48 0 -10 -10 2 19 -4 -721 -207 0 30 30 26 1 7 0
1 14084 33 -64 2 3 16 0 -34 0 -11 -19 1 -104 -4 -982 -293 -6 43 43 -19 -5 -11 0
1 7614 -31 22 352 16 303 0 -21 0 -306 22 -122 42 -1 -19 -34 -14 8 8 171 17 -2 0
1 8291 -50 29 49 3 0 0 -38 0 -31 11 -29 18 1 -643 -169 7 23 23 -135 -3 13 0
1 10012 -51 38 -42 -8 0 0 -50 0 38 5 32 -63 18 -429 -121 1 17 17 -22 -5 0 0
1 9996 -49 51 9 8 0 0 -51 0 3 20 -2 51 17 -315 -87 2 13 13 35 7 13 0
1 10010 -61 6 -9 5 0 0 -52 0 9 5 5 15 1 120 31 -2 -4 -4 -52 -13 -16 0
1 9978 -82 48 -10 -7 0 0 -51 0 17 8 11 -50 18 123 32 -1 -5 -5 5 1 2 0
1 10010 -74 43 6 -2 0 0 -52 0 7 7 1 -247 -8 -505 -143 0 21 21 212 25 5 0
1 10002 -79 37 -9 7 0 0 -53 0 15 14 7 -21 -1 353 118 9 -19 -19 -162 -16 -4 0
1 10004 -93 6 -10 0 0 0 -53 0 13 -2 7 22 11 406 151 17 -26 -26 -27 -6 -4 0
1 9978 -96 -7 -7 7 0 0 -51 0 1 6 0 -41 4 1231 371 10 -55 -55 103 9 6 0
1 10024 -102 -17 -4 -8 0 0 -53 0 -2 -8 0 30 -3 1116 330 4 -49 -49 -68 -9 -6 0
1 9991 -109 -35 -7 4 0 0 -53 1 -3 -5 3 -37 3 2039 588 3 -84 -84 -29 -4 -3 0
1 16144 -189 73 27 212 0 1416 -7 1 -1 160 -88 65 -1 -21 -2 2 0 0 -8 8 5 0
1 9999 -114 78 -7 6 0 0 0 0 28 18 4 14 1 1049 304 2 -44 -44 14 0 0 0
1 10001 -119 93 -3 6 0 0 0 0 29 18 1 -103 0 4408 1263 0 -178 -178 -32 -11 2 0
1 8716 -88 73 4 -115 -7 -1418 -2 0 17 -69 61 -272 -3 -3322 -945 3 132 132 3 26 33 0
1 11284 -134 -18 -26 -96 0 -1 0 2 17 -75 46 -7 -19 -8552 -2408 21 341 341 -12 -22 -36 0
1 10000 -96 13 -12 -11 0 0 0 0 16 -11 8 -193 -19 8674 2516 15 -364 -364 -9 -7 0 0
1 9999 -89 -30 -1 2 0 0 0 0 -9 1 -2 -307 -47 1591 508 25 -76 -76 32 10 12 0
1 10000 -96 -47 -2 -8 0 -3 -1 0 -13 -9 -2 -281 -51 1760 586 39 -90 -90 0 2 9 0
1 10001 -97 -36 9 0 0 0 0 0 -18 -4 -7 -239 -51 2907 931 47 -139 -139 13 -4 -7 0
1 10000 -88 -63 13 15 0 0 0 0 -30 5 -15 -153 -33 3492 1071 31 -152 -152 68 14 7 0
1 10000 -85 -34 -1 -9 0 0 0 0 -7 -15 1 -36 -6 2006 637 29 -93 -93 -24 0 2 0
1 9999 -113 -62 -2 -10 0 0 0 0 -16 -18 -2 1 -3 1924 602 22 -85 -85 -6 -3 9 0
1 10000 -82 -71 -8 8 0 0 0 0 -11 -9 -4 -97 -14 1318 411 15 -58 -58 -17 -3 -10 0
1 8339 -79 -14 23 105 0 1414 0 0 -21 72 -40 -108 -5 -4749 -1348 9 179 179 6 -2 6 0
1 13382 -165 65 3 103 0 17 0 -2 12 84 -43 -103 -21 7071 2073 17 -280 -280 -2 0 5 0
1 10001 -99 28 -11 10 0 0 0 0 16 14 0 -215 -26 851 291 21 -41 -41 23 2 1 0
1 9999 -106 31 -4 8 0 0 0 0 13 11 -2 -99 -38 -9275 -2611 30 340 340 3 -2 17 0
1 9998 -111 44 -2 1 0 0 0 0 13 10 -1 -237 -29 11055 3230 19 -431 -431 -5 2 -2 0
1 10543 -110 165 -6 27 0 0 0 0 54 39 -4 -3979 -638 1512 549 51 -81 -81 143 37 42 0
1 8254 -93 88 10 -135 1 -1417 -1 0 16 -86 76 -283 -61 2402 1423 330 -250 -250 44 -6 43 0
1 11746 -143 123 -28 -123 0 -1 0 2 62 -95 62 -337 -103 21177 6633 197 -843 -843 -46 -2 23 0
1 10000 -95 -47 9 -28 0 0 0 0 -22 -26 4 109 -2 9189 3008 133 -369 -369 -53 1 -34 0
1 10001 -85 -26 -6 33 0 0 0 0 -2 29 -10 -76 -17 7950 2429 38 -275 -275 -13 -1 13 0
1 8690 -73 34 1 -142 7 -1381 0 0 9 -117 29 44 5 6000 1849 35 -205 -205 -8 -3 -8 0
1 13360 -111 -96 -11 -99 0 -19 -1 -2 -20 -86 -3 -225 -51 4789 1434 10 -153 -153 42 2 42 0
1 9999 -91 -67 -1 6 0 0 0 0 -20 4 -7 65 -4 1823 632 37 -73 -73 89 7 20 0
1 10000 -79 -150 -17 -13 0 0 0 0 -33 -22 -12 -71 -13 2658 825 17 -89 -89 -11 5 -35 1
1 10672 -93 -95 16 12 0 0 0 0 -40 -2 -18 6 4 2148 666 13 -70 -70 -52 -9 14 -1
1 10000 -96 -92 7 -9 0 0 0 0 -30 -22 -19 -819 -149 2591 791 10 -82 -82 26 8 11 1
1 9999 -98 -75 -9 1 0 0 0 0 -9 -19 -8 -420 -54 1323 410 8 -43 -43 -30 -5 -23 0
