version: 66.11
glider: 175
mission: 11
dive: 255
start: 5 31 126 20 57 31
columns: rec,elaps_tms,depth,heading,pitch,roll,AD_pitch,AD_roll,AD_vbd,GC_phase,mag.x,mag.y,mag.z,sbect.TempFreq,sbect.CondFreq,aa4330.O2,aa4330.AirSat,aa4330.Temp,aa4330.CalPhase,aa4330.TCPhase,wlbb2f.redCount,wlbb2f.blueCount,wlbb2f.fluorCount,wlbb2f.VFtemp,
data:
0 22218 -493 581 -677 -23 229 2008 634 2 511 -208 0 260794 165753 1413387 460306 16184 17641 17641 896 271 134 567
1 9982 0 7 -12 18 0 0 295 0 1 3 -2 174 8 855544 280043 90 -1952 -1952 -305 -50 28 0
1 11079 40 55 -12 -24 1 0 325 0 -4 -12 -2 963 14 -3332951 -1087524 -1 -13455 -13455 -22 -15 -16 0
1 8920 5 -44 -15 -25 -1 0 259 0 5 6 -30 346 3 1744078 558720 -2215 20840 20840 193 40 -8 -1
1 10001 6 -77 12 51 0 0 277 0 5 18 4 1051 60 -321156 -100351 -183 6515 6515 -91 -50 -29 0
1 10018 65 96 -23 -26 1 0 267 0 -6 -22 -3 1952 -193 128268 37854 -568 -3086 -3086 -114 13 70 0
1 9975 61 44 -35 40 0 0 267 0 -1 -6 -4 549 -230 -79101 -25403 -433 2080 2080 119 4 13 0
1 10017 122 41 22 -29 -1 0 293 0 -5 -6 21 1975 -440 4999 1272 -86 -98 -98 -182 -35 58 0
1 9569 202 149 -32 -149 1 0 318 4 -7 -29 -32 1619 -758 -3836 -2533 -495 322 322 -21 11 12 0
1 11641 400 -15 2 88 486 -1 2 -5 1 7 28 761 -102 -9227 -3718 -354 414 414 -1 -4 -27 0
1 8803 371 75 236 -68 1671 -1060 2 5 -83 -54 167 -359 -291 -19726 -6360 -198 668 668 47 -17 -65 0
1 15068 465 214 249 -160 3 -280 2 -2 -222 -134 78 2317 181 -20564 -6735 -272 775 775 -124 4 -14 0
1 10000 220 128 46 -31 0 0 0 0 -79 -19 14 2009 227 -14068 -4486 -153 544 544 -61 -16 -63 0
1 10000 206 23 -12 68 0 0 0 0 -1 43 46 911 7 -16025 -5198 -231 680 680 35 5 2 0
1 10000 185 16 -13 -9 0 0 0 0 9 -1 -3 582 91 -20152 -6211 -167 847 847 6 -3 -6 0
1 10360 203 28 0 3 0 0 0 0 -11 3 7 -84 -29 -12243 -3834 -143 567 567 56 12 3 0
1 10000 184 47 4 -5 0 0 0 0 -16 5 8 -79 -22 -5813 -1784 -54 271 271 -71 -7 -9 0
1 9999 190 61 8 -6 0 0 0 0 -22 7 12 64 -2 -3368 -1006 -18 153 153 97 7 5 0
1 10001 178 60 4 7 0 0 0 0 -17 19 18 193 34 -1726 -569 -37 93 93 -114 -7 2 0
1 9027 155 19 -9 97 -8 1213 2 0 6 81 54 -44 -10 -4345 -1298 -25 202 202 46 -3 -9 0
1 10973 188 11 31 118 59 136 0 2 -38 102 44 221 18 5575 1559 -23 -231 -231 -47 -5 5 0
1 10000 141 42 11 3 0 0 0 0 -17 17 6 107 18 -6135 -1797 -17 276 276 -5 -1 -3 0
1 10000 138 40 2 -1 0 0 0 0 -4 15 2 89 15 -1313 -423 -24 71 71 78 15 4 0
1 9407 131 24 5 88 39 1111 1 0 -7 91 13 -93 21 -396 -150 -20 27 27 -63 -30 -35 0
1 14070 175 -10 16 140 -2 314 1 -2 -16 125 -10 289 -5 -3885 -1171 -29 189 189 -7 24 35 0
1 10003 117 -38 15 14 0 0 0 0 -13 -3 0 -60 -14 1545 434 -5 -67 -67 21 -9 -2 0
1 9996 100 -48 5 20 0 0 0 0 -1 0 0 -308 -150 -479 -163 -14 29 29 -10 10 5 0
1 10646 113 -38 -7 -25 0 0 0 0 18 -35 6 -7 -12 -487 -97 23 10 10 -24 -6 0 0
1 8829 74 -21 -4 -61 0 -406 1 0 9 -62 4 -161 -20 -703 -179 13 25 25 50 12 35 0
1 11171 117 38 -10 -172 0 -1000 0 2 5 -145 -20 -40 -63 -526 -101 26 11 11 -18 -10 -38 0
1 10000 95 -5 5 24 0 0 0 0 -7 18 6 -39 -29 60 25 5 -5 -5 -28 -6 1 0
1 10000 101 -2 -8 -37 0 0 0 0 11 -32 -9 -52 -16 2268 697 24 -115 -115 70 4 -10 0
1 10000 106 34 18 8 0 -1 -1 0 -20 20 5 82 24 -2670 -778 -5 123 123 -55 0 0 0
1 10001 119 30 -4 10 0 0 0 0 -6 17 4 -132 -54 -192 -48 3 7 7 -7 2 15 0
1 9998 102 30 7 -26 0 0 0 0 -10 -12 -3 -69 -29 215 90 15 -17 -17 47 -3 -12 0
1 8849 85 -38 -19 160 -1 1362 0 0 24 135 18 -152 -23 -271 -83 -2 13 13 -38 -10 -21 0
1 13425 139 -99 23 132 0 57 0 -2 -10 84 -8 -70 -75 326 124 16 -23 -23 25 17 28 0
1 8241 77 -28 -1 -151 0 -1421 0 0 15 -145 4 -158 -57 349 105 3 -17 -17 -17 -4 -2 0
1 11759 121 -12 -12 -105 0 -9 0 2 13 -101 -21 40 -14 -3370 -937 18 145 145 3 -3 1 0
1 10000 98 10 8 -2 0 0 0 0 -10 1 0 1 -6 3224 963 18 -157 -157 40 14 0 0
1 10001 110 8 3 1 0 0 0 0 -2 5 2 -3 0 447 146 10 -25 -25 -30 -9 -1 0
1 9996 108 15 -1 0 0 -1 0 0 -4 4 1 -20 -10 -32 -17 -4 4 4 13 0 -3 0
1 10004 109 -6 2 2 0 0 0 0 -1 -1 0 -1 -11 -134 -43 -2 7 7 50 14 3 0
1 9999 106 12 1 -4 0 0 0 0 -1 2 0 -17 -11 -6117 -1752 5 277 277 -70 -12 6 0
1 10001 110 7 0 -2 0 0 0 0 -1 1 1 -8 -5 6239 1799 1 -286 -286 2 -3 -9 0
1 9999 125 18 -1 5 0 0 0 0 -8 7 2 1 -7 -174 -47 2 7 7 -16 -1 -2 0
1 10000 98 43 6 -1 0 0 0 0 -10 16 3 41 -12 -193 -62 -4 11 11 12 -3 3 0
1 9419 112 45 -2 4 0 0 0 0 -8 18 4 44 -6 -434 -126 -1 20 20 -3 3 4 0
1 10582 117 51 3 -1 0 0 0 0 -9 18 2 179 19 -3926 -1150 -10 184 184 4 2 1 0
1 9999 113 34 -2 0 0 0 0 0 0 13 2 86 10 2998 827 -20 -127 -127 -2 -2 -6 0
1 8394 85 -5 -12 104 0 1402 0 0 7 95 6 -47 20 -2522 -750 -13 122 122 13 1 0 0
1 14217 165 -58 9 119 0 12 0 -2 -2 86 -12 262 21 351 68 -18 -7 -7 -11 -4 -1 0
1 9999 112 -20 7 -6 0 0 0 0 -3 -12 3 28 4 -984 -327 -24 58 58 12 7 4 0
1 10433 124 -35 3 3 0 0 0 0 2 -10 2 13 -5 -707 -217 -8 37 37 -46 -13 -6 0
1 10000 110 -37 4 -2 0 0 0 0 4 -14 3 3 0 -656 -205 -9 34 34 15 6 2 0
1 10244 109 -54 0 0 0 0 0 0 11 -18 2 116 19 -246 -76 -3 13 13 29 6 -1 0
1 9641 108 -4 -5 -115 0 -1253 1 0 8 -107 0 -19 13 419 99 -11 -13 -13 30 -19 -33 0
1 10364 113 -8 -14 -96 0 -159 -1 2 15 -91 -18 219 31 -895 -273 -10 46 46 -14 17 32 0
1 9996 117 15 6 -7 0 0 0 0 -11 -3 0 54 14 -1178 -365 -14 63 63 -53 -1 -5 0
1 10001 105 41 -2 -2 0 0 0 0 -7 12 3 214 31 -552 -179 -12 32 32 -28 -10 7 0
1 9419 113 0 3 5 0 0 0 0 -2 5 1 74 6 -547 -197 -22 37 37 165 -8 -45 0
1 10581 106 23 2 -9 0 0 0 0 -3 1 0 3 0 -1334 -425 -24 74 74 -148 16 41 0
1 9999 112 4 -3 9 0 0 0 0 -2 7 2 42 7 -263 -85 -5 16 16 -8 -6 0 0
1 9421 99 -2 -1 -2 0 0 0 0 2 -2 0 52 5 -611 -190 -9 33 33 37 1 -14 0
1 10581 111 -1 2 -3 0 0 0 0 -2 -3 0 -2 -3 -829 -250 -7 43 43 35 -19 -32 0
1 9999 104 18 3 -2 0 0 0 0 -6 5 0 -2 -1 48 0 -7 2 2 -57 18 47 0
1 9419 107 -6 -3 2 0 0 0 0 5 0 0 -5 -4 505 148 1 -25 -25 9664 9847 9920 9433
1 10580 102 3 2 2 0 0 0 0 -1 3 1 1 -9 -713 -212 -4 36 36 -9641 -9847 -9917 -9433
1 10000 102 2 -3 -2 0 0 0 0 4 0 0 10 -3 194 51 -2 -8 -8 21 7 4 1
1 9586 106 12 4 -4 1 0 0 0 -4 1 0 53 5 -98 -29 -1 5 5 -2 -8 -3 -1
1 10622 121 22 -1 3 0 0 0 0 -9 8 1 -118 -30 -139 -49 -5 9 9 -24 0 -4 1
1 10000 107 17 1 -3 0 0 0 0 1 5 1 7 -4 -84 -11 7 1 1 7 5 3 0
1 8365 91 -22 -10 116 -1 1409 0 0 8 98 12 -52 3 606 176 1 -30 -30 -41 14 -8 0
1 13379 151 -68 11 113 0 12 0 -2 -1 79 -5 89 9 -465 -145 -6 26 26 24 -17 7 0
1 8843 99 -40 5 -66 0 -519 0 0 7 -73 4 -31 19 -334 -110 -8 20 20 -10 -22 -42 0
1 11162 109 8 -13 -154 0 -900 0 2 12 -138 -18 124 -1 3174 902 -4 -149 -149 -16 18 42 0
1 9995 113 0 2 -10 0 0 0 0 -1 -9 -2 154 48 -3462 -1000 -5 167 167 53 4 -3 0
1 10005 93 22 5 2 0 0 0 0 -13 7 2 9 0 -544 -174 -10 31 31 -42 4 6 0
1 9421 94 6 -3 10 1 0 0 0 2 11 2 -81 -12 -168 -62 -8 12 12 -14 -10 -3 0
1 10574 122 8 5 -4 0 0 0 0 -3 1 0 18 2 -287 -75 4 12 12 39 13 0 0
1 10000 100 14 -2 -3 0 0 0 0 1 3 1 -49 -19 244 64 -4 -10 -10 4 -3 0 0
1 10004 105 14 -1 4 -1 0 0 0 -4 7 1 86 23 -463 -120 8 18 18 1 -8 -3 0
1 9996 99 -8 -2 -3 0 0 0 0 4 -5 0 37 5 703 191 -6 -30 -30 -26 13 -15 0
1 10001 102 19 0 -9 0 0 0 0 -3 -2 -1 17 10 -435 -136 -7 24 24 26 -7 17 0
1 10000 100 13 4 5 0 0 -1 0 -3 11 3 -4 0 -315 -99 -5 18 18 26 7 6 0
1 9999 102 15 -2 0 0 0 0 0 -5 3 0 -31 -6 235 64 -1 -11 -11 -63 -11 -6 0
1 10000 100 -6 -1 8 0 0 0 0 4 6 1 -69 -28 -261 -71 1 12 12 66 12 7 0
1 8230 83 12 2 -3 0 0 1 0 -2 2 1 -91 12 -219 -55 5 8 8 2 15 29 0
1 11775 118 5 0 1 0 0 0 0 -1 3 1 -2 -48 692 204 3 -35 -35 -42 -17 -34 0
1 10000 98 -8 1 -6 0 0 0 0 -3 -9 -3 -72 -28 594 188 11 -34 -34 27 0 -6 0
1 10001 106 9 -7 4 0 0 0 0 5 6 2 -5 -7 -744 -196 9 31 31 16 6 7 0
1 8864 93 -28 -5 111 0 1414 0 0 6 93 11 -146 -9 -333 -89 4 14 14 -12 25 30 0
1 13367 142 -83 17 107 0 1 0 -2 -2 68 -3 -34 -63 639 190 4 -33 -33 64 -15 -32 0
1 8752 97 -5 -2 -110 0 -1409 -1 0 5 -103 0 -68 13 41 34 12 -8 -8 -44 -28 -42 0
1 11248 128 -15 -11 -101 0 -10 1 2 18 -95 -17 -68 -69 388 128 10 -23 -23 44 26 45 0
1 10000 97 -6 7 -11 0 0 0 0 -6 -12 -3 -40 -17 200 84 15 -18 -18 52 11 -1 0
1 10000 113 7 3 6 0 0 0 0 -5 7 2 -13 -16 258 94 11 -18 -18 -73 -5 -2 0
1 9672 101 -5 0 -6 0 0 0 0 4 -5 -1 -2 -16 396 124 6 -22 -22 132 19 -1 0
1 10621 117 -13 -2 6 0 0 0 0 1 -2 -1 0 -9 -119 -31 2 5 5 -73 -6 3 0
1 10000 98 10 -1 -3 0 0 0 0 1 3 0 -20 -16 8 5 2 -1 -1 -71 -19 4 1
1 10000 109 -9 -2 2 0 0 0 0 2 -3 0 -19 -10 -99 -23 3 3 3 119 13 -12 -1
1 10001 103 8 12 -2 0 0 0 0 -10 3 0 -9 -9 7 7 2 -2 -2 -40 -20 -28 1
1 9999 96 -2 -10 3 0 0 0 0 8 1 1 3 0 -127 -34 2 5 5 1 18 33 0
1 9417 101 14 1 -9 0 0 -1 0 -2 -3 0 -12 -8 209 64 3 -11 -11 3 2 2 0
1 10583 114 -27 -5 12 0 0 0 0 11 3 0 -24 -12 116 37 2 -6 -6 -57 -10 0 0
1 10000 99 -1 7 -4 0 0 0 0 -6 -4 -1 -30 -21 58 22 3 -5 -5 -30 -6 -3 -1
1 7943 79 -22 -3 -5 0 0 0 0 7 -12 -4 -142 -20 1302 373 -1 -61 -61 38 26 48 1
1 12057 130 11 4 4 0 0 1 0 -8 6 3 112 -3 -777 -210 7 33 33 2 -20 -45 0
1 10000 89 0 -2 1 0 0 0 0 0 -1 -1 35 3 -2880 -823 3 137 137 47 13 -5 0
1 10000 99 11 2 -4 0 0 0 0 -3 1 0 -1 1 2651 756 -3 -126 -126 -54 -15 10 0
1 10000 103 9 -2 6 0 1 -1 0 -1 8 3 2 0 4695 1349 0 -221 -221 23 21 -6 0
1 10000 98 14 0 -5 0 0 0 0 0 2 0 0 -3 -4791 -1378 -1 226 226 5 -18 10 0
1 10001 91 16 -3 -1 0 0 0 0 -5 2 1 -14 -2 -112 -33 0 6 6 44 13 -8 0
1 9999 102 8 3 2 0 -1 0 0 -3 5 1 3 -1 -86 -20 2 2 2 -62 -13 0 0
1 10000 101 0 2 1 0 0 0 0 -2 1 0 24 0 -179 -52 -1 9 9 1 2 -2 0
1 10000 109 7 -5 -1 0 0 0 0 2 1 1 13 -4 259 74 1 -12 -12 16 7 -2 0
1 10000 99 9 8 -5 1 1 0 0 -5 0 0 6 3 -458 -138 -4 24 24 1 1 3 0
1 10000 93 22 -4 4 0 0 0 0 -5 9 2 -2 -3 205 57 -1 -9 -9 100 6 3 0
1 10000 97 -1 3 6 0 0 0 0 0 7 1 14 1 -113 -32 0 5 5 -3 5 -5 0
1 11222 119 37 -3 1 -1 -1 0 0 -5 13 3 -103 15 -55 -23 -4 4 4 19 7 2 0
1 8778 80 -7 1 -7 0 0 0 0 2 -8 -2 128 -9 -86 -33 -5 7 7 -57 -14 2 0
1 10000 105 8 -2 0 0 0 0 0 -2 1 1 29 5 -4665 -1340 0 225 225 -33 -1 2 0
1 10000 107 14 4 2 0 0 0 0 -4 8 1 11 4 4232 1215 0 -204 -204 25 7 -5 0
1 9998 103 34 1 -4 0 0 0 0 -5 9 2 -5 -1 -83 -29 -3 5 5 19 5 1 0
1 10002 96 7 -1 4 0 0 0 0 -1 6 1 -2 0 -599 -174 -1 30 30 56 6 -2 0
1 10000 106 31 -1 -8 0 0 0 0 -2 4 0 18 3 619 175 -2 -29 -29 2 2 2 0
1 8420 90 -30 -4 124 0 1420 0 0 3 103 9 -136 -4 3398 976 1 -162 -162 -79 -11 -1 0
1 18138 196 -34 4 -81 7 -1422 0 -4 5 -87 -6 82 -2 -3541 -1015 0 168 168 54 21 11 0
1 7704 68 19 40 -37 49 0 -26 0 -41 -27 -9 12 1 -65 -21 -1 4 4 -23 -20 -11 0
1 7686 64 42 27 3 0 -1 -37 0 -30 18 -1 -28 -2 -592 -173 -2 29 29 5 3 4 0
1 9579 55 22 -16 10 0 1 -46 0 12 17 5 40 1 100 27 -1 -4 -4 0 -3 -2 0
1 9993 69 2 -13 -4 0 0 -50 0 14 -2 2 -15 -3 60 16 0 -3 -3 -27 1 0 0
1 9996 64 -20 6 -9 0 0 -47 0 -5 -16 -3 12 0 184 54 0 -9 -9 6 -1 2 0
1 9995 72 2 -5 -6 0 -1 -49 0 6 -5 0 -112 -3 -146 -44 -1 8 8 7 -2 0 0
1 10004 57 27 -7 17 0 0 -48 0 4 26 4 -16 0 -416 -118 1 19 19 9 7 -3 0
1 10000 62 43 -17 2 1 0 -47 0 10 17 4 120 1 384 108 -1 -18 -18 163 17 5 0
1 10002 57 6 -1 -11 -1 0 -48 0 4 -7 -1 -47 -1 -268 -74 1 13 13 -184 -26 -5 0
1 10002 47 -1 -4 17 0 1 -48 0 9 16 2 28 1 67 20 1 -4 -4 32 1 6 0
1 9979 42 7 -7 -8 0 0 -47 0 1 -5 0 17 -7 -17 -2 1 0 0 154 64 -5 0
1 10029 35 -2 -15 3 0 0 -47 0 15 2 1 1 6 -402 -117 0 20 20 -155 -59 -1 0
1 10002 44 39 6 4 0 0 -48 4 -9 18 1 -52 -2 29 10 0 -2 -2 -4 -26 -26 0
1 13803 28 65 119 -8 316 -1 -8 -4 -102 18 -17 60 0 315 86 -2 -14 -14 -82 19 26 0
1 7672 -33 16 288 12 0 0 -30 0 -244 17 -132 -45 0 -185 -56 -2 10 10 175 24 0 0
1 9752 -52 -1 -35 -9 0 1 -45 0 25 -7 22 24 -2 -68 -18 1 3 3 -73 -18 1 0
1 8755 -40 -42 -9 3 0 -1 -43 0 3 -13 2 -32 2 222 64 0 -11 -11 -56 -4 -1 0
1 10021 -48 -36 6 -6 0 0 -50 0 0 -18 0 -10 0 -179 -47 3 7 7 59 5 3 0
1 9977 -55 -41 -8 12 0 1 -50 0 4 -7 2 -49 1 477 136 -1 -22 -22 74 8 -2 0
1 10009 -53 -35 -4 -2 0 -1 -49 0 7 -14 4 57 -1 29 8 0 -2 -2 -60 -3 -1 0
1 10001 -75 -7 -2 0 0 0 -52 0 -2 -4 -1 -13 4 -483 -141 -1 24 24 53 3 -2 0
1 10006 -65 25 -3 2 0 0 -52 0 3 12 4 23 -2 204 60 0 -10 -10 -65 2 3 0
1 9983 -90 -40 -17 -2 0 0 -51 0 13 -17 7 10 1 226 65 0 -11 -11 -13 -7 3 0
1 10023 -79 -43 10 8 0 0 -50 0 -2 -10 -4 22 3 69 17 -1 -2 -2 -25 -2 -2 0
1 9983 -93 -43 -10 -4 0 0 -53 0 14 -18 5 -132 2 20 9 2 -2 -2 -11 -3 0 0
1 9992 -91 -51 -6 12 0 0 -51 4 10 -11 6 7 4 144 39 -2 -6 -6 54 -21 -28 0
1 11188 -93 -39 3 -8 0 1 -8 0 6 -18 1 175 2 2896 832 1 -139 -139 -41 19 28 0
1 9995 -88 -36 -3 7 0 0 0 0 8 -9 2 -3 -1 -3264 -936 0 156 156 14 -4 1 0
1 10000 -87 -17 2 -5 0 0 0 0 5 -6 2 3 4 24 8 1 -2 -2 17 2 -1 0
1 10000 -90 -16 -3 -6 0 -1 -3 0 5 -11 0 4 -4 233 67 0 -11 -11 -32 8 -1 0
1 10000 -92 -20 -3 3 0 0 0 0 9 -3 3 16 4 -115 -34 -1 6 6 -13 -7 0 0
1 10000 -92 -39 4 -8 0 0 0 0 10 -14 1 0 2 -26 -10 -1 2 2 73 20 9 0
1 8425 -94 -3 11 106 0 1420 -1 0 -12 78 15 -181 1 -142 -44 -2 8 8 -95 4 25 0
1 13397 -156 96 1 125 0 7 0 -2 -29 120 -11 178 1 466 132 -1 -22 -22 3 -3 -34 0
1 10001 -99 53 -4 7 0 0 0 0 -10 20 -9 -14 0 -562 -157 3 25 25 15 -28 0 0
1 11457 -125 48 11 -161 8 -1408 0 2 -11 -102 -7 -41 -7 2762 794 1 -132 -132 -83 -5 -1 1
1 10622 -102 16 -9 -53 0 0 0 0 3 -35 -3 -18 -2 -2695 -766 3 127 127 -1 -5 4 -1
1 10001 -107 -8 -4 -8 0 0 0 0 5 -8 3 -16 -3 295 92 5 -17 -17 19 4 -1 0
1 9994 -88 -5 -1 -6 0 0 0 0 3 -6 0 7 3 241 73 2 -12 -12 43 7 -7 1
1 9999 -106 -16 -4 2 0 -5 -1 0 6 -4 2 3 1 -166 -48 0 8 8 -37 -7 5 -1
1 10001 -96 -26 -1 4 0 0 0 0 2 -8 1 -3 -1 3383 971 0 -161 -161 18 0 -1 0
1 10000 -102 -18 4 -7 0 0 0 0 2 -10 -1 -3 1 -3046 -872 1 144 144 8 -1 2 0
1 10000 -101 -10 -4 3 0 0 0 0 5 -1 2 -33 -8 41 12 0 -2 -2 16 14 -4 0
1 10006 -91 -22 5 -2 0 0 0 0 5 -6 1 -15 -3 -84 -17 5 2 2 -32 -7 3 0
1 9993 -104 -17 -3 1 0 0 0 0 4 -7 0 -8 0 557 165 2 -28 -28 81 2 2 0
1 10000 -104 -25 5 -3 0 0 0 0 3 -9 0 -15 -4 -2243 -640 2 106 106 -89 -13 2 0
1 10001 -93 -14 1 1 0 0 0 0 2 -3 1 -23 -5 2473 713 2 -119 -119 -27 -5 0 1
1 10000 -103 0 -6 -1 0 0 0 0 5 -1 2 -3 5 16 9 3 -2 -2 60 10 -4 0
1 10006 -113 -21 4 6 0 0 -1 0 4 0 1 3 1 166 51 2 -9 -9 -49 -7 2 -1
1 9999 -111 20 0 -7 0 0 0 0 -7 -1 -2 4 13 131 38 0 -7 -7 229 33 0 0
1 10000 -110 -6 -2 5 0 0 0 0 2 1 2 37 18 -30 -8 0 2 2 -183 -26 -6 0
1 10149 -106 10 -3 -4 -1 0 0 0 1 1 0 -4 2 77 18 -2 -3 -3 24 8 -1 0
1 9845 -102 -7 1 -3 0 0 0 0 3 -3 0 -28 -4 -67 -22 -2 4 4 6 12 2 1
1 10007 -111 -24 1 11 0 0 0 0 2 -2 0 -8 0 -150 -38 3 6 6 30 -17 7 0
1 8649 -92 -2 5 91 0 1396 0 0 -5 70 17 -1159 1 -2673 -767 0 128 128 -116 -10 1 0
1 14266 -172 74 15 103 1 17 0 -2 -31 98 -14 1095 -15 3089 893 4 -150 -150 31 6 -9 0
1 9999 -115 60 1 22 0 0 0 0 -14 33 -12 12 5 298 94 5 -17 -17 -71 -6 5 0
1 8285 -111 63 -2 -101 8 -1424 0 0 -6 -52 -3 -208 -2 -1456 -415 1 69 69 42 0 0 -1
1 11716 -150 23 2 -108 0 -3 0 2 -2 -71 -6 202 9 2120 610 1 -101 -101 -16 -4 -1 1
1 10000 -121 11 -6 -17 0 0 0 0 2 -8 1 -1 10 -430 -122 1 20 20 33 13 -5 -1
1 10001 -127 9 -4 2 0 0 0 0 2 4 1 -14 6 132 36 -1 -6 -6 -2 -7 6 1
1 8365 -103 -3 0 -106 4 -1369 0 0 4 -76 -18 -146 -15 334 99 2 -17 -17 2 -19 -44 -1
1 13382 -173 -83 -21 -129 0 -17 -1 -2 32 -117 -42 63 -4 23 19 7 -5 -5 -58 11 42 1
1 10355 -135 -62 -6 4 0 0 0 0 13 -20 -3 3 4 298 93 4 -16 -16 12 -1 0 0
1 10912 -142 -76 19 163 0 1418 -1 2 1 89 57 -23 -3 1292 375 2 -62 -62 -35 -4 3 0
1 10619 -138 -25 15 56 0 0 0 0 -7 33 12 -14 7 -873 -246 3 40 40 26 -1 0 -1
1 9999 -133 -22 -4 8 0 0 0 0 11 0 4 22 8 313 94 2 -16 -16 7 1 -5 0
1 10001 -131 5 -1 1 0 0 0 0 -1 3 2 94 46 -265 -79 -2 13 13 4 -1 4 0
1 8643 -107 24 6 102 0 1362 0 0 -13 84 15 -2 49 -2717 -791 -6 133 133 -21 -5 1 0
1 13399 -193 91 12 126 0 18 0 -2 -32 119 -17 114 19 2426 670 -15 -108 -108 -21 3 -1 1
1 8813 -129 61 -6 -53 0 -503 0 0 -7 -21 -5 -47 24 -42 -22 -5 5 5 22 29 43 0
1 11188 -164 23 0 -153 1 -887 0 2 -2 -103 -6 226 64 599 159 -7 -25 -25 14 -26 -44 0
1 9999 -122 14 -14 -12 0 0 0 0 7 -5 4 29 3 -699 -222 -13 39 39 -2 2 2 0
1 10000 -143 -3 6 -7 0 0 0 0 0 -4 -2 -27 -4 -97 -49 -12 11 11 22 1 -5 -1
1 10001 -135 8 -8 5 0 -3 0 0 1 4 2 3 19 -900 -261 -1 43 43 -20 -2 -3 1
1 9999 -122 -6 0 -2 0 0 0 0 0 -4 0 24 13 -174 -50 0 9 9 -67 -12 9 0
1 10000 -139 -5 6 -2 0 0 0 0 0 -1 -1 3 2 63 11 -4 -1 -1 62 8 0 0
1 10001 -129 0 -4 -3 0 0 0 0 1 -4 -3 39 21 174 45 -3 -7 -7 -20 -6 0 0
1 9999 -135 -23 1 -3 0 0 0 0 3 -10 2 33 12 -320 -99 -4 17 17 17 5 -4 0
1 10000 -137 -29 5 5 0 0 0 0 3 -5 0 53 23 -397 -123 -5 22 22 -58 -12 3 0
1 10002 -124 -16 0 0 0 0 0 0 5 -4 3 36 18 -68 -32 -7 7 7 49 6 -6 0
1 9997 -132 -12 -4 -5 0 0 0 0 3 -9 1 -135 -24 3991 1136 -5 -186 -186 84 16 1 0
1 10002 -134 -31 0 6 0 0 0 0 7 -6 0 -59 -12 -4347 -1234 7 202 202 -104 -15 0 0
1 9418 -125 -36 1 -7 0 0 0 0 9 -15 3 -233 -43 86 35 6 -8 -8 -43 -8 2 0
1 10582 -137 -28 0 6 0 0 0 0 6 -5 2 -15 -4 302 133 26 -27 -27 -7 6 -3 0
1 9998 -141 -19 -7 1 0 0 0 0 9 -6 3 -66 -13 539 175 12 -32 -32 76 3 8 0
1 8332 -102 -16 10 102 -1 1386 0 0 -5 73 18 -241 -13 4743 1378 9 -228 -228 8 4 -5 0
1 14290 -204 52 21 109 0 19 0 -2 -33 93 -12 -95 -54 -2979 -818 21 129 129 -36 -3 1 0
1 10000 -144 12 -8 5 0 0 0 0 5 9 0 -298 -46 416 166 26 -33 -33 73 11 -1 0
1 10000 -132 17 -2 3 0 0 0 0 -4 6 -2 -104 9 1462 490 39 -88 -88 -2 -2 0 0
1 10000 -140 51 -8 7 0 0 0 0 -8 19 -6 10 11 5826 1724 26 -283 -283 -39 -3 6 0
1 9177 -122 17 9 -35 0 -262 0 0 -4 -17 -3 -193 5 -2692 -759 9 119 119 48 6 -3 0
1 11177 -135 24 -30 -174 -21 -1164 0 2 20 -120 6 179 5 292 101 9 -18 -18 -56 -2 1 0
1 10001 -109 -4 -18 -14 0 0 0 0 12 -14 4 0 1 850 251 4 -41 -41 -14 -9 -4 0
1 9999 -95 -18 0 -4 0 0 0 0 6 -7 2 0 1 169 52 1 -9 -9 25 3 2 0
1 9449 -96 -24 3 0 0 -5 0 0 3 -8 -1 6 2 555 163 2 -26 -26 12 5 -3 0
1 10618 -101 -10 -2 -2 0 0 0 0 3 -6 0 9 5 -104 -31 0 5 5 19 2 2 -1
1 10000 -97 -15 6 -2 0 0 0 0 0 -5 -2 13 6 669 193 0 -31 -31 -63 -6 1 1
1 9999 -98 -22 -4 -1 0 0 0 0 7 -9 2 25 9 -325 -95 -1 15 15 -24 -9 -1 0
1 10001 -103 -32 5 2 0 0 0 0 6 -5 2 6 2 330 94 0 -15 -15 9 8 -8 0
1 10000 -93 -28 -3 1 0 0 0 0 8 -10 1 -4 1 -298 -88 -2 15 15 1 -9 9 0
1 8352 -86 -14 5 108 0 1407 0 0 -3 79 20 -22 22 -213 -64 -1 10 10 -30 -3 -4 0
1 13380 -163 75 5 118 0 18 -1 -2 -27 111 -10 125 23 78 10 -7 0 0 27 5 3 0
1 10243 -126 71 0 5 0 0 0 0 -14 26 -12 76 30 -338 -107 -5 18 18 57 7 4 -1
1 8260 -100 68 4 -111 7 -1415 1 0 -8 -59 -4 -32 21 -4128 -1202 -8 195 195 -59 -6 -7 1
1 11740 -148 32 2 -101 0 -2 -1 2 -10 -67 -8 119 34 4543 1292 -8 -206 -206 -10 -1 1 0
1 10000 -111 -6 -7 -11 0 0 0 0 10 -9 3 200 73 -226 -76 -6 14 14 -7 -8 -1 0
1 10000 -117 -25 -7 -5 0 0 0 0 3 -15 2 230 98 -178 -94 -24 20 20 -9 0 3 0
1 10003 -115 -49 1 8 0 -3 1 0 9 -11 2 92 39 -195 -116 -32 26 26 25 3 0 0
1 9997 -113 -66 4 -8 0 0 0 0 14 -25 2 232 116 550 131 -15 -18 -18 -4 3 4 -1
1 10000 -111 -48 0 3 0 0 0 0 10 -15 1 68 20 -1118 -369 -27 65 65 -1 -4 -4 0
1 9421 -100 -45 -3 -2 0 -1 0 0 15 -14 3 20 14 -199 -98 -22 20 20 -4 4 -2 1
1 10579 -119 -29 4 -2 0 0 0 0 7 -6 2 7 8 -267 -100 -13 19 19 -15 -8 2 0
1 10000 -101 -51 3 -3 0 0 0 0 13 -15 3 7 7 -187 -63 -5 12 12 14 10 -4 -1
1 8376 -87 -26 4 108 0 1408 -1 0 3 80 25 -91 3 1480 415 -5 -66 -66 45 5 4 1
1 14437 -182 44 6 113 0 18 0 -2 -21 95 -2 84 6 -1519 -449 -8 74 74 -66 -9 0 0
1 10000 -107 61 -3 14 0 0 0 0 -17 24 -9 -25 -2 307 87 0 -14 -14 27 5 2 0
1 10000 -126 45 -2 -4 0 0 0 0 -12 7 -7 -64 2 18 8 1 -2 -2 26 2 0 0
1 9999 -111 27 11 -10 0 0 0 0 -11 2 -8 -27 24 -2354 -666 5 107 107 -66 -14 -3 0
1 10366 -130 44 3 -1 0 0 0 0 -15 8 -10 -18 14 3547 1027 6 -167 -167 18 7 -2 0
1 8824 -100 31 -12 -51 0 -327 0 0 2 -28 3 -67 7 722 212 2 -35 -35 47 2 4 -1
1 11176 -123 10 4 -149 2 -1091 0 2 3 -105 -7 55 5 1156 338 4 -54 -54 -64 -4 2 1
1 10000 -99 -23 -15 -6 0 0 0 0 15 -13 6 4 4 553 162 2 -26 -26 -3 -3 -8 0
1 10000 -101 -69 2 -9 0 0 0 0 11 -31 -2 50 46 440 127 0 -20 -20 20 5 2 0
1 10001 -95 -39 2 2 -1 -3 0 0 9 -10 2 -40 6 262 71 -2 -11 -11 13 -1 -3 0
1 9999 -95 -20 -7 -4 0 0 0 0 11 -8 4 -13 6 -2540 -729 0 116 116 -41 -8 6 0
1 10001 -85 -20 2 -3 0 0 0 0 6 -6 2 125 76 4040 1162 1 -185 -185 30 9 -1 0
1 8857 -73 -10 5 110 0 1242 0 0 -3 84 21 53 41 1662 461 -8 -70 -70 13 -24 -37 -1
1 13699 -139 81 4 114 1 166 1 -2 -31 104 -12 109 19 -326 -128 -19 24 24 7 17 36 1
1 9999 -102 96 -3 18 0 0 0 0 -16 44 -17 -73 22 -280 -103 -12 19 19 -40 1 1 0
1 8520 -84 36 17 -112 -1 -1401 -1 0 -13 -70 -2 -85 9 593 174 3 -28 -28 -34 -7 3 0
1 11480 -102 50 -19 -111 0 -4 0 2 3 -68 -2 83 31 380 113 2 -18 -18 13 3 1 0
1 10000 -100 38 -2 -5 0 0 0 0 1 11 -1 -429 -87 197 57 0 -9 -9 53 11 0 0
1 10001 -86 30 -3 -3 0 0 0 0 -1 9 2 -420 -107 374 180 39 -36 -36 -20 -5 -1 0
1 10704 -79 0 -5 -123 0 -1244 1 0 3 -91 -19 -580 -87 2777 892 50 -149 -149 27 7 0 0
1 14209 -101 -88 -22 -110 1 -133 -1 -2 33 -110 -32 102 -15 3044 1013 73 -170 -170 25 0 -10 0
1 9998 -76 -70 -9 -7 0 0 0 0 16 -31 -8 17 -5 954 309 18 -51 -51 -25 1 11 0
1 8810 -53 -75 11 74 -1 316 0 -2 6 28 23 -255 -24 352 131 15 -23 -23 -10 7 22 0
1 9999 -76 -40 31 152 0 1073 -28 0 -14 102 39 -13 -14 868 292 22 -48 -48 -18 -12 -18 0
1 10011 -66 -31 -6 3 0 0 -49 0 12 -7 6 -147 -12 940 287 8 -45 -45 57 4 -1 0
1 9999 -85 -21 -4 -4 0 0 -50 0 9 -9 3 -757 -48 1217 386 18 -61 -61 -43 -6 17 0
1 10010 -78 -19 -7 1 0 0 -52 0 12 -4 4 -87 -13 289 219 70 -48 -48 -2 3 -7 0
1 16172 -142 -15 -8 4 1 0 -45 4 10 -2 4 10 5 13380 4006 70 -591 -591 4 -6 8 0
1 9999 -88 -38 4 -8 0 0 0 0 10 -13 -1 1 -6 -648 -146 21 16 16 -21 5 -5 0
1 10001 -92 -16 -7 8 0 0 0 0 10 1 6 -98 5 2333 690 7 -98 -98 62 8 8 0
1 8656 -82 -25 10 107 0 1386 -3 0 -1 82 25 -470 -35 687 225 13 -34 -34 16 10 -5 0
1 13399 -138 20 1 105 0 17 0 -2 -10 89 6 -1260 -160 3643 1284 110 -200 -200 -22 -5 40 0
1 10464 -119 8 -7 4 0 0 0 0 0 2 2 -1026 -167 8344 2625 95 -371 -371 88 8 46 0
1 9999 -102 14 2 -2 0 0 0 0 -3 5 -3 -714 -82 13444 4290 171 -584 -584 39 16 29 0
1 10000 -96 32 -8 8 0 0 0 0 -5 12 -2 -112 17 12026 3785 118 -484 -484 -6 -18 -24 0
1 10000 -92 44 5 -3 0 0 0 0 -19 4 -9 -593 8 7687 2358 46 -285 -285 -27 11 27 0
1 10244 -99 62 -6 9 0 0 0 0 -9 28 -7 -514 -13 7479 2450 106 -299 -299 71 7 15 0
1 10368 -91 87 2 13 0 0 0 0 -23 34 -16 107 148 11594 3638 93 -417 -417 -33 -3 -1 0
