version: 66.11
glider: 175
mission: 10
dive: 80
start: 1 26 126 5 51 21
columns: rec,elaps_tms,depth,heading,pitch,roll,AD_pitch,AD_roll,AD_vbd,GC_phase,mag.x,mag.y,mag.z,sbect.TempFreq,sbect.CondFreq,aa4330.O2,aa4330.AirSat,aa4330.Temp,aa4330.CalPhase,aa4330.TCPhase,wlbb2f.redCount,wlbb2f.blueCount,wlbb2f.fluorCount,wlbb2f.VFtemp,
data:
0 22104 -203 543 -725 38 251 2336 647 2 520 -193 -30 284255 169428 402145 97971 3901 33155 33155 331 165 161 572
1 9996 5 55 -2 -18 -1 1 287 0 -3 -9 9 -199 1 1583 401 6 -52 -52 -2 -2 -9 -1
1 9997 5 -21 -8 11 1 0 282 0 1 0 -11 100 0 -681 -384 -84 67 67 40 0 -26 0
1 10030 32 -36 -46 24 0 0 277 0 4 6 -39 184 7 -31385 199 3245 -725 -725 -18 4 8 0
1 9984 17 16 14 -29 0 0 270 0 -1 -3 7 -80 -1 -57733 -12626 1269 1423 1423 -26 -33 -59 0
1 9994 37 -15 -27 12 0 0 257 0 -1 -2 -24 49 4 -11065 -2673 171 358 358 -35 35 85 0
1 9992 35 -56 0 6 0 0 253 0 3 11 -13 -106 0 -754 -263 -29 46 46 25 -8 -41 0
1 10003 87 -6 1 19 0 0 265 0 0 -1 3 -180 -50 1140 174 -68 -11 -11 38 -11 -4 0
1 15020 362 78 13 -95 550 -1 238 -1 -3 -11 7 30 -103 -128 729 380 -193 -193 -42 -1 -5 0
1 17731 593 239 422 -192 1592 -1365 3 3 -171 -149 285 -2617 -1374 -5384 -697 397 18 18 24 5 -12 1
1 10329 251 -66 40 16 0 0 0 0 -10 11 20 -641 -470 -9594 -2277 204 303 303 -10 -2 4 0
1 10000 251 -56 13 -6 0 0 0 0 7 6 0 -577 -358 -3616 -726 151 80 80 -1 -1 -7 -1
1 10000 239 -33 3 -12 0 0 0 0 6 -1 -7 -543 -428 -5423 -1254 143 167 167 -5 0 1 0
1 10001 230 21 8 -13 0 0 0 0 -10 -11 1 -174 -138 -6283 -1592 97 235 235 9 0 -10 0
1 10304 250 26 11 1 0 0 0 0 -14 -8 7 -170 -126 -4081 -1042 61 158 158 24 5 5 0
1 10001 229 43 13 -8 0 0 0 0 -21 -14 4 32 -29 -2256 -574 36 87 87 -25 -6 0 0
1 9999 223 84 14 18 0 0 0 0 -35 -9 21 1076 208 -1077 -298 4 49 49 14 7 -4 0
1 10000 191 12 -18 14 0 0 0 0 10 8 1 213 7 1004 112 -97 3 3 27 4 1 0
1 10293 189 1 -3 1 0 0 0 0 1 3 0 228 31 588 84 -46 -4 -4 39 4 -3 0
1 9999 189 29 -2 -10 0 0 0 0 -7 -11 -5 303 67 333 31 -35 2 2 -34 -3 3 0
1 10001 180 29 6 -1 0 0 0 0 -13 -4 7 97 34 823 158 -41 -17 -17 74 7 2 0
1 10634 201 42 -1 -2 0 0 0 0 -13 -7 3 5 -6 552 105 -28 -11 -11 -51 3 -3 0
1 10189 192 43 -1 -3 0 0 0 0 -14 -4 4 -58 -17 0 -15 -9 4 4 1 -4 2 0
1 9999 207 26 1 -1 0 0 0 0 -8 1 7 -88 -28 -192 -47 4 7 7 -6 -1 2 0
1 10001 186 48 4 3 0 0 0 0 -20 -2 9 -175 -105 -527 -134 8 21 21 26 2 3 0
1 10000 191 1 0 11 0 0 0 0 0 5 6 130 -2 -502 -113 16 15 15 -30 -9 -11 0
1 10201 179 -5 -9 5 0 0 0 0 8 5 0 126 -3 -303 -98 -8 18 18 4 17 1 0
1 10001 183 11 1 -5 0 0 0 0 -4 -3 -1 59 -14 109 6 -13 2 2 56 12 8 0
1 9999 164 26 1 -10 0 0 0 0 -8 -5 0 -57 -51 -642 -191 -6 33 33 2 -4 -4 0
1 10001 181 21 5 3 0 0 0 0 -12 0 6 97 8 -565 -162 -1 28 28 -36 -8 1 0
1 10194 181 53 4 -7 0 0 0 0 -20 -2 8 18 -1 -303 -98 -8 18 18 -10 -2 1 0
1 10000 177 38 -1 -4 0 0 0 0 -11 0 4 122 13 268 61 -8 -9 -9 30 -1 -1 0
1 8857 159 5 3 120 65 1365 3 0 -9 80 65 -308 -85 59 14 -2 -2 -2 7 28 46 0
1 11143 180 1 42 101 0 1 1 2 -37 83 49 5 -33 -762 -183 18 27 27 -9 -24 -42 0
1 10001 148 3 11 10 0 0 0 0 -12 6 5 -58 -20 -95 -14 7 1 1 -9 0 -7 0
1 9999 138 0 0 2 0 0 0 0 0 2 0 -75 -30 -300 -72 7 11 11 57 10 0 0
1 9420 123 18 20 1 41 -1 1 0 -24 4 6 -58 -42 -378 -80 15 10 10 -22 -13 -1 0
1 10580 116 55 28 -3 0 0 0 0 -43 9 7 65 -4 -503 -127 8 20 20 -54 2 1 0
1 10000 109 24 -1 3 0 0 0 0 -6 8 3 3 -7 31 3 -3 0 0 48 0 8 0
1 8156 80 6 -11 115 -5 1354 0 0 3 103 19 -60 -2 -140 -40 0 7 7 10 -18 -42 0
1 13296 132 -52 -4 110 0 30 0 -2 17 87 -1 202 8 -370 -103 0 17 17 -35 17 35 0
1 10000 96 -60 14 5 0 0 0 0 9 -7 0 -106 -66 200 39 -10 -4 -4 45 6 -1 0
1 9267 99 -47 4 -81 0 -639 1 0 17 -77 -3 -222 -99 -730 -203 2 34 34 -17 -9 -9 0
1 11171 106 -12 -16 -141 0 -739 -1 2 20 -130 -30 -3 -57 146 68 15 -15 -15 -29 6 7 0
1 10000 97 -5 8 -6 0 0 0 0 -4 -2 -1 -6 -13 -522 -126 12 19 19 26 9 4 0
1 10000 87 -7 -8 8 0 0 0 0 8 3 0 -9 -8 -244 -59 6 8 8 5 -5 -1 0
1 9997 86 4 8 -5 0 0 0 0 -7 -1 1 -13 -10 -765 -206 5 34 34 -52 -4 2 0
1 10003 108 9 -3 -2 0 0 0 0 -1 -1 -1 -40 -19 -440 -117 4 20 20 -5 -1 -2 0
1 9999 90 9 -5 -6 0 0 0 0 2 -4 -2 -25 -13 -99 -21 4 2 2 69 6 0 0
1 10001 86 -14 6 3 0 0 0 0 0 2 1 -102 -50 -233 -54 6 8 8 25 5 -3 0
1 10000 103 -36 -11 5 0 0 0 0 22 0 -4 -298 -122 -288 -67 9 10 10 -109 -21 5 0
1 10000 86 -10 9 1 0 0 0 0 -5 -3 0 -110 -49 -339 -54 24 4 4 -4 4 -4 0
1 10001 96 -3 2 -3 0 0 0 0 0 0 -1 -77 -38 -457 -86 25 9 9 36 12 1 0
1 9999 95 -14 0 1 0 0 0 0 5 0 0 -179 -65 -865 -209 20 32 32 92 -3 9 0
1 10000 91 -5 6 -3 0 0 0 0 -2 0 0 -75 -33 -181 -21 17 -1 -1 -70 -7 -9 0
1 8039 76 31 -8 -131 -1 -1336 0 0 -1 -101 -51 -563 -166 77 58 21 -14 -14 53 -6 -42 0
1 13298 125 53 0 -75 1 -41 0 -2 -20 -56 -36 -525 -215 -2015 -439 76 59 59 -122 -7 40 0
1 9999 101 50 5 -4 0 0 0 0 -23 1 5 -43 -45 -2498 -612 55 94 94 54 12 2 0
1 8745 85 23 -14 115 0 1392 0 0 3 89 62 -161 -43 -840 -182 34 25 25 -4 -5 -10 0
1 11255 100 -3 1 98 -1 0 0 2 -2 84 34 -90 -61 -2482 -649 32 107 107 -13 4 3 0
1 10001 96 9 4 -4 0 0 0 0 -4 0 0 -65 -35 -536 -119 20 17 17 -6 3 8 0
1 10000 95 7 5 0 0 0 0 0 -7 1 2 -2 -8 -920 -233 17 37 37 1 -5 -7 0
1 9424 90 5 2 -3 1 0 0 0 -5 -3 -1 -70 -33 -431 -103 11 16 16 13 3 7 0
1 10576 94 14 -2 3 0 0 0 0 -2 5 3 -208 -85 -380 -88 12 13 13 17 2 -4 0
1 9999 87 20 9 0 0 0 0 0 -14 5 2 -51 -28 -808 -189 25 28 28 -26 5 10 0
1 10001 92 3 -1 6 0 -1 0 0 -3 4 1 -15 -13 -1197 -314 15 53 53 17 2 -13 0
1 9999 96 15 -2 -5 0 0 0 0 1 3 1 8 -32 -1077 -291 10 51 51 73 5 9 0
1 10000 83 0 -3 -1 0 0 0 0 1 -3 0 44 -8 -412 -110 4 19 19 100 10 -4 0
1 8085 79 -27 -4 119 -3 1335 -1 0 9 100 18 -8 -6 -15 -3 1 0 0 -81 19 43 0
1 13312 119 -75 2 106 0 30 0 -2 22 82 -1 54 -13 -1456 -417 -2 76 76 -27 -23 -49 0
1 8944 86 -35 8 -69 -1 -510 0 0 8 -66 -2 -64 -4 107 29 0 -5 -5 35 20 45 0
1 11177 105 -24 -9 -151 0 -870 1 2 18 -139 -31 199 28 -567 -163 -2 30 30 -32 -21 -45 0
1 10001 88 -30 6 -5 0 0 0 0 6 -7 -4 -11 -6 -143 -56 -9 12 12 97 16 9 0
1 10000 99 -20 2 -1 0 0 0 0 5 -5 -2 44 6 31 1 -5 1 1 -68 -8 3 0
1 10000 89 0 -8 0 1 0 0 0 7 2 -1 -27 -10 -239 -76 -4 15 15 9 0 -9 0
1 9999 99 3 -3 2 0 0 0 0 2 4 1 75 9 122 25 -6 -3 -3 7 5 4 0
1 10001 92 6 -2 -4 0 0 0 0 -1 -6 -2 185 45 -154 -45 -1 8 8 -14 -9 -9 0
1 9998 98 4 10 23 0 -1 0 0 -10 21 10 162 29 -116 -54 -13 13 13 -25 9 5 0
1 10002 100 36 10 -44 0 0 0 0 -21 -34 -9 20 15 101 -2 -19 4 4 67 5 5 0
1 10000 80 1 -18 31 0 0 0 0 15 27 7 117 29 409 85 -19 -11 -11 -24 -12 -7 0
1 10000 93 -4 6 -3 0 0 0 0 -4 -2 0 8 1 248 43 -17 -4 -4 30 17 4 0
1 9999 103 9 0 2 0 0 0 0 -5 0 0 69 20 486 121 -10 -20 -20 -99 -19 -1 0
1 10001 86 12 -1 -2 0 0 0 0 -2 1 2 8 4 90 22 -3 -3 -3 55 6 -2 0
1 9008 95 20 3 -4 -1 0 0 0 -9 -1 1 59 25 106 11 -11 0 0 12 5 0 0
1 10992 99 21 6 0 0 1 0 0 -14 3 2 133 18 373 85 -13 -13 -13 31 9 0 0
1 10000 92 6 -13 9 0 0 0 0 9 7 2 26 8 270 49 -17 -5 -5 69 -9 4 0
1 10000 97 9 4 3 0 0 0 0 -4 9 3 -42 -25 189 47 -4 -7 -7 -98 0 0 0
1 10000 96 -14 7 -18 0 -1 0 0 -3 -22 -6 -28 -14 -115 -31 1 5 5 15 -6 -6 0
1 9999 94 -8 -7 8 0 0 0 0 9 6 1 -13 -10 241 70 1 -13 -13 49 17 10 0
1 10000 97 -13 0 3 0 0 0 0 3 -1 -1 5 -3 -352 -99 0 18 18 -54 -8 -2 0
1 10001 89 -2 5 -2 0 1 -1 0 -4 -2 -1 -18 -2 106 31 1 -6 -6 54 3 -4 0
1 10000 94 -15 2 -4 0 0 0 0 6 -3 -1 -36 -14 -164 -45 1 8 8 161 24 -2 0
1 10000 101 5 -5 2 0 0 0 0 3 3 1 -92 -29 -79 -18 3 3 3 -193 -24 -1 0
1 10000 87 21 2 -1 0 0 0 0 -8 4 1 -21 -16 -196 -46 6 7 7 75 9 2 0
1 10000 85 0 1 7 0 0 0 0 -4 2 2 -58 -35 -167 -32 9 4 4 -63 -7 2 0
1 10000 98 9 1 -4 0 0 0 0 -3 -1 0 0 -24 -419 -107 7 18 18 46 7 -4 0
1 10000 90 2 4 -2 1 0 0 0 -2 3 1 -4 -12 -656 -180 4 32 32 27 5 -3 0
1 9999 81 5 -5 4 0 0 0 0 -1 -1 0 -7 -8 -177 -46 3 8 8 135 22 -1 0
1 10001 103 10 3 -4 0 0 0 0 -3 2 1 -11 -9 -294 -80 2 14 14 -146 -23 1 0
1 10000 82 -7 -1 2 -1 0 0 0 2 -1 0 -2 -5 -271 -74 1 13 13 9 0 0 0
1 10000 87 -30 3 1 0 0 0 0 8 -3 -3 -84 -36 -321 -88 2 16 16 99 19 1 0
1 10000 91 -47 1 6 0 0 0 0 15 -3 -2 -101 -57 -237 -52 10 7 7 -48 3 6 0
1 10000 68 -44 -3 -5 0 -1 0 0 19 -7 -7 -107 -43 -401 -98 10 16 16 25 10 -1 0
1 10000 90 -35 -4 -5 0 0 0 0 17 -4 -5 39 4 -561 -136 14 22 22 5 5 -3 0
1 9999 97 -37 -3 5 0 0 0 0 15 -2 -5 -258 -95 -375 -97 6 17 17 -5 2 5 0
1 8047 68 33 2 -136 0 -1327 0 0 -10 -101 -50 78 51 -139 -23 10 2 2 61 28 40 0
1 14130 129 49 -1 -82 0 -42 0 -2 -16 -58 -40 -268 -117 -1446 -397 9 71 71 -25 -34 -43 0
1 10000 88 -8 -3 7 0 0 0 0 5 4 2 -648 -206 -1144 -280 28 46 46 199 8 0 0
1 10000 83 63 32 7 0 0 0 0 -49 9 19 -221 -65 -1621 -338 77 47 47 -263 -16 3 0
1 8821 85 38 -21 80 0 599 0 0 1 59 42 198 38 -3961 -1050 51 187 187 8 23 47 -1
1 11179 94 -12 -1 128 1 778 0 2 5 109 49 -667 -218 -1007 -296 -6 58 58 108 -13 -53 1
1 10000 80 22 21 -13 0 0 0 0 -28 -12 -1 102 8 -676 -114 52 10 10 -29 -6 -1 0
1 10000 84 52 -22 -39 0 0 0 0 3 -24 -10 441 139 -2002 -538 22 99 99 -37 2 3 -1
1 10001 96 -47 -3 61 -1 0 0 0 17 45 15 82 1 -447 -158 -21 35 35 88 13 -1 1
1 9999 119 -23 -1 -13 0 0 0 0 9 -15 -7 -260 -84 124 39 3 -8 -8 -81 -8 5 -1
1 10000 97 -80 13 -7 0 0 0 0 19 -13 -8 -433 -108 -412 -93 16 15 15 44 5 2 1
1 10000 94 48 -11 6 0 0 0 0 -7 12 6 172 48 -89 3 18 -5 -5 42 6 -4 0
1 10000 112 -36 -11 0 0 0 0 0 22 -5 -6 -103 -51 -1359 -356 22 65 65 -164 -24 3 0
1 10000 95 35 17 -5 0 0 0 0 -30 -6 3 79 17 -159 -39 5 6 6 89 20 -1 -1
1 10000 98 41 -17 -7 0 0 0 0 2 2 0 79 22 -350 -101 -1 20 20 -21 -14 -8 1
1 10000 91 68 18 8 0 0 0 0 -41 16 11 44 8 90 21 -3 -3 -3 -40 -5 -1 -1
1 10000 85 51 3 -25 0 0 0 0 -16 -8 -2 -565 -172 288 80 -2 -16 -16 63 16 2 0
1 8672 71 -86 -5 204 0 1342 0 0 25 161 27 102 75 -810 -154 51 19 19 1 3 14 0
1 13346 151 -38 15 59 0 33 0 -2 0 47 -2 60 -27 -1164 -361 -17 75 75 -9 -9 -11 1
1 8188 92 -17 -8 -129 0 -1352 0 0 18 -114 -5 -539 -127 998 292 3 -58 -58 110 39 44 -1
1 11812 104 1 -10 -121 0 -25 0 2 11 -108 -30 180 -1 -1728 -428 44 75 75 97 -3 -42 1
1 10007 94 -30 -2 25 0 0 0 0 11 17 4 83 11 -1104 -296 14 55 55 115 -4 -3 -1
1 10000 99 5 -2 -16 0 0 0 0 1 -10 -4 -116 -35 -583 -158 6 30 30 -357 -42 -1 1
1 9994 96 -14 -1 0 0 0 0 0 3 -8 -3 -26 -9 -527 -131 13 23 23 44 17 3 -1
1 10005 92 -33 4 8 0 0 0 0 10 6 1 -36 -12 -540 -146 6 28 28 11 -4 -2 0
1 9995 91 -21 2 -8 0 0 0 0 7 -5 -4 23 4 31 16 5 -4 -4 39 8 0 0
1 8087 79 13 3 -127 0 -1328 0 0 -5 -100 -51 -90 2 618 180 2 -36 -36 -29 25 43 1
1 13345 121 52 -1 -79 0 -44 0 -2 -17 -55 -38 67 -10 -1220 -350 0 69 69 -76 -35 -41 0
1 10000 103 28 7 -7 0 0 0 0 -15 -2 3 -31 -15 -133 -35 2 7 7 121 5 -1 0
1 10324 94 19 -3 8 0 0 0 0 -5 6 5 -184 -55 -403 -104 8 19 19 -79 -5 -5 -1
1 8809 99 21 -4 70 0 534 0 0 -8 49 38 -54 0 -447 -106 15 18 18 -2 -1 0 1
1 11191 95 -7 -9 137 0 848 0 2 11 116 55 -8 -31 -240 -63 4 12 12 -18 -7 1 -1
1 11191 130 -3 26 -30 69 -244 -1 -4 -23 -28 -8 -184 -43 -499 -126 11 23 23 116 20 6 0
1 8811 56 -9 48 3 0 0 -39 0 -39 2 3 265 53 -492 -125 12 22 22 203 52 -3 0
1 8824 50 -30 5 1 0 0 -45 0 6 -4 -2 -24 -2 -346 -112 -9 25 25 -79 -6 3 0
1 9995 46 -20 -7 -4 -1 0 -51 0 13 -7 -2 -134 -44 -588 -178 -6 37 37 57 22 -2 0
1 10005 52 -4 -10 5 1 0 -51 0 11 5 1 -127 -15 -36 -4 4 0 0 11 -14 0 0
1 9982 45 1 -3 3 0 0 -49 0 2 2 0 42 -6 -385 -98 9 18 18 -73 -7 -2 0
1 9999 46 6 -10 -4 0 0 -51 0 9 2 -1 20 -2 -476 -129 5 26 26 -24 -3 1 0
1 10005 42 -3 -12 5 0 0 -49 0 9 -1 0 -89 -21 -359 -98 3 19 19 150 37 0 0
1 10008 26 -7 -2 2 0 0 -48 0 5 2 0 -50 -21 115 38 4 -9 -9 166 23 -3 0
1 9991 38 21 -12 -1 0 0 -48 0 4 3 1 -15 -20 -687 -192 4 38 38 -42 2 5 0
1 10004 6 16 -3 2 0 0 -50 0 -4 3 2 -83 -3 -245 -62 5 12 12 50 10 -3 0
1 10008 7 21 2 1 0 0 -49 0 -9 4 2 49 -6 -338 -88 6 17 17 27 5 -2 0
1 9997 -5 18 -11 0 0 0 -49 0 4 4 1 9 1 -429 -117 5 23 23 23 3 3 0
1 13924 -35 23 38 13 7 71 -15 0 -41 16 9 -7 4 -422 -116 4 23 23 262 75 4 0
1 6072 -47 8 318 6 322 0 -13 0 -284 4 -66 -25 -2 -979 -280 0 57 57 -50 -15 -5 0
1 9992 -63 -46 60 -7 0 0 -48 0 -34 -14 -23 52 -6 -741 -205 6 42 42 -269 -54 -2 0
1 9999 -53 6 -6 22 0 0 -50 0 5 20 9 204 49 -92 -28 -1 6 6 -179 -67 -2 0
1 10019 -72 34 6 -16 0 0 -51 0 -18 -10 -13 102 50 -302 -90 -2 19 19 104 12 7 0
1 10002 -89 20 -7 2 0 0 -54 0 0 6 2 109 45 26 -12 -14 5 5 -182 -20 -1 0
1 10001 -100 5 -4 -2 0 0 -52 0 2 1 1 -82 7 718 171 -25 -30 -30 123 15 -2 0
1 9997 -119 30 -12 13 0 0 -53 0 0 15 4 62 16 1117 305 -11 -60 -60 -165 -40 0 0
1 9983 -118 33 -5 -20 0 0 -53 0 -4 -6 -5 141 76 794 219 -6 -44 -44 -213 -40 1 0
1 10010 -115 11 -6 8 0 0 -54 0 -1 6 2 133 28 1216 328 -15 -64 -64 102 3 -2 0
1 10014 -121 -12 0 -4 0 0 -52 0 4 -4 2 32 22 1441 387 -17 -75 -75 -96 -4 1 0
1 9997 -146 5 -9 6 0 0 -55 0 5 5 5 -5 7 914 243 -14 -46 -46 42 4 -3 0
1 10013 -134 -17 -4 -58 6 -786 -47 4 9 -46 -12 -5 11 847 236 -4 -47 -47 -40 0 9 0
1 14791 -203 -123 -13 -151 2 -579 -2 -2 54 -124 -52 186 21 1018 279 -9 -54 -54 67 2 4 0
1 9334 -124 -76 2 79 0 1132 -2 0 22 39 44 -11 22 1583 442 -8 -87 -87 -27 13 16 0
1 10665 -152 -14 13 88 -15 226 -1 2 -7 62 34 64 5 -398 -126 -8 27 27 77 -5 -26 0
1 10001 -144 -7 0 25 0 0 0 0 2 19 10 0 -3 199 52 -3 -10 -10 -84 3 4 0
1 9999 -152 -6 -12 -2 0 0 0 0 13 -2 4 39 16 348 96 -3 -18 -18 53 -7 -4 0
1 8773 -118 13 2 90 -17 1361 0 0 -8 70 22 -16 45 884 246 -5 -48 -48 -45 -9 -16 0
1 14003 -216 115 -2 155 0 34 -1 -2 -40 138 0 198 20 -255 -86 -8 19 19 100 16 20 1
1 8839 -137 67 -3 -70 5 -1146 -1 0 -19 -44 -10 -62 5 355 78 -16 -12 -12 -58 -23 -39 -1
1 11160 -161 27 -13 -135 -23 -218 1 2 5 -99 -17 290 75 540 145 -7 -27 -27 -77 17 36 0
1 10001 -116 -13 2 -35 0 0 0 0 3 -30 -10 6 12 251 40 -20 -4 -4 15 -17 -2 0
1 9998 -119 14 -3 -21 0 0 0 0 -2 -13 -6 16 6 884 234 -13 -43 -43 17 5 -1 0
1 8818 -125 -42 -7 -63 8 -1314 -1 0 18 -58 -17 -47 8 613 166 -6 -32 -32 -21 -6 -24 0
1 13343 -169 -106 -20 -156 1 -114 0 -2 57 -120 -65 342 88 121 26 -6 -4 -4 1 8 28 0
1 8152 -95 -63 18 132 0 1391 -1 0 4 78 68 -13 24 904 229 -20 -40 -40 22 5 -8 0
1 11847 -168 12 18 83 0 0 0 2 -18 63 23 -206 -85 347 93 -4 -17 -17 28 -2 8 0
1 10000 -139 -26 -10 12 0 0 0 0 15 6 15 124 39 218 74 8 -17 -17 -25 -5 1 0
1 9999 -138 4 -4 26 0 0 0 0 2 23 10 466 127 227 45 -13 -6 -6 -17 3 1 0
1 8825 -91 12 11 93 0 1380 -1 0 -14 76 18 326 180 1131 257 -43 -40 -40 152 15 -3 0
1 13340 -188 142 4 138 0 32 1 -2 -56 124 -11 737 237 2556 582 -96 -92 -92 -167 -23 2 0
1 8825 -103 86 -3 -97 -1 -1410 0 0 -23 -61 -15 -14 52 4201 1092 -67 -193 -193 -79 8 34 0
1 11175 -155 20 -1 -116 -5 -16 -1 2 -3 -83 -17 197 81 2793 737 -35 -131 -131 -30 -35 -37 0
1 10000 -114 3 -16 -17 0 0 0 0 13 -12 2 6 15 473 105 -18 -16 -16 47 7 1 0
1 10000 -117 -10 -5 -3 0 0 0 0 7 -5 1 -12 9 652 166 -13 -28 -28 -87 -13 4 0
1 8767 -87 -28 1 -97 7 -1329 0 0 9 -78 -28 -85 18 1287 356 -5 -66 -66 90 14 20 0
1 13337 -157 -99 -19 -119 0 -35 0 -2 49 -104 -45 255 74 366 87 -11 -13 -13 -118 -21 -23 0
1 8824 -98 -80 -3 31 1 163 0 -2 30 7 18 -57 3 574 137 -16 -22 -22 29 8 1 0
1 11175 -121 -40 43 164 0 1219 0 4 -24 117 64 50 3 614 168 -4 -30 -30 -18 -7 -1 0
1 10001 -128 -26 -4 0 0 0 0 0 13 -3 4 -8 0 784 218 -3 -40 -40 -25 1 2 0
1 9999 -121 -13 -3 9 0 0 0 0 7 9 7 4 3 31 4 -3 0 0 36 4 -1 0
1 8410 -96 17 2 106 -1 1370 0 0 -9 85 25 -91 -1 180 50 0 -9 -9 21 8 10 0
1 13365 -196 89 6 129 1 33 0 -2 -38 114 -2 150 41 278 75 -2 -13 -13 -44 -13 -6 0
1 10318 -150 74 -10 10 0 0 0 0 -18 17 -9 34 20 522 133 -10 -23 -23 5 -4 -5 0
1 8135 -101 37 5 -97 0 -1393 0 0 -13 -69 -8 -100 -4 -189 -63 -5 13 13 12 25 48 0
1 11865 -161 1 -6 -114 0 -7 0 2 4 -93 -19 -100 -40 621 186 6 -35 -35 -13 -25 -48 0
1 10000 -129 5 -10 -21 0 0 0 0 7 -15 -1 -110 -30 115 58 15 -14 -14 -4 -9 -2 0
1 10000 -127 -6 -3 -3 0 0 0 0 4 -6 -1 -204 -42 -202 -31 16 2 2 4 7 -1 0
1 9999 -115 -6 1 3 0 -3 0 0 2 5 3 54 3 -455 -95 21 12 12 -38 -7 0 0
1 10001 -116 0 5 -1 0 0 0 0 -3 0 -1 -98 -8 -362 -92 7 16 16 11 2 -2 0
1 9998 -115 13 -2 -3 0 0 0 0 -3 -1 -2 -272 -53 -277 -49 18 5 5 -54 -11 3 0
1 10002 -113 14 -1 0 0 0 0 0 -6 0 -2 -80 1 -523 -109 25 14 14 32 3 2 0
1 9999 -118 -8 2 3 0 0 0 0 2 2 2 66 27 -32 28 22 -10 -10 -60 -7 2 0
1 9999 -120 -8 -2 -1 0 0 0 0 4 -3 1 64 24 -120 -36 -1 7 7 31 3 -3 0
1 10002 -103 -21 0 -3 0 0 0 0 9 -4 1 71 21 285 71 -6 -12 -12 -46 -8 -4 0
1 9999 -123 -24 1 3 0 0 0 0 6 -2 3 4 2 92 19 -4 -2 -2 152 15 3 0
1 10000 -113 -27 1 1 0 0 0 0 8 -5 1 4 8 500 138 -3 -25 -25 -127 -15 1 0
1 10001 -99 -6 -3 1 0 0 -1 0 3 -3 3 -6 3 409 114 -1 -20 -20 -35 9 0 0
1 10000 -126 -20 -1 2 0 0 0 0 8 -1 2 1 2 467 132 -1 -24 -24 -23 -18 1 0
1 9998 -111 -8 1 -1 0 0 0 0 3 0 0 -2 2 311 87 -1 -16 -16 26 4 -1 0
1 10000 -101 -23 6 -2 0 0 1 0 3 -4 1 12 7 147 42 0 -8 -8 -34 -3 0 0
1 10002 -119 -15 -3 3 0 0 0 0 9 3 3 12 5 2 -1 0 1 1 -9 -3 1 0
1 9998 -103 -14 0 2 0 0 0 0 4 -3 0 12 0 372 103 -2 -19 -19 46 9 -3 0
1 10000 -106 -7 2 -5 0 -1 0 0 2 0 2 -3 0 174 48 -1 -8 -8 13 8 2 0
1 10002 -119 3 -2 8 0 0 0 0 0 3 1 5 3 147 39 -1 -7 -7 30 -5 1 0
1 10000 -106 5 0 -5 0 0 0 0 -2 -2 -2 -10 4 -257 -73 -1 13 13 -26 2 1 0
1 10000 -105 25 0 -3 0 1 0 0 -8 1 -2 1 7 116 35 2 -6 -6 -58 -5 -2 0
1 9999 -101 -4 0 0 0 0 0 0 1 -1 0 11 4 266 74 -1 -14 -14 2 -9 0 0
1 10001 -104 4 -3 -2 0 0 0 0 1 -2 -1 27 23 91 25 -1 -4 -4 16 -1 5 0
1 9998 -110 9 7 13 0 0 -1 0 -10 12 1 300 136 327 68 -15 -9 -9 -54 -9 -7 -1
1 10000 -115 9 -2 -23 0 0 0 0 -1 -17 -6 177 84 859 202 -26 -31 -31 8 0 1 1
1 10000 -106 -37 -5 2 0 0 0 0 17 -4 5 -23 2 559 122 -22 -17 -17 -2 3 -1 0
1 10001 -101 -9 3 10 0 0 1 0 1 6 2 -57 -16 1751 488 -5 -87 -87 -19 -3 4 0
1 10000 -99 -10 -6 0 0 0 0 0 8 -2 2 269 100 276 72 -4 -11 -11 33 5 -1 0
1 10000 -115 -13 5 1 0 0 0 0 1 4 3 291 118 271 40 -22 -3 -3 0 -3 3 0
1 10001 -112 -6 -5 -1 0 0 -1 0 6 -3 1 454 162 946 199 -42 -26 -26 19 11 1 0
1 9999 -98 0 -2 4 0 0 0 0 2 1 0 233 95 832 148 -52 -15 -15 -19 -4 -2 0
1 9999 -104 5 0 -2 0 0 0 0 -2 0 0 199 101 2102 511 -50 -79 -79 -1 0 2 0
1 10001 -105 -32 1 -2 0 0 1 0 11 -4 2 367 166 940 212 -31 -31 -31 3 2 -4 0
1 10001 -99 -33 5 -1 0 0 0 0 8 0 3 23 32 1640 369 -55 -53 -53 21 2 3 -1
1 9998 -101 -31 2 -1 0 0 0 0 10 0 3 17 13 880 212 -21 -32 -32 -13 -4 5 1
1 8339 -77 2 0 96 0 1374 0 0 -2 75 23 -121 39 1169 313 -10 -52 -52 -24 25 36 0
1 13311 -168 82 14 134 0 33 -1 -2 -43 114 -1 225 38 509 113 -18 -16 -16 79 -11 -43 0
1 10308 -123 75 -7 8 0 0 0 0 -22 11 -8 46 30 617 157 -10 -25 -25 21 -4 1 -1
1 10001 -115 69 -1 -4 0 0 0 0 -22 8 -11 24 22 638 163 -9 -26 -26 -80 -10 2 1
1 8107 -82 61 3 -100 0 -1401 1 0 -21 -72 -12 -87 -1 1512 417 -5 -71 -71 2 9 2 -1
1 11893 -139 39 -4 -111 0 -7 -1 2 -10 -83 -22 169 47 -933 -263 0 45 45 43 -9 -5 1
1 9999 -101 0 -10 -13 0 0 0 0 8 -9 2 -49 17 318 70 -11 -9 -9 3 3 4 0
1 10000 -107 -43 -4 -4 0 0 0 0 18 -11 4 -174 28 -66 -17 1 2 2 -24 -6 -3 0
1 9999 -92 -56 6 -2 0 -2 0 0 14 -12 3 197 156 185 77 14 -16 -16 -11 7 2 0
1 10001 -88 -22 0 -1 0 0 0 0 8 -3 3 -91 -1 865 222 -13 -35 -35 20 -1 5 0
1 10001 -99 -2 -6 -1 0 0 0 0 6 -1 1 -43 1 633 185 4 -33 -33 -38 -11 -1 0
1 9999 -97 8 -4 5 0 0 0 0 -2 1 1 -1 9 396 122 6 -22 -22 -9 5 -1 0
1 10000 -82 -33 4 -1 0 0 0 0 9 -5 2 -129 -21 237 69 2 -12 -12 -17 0 1 0
1 10000 -90 -42 7 -5 0 0 0 0 10 -9 -1 -107 -20 269 98 12 -19 -19 -7 -8 -4 0
1 10000 -95 -54 2 6 0 0 0 0 17 0 7 -38 -1 154 66 13 -14 -14 39 5 2 0
1 10000 -99 -38 -2 -5 0 0 0 0 16 -4 4 39 34 -213 -44 9 5 5 -11 0 6 0
1 10001 -94 -25 2 0 0 0 0 0 8 0 2 44 27 175 51 1 -9 -9 -29 -5 -7 0
1 8175 -77 -18 11 100 0 1378 0 0 -4 82 25 -32 27 917 252 -3 -42 -42 41 -1 -17 0
1 14312 -169 112 -5 131 0 34 0 -2 -39 109 -2 151 30 -414 -127 -6 23 23 -28 8 18 0
1 10000 -122 81 -6 4 0 0 0 0 -23 14 -10 49 31 561 142 -10 -22 -22 -2 -3 -4 0
1 8108 -90 55 11 -104 0 -1403 0 0 -24 -74 -14 -128 11 -249 -83 -6 15 15 3 11 18 0
1 11892 -143 37 -3 -114 0 -7 0 2 -9 -84 -23 129 9 983 271 -4 -45 -45 3 -10 -17 0
1 10001 -107 27 -15 -12 0 0 0 0 3 -6 0 -2 2 -173 -51 -1 9 9 -4 -5 1 0
1 9999 -92 15 -6 0 0 0 0 0 -2 1 -1 -33 2 116 33 0 -5 -5 -11 -3 -2 0
1 8193 -80 15 2 -106 0 -1348 0 0 -1 -72 -32 -105 -6 577 169 4 -30 -30 11 25 46 0
1 13351 -131 -63 -18 -106 0 -35 0 -2 34 -92 -42 -23 -8 -573 -152 5 25 25 2 -17 -39 0
1 10450 -96 -58 -6 -7 0 0 0 0 25 -16 -1 -135 -12 -90 -11 8 0 0 -38 -12 -6 0
1 8834 -73 -49 5 44 0 215 1 0 11 19 22 -215 -8 122 57 13 -12 -12 7 2 5 0
1 11166 -114 -48 32 156 0 1166 -1 2 -12 110 60 -63 -40 -204 -31 15 1 1 -7 -2 0 0
1 10000 -101 -49 -4 7 0 0 0 0 22 6 11 -438 -102 132 73 20 -16 -16 -23 -4 0 0
1 10000 -102 -43 1 14 0 0 0 0 15 10 9 -67 -21 -670 -107 47 8 8 1 4 0 0
1 8249 -73 -22 10 109 0 1386 0 0 -2 86 25 -58 6 -83 23 26 -10 -10 -20 -15 -39 0
1 13355 -151 47 -3 134 0 37 0 -2 -16 115 3 -83 -32 -410 -81 20 9 9 21 14 35 0
1 10000 -89 90 -1 -8 0 0 0 0 -33 -5 -12 34 -3 -289 -46 20 3 3 -8 -1 7 0
1 10311 -117 30 12 0 0 0 0 0 -20 2 -8 -84 -4 -273 -69 5 11 11 11 -2 -4 0
1 8834 -87 53 -10 -60 0 -577 0 0 -9 -41 -5 -270 5 19 26 11 -7 -7 29 -8 -14 0
1 11165 -127 2 -7 -155 0 -842 0 2 7 -123 -19 146 -2 -197 -38 11 4 4 -47 6 16 0
1 10001 -89 -23 -11 -20 0 0 0 0 17 -20 -1 -174 -3 -230 -44 12 5 5 53 2 0 0
1 10001 -90 -18 -5 -5 0 0 0 0 10 -7 2 -122 -3 111 66 19 -15 -15 -70 -5 0 0
1 9998 -95 9 3 -2 0 -3 0 0 -4 2 -2 7 5 -115 1 19 -5 -5 28 7 2 0
1 10001 -90 18 1 3 0 0 0 0 -8 4 0 12 6 37 26 9 -6 -6 -15 -7 -4 0
1 10000 -98 5 0 -3 0 0 0 0 0 2 0 37 14 309 91 2 -16 -16 10 8 3 0
1 9420 -81 35 -1 2 0 0 0 0 -11 8 -3 239 105 -113 -40 -4 8 8 17 3 3 0
1 10580 -89 20 1 4 0 0 0 0 -8 5 -1 -68 6 100 -6 -20 5 5 -14 -10 1 0
1 10000 -106 -16 -4 0 0 0 0 0 7 -6 2 -67 -9 630 170 -4 -28 -28 22 5 -3 0
1 10000 -81 -33 14 -6 0 0 0 0 1 -9 -3 -56 -6 33 23 7 -5 -5 -42 -4 2 0
1 10000 -81 -35 -6 11 0 0 0 0 17 5 9 -76 -7 270 89 7 -17 -17 44 8 -7 0
1 10000 -101 -71 10 -12 0 0 0 0 17 -18 -1 -90 12 26 26 11 -6 -6 -50 -8 4 0
1 10000 -82 -15 -4 2 0 0 0 0 8 -2 3 85 131 97 47 11 -11 -11 7 -10 0 0
1 10000 -90 19 -5 -5 0 0 0 0 -2 1 0 239 120 52 14 -1 -2 -2 9 11 1 0
1 10000 -85 33 3 4 0 0 0 0 -15 7 -2 304 132 1317 323 -28 -48 -48 31 -2 -1 0
1 10000 -96 54 -7 7 0 0 0 0 -14 9 -4 169 76 1148 266 -33 -37 -37 -25 -2 1 0
1 10000 -77 45 2 6 0 0 0 0 -18 11 -4 167 91 898 211 -24 -30 -30 51 3 3 0
1 10000 -98 30 -4 -3 0 0 0 0 -5 5 -1 22 30 930 219 -25 -31 -31 -31 -4 -1 0
1 9422 -93 22 -2 -5 0 0 0 0 -5 2 -1 6 27 928 233 -16 -35 -35 -26 5 0 0
1 10578 -87 34 6 -5 0 0 0 0 -13 5 -6 411 325 633 165 -8 -25 -25 11 -8 1 0
1 10000 -85 60 9 6 0 0 0 0 -26 19 -7 616 304 997 218 -35 -28 -28 -8 7 8 0
1 8102 -47 26 -6 -119 0 -1352 0 0 2 -79 -31 -48 80 423 16 -57 9 9 2 16 37 0
1 14161 -123 -43 -36 -95 0 -34 0 -2 40 -83 -28 502 218 4284 1116 -50 -170 -170 -1 -17 -34 0
1 10005 -86 -51 -2 -10 0 0 0 0 19 -18 -4 352 205 1791 418 -47 -58 -58 6 -5 -7 0
1 9995 -66 -51 2 8 0 0 0 0 10 -10 -2 936 307 1485 319 -53 -39 -39 -17 2 6 0
1 10000 -76 -82 5 -9 0 0 0 0 27 -15 0 291 152 2204 420 -106 -44 -44 -14 0 -1 0
1 9257 -51 -79 1 42 0 116 0 -1 25 14 23 78 120 2360 548 -60 -74 -74 13 0 1 0
1 9991 -91 -39 99 173 69 1305 -29 -1 -72 126 45 98 83 1397 283 -57 -32 -32 2 4 6 0
1 16202 -201 -40 -6 9 0 0 -30 0 19 6 11 131 38 4030 1019 -56 -147 -147 21 -1 -2 0
1 10000 -124 -40 -6 -10 0 0 0 0 19 -8 5 -8 4 1785 466 -16 -68 -68 -12 2 0 0
1 10306 -145 -2 -2 3 0 0 0 0 3 -4 0 40 21 1184 312 -10 -46 -46 -11 0 2 0
1 10000 -98 -21 -197 20 0 0 0 0 181 15 41 219 97736 1483 359 -28 -49 -49 1005 389 5 0
