version: 66.11
glider: 175
mission: 10
dive: 348
start: 2 4 126 7 41 53
columns: rec,elaps_tms,depth,heading,pitch,roll,AD_pitch,AD_roll,AD_vbd,GC_phase,mag.x,mag.y,mag.z,sbect.TempFreq,sbect.CondFreq,aa4330.O2,aa4330.AirSat,aa4330.Temp,aa4330.CalPhase,aa4330.TCPhase,wlbb2f.redCount,wlbb2f.blueCount,wlbb2f.fluorCount,wlbb2f.VFtemp,
data:
0 21995 -470 1572 -685 45 249 2346 642 2 399 -89 275 282528 175289 343020 97387 10044 31917 31917 667 249 106 572
1 9998 27 -93 -21 32 0 0 292 0 20 -14 -23 -52 -23 -8181 -3068 -333 457 457 73 -1 -17 0
1 10002 29 -16 -11 -1 1 0 294 0 8 -7 -9 17 38 -14316 -4641 -285 678 678 -36 7 18 -1
1 10019 27 -103 -16 -36 -1 0 289 0 15 -53 -35 -200 -29 -4849 -1299 27 174 174 -20 -14 2 0
1 9998 42 -190 -32 31 0 0 283 0 28 -33 -66 -43 -8 -1595 -470 -11 68 68 20 -7 -33 0
1 9991 50 -126 -4 -29 1 0 273 0 13 -27 -52 -451 -254 -3444 -934 15 128 128 -75 -1 26 0
1 10009 106 -91 -29 23 -1 0 280 0 11 -6 -44 -401 -2719 -1336 -298 37 35 35 -62 -21 1 0
1 9994 262 -401 88 339 1 1 330 0 23 97 14 -424 -1610 -4774 -1179 78 152 152 -74 -37 -49 0
1 11566 469 -34 0 -331 445 -2 94 -1 5 -52 -76 -522 -1929 -11822 -3111 107 437 437 -41 11 41 0
1 8442 351 99 162 -160 1716 -913 1 5 -41 -47 113 -305 -2186 -4191 -1089 46 156 156 -46 -24 3 0
1 15010 430 183 269 -145 0 -461 3 -2 -187 -142 129 78 -445 -16064 -4488 22 705 705 32 5 -9 1
1 10000 168 84 35 -7 0 0 0 0 -52 -19 21 31 -74 -6618 -1819 26 295 295 -71 -1 3 -1
1 10001 145 47 6 15 0 0 0 0 -21 0 13 1135 152 -1811 -605 -53 114 114 45 10 -3 0
1 10000 99 55 -10 -19 0 0 0 0 -11 -13 -8 94 22 1650 338 -72 -41 -41 54 4 7 0
1 10298 131 21 2 10 0 0 0 0 -8 7 11 87 8 1479 360 -31 -54 -54 -67 -7 -4 0
1 9999 99 4 -8 -2 0 0 0 0 4 -2 -4 23 2 1719 449 -19 -71 -71 93 9 -2 0
1 10001 110 35 1 2 0 0 0 0 -11 1 10 -21 0 498 112 -16 -15 -15 -61 1 -2 0
1 10001 105 37 1 -1 0 0 0 0 -14 -2 3 -10 -4 188 54 1 -9 -9 -4 -4 1 0
1 10311 122 3 -7 13 0 0 0 0 5 10 7 22 1 -383 -115 -4 20 20 -15 -2 5 0
1 9999 129 15 6 -11 0 0 0 0 -10 -7 -1 -7 -1 130 32 -3 -5 -5 -1 -3 -3 0
1 10000 123 45 19 27 0 0 0 0 -33 16 26 35 -1 83 20 -2 -3 -3 50 7 -2 0
1 9130 107 3 -17 79 -3 1143 1 0 11 55 38 -66 0 191 48 -3 -7 -7 -40 -29 -43 0
1 10871 121 15 28 123 53 229 0 2 -29 100 58 84 -3 -26 -9 0 2 2 10 23 45 0
1 10000 113 26 18 -4 0 0 0 0 -24 1 6 16 3 179 47 -2 -8 -8 -18 1 7 0
1 9999 99 12 5 3 0 0 0 0 -10 3 2 -3 -4 -12 -7 -3 2 2 -6 -3 -5 0
1 9605 96 39 0 1 33 0 1 0 -14 6 5 88 -11 -3797 -1070 -2 179 179 127 15 -1 0
1 10603 100 46 33 4 0 0 0 0 -44 14 10 122 -11 4332 1199 -9 -198 -198 -91 -6 5 0
1 10000 74 48 4 -3 0 0 0 0 -17 10 3 108 -11 221 31 -17 -1 -1 80 12 -3 0
1 8193 71 5 -12 101 -4 1343 0 0 5 91 17 -94 -9 1225 323 -12 -51 -51 -37 -23 -49 0
1 13288 116 -71 5 121 0 29 0 -2 14 91 0 155 -8 -653 -195 -6 34 34 55 24 52 0
1 10440 91 -25 2 5 0 0 0 0 6 -2 -1 9 -4 275 64 -8 -9 -9 -55 -9 -3 0
1 9999 86 -46 8 0 0 0 0 0 8 -10 1 -1 -2 81 16 -3 -2 -2 5 6 2 0
1 10001 83 -36 4 -4 0 0 0 0 11 -8 -1 5 0 -82 -25 -2 4 4 -30 -5 1 0
1 9999 85 -34 0 -5 0 0 0 0 14 -8 -1 0 -2 214 56 -2 -9 -9 60 7 2 0
1 8743 81 -19 -6 -115 0 -1362 1 0 15 -103 -11 -42 -2 1057 292 -2 -47 -47 -59 -2 14 0
1 11258 100 -15 -5 -103 0 -29 -1 2 13 -90 -27 52 -2 -1136 -318 0 52 52 41 7 -22 0
1 9999 86 7 1 5 0 0 0 0 -4 4 3 11 -4 227 61 -1 -10 -10 -18 -5 8 0
1 10001 102 -3 5 3 0 0 0 0 -4 2 1 2 -1 -184 -56 -3 10 10 6 -5 -7 0
1 9999 83 21 -5 -4 0 -1 1 0 -4 -2 -1 20 -3 -375 -105 0 18 18 12 -4 0 0
1 10001 96 25 -1 3 0 0 0 0 -9 3 3 24 -6 82 19 -2 -3 -3 -16 8 1 0
1 9999 87 13 5 -3 0 0 0 0 -8 2 2 4 -2 165 40 -3 -6 -6 -6 0 3 0
1 10001 85 -8 0 -2 0 1 0 0 3 -4 -1 7 -2 -81 -27 -3 5 5 33 0 -3 0
1 10000 101 18 -4 0 0 0 0 0 -4 2 1 9 -2 -69 -19 1 3 3 38 7 -1 0
1 10001 83 12 2 0 0 0 0 0 -5 3 2 5 0 -48 -19 -4 4 4 114 19 -2 0
1 9998 105 -1 6 6 0 -1 -1 0 -6 3 2 4 -1 -12 -5 0 1 1 -74 -24 1 0
1 10000 84 47 -3 -6 0 0 0 0 -12 4 2 22 -4 -98 -29 -1 5 5 -111 -4 3 0
1 10000 101 6 0 7 0 0 0 0 -5 5 2 2 -2 192 50 -2 -8 -8 3 -3 -3 0
1 8234 91 -8 -10 104 0 1369 1 0 9 90 20 -113 -5 472 130 -2 -21 -21 35 -2 -9 0
1 13284 124 -62 10 106 0 29 0 -2 13 87 2 141 -9 -526 -147 1 24 24 -17 3 11 0
1 10001 97 -34 11 -2 0 0 0 0 2 -8 0 7 -3 193 49 -3 -7 -7 74 11 -1 0
1 8515 93 -8 -7 -110 1 -1348 0 0 12 -99 -9 -62 -5 391 105 -3 -17 -17 -43 -33 -4 0
1 11485 102 11 -6 -97 -1 -31 0 2 2 -86 -22 76 -1 -351 -101 -1 17 17 -14 37 4 0
1 10000 95 10 -3 -14 0 0 0 0 0 -9 -4 1 -3 -258 -75 -2 13 13 41 1 4 0
1 9999 92 -30 7 15 0 0 0 0 6 13 3 6 -2 -66 -19 0 3 3 -34 -3 -1 0
1 10001 89 -19 -5 -4 0 0 -1 0 10 -7 -3 3 -1 112 32 0 -5 -5 -70 -5 1 0
1 9999 106 7 5 -2 0 0 0 0 -6 -1 1 -1 -2 -355 -102 -1 17 17 194 21 -2 0
1 10000 97 11 1 6 0 0 0 0 -4 8 3 -1 0 239 68 1 -12 -12 -56 -21 -2 0
1 10001 101 -51 -8 -4 0 0 0 0 24 -10 -8 0 0 121 31 -2 -5 -5 -166 -14 -3 0
1 10001 87 -3 19 5 0 0 0 0 -15 3 4 4 -3 -277 -78 0 13 13 35 5 5 0
1 9998 102 23 -18 -8 0 0 0 0 7 -2 -3 -2 1 -14 -6 -1 2 2 -8 1 -5 0
1 10000 99 9 6 -8 1 0 0 0 -8 -8 -1 1 0 159 46 0 -8 -8 148 28 8 0
1 10001 97 -21 5 -2 0 0 0 0 4 -2 -2 3 -3 -378 -106 0 18 18 -109 -30 -4 0
1 10000 102 5 -15 26 0 0 0 0 10 21 6 8 -3 69 18 0 -3 -3 7 2 4 0
1 9999 105 4 4 -5 -1 0 0 0 -5 -4 0 0 0 -2 -1 0 0 0 -24 6 1 0
1 10001 103 -18 6 8 0 0 0 0 2 6 2 12 -4 -37 -11 -1 2 2 821 84 -10 0
1 10000 90 -31 -11 -11 0 0 0 0 20 -11 -10 13 -8 210 58 0 -10 -10 -717 -76 4 0
1 8619 100 11 4 -124 0 -1325 0 0 -4 -95 -46 -162 -2 -216 -65 -3 12 12 -80 -26 -16 0
1 13278 138 44 7 -92 1 -23 0 -2 -21 -68 -43 163 0 -180 -53 -1 9 9 -11 10 16 0
1 10000 113 37 11 0 0 0 0 0 -24 0 5 4 -1 -9 -4 -1 1 1 29 13 2 0
1 8835 105 28 1 58 -1 388 0 0 -12 43 35 -117 -4 -18 -7 -1 1 1 -71 -8 -2 0
1 11165 105 3 -11 135 1 972 0 2 7 112 57 125 -2 94 26 -1 -4 -4 198 25 0 0
1 9999 91 -25 -5 14 0 0 0 0 12 8 1 -9 1 -256 -71 1 11 11 -100 -14 5 0
1 10001 110 23 1 7 0 0 0 0 -8 10 5 1 -1 -60 -17 0 3 3 -44 -3 3 0
1 10001 110 -10 3 0 -1 1 0 0 0 -2 -1 5 -3 145 41 0 -7 -7 -47 -12 -2 0
1 9999 107 -24 7 -2 0 0 0 0 3 -5 -2 9 -2 -45 -14 -1 3 3 27 2 -5 0
1 10000 104 6 -4 -6 0 0 0 0 2 -3 -1 13 -8 198 55 0 -9 -9 -12 -3 6 0
1 10000 109 8 -1 0 0 -1 0 0 -2 0 1 8 -1 -397 -116 -3 20 20 123 23 -2 0
1 10000 96 -1 2 2 0 0 0 0 -2 1 0 14 -4 -45 -13 0 2 2 -74 -20 -1 0
1 10000 114 -3 -2 -2 0 0 0 0 2 -3 -1 11 -6 155 40 -2 -6 -6 185 27 -4 0
1 10000 94 -10 5 4 0 0 0 0 -1 2 1 7 -2 -131 -41 -2 7 7 -208 -18 4 0
1 10000 112 3 -4 -2 0 0 0 0 2 -2 -1 14 -4 276 76 -1 -13 -13 160 22 1 0
1 10000 94 4 0 -2 0 0 0 0 0 1 0 2 -2 4 -2 -2 1 1 -159 -23 -6 0
1 9416 106 6 5 5 1 0 -1 0 -7 4 2 1 1 -148 -42 0 7 7 163 12 2 -1
1 10584 110 9 -3 -4 0 0 0 0 0 -1 0 1 -2 -276 -81 -2 14 14 -94 -9 -2 1
1 10000 98 12 0 2 0 0 0 0 -5 2 1 -1 1 -231 -65 0 11 11 -50 3 0 0
1 10000 104 5 0 7 -1 1 1 0 -3 4 2 4 -4 207 58 0 -10 -10 52 -2 -2 0
1 10000 103 0 1 -10 0 0 0 0 2 -4 -1 2 -2 -150 -42 0 7 7 -15 -1 9 0
1 9999 102 -3 0 1 0 0 0 0 -1 -2 -1 -1 1 53 11 -2 -1 -1 59 2 -5 -1
1 10001 103 -3 -4 1 0 0 0 0 6 2 0 3 -2 5 2 0 0 0 178 20 -5 1
1 9999 100 -20 5 -4 0 0 0 0 2 -7 -3 -1 -1 -51 -13 1 2 2 -75 8 5 0
1 10001 107 -9 -6 3 0 0 0 0 9 2 -1 9 0 -439 -121 1 19 19 -152 -31 0 0
1 9416 102 -27 5 7 0 0 -1 0 5 3 1 -6 -2 149 38 -2 -5 -5 363 52 -3 0
1 10584 106 -3 -2 -7 0 0 0 0 3 -6 -2 10 -4 93 25 -1 -4 -4 -280 -12 1 0
1 10000 115 -9 3 3 0 0 0 0 0 0 -1 1 -1 -250 -70 0 11 11 -103 -31 0 0
1 9417 89 -4 0 -4 0 0 1 0 3 0 0 2 1 80 19 -2 -2 -2 -16 -2 -1 0
1 10583 120 -1 0 4 0 0 0 0 -1 0 0 -1 -4 -76 -19 2 2 2 6 -7 -1 0
1 10000 106 -1 0 -1 0 0 0 0 1 0 0 0 2 226 62 -1 -10 -10 189 32 1 0
1 9420 110 -9 0 -2 0 0 0 0 3 -2 -2 2 -4 -270 -75 0 13 13 -176 -25 6 0
1 10580 105 -3 2 -1 0 0 0 0 1 1 0 -1 -1 29 6 -1 -1 -1 8 -1 -4 0
1 10000 105 4 -3 0 0 0 0 0 1 0 1 0 -1 -243 -68 0 11 11 86 25 4 0
1 9420 96 0 -22 6 -47 0 -1 0 17 1 -4 1 -2 225 63 0 -10 -10 -19 -14 -3 0
1 10579 140 -7 -28 -5 0 0 0 0 27 -2 -7 5 -2 11 5 1 -1 -1 59 -2 -3 0
1 10000 128 -5 -4 1 0 0 0 0 5 -1 -2 0 -2 -161 -46 0 7 7 8 17 5 0
1 9421 121 -19 8 -1 16 0 0 0 1 2 -1 15 -7 27 7 -1 -1 -1 -28 -6 1 0
1 10580 147 -18 11 -1 0 0 0 0 -3 -2 1 -1 -6 243 65 -2 -10 -10 -88 -14 -11 0
1 9999 134 -8 3 3 0 0 0 0 0 1 0 7 -4 -100 -31 -1 5 5 95 9 9 0
1 8771 113 12 2 -109 0 -1320 0 0 -4 -84 -41 -205 -1 22 5 -1 0 0 123 2 -44 0
1 13296 182 71 11 -100 1 -42 0 -2 -32 -70 -41 197 2 -188 -53 0 9 9 -13 6 38 0
1 10000 112 55 0 -2 0 0 0 0 -20 1 5 1 -1 320 88 -1 -15 -15 -164 -5 7 0
1 8436 94 21 -14 111 -7 1367 0 0 1 82 57 -72 -2 -486 -135 1 22 22 73 -15 -45 -1
1 11564 142 1 -16 94 0 1 0 2 11 76 33 70 -2 206 60 1 -10 -10 -46 4 42 1
1 10001 132 -3 11 4 0 0 0 0 -6 8 4 1 0 111 30 -1 -5 -5 -26 -3 1 0
1 9999 133 -14 -2 2 0 0 0 0 6 -1 -2 6 -8 -95 -27 0 5 5 59 19 3 0
1 10000 130 -10 1 -3 0 1 0 0 1 -7 -2 -1 0 128 37 1 -6 -6 122 -11 -5 0
1 9999 133 -1 2 -3 0 0 0 0 1 0 -1 3 -4 22 6 0 -1 -1 -254 -6 2 0
1 10001 134 -16 -5 3 0 0 0 0 9 0 -2 1 0 53 13 -1 -2 -2 108 8 -2 0
1 10000 141 -22 4 0 0 0 0 0 4 -3 -1 3 -1 39 11 0 -2 -2 -15 -6 1 0
1 10000 137 -22 -3 -1 0 0 0 0 11 -2 -4 4 -3 7 0 -1 0 0 -67 -2 -1 0
1 10001 146 -14 3 -2 0 0 0 0 2 -4 -2 0 -4 -183 -52 -1 9 9 -40 3 7 0
1 9999 135 -8 0 3 0 0 0 0 3 4 0 0 -3 4 2 1 -1 -1 310 13 -1 0
1 10000 153 -26 2 1 0 0 0 0 8 -2 -1 3 -4 -80 -23 -1 4 4 -135 0 4 0
1 10001 145 5 -2 -3 0 0 0 0 1 0 -1 4 -1 449 124 -1 -20 -20 -112 -14 -8 0
1 9999 138 -8 -4 2 0 0 0 0 4 -2 -3 1 -6 42 11 0 -2 -2 136 2 3 -1
1 10000 171 -19 5 3 0 0 0 0 3 2 1 -2 0 -411 -115 0 19 19 -19 11 2 1
1 10000 150 15 -4 -3 0 0 0 0 -2 -1 -1 1 -3 458 129 0 -21 -21 10 -3 0 0
1 8124 146 17 1 -105 0 -1325 0 0 -3 -78 -37 -48 0 -312 -88 0 14 14 -28 5 40 0
1 13998 212 72 14 -106 0 -43 0 -2 -37 -75 -45 39 2 -79 -22 0 4 4 -65 -17 -47 0
1 9298 152 33 -2 61 -1 552 0 0 -14 40 36 -160 -4 231 66 1 -11 -11 49 17 0 0
1 11159 163 2 -15 149 0 808 0 2 12 122 61 157 -3 -71 -21 -1 4 4 -123 -25 2 0
1 10000 147 8 9 7 0 0 0 0 -12 6 5 0 -1 248 70 1 -12 -12 33 3 2 0
1 10001 142 18 9 -1 0 0 0 0 -12 5 3 -7 0 66 21 1 -4 -4 -75 -6 -6 0
1 9999 131 24 -10 -5 0 0 -1 0 -2 -5 -1 -1 -1 -403 -113 0 19 19 185 9 -1 0
1 10000 129 7 -6 -8 0 0 0 0 6 -2 -2 3 -1 -55 -15 0 2 2 -173 2 4 0
1 10001 141 -7 9 18 0 0 0 0 -7 14 5 -8 1 172 49 1 -8 -8 224 6 3 0
1 10005 138 -4 -2 0 0 0 1 0 3 0 0 1 -4 81 21 -1 -3 -3 12 12 -4 0
1 9994 132 -3 -11 -7 0 0 0 0 9 -9 -4 -1 -1 20 8 1 -2 -2 -183 -20 2 0
1 10000 153 -9 -8 0 0 0 0 0 10 -1 -3 3 1 -18 -5 0 1 1 58 0 0 0
1 10000 149 2 18 -3 1 0 0 0 -16 -4 1 0 -4 -331 -92 0 15 15 261 35 0 0
1 10000 135 13 8 -5 0 0 0 0 -9 1 3 -5 -1 314 88 1 -15 -15 -253 -29 1 0
1 10001 127 19 -6 7 0 0 0 0 -4 7 2 2 0 -137 -40 -1 7 7 -100 -15 -3 0
1 9999 118 -6 -9 -4 -1 0 0 0 11 -4 -3 7 -3 -22 -4 1 1 1 54 19 -1 0
1 10000 131 -7 9 -2 0 0 0 0 -5 -2 1 -4 -1 88 23 -1 -4 -4 -51 -15 3 0
1 10000 114 -18 -4 11 0 0 0 0 8 4 0 -3 -2 -59 -16 0 3 3 176 19 2 0
1 10001 128 -4 -2 -10 0 0 0 0 4 -7 -4 1 0 4 4 2 -1 -1 -84 -7 -4 0
1 10000 126 -16 4 1 0 0 0 0 4 0 0 -1 -3 -102 -29 0 5 5 -4 6 5 0
1 9999 115 -16 -8 2 0 0 0 0 11 -2 -3 12 -1 202 56 -1 -10 -10 188 13 -6 0
1 10002 114 -21 2 0 0 0 0 0 5 -4 -2 17 -7 -435 -123 0 21 21 -155 5 6 0
1 9998 125 -51 13 -16 0 0 0 0 7 -20 -10 18 -4 185 48 -3 -7 -7 23 -19 -4 0
1 10000 106 -68 -17 -27 0 0 0 0 42 -18 -19 24 -11 373 100 -2 -17 -17 -17 12 0 0
1 8139 106 -24 -3 -77 0 -1318 0 0 12 -58 -38 -113 -4 503 138 -2 -22 -22 97 12 10 0
1 14117 199 73 7 -76 0 -46 0 -2 -31 -54 -30 102 7 -1021 -294 -4 50 50 -59 -11 -10 0
1 13201 197 -39 42 151 123 1181 0 -2 -25 106 77 -97 -21 -306 -84 1 13 13 26 -3 0 0
1 7629 74 -19 63 18 0 1 -33 0 -48 14 16 99 -6 284 76 -2 -12 -12 46 27 -4 0
1 7980 51 7 26 22 0 0 -39 0 -26 19 10 -6 -2 12 -5 -5 2 2 -28 -6 6 0
1 10018 66 26 -4 -11 0 0 -50 0 -6 -9 -4 -25 -2 -379 -106 0 18 18 -6 -3 0 0
1 9999 49 18 6 -5 0 0 -49 0 -11 -1 0 -57 1 -521 -147 -1 25 25 46 12 -7 0
1 9991 57 -7 -24 0 0 0 -50 0 23 -1 -1 54 -1 322 91 1 -16 -16 -47 -15 4 0
1 10009 61 20 -1 7 0 0 -49 0 -7 5 2 -3 0 124 34 0 -5 -5 132 11 2 0
1 9994 56 29 2 3 0 0 -48 0 -13 4 3 -40 -1 -286 -84 -2 14 14 238 36 -6 0
1 10011 56 36 -10 -1 0 0 -48 0 -4 4 1 -56 -2 152 46 1 -8 -8 -384 -50 2 0
1 9984 50 -10 -16 -6 0 0 -48 0 18 -6 -3 136 1 -324 -90 1 15 15 87 9 -4 0
1 10005 44 -4 10 6 0 0 -47 0 -8 4 2 -37 -2 -59 -17 0 3 3 -144 -9 8 0
1 10002 28 -33 -29 5 0 0 -49 0 38 1 -3 23 1 298 86 1 -15 -15 55 8 -1 0
1 9996 21 -31 -6 2 0 0 -49 0 17 0 -3 17 0 -227 -61 1 10 10 73 -6 -1 0
1 14014 29 -9 30 -2 2 0 -35 0 -22 0 4 -4 -1 189 55 1 -9 -9 -144 -47 -35 0
1 5993 -12 -2 312 7 333 0 -13 0 -276 5 -36 66 0 -388 -125 -9 22 22 63 47 38 0
1 9989 -52 16 98 0 0 0 -46 0 -86 0 -42 -130 0 100 39 7 -7 -7 156 30 -8 0
1 9995 -40 59 -22 22 0 0 -50 0 -1 20 5 18 11 428 120 -1 -20 -20 -302 -53 3 0
1 10015 -70 67 -6 -30 0 0 -50 0 -18 -13 -16 -11 13 -18 -4 1 0 0 1262 114 1 0
1 9994 -88 -1 0 13 0 0 -53 0 0 12 6 7 2 -349 -94 2 15 15 -1112 -91 1 0
1 9995 -93 32 -15 5 0 0 -51 0 1 7 3 -85 -2 159 47 2 -8 -8 25 -2 3 0
1 9998 -98 21 18 -11 0 0 -51 0 -19 -3 -14 96 1 -149 -41 0 7 7 204 18 -1 0
1 9998 -125 -12 -30 -5 0 0 -54 0 26 -6 15 -70 -6 267 74 -1 -12 -12 166 28 -3 0
1 10019 -125 -4 2 1 0 0 -52 0 1 2 0 75 -3 201 52 -2 -9 -9 -366 -40 1 0
1 9994 -122 15 7 -15 0 0 -53 0 -12 -12 -12 -37 0 177 46 -2 -7 -7 2 15 4 0
1 10004 -163 72 -18 40 0 0 -53 0 -8 45 12 53 3 19 6 1 -1 -1 67 -1 -8 0
1 9986 -143 19 -9 -37 0 0 -53 1 0 -25 -8 -22 0 -181 -55 -3 10 10 -109 -24 5 0
1 14883 -218 -50 -13 -186 11 -1359 -3 1 29 -132 -61 56 14 -169 -47 1 8 8 131 13 8 0
1 10336 -139 -28 -1 -7 0 0 0 0 12 -8 2 -34 11 439 129 3 -23 -23 -128 -16 -3 0
1 10823 -143 -58 -5 -4 0 0 0 0 21 -17 -2 -39 13 153 49 3 -9 -9 -143 -20 -5 0
1 10000 -148 -69 4 -5 0 0 0 0 19 -14 3 -12 4 -278 -69 5 11 11 157 7 9 0
1 8825 -107 -68 3 92 -17 1365 -5 0 21 51 52 -128 0 844 243 4 -41 -41 71 30 22 0
1 11176 -157 -18 7 115 -4 3 -1 2 -1 84 48 125 4 -439 -120 1 19 19 -125 -29 -33 0
1 9999 -134 2 -9 11 0 0 0 0 7 8 6 -2 3 72 20 0 -3 -3 37 -8 4 0
1 9999 -140 -1 -1 -1 0 0 0 0 1 -1 1 -1 2 -37 -9 1 1 1 -76 8 -1 0
1 9442 -125 7 -15 2 -30 0 0 0 10 -1 3 1 1 195 56 1 -9 -9 0 -10 -1 0
1 10559 -132 -8 -19 1 0 0 0 0 19 3 9 2 2 17 6 1 -1 -1 -87 -8 -9 0
1 9998 -113 11 1 6 0 0 0 0 -4 6 0 -3 2 -36 -10 0 1 1 52 2 9 0
1 10002 -127 -9 -15 -12 -1 0 -1 0 16 -10 2 4 0 168 48 0 -8 -8 -8 0 -1 0
1 10000 -102 9 19 4 0 0 0 0 -20 2 -6 4 0 -375 -106 0 18 18 -60 -5 2 0
1 10000 -105 2 -5 -7 0 0 0 0 3 -8 -2 1 2 -45 -14 -1 2 2 7 2 0 0
1 10000 -112 -14 5 2 0 0 0 0 2 4 1 -2 1 199 55 0 -9 -9 104 12 -2 0
1 10000 -122 -9 -10 1 0 0 0 0 11 -2 4 -1 2 47 15 1 -2 -2 -4 1 -3 0
1 10000 -125 -16 9 -9 0 0 0 0 -2 -5 -2 7 0 15 4 -1 -1 -1 -34 -6 4 0
1 8812 -99 -5 5 117 0 1309 0 0 -3 92 29 -79 1 -439 -124 0 21 21 -10 -12 14 0
1 13341 -191 107 6 125 0 81 0 -2 -46 108 -5 78 6 252 70 -1 -12 -12 133 27 -14 0
1 8829 -112 75 1 -45 0 -539 0 0 -24 -24 -13 -86 2 -213 -62 -1 11 11 -161 -36 -42 0
1 11170 -147 51 9 -151 0 -829 0 2 -24 -115 -32 72 7 28 12 3 -3 -3 -14 13 39 0
1 9999 -138 19 -19 -25 0 0 0 0 8 -18 -2 -6 2 -114 -30 1 5 5 15 5 7 0
1 10003 -128 4 -4 0 0 0 0 0 4 4 3 -6 3 248 68 -1 -11 -11 297 59 -6 0
1 8316 -97 21 -3 -104 0 -1394 -1 0 -4 -74 -35 -71 2 699 198 1 -33 -33 -339 -53 43 0
1 13334 -153 -87 -12 -126 0 -33 0 -2 41 -102 -52 69 2 -1131 -313 2 51 51 72 -6 -42 0
1 10337 -130 -89 -5 -2 0 0 0 0 35 -14 5 5 1 233 65 0 -10 -10 -23 5 6 0
1 8180 -96 -60 11 113 0 1392 -1 0 10 68 60 -179 -1 -110 -31 0 5 5 -28 -30 -50 0
1 11819 -161 -19 26 104 0 4 0 2 -16 80 37 176 4 129 34 -1 -6 -6 27 16 44 0
1 9999 -141 -6 -5 11 0 0 0 0 7 12 7 -2 2 -98 -26 1 4 4 -77 -1 1 0
1 10000 -120 20 -7 -3 0 0 0 0 -1 -6 -3 -1 1 14 6 0 -1 -1 143 35 -1 0
1 9422 -136 -19 -8 0 0 0 0 0 13 -1 6 5 2 264 71 -1 -11 -11 -53 -31 1 0
1 10579 -143 -35 4 -9 0 0 0 0 9 -10 -2 0 0 151 44 1 -8 -8 -44 0 -3 0
1 9999 -121 -1 -1 4 0 0 0 0 2 6 2 -2 3 176 47 -1 -8 -8 35 2 2 0
1 8728 -106 33 2 98 0 1360 1 0 -15 76 21 -62 -1 653 184 0 -30 -30 62 -2 -34 0
1 13359 -209 89 16 148 0 35 -1 -2 -47 129 -4 58 3 -900 -251 1 41 41 -132 -12 36 0
1 8835 -131 55 -2 -32 0 -540 0 0 -18 -21 -7 -54 1 349 99 0 -16 -16 50 44 44 0
1 11163 -181 -7 -4 -181 0 -851 0 2 9 -145 -23 56 5 -2 0 1 0 0 14 -25 -47 0
1 10000 -155 22 -3 -10 0 0 0 0 -5 -4 -4 -13 0 11 3 0 -1 -1 -77 -18 -2 0
1 10002 -154 -8 -20 -14 0 0 0 0 18 -14 4 13 1 -23 -5 1 1 1 -5 9 7 0
1 9998 -135 -6 9 1 0 -4 0 0 -5 0 -2 2 0 207 55 -2 -9 -9 135 19 3 0
1 10002 -146 5 -1 1 0 0 0 0 -1 2 0 -4 3 10 3 0 0 0 69 -1 0 0
1 9999 -136 -1 4 1 0 0 0 0 -3 1 -1 -5 1 -95 -28 -1 5 5 -157 -22 -4 0
1 10004 -163 -28 -4 3 0 1 0 0 14 0 6 12 0 86 25 1 -5 -5 33 5 3 0
1 9995 -140 10 8 8 0 0 0 0 -11 4 -3 -3 1 -56 -17 -1 3 3 -37 -5 -7 0
1 10002 -159 24 4 3 0 0 0 0 -10 11 -2 -11 4 81 24 1 -4 -4 4 11 6 0
1 9421 -153 -9 -9 -9 0 0 0 0 9 -13 0 0 2 1 3 1 -1 -1 -51 -16 -6 0
1 10579 -168 37 4 -11 0 0 0 0 -15 0 -6 0 2 -130 -37 0 6 6 133 26 2 0
1 10001 -156 0 -4 9 0 0 0 0 3 8 4 4 0 -2 -1 0 1 1 -50 -14 1 -1
1 9999 -161 -29 1 -10 0 0 0 0 9 -14 -1 4 3 -52 -15 0 2 2 -57 -10 1 1
1 9999 -161 -3 -2 0 0 0 0 0 3 -1 1 -7 1 201 57 0 -9 -9 169 26 -5 0
1 10000 -160 22 3 3 0 0 0 0 -11 5 -3 1 1 -246 -69 0 11 11 -75 -14 2 0
1 10001 -166 9 -20 -29 0 -1 0 0 14 -22 -4 56 -20 245 69 0 -11 -11 29 12 8 0
1 9998 -133 1 13 16 0 0 0 0 -10 16 3 -5 5 -79 -32 -5 6 6 -35 3 -4 0
1 10000 -139 40 31 13 0 0 0 0 -40 15 -15 16 -2 125 33 -1 -5 -5 -39 -21 4 0
1 8823 -153 0 -13 -111 0 -1354 0 0 13 -79 -30 -96 14 -12 -7 -2 1 1 -3 -5 -36 0
1 13343 -210 -88 -39 -101 0 -62 0 -2 64 -86 -30 72 -2 -23 1 3 0 0 9 9 31 -1
1 8815 -73 -87 32 36 0 150 0 -3 1 11 11 -80 -1 54 11 -2 -2 -2 72 5 -7 1
1 11185 -157 -60 31 151 0 1267 0 5 -5 107 65 79 5 -120 -38 -2 7 7 9 5 4 0
1 9999 -160 -10 -30 70 0 0 0 0 28 56 33 9 -1 77 26 2 -5 -5 -70 -10 9 0
1 10001 -92 -76 26 -37 0 0 0 0 5 -25 -8 -4 1 -47 -14 0 3 3 19 5 -7 0
1 8229 -101 57 -18 91 0 1356 0 0 -5 68 21 -136 1 1362 379 -1 -63 -63 -8 18 44 0
1 14307 -239 45 14 128 0 35 0 -2 -29 109 1 130 5 -1052 -294 0 49 49 14 -21 -48 0
1 10001 -163 69 -10 56 0 0 0 0 -17 50 -10 -11 8 -130 -34 1 5 5 -43 1 4 0
1 9999 -178 60 -25 -31 0 0 0 0 -1 -18 2 40 -10 -193 -54 0 9 9 20 -8 2 0
1 8178 -117 25 25 -159 0 -1420 0 0 -26 -129 -23 -165 -2 961 264 -2 -43 -43 71 4 -21 0
1 11822 -179 -2 4 -99 0 -9 0 2 -3 -81 -26 140 9 -726 -202 0 33 33 -83 23 16 0
1 10000 -161 4 -5 4 0 0 0 0 2 2 3 1 0 39 14 2 -3 -3 126 -4 0 0
1 10000 -150 -37 -19 -3 0 0 0 0 30 -4 12 -37 17 -62 -15 1 3 3 -28 -5 1 0
1 10002 -162 -34 0 4 0 -1 0 0 11 -2 5 -6 5 -252 -67 2 10 10 -107 -17 0 0
1 9998 -144 -9 -1 6 0 0 0 0 4 5 3 0 2 252 72 1 -12 -12 176 23 5 0
1 10000 -139 -10 -2 -9 0 0 0 0 6 -8 -2 1 0 -42 -9 1 1 1 -233 -26 -3 0
1 10000 -157 -9 0 1 0 0 -1 0 4 2 2 2 3 85 23 0 -3 -3 -5 6 1 0
1 10000 -141 -7 -7 -1 0 0 0 0 7 -7 1 2 -1 29 8 0 -2 -2 73 -2 1 0
1 10000 -135 -18 6 5 0 0 0 0 2 8 3 -1 2 183 52 0 -8 -8 4 0 -1 0
1 10000 -132 -5 -7 -4 0 0 1 0 8 -6 1 0 3 -372 -104 1 17 17 -50 2 1 0
1 10000 -116 -29 8 -4 0 0 0 0 4 -3 1 -6 4 191 55 1 -10 -10 72 1 3 0
1 10000 -131 -26 6 3 0 0 0 0 4 3 3 1 1 108 30 -1 -4 -4 -20 -3 -8 0
1 8696 -102 18 1 105 0 1407 0 0 -8 82 22 -51 0 1357 380 0 -63 -63 100 -9 -47 0
1 13328 -208 77 7 133 0 35 0 -2 -36 111 -1 55 0 -1222 -343 0 56 56 -81 7 47 0
1 10001 -148 35 5 -13 0 0 0 0 -16 -5 -7 -31 9 -335 -92 1 15 15 15 9 8 0
1 8837 -126 58 3 -35 0 -380 0 0 -22 -22 -10 -32 1 132 41 2 -7 -7 -6 -7 -12 0
1 11163 -171 -7 -7 -166 0 -1034 0 2 9 -134 -22 8 5 160 43 -1 -7 -7 -76 -1 6 0
1 10000 -139 3 -17 -15 0 0 0 0 13 -12 2 -8 8 -18 2 4 -1 -1 39 8 4 0
1 10000 -124 -39 -2 -8 0 0 0 0 16 -10 2 -9 4 79 27 2 -5 -5 86 7 3 0
1 10000 -136 -15 8 -2 0 -2 0 0 -1 -5 -3 -3 1 -54 -13 2 2 2 -152 -24 -10 0
1 10000 -140 -64 -1 2 0 0 0 0 23 -6 8 -19 11 177 51 0 -9 -9 -18 -4 1 0
1 10000 -131 -51 -1 0 0 0 0 0 20 2 8 -18 10 34 14 3 -3 -3 20 9 -1 0
1 8201 -105 -9 3 97 0 1375 0 0 0 76 24 -66 1 375 108 2 -18 -18 41 -5 2 0
1 13341 -197 76 10 127 0 34 0 -2 -38 107 0 54 3 -624 -171 2 28 28 -21 -3 0 0
1 10207 -153 53 -1 4 0 0 0 0 -17 11 -8 -7 3 -145 -39 1 6 6 -6 10 9 0
1 8824 -121 68 -4 -48 0 -544 0 0 -21 -34 -9 -85 4 -13 1 2 0 0 -16 -36 -54 0
1 11176 -166 4 6 -154 0 -855 0 2 -4 -123 -27 51 7 -220 -57 3 8 8 -34 25 52 0
1 10000 -143 -65 -10 -26 0 0 0 0 31 -28 4 -92 26 104 34 3 -6 -6 -25 -4 -8 0
1 10000 -130 -22 -7 0 0 0 0 0 14 -1 5 -13 3 -58 -2 8 -1 -1 76 5 3 0
1 10000 -124 -3 -6 4 0 -3 0 0 5 0 4 -20 2 187 63 5 -12 -12 -74 1 8 0
1 10001 -116 -16 0 2 0 0 0 0 6 1 2 -36 2 194 61 4 -11 -11 -3 -3 -7 0
1 9999 -119 -5 2 5 0 0 0 0 0 0 0 -7 2 -88 -15 5 2 2 33 3 1 0
1 9999 -118 -14 -2 -9 0 0 0 0 7 -5 1 -8 6 30 13 3 -3 -3 54 5 -4 0
1 10001 -112 -25 5 6 0 0 0 0 5 3 2 -15 8 7 5 1 -1 -1 -37 -9 6 0
1 10001 -116 -25 -2 -7 0 0 0 0 11 -4 2 6 3 -9 2 3 -1 -1 -4 2 -3 0
1 8200 -83 11 6 105 0 1362 0 0 -10 83 22 -130 2 96 28 1 -5 -5 -46 4 19 0
1 14500 -206 69 13 126 0 34 0 -2 -38 104 -2 111 4 -174 -46 2 7 7 10 -16 -19 0
1 8815 -110 63 -8 -31 0 -128 0 -3 -16 -19 -8 -133 6 118 36 1 -6 -6 13 12 -6 0
1 11185 -142 -10 3 -182 0 -1278 0 5 3 -147 -27 24 15 -133 -30 4 4 4 -7 -8 4 0
1 10000 -108 -35 -12 -17 0 0 0 0 24 -15 4 -85 15 -61 -3 8 -1 -1 -44 -6 -5 0
1 10000 -118 -19 -6 -2 0 0 0 0 11 -7 3 -14 4 -404 -94 11 13 13 21 4 3 0
1 10001 -116 -29 0 4 0 -4 0 0 11 3 4 -60 8 -164 -35 6 4 4 -27 -2 0 0
1 9999 -106 -23 -1 -1 0 0 0 0 9 -2 3 -51 3 -9 12 8 -3 -3 18 0 2 0
1 10000 -102 -17 4 -3 0 0 0 0 3 -3 -1 -16 -4 -436 -107 8 15 15 -25 0 3 0
1 9566 -101 -3 3 0 0 0 0 0 -1 0 0 -21 -4 -6 7 5 -2 -2 7 2 3 0
1 10605 -110 13 -5 5 0 0 0 0 -1 4 2 -90 -14 -526 -138 5 22 22 -33 -6 -1 0
1 10000 -102 -8 5 -4 0 0 0 0 -1 -2 -2 -48 -7 30 24 9 -6 -6 11 -2 -9 0
1 9999 -107 22 0 2 0 0 0 0 -9 1 -2 -61 -7 -306 -71 8 10 10 48 5 0 0
1 10003 -110 11 -2 4 0 0 0 0 -2 3 0 -152 -20 -375 -90 9 13 13 -57 -10 0 0
1 10000 -92 -53 11 -5 0 0 0 0 10 -4 3 -688 -62 -279 -57 12 7 7 7 3 0 0
1 8231 -87 -29 5 114 0 1395 -1 0 5 86 28 -280 -10 -514 -54 51 -2 -2 -14 -23 -37 0
1 13628 -154 69 4 105 0 18 1 -2 -30 90 0 104 10 -2907 -691 71 100 100 20 18 40 0
1 10310 -112 50 2 4 0 0 0 0 -19 6 -9 14 23 -1145 -296 16 47 47 -31 -1 -1 0
1 10000 -125 73 -9 26 0 0 0 0 -19 30 -9 -154 78 -326 -74 10 10 10 56 13 0 0
1 8173 -89 136 -14 -74 0 -1391 0 0 -32 -36 -15 -167 435 1409 429 18 -76 -76 -31 -23 1 -1
1 11827 -169 288 48 -163 0 -1 0 2 -94 -40 -69 90 1053 2746 817 24 -142 -142 27 13 7 1
1 10000 -97 126 -30 -13 0 0 0 0 13 38 14 22 345 5137 1452 1 -240 -240 -28 8 -1 0
1 10000 -84 111 -5 -7 0 0 0 0 6 35 6 22 208 1966 556 0 -91 -91 38 11 3 0
1 8252 -60 99 -9 -137 0 -1378 0 0 13 -65 7 -110 264 2984 839 -1 -134 -134 20 14 31 0
1 13328 -91 13 -41 -68 0 -38 0 -2 37 -54 17 265 264 678 183 -5 -28 -28 2 -18 -32 0
1 11091 -58 -87 -25 -4 0 0 0 0 12 -35 -2 163 386 1429 394 -5 -62 -62 28 5 0 0
1 10000 -46 -83 3 -20 0 0 0 0 -8 -42 -19 25 114 1135 307 -7 -47 -47 -17 1 2 0
1 10000 -44 -35 -6 3 0 0 0 0 5 -11 -4 29 79 1332 347 -15 -52 -52 -9 4 -5 0
