version: 66.11
glider: 175
mission: 10
dive: 274
start: 2 2 126 1 0 30
columns: rec,elaps_tms,depth,heading,pitch,roll,AD_pitch,AD_roll,AD_vbd,GC_phase,mag.x,mag.y,mag.z,sbect.TempFreq,sbect.CondFreq,aa4330.O2,aa4330.AirSat,aa4330.Temp,aa4330.CalPhase,aa4330.TCPhase,wlbb2f.redCount,wlbb2f.blueCount,wlbb2f.fluorCount,wlbb2f.VFtemp,
data:
0 22217 -798 1614 -633 63 250 2386 645 2 362 -59 312 279886 166986 341248 96682 9955 32023 32023 263 136 103 571
1 9997 7 1 -2 5 0 0 286 0 0 3 3 57 7 1809 528 7 -67 -67 -44 -23 -49 0
1 10020 17 64 -32 51 0 0 280 0 33 55 -34 19 -3 339 130 15 -19 -19 141 27 66 0
1 9992 28 85 -64 -127 0 0 275 0 33 -53 -33 -146 1 -21465 -6347 -122 845 845 -114 17 -3 0
1 10000 3 -192 -28 165 0 0 267 0 14 20 -20 72 0 -26941 -7648 -17 1086 1086 20 -35 -61 0
1 10004 33 121 -15 -74 0 0 254 0 10 2 -12 -71 1 -4312 -1226 -4 185 185 -39 9 36 0
1 9993 74 78 -3 -34 0 1 249 0 -2 10 -2 145 0 -284 -79 1 12 12 38 5 14 0
1 9109 73 4 8 -48 0 0 243 4 1 -23 2 -113 8 -337 -92 1 14 14 -35 -3 -8 0
1 11498 211 -57 -9 24 459 -1 1 -5 1 -8 0 55 -55 458 133 2 -21 -21 20 3 3 0
1 9387 221 13 268 -15 1630 0 108 1 -183 3 165 -23 -26 -1870 -521 4 79 79 -42 -17 -19 0
1 16367 395 -131 124 213 -9 1305 137 2 -104 138 19 64 -21 -2279 -639 3 97 97 49 9 16 0
1 10001 289 -116 27 58 0 0 0 0 -14 9 2 -16 -46 -534 -151 0 23 23 7 13 5 0
1 9999 273 -40 -5 -108 0 0 0 0 14 -106 17 -2 -2 -908 -254 1 39 39 -3 -3 -8 0
1 9999 274 -53 6 -11 0 0 0 0 10 -25 -1 -6 -10 -656 -182 2 28 28 -3 3 10 0
1 10276 290 -104 6 22 0 0 0 0 15 -15 -5 -3 -5 -455 -129 0 20 20 -7 -2 -5 0
1 10000 270 -34 0 19 0 0 0 0 8 6 -3 -3 -2 -461 -129 0 20 20 0 -4 -2 0
1 10000 291 -59 -1 29 0 0 0 0 18 11 -8 -143 -309 -109 -28 1 4 4 36 11 1 0
1 10000 261 -79 24 -5 0 0 0 0 6 -18 -1 -56 -147 -741 -177 18 24 24 -12 -5 -9 0
1 10206 254 6 -28 -16 0 0 0 0 20 -15 -10 10 -128 -6540 -1837 6 289 289 2 -1 -3 -1
1 10000 266 28 4 -10 0 0 0 0 -11 -2 5 162 -85 -5209 -1473 0 239 239 16 13 8 0
1 10001 253 75 -16 -12 0 0 0 0 -10 4 5 424 -47 -3693 -1092 -27 186 186 22 -1 -7 0
1 9999 264 57 -6 17 0 0 0 0 -11 29 4 85 -46 -2696 -837 -42 150 150 10 5 3 0
1 10233 256 -21 20 13 0 0 0 0 -10 8 4 47 -13 -1632 -485 -14 85 85 17 2 -2 1
1 10000 249 -41 9 10 0 0 0 0 2 -3 -1 5 -7 -270 -96 -11 19 19 0 -5 2 -1
1 10000 242 -27 0 -3 0 0 0 0 10 -6 -4 17 -5 -582 -179 -8 32 32 -2 8 -5 0
1 9999 252 -59 8 9 0 0 0 0 11 -6 -4 54 0 -139 -46 -4 9 9 38 2 0 1
1 10195 229 -71 8 -6 0 0 0 0 17 -14 -8 52 4 -444 -139 -8 25 25 37 2 3 0
1 10000 229 -51 -5 -6 0 0 0 0 22 -10 -11 69 -13 -42 -28 -10 7 7 -83 -9 -3 -1
1 8697 210 -20 0 -97 72 -1351 4 0 8 -80 -12 47 5 731 189 -9 -30 -30 60 -1 -3 1
1 11303 221 18 58 -121 0 -2 0 2 -47 -86 -3 321 42 -1791 -532 -16 94 94 -38 10 6 0
1 10000 191 -10 17 -12 0 0 0 0 -10 -11 0 96 8 586 113 -30 -12 -12 2 -3 3 0
1 10000 167 13 -5 6 0 0 0 0 -1 5 1 34 2 106 -1 -18 4 4 74 8 -3 0
1 9423 151 -21 9 7 30 0 0 0 -1 1 2 25 0 214 42 -10 -5 -5 -53 -5 -1 -1
1 10577 160 -29 29 -10 0 0 0 0 -12 -7 3 50 -6 -207 -75 -10 15 15 15 -2 0 1
1 10000 130 19 -5 -9 0 0 0 0 -3 -5 -2 3 -1 57 1 -8 1 1 -5 5 6 -1
1 10000 144 6 -4 10 0 0 0 0 1 7 2 6 -5 -303 -90 -3 16 16 -36 -10 -4 0
1 10000 139 -4 3 0 0 0 0 0 -1 -1 1 13 -1 272 71 -3 -11 -11 15 4 -4 0
1 10000 146 -13 -1 1 0 0 0 0 5 0 -3 78 -7 -65 -25 -4 5 5 6 2 3 0
1 10000 145 -15 2 -2 1 0 0 0 4 1 0 139 2 -401 -129 -10 24 24 49 5 1 0
1 10000 143 -8 -3 4 0 0 0 0 5 2 -2 177 31 -45 -46 -18 12 12 -55 -2 -1 0
1 10000 146 -43 4 0 0 0 0 0 12 2 -4 156 25 442 92 -19 -11 -11 74 10 7 0
1 8179 120 -11 0 -106 -1 -1322 1 0 5 -77 -44 -18 31 1256 311 -24 -48 -48 -36 7 6 0
1 13931 203 29 6 -113 1 -42 -1 -2 -13 -75 -51 337 19 796 155 -39 -18 -18 70 -14 -13 0
1 10000 135 32 4 2 0 0 0 0 -14 0 6 -2 0 1049 266 -16 -42 -42 -62 -3 2 1
1 10000 135 32 -2 1 0 0 0 0 -10 -3 2 4 -2 262 57 -9 -8 -8 -32 1 -1 -1
1 10001 135 27 6 -1 0 0 0 0 -13 -1 6 16 3 -78 -28 -4 6 6 52 8 2 0
1 9122 129 28 -4 53 -1 305 0 0 -9 32 31 -34 2 -92 -34 -5 7 7 -3 -4 1 1
1 11188 140 -23 -19 158 -7 1052 0 2 21 118 60 101 1 -256 -82 -5 15 15 31 1 -1 -1
1 10000 144 -10 0 6 0 0 0 0 3 2 1 -1 -4 461 123 -4 -20 -20 -76 0 -3 1
1 10000 144 -17 3 -7 0 0 0 0 5 -1 -3 -31 -11 -81 -28 -3 5 5 22 -2 1 -1
1 10001 135 -28 0 7 0 0 0 0 8 0 -3 -32 -12 -76 -17 3 2 2 -29 0 1 1
1 9999 135 -20 3 -7 0 0 0 0 6 -1 -3 -11 -8 -349 -93 2 16 16 11 5 0 -1
1 10000 139 -24 -1 1 0 0 0 0 9 2 -3 23 -3 -674 -186 2 31 31 -2 -6 -3 0
1 8063 125 17 0 -116 0 -1325 0 0 -3 -82 -43 -105 4 -34 -13 -2 3 3 8 -22 -36 0
1 14083 191 84 13 -101 1 -43 0 -2 -38 -72 -40 245 17 -213 -75 -9 15 15 18 22 37 0
1 8840 119 41 -5 62 -1 417 0 0 -14 34 36 -73 12 311 76 -6 -12 -12 35 7 3 0
1 11160 154 -13 -11 155 0 980 0 2 13 121 64 173 1 529 130 -10 -20 -20 -8 -1 -1 0
1 10000 139 23 3 6 0 0 0 0 -12 4 5 27 -7 605 155 -9 -25 -25 -23 -8 -3 0
1 9999 133 -1 2 1 0 0 0 0 0 4 3 16 -1 443 114 -5 -18 -18 91 19 3 0
1 10001 135 22 -2 0 0 0 0 0 -7 -1 1 35 -5 -138 -44 -4 9 9 -90 -14 1 0
1 9999 134 15 3 -2 0 0 0 0 -7 2 2 17 -1 -54 -27 -6 5 5 12 6 3 0
1 10000 145 8 -4 1 0 0 0 0 -1 -2 1 8 -2 390 104 -3 -16 -16 -3 0 -1 0
1 9999 128 0 0 -6 1 0 0 0 1 -4 -2 47 -1 24 2 -3 0 0 27 6 4 0
1 10001 136 2 2 6 0 0 0 0 -2 6 4 31 -2 -133 -47 -5 9 9 -32 -4 -2 0
1 10000 146 14 4 -2 0 0 0 0 -8 1 1 9 -4 414 107 -5 -17 -17 173 15 -3 0
1 8135 103 11 -13 103 -1 1327 -1 0 4 86 25 -34 -11 -521 -151 -3 26 26 -96 -24 -26 0
1 14104 200 -81 4 124 0 30 1 -2 22 97 1 56 -6 767 212 -2 -35 -35 1 12 22 1
1 10000 142 -44 9 1 0 0 0 0 9 -4 -3 32 -12 169 43 -2 -7 -7 18 14 3 -1
1 8806 127 -26 -1 -99 0 -1178 0 0 13 -81 -11 -39 -8 78 14 -5 -2 -2 30 -4 -3 0
1 11195 148 24 -4 -127 0 -191 0 2 -3 -103 -29 77 -5 259 66 -3 -10 -10 -55 -7 3 0
1 9999 135 -4 1 2 0 0 0 0 -1 -2 0 1 -2 202 52 -3 -8 -8 14 2 -4 0
1 13956 195 1 44 -37 151 -219 0 -4 -35 -27 1 -115 -3 201 49 -4 -8 -8 -3 2 2 1
1 7617 69 8 96 3 0 0 -32 0 -86 0 19 -38 -1 342 94 0 -15 -15 7 3 1 -1
1 7625 46 8 27 3 0 0 -39 0 -27 3 3 117 -2 -26 -11 -3 2 2 43 -4 1 0
1 9606 35 3 -4 4 0 0 -46 0 2 2 1 -98 0 48 15 1 -3 -3 5 20 -1 0
1 10021 42 3 -9 1 0 0 -51 0 7 2 0 31 -1 -27 -7 0 2 2 -54 -15 -5 0
1 9998 42 -2 -9 3 0 1 -50 0 8 0 0 -68 -1 -28 -8 0 1 1 59 0 3 0
1 10003 36 -4 -7 -3 0 -1 -50 0 8 -1 -2 91 -2 -166 -43 2 7 7 -74 0 2 0
1 9976 34 -13 -10 0 1 1 -48 0 14 2 -2 -67 -1 -342 -94 1 15 15 24 -8 0 0
1 10003 37 -20 -8 5 -1 -1 -49 0 14 0 -2 30 -3 297 83 0 -14 -14 301 34 -2 0
1 10003 22 -4 -10 -1 0 1 -48 0 11 1 -1 60 -2 17 5 0 0 0 -241 -2 7 0
1 9996 18 -27 -5 4 0 -1 -49 0 13 1 -3 25 0 -395 -112 -1 19 19 -70 -26 -2 0
1 10004 18 -15 -6 -4 0 0 -48 0 12 1 -2 8 -1 269 77 1 -14 -14 409 37 -1 1
1 10000 -4 -13 -3 7 0 0 -49 4 7 4 1 -15 1 338 95 1 -16 -16 -466 -32 -1 -1
1 11613 -3 -31 31 -2 7 0 -2 -4 -15 0 4 16 -1 -418 -118 -1 20 20 76 -7 -1 1
1 8402 -54 25 456 12 400 0 -23 0 -407 7 -67 -73 1 -12 -21 -10 6 6 27 9 0 -1
1 9990 -79 12 3 0 0 0 -46 0 -8 2 -2 61 1 312 96 5 -17 -17 11 -3 2 1
1 10013 -86 13 -8 -2 0 0 -51 0 2 -3 1 -119 4 -373 -100 3 16 16 66 6 1 -1
1 9989 -102 19 -9 0 0 0 -51 0 1 2 1 86 3 48 12 -1 -2 -2 -118 -8 -1 0
1 9997 -132 25 -5 3 0 0 -52 0 -3 0 -3 -127 4 -45 -13 0 2 2 -11 -2 -3 0
1 9990 -147 9 2 -1 1 0 -52 0 -5 0 -2 20 7 185 53 0 -9 -9 -22 -7 1 0
1 10001 -158 6 -11 1 -1 -1 -52 0 6 -1 4 5 4 -53 -13 1 2 2 -6 1 -1 1
1 10022 -176 -16 -5 -9 0 1 -54 0 10 -3 3 72 4 -293 -80 2 14 14 69 4 1 -1
1 9991 -173 4 -13 8 0 0 -52 0 9 2 7 -33 15 456 129 0 -22 -22 -74 -2 -2 0
1 9993 -192 -19 1 0 0 0 -53 0 6 -1 2 -102 11 -189 -45 4 6 6 59 -5 1 0
1 10013 -187 -20 -3 -2 0 0 -55 4 8 -2 5 -20 8 -407 -107 4 18 18 -83 -3 0 0
1 11178 -236 -29 -1 -2 0 -1 -11 0 11 0 5 148 7 -313 -85 2 14 14 18 -3 -3 0
1 10000 -231 -11 -3 -6 0 0 0 0 5 -2 3 -49 0 -91 -19 3 2 2 46 5 5 0
1 10001 -209 -17 -2 8 0 0 0 0 7 7 6 -11 -1 -595 -159 5 26 26 -29 1 -3 0
1 8817 -199 -6 4 92 -22 1385 -3 0 0 68 23 -71 -1 1001 284 2 -49 -49 -16 -20 -41 0
1 13993 -325 58 12 138 1 61 0 -2 -30 109 3 37 4 -1224 -336 4 57 57 -56 2 41 0
1 10000 -240 78 -13 13 0 0 0 0 -16 9 -8 -36 10 -62 -13 2 1 1 26 15 1 0
1 8820 -195 44 -2 -82 4 -1193 0 0 -12 -61 -13 -200 7 767 225 6 -39 -39 46 -33 -15 0
1 11179 -231 -10 -23 -137 -25 -175 0 2 22 -105 -16 128 -6 -916 -249 4 41 41 -51 26 19 0
1 10001 -212 1 -14 -11 0 0 0 0 10 -7 4 -33 -4 30 20 6 -5 -5 -14 -1 -1 1
1 10000 -189 1 0 2 0 0 0 0 0 1 0 -151 -23 -428 -111 6 18 18 31 12 -2 -1
1 10259 -200 38 -10 -2 -23 -4 -1 0 -5 1 -3 -176 -26 -1598 -411 20 66 66 -11 -12 -1 1
1 10601 -193 58 -9 -3 0 0 0 0 -12 6 -5 49 28 26 40 19 -11 -11 20 7 2 0
1 10000 -173 30 -4 1 0 0 0 0 -7 3 -3 -29 2 -323 -86 3 14 14 -50 -9 -6 -1
1 8354 -139 -2 0 -101 8 -1393 -1 0 3 -71 -36 -100 3 602 178 5 -32 -32 60 11 3 0
1 14329 -248 -75 -16 -129 1 -36 -1 -2 37 -98 -48 132 17 -575 -155 3 26 26 -63 -15 -5 0
1 10000 -170 -65 -3 -8 0 0 0 0 26 -9 4 15 6 147 39 -1 -6 -6 20 16 8 1
1 10001 -169 -41 4 7 0 0 0 0 11 -3 4 -16 6 98 25 -1 -4 -4 -19 -12 -1 -1
1 8216 -120 -23 9 99 0 1400 -1 0 0 66 54 -181 13 533 148 -1 -26 -26 44 -13 -25 0
1 11784 -206 21 12 119 0 1 0 2 -19 88 42 33 -17 -2 12 7 -3 -3 -26 8 23 0
1 9999 -176 3 4 7 0 0 0 0 -4 4 1 -67 -14 143 61 12 -13 -13 11 4 0 0
1 10000 -166 13 -5 -4 0 0 0 0 0 -2 -2 -32 -8 45 29 9 -7 -7 -18 3 -1 1
1 10000 -181 -12 1 2 -1 0 0 0 3 1 2 -56 -12 -169 -34 8 4 4 -34 -6 4 -1
1 10001 -170 -6 4 -3 0 0 0 0 -1 0 0 -151 -27 -630 -162 8 26 26 17 2 -7 0
1 9999 -164 33 -1 5 0 0 0 0 -11 5 -3 -98 1 -227 -33 18 2 2 -22 -1 2 0
1 9999 -179 9 -4 0 1 0 0 0 0 1 0 40 9 -590 -137 16 19 19 35 3 7 1
1 10001 -167 -16 -5 5 0 0 0 0 10 1 5 -5 8 -137 -34 3 6 6 -30 2 -9 -1
1 9999 -167 -25 0 8 0 0 0 0 9 6 6 -5 2 -7 1 2 -1 -1 6 0 6 1
1 10000 -160 -29 6 -13 0 1 0 0 5 -12 -2 -46 -8 -167 -42 3 7 7 9 -6 -1 -1
1 10001 -170 -9 1 -3 0 0 0 0 2 -1 1 35 22 -114 -25 3 3 3 -40 -4 4 0
1 10001 -180 -2 0 1 0 0 0 0 1 -1 -1 -254 -28 90 27 1 -5 -5 40 8 2 0
1 10000 -183 -5 -7 0 0 -1 0 0 7 -2 3 -153 -6 141 81 24 -19 -19 -22 -8 -7 0
1 10000 -168 -23 5 -1 0 0 0 0 4 3 2 -191 -26 -720 -159 25 22 22 -29 -2 -2 0
1 9999 -183 6 0 3 0 0 0 0 -2 1 0 -318 -46 -214 -4 32 -6 -6 49 17 3 1
1 10000 -166 -11 -4 -5 0 0 0 0 7 -2 2 -78 5 -507 -83 35 6 6 -26 -14 -1 0
1 10001 -154 -59 -1 2 0 0 0 0 22 0 8 -149 41 -509 -102 24 12 12 -35 -13 -2 -1
1 9999 -159 -29 2 -4 0 0 0 0 7 2 3 -60 8 29 48 23 -13 -13 4 3 2 0
1 8181 -119 4 10 97 0 1366 -1 0 -10 78 22 -181 7 -209 -32 15 2 2 21 -5 -6 0
1 13305 -256 55 12 131 0 34 0 -2 -29 104 3 -115 37 149 82 23 -19 -19 -39 -5 3 0
1 10203 -189 14 1 -1 0 0 0 0 -5 -3 -2 -58 12 447 169 25 -34 -34 -12 7 7 0
1 10000 -193 28 -6 10 0 0 0 0 -5 6 -2 -186 38 71 47 16 -12 -12 10 -2 -6 1
1 10250 -189 43 -1 -8 0 0 0 0 -14 -3 -7 -8 43 496 182 23 -36 -36 -17 -7 2 0
1 10000 -163 3 12 3 0 0 0 0 -11 -2 -5 -1 132 572 177 9 -33 -33 -10 -7 -2 -1
1 10305 -192 -19 -4 -19 0 0 0 0 10 -19 5 114 203 1152 334 5 -58 -58 -27 7 2 0
1 9999 -193 26 -7 19 0 0 0 0 -4 21 -1 19 36 2824 784 -8 -130 -130 19 -3 0 1
1 9308 -164 84 -12 -38 3 -541 0 0 -19 -26 -11 -158 11 2943 825 -4 -137 -137 -1 -6 3 0
1 11175 -194 -9 0 -171 -8 -875 0 2 4 -135 -28 158 23 992 277 -2 -45 -45 0 6 -3 -1
1 9999 -144 -51 -5 -8 0 0 0 0 22 -11 6 -7 4 1142 324 1 -54 -54 7 0 0 0
1 10000 -148 -45 -8 -2 0 0 0 0 23 -5 8 -1 99 782 224 1 -37 -37 -7 -2 8 1
1 9422 -137 -26 2 -13 0 -4 0 0 7 -12 -2 9 31 1669 471 0 -77 -77 -16 6 2 0
1 10578 -158 43 -2 -2 0 0 0 0 -13 2 -5 -16 -6 2203 622 0 -100 -100 6 -16 -5 -1
1 10000 -145 74 -1 14 0 0 0 0 -25 13 -7 37 43 1270 359 0 -58 -58 6 2 1 0
1 10001 -143 -10 1 -8 0 0 0 0 2 -5 1 -18 -8 706 195 -2 -31 -31 -4 8 4 0
1 9999 -136 4 4 -13 0 0 0 0 -5 -12 -8 9 7 1070 304 0 -49 -49 1 1 -5 1
1 10002 -129 -5 -17 30 0 0 0 0 16 23 16 16 17 721 200 -1 -31 -31 -15 -2 1 0
1 9418 -119 0 5 -7 0 0 0 0 -4 -6 -4 6 7 368 104 0 -17 -17 33 3 0 -1
1 10580 -162 -25 5 -17 0 0 0 0 5 -16 -4 0 0 208 57 -2 -8 -8 -23 -10 -5 1
1 10002 -139 -16 -2 -13 0 0 0 0 8 -7 -1 19 16 666 185 -1 -29 -29 36 9 4 -1
