version: 66.11
glider: 175
mission: 9
dive: 62
start: 6 2 125 0 50 21
columns: rec,elaps_tms,depth,heading,pitch,roll,AD_pitch,AD_roll,AD_vbd,GC_phase,mag.x,mag.y,mag.z,sbect.TempFreq,sbect.CondFreq,sbe43.O2Freq,
data:
0 22211 21 367 -677 21 249 2105 674 2 533 -131 -4 249018 169143 7604999
1 10003 8 70 -4 35 0 0 292 0 -2 -11 12 73 5 100
1 10012 4 126 1 -99 0 0 287 0 -7 -27 14 30 -5 1963
1 10005 39 -129 20 64 0 0 281 0 6 34 8 2843 -76 4226
1 9991 37 245 -37 12 0 0 279 0 -13 -54 10 2496 -187 5168
1 10002 6 -40 -5 51 0 0 264 0 3 10 -4 1660 -28 3516
1 10008 20 82 -17 -65 0 0 248 0 -7 -26 -10 55 -1101 2564
1 9976 72 25 -24 -9 0 0 259 0 0 -3 -15 5388 -888 1118
1 9609 140 -54 -27 26 0 0 276 4 4 6 -31 1503 -196 3251
1 11589 341 -90 14 -3 493 0 2 -5 5 15 -11 436 82 -948
1 9860 396 100 262 -95 2020 -1218 3 5 -63 -37 216 148 5 -4474
1 14584 401 56 211 -121 0 -233 3 -2 -137 -103 103 38 28 -9466
1 10366 219 79 35 -6 0 0 0 0 -47 -24 20 106 20 -784
1 10353 172 26 9 2 0 0 0 0 -16 -4 6 40 -14 306
1 10921 196 9 -9 5 0 0 0 0 6 3 0 1228 178 198
1 10353 175 12 -1 -6 0 0 0 0 -3 -2 -1 506 93 -197
1 10361 177 39 7 -4 0 0 0 0 -18 -10 4 342 57 -208
1 10360 174 54 4 0 0 0 0 0 -20 -5 8 309 50 -513
1 10993 176 80 5 -6 0 0 0 0 -30 -10 8 154 30 -686
1 10355 164 64 2 3 0 0 0 0 -24 0 11 86 25 -874
1 10354 158 59 -7 5 0 0 0 0 -15 3 9 330 16 -913
1 10352 171 30 1 2 0 0 0 0 -12 3 6 172 25 -1043
1 10897 176 34 3 -3 0 0 0 0 -12 3 7 67 13 -1615
1 10774 182 38 4 3 0 0 0 0 -19 3 9 22 4 -1769
1 10360 171 63 -2 0 0 0 0 0 -21 7 10 58 12 -1826
1 10348 169 52 4 -2 0 0 0 0 -16 11 11 39 -2 -1883
1 10908 175 69 0 -1 0 0 0 0 -22 14 12 24 -12 -2624
1 10349 159 50 -1 8 0 0 0 0 -13 19 14 28 -34 -2810
1 10353 159 76 -3 -5 0 0 0 0 -12 21 12 97 -37 -2261
1 10358 162 62 8 -1 0 0 0 0 -14 21 10 19 -32 -2034
1 8856 132 17 -8 81 -9 1257 3 0 0 82 30 59 -10 7422
1 11146 161 -5 23 87 40 111 0 2 -21 85 17 -123 -51 -10201
1 10000 138 15 9 7 0 0 0 0 -9 13 1 -3 -5 -2527
1 9999 141 11 1 5 0 0 0 0 -3 10 1 -20 -8 -2158
1 10083 121 30 10 -4 33 1 1 0 -11 9 0 -4 -18 -1724
1 10618 134 54 15 3 0 0 0 0 -14 25 0 29 -34 -1782
1 10000 114 9 4 11 0 0 0 0 -6 16 -1 0 2 -2028
1 8294 106 -16 4 90 -4 1393 1 0 0 83 -10 9 -7 7708
1 14896 163 -45 -8 70 0 16 0 -2 2 50 -12 36 6 -12189
1 10347 124 -40 8 10 0 0 0 0 -8 -7 1 12 4 -1971
1 10354 116 -40 1 2 0 0 0 0 -1 -15 5 4 -3 -1547
1 8138 100 4 -1 -92 0 -1412 0 0 5 -88 15 33 3 7254
1 11861 125 29 -6 -87 0 -9 0 2 4 -76 0 49 6 -9219
1 10001 115 24 7 -7 0 0 0 0 -2 3 1 20 0 -1240
1 9999 110 -25 -6 8 0 0 0 0 3 -3 0 54 -6 -1315
1 10000 114 -16 0 -3 0 -1 0 0 4 -9 -1 42 1 -975
1 10000 117 -23 1 -5 0 0 0 0 3 -14 -1 50 -8 -1284
1 10000 126 -54 -2 3 0 0 0 0 4 -20 -2 10 -30 -1521
1 10000 121 -35 2 -1 0 0 0 0 5 -14 -2 -36 -58 -1204
1 10001 108 -38 0 1 0 0 0 0 10 -12 -3 -170 -94 -1187
1 10000 123 -21 1 -1 0 0 0 0 5 -7 -1 -7 -33 -1236
1 10733 124 44 -9 -132 0 -1354 0 -2 7 -109 -36 -151 -62 -1540
1 10620 130 58 9 -43 0 0 0 0 -21 -21 -10 -57 -27 -1491
1 10348 137 37 2 8 0 0 0 0 -10 20 9 -93 -32 -1134
1 10891 129 38 3 2 0 0 0 0 -6 16 7 -117 -50 -1780
1 8162 108 8 -1 82 -1 1383 0 0 -2 82 25 -104 -53 7222
1 11838 136 10 -5 85 1 0 0 2 0 88 14 -135 -50 -8773
1 9999 112 17 2 2 0 0 0 0 -5 9 1 -23 -21 -1036
1 10000 118 14 8 -1 0 0 0 0 -3 5 0 -39 -16 -1301
1 10000 107 12 -1 -4 0 1 0 0 -1 1 0 -40 -24 -362
1 10000 117 19 -6 2 0 0 0 0 2 9 0 -11 -9 -1029
1 10000 120 10 1 7 0 0 0 0 1 12 1 -3 -7 -1090
1 8796 85 -17 -2 85 0 1389 0 0 0 79 -7 -38 -20 6469
1 13856 170 -48 7 92 0 14 0 -2 -5 70 -17 -30 -28 -9091
1 10336 111 -52 5 3 0 0 0 0 -5 -19 5 4 -3 -1158
1 10995 125 8 -1 -136 0 -1412 0 2 7 -130 18 -1 -4 -1342
1 10621 125 4 -9 -46 0 0 0 0 7 -46 -2 -1 -1 -625
1 9999 119 -4 5 -2 0 0 0 0 -1 -3 0 17 -2 -435
1 10000 120 6 -3 1 0 0 0 0 -1 3 0 32 3 -593
1 10001 122 -17 5 4 0 -3 0 0 1 -2 0 48 -1 -599
1 9999 129 -3 -3 -3 0 0 0 0 -3 -6 0 5 -7 -408
1 10000 110 6 -3 -3 0 0 0 0 4 0 0 3 -1 -103
1 10000 124 -9 2 8 0 0 0 0 -1 4 0 15 -1 -572
1 10000 135 2 1 -5 0 0 0 0 -3 -4 0 34 -1 -289
1 10001 115 7 3 -1 0 0 0 0 1 3 0 33 9 -424
1 9999 127 15 -2 1 0 0 0 0 -2 6 0 -7 -3 -288
1 10001 126 31 2 -1 0 0 0 0 -2 13 1 59 13 -311
1 10000 117 10 2 1 0 0 0 0 -1 5 0 -10 0 -597
1 8824 113 12 -7 -2 0 0 0 0 1 2 1 9 -1 6195
1 11175 129 7 3 -1 0 0 0 0 1 2 0 26 3 -7119
1 10001 127 -9 4 4 0 0 0 0 -1 1 -1 126 21 -464
1 9999 121 -13 -4 0 0 0 0 0 -2 -6 0 239 57 -359
1 8755 125 -2 2 -3 0 0 0 0 2 -3 0 45 17 6587
1 11246 139 -8 1 3 0 0 0 0 -2 -1 0 97 20 -7130
1 9999 127 -21 2 2 0 0 0 0 2 -6 0 -42 -19 -233
1 10001 124 -8 -3 0 0 0 0 0 -1 -4 0 -17 -4 -735
1 10815 119 2 3 1 0 0 0 0 2 3 -1 13 -27 5525
1 9184 105 8 -1 1 0 0 0 0 -4 3 1 125 35 -6242
1 10001 114 53 -4 -15 0 0 0 0 3 7 0 60 15 28
1 9999 103 11 -3 12 0 0 0 0 1 17 1 1 1 -568
1 10001 115 36 5 2 0 0 0 0 -3 17 0 26 -23 -390
1 9999 104 47 -9 -5 0 0 0 0 9 14 1 81 6 -338
1 10001 108 51 -1 -12 0 0 0 0 4 8 0 11 6 -694
1 10713 113 -13 7 145 0 1415 0 -2 -6 138 -28 -25 -11 -432
1 11000 113 -80 3 69 0 0 0 0 -10 34 -14 6 -1 -442
1 10329 109 -65 7 1 0 0 0 0 -7 -24 9 63 9 -612
1 10336 119 -44 8 -22 0 0 0 0 -2 -37 12 11 2 -643
1 9159 104 -25 -28 -85 0 -928 0 0 28 -94 19 -25 -4 6076
1 11189 131 99 26 -145 0 -494 0 2 -29 -106 -4 -22 -3 -6804
1 10000 116 18 -16 45 0 0 0 0 13 53 5 106 14 153
1 10000 102 1 4 0 0 0 0 0 -2 0 0 6 0 -565
1 9999 108 -21 -2 -4 0 -1 0 0 3 -12 0 7 -6 127
1 10001 94 3 3 -9 0 0 0 0 -5 -9 -1 -5 1 -127
1 10000 108 -30 -9 -14 0 0 0 0 10 -26 -1 10 -3 -178
1 9999 124 -28 1 -13 0 1 0 0 2 -24 -4 -4 3 -267
1 10000 99 -31 -8 51 0 0 0 0 10 39 6 10 -4 -263
1 10000 130 32 5 7 0 0 0 0 -11 20 0 2 -1 41
1 10000 128 31 13 -25 0 -1 0 0 -9 -13 -1 -9 -2 -196
1 10001 103 14 -15 0 0 0 0 0 9 5 1 13 3 -261
1 10000 114 30 11 -4 0 0 0 0 -8 9 0 23 0 -188
1 10000 126 -6 2 7 0 0 -1 0 -4 5 -1 -37 -7 -392
1 9999 111 -24 -20 -6 0 0 0 0 21 -17 2 8 -1 69
1 10001 137 14 16 10 0 0 0 0 -18 16 -1 43 0 -77
1 9999 106 29 3 -1 0 0 1 0 1 11 0 43 6 317
1 10001 122 27 2 5 0 0 0 0 -3 17 0 27 -1 -556
1 10000 110 7 0 6 0 0 0 0 2 9 0 58 -6 -536
1 8442 93 -31 -6 87 0 1406 0 0 5 74 -9 -21 8 7397
1 16135 203 14 -6 -80 7 -1542 0 -4 3 -73 9 6 2 -1872
1 9170 86 5 81 -28 92 -2 -39 0 -76 -28 -10 16 -1 235
1 8172 59 8 22 19 0 0 -41 0 -17 22 -3 1 -1 553
1 9436 72 8 -6 -22 0 0 -50 0 5 -18 1 -3 0 719
1 9987 57 -8 -12 4 -1 0 -52 0 8 1 2 4 -1 -68
1 9992 65 -17 -4 2 1 0 -51 0 1 -5 -1 -13 0 -249
1 9996 55 -20 3 -2 0 0 -51 0 1 -10 0 19 -4 82
1 10002 62 -21 -13 2 0 0 -52 0 13 -7 3 0 -2 -287
1 10010 53 -28 -3 -6 0 0 -50 0 1 -17 -1 0 -4 -95
1 9991 58 12 -5 3 0 0 -50 0 4 7 1 -4 5 163
1 9994 42 0 -4 10 0 0 -49 0 6 10 2 -5 -1 143
1 9993 49 2 -3 0 0 0 -51 0 2 1 0 1 0 126
1 10014 32 0 -21 -11 0 0 -50 4 22 -11 2 -2 -3 2
1 12187 21 -39 8 16 15 0 -14 -4 -9 0 0 -4 -4 -436
1 7815 -15 20 349 3 315 0 -23 0 -299 13 -134 -3 -8 570
1 10005 -51 28 8 -1 0 0 -50 0 -10 8 -9 12 -3 526
1 9998 -40 -6 -1 2 0 0 -51 0 4 0 4 1 5 -527
1 10001 -50 -6 -8 -4 0 0 -51 0 5 -5 3 -14 8 431
1 9980 -48 -31 2 -1 0 -1 -52 0 2 -11 2 -18 1 38
1 10016 -50 -40 -4 7 0 1 -55 0 1 -10 -1 -25 2 137
1 10017 -73 10 -8 -10 1 0 -53 0 6 -4 5 0 1 -404
1 10004 -60 -14 0 3 -1 0 -51 0 3 -2 3 -11 -1 168
1 9983 -68 -5 4 4 0 0 -53 0 -4 1 -2 0 -1 -2
1 9999 -94 -32 -7 3 0 0 -53 0 12 -7 6 -5 0 -633
1 9998 -87 13 3 2 0 0 -53 0 -8 4 -6 6 -2 260
1 10608 -107 -11 -20 7 1 -1 -38 4 13 1 13 -14 -4 -7000
1 10621 -108 -28 6 -6 0 0 0 0 2 -13 -1 3 2 -350
1 9999 -109 -19 -6 2 0 0 0 0 4 -7 3 -5 2 -340
1 10000 -113 1 10 -6 0 1 -2 0 -5 -3 -4 10 17 44
1 10001 -119 32 -14 7 0 0 0 0 5 16 6 -7 -3 -238
1 9999 -104 17 9 -5 0 0 0 0 -7 3 -6 -6 8 -404
1 10000 -99 23 -3 -14 0 0 -1 0 0 -4 0 13 4 50
1 10000 -108 -44 2 1 0 0 0 0 5 -14 0 -21 3 189
1 10000 -115 -13 -8 19 0 0 0 0 6 11 8 -3 1 -530
1 10001 -84 -24 5 -2 0 0 0 0 -1 -10 -3 10 3 144
1 9999 -101 8 -5 0 0 0 0 0 3 3 2 4 2 160
1 10000 -105 -7 10 -19 0 0 0 0 -5 -17 -7 23 5 -37
1 9999 -93 -6 -5 6 0 -1 0 0 3 1 4 -27 0 -441
1 10001 -105 -21 7 8 0 0 0 0 1 2 -1 8 1 220
1 10000 -79 8 -8 3 0 0 0 0 1 3 3 0 1 -434
1 10656 -107 -9 14 138 0 1409 -1 -2 -18 102 -7 -14 2 91
1 10985 -122 27 4 46 0 0 0 0 -8 42 -12 2 0 -445
1 10335 -117 40 0 11 0 0 0 0 -1 24 -6 -56 -1 -342
1 10350 -109 24 -1 -9 0 0 0 0 -3 1 -3 -32 -3 40
1 10328 -113 78 6 -15 0 0 0 0 -5 16 -8 -7 0 -340
1 9018 -110 64 -8 -60 0 -1246 0 0 10 -20 12 -2 1 7231
1 10982 -117 8 -33 -102 -31 -169 0 2 20 -75 27 3 1 -6793
1 10000 -93 -5 -3 -5 0 0 0 0 8 -5 6 -61 -11 -309
1 10000 -89 -6 -2 1 0 0 0 0 -3 -2 0 -102 -16 434
1 8879 -67 -17 -3 -87 3 -1229 0 0 1 -79 -5 -24 6 6596
1 13889 -114 -96 10 -98 1 -133 -1 -2 7 -109 -31 26 6 -7907
1 8160 -65 -96 -3 102 -1 1395 0 0 10 47 24 -66 -4 7336
1 11841 -119 -40 9 82 1 4 0 2 -6 52 9 28 1 -7301
1 9999 -105 -12 -4 17 0 0 0 0 5 10 7 -2 1 332
1 10000 -91 -40 0 -19 0 0 0 0 10 -27 1 -11 1 -165
1 8294 -69 -48 -4 95 -1 1362 0 0 4 57 12 -37 -14 7414
1 13870 -140 85 19 76 1 11 0 -2 -31 88 -22 8 -4 -8220
1 11294 -137 71 -4 1 0 0 0 0 -8 24 -9 62 23 -454
1 10334 -117 14 -2 8 0 0 0 0 -2 10 -3 -213 -45 15
1 10343 -120 77 -5 6 0 0 0 0 0 33 -10 -180 -19 -195
1 8383 -83 98 4 -105 1 -1396 -1 0 -4 -46 9 50 20 7530
1 11617 -146 31 -4 -79 0 -3 0 2 5 -51 10 0 0 -6972
1 10000 -109 55 -7 0 0 0 0 0 5 19 3 -21 6 -159
1 9999 -97 62 3 3 0 0 0 0 7 24 0 -204 -31 -252
1 10913 -105 41 -1 -139 0 -1379 1 -2 2 -101 6 -18 -6 -279
1 11002 -114 -62 -17 -52 0 0 0 0 6 -63 -8 -318 -57 -161
1 10328 -90 -87 11 -9 0 0 0 0 -11 -36 -18 -44 -19 -287
1 10324 -92 -86 -7 12 0 0 0 0 9 -21 -3 4 -3 -377
1 10348 -99 -78 4 5 0 0 0 0 4 -22 -7 -41 -10 126
1 8908 -78 -92 9 93 0 1384 -1 0 3 42 21 -34 -9 7406
1 11093 -110 -39 4 78 0 4 0 2 -2 48 12 0 2 -6804
1 9999 -94 -8 -8 9 0 0 0 0 5 3 5 69 24 -114
1 9999 -91 0 4 -3 0 0 0 0 1 1 0 -19 0 108
1 8836 -90 -2 0 85 0 1296 0 0 -4 67 5 26 9 7487
1 13902 -142 64 4 96 0 88 0 -2 -19 94 -19 79 29 -8632
1 10336 -109 72 2 7 0 0 0 0 -10 30 -13 -26 -6 -235
1 10329 -113 67 0 -8 0 0 0 0 -3 18 -6 16 7 -25
1 8887 -85 68 2 -101 -9 -1391 -1 0 5 -52 13 -15 0 7564
1 11113 -100 32 -21 -74 1 -1 1 2 15 -47 18 10 8 -7304
1 10000 -100 2 -2 -1 0 0 0 0 2 0 2 8 5 241
1 10000 -73 7 1 0 0 0 0 0 -2 3 0 -25 -16 108
1 8832 -64 36 6 -95 6 -1352 0 0 1 -67 -3 -27 -6 7164
1 13900 -127 -54 -5 -90 0 -25 0 -2 -1 -91 -20 7 5 -8111
1 10329 -108 -64 1 -4 0 0 0 0 7 -25 -6 50 19 -60
1 10324 -87 -53 -3 -1 0 0 0 0 3 -20 -5 -22 -7 272
1 10264 -96 -98 4 68 0 1017 -1 0 10 21 14 65 25 6692
1 11168 -125 -64 12 110 0 369 0 2 -6 66 17 43 33 -6920
1 10000 -90 -31 -5 8 0 0 0 0 8 -4 5 37 24 345
1 10001 -97 5 -4 -2 0 0 0 0 0 -1 1 25 17 44
1 8839 -101 -22 5 87 0 1280 0 0 -1 65 7 28 17 7463
1 13875 -143 54 6 96 0 106 0 -2 -20 91 -16 119 48 -8098
1 10341 -122 68 3 3 0 0 0 0 -9 26 -12 48 24 425
1 10334 -103 68 1 -7 0 0 0 0 -6 18 -8 59 25 -15
1 9815 -104 62 0 -67 1 -954 0 0 0 -29 7 201 81 6896
1 11178 -111 56 -7 -106 0 -437 0 2 6 -64 11 161 63 -6669
1 10001 -101 41 -3 0 0 0 0 0 4 15 3 -46 10 203
1 9999 -92 29 -9 -2 0 0 0 0 6 9 4 127 60 161
1 8695 -67 54 5 -90 0 -1368 0 0 -2 -56 -1 29 17 6804
1 13848 -134 -17 -8 -90 0 -9 0 -2 7 -80 -9 83 78 -7806
1 10336 -86 -18 -2 0 0 0 0 0 1 -7 1 -12 40 336
1 10330 -86 -31 1 -4 0 0 0 0 -3 -13 -7 -14 16 123
1 11091 -100 -55 -1 2 0 0 0 0 4 -18 -4 -36 13 -306
1 10323 -93 -46 -1 -12 0 0 0 0 1 -25 -8 -45 4 -4
1 10323 -93 -43 -5 9 0 0 0 0 7 -9 3 -34 -3 111
1 9157 -80 -81 9 57 0 858 0 0 -1 18 6 -64 -4 7600
1 11191 -112 -52 13 122 0 520 0 2 -10 80 16 -10 -1 -7032
1 10000 -114 -53 7 3 0 0 0 0 5 -13 1 -4 2 -34
1 10000 -89 -36 -25 7 0 0 0 0 25 -8 14 1 -3 -252
1 8265 -56 -18 15 82 0 1370 0 0 -12 60 1 -3 1 8079
1 15020 -142 29 5 93 0 22 0 -2 -11 86 -8 -1 2 -8782
1 10330 -84 55 4 -30 0 0 0 0 -13 -8 -8 -2 -2 259
1 10325 -100 65 -8 18 0 0 0 0 -4 35 -9 1 0 21
1 10334 -96 67 7 10 0 0 0 0 -10 31 -14 8 2 349
1 9860 -91 63 3 -87 -1 -1272 0 0 -2 -44 10 -3 -1 6974
1 10140 -99 44 -6 -77 1 -125 -1 2 7 -45 8 15 9 -6738
1 10001 -93 -13 -11 -19 0 0 0 0 9 -21 7 -12 -6 -86
1 10000 -84 -29 11 -3 0 0 0 0 -9 -13 -7 0 1 545
1 9994 -79 -14 -9 8 0 -2 1 0 6 2 5 -2 -2 -126
1 10006 -78 -45 2 -5 0 0 0 0 1 -20 0 5 1 476
1 10000 -81 21 -5 9 0 0 0 0 1 14 0 6 3 232
1 10000 -97 45 24 -9 0 0 0 0 -17 10 -11 -2 0 -260
1 10000 -101 52 -17 -4 0 0 0 0 11 14 8 3 3 352
1 9999 -103 -14 -7 5 0 0 0 0 5 0 4 6 2 250
1 8236 -62 -3 7 -104 0 -1371 0 0 0 -86 -8 6 2 7543
1 13888 -133 -95 -3 -49 0 -8 0 -2 4 -73 -20 -5 -2 -8268
1 9726 -89 -100 5 55 -1 991 0 0 10 10 11 -11 3 7215
1 11158 -107 -71 -1 118 1 408 0 2 6 71 23 -12 3 -6646
1 9998 -84 16 1 -62 0 0 0 0 0 -45 -10 16 0 -59
1 10001 -93 -21 3 30 0 0 0 0 -2 16 3 0 0 -120
1 8823 -75 -28 3 105 0 1361 0 0 -2 76 10 -17 7 7557
1 13909 -169 53 -6 90 0 22 0 -2 -9 89 -9 -6 7 -8269
1 10340 -94 52 7 0 0 0 0 0 -13 15 -13 64 25 471
1 10323 -110 59 2 -2 0 0 0 0 -3 21 -7 9 32 255
1 10885 -112 38 -1 1 0 0 0 0 -1 14 -5 -11 34 -78
1 8365 -86 51 -8 -93 0 -1397 0 0 6 -54 15 4 14 7576
1 11636 -132 24 -3 -79 0 -4 -1 2 3 -54 9 -2 14 -7064
1 9999 -100 9 -8 -7 0 0 0 0 5 -3 3 2 9 -101
1 10000 -88 -21 -2 6 0 0 0 0 -1 -3 1 -2 14 399
1 10000 -91 -29 1 -5 0 0 0 0 -3 -15 0 -19 39 667
1 10000 -95 -25 1 -1 0 0 0 0 1 -10 0 -5 30 -6
1 10000 -112 -16 -5 -2 0 0 0 0 9 -7 0 -51 3 199
1 9418 -93 0 -1 3 0 0 1 0 -1 2 2 -157 -19 687
1 10582 -100 27 2 1 0 0 0 0 -1 11 -1 -241 -36 -64
1 10000 -87 -17 2 2 0 0 0 0 1 -4 0 -215 -17 469
1 10001 -88 -6 -2 -8 0 -1 -1 0 1 -9 2 -266 -31 -362
1 9999 -84 10 -1 3 0 0 0 0 -1 6 0 -199 -40 365
1 10000 -80 11 3 -2 0 0 0 0 -2 3 -1 -49 -2 132
1 10000 -89 -24 5 3 0 1 0 0 2 -5 0 33 19 676
1 10000 -80 29 -5 -2 0 0 0 0 2 8 0 -389 -49 -67
1 10000 -84 1 -2 2 0 0 0 0 -2 2 1 -161 -6 340
1 10000 -79 -17 -3 0 0 0 0 0 3 -7 0 -280 -24 462
1 10000 -86 -23 -1 -1 0 0 0 0 0 -9 1 -345 -53 -26
1 10001 -82 -43 8 0 0 0 0 0 2 -15 -2 -278 -44 15
1 9997 -68 -37 0 -1 0 0 1 0 3 -14 1 -214 -34 995
1 10002 -74 -23 -2 1 0 0 0 0 2 -8 1 -67 -14 -168
1 10000 -75 -17 -2 0 0 0 0 0 7 -5 1 -183 -51 -25
1 8819 -59 -12 5 1 0 0 -2 -4 -4 -4 -2 -390 -70 7679
1 9985 -69 -9 -1 -4 -1 0 -52 0 4 -5 2 -381 -71 474
1 10020 -70 16 -5 0 1 0 -52 0 3 6 3 -215 -63 298
1 9991 -80 4 -9 6 -1 0 -55 0 0 2 1 -37 -19 510
1 10017 -77 -1 -1 8 1 0 -54 1 3 8 2 66 10 380
1 16632 -157 71 0 170 0 1417 -4 1 -17 163 -14 21 15 -8338
1 10337 -93 71 3 8 0 0 0 0 -3 33 -13 -7 -3 703
1 8422 -71 107 5 -108 -1 -1410 -1 0 -3 -48 11 18 23 7746
1 11577 -99 38 -3 -79 1 -2 0 2 2 -51 9 20 4 -6472
1 10001 -96 44 3 6 0 0 0 0 4 20 0 21 21 857
1 9999 -80 0 -13 -10 0 0 0 0 9 -8 6 9 3 746
1 8285 -48 39 2 -87 0 -1366 -1 0 0 -61 3 16 26 7556
1 13890 -116 -13 -11 -112 -1 -7 0 -2 4 -98 -14 16 16 -7097
1 10897 -89 -78 3 20 0 0 0 0 -5 -10 -7 2 1 391
1 10336 -85 -48 5 -3 0 0 0 0 0 -19 -7 -5 3 811
1 10341 -84 -31 2 12 0 0 0 0 -2 -1 -1 -56 -1 1056
1 10336 -94 -94 -5 -3 0 0 0 0 12 -35 -7 -23 -2 634
1 9007 -65 -109 5 89 1 1251 -2 0 9 35 19 21 2 7851
1 10992 -129 4 40 93 40 130 0 2 -37 78 -3 -20 -3 -5713
1 10001 -94 4 -4 -6 0 0 0 0 1 -4 0 3 3 517
1 10000 -103 1 -7 -22 0 0 0 0 6 -19 0 1 -1 1109
1 9040 -97 18 10 94 0 1249 0 0 -18 81 1 -71 -8 7827
1 13911 -153 125 0 110 0 132 0 -2 -7 132 -26 -900 33 -7381
1 10987 -136 177 -4 15 0 0 0 0 9 73 -21 -3568 223 -617
1 10322 -89 219 -13 -35 0 0 0 0 41 45 6 -5423 504 -1955
