version: 66.11
glider: 175
mission: 9
dive: 307
start: 6 11 125 6 14 52
columns: rec,elaps_tms,depth,heading,pitch,roll,AD_pitch,AD_roll,AD_vbd,GC_phase,mag.x,mag.y,mag.z,sbect.TempFreq,sbect.CondFreq,sbe43.O2Freq,
data:
0 21817 -667 155 -767 -22 243 2041 1301 2 533 -80 -87 243958 163205 7776697
1 10007 16 28 1 35 0 0 264 0 0 -8 0 19 -6 -1927
1 9992 70 7 -21 -12 0 0 264 0 -3 -1 -16 -203 -12 2619
1 10006 98 41 -2 -8 1 0 279 0 -2 -11 -6 25 -2 4304
1 10021 146 124 3 -36 0 0 298 0 -1 -25 10 357 -21 -3030
1 9401 250 17 7 37 0 0 319 4 2 -8 9 165 -7 1264
1 11709 500 0 34 39 488 0 3 -5 3 -1 31 10602 1394 7240
1 8864 393 202 218 -134 2073 -383 2 5 -45 -74 188 3533 608 9346
1 15602 444 -6 272 -116 0 -1016 3 -2 -148 -106 150 2014 455 -9028
1 10401 204 137 52 3 0 0 0 0 -68 -36 30 658 183 -1591
1 10396 181 113 4 15 0 0 0 0 -32 -13 11 806 167 -1097
1 10396 155 34 -12 7 0 0 0 0 0 3 3 863 171 -433
1 11050 179 4 -9 16 0 0 0 0 6 10 3 101 50 -2300
1 10402 151 17 0 -15 0 0 0 0 -4 -12 -5 28 27 -3183
1 10403 169 14 0 5 0 0 0 0 -4 2 5 37 17 -3958
1 10404 158 -9 1 0 0 0 0 0 1 2 -1 433 78 -3340
1 11031 169 1 1 -6 0 0 0 0 -1 -6 -4 592 108 -4223
1 10395 149 64 9 -7 0 0 0 0 -27 -11 6 281 56 -4395
1 10395 154 54 1 8 0 0 0 0 -20 -1 9 318 70 -3258
1 10391 139 47 -3 2 0 0 0 0 -13 -1 5 35 15 -3145
1 11849 161 52 1 -1 0 0 0 0 -18 0 8 78 17 -3326
1 10394 130 44 -4 0 0 0 0 0 -13 -2 4 16 6 -2651
1 10398 148 41 -2 -1 0 0 0 0 -11 2 6 9 4 -1846
1 10396 128 27 1 1 0 0 0 0 -10 3 5 23 5 -2530
1 10944 151 35 5 3 0 0 0 0 -18 3 8 41 7 -1982
1 10403 129 30 -1 3 0 0 0 0 -10 6 6 17 3 -1795
1 10385 140 26 2 1 0 0 0 0 -12 3 4 -6 -2 -1283
1 10384 140 33 -5 -3 0 0 0 0 -4 4 4 64 10 -3292
1 10938 143 17 -3 -1 0 0 0 0 -5 1 2 34 3 -3061
1 10398 129 39 7 -2 0 0 0 0 -17 6 9 35 4 -3459
1 10378 140 71 4 -4 0 0 0 0 -24 13 10 274 34 -3374
1 10382 128 70 -2 8 0 0 0 0 -18 25 17 365 37 -2981
1 10932 132 72 -7 1 0 0 0 0 -6 25 13 723 84 -2938
1 10398 114 58 -2 -1 0 0 0 0 -7 19 10 215 34 -3205
1 8880 125 13 5 100 -8 1260 4 0 -9 101 32 188 4 10332
1 11120 102 3 16 86 25 136 0 2 -19 88 13 0 -6 -15362
1 10000 101 26 7 -2 0 0 0 0 -10 7 0 -15 -6 -3355
1 10002 103 43 3 -3 0 0 0 0 -4 15 0 13 -24 -2151
1 9884 114 44 5 3 25 0 1 0 0 22 0 96 -14 -2841
1 10620 111 42 18 -10 0 0 0 0 -15 7 -1 86 -27 -3097
1 9999 91 6 -4 16 0 0 0 0 6 19 -1 -1 -1 -2071
1 8811 91 -20 7 71 -1 1378 0 0 -9 63 -10 11 -3 9953
1 13929 126 -39 -2 99 0 15 0 -2 0 79 -23 15 -5 -14955
1 10390 106 -46 1 9 0 0 0 0 -6 -10 3 -8 1 -2602
1 11146 111 -29 5 -7 0 0 0 0 -4 -18 6 -5 3 -2695
1 10379 100 -51 4 -3 0 0 0 0 0 -22 7 0 -3 -2034
1 8883 85 -3 -6 -103 0 -1405 0 0 7 -103 17 5 -2 10269
1 11117 103 35 -4 -72 0 -15 0 2 4 -58 1 20 -6 -12847
1 10000 79 31 -6 -9 0 0 0 0 6 4 0 22 -8 -2139
1 9999 93 17 8 3 0 0 0 0 -11 9 -1 4 0 -1448
1 9420 87 29 -2 10 0 -1 0 0 5 24 2 53 -15 -964
1 10581 92 36 -1 0 0 0 0 0 -2 14 -1 25 0 -1627
1 10000 87 25 6 -3 0 0 0 0 0 6 0 -11 -25 -2157
1 8796 81 -14 -8 99 0 1405 0 0 6 94 -15 9 -9 10507
1 13923 117 -55 7 75 0 16 0 -2 -10 50 -16 17 -15 -14565
1 10373 86 -40 2 1 0 0 0 0 -4 -15 5 -3 -5 -1011
1 10926 101 -12 1 -4 0 0 0 0 0 -9 2 2 -10 -1904
1 10383 104 -23 -3 2 0 0 0 0 1 -8 3 24 -5 -1591
1 10361 77 -23 3 -1 0 0 0 0 -2 -10 3 39 1 -2285
1 10367 98 -23 1 3 0 0 0 0 3 -5 2 -2 -12 -1632
1 9055 88 14 1 -99 0 -1273 1 0 2 -91 15 1 -3 10797
1 10945 99 23 -11 -79 0 -126 0 2 5 -72 0 -7 -7 -13677
1 9999 90 -2 6 2 0 0 0 0 -3 1 -1 72 -2 -829
1 10001 98 -3 1 -2 0 0 0 0 -3 -4 0 4 -6 -1108
1 9393 76 -19 -1 3 0 -2 0 0 3 -3 0 -1 -22 -1283
1 10619 98 2 2 -1 0 0 0 0 2 0 0 5 -9 -1247
1 10000 101 0 -2 1 0 0 0 0 -1 1 0 13 -3 -1568
1 9418 86 8 1 -1 0 0 0 0 1 2 1 28 1 -1281
1 10582 100 9 0 1 0 0 0 0 -1 5 -1 -10 -11 -1055
1 9999 95 15 -3 -1 0 0 0 0 -2 4 1 7 -6 -1232
1 9424 85 -14 4 2 0 0 0 0 0 -2 0 20 -1 -247
1 10576 108 11 -2 -1 0 0 0 0 0 2 0 -1 -4 -1657
1 10001 95 -2 -2 -1 0 0 0 0 3 -2 0 11 -3 -817
1 9420 94 -13 5 1 0 0 0 0 -3 -3 -1 -45 -49 -805
1 10578 85 -14 -5 0 0 0 0 0 5 -7 0 -22 -23 -649
1 10002 112 -5 -3 0 0 0 0 0 2 -2 0 -9 -13 -657
1 9420 82 -3 9 2 0 0 0 0 -7 2 0 -9 -9 -748
1 10580 101 -8 -6 -3 0 0 0 0 6 -7 0 -11 -5 -892
1 10000 92 -1 3 1 0 0 0 0 0 1 0 -1 -2 -642
1 9419 87 6 -2 -2 0 0 0 0 -2 0 0 -14 -14 -24
1 10580 95 -1 5 3 0 0 0 0 -2 4 0 -10 -8 -1374
1 10000 86 4 2 -1 0 0 0 0 -2 0 0 -10 -11 -247
1 9422 75 3 -4 0 0 0 0 0 3 1 0 0 -4 -723
1 10578 94 -1 -2 -1 0 0 0 0 -1 -3 -1 6 0 -451
1 10001 78 8 2 0 0 0 0 0 1 5 1 -9 -6 -989
1 9420 74 4 2 1 0 0 0 0 -5 3 0 -19 -14 134
1 10579 93 11 -1 -3 0 0 0 0 3 1 1 0 -2 -704
1 10000 76 2 -1 5 0 0 0 0 -5 5 0 -12 -7 -600
1 9419 70 -6 0 -1 -1 0 0 0 4 -2 -1 -1 -1 -53
1 10581 85 -4 2 1 0 0 0 0 -1 -1 1 -9 -6 -916
1 10001 64 -10 -5 -3 0 0 0 0 5 -8 0 -24 -13 -524
1 9420 81 -23 3 1 1 0 0 0 -1 -9 -2 25 8 -229
1 10580 80 -19 -6 13 0 0 0 0 7 6 1 11 2 -321
1 9999 75 2 10 -16 0 0 0 0 -8 -15 -2 0 -4 -236
1 9423 70 -4 -9 3 0 0 0 0 9 1 1 -1 -4 -773
1 10577 95 11 2 -5 0 0 0 0 -4 -1 -1 -10 -6 135
1 10000 89 -3 2 3 0 0 0 0 1 3 1 -21 -21 -491
1 9423 72 8 -2 -1 0 0 0 0 -2 1 0 -7 1 -672
1 10576 104 -3 2 7 0 0 0 0 -3 7 1 -1 -6 91
1 10002 87 10 2 -6 0 0 0 0 4 -1 -1 -1 -2 -655
1 9420 73 -5 -2 1 0 0 0 0 -1 -3 1 -13 -13 -347
1 10579 101 1 2 1 0 0 0 0 -3 2 0 0 -10 111
1 10000 92 3 2 -1 0 0 0 0 -1 0 -1 17 -11 -485
1 9420 77 -3 -3 0 0 0 0 0 0 -2 0 -9 -13 -89
1 10581 95 -8 2 0 0 0 0 0 0 -3 0 22 4 -288
1 10000 79 -7 -3 2 0 0 0 0 3 0 0 -4 -2 -220
1 9423 64 -2 3 -3 0 0 0 0 -1 -4 -1 15 1 -413
1 10577 94 -4 4 -1 0 0 0 0 -2 -3 0 -11 -8 -451
1 10000 85 -5 -6 2 0 0 0 0 4 0 0 -3 -4 -277
1 9422 72 -1 -1 1 0 0 0 0 4 2 1 -6 -3 -876
1 10577 91 13 6 -4 0 0 0 0 -10 0 -1 -20 -8 41
1 10001 71 -7 -3 7 0 0 0 0 4 5 1 -2 -3 -1015
1 15172 145 9 29 -28 116 -211 -1 -4 -30 -25 -6 0 -3 6536
1 8558 43 5 78 -2 1 0 -39 0 -72 3 -14 -25 -22 958
1 8239 24 4 6 3 0 0 -42 0 -8 4 -2 13 8 673
1 8212 36 -4 -5 5 0 0 -42 0 9 4 2 -17 -9 721
1 10307 41 19 -11 -4 0 0 -52 0 5 2 3 1 1 -340
1 8343 34 6 -3 0 0 0 -44 0 5 3 1 10 4 632
1 10011 39 -9 -6 5 0 0 -50 0 3 0 2 -7 -6 -228
1 9979 49 -4 -6 -2 0 0 -51 0 5 -3 0 1 0 -45
1 9992 29 0 -3 0 0 0 -49 0 9 1 3 -10 -11 -440
1 10003 35 -13 -8 5 -1 0 -51 0 6 -1 0 -14 1 -279
1 9996 17 7 -11 -3 1 0 -49 0 9 -1 2 -4 -11 -89
1 10013 19 1 -7 -1 0 0 -52 0 6 0 0 -5 -4 119
1 9986 4 -9 0 2 0 0 -51 0 1 -2 1 -2 -1 -306
1 13421 -7 -20 12 15 15 99 -28 0 -4 9 0 5 -2 -2300
1 6596 -29 -21 325 4 313 0 -17 0 -277 2 -132 5 0 1352
1 9995 -63 5 17 7 0 -1 -49 0 -15 5 -14 44 22 -66
1 9998 -48 -4 1 -9 0 1 -53 0 3 -6 3 21 24 45
1 9999 -76 -31 -9 4 0 0 -53 0 7 -9 5 32 26 238
1 9993 -75 -13 1 1 0 0 -53 0 2 -3 1 -3 9 -1017
1 10014 -99 -10 0 -5 0 0 -53 0 4 -6 3 6 3 -317
1 10014 -110 9 -10 3 0 0 -53 0 5 5 5 -1 -1 -138
1 9990 -123 -12 -5 -9 0 0 -54 0 4 -12 1 -21 -6 -363
1 9992 -136 3 -6 3 0 0 -53 0 6 4 5 13 18 -339
1 9993 -142 -27 -6 7 -1 0 -55 0 8 -3 6 -4 -2 -780
1 10013 -136 -33 -1 -17 1 0 -54 0 5 -26 -2 -34 -25 -61
1 19491 -311 51 17 188 0 1354 -37 2 -28 158 -8 -2 3 -14318
1 10831 -170 64 -16 1 0 0 0 0 1 21 -3 44 41 -444
1 10353 -159 52 -1 2 0 0 0 0 -4 20 -7 7 14 -384
1 9837 -135 72 8 -21 3 -332 -3 0 -5 10 -8 2 4 9169
1 11175 -194 50 -14 -149 -22 -1036 0 2 12 -92 22 1 0 -9555
1 10000 -149 3 -8 0 0 0 0 0 7 1 7 0 -2 -432
1 10001 -138 8 -2 -8 0 0 0 0 -3 -5 -2 -3 0 133
1 9988 -132 11 -8 -90 -21 -1353 -1 0 10 -66 2 26 5 9198
1 14603 -183 -84 -17 -98 0 -49 0 -2 20 -107 -17 -18 -5 -11641
1 10359 -112 -46 -1 20 0 0 0 0 2 -1 0 8 6 -141
1 11393 -129 -70 6 90 0 1381 -1 2 4 47 21 7 -1 -594
1 10620 -117 -54 9 51 0 0 0 0 -4 21 5 3 11 -626
1 10000 -128 -37 -15 18 0 0 0 0 18 2 12 14 16 16
1 10000 -105 -32 10 3 0 0 0 0 -2 -8 -3 -3 -6 -200
1 11587 -135 -7 5 115 0 1401 0 -2 -9 88 7 -1 3 -442
1 10798 -137 29 -1 59 0 0 0 0 -7 56 -4 32 25 -300
1 10347 -146 60 -3 -1 0 0 0 0 -7 19 -8 17 8 -527
1 10366 -121 41 11 10 0 0 0 0 -13 21 -12 17 11 161
1 10341 -129 82 -9 11 0 0 0 0 -2 36 -11 -19 9 -440
1 9720 -121 86 -6 -41 0 -592 -1 0 5 2 4 3 11 9802
1 11183 -134 71 14 -112 1 -806 0 2 -7 -63 7 -14 -1 -9931
1 10001 -126 20 -2 -61 0 0 0 0 2 -42 5 20 -3 -88
1 10000 -133 -30 -14 26 0 0 0 0 11 11 8 10 52 285
1 9206 -103 1 2 -76 -1 -1237 0 0 -4 -61 -5 8 33 9283
1 13902 -162 -65 -12 -103 1 -134 0 -2 15 -106 -17 -2 11 -10943
1 10360 -105 -70 -1 1 0 0 0 0 5 -23 -6 26 30 -196
1 9183 -94 -71 7 50 0 631 0 0 -2 15 4 73 70 9714
1 11171 -117 -27 15 118 0 747 0 2 -12 83 17 -89 -1 -9281
1 9999 -108 2 -10 10 0 0 0 0 5 9 7 -10 5 -389
1 10001 -114 17 1 1 0 0 0 0 -1 8 0 -34 4 552
1 9416 -98 -7 -3 5 0 0 0 0 3 1 2 -11 2 30
1 10584 -107 -36 -1 10 0 0 0 0 3 -6 3 -39 9 -428
1 9999 -104 -6 0 -10 0 0 0 0 2 -9 0 -12 0 323
1 8758 -69 -21 18 81 -1 1376 0 0 -11 58 -3 -1 0 9139
1 13894 -173 64 -13 100 1 23 0 -2 -5 98 -13 18 4 -10372
1 10922 -133 66 3 1 0 0 0 0 -6 24 -11 -17 2 -369
1 9176 -89 76 -2 -47 -1 -601 0 0 0 -8 2 -13 2 9656
1 11177 -138 26 2 -131 1 -804 0 2 1 -93 14 -9 4 -9326
1 9999 -100 4 -10 -1 0 0 0 0 9 1 7 -5 0 -168
1 10001 -111 13 -2 -9 0 0 0 0 -3 -3 -1 -2 1 257
1 8825 -80 -15 2 -81 -1 -1345 0 0 2 -72 -4 -17 3 9121
1 13950 -157 -76 -8 -100 1 -22 0 -2 16 -105 -22 -28 18 -10746
1 9201 -78 -108 -5 33 -1 435 0 0 13 -13 2 -9 19 9708
1 11164 -122 -102 29 125 1 930 0 2 -10 67 20 3 26 -9167
1 10000 -85 -66 -5 22 0 0 0 0 15 -4 10 -158 56 -28
1 10000 -92 -37 2 -3 0 0 0 0 12 -8 5 -78 15 219
1 8795 -80 -11 -4 90 0 1382 0 0 -2 64 15 -38 7 9595
1 14909 -158 18 6 91 0 22 0 -2 -13 77 -5 -69 53 -10582
1 10345 -117 24 -10 6 0 0 0 0 -1 9 0 -294 -20 -157
1 10361 -116 35 1 -6 0 0 0 0 -6 9 -4 -261 -28 15
1 10340 -118 32 -7 5 0 0 0 0 -4 11 -4 -47 -8 142
1 10901 -119 34 -1 -1 0 0 0 0 -5 11 -4 -116 -14 -425
1 10361 -111 37 4 0 0 0 0 0 -8 12 -8 -338 -44 366
1 10360 -118 37 -5 1 0 0 0 0 -3 14 -3 -583 -78 -19
1 10349 -112 50 2 4 0 0 0 0 -3 21 -9 -27 -9 -24
1 9835 -95 92 1 -52 -1 -602 0 0 0 -5 2 -17 -7 9203
1 11177 -109 56 9 -122 1 -794 0 2 -7 -78 6 -63 -3 -8777
1 10000 -103 54 -14 -9 0 0 0 0 12 12 7 -52 -5 -100
1 9999 -96 41 -3 -2 0 0 0 0 5 13 2 -17 0 236
1 12303 -133 28 7 -124 -1 -1386 0 -2 -5 -92 -5 7 2 -437
1 10617 -93 -50 -16 -54 0 0 0 0 8 -62 -8 -1 0 -197
1 10354 -100 -61 -2 -6 0 0 0 0 2 -27 -5 3 2 418
1 10354 -100 -71 3 2 0 0 0 0 3 -22 -8 6 2 61
1 11116 -118 -82 1 3 0 0 0 0 5 -26 -6 -28 -1 59
1 8693 -72 -78 9 90 1 1391 0 0 2 46 19 -52 -9 9570
1 11307 -125 -43 6 79 0 4 -1 2 -3 48 12 -58 -12 -8862
1 10000 -100 -14 -6 9 0 0 0 0 5 2 5 -57 -9 304
1 10000 -90 -1 -3 1 0 0 0 0 1 -1 1 -48 -11 83
1 8816 -82 -16 5 83 0 1355 0 0 -4 62 6 -15 -5 9753
1 13929 -155 63 5 97 0 23 0 -2 -18 97 -16 -53 -11 -9738
1 10352 -100 32 2 4 0 0 0 0 -5 14 -7 -87 -15 64
1 11017 -122 65 -2 -4 0 0 0 0 -2 21 -6 -206 -35 -216
1 9192 -86 60 -1 -33 0 -408 0 0 0 -3 1 -328 -55 9699
1 11175 -119 34 -1 -139 0 -984 0 2 0 -99 11 -284 -48 -9294
1 10001 -101 -20 -6 -6 0 0 0 0 7 -11 6 -48 -12 783
1 9999 -93 -25 1 4 0 0 0 0 2 -6 -1 -77 -19 158
1 10005 -92 -12 -2 1 0 0 0 0 0 -4 0 -40 -8 471
1 9995 -95 -10 -7 -4 0 0 0 0 -1 -9 2 -156 -16 86
1 10000 -95 46 1 1 0 0 0 0 0 19 0 -313 -49 652
1 9421 -92 31 7 -6 0 0 0 0 -3 6 -2 -16 -5 402
1 10580 -99 16 0 -2 0 0 0 0 1 4 -1 -37 -9 233
1 9999 -96 49 -4 5 0 0 0 0 0 23 2 -333 -70 16
1 8824 -81 20 -1 -82 -1 -1353 0 0 2 -61 -1 -716 -123 10495
1 14597 -161 -60 -19 -105 1 -25 0 -2 14 -108 -15 -347 -32 -10996
1 10367 -103 -77 2 2 0 0 0 0 6 -25 -7 29 4 499
1 9179 -88 -80 3 31 -1 422 0 0 4 -3 0 42 11 10443
1 11187 -131 -91 25 146 1 955 0 2 -10 87 23 -249 -66 -8799
1 10001 -106 -71 -11 6 0 0 0 0 22 -18 11 -1450 -254 314
1 9999 -99 -39 -2 -1 0 0 0 0 10 -13 2 -765 -155 -316
1 8805 -77 32 6 81 0 1386 0 0 -13 79 6 -540 -107 9690
1 13901 -162 119 -2 105 0 22 -1 -2 -28 119 -22 -484 -91 -10707
1 11130 -117 96 -1 1 0 0 0 0 -4 36 -12 -514 -104 726
1 9179 -93 94 21 -67 0 -623 0 0 -17 -22 -7 -312 -56 10362
1 11180 -116 61 -28 -119 0 -792 1 2 19 -71 25 -1595 -235 -9599
1 9995 -87 17 3 5 0 0 0 0 1 10 0 -459 -91 591
1 10001 -76 13 10 -5 0 0 0 0 -5 0 -3 -288 -72 911
1 8943 -72 21 -9 -95 -1 -1238 0 0 4 -71 2 -345 -66 10490
1 13873 -111 -57 -5 -72 1 -122 0 -2 4 -79 -15 -1604 -228 -10082
1 10346 -76 -30 1 -1 0 0 0 0 0 -11 -3 -1507 -191 49
1 10789 -65 1 -2 1 0 0 0 0 1 1 0 -2678 -326 312
