version: 66.11
glider: 175
mission: 9
dive: 308
start: 6 11 125 7 4 54
columns: rec,elaps_tms,depth,heading,pitch,roll,AD_pitch,AD_roll,AD_vbd,GC_phase,mag.x,mag.y,mag.z,sbect.TempFreq,sbect.CondFreq,sbe43.O2Freq,
data:
0 16855 -667 1014 -766 64 245 2039 1174 2 491 -229 95 244274 163260 7743208
1 9994 -1 44 4 -38 0 0 263 0 -6 -8 6 -121 -10 577
1 9971 44 44 0 -12 0 0 260 0 -2 1 12 -317 -34 3342
1 10023 93 84 -18 -83 0 0 270 0 0 -9 -18 32 -10 4391
1 9977 114 -42 -1 78 0 0 286 0 0 10 16 314 15 1166
1 12306 239 -106 26 35 491 -2 143 -1 3 3 -6 3757 286 2362
1 8784 217 -206 251 44 1975 4 39 2 -48 50 139 6348 846 1706
1 16626 272 -124 160 -255 0 -1390 95 1 -63 -113 11 2532 532 -9072
1 10369 151 21 22 -12 0 0 0 0 -19 -15 10 742 185 127
1 10395 165 39 0 6 0 0 0 0 -9 -5 6 431 129 1286
1 10382 137 92 5 -4 0 0 0 0 -27 -17 10 1447 241 1060
1 11020 143 74 -19 -2 0 0 0 0 -5 -8 0 1481 277 1376
1 10389 149 -17 13 1 0 0 0 0 -6 -4 3 1390 314 1054
1 10396 140 67 4 -2 0 0 0 0 -22 -7 12 52 65 -32
1 10388 161 45 3 -1 0 0 0 0 -17 -7 6 -5 34 -332
1 11035 170 66 -4 0 0 0 0 0 -16 0 12 -2 27 -410
1 10389 168 46 4 -22 0 0 0 0 -18 -16 -2 -34 -1 -398
1 11349 173 16 2 22 0 0 0 0 -6 15 17 -2 9 -810
1 10395 174 114 20 -14 0 0 0 0 -56 -8 21 612 82 -2059
1 11043 177 68 -27 14 0 0 0 0 0 18 15 272 51 -1274
1 10384 154 31 4 4 0 0 0 0 -12 8 11 191 32 -1362
1 10386 143 48 4 -1 0 0 0 0 -18 8 12 111 17 -1344
1 10394 144 49 -6 -4 0 0 0 0 -7 10 7 113 19 -567
1 10928 154 40 3 -2 0 0 0 0 -11 9 9 97 16 -1815
1 10383 160 42 -1 -2 0 0 0 0 -10 10 8 163 31 -777
1 8836 143 -16 8 96 -9 1258 4 0 -9 79 37 254 50 10665
1 11164 156 -44 30 87 44 133 0 2 -25 64 25 160 29 -14228
1 10001 125 -38 5 2 0 0 0 0 7 -10 -4 20 7 -2547
1 10000 135 -3 -5 3 0 0 0 0 3 2 -1 157 20 -2046
1 9420 117 57 -4 -6 0 0 0 0 -9 13 5 175 29 -2422
1 10580 137 6 4 3 0 0 0 0 -2 7 2 59 14 -1706
1 10000 135 -7 -2 3 0 0 0 0 0 -1 0 13 9 -2741
1 9999 137 -34 1 4 0 0 0 0 7 -8 -3 73 17 -2233
1 10000 135 -48 5 0 0 0 0 0 7 -16 -5 162 15 -2549
1 10001 126 -13 -4 -5 0 0 0 0 8 -9 -4 41 5 -1299
1 8997 129 15 -9 -93 0 -1243 1 0 10 -80 -28 10 1 10624
1 13881 191 84 2 -100 0 -148 0 -2 -14 -59 -29 89 12 -16487
1 10372 142 30 5 8 0 0 0 0 -14 15 10 19 5 -2572
1 9565 155 49 0 23 0 15 0 0 -9 36 20 155 29 10917
1 10820 132 -25 -9 170 -7 1366 0 2 3 150 44 110 7 -14500
1 9999 131 -10 8 -3 0 0 0 0 -6 -6 0 108 15 -1944
1 9999 133 2 -1 -6 0 0 0 0 3 -5 -1 160 15 -1233
1 8037 112 13 1 1 -1 0 0 0 -5 6 2 388 45 10319
1 11964 129 22 0 -1 1 1 0 0 -4 6 1 107 26 -14525
1 10000 140 22 -2 1 0 0 0 0 -2 11 1 37 8 -1535
1 10000 125 37 2 -2 0 0 0 0 -7 13 2 23 4 -2066
1 11591 144 -21 -10 157 -11 1403 0 -2 12 148 -10 93 6 -2266
1 10921 144 -9 -6 23 0 0 0 0 4 17 -5 179 17 -2987
1 10385 121 -21 3 0 0 0 0 0 -1 -9 2 159 20 -1975
1 10378 132 11 -9 -5 0 0 0 0 6 0 0 124 -8 -1787
1 10365 136 39 -3 5 0 0 0 0 1 21 -5 37 -48 -2201
1 11027 156 77 1 -7 0 0 0 0 -5 25 -8 156 -53 -2105
1 10369 124 22 5 9 0 0 0 0 -3 18 -5 37 -33 -2131
1 10378 150 17 -1 2 0 0 0 0 1 8 -4 7 -10 -2362
1 10368 138 39 1 -9 0 0 0 0 5 7 -2 47 -32 -2298
1 10932 148 62 3 -2 0 0 0 0 1 21 -10 261 -28 -1561
1 10365 142 5 -12 25 0 0 0 0 12 23 -14 -28 -4 -2146
1 10378 152 7 15 -11 0 0 0 0 -11 -7 6 22 1 -1774
1 10372 154 11 0 -6 0 0 0 0 -2 -1 1 -18 -1 -1289
1 10923 153 -71 9 40 0 0 0 0 -14 10 -3 30 4 -2116
1 10370 139 -48 11 -35 0 0 0 0 -15 -48 23 38 9 -1727
1 10365 134 -20 -29 -18 0 0 0 0 27 -26 6 -9 -3 -2244
1 11378 162 25 1 18 0 0 0 0 1 26 -9 -13 -4 -1907
1 10910 162 -35 31 -3 0 0 0 0 -35 -15 10 41 1 -2627
1 10364 139 -90 -2 43 0 0 0 0 3 3 -1 168 19 -1953
1 10689 152 21 -30 -52 0 0 0 0 29 -41 9 26 -5 -1505
1 10367 152 37 -8 23 0 0 0 0 4 36 -13 -115 -8 -1867
1 10799 185 13 28 -8 0 0 0 0 -20 0 5 19 6 -1221
1 10360 155 -96 0 18 0 0 0 0 -2 -23 7 33 -6 -973
1 10367 153 -28 -10 -21 0 0 0 0 16 -32 7 36 -22 -857
1 10357 181 -35 8 25 0 0 0 0 -5 10 -3 13 -23 -1272
1 10903 172 -37 9 -27 0 0 0 0 -2 -41 9 40 -30 -637
1 8778 143 17 -7 -110 22 -1422 1 0 9 -100 7 3 -3 11329
1 11223 158 26 18 -77 0 -3 0 2 -16 -65 -4 -15 -10 -12437
1 10000 148 -9 -3 4 0 0 0 0 2 -1 -1 -10 -24 -688
1 10000 132 -7 3 2 0 0 0 0 0 1 1 -3 -10 -391
1 10000 145 13 0 -8 0 1 0 0 -3 -4 0 -22 -24 -889
1 10001 127 0 4 4 0 0 0 0 -2 5 1 -2 -4 -392
1 9999 132 8 -2 3 0 0 0 0 -2 6 1 -4 -4 -738
1 9424 110 7 -1 1 0 -1 1 0 -3 3 0 -1 -2 -32
1 10576 119 3 1 2 0 0 0 0 2 4 0 -34 -36 -834
1 10001 112 42 4 6 0 0 0 0 -12 23 5 -25 -30 -624
1 9999 111 55 4 -34 0 0 -1 0 -7 -12 -2 -61 -50 -525
1 10000 80 80 -17 -10 0 0 0 0 13 24 2 -59 -26 -345
1 9999 94 -40 12 39 0 0 0 0 -8 23 1 14 -10 -41
1 8791 81 -60 -7 137 0 1412 0 0 2 110 -11 -10 -7 10405
1 13895 133 0 -13 34 0 17 1 -2 12 32 -9 -30 -16 -12197
1 11024 109 -41 4 -2 0 0 0 0 -1 -19 5 11 2 -322
1 10351 122 -45 6 14 0 0 0 0 0 -4 1 3 0 -465
1 10361 98 48 -22 -18 0 0 0 0 18 2 -2 -15 -8 -754
1 10367 113 21 12 26 0 0 0 0 -14 34 -8 -36 -12 -211
1 11024 114 -22 20 -13 0 0 0 0 -18 -21 8 -56 -26 -726
1 14571 173 -42 -12 -8 0 0 0 0 16 -26 4 32 8 -889
1 9183 110 -37 5 -30 0 -461 0 0 0 -45 7 1 1 9973
1 11180 107 138 -10 -159 0 -940 0 2 1 -100 2 -11 -4 -10448
1 9999 102 6 17 11 0 0 0 0 -17 13 2 2 -1 -363
1 10000 95 32 -10 2 0 0 0 0 5 16 1 -30 -15 -151
1 8809 97 -11 7 116 0 1340 -1 0 -2 112 -9 -34 -8 10989
1 13897 147 -21 -12 74 0 67 0 -2 7 62 -18 -32 -21 -11912
1 10920 100 -45 8 -10 0 0 0 0 -7 -28 10 -16 -9 -276
1 10363 102 -23 -4 4 0 0 0 0 8 -6 1 -4 -5 -393
1 10375 100 -25 13 9 0 0 0 0 -11 -2 0 -10 -5 -181
1 10377 102 -50 -12 -17 0 0 0 0 19 -37 7 1 -1 -228
1 9647 113 -3 -4 -32 0 -461 1 0 4 -33 4 -8 -4 9311
1 11172 117 80 6 -153 0 -963 0 2 -9 -118 0 -3 -4 -9603
1 10000 109 86 9 14 0 0 0 0 -16 51 5 -37 -16 -280
1 10000 106 33 0 -12 0 0 0 0 -2 1 1 -7 -5 -289
1 9169 83 -49 -16 126 0 1260 0 0 16 105 -10 7 0 9764
1 13934 133 -69 31 68 0 147 0 -2 -27 38 -7 -41 -22 -11398
1 10385 77 38 -29 -16 0 0 0 0 27 0 -2 -21 -8 -403
1 10366 93 -23 18 10 0 0 0 0 -19 0 1 -26 -16 -81
1 10907 75 3 -32 -4 0 0 0 0 33 -4 -2 -53 -30 -973
1 10373 89 -7 20 1 0 0 0 0 -21 -1 3 -110 -49 -634
1 10368 79 -41 1 8 0 0 0 0 3 -10 1 33 -15 -911
1 10375 92 -37 -4 2 0 0 0 0 9 -13 3 10 -8 104
1 11013 97 -31 5 -4 0 0 0 0 -1 -17 3 41 3 -368
1 9876 100 6 1 -113 0 -1292 0 0 7 -106 7 28 0 9177
1 10124 102 3 3 -70 0 -108 -1 2 -2 -69 -7 16 -1 -9797
1 10000 101 -45 4 4 0 0 0 0 5 -12 -3 72 1 -192
1 10001 96 -14 -2 -4 0 0 0 0 6 -9 -4 22 3 -229
1 9997 111 -13 5 2 0 0 1 0 2 0 0 6 1 -361
1 11823 131 4 46 -28 208 -204 -1 -4 -46 -27 -2 26 2 9109
1 8552 43 -19 145 -1 0 0 -36 0 -131 -1 -6 11 -5 997
1 9393 27 -3 -6 7 0 1 -46 0 2 3 0 7 -1 615
1 9059 46 -8 -18 0 0 -1 -45 0 20 -3 3 1 0 200
1 9991 29 -28 5 4 0 1 -51 0 4 -4 -1 6 -2 -272
1 9991 32 -11 -4 -3 0 0 -50 0 9 -5 0 7 -1 -258
1 10326 28 -31 -13 4 0 -1 -51 0 21 -6 -1 10 1 261
1 9689 14 -25 -1 1 0 0 -49 0 9 -5 0 -1 -1 -439
1 10000 13 -18 -1 -8 0 1 -49 0 9 -10 -3 -1 -1 480
1 15001 -10 -75 132 20 419 100 -21 0 -105 4 -12 5 -1 -2423
1 8862 -50 -38 336 4 0 1 -35 0 -270 9 -151 -4 3 819
1 9560 -57 34 -46 -2 0 0 -47 0 24 3 24 1 2 199
1 8535 -64 24 4 7 0 0 -44 0 -8 13 -3 3 2 641
1 8211 -84 39 -7 2 0 0 -43 0 -7 5 -3 -32 3 771
1 9839 -113 8 -3 -4 0 0 -49 0 3 3 2 -43 4 541
1 10012 -138 16 3 0 0 1 -52 0 -6 5 -3 -13 0 -175
1 9974 -145 39 -8 8 0 -1 -52 0 -5 12 0 -70 -4 -413
1 10010 -158 32 -7 -2 0 0 -53 1 0 9 1 -58 -4 -517
1 15626 -284 51 24 158 0 1352 -12 1 -34 114 -15 46 60 -13756
1 11013 -221 21 -3 -3 0 0 0 0 2 6 -2 14 10 -664
1 10358 -213 46 -1 22 0 0 0 0 -8 26 -9 -21 -21 -497
1 10366 -225 27 0 -11 0 0 0 0 -4 0 -5 34 24 -175
1 9161 -194 8 30 -72 9 -1237 -1 0 -13 -43 -15 116 60 9017
1 10261 -268 -13 -46 -115 -24 -148 -1 2 30 -77 26 -14 -6 -9223
1 10578 -216 17 -1 26 0 0 0 0 0 25 6 26 14 -1211
1 10000 -206 -31 -1 -45 0 0 0 0 5 -42 -6 76 28 -30
1 9939 -225 -55 -12 26 -36 -2 -1 0 11 -3 15 -35 -7 -597
1 10621 -197 -86 -26 -17 0 0 0 0 38 -36 23 130 49 232
1 10001 -178 0 0 14 0 0 0 0 0 11 3 -2 3 -644
1 11685 -217 18 35 100 1 1377 0 -2 -33 74 -11 -40 -13 -947
1 10622 -219 90 -24 72 0 0 0 0 -1 78 0 -22 -6 -800
1 11010 -211 -14 20 22 0 0 0 0 -14 5 -13 88 37 -38
1 10361 -211 15 -21 4 0 0 0 0 12 11 10 19 12 -603
1 10364 -201 45 4 -15 0 0 0 0 -8 5 -6 53 24 -423
1 9195 -172 46 1 -45 2 -645 -1 0 0 -13 0 10 19 9926
1 11159 -231 -43 -4 -137 5 -727 1 2 10 -111 1 70 84 -10970
1 10000 -196 -57 -7 -4 0 0 0 0 11 -22 7 37 39 184
1 10001 -192 -22 2 5 0 0 0 0 4 -3 2 31 31 444
1 9426 -185 -21 0 4 0 -1 -1 0 2 -4 3 14 15 -648
1 10573 -207 -10 -1 -7 0 0 0 0 4 -7 1 8 15 -170
1 10000 -182 -28 -4 6 0 0 0 0 8 -4 5 17 24 -461
1 8720 -170 -13 1 77 0 1354 0 0 -5 46 8 6 19 9529
1 13890 -279 108 15 119 0 22 0 -2 -32 116 -25 -95 59 -11396
1 10908 -223 115 -8 13 0 0 0 0 -7 46 -18 -86 37 -717
1 8895 -150 67 8 -179 5 -1375 0 0 -3 -97 9 -9 7 10151
1 11106 -174 20 -31 -62 -20 -38 0 2 18 -39 18 -26 6 -10552
1 9999 -117 -40 15 28 0 0 0 0 -8 7 -9 4 3 497
1 10001 -128 13 -15 -4 0 0 0 0 12 2 11 8 2 -259
1 8705 -90 79 8 -78 9 -1304 0 0 -5 -29 -8 -50 1 9698
1 13880 -203 -113 20 -41 0 -14 0 -2 -10 -64 -28 -6 7 -10871
1 10349 -188 -27 -26 11 0 0 0 0 20 -5 18 -1 0 112
1 10902 -213 -2 17 -117 0 0 0 0 -2 -73 -45 -73 1 -786
1 10359 -181 -47 -19 90 0 0 0 0 8 37 37 -9 -4 96
1 9175 -144 -85 1 5 -1 419 -1 0 18 -21 2 -3 1 10116
1 11178 -184 -51 14 109 1 921 0 2 -8 60 24 -24 0 -10183
1 10000 -154 12 2 56 0 0 0 0 -8 42 4 -29 5 -176
1 10000 -164 10 10 -6 0 0 0 0 -9 -1 -7 -58 7 -102
1 8460 -143 51 -9 -2 -1 1 0 0 3 18 4 -23 5 9181
1 11541 -185 12 -2 -13 1 -1 -1 0 -2 -7 -4 -67 16 -9162
1 10000 -164 -26 -12 -21 0 0 0 0 13 -25 6 -73 31 14
1 10000 -148 -33 5 10 0 0 0 0 2 -2 3 -134 55 -89
1 10002 -166 -57 -2 2 0 0 0 0 12 -17 4 -55 36 196
1 9998 -163 -66 0 4 0 0 0 0 14 -14 9 14 25 -19
1 10000 -157 -41 1 -16 0 0 0 0 12 -21 0 -253 0 184
1 8746 -132 -54 2 93 0 1380 0 0 10 56 24 -67 -4 9682
1 13881 -258 37 11 104 0 21 1 -2 -25 79 -4 -45 -3 -10984
1 10354 -165 27 -2 -2 0 0 0 0 -5 6 -4 -23 2 34
1 10908 -186 14 -1 6 0 0 0 0 -1 12 -1 -8 3 -48
1 10355 -158 54 -7 -3 0 0 0 0 -12 7 -7 -29 -1 -352
1 10358 -157 -8 16 -5 0 0 0 0 -7 -5 -8 -389 -47 448
1 10348 -177 33 -6 4 0 0 0 0 -4 10 -3 -176 -19 -440
1 10909 -189 -23 6 0 0 0 0 0 1 -8 -1 -465 -77 247
1 10354 -181 -1 -4 7 0 0 0 0 3 5 2 -351 -46 97
1 10359 -181 64 -6 -3 0 0 0 0 -8 19 -6 -46 -10 -242
1 10355 -185 59 -3 2 0 0 0 0 -8 18 -10 -84 -12 45
1 11483 -186 78 -5 2 0 0 0 0 -10 25 -11 -294 -43 -516
1 8750 -131 79 5 -87 5 -1364 0 0 -4 -32 -1 -77 -13 9495
1 11254 -192 42 -8 -99 0 -4 -1 2 6 -55 5 -145 -24 -8759
1 10000 -150 -12 2 3 0 0 0 0 -2 -2 1 -471 -88 -132
1 10001 -153 65 11 -1 0 0 0 0 -6 22 -8 -307 -37 -82
1 11443 -180 13 -3 -127 1 -1407 0 -2 1 -86 -8 -32 -9 -146
1 10616 -162 7 -1 -86 0 0 0 0 2 -56 -18 4 -1 450
1 10355 -168 -23 -13 31 0 0 0 0 8 10 13 -83 -11 327
1 10901 -172 -26 -4 -9 0 0 0 0 7 -15 -1 -209 -27 201
1 10356 -147 -54 4 -11 0 0 0 0 4 -24 -8 -595 -101 -334
1 10365 -166 -56 -16 -12 0 0 0 0 14 -30 -1 -21 -11 166
1 10371 -152 -90 26 34 0 0 0 0 -6 0 -6 -9 -5 617
1 11430 -166 -65 0 94 -1 1278 -1 0 7 43 28 -27 -6 9345
1 8392 -129 -18 -7 71 1 119 0 2 5 43 21 -22 -5 -8400
1 10619 -149 -52 1 2 0 0 0 0 10 -13 5 -31 -4 -94
1 10001 -145 -35 -1 8 0 0 0 0 9 -3 6 -31 -7 1122
1 9519 -111 -33 2 90 -1 1267 0 0 1 55 17 -7 0 9810
1 13930 -205 60 16 80 1 106 0 -2 -29 72 -16 -21 -5 -10182
1 10365 -167 36 -2 12 0 0 0 0 -6 19 -6 18 6 -297
1 10360 -145 34 -9 -3 0 0 0 0 -3 4 -3 -31 -2 154
1 10899 -144 93 -2 11 0 0 0 0 -12 39 -14 -3619 -615 -1051
1 9180 -115 126 6 -50 4 -655 0 0 -13 8 -12 -891 -173 9882
1 11176 -139 84 -16 -134 -8 -741 0 2 11 -65 14 -201 -62 -8551
1 10001 -105 40 -7 -3 0 0 0 0 6 12 5 -247 -61 1368
1 10000 -105 -4 -4 -6 0 0 0 0 1 -6 3 -327 -64 1141
1 10000 -106 20 -2 3 0 0 0 0 3 10 1 -1052 -168 443
