version: 66.11
glider: 175
mission: 9
dive: 7
start: 5 31 125 0 31 6
columns: rec,elaps_tms,depth,heading,pitch,roll,AD_pitch,AD_roll,AD_vbd,GC_phase,mag.x,mag.y,mag.z,sbect.TempFreq,sbect.CondFreq,sbe43.O2Freq,
data:
0 16730 41 3110 -671 22 247 2119 520 2 523 58 24 252970 165935 7333819
1 10020 12 -98 -35 46 0 0 286 0 -2 19 -24 -85 19 1370
1 9989 0 121 27 -47 0 0 282 0 4 -16 5 243 -8 238
1 9999 1 -35 -58 34 0 0 275 0 1 -9 -35 0 1 78
1 9996 18 111 20 -11 0 0 263 0 4 -11 -5 409 -11 131
1 10007 58 4 -6 19 0 0 257 0 -1 -1 -8 4623 -34 -121
1 10017 63 -23 -65 -19 0 0 257 0 -4 -2 -51 1974 -168 -13
1 9972 52 -8 10 -8 0 1 264 0 1 3 10 420 187 439
1 10021 149 -119 -6 32 0 -1 295 0 -4 21 7 219 335 -359
1 11804 370 -28 8 -46 486 1 162 -1 -1 10 15 347 128 170
1 8459 401 146 180 -150 1901 -622 2 5 -3 -61 157 234 -25 -200
1 15520 678 75 198 -78 5 -790 2 -2 -59 -86 150 2631 424 1632
1 10294 416 48 41 -15 0 0 0 0 -18 -30 24 1211 246 27
1 10285 361 138 34 -27 0 0 0 0 -11 -52 1 1472 239 302
1 9134 296 89 9 76 -5 758 3 0 -2 27 10 389 38 -2355
1 11161 272 -3461 71 141 136 643 1 2 -45 56 59 218 23 2478
1 9998 208 92 23 23 0 0 0 0 -20 -5 16 117 -26 145
1 10000 175 -82 3 8 0 0 0 0 0 27 2 -331 -240 318
1 8193 154 -14 -2 74 -3 1405 3 0 0 59 -6 -372 -143 -2509
1 14758 252 3507 4 107 0 17 0 -2 -7 101 -23 -274 -88 2373
1 10300 182 -95 14 2 0 0 0 0 -19 25 2 -148 -58 -28
1 9120 155 -123 1 -42 0 -679 1 0 -6 -2 9 -151 -61 -2090
1 11172 208 -56 -47 -134 -45 -748 0 2 31 -93 7 -122 -49 2561
1 10000 204 17 -5 -10 0 0 0 0 8 -11 -3 -181 -124 82
1 10002 209 -46 -1 10 0 0 0 0 -6 17 1 227 -72 123
1 8567 189 -48 -8 -75 -26 -1348 0 0 2 -48 8 32 7 -2323
1 14486 324 11 -16 -107 -1 -20 -1 -2 18 -75 -14 287 57 2401
1 10951 234 5 3 0 0 0 0 0 -1 0 0 60 10 112
1 10293 230 -23 -6 -6 0 0 0 0 1 0 -1 542 97 303
1 10287 203 75 13 -2 0 0 0 0 1 -17 0 99 -38 -117
1 10294 209 73 3 7 0 0 0 0 4 -10 -6 331 53 -48
1 10945 209 72 0 -12 0 0 0 0 4 -24 -9 662 151 4
1 9112 188 111 0 64 0 1036 0 0 4 20 -1 70 9 -2327
1 11172 228 -3534 -11 116 0 352 0 2 2 67 1 87 19 2518
1 10001 186 53 6 4 0 0 0 0 -1 -10 1 66 4 -191
1 10000 202 -3 13 2 0 0 0 0 -6 2 6 -33 -10 91
1 8211 172 39 -20 68 0 1399 0 0 13 38 -13 -6 -4 -2283
1 13794 277 -48 0 119 0 15 0 -2 -4 92 -21 -72 -42 2245
1 10275 218 3533 10 3 0 0 0 0 -9 19 1 -2 -4 300
1 10824 225 -38 -9 -8 0 0 0 0 6 1 -7 -44 -27 -184
1 10287 230 -32 4 9 0 0 0 0 -5 14 -1 24 -9 139
1 10286 231 -70 4 0 0 0 0 0 -11 16 0 15 -1 104
1 8010 171 -83 3 -75 0 -1410 0 0 -6 -31 24 3 -2 -2393
1 11991 252 -1 -6 -111 0 -11 0 2 10 -76 15 -18 -11 2488
1 10000 209 -9 3 2 0 0 0 0 -3 3 3 -14 -8 -171
1 9999 219 36 4 -5 0 0 0 0 0 -11 2 -40 -13 217
1 10000 202 -12 -3 -4 0 0 0 0 2 -1 -2 22 8 12
1 10001 227 11 3 12 0 0 0 0 -4 6 3 25 0 -87
1 10000 219 -26 -6 -8 0 0 0 0 3 0 -4 -25 -9 64
1 10001 224 -40 -3 -81 0 -1285 0 0 2 -49 5 -20 -7 -2246
1 13809 320 81 5 -89 0 -72 0 -2 7 -80 -9 132 44 2253
1 12860 319 62 -8 -26 0 0 0 0 7 -31 -13 16 4 97
1 11932 288 18 11 67 -1 1038 -1 0 -8 41 14 10 -1 -2712
1 11159 228 31 8 101 1 337 0 2 -7 65 9 13 11 2573
1 10001 183 -110 -10 32 0 0 0 0 0 48 -6 -1 0 266
1 10000 190 -120 -7 11 0 0 0 0 -7 32 1 49 14 0
1 8143 153 -21 6 -71 0 -1370 1 0 -3 -47 14 -27 -8 -2264
1 13807 253 87 -9 -108 0 -16 0 -2 20 -92 -17 -39 -16 2417
1 10287 193 103 2 -21 0 0 0 0 4 -37 -11 -6 -3 43
1 10842 201 -14 -16 19 0 0 0 0 7 18 -6 18 6 -2
1 10307 208 39 24 -2 0 0 0 0 -12 -13 11 5 -2 40
1 8065 153 60 -5 70 0 1383 -1 0 4 36 1 -2 -3 -2474
1 11935 210 -17 3 109 0 -1 1 2 -8 82 5 -69 -23 2587
1 9998 175 -22 8 12 0 0 0 0 -2 14 2 33 10 -181
1 10000 177 12 -3 -30 0 0 0 0 4 -25 0 -10 -10 433
1 10001 166 10 -1 21 0 1 0 0 -1 13 -1 -10 -17 -272
1 10001 186 -34 -2 -7 0 0 0 0 1 3 -1 3 -6 288
1 10000 178 -60 -1 -11 0 0 0 0 -4 5 2 25 -2 -51
1 9999 184 -21 4 12 0 0 0 0 -3 14 2 -8 -6 -10
1 10000 186 20 -5 -8 0 0 0 0 2 -11 -2 -116 -67 -263
1 10001 186 42 2 -7 0 0 0 0 4 -14 -1 -69 -23 320
1 9420 181 50 -2 1 0 0 -1 0 2 -11 -2 -16 -20 157
1 10578 216 68 3 1 0 0 0 0 4 -15 0 60 6 -155
1 10001 198 -3548 -2 5 0 0 0 0 -2 -8 0 126 21 36
1 8126 171 47 -1 73 0 1392 1 0 3 40 -7 64 8 -2346
1 14427 286 27 -10 101 0 8 0 -2 5 60 -20 189 25 2372
1 10293 211 8 1 11 0 0 0 0 0 5 0 86 10 78
1 13024 300 -113 52 -175 210 -1622 -1 -2 -33 -89 51 -50 -24 -2737
1 8108 118 3525 103 -31 -1 -1 -37 0 -82 -6 62 -26 -39 443
1 9565 75 -71 41 11 1 0 -48 0 -37 28 18 -1 -17 -193
1 8121 48 -23 -3 4 0 0 -43 0 -3 8 2 20 -7 178
1 9991 74 -98 -10 -17 0 0 -53 0 -3 6 -1 15 -1 29
1 10014 55 75 9 13 -1 0 -51 0 4 -4 -1 -11 4 -62
1 10007 55 -115 -20 -8 0 0 -52 0 1 17 -3 71 -2 -265
1 9982 61 5 -3 16 0 0 -50 0 6 14 -5 -40 -4 267
1 9999 56 -101 -13 -1 0 0 -52 0 -5 18 -2 67 10 -479
1 10027 26 -125 96 -1 0 0 -50 0 -110 26 37 8 -2 430
1 9983 2 -96 -7 9 0 0 -51 0 -13 25 -5 11 3 0
1 9988 8 -86 -35 -9 0 0 -51 0 13 -1 -3 -9 1 -14
1 10033 -5 -142 9 8 1 0 -52 4 -45 27 2 6 1 -83
1 12797 -3 -134 102 0 448 0 -10 -4 -143 7 7 -2 0 -113
1 8152 -29 114 110 -8 0 0 -33 0 -77 -12 -7 1 2 433
1 9863 -44 207 140 10 1 0 -50 0 -80 -2 -22 -33 -2 -243
1 9166 -60 207 57 -11 0 0 -47 0 -5 -38 11 -30 -2 214
1 9989 -70 91 -18 9 0 0 -52 0 39 -7 14 -21 -7 -361
1 10014 -86 144 -7 14 0 0 -53 0 30 -25 14 -57 5 -156
1 10004 -102 96 17 11 0 0 -54 0 -7 -17 2 -19 5 244
1 9995 -121 17 -21 -31 -1 0 -53 0 21 -37 10 -11 2 -150
1 10022 -146 54 -2 15 1 0 -54 0 10 -1 2 -29 -5 -112
1 9977 -161 -3477 -16 21 -1 0 -54 0 10 -19 4 8 -2 77
1 9989 -161 167 4 11 1 0 -54 0 -7 -45 -1 -76 -11 -211
1 10023 -179 -50 18 -59 0 -1 -53 0 -11 -45 -5 42 -1 -26
1 12656 -243 -45 -12 -159 10 -1392 -24 2 13 -137 -32 -142 -25 2377
1 10620 -209 -89 -28 -19 0 0 0 0 28 9 7 42 25 -381
1 10891 -208 -30 38 6 0 0 0 0 -35 16 0 -28 -13 -120
1 10273 -206 3531 -28 -8 0 0 0 0 26 13 9 10 7 89
1 10286 -202 -48 3 12 0 0 0 0 -7 26 7 6 1 149
1 9123 -174 -26 4 60 -1 1047 -4 0 -8 68 11 36 17 -2460
1 11165 -226 -4 9 126 1 351 0 2 -17 126 -2 125 58 2264
1 10001 -207 -22 0 -7 0 0 0 0 2 0 0 36 15 -244
1 10000 -192 -2 -3 13 0 0 0 0 2 13 -2 -44 1 143
1 9418 -196 -62 -18 -10 -18 1 -2 0 11 9 1 -16 13 -66
1 10581 -180 -67 -1 -12 0 0 0 0 -6 6 -2 46 -10 -319
1 10000 -166 -18 0 18 0 0 0 0 -8 20 -6 -35 -3 215
1 9225 -159 45 4 80 -1 1245 0 0 0 63 -18 -2 3 -2562
1 13830 -255 37 12 92 0 128 0 -2 -11 71 -35 -25 12 2125
1 10946 -202 29 -5 3 0 0 0 0 7 -4 4 -82 -7 -79
1 10300 -184 -5 17 0 0 0 0 0 -13 1 -4 -161 -26 -90
1 10290 -197 31 -12 20 0 0 0 0 14 11 -2 17 3 -94
1 10281 -206 25 5 -9 0 0 0 0 -2 -14 7 5 2 -202
1 9884 -205 -41 -7 -29 0 -12 0 0 0 -16 8 -54 -3 -2673
1 11055 -233 -142 -23 -154 -20 -1381 0 2 11 -104 40 20 27 2276
1 10000 -168 -34 -13 -4 0 0 0 0 7 4 0 23 17 -1
1 10001 -175 -7 5 -2 0 0 0 0 -4 2 0 42 45 34
1 9846 -160 71 7 74 0 1263 0 0 0 50 -17 25 22 -2836
1 13831 -271 113 8 110 0 137 0 -2 0 69 -31 -20 4 2545
1 10292 -192 67 -16 2 0 0 0 0 29 -12 11 -87 -44 34
1 8304 -118 5 11 -120 8 -1392 0 0 -4 -111 41 36 17 -2339
1 11697 -189 75 5 -4 1 -6 0 2 -1 -27 5 -19 -6 2307
1 9999 -151 -3576 -15 -1 0 0 0 0 12 -9 3 -4 -4 -66
1 9999 -127 2 0 -31 0 0 0 0 6 -31 5 -9 0 85
1 8814 -109 29 25 -8 0 0 -2 -4 -22 -18 0 -28 -2 -2543
1 9996 -142 -2 6 7 -1 0 -53 0 -8 8 -3 23 5 -5
1 10019 -167 3537 -10 -21 0 0 -54 0 12 0 2 4 -4 -20
1 9994 -175 -8 -31 37 0 0 -55 0 21 39 -2 12 6 -23
1 11546 -197 -13 14 -44 0 0 -49 4 -10 -40 3 -46 -9 2261
1 10619 -172 -3 -7 8 0 0 0 0 5 9 0 13 4 -56
1 10001 -163 -15 -13 -24 0 0 0 0 15 -20 3 5 -4 173
1 8834 -134 18 18 -14 24 -2 -6 -4 -19 -20 -1 19 16 -2252
1 10000 -163 -15 25 26 0 -1 -55 0 -21 31 -4 20 6 -320
1 9660 -189 43 -9 10 0 0 -53 4 9 -2 2 57 23 -45
1 11505 -261 -21 12 -5 0 0 -2 0 -12 1 -3 6 9 2288
1 10000 -230 -54 -29 -19 0 0 0 0 24 -3 4 -173 -22 -29
1 10000 -204 -55 6 5 0 0 0 0 -14 21 -4 -66 -11 105
1 9997 -210 -33 -4 9 0 0 -2 0 -2 17 -3 58 63 -279
1 10003 -198 -60 -1 -4 0 0 0 0 -7 13 -2 -7 21 209
1 10001 -200 -35 22 0 0 0 0 0 -22 12 -7 -787 -136 -311
1 8142 -179 14 -2 76 1 1371 0 0 -8 64 -19 -486 -24 -2215
1 14675 -397 185 -12 123 -1 24 0 -2 31 65 -22 55 -1 2083
1 10656 -268 8 5 -112 9 -1395 -1 2 3 -104 40 -40 -9 -35
1 10618 -274 -23 3 -82 0 0 0 0 5 -72 14 -6 -3 -61
1 9999 -233 -4 -1 -1 0 0 0 0 -2 0 -1 -118 -21 -135
1 10001 -241 44 -6 10 0 0 0 0 7 -4 2 -325 -55 -29
1 9999 -241 -3539 -1 1 0 -1 0 0 1 -18 1 -401 -61 57
1 10001 -225 3557 0 -11 0 0 0 0 2 1 1 7 143 -171
1 10000 -233 -8 -6 7 0 0 0 0 1 10 -1 698 277 57
1 9999 -233 45 4 2 0 0 0 0 2 -11 2 140 75 -114
1 10001 -227 -3556 1 1 0 0 0 0 0 -13 0 10 15 -57
1 10000 -221 26 -5 -10 0 0 0 0 4 -19 1 8 9 -73
1 8076 -170 5 10 -74 8 -1362 0 0 -4 -77 -6 3 23 -2340
1 14576 -342 3518 -5 -103 0 -11 0 -2 3 -75 -17 73 37 2155
1 10299 -224 -59 -7 -9 0 0 0 0 3 9 3 79 26 -56
1 10294 -205 -141 -8 -11 0 0 0 0 1 33 8 -535 -18 66
1 8115 -154 -67 12 78 -13 1389 -1 0 -26 97 8 134 126 -2434
1 11885 -223 -28 -3 110 0 0 0 2 -12 111 -11 -124 1 2431
1 10000 -201 -64 -1 1 0 0 0 0 -11 16 -5 -303 -42 -93
1 10000 -188 -78 -4 -1 0 0 0 0 -10 15 -7 -833 -135 -41
1 8146 -150 19 -5 79 1 1358 -1 0 2 65 -21 -22 28 -2032
1 14645 -287 168 13 113 0 22 1 -2 14 66 -30 -713 -55 2063
1 10288 -219 122 -2 15 0 0 0 0 22 -13 11 -407 -84 14
1 9961 -196 91 -4 -71 -1 -973 -1 0 18 -87 40 -833 -174 -2355
1 11168 -244 -17 -9 -118 0 -423 1 2 6 -110 24 -950 -192 2242
1 10001 -187 9 -10 3 0 0 0 0 11 1 2 -575 -114 -25
1 9999 -180 -98 12 -11 0 0 0 0 -19 18 -4 -282 -34 66
1 10000 -185 -61 -2 -1 0 0 0 0 -5 16 -3 22 14 -120
1 10001 -204 -33 2 3 0 0 0 0 -11 10 -4 23 13 57
1 10000 -195 -42 3 4 0 0 0 0 -7 15 -4 -192 31 -194
1 8107 -150 54 0 69 0 1375 0 0 3 51 -14 -187 -8 -1903
1 13838 -297 -231 88 51 0 24 -1 -2 -129 81 -75 -10435 241 2060
1 10944 -81 -422 -346 84 0 0 0 0 240 100 -26 -3475 292 257
