version: 66.11
glider: 175
mission: 10
dive: 22
start: 1 24 126 7 46 9
columns: rec,elaps_tms,depth,heading,pitch,roll,AD_pitch,AD_roll,AD_vbd,GC_phase,mag.x,mag.y,mag.z,sbect.TempFreq,sbect.CondFreq,aa4330.O2,aa4330.AirSat,aa4330.Temp,aa4330.CalPhase,aa4330.TCPhase,wlbb2f.redCount,wlbb2f.blueCount,wlbb2f.fluorCount,wlbb2f.VFtemp,
data:
0 22327 -26 473 -677 30 250 2270 657 2 522 -177 -10 291463 181990 411126 100344 3971 32845 32845 678 237 112 573
1 9992 31 8 -6 13 0 0 293 0 1 0 1 -154 4 -69555 -9050 3568 393 393 -25 0 16 0
1 9996 16 37 -4 -13 0 0 291 0 -4 -5 5 -191 22 -14531 -3693 88 492 492 -25 -5 -2 0
1 10004 43 -50 -10 -28 1 0 285 0 5 3 -29 -139 -174 -3537 -775 81 93 93 30 -8 -19 0
1 10003 20 3 4 0 -1 0 280 0 1 2 7 -926 60 418 510 186 -114 -114 -12 11 56 0
1 9995 26 69 21 -32 1 0 265 0 -8 -18 24 251 -667 -1552 -297 57 30 30 -39 -31 -92 0
1 9986 65 -10 -23 28 -1 0 265 0 4 1 -17 -3951 -2943 -907 83 155 -45 -45 -119 -43 -2 0
1 10020 112 75 -52 60 0 0 290 0 -4 -9 -7 -1313 -5770 -4252 -513 304 7 7 -114 7 45 0
1 12546 278 83 -20 -64 456 32 110 -1 -6 -22 -13 -1946 -3125 -3848 -451 289 2 2 43 10 -13 0
1 7904 245 5 224 -30 1687 -608 2 5 -45 -5 171 -168 -400 -4689 -824 227 70 70 50 -2 8 0
1 14992 346 80 230 -171 0 -737 2 -2 -141 -117 91 744 -154 -14937 -3777 180 524 524 49 14 -8 0
1 10001 188 6 13 -10 0 0 0 0 -11 -9 1 -942 -457 -2515 -564 69 72 72 -58 -12 -4 0
1 10001 178 -12 -4 5 0 0 0 0 7 5 -1 354 -16 -3122 -717 79 93 93 9 6 1 0
1 9999 187 -51 -13 2 0 0 0 0 22 12 -11 -15 -229 -903 -283 -16 48 48 35 11 -2 0
1 10311 200 -126 2 16 0 0 0 0 29 36 1 -450 -422 -1576 -370 36 50 50 4 -8 -6 0
1 10000 171 -17 7 -36 0 0 0 0 0 -17 -16 -255 -360 -1990 -453 54 60 60 -10 1 -5 0
1 10000 203 99 30 -2 0 0 0 0 -43 -29 21 -348 -232 -4855 -1270 46 192 192 15 6 1 0
1 9999 166 60 -5 11 0 0 0 0 -13 -6 6 -235 -199 -2495 -608 48 88 88 -9 -2 -2 0
1 10312 168 48 -8 0 0 0 0 0 -8 -3 4 -147 -122 -2028 -504 35 74 74 -2 2 2 0
1 10001 163 8 0 4 0 0 0 0 -2 -2 1 -84 -86 -1308 -314 28 46 46 35 5 2 0
1 10000 170 11 -15 -16 0 0 0 0 7 -7 -14 -23 -66 -1288 -317 25 46 46 -56 -8 -3 0
1 10000 178 87 20 -12 0 0 0 0 -40 -21 13 -159 -153 -1299 -341 12 54 54 101 13 4 0
1 10027 192 64 5 53 -2 372 2 -2 -26 17 37 -187 -90 -1311 -298 40 41 41 -74 -12 -4 0
1 11173 185 145 36 136 66 984 1 4 -78 95 104 -288 -222 -1107 -286 14 44 44 -59 -13 -3 0
1 10000 150 42 14 43 0 0 0 0 -27 39 23 -55 -26 -1347 -287 50 37 37 71 16 5 0
1 10001 144 -14 -9 4 0 0 0 0 11 -1 -3 -39 -83 -497 -104 21 13 13 19 -6 -1 0
1 8883 120 102 31 93 52 1014 1 0 -64 96 42 -313 -96 718 206 2 -35 -35 -113 -33 -38 0
1 13976 138 -35 21 170 -2 385 0 -2 -11 145 7 207 30 -1775 -415 48 59 59 69 31 43 0
1 10001 104 -17 8 -14 0 0 0 0 -1 -15 1 -6 -9 -531 -132 9 21 21 0 6 -7 0
1 10000 98 42 -24 -8 0 0 0 0 10 3 -2 -7 -2 -43 -18 -3 3 3 7 -4 1 0
1 10315 144 -16 -12 -17 0 0 0 0 14 -21 -1 -367 -136 -608 -166 3 28 28 -57 -14 2 0
1 10000 116 -17 29 -8 0 0 0 0 -18 -8 4 -61 -31 -193 0 31 -7 -7 1 1 0 0
1 10000 127 -47 9 37 0 0 0 0 6 23 -3 -188 -77 -355 -63 21 6 6 49 5 0 0
1 10000 88 35 12 -17 0 0 0 0 -21 -6 4 -51 -26 -604 -136 19 19 19 5 8 0 0
1 10319 113 10 -36 2 0 0 0 0 28 2 -5 51 4 -641 -166 9 26 26 -61 -7 0 0
1 9999 119 14 6 -2 0 0 0 0 -12 -2 2 -41 -15 -294 -69 8 10 10 23 -1 1 -1
1 10000 118 -23 -6 -28 0 0 0 0 14 -30 -1 -69 -28 -231 -59 4 9 9 -6 -6 2 1
1 10001 113 -85 39 3 0 0 0 0 -3 -8 1 21 2 -469 -101 18 14 14 -13 0 -4 0
1 10213 118 -63 3 -8 0 0 0 0 22 -10 -5 -45 -15 -216 -52 4 7 7 28 0 1 0
1 9999 118 -39 -38 22 0 0 0 0 46 13 -11 -21 -16 -500 -156 -8 29 29 66 19 0 0
1 10000 128 15 20 27 0 0 0 0 -23 25 6 37 9 -109 -13 11 0 0 -57 -14 1 0
1 10001 113 1 -17 -1 0 0 0 0 14 -3 -4 14 -4 -512 -140 2 23 23 -19 1 -1 0
1 10519 141 -64 27 -32 0 0 0 0 2 -24 0 -27 -8 -168 -48 0 9 9 3 -2 -1 -1
1 8832 95 -29 3 -56 0 -597 0 0 9 -45 -6 -44 10 43 22 6 -6 -6 85 12 1 1
1 11168 118 30 -11 -145 0 -803 0 2 0 -127 -30 83 1 -396 -119 -4 22 22 -73 -11 -2 0
1 9998 89 -8 4 8 0 0 0 0 0 8 3 -33 -21 101 11 -11 0 0 95 11 4 -1
1 10000 112 12 6 16 0 0 0 0 -10 10 7 -32 -2 -221 -46 10 6 6 -100 -10 -4 1
1 10001 94 9 -7 -23 0 0 0 0 3 -19 -8 -55 -30 24 11 2 -2 -2 19 6 6 -1
1 9999 85 -23 7 -9 0 0 0 0 3 -5 -3 -155 -65 -685 -178 9 28 28 20 3 -2 1
1 10001 86 -21 -2 2 0 0 0 0 9 2 -2 -27 -8 -322 -66 15 9 9 -15 5 -2 0
1 10000 96 -49 -5 5 0 0 0 0 21 8 -5 -505 -154 -495 -117 13 17 17 -17 -9 -4 -1
1 9999 105 -16 21 -14 0 0 0 0 -11 -9 1 35 -31 -565 -112 28 13 13 -20 -9 -1 0
1 10001 62 -67 -17 1 0 0 0 0 36 6 -12 -148 -46 -832 -172 37 22 22 10 2 4 0
1 8103 71 -17 -13 -158 0 -1365 -1 0 16 -108 -68 -5 1 932 291 16 -54 -54 -39 11 32 0
1 14103 120 65 38 -72 0 -42 0 -2 -51 -61 -26 51 11 -2012 -555 8 94 94 20 -5 -26 1
1 10001 73 67 -16 0 0 0 0 0 -9 -4 1 5 -14 -560 -146 8 24 24 16 -9 -8 -1
1 15580 135 59 -29 220 42 1285 0 -2 1 153 102 13 12 -408 -106 5 17 17 -60 -3 1 0
1 7580 62 9 59 11 0 1 -35 0 -54 7 19 59 23 -57 -27 -6 7 7 38 6 5 0
1 8752 46 24 7 -13 0 -1 -44 0 -15 -11 -2 -140 -3 16 -18 -13 6 6 -23 -4 2 0
1 7608 43 28 -5 3 0 1 -38 0 -6 5 2 247 28 -151 -48 -3 9 9 24 5 -3 0
1 9311 66 20 -9 9 0 0 -48 0 0 5 3 134 47 405 106 -6 -18 -18 -8 -5 -2 0
1 9999 59 43 -1 -2 0 -1 -50 0 -15 3 4 -110 -11 115 12 -12 1 1 -18 -4 -2 0
1 9985 65 -22 -20 13 0 0 -49 0 25 8 -2 -492 -96 155 46 2 -9 -9 55 6 -1 0
1 9995 81 18 13 -14 0 0 -51 0 -17 -10 0 345 25 540 144 -6 -23 -23 25 1 1 0
1 10020 66 -8 -20 15 0 0 -48 0 21 15 1 200 52 -576 -100 37 9 9 45 17 3 0
1 9994 67 -11 10 -16 0 0 -50 0 -5 -16 -5 -414 -76 -90 -35 -5 7 7 -45 -15 -2 0
1 9983 60 -26 -25 8 0 0 -48 0 31 6 -5 -22 -16 -347 -114 -9 22 22 -60 -3 2 0
1 10019 52 -36 7 -8 0 0 -49 0 7 -9 -5 260 22 64 50 19 -13 -13 -21 -5 -2 0
1 9982 42 -3 -1 0 0 0 -52 0 2 0 -1 67 4 142 58 10 -12 -12 -19 12 -2 0
1 13431 21 35 8 5 3 0 -32 0 -19 5 9 87 1 -344 -98 0 17 17 404 19 0 0
1 7607 -27 0 405 1 340 0 -20 0 -358 1 -35 96 4 300 60 -15 -7 -7 -315 -23 -3 0
1 8983 -46 1 45 -5 0 0 -43 0 -37 -3 -20 -39 53 -367 -130 -16 26 26 109 14 5 0
1 9985 -47 -22 -39 10 0 1 -52 0 39 9 24 42 44 502 138 -2 -24 -24 -159 -8 5 0
1 10016 -68 -29 7 4 0 -1 -53 0 4 0 3 -179 -35 -198 -64 -5 13 13 10 -7 -1 0
1 9997 -80 -5 -5 2 0 0 -51 0 6 1 2 -309 -82 227 50 -8 -7 -7 20 7 0 0
1 9990 -90 -43 -1 -5 0 0 -54 0 16 -2 5 -54 -36 -311 -57 18 6 6 -36 -1 -4 0
1 9991 -118 -17 -10 -6 0 0 -52 0 14 -4 4 -203 -24 88 77 31 -21 -21 -12 0 2 0
1 10016 -108 2 -1 -1 0 0 -55 0 0 -2 0 -50 -38 -405 -97 11 15 15 51 1 -1 0
1 9991 -118 32 -17 11 0 0 -51 0 4 11 5 132 28 -524 -106 25 13 13 42 2 -3 0
1 10012 -119 10 -11 7 0 0 -56 0 6 0 3 281 94 -365 -97 3 16 16 -29 1 0 0
1 9996 -112 -66 14 -26 0 0 -55 0 11 -14 -3 -426 -124 -159 -90 -26 22 22 -25 -8 1 0
1 11222 -155 30 -11 8 0 0 -42 4 -1 5 1 245 36 -290 -28 32 -2 -2 20 7 0 0
1 10603 -132 -1 5 -8 0 0 0 0 -4 -8 -4 -9 3 -63 -20 -1 4 4 -55 -12 6 0
1 9998 -129 53 4 19 0 0 0 0 -22 16 -1 951 306 -92 -28 -2 5 5 94 14 -4 0
1 9420 -149 26 -14 1 -9 0 -4 0 3 -2 0 28 42 434 -19 -83 21 21 8 6 -1 0
1 10580 -136 7 -13 8 0 0 0 0 8 7 7 30 19 1045 252 -27 -38 -38 -12 -4 1 0
1 10000 -132 16 9 -43 0 0 0 0 -13 -35 -21 33 28 1263 319 -22 -51 -51 -57 -6 0 0
1 10057 -126 -72 -2 13 -24 0 -1 0 28 11 15 17 9 650 158 -15 -24 -24 13 -1 0 0
1 10603 -118 -19 -10 1 0 0 0 0 15 -1 5 13 10 1015 270 -10 -45 -45 11 8 1 0
1 10000 -141 -20 -17 -3 0 0 0 0 23 -1 5 8 3 460 119 -6 -19 -19 -46 -10 -4 0
1 10000 -120 -1 7 9 1 0 0 0 -7 11 2 12 7 170 43 -4 -7 -7 -5 -4 2 0
1 10000 -132 5 -5 0 0 0 0 0 3 -3 1 -3 2 145 36 -2 -5 -5 77 10 7 0
1 10000 -114 -63 -5 2 0 0 0 0 27 6 8 9 -2 384 104 -3 -18 -18 -54 -8 -1 0
1 9999 -111 -6 35 -25 0 0 -1 0 -30 -20 -15 61 27 282 78 -1 -13 -13 -19 -4 -1 0
1 10000 -140 -23 -16 17 0 0 0 0 22 18 12 10 6 161 33 -7 -4 -4 40 7 -5 0
1 10000 -124 21 1 6 0 0 0 0 -8 3 0 -12 -2 257 68 -3 -11 -11 59 9 2 0
1 10001 -147 8 2 7 0 0 0 0 -4 3 0 5 1 -10 -1 1 0 0 -91 -17 -2 0
1 9999 -146 -65 1 15 0 0 0 0 21 20 12 12 7 233 58 -4 -9 -9 56 14 0 0
1 10001 -131 6 -46 23 0 0 0 0 39 21 12 249 82 191 48 -4 -8 -8 -30 -3 1 -1
1 8698 -61 -94 44 109 -1 1370 -1 0 -9 107 18 -5 25 936 233 -18 -36 -36 -22 9 37 1
1 13295 -183 95 4 51 1 31 0 -2 -35 32 -4 70 26 -483 -160 -13 30 30 1 -18 -37 0
1 10001 -158 22 17 7 0 0 0 0 -22 0 -4 88 54 604 149 -13 -22 -22 2 2 6 -1
1 9999 -156 105 -3 16 0 0 0 0 -34 2 -9 -45 -30 678 150 -23 -21 -21 -15 5 -4 0
1 10305 -165 -10 -1 -2 0 0 0 0 5 -2 1 588 252 -294 -74 5 12 12 69 11 4 0
1 10000 -118 -3 16 18 0 0 0 0 -14 20 -4 133 100 914 156 -59 -14 -14 21 -1 -1 0
1 8857 -119 122 -20 -38 0 0 0 -1 -26 -40 -10 -189 -63 1508 375 -28 -58 -58 -50 -5 -2 0
1 11143 -143 -112 -30 -235 -22 -1428 0 3 68 -196 -28 301 158 -440 -117 4 19 19 1 1 -2 0
1 10000 -105 -1 -1 39 0 0 0 0 1 34 15 26 46 727 161 -25 -22 -22 50 2 5 0
1 10000 -111 5 5 1 0 0 0 0 -6 2 -1 -249 -161 577 141 -12 -21 -21 -78 -6 -2 0
1 10000 -110 -98 -4 -4 0 -2 -1 0 38 3 9 297 218 422 123 3 -21 -21 19 5 -1 0
1 10000 -103 -52 -3 -11 0 0 0 0 19 -2 2 88 106 15 -18 -13 6 6 -6 0 0 0
1 10000 -102 -22 -19 6 0 0 0 0 25 6 6 104 56 253 50 -12 -6 -6 30 3 3 0
1 8216 -65 25 4 106 0 1400 0 0 -12 91 22 44 123 372 79 -15 -11 -11 32 -5 -27 0
1 13289 -167 105 0 132 0 32 0 -2 -36 104 2 180 43 1407 342 -30 -50 -50 -49 0 21 0
1 10000 -115 67 -7 -4 0 0 0 0 -19 -4 -4 44 42 641 161 -10 -25 -25 10 7 3 0
1 8831 -86 32 13 -106 3 -1409 0 0 -22 -97 -12 68 106 1099 291 -10 -47 -47 45 -17 -18 0
1 11169 -136 32 -1 -102 1 -10 0 2 -11 -87 -25 214 113 81 -3 -15 4 4 -46 15 15 0
1 10000 -98 -4 -13 -8 0 0 0 0 13 -9 0 107 98 267 36 -21 -1 -1 -4 3 6 0
1 10000 -100 -81 3 -13 0 0 0 0 27 -9 3 154 121 843 203 -19 -30 -30 58 -3 -1 0
1 9422 -91 -42 2 -2 0 -1 0 0 14 -1 2 231 280 740 178 -16 -26 -26 -73 -8 0 0
1 10578 -107 63 0 1 0 0 0 0 -23 0 -5 307 249 1678 409 -34 -61 -61 35 4 0 0
1 10000 -86 43 -1 7 0 0 0 0 -15 5 -1 168 155 1106 250 -33 -33 -33 -35 3 10 0
1 9419 -86 15 22 1 41 0 0 0 -25 2 -7 436 304 1007 223 -32 -30 -30 3 -6 -9 0
1 10582 -102 16 22 -2 0 0 0 0 -24 -3 -9 -347 -20 1655 390 -40 -55 -55 -6 -7 1 0
1 9999 -108 34 -2 1 0 0 0 0 -11 4 -2 -161 -14 2063 553 -12 -87 -87 -1 5 5 0
1 8125 -87 30 -4 -111 9 -1350 0 0 -6 -83 -45 -18 34 613 211 21 -39 -39 -6 6 27 0
1 13303 -146 -68 -14 -109 1 -36 0 -2 37 -79 -45 214 88 1603 437 -6 -69 -69 9 -8 -32 0
1 10317 -108 -20 -5 -2 0 0 0 0 12 -4 1 -390 8 609 158 -6 -24 -24 -24 -3 7 0
1 10000 -103 -33 1 6 0 0 0 0 11 1 4 146 135 584 207 24 -38 -38 -7 -7 -2 0
1 10000 -91 -49 0 -13 0 0 0 0 17 -6 0 478 218 463 124 -3 -19 -19 47 14 3 0
1 8161 -79 -41 5 120 -15 1409 -1 0 10 81 66 -534 -103 1756 468 -12 -72 -72 -73 5 35 0
1 11839 -130 4 5 96 0 0 0 2 -7 79 37 -18 51 158 -7 -27 7 7 30 -19 -32 0
1 10000 -84 -7 -6 7 0 0 0 0 8 5 4 1 34 836 288 28 -52 -52 -27 -7 -6 0
1 10000 -97 12 -7 1 0 0 0 0 2 2 2 455 160 924 275 9 -45 -45 30 8 1 0
1 10000 -90 7 1 0 0 0 0 0 -4 1 -2 -39 92 1022 236 -26 -31 -31 -24 -7 3 0
1 10000 -104 11 -6 -1 0 0 0 0 2 -3 0 4 38 1306 324 -21 -47 -47 -6 2 6 0
1 10000 -88 -18 3 0 0 0 0 0 3 2 2 686 480 1017 273 -6 -41 -41 -15 -7 2 0
1 10000 -94 12 -3 -1 0 0 0 0 -2 -1 -1 435 340 985 183 -47 -18 -18 -4 2 2 0
1 10000 -98 25 -5 -7 0 0 0 0 -4 -6 -4 1385 2217 3089 714 -75 -93 -93 17 3 -7 0
1 10001 -121 248 7 -1 0 0 0 0 -94 14 -25 1686 2637 8610 1819 -289 -213 -213 116 29 14 0
1 9999 -98 236 14 -4 0 0 0 0 -83 45 -26 132 769 6915 1602 -151 -205 -205 -20 1 -4 0
