version: 66.11
glider: 175
mission: 9
dive: 255
start: 6 9 125 4 19 10
columns: rec,elaps_tms,depth,heading,pitch,roll,AD_pitch,AD_roll,AD_vbd,GC_phase,mag.x,mag.y,mag.z,sbect.TempFreq,sbect.CondFreq,sbe43.O2Freq,
data:
0 22667 -535 73 -757 2 240 2048 1327 2 534 -63 -82 248353 164577 7705256
1 9996 18 -51 -5 67 0 0 263 0 1 10 -4 46 -6 -869
1 10007 54 20 -6 -31 0 0 263 0 -2 -5 -9 -156 -23 3053
1 10015 101 -7 -17 -2 0 0 275 0 -2 0 -15 285 -62 5493
1 9978 137 3488 1 37 0 0 291 0 -1 23 -1 39 -71 1173
1 9233 226 -143 8 -8 1 0 305 4 1 33 11 414 -76 1457
1 11521 482 8 5 -119 497 -1 3 -5 -1 4 8 1282 67 -1159
1 9244 437 -3367 243 9 2052 843 3 5 -14 -63 207 8804 984 9608
1 14337 428 3297 276 204 -5 290 5 -5 -157 199 190 3499 705 7188
1 11192 111 -26 275 -156 373 -1170 1 5 -227 -89 159 50 64 -13513
1 10000 -33 30 129 -7 0 0 0 0 -119 -9 20 -4 18 807
1 10000 -26 54 12 6 0 0 0 0 -4 -6 2 -37 -6 -924
1 9716 6 98 -20 134 -45 1122 4 0 24 102 -30 7 -17 10757
1 14619 35 -86 2 35 -1 310 0 -2 -13 51 -23 -3 -73 -13526
1 10404 68 -33 -1 3 0 0 0 0 -3 10 -5 -376 -67 -588
1 10396 72 103 -31 -5 0 0 0 0 43 -29 10 234 -24 -245
1 10713 80 103 -20 2 0 0 0 0 30 -23 7 -5739 -1 -1914
1 9208 63 -3401 68 -19 1 -80 0 -2 -57 -72 30 3879 55 11965
1 11176 74 84 -310 -159 -192 -1329 0 4 271 -173 -78 1773 54 -11096
1 10001 41 146 76 12 0 0 0 0 -73 -32 37 208 28 -1028
1 10000 69 41 -13 3 0 0 0 0 3 -6 -3 -66 80 -1304
1 9476 71 2 -49 -166 -129 -1219 -1 0 34 -130 -60 63 17 11828
1 14578 126 282 -100 -16 0 -151 -1 -2 27 -57 -59 432 87 -15321
1 10397 123 116 3 -12 0 0 0 0 -33 -25 4 675 99 -310
1 11128 133 44 10 2 0 0 0 0 -21 -5 11 292 71 -1280
1 10372 136 6 2 3 0 0 0 0 -4 2 2 545 90 -1128
1 10384 142 23 3 0 0 0 0 0 -9 -5 3 671 126 -955
1 10379 139 31 1 -2 0 0 0 0 -11 -5 1 108 33 -748
1 11004 141 47 2 -1 0 0 0 0 -17 -5 5 88 22 -2113
1 10373 127 19 3 5 0 0 0 0 -9 0 4 53 16 -2247
1 10378 131 44 -3 1 0 0 0 0 -14 -5 4 27 13 -1159
1 10378 122 41 -1 -4 0 0 0 0 -11 1 5 58 8 -2286
1 10901 137 30 -2 2 0 0 0 0 -11 -2 3 45 8 -1903
1 10380 134 43 2 -3 0 0 0 0 -15 1 6 23 5 -2404
1 10373 129 35 0 6 0 0 0 0 -15 3 7 92 6 -1653
1 11199 136 48 0 -3 0 0 0 0 -15 4 7 145 20 -2333
1 10927 135 42 -1 -2 0 0 0 0 -13 3 6 9 4 -2551
1 10373 131 18 1 5 0 0 0 0 -10 4 5 1 0 -2132
1 10373 136 39 -2 -2 0 0 0 0 -9 6 7 3 0 -2007
1 10375 139 38 0 -4 0 0 0 0 -11 5 5 56 2 -1669
1 10800 137 62 6 -3 0 0 0 0 -24 11 10 211 14 -2363
1 10373 132 47 1 5 0 0 0 0 -15 16 11 62 -8 -1287
1 10379 125 72 -1 -4 0 0 0 0 -15 19 11 51 -11 -3151
1 10375 125 64 2 -3 0 0 0 0 -11 18 11 61 -13 -1485
1 10926 145 73 -5 3 0 0 0 0 -6 30 13 92 -28 -2231
1 10367 124 29 0 18 0 0 0 0 -2 27 11 15 -9 -1782
1 10367 135 43 -3 -6 0 0 0 0 1 12 3 77 -10 -2103
1 9192 125 46 1 21 0 269 -1 0 2 39 10 58 -10 9501
1 11179 110 -23 23 151 32 1114 0 2 -25 142 15 83 -4 -13584
1 9999 92 7 2 1 0 0 0 0 -4 3 1 422 41 -1853
1 10000 92 -22 7 0 0 0 0 0 -5 -7 -1 235 40 -1418
1 9715 81 -27 10 5 17 0 0 0 -9 -7 0 437 55 -1193
1 10622 90 6 8 -2 0 0 0 0 -10 1 -1 133 1 -1542
1 10001 87 0 3 -3 0 0 0 0 -2 -4 0 16 0 -1791
1 9994 81 -3 -1 0 0 1 0 0 1 0 0 6 4 -738
1 10005 82 -8 1 0 0 0 0 0 1 -5 0 11 1 -1349
1 10000 77 4 1 -3 0 0 0 0 -4 -1 0 3 0 -1424
1 9420 73 37 -2 7 0 0 0 0 4 23 0 56 -20 -606
1 10581 82 35 -1 -8 0 0 0 0 2 5 0 5 5 -1089
1 10000 76 18 -2 4 0 0 0 0 3 13 -1 39 3 -734
1 9440 62 9 4 0 0 0 0 0 -1 3 0 36 6 -659
1 10559 85 -1 -4 -10 0 0 0 0 5 -11 1 -35 -7 -218
1 10001 79 -12 3 11 0 0 0 0 -3 7 -1 -43 -26 -1116
1 9420 72 -11 -10 -2 0 -1 0 0 4 -7 0 -37 -17 -727
1 10580 93 -21 5 0 0 0 0 0 -3 -9 1 -29 -11 -56
1 10000 85 6 8 4 0 0 0 0 -7 8 -1 -9 -15 -641
1 9995 82 -22 2 1 0 1 0 0 -5 -8 1 -46 -20 -377
1 10004 84 -16 -13 -5 0 0 0 0 13 -13 1 -36 -23 -842
1 10000 85 6 11 -6 0 0 0 0 -10 -4 -1 -1 -5 -25
1 9998 93 -21 4 11 0 0 0 0 -2 4 0 -80 -53 -895
1 10002 77 3 -9 -4 0 0 0 0 6 -3 0 -128 -77 61
1 10000 92 -19 -1 1 0 0 0 0 1 -7 0 -3 -17 -912
1 9417 87 -15 5 -1 0 -1 0 0 -2 -7 0 -43 -32 37
1 10584 101 9 2 0 0 0 0 0 -3 3 0 -19 -17 -705
1 9999 101 -6 1 3 0 0 0 0 -1 1 0 -12 -11 -330
1 9997 85 2 -3 0 0 0 0 0 3 1 0 -49 -20 -180
1 10003 97 18 2 -6 0 0 0 0 -5 0 0 -25 -10 -527
1 10000 117 11 -2 3 0 0 0 0 1 8 0 -26 -16 -127
1 9419 79 -13 1 9 0 1 0 0 4 5 0 -46 -29 -37
1 10582 116 -9 1 -9 0 0 0 0 -8 -13 0 -9 -10 -369
1 9999 97 -14 -4 0 0 0 0 0 3 -8 0 1 -3 -845
1 9995 91 -4 3 1 0 0 1 0 1 1 0 -4 -4 288
1 10006 114 21 -3 -10 0 0 0 0 2 -2 0 -5 -3 -607
1 10000 100 -13 -3 9 0 0 0 0 3 3 0 1 -2 -245
1 9416 100 -9 9 3 0 0 -1 0 -4 2 1 -1 -3 186
1 10583 109 -17 -2 -4 0 0 0 0 -1 -13 -2 8 5 -612
1 10000 96 18 -4 5 0 0 0 0 3 13 1 3 -3 -131
1 9999 113 -3 -1 -6 0 0 0 0 -1 -8 0 -2 -3 -214
1 10002 100 -4 7 2 0 0 0 0 -5 1 0 -3 -4 -578
1 9999 94 15 0 0 0 0 0 0 1 6 0 -4 -2 -327
1 9998 117 -11 -3 4 0 -1 0 0 5 1 1 -4 -3 -249
1 10002 93 2 7 -3 0 0 0 0 -6 -3 -1 -5 -4 -47
1 10000 107 7 -10 1 0 0 0 0 5 4 0 -31 -18 -403
1 9421 90 -2 4 3 0 0 0 0 -1 2 0 -30 -14 77
1 10579 98 -4 6 0 0 0 0 0 -7 -2 -1 -1 -5 -394
1 10001 114 4 -8 -2 0 0 0 0 8 0 1 -8 -5 57
1 9416 69 0 1 -4 0 0 0 0 -1 -5 0 -15 -9 -264
1 10584 102 -4 3 8 0 0 0 0 0 8 0 -91 -26 -920
1 10000 88 -9 1 -7 0 0 0 0 -5 -11 -1 8 0 -79
1 9414 84 -1 -2 0 0 1 0 0 2 -2 1 -33 -16 -410
1 10585 87 -3 -3 0 0 0 0 0 3 -1 0 -7 -9 -405
1 10001 85 -11 1 0 0 0 0 0 -3 -4 0 3 -2 -193
1 9999 77 3 -1 2 0 -1 0 0 3 3 0 -5 -2 -731
1 10000 80 2 10 -2 0 0 0 0 -3 -1 -1 16 0 -304
1 16171 146 -11 24 -27 118 -208 0 -4 -24 -31 -4 -18 -7 5995
1 8209 42 14 79 2 0 0 -38 0 -76 9 -14 6 0 -412
1 8504 25 16 11 3 -1 0 -43 0 -11 9 -3 -11 0 1148
1 8224 30 14 -14 4 0 0 -41 0 11 9 4 31 8 754
1 9992 13 2 -5 2 0 0 -52 0 6 3 1 3 5 -34
1 8456 21 12 -5 -2 0 0 -44 0 3 3 2 -20 -6 831
1 9265 16 10 -6 -1 0 0 -47 0 7 2 1 -9 -3 -50
1 9985 29 3 -7 1 0 0 -51 0 7 3 2 -10 -8 -708
1 10020 10 3 -11 2 0 0 -49 0 8 3 2 3 1 437
1 9999 15 -2 -6 0 0 0 -51 0 5 -1 0 8 1 -587
1 9983 6 -1 -7 -2 0 0 -50 0 10 -2 3 -7 0 -621
1 10013 -10 -2 -3 0 1 0 -50 0 2 -1 0 -7 1 -398
1 9996 -3 7 -1 2 0 0 -52 0 1 5 0 18 -2 29
1 12210 -19 -6 3 6 15 0 -31 0 -4 3 0 16 1 -1067
1 7796 -60 3 365 1 321 0 -23 0 -305 1 -160 12 1 -433
1 10000 -72 -23 -18 2 1 0 -50 0 12 -6 11 -37 1 158
1 9994 -65 -8 11 -2 -1 0 -53 0 -4 -4 -4 22 5 -132
1 10018 -94 -4 -9 9 0 0 -54 0 1 5 1 44 24 -531
1 9996 -95 18 -7 -7 1 0 -52 0 7 1 6 88 23 -252
1 9995 -119 19 -3 5 -1 0 -54 0 2 10 3 24 11 -369
1 9981 -135 -20 -5 2 1 0 -54 0 3 -5 3 1 7 -730
1 10019 -134 -22 -12 -5 -1 0 -53 0 9 -12 6 -5 2 -686
1 9996 -133 -8 0 0 1 0 -54 0 0 -3 1 -4 -1 -290
1 9997 -146 -14 -2 1 -1 0 -55 0 3 -4 1 7 5 -535
1 10007 -154 -15 -4 4 0 0 -54 0 3 -2 4 22 11 -489
1 12809 -213 7 15 152 1 1454 -27 2 -14 115 -22 3 12 -11199
1 10623 -194 59 -8 32 0 0 0 0 3 44 -10 6 11 -694
1 10357 -176 53 -4 19 0 0 0 0 8 34 -6 -4 -8 -726
1 10070 -170 83 1 -81 8 -1232 -2 0 5 -30 18 1 5 9326
1 9348 -151 29 -11 -101 -30 -142 -1 2 11 -66 24 29 21 -9947
1 10582 -148 3 -17 -14 0 0 0 0 11 -8 12 22 33 -186
1 10000 -134 9 -1 -6 0 0 0 0 2 -2 2 113 50 -249
1 10063 -130 39 -6 -60 -23 -1140 0 0 4 -35 8 125 77 9002
1 14556 -201 -58 -20 -115 0 -259 0 -2 10 -114 -3 12 18 -12077
1 10363 -123 -51 4 4 0 0 0 0 -3 -14 -7 76 41 -793
1 10365 -142 -69 -13 -4 0 0 0 0 4 -29 -2 2 -1 -477
1 8959 -101 -75 11 66 0 1250 -2 0 -2 28 3 -65 -31 9653
1 11041 -148 -38 10 95 0 136 0 2 -11 63 5 3 6 -10093
1 10001 -124 11 -5 13 0 0 0 0 3 15 4 141 70 288
1 10000 -121 -3 -1 10 0 0 0 0 2 8 0 -8 0 -556
1 9063 -115 -6 13 61 -1 1238 0 0 -11 46 -7 28 22 9239
1 13889 -193 66 0 109 1 148 -1 -2 -1 108 -25 214 91 -11135
1 10343 -144 69 -6 8 0 0 0 0 7 30 -7 50 27 -523
1 11520 -154 94 6 -124 1 -1408 0 2 3 -63 25 7 5 -346
1 10619 -138 13 -11 -55 0 0 0 0 7 -38 14 14 15 -975
1 10001 -109 -25 5 -5 0 0 0 0 -1 -14 1 -28 -8 162
1 10000 -120 -14 -7 -3 0 0 0 0 -1 -6 0 -24 -3 109
1 9998 -106 -58 0 -1 0 -1 0 0 -4 -21 -1 -8 24 -254
1 10001 -111 -34 2 2 0 0 0 0 -1 -11 -1 -20 -1 -325
1 10000 -117 -25 4 1 0 0 0 0 -4 -8 -1 -6 5 212
1 10000 -106 -23 1 0 0 0 0 0 3 -8 1 8 13 -338
1 10001 -100 -6 -5 -3 0 0 0 0 0 -5 0 -7 3 -258
1 10000 -112 -5 -2 1 0 0 0 0 2 -1 1 -49 0 -74
1 10000 -112 19 -1 -1 0 0 0 0 -4 6 -2 -70 0 -346
1 9999 -103 -2 3 2 0 0 0 0 0 1 1 -571 -56 167
1 10001 -106 16 -3 1 0 0 0 0 2 7 1 -328 -45 -421
1 9421 -104 -45 17 -13 0 0 0 0 -10 -28 -10 -169 -15 -314
1 10578 -132 -47 -8 13 0 0 0 0 5 -6 5 -60 -7 -271
1 10001 -133 -35 -4 0 0 0 0 0 8 -13 3 -21 -2 130
1 8672 -93 -12 3 75 0 1389 0 0 -2 57 1 -9 2 9094
1 14740 -196 7 7 104 0 20 0 -2 -11 81 -20 -145 16 -10750
1 10368 -134 18 -10 4 0 0 0 0 7 12 3 158 65 -346
1 10354 -135 72 -3 -12 0 0 0 0 1 17 -5 -17 -7 14
1 10359 -117 11 17 10 0 0 0 0 -10 9 -11 54 34 -6
1 10903 -131 50 -13 -5 0 0 0 0 11 16 3 -31 24 -577
1 9159 -106 37 -1 -43 -1 -683 -1 0 0 -20 8 -44 4 9992
1 11194 -130 5 6 -126 1 -721 0 2 -1 -98 19 -36 0 -9827
1 10000 -111 -32 -7 -9 0 0 0 0 1 -19 2 -83 -6 36
1 9999 -109 -26 -3 13 0 0 0 0 2 2 2 -59 -3 249
1 9417 -100 -10 4 -8 0 0 0 0 0 -10 0 15 2 12
1 10585 -107 -29 -3 -7 0 0 0 0 2 -17 1 -77 -9 -22
1 10000 -108 -5 -1 1 0 0 0 0 0 -1 -1 -127 -14 127
1 9416 -91 10 -3 2 0 0 1 0 -1 5 1 -111 -12 37
1 10584 -88 68 5 4 0 0 0 0 0 28 -1 -401 -39 -144
1 9999 -107 57 -3 -3 0 0 0 0 3 18 2 -254 -30 -43
1 9999 -109 -1 -3 -2 0 1 -1 0 4 -2 2 -27 -6 893
1 10001 -106 -11 -2 5 0 0 0 0 2 0 0 -9 -6 -189
1 10001 -93 -6 2 -5 0 0 0 0 -2 -6 0 -4 -1 276
1 9416 -106 -24 1 -1 0 -1 0 0 -4 -9 -2 1 0 196
1 10583 -117 -15 -3 0 0 0 0 0 -1 -6 0 0 2 -59
1 10000 -113 -35 1 4 0 0 0 0 0 -9 0 -24 -4 486
1 9997 -113 -9 -1 -2 0 0 0 0 3 -5 1 -17 -2 -14
1 10003 -107 -11 0 0 0 0 0 0 -2 -4 -1 -508 -87 235
1 10000 -115 -51 6 1 0 0 0 0 -1 -17 0 -563 -91 629
1 9416 -106 -40 -2 0 0 0 0 0 2 -15 0 -194 -40 -149
1 10584 -113 -35 1 -3 0 0 0 0 5 -14 1 -925 -161 -28
1 10000 -103 -39 -5 3 0 0 0 0 5 -13 4 -399 -72 675
1 8713 -102 -7 2 83 0 1377 0 0 -4 65 0 -55 -15 9205
1 14773 -174 83 3 98 0 22 0 -2 -11 107 -23 -15 17 -10800
1 10674 -106 62 -3 -1 0 0 0 0 0 21 -6 -54 -9 -125
1 10358 -108 42 2 -6 0 0 0 0 -2 10 -5 -180 -36 250
1 10366 -105 34 3 0 0 0 0 0 5 13 -2 -165 -27 728
1 11823 -122 11 1 -125 0 -1398 0 2 -3 -95 24 -1570 -287 323
1 10623 -95 -63 -3 -45 0 0 0 0 3 -59 7 -1266 -220 -409
1 9999 -85 -57 -6 -1 0 0 0 0 3 -22 1 -323 -86 -293
1 10001 -97 -30 -1 -1 0 0 0 0 2 -12 1 -271 -77 827
1 11857 -105 -30 10 133 0 1407 0 -2 -8 97 -9 -1105 -214 485
1 10617 -105 33 5 37 0 0 0 0 -6 39 -15 -2932 -306 -96
1 10970 -74 112 -2 9 0 0 0 0 2 47 -12 -212 -84 -526
1 9807 -79 159 0 -11 -1 -12 0 0 16 45 -9 -302 -58 8838
1 9963 -103 142 3 -175 1 -1396 0 2 16 -94 47 -346 -72 -7559
1 10579 -98 136 -4 -9 0 0 0 0 32 27 13 -852 -88 476
1 9999 -82 178 1 12 0 0 0 0 48 40 12 -3738 -315 -397
1 10000 -71 20 -28 0 0 0 0 0 31 4 13 -661 -112 1488
1 10001 -72 49 -10 2 0 0 0 0 24 6 6 -157 -71 1825
1 9999 -46 -6 0 0 0 0 0 0 -1 -1 0 -185 -29 1150
