version: 66.11
glider: 175
mission: 9
dive: 20
start: 5 31 125 9 40 4
columns: rec,elaps_tms,depth,heading,pitch,roll,AD_pitch,AD_roll,AD_vbd,GC_phase,mag.x,mag.y,mag.z,sbect.TempFreq,sbect.CondFreq,sbe43.O2Freq,
data:
0 17204 32 3501 -675 33 246 2072 528 2 538 -18 -31 262636 166658 7350766
1 10003 5 5 -63 30 0 0 286 0 -2 -7 -32 -85 -4 1933
1 9998 9 60 -31 -24 0 0 282 0 -1 -16 -29 120 0 735
1 9998 -2 -3548 22 -32 0 0 273 0 0 -10 13 -105 0 1022
1 10011 8 3523 1 62 0 0 263 0 1 17 -6 21 0 451
1 9987 32 -54 -10 -3 0 -1 249 0 -1 11 -2 -117 -1 247
1 10026 93 -19 -44 -75 0 1 252 0 -6 4 -31 -31 -2 402
1 9982 105 -75 15 50 0 0 265 0 1 14 13 125 -21 804
1 10011 178 25 -7 -68 0 0 306 0 2 -1 -6 182 6 -10
1 11816 403 80 39 -26 497 -2 168 -1 5 -18 31 1358 122 -83
1 8476 407 23 207 0 1937 -486 3 5 -16 -17 185 2120 369 687
1 15544 608 -3504 220 -139 0 -907 3 -2 -86 -119 160 212 78 -2022
1 10287 343 68 31 -14 0 0 0 0 -21 -30 11 15 8 403
1 10287 317 99 6 13 0 0 0 0 -7 -16 3 137 27 166
1 10280 301 51 6 -4 0 0 0 0 -5 -16 -1 34 8 404
1 10798 299 86 -6 7 0 0 0 0 -5 -13 -3 87 10 124
1 10299 262 83 8 -10 0 0 0 0 -14 -27 -1 35 3 381
1 10295 265 81 -11 8 0 0 0 0 -1 -12 -5 14 2 207
1 10286 257 43 6 11 0 0 0 0 -12 -3 9 -4 -3 288
1 10926 271 7 -18 0 0 0 0 0 11 2 -10 150 -14 28
1 10288 285 75 -1 -20 0 0 0 0 -13 -27 -7 134 0 499
1 10297 287 38 8 -3 0 0 0 0 -11 -13 6 291 5 -237
1 10299 290 74 3 -22 0 0 0 0 -19 -26 -7 444 3 274
1 11318 330 72 6 33 0 0 0 0 -21 2 22 301 42 42
1 10286 262 72 7 -6 0 0 0 0 -24 -14 10 -60 -120 415
1 10294 246 37 -3 3 0 0 0 0 -8 -3 4 -142 -57 -10
1 10279 243 62 -1 2 0 0 0 0 -18 -7 6 -180 -90 258
1 10922 257 66 6 -5 0 0 0 0 -25 -8 10 -466 -194 51
1 10300 229 54 -1 4 0 0 0 0 -17 -1 10 -663 -256 150
1 10289 244 61 -3 2 0 0 0 0 -19 -2 9 -101 -63 5
1 10289 235 68 -1 -1 0 0 0 0 -21 2 13 50 -7 111
1 10841 244 66 7 -6 0 0 0 0 -26 2 13 7 -32 -154
1 10292 235 25 -7 15 0 0 0 0 -3 14 11 3 -15 -44
1 10280 238 26 -3 -2 0 0 0 0 -5 2 4 66 -9 103
1 10293 220 28 0 -5 0 0 0 0 -11 -1 3 68 1 158
1 10829 250 42 1 4 0 0 0 0 -12 12 12 45 2 50
1 10288 230 51 -2 -7 0 0 0 0 -13 4 6 21 2 -59
1 10297 234 35 3 6 0 0 0 0 -13 13 11 10 1 -113
1 10295 234 32 -4 -3 0 0 0 0 0 8 5 11 -1 80
1 10840 249 18 9 1 0 0 0 0 -14 5 6 18 -2 -55
1 10280 237 22 -4 7 0 0 0 0 0 13 8 117 10 20
1 8092 191 -20 -6 82 -9 1410 3 0 1 65 28 191 49 -526
1 11909 275 -65 2 102 0 0 -1 2 11 75 20 340 85 730
1 10000 206 -26 3 5 0 0 0 0 5 -3 -1 55 2 -83
1 9999 224 -2 -7 -2 0 0 0 0 2 -6 -2 -18 1 32
1 8235 201 8 -5 -79 1 -1375 1 0 9 -70 -21 81 7 -681
1 16583 380 52 0 -112 0 -23 0 -2 -5 -80 -40 222 64 618
1 10847 248 35 5 -11 0 0 0 0 -13 0 4 -61 -19 -5
1 11085 260 3 -6 7 0 0 0 0 7 8 4 110 20 19
1 10299 241 31 4 5 0 0 0 0 -12 13 8 10 5 -31
1 11085 270 16 0 14 0 0 0 0 -3 18 11 68 15 68
1 9660 248 30 6 -1 -1 168 0 0 -12 9 5 15 -2 -681
1 11188 258 -36 -2 170 -3 1226 0 2 2 147 43 -53 -12 589
1 10001 231 15 -5 -1 0 0 0 0 0 5 0 66 20 84
1 9999 245 18 0 1 0 0 0 0 0 8 1 17 0 0
1 9445 228 7 14 11 9 -1 0 0 -15 15 4 1 6 -12
1 10556 239 23 -5 -3 0 0 0 0 3 7 0 134 30 -36
1 9999 224 100 5 -28 0 0 0 0 -12 13 3 314 76 45
1 8853 207 -48 -8 91 -6 1271 0 0 6 71 -3 123 34 -626
1 14659 330 -47 1 118 0 127 0 -2 0 95 -19 304 24 637
1 12994 278 -61 5 16 0 0 0 0 0 -10 2 89 8 -34
1 10665 220 67 -11 -141 0 -1420 1 2 8 -110 18 58 7 -2
1 10622 214 23 3 -60 0 0 0 0 -2 -49 0 -6 0 3
1 10000 215 -35 0 -3 0 0 0 0 1 -19 -2 -8 -3 8
1 10000 232 9 -3 0 0 0 0 0 3 3 0 -7 -1 2
1 10000 213 63 16 0 0 -2 -1 0 -18 27 4 28 8 -65
1 10000 200 23 -11 -15 0 0 0 0 11 -5 -1 -6 -4 59
1 10000 217 -1 1 -4 0 0 0 0 -3 -4 0 -3 -2 -13
1 8283 170 -50 -2 73 -2 1414 0 0 6 53 -2 16 1 -576
1 13846 312 -94 -2 136 0 15 0 -2 4 93 -14 37 7 577
1 8013 179 -8 8 -81 -1 -1399 0 0 -3 -82 14 14 -1 -753
1 11986 253 30 -6 -106 0 -9 0 2 1 -94 -1 21 2 738
1 10000 218 -27 3 0 0 0 0 0 5 -9 -2 71 2 -11
1 10000 219 -31 -5 7 0 0 0 0 10 -6 -3 30 -5 -9
1 9998 228 -36 3 -2 8 0 0 0 1 -17 -2 4 -5 -5
1 10002 216 -20 9 -5 0 0 0 0 -1 -11 -3 -6 -5 -21
1 10000 245 -4 1 -1 0 0 0 0 -3 -4 0 14 -5 3
1 10000 231 4 -2 -6 1 0 0 0 3 -3 -1 -4 -2 -3
1 10000 236 -33 -2 11 0 0 0 0 7 -1 -2 38 1 -15
1 10000 224 -13 6 -4 0 0 0 0 2 -7 -1 -23 -16 -13
1 8190 191 24 -4 -79 0 -1357 0 0 1 -67 -18 -140 -52 -511
1 13816 317 74 0 -106 0 -21 0 -2 -11 -70 -31 -34 -31 532
1 10305 250 25 0 -4 0 0 0 0 -5 4 3 -20 -10 -14
1 10841 242 26 15 7 0 0 0 0 -18 15 10 63 14 -2
1 12433 209 -23 99 112 265 1225 -1 -2 -95 97 40 9 10 -675
1 8142 -1 -20 0 15 0 0 -34 0 0 6 1 16 -2 15
1 8246 3 11 6 -3 0 0 -44 0 -4 3 1 -3 1 8
1 9994 -9 3 -4 1 0 0 -51 0 1 2 -1 0 0 -32
1 9997 8 2 2 3 0 0 -52 0 -3 3 1 -6 -1 -38
1 10013 -3 -12 2 7 0 0 -51 0 1 2 1 2 2 96
1 10006 -3 4 3 0 0 0 -50 0 -2 3 1 -2 -1 -1
1 9991 3 1 1 2 0 0 -51 0 -1 2 0 0 -1 32
1 9999 1 0 -3 3 0 1 -51 0 1 2 0 -2 -1 -106
1 9991 3 0 2 0 0 -1 -50 0 0 1 1 3 1 127
1 10018 -3 -11 -2 6 0 0 -50 0 -1 0 0 0 1 -7
1 9991 4 10 1 -3 0 0 -50 0 -1 1 0 2 0 -43
1 10007 -4 -7 -2 3 0 0 -51 4 2 1 0 1 0 50
1 10564 8 3 2 0 15 0 -12 -4 0 1 1 -1 0 -42
1 9429 1 -5 1 4 418 0 -31 0 -5 1 0 2 1 -30
1 10003 -1 -3 4 1 0 0 -51 0 0 1 -1 -1 0 39
1 10005 2 8 1 -1 0 0 -53 0 -1 2 1 -2 0 58
1 10006 -4 -10 -1 5 0 0 -51 0 -1 0 0 0 1 -87
1 9999 2 9 2 -1 0 0 -52 0 -1 4 1 1 0 32
1 10001 0 -3 1 0 0 0 -55 0 1 -1 -1 -2 -2 -51
1 9979 0 -1 -1 3 0 0 -52 0 1 2 0 1 1 24
1 10022 -9 3 0 -1 0 0 -53 0 -2 0 2 -1 0 119
1 10002 9 0 1 0 0 0 -53 0 2 1 -1 -1 0 -6
1 9986 -2 -9 -4 8 0 0 -53 0 1 3 1 -2 1 -19
1 10004 -5 2 2 1 0 0 -53 0 1 3 0 -6 -2 -68
1 11173 -8 5 1 -1 0 0 -26 4 -2 1 0 -1 0 561
1 9999 11 -4 -2 2 0 0 0 0 2 0 1 2 3 -5
1 10000 1 -5 0 2 0 0 0 0 -1 0 0 -1 -3 4
1 8831 4 -4 5 4 382 0 -3 -4 -6 1 -1 -2 -1 -430
1 10004 3 7 1 -3 0 0 -47 0 -1 1 1 -6 1 -3
