version: 66.11
glider: 175
mission: 6
dive: 6
start: 5 31 124 19 10 36
columns: rec,elaps_tms,depth,heading,pitch,roll,AD_pitch,AD_roll,AD_vbd,GC_phase,mag.x,mag.y,mag.z,sbect.TempFreq,sbect.CondFreq,sbe43.O2Freq,
data:
0 17213 84 133 -702 77 134 2181 571 2 670 -104 -92 261867 166268 N
1 5272 -5 15 9 -8 0 0 153 0 -1 -3 14 -169 -17 N
1 5888 13 35 -9 12 0 0 168 0 0 -13 0 -21 7 N
1 5266 -2 -14 -9 -32 0 0 149 0 0 -2 -29 78 -3 N
1 5271 4 -20 -8 32 0 0 147 0 1 8 -1 -86 -9 N
1 5313 -1 6 1 -21 0 0 146 0 -1 -1 -1 51 4 N
1 6924 6 5 -4 10 0 0 186 0 0 2 10 12 -1 N
1 5296 -5 -22 -5 10 0 0 138 0 0 0 -23 -4 1 N
1 5318 5 35 -8 -9 0 0 135 0 -2 -12 1 -74 5 N
1 5300 -1 44 -8 -19 0 0 126 0 -2 -14 0 91 -36 N
1 7192 -1 8 2 13 0 0 165 0 -1 -8 -2 110 29 N
1 5319 4 16 -15 4 0 0 117 0 1 0 2 -15 9 N
1 5296 9 23 3 -33 0 0 110 0 -1 -5 2 -189 -22 N
1 5288 14 -3 -1 21 0 0 112 0 -2 -4 -3 -64 23 N
1 6699 46 48 -12 -10 0 0 147 0 -2 -14 0 -98 20 N
1 5300 51 84 -28 -16 0 0 126 0 -7 -23 -8 274 4 N
1 5312 29 26 20 1 1 0 133 0 -1 -9 24 517 6 N
1 5300 45 36 -10 12 0 0 139 0 -2 -10 5 321 68 N
1 5340 54 -4 1 -10 0 0 152 0 1 2 -3 26 67 N
1 9523 170 -11 3 4 10 1 162 -1 1 1 -1 1021 347 N
1 5527 162 4 80 -13 1288 -1 1 0 -4 -2 72 676 147 N
1 5967 184 -36 192 8 1273 486 2 5 -46 13 162 397 116 N
1 8959 211 -93 210 157 -8 883 4 -2 -90 129 148 117 50 N
1 5622 122 -12 57 16 0 0 0 0 -37 27 30 6 20 N
1 4999 78 -22 21 1 0 0 0 0 -7 12 6 4 -3 N
1 5000 78 -43 15 9 0 0 0 0 -1 25 -3 165 28 N
1 4419 69 -18 8 -7 0 0 0 0 -2 4 0 125 19 N
1 5580 83 -17 2 2 0 0 0 0 5 7 -4 3 4 N
1 5002 70 -22 -4 -2 0 0 0 0 5 9 -5 6 6 N
1 5000 78 -23 2 -4 0 0 0 0 3 7 -4 4 1 N
1 4420 66 -11 -2 -1 0 0 0 0 2 3 -5 28 4 N
1 5579 85 -16 0 3 0 0 0 0 4 8 -5 52 8 N
1 4846 69 -21 -4 -19 0 -13 5 -1 3 -1 -1 44 6 N
1 8181 111 -3 -2 -151 10 -1337 -1 3 2 -96 11 35 6 N
1 5042 65 -5 6 -7 0 0 0 0 -4 -2 3 39 4 N
1 10578 162 -17 5 -3 0 0 0 0 -3 7 3 61 7 N
1 10001 128 -2 -1 2 0 0 0 0 1 2 -1 27 11 N
1 9999 131 -18 1 -8 0 0 0 0 -1 4 0 47 -3 N
1 10000 134 -5 0 4 0 0 0 0 0 5 0 30 5 N
1 10000 146 -14 3 0 0 0 0 0 0 7 0 37 3 N
1 10002 141 -28 -2 7 0 -2 0 0 -2 19 0 9 0 N
1 9998 131 3561 5 -2 0 0 0 0 -6 18 3 143 13 N
1 10000 132 -11 -4 -1 0 0 0 0 -1 4 -1 48 5 N
1 10001 127 -15 1 -1 0 0 0 0 0 7 -1 162 15 N
1 10000 118 12 -5 0 0 0 0 0 3 -6 -2 129 10 N
1 10000 143 2 3 4 0 0 0 0 -2 2 2 60 10 N
1 10000 125 2 2 0 0 0 0 0 0 -1 1 64 6 N
1 10000 119 -12 -1 -7 0 0 0 0 1 1 -2 104 9 N
1 9999 127 14 -3 5 0 0 0 0 1 -3 0 44 3 N
1 10001 129 -22 7 -14 0 0 0 0 -7 1 6 22 3 N
1 10000 103 -24 -8 12 0 0 0 0 1 19 -6 -12 -1 N
1 10000 124 -23 4 -6 0 0 0 0 -7 7 5 4 1 N
1 15407 188 24 -7 -180 0 -1391 0 -2 14 -135 0 124 9 N
1 10000 109 29 7 -4 0 0 0 0 0 -16 -3 29 2 N
1 10000 119 30 1 0 0 0 0 0 1 -14 -3 26 2 N
1 10002 123 -3562 2 3 0 0 0 0 2 -16 -4 77 7 N
1 10000 102 11 3 5 0 0 0 0 -1 -2 0 41 3 N
1 9999 122 22 -7 2 0 0 0 0 4 -9 -5 34 1 N
1 10001 109 31 -1 -4 0 0 0 0 1 -17 -6 0 1 N
1 10000 105 16 0 5 0 0 0 0 0 -5 -2 83 4 N
1 9999 92 25 -7 -4 0 0 0 0 3 -13 -7 73 5 N
1 10000 98 33 0 5 0 0 0 0 -4 -13 -2 16 0 N
1 14999 152 18 1 172 0 1346 -1 2 -2 103 28 16 0 N
1 10001 99 10 4 5 0 0 0 0 -6 -1 5 -1 1 N
1 9999 98 -18 -1 2 0 0 0 0 2 10 -2 19 0 N
1 10000 104 -19 8 -15 0 0 0 0 -3 0 2 22 1 N
1 10000 90 12 -6 4 0 0 0 0 5 -4 -3 26 1 N
1 10001 94 33 -1 -8 0 0 0 0 -8 -20 2 41 2 N
1 9999 105 8 1 14 0 0 0 0 -1 5 3 57 3 N
1 10001 100 -1 7 -5 0 0 0 0 -4 -3 2 -1 0 N
1 10001 110 8 -9 6 0 0 0 0 5 0 -3 1 -1 N
1 9999 113 -2 4 1 0 0 0 0 -2 2 2 0 -2 N
1 10000 114 -17 6 -13 0 0 0 0 -2 -1 0 6 0 N
1 10001 109 -19 -11 5 0 0 0 0 9 13 -5 -2 -2 N
1 9999 115 -7 3 7 0 0 0 0 1 8 0 -3 -1 N
1 10000 118 -13 11 -15 0 0 0 0 -7 -4 5 16 -1 N
1 10000 115 18 -6 12 0 0 0 0 2 0 -1 54 1 N
1 10001 106 0 -2 -6 0 0 0 0 0 -4 -2 -7 -1 N
1 9999 111 2 1 -15 0 0 0 0 0 -11 0 57 1 N
1 9999 111 -10 -8 33 0 0 0 0 8 26 -3 44 2 N
1 10001 107 -17 5 -8 0 0 0 0 -2 3 1 -53 -3 N
1 10001 130 -15 4 -15 0 0 0 0 1 -3 -1 -14 1 N
1 9999 102 -9 0 0 0 0 0 0 -1 5 0 31 10 N
1 10001 123 -38 -5 7 0 0 0 0 4 24 -2 22 -9 N
1 9998 128 -5 6 2 0 0 0 0 -3 4 3 27 -3 N
1 10002 112 -10 -4 -4 0 0 0 0 3 2 -2 68 3 N
1 10000 115 -29 -4 12 0 0 1 0 3 22 -4 3 0 N
1 9456 136 -4 44 -36 158 -257 -1 -4 -35 -22 27 8 -1 N
1 9369 66 2 93 -10 0 0 -44 0 -74 -8 44 3 0 N
1 10003 48 3 17 11 0 0 -51 0 -16 7 6 -4 0 N
1 9988 50 -1 -1 -1 0 -1 -52 0 4 0 -1 3 0 N
1 10000 37 -3 -21 1 0 0 -51 0 15 2 -7 -2 0 N
1 10018 43 -4 -3 -10 0 0 -54 0 9 -6 -4 -1 0 N
1 10000 47 -13 -7 17 0 0 -51 0 -1 20 0 -1 -1 N
1 9975 45 3569 2 -8 0 0 -55 0 -2 9 1 1 0 N
1 10002 36 -13 -4 10 0 0 -52 0 2 15 -3 -3 -1 N
1 10024 26 -15 -9 -7 0 0 -52 0 4 1 -3 2 -1 N
1 9978 32 11 -11 6 0 0 -52 0 9 0 -4 3 1 N
1 10020 23 -3566 0 -1 0 0 -51 0 6 -18 -2 0 0 N
1 12965 22 1 105 8 334 90 -28 0 -88 8 38 -1 -2 N
1 7045 -24 16 251 10 0 0 -29 0 -244 2 32 -1 1 N
1 9975 -51 -16 -19 -4 0 0 -51 0 20 4 1 4 1 N
1 9991 -45 3579 -19 11 1 0 -51 0 16 20 -2 -2 0 N
1 10007 -54 -30 15 -7 0 0 -51 0 -17 7 -1 0 1 N
1 10014 -62 -15 -15 -12 0 0 -51 0 9 -4 0 0 1 N
1 10007 -78 22 12 1 0 0 -52 0 -5 -8 1 0 0 N
1 9981 -94 28 -21 15 0 0 -50 0 22 0 1 -1 0 N
1 9995 -93 -10 3 -1 0 0 -51 0 -2 4 0 -3 3 N
1 10015 -105 15 -6 -4 0 0 -52 0 7 -11 0 6 1 N
1 9993 -120 -3 -4 -21 0 0 -52 0 3 -18 2 2 0 N
1 9996 -119 2 -10 9 0 0 -51 0 9 8 0 -4 3 N
1 10003 -122 -3559 8 92 0 1142 -42 4 -7 62 -9 -12 0 N
1 14699 -193 89 2 121 0 215 -1 -2 -3 61 -16 -65 -1 N
1 8832 -127 46 -9 -68 5 -728 -2 0 4 -79 19 -16 0 N
1 11172 -143 17 -8 -124 -12 -607 0 2 8 -118 6 -29 -2 N
1 10000 -114 -1 -7 -6 0 0 0 0 4 -5 -1 -71 0 N
1 10000 -119 -15 -4 -4 0 0 0 0 8 3 0 -92 -2 N
1 10000 -114 -28 9 -2 0 0 0 0 -2 11 2 -11 -3 N
1 10000 -107 16 -7 15 0 0 0 0 0 7 -1 -7 1 N
1 10000 -103 4 4 0 0 0 0 0 -3 -2 0 -13 0 N
1 9999 -101 12 2 7 0 0 0 0 -3 0 1 -5 -1 N
1 9997 -108 -9 -2 -7 0 0 0 0 3 -2 0 2 1 N
1 10004 -102 -2 6 -16 0 0 0 0 -4 -13 -1 8 2 N
1 10000 -105 5 -3 -3 0 0 0 0 4 -6 0 -7 -1 N
1 9995 -100 -36 2 10 0 0 0 0 1 27 1 8 2 N
1 10000 -99 -13 -4 3 0 0 0 0 2 9 0 -7 0 N
1 10000 -105 -5 -1 2 1 -4 -4 0 0 5 0 -5 1 N
1 10005 -95 -26 4 -13 0 0 0 0 2 0 0 -7 -1 N
1 9996 -103 -7 -3 9 0 0 0 0 2 12 0 -53 -2 N
1 10004 -106 17 -3 3 0 0 0 0 1 -6 0 -15 1 N
1 10000 -96 9 3 -10 0 0 0 0 -4 -13 0 -3 0 N
1 10000 -111 26 1 3 0 0 0 0 -2 -10 -1 -10 1 N
1 9995 -99 27 -2 13 0 0 0 0 1 -2 1 -14 -1 N
1 10005 -99 12 4 -2 0 0 0 0 -6 -7 0 -6 1 N
1 10001 -93 -2 6 -4 0 0 0 0 -5 -3 -1 -5 2 N
1 9999 -96 15 -9 10 0 0 0 0 5 2 1 3 1 N
1 10000 -103 -18 6 -13 0 0 0 0 -1 -3 -1 -9 -1 N
1 9996 -101 24 -10 4 0 0 0 0 3 -7 -1 -10 3 N
1 10004 -106 14 9 -10 0 0 0 0 -8 -17 -1 -20 -2 N
1 9996 -103 22 -15 18 0 0 0 0 5 8 1 -51 -1 N
1 10004 -91 -16 9 -18 0 0 0 0 1 -11 -1 -16 -3 N
1 9995 -99 -26 4 8 0 0 0 0 -4 21 2 -68 -3 N
1 10005 -108 -24 2 -4 0 0 0 0 4 7 1 -64 -4 N
1 10000 -108 -14 -1 2 0 0 0 0 1 8 0 -101 -7 N
1 10000 -112 -1 -2 2 0 0 0 0 3 3 0 -24 -3 N
1 9996 -106 -9 -4 6 0 0 0 0 0 10 -1 -37 -3 N
1 9999 -121 -4 5 -2 0 0 0 0 -1 0 1 -8 -1 N
1 10001 -120 -11 1 -7 0 0 0 0 1 -1 0 -23 -2 N
1 10000 -120 8 -5 5 0 0 0 0 2 1 0 3 2 N
1 10004 -131 -17 -1 -4 0 0 0 0 4 4 0 -29 -2 N
1 10000 -116 -15 -2 7 -1 0 -1 0 -1 14 0 0 -1 N
1 10001 -125 -11 9 -7 0 0 0 0 -4 -1 0 0 1 N
1 9998 -120 -2 -4 2 0 0 0 0 2 3 0 10 1 N
1 9997 -123 1 0 -2 0 0 0 0 0 -3 0 -8 0 N
1 10004 -112 1 1 -2 0 0 0 0 2 -2 0 -37 -3 N
1 10000 -109 7 -2 5 0 0 0 0 -1 1 0 -168 -13 N
1 10000 -111 -9 -2 -3 0 0 0 0 2 2 0 -94 -9 N
1 10000 -107 -3 5 4 0 0 0 0 -2 4 0 -26 -3 N
1 9999 -106 7 3 -4 0 0 0 0 -3 -7 0 -36 -3 N
1 10002 -125 27 -3 -2 0 0 0 0 1 -14 0 -157 -13 N
1 9995 -115 22 0 -2 0 0 0 0 -1 -13 0 -154 -23 N
1 10000 -117 37 -6 10 0 0 0 0 -2 -8 0 -366 -28 N
1 10003 -107 7 1 -2 1 0 0 0 -1 -6 -1 -22 -6 N
1 10001 -107 12 1 0 0 0 0 0 -1 -5 0 -50 1 N
1 10000 -105 -2 -4 0 0 0 0 0 3 0 0 -55 -15 N
1 5865 -68 -3 -2 -3 0 0 0 0 1 0 0 -65 -8 N
1 5619 -63 11 2 1 0 0 0 0 -2 -5 -1 -8 -2 N
1 5000 -51 8 3 0 0 0 0 0 -5 -3 0 -51 -3 N
1 5000 -52 5 -2 1 0 0 0 0 1 -2 0 -28 -6 N
1 5000 -61 0 2 -1 0 0 0 0 -1 -1 0 -24 -4 N
1 4419 -51 -7 4 -4 0 0 0 0 0 -1 0 2 0 N
1 5580 -61 11 -2 10 0 0 0 0 -2 4 0 -32 -6 N
1 5000 -60 -12 -1 -12 0 0 0 0 5 -5 0 -8 1 N
1 5000 -57 19 -6 8 0 0 0 0 -2 -1 0 -3 -2 N
1 4425 -53 5 5 0 0 0 0 0 -3 -3 -1 -1 -1 N
1 5576 -68 -3 1 -5 0 0 0 0 -1 -3 0 -3 0 N
1 5000 -51 8 -2 8 0 0 0 0 -1 4 0 -4 1 N
1 4999 -57 13 -1 -2 0 0 0 0 -3 -7 0 -14 -3 N
1 4420 -56 -1 2 -4 0 0 0 0 0 -3 -1 7 2 N
1 5580 -74 3 -1 -3 0 0 0 0 0 -4 0 -37 -6 N
1 5001 -46 6 -2 1 0 0 0 0 -2 -1 0 -1 0 N
1 5000 -68 18 -4 8 0 0 0 0 1 -2 0 -45 -5 N
1 4423 -57 -6 4 -1 0 0 0 0 1 1 -1 -40 -8 N
1 5002 -45 0 6 -17 -1 -29 0 -3 -2 -17 -1 -28 -7 N
1 7387 -98 -26 -6 -155 2 -1408 -1 1 9 -122 -37 -41 -6 N
1 5619 -48 -34 -9 -23 0 0 0 0 13 -4 -2 -22 -4 N
1 4422 -60 -27 -5 -5 0 0 0 0 8 8 2 -4 -1 N
1 5577 -63 -26 3 -3 0 0 0 0 7 8 3 -6 -2 N
1 4423 -47 -22 -3 0 0 0 0 0 2 11 4 -50 -8 N
1 4801 -45 -23 4 21 -1 13 0 -1 -3 29 10 -220 -72 N
1 8465 -94 -10 16 152 0 1379 -1 3 -17 139 26 -617 -115 N
1 5623 -64 -16 -3 6 0 0 0 0 4 13 0 -1 -8 N
1 5001 -58 -6 -4 -8 0 0 0 0 -1 -4 0 -451 -111 N
1 4999 -63 -17 -5 15 0 0 0 0 7 22 0 55 17 N
1 4787 -51 -32 13 25 0 0 0 0 -17 38 -2 -818 -179 N
1 5621 -69 -30 2 -12 0 0 0 0 -3 4 -1 -391 -110 N
1 4997 -65 3564 -4 -5 0 0 0 0 11 12 -2 -212 -55 N
1 4999 -63 -3535 -40 -11 0 0 0 0 32 -40 2 249 39 N
1 4423 -1 3528 -114 -56 0 0 0 0 121 -13 -25 -212 36643 N
