version: 66.14
glider: 194
mission: 16
dive: 29
start: 5 31 125 18 52 41
columns: rec,elaps_tms,depth,heading,pitch,roll,AD_pitch,AD_roll,AD_vbd,GC_phase,mag.x,mag.y,mag.z,sbect.TempFreq,sbect.CondFreq,aa4330.O2,aa4330.AirSat,aa4330.Temp,aa4330.CalPhase,aa4330.TCPhase,wlbb2fl.sig470nm,wlbb2fl.sig700nm,wlbb2fl.sig695nm,wlbb2fl.temp,
data:
0 10303 -1457 3487 -760 112 210 2954 373 6 541 -27 -107 230426 170147 281477 84133 12270 32974 32974 49 151 665 566
1 5000 18 -93 49 62 0 0 0 0 -1 39 25 -838 -27 -165 -26 12 1 1 3 16 192 0
1 4532 -6 174 -42 -291 0 0 0 0 2 -41 -14 391 -33 -137 -32 5 3 3 -5 -25 -199 -1
1 5621 3 -98 15 114 0 0 0 0 -1 25 2 402 -32 155 24 -12 0 0 5 6 28 1
1 5001 3 19 7 -63 0 0 0 0 1 -3 15 -63 -73 58 20 2 -4 -4 0 -6 -75 0
1 5000 6 -113 -17 149 0 0 0 0 -2 21 0 -740 45 -43 -17 -3 3 3 -1 19 13 0
1 4571 -13 -8 50 -41 0 0 0 0 -2 16 31 -135 -2 2 7 4 -2 -2 -2 -7 100 -1
1 5617 -3 25 4 -21 0 0 0 0 1 -11 14 361 54 133 6 -18 4 4 -6 8 6 1
1 5004 9 143 -53 -84 0 0 0 0 3 -41 -67 744 31 -153 -22 12 0 0 5 -8 -67 -1
1 4418 2 -22 20 156 0 0 0 0 2 -7 15 -1112 21 -35 -22 -6 4 4 4 3 -24 0
1 5578 -1 -128 23 34 0 0 0 0 -5 49 18 -71 -80 64 2 -9 2 2 -2 -7 81 0
1 5003 -3 -35 -16 14 0 0 0 0 -1 7 -6 316 -37 5 22 11 -6 -6 -10 30 -49 0
1 6481 16 133 -13 -108 0 1 0 -4 3 -40 -18 28 -6 -40 -1 6 0 0 12 -31 -16 0
1 5634 -19 -6 -9 61 0 0 163 0 1 -6 12 -265 2 113 3 -16 3 3 -9 -4 51 0
1 7638 3 11 -22 -219 0 0 212 0 -3 19 -16 599 0 -74 -13 4 1 1 10 0 -115 0
1 5612 20 -26 -26 4 0 0 160 0 -4 14 -23 553 6 2597 1111 175 -197 -197 -2 0 9 0
1 5638 19 -159 17 156 0 0 160 0 -3 30 17 -589 0 14394 4465 72 -624 -624 -2 3 17 0
1 5636 -1 4 -39 -95 0 0 159 0 -3 6 -11 102 12 12348 3725 7 -480 -480 -1 4 142 0
1 5635 5 107 -5 -85 0 0 159 0 2 -16 -12 359 -13 9484 2835 -8 -348 -348 -2 12 -59 0
1 5655 3 -89 12 177 0 0 155 0 1 -2 -1 -601 -39 7183 2037 -54 -232 -232 7 3 -55 0
1 5637 38 -3244 9 -290 1 0 151 0 4 -66 -16 -54 -49 4763 1392 -17 -160 -160 -4 -12 -69 0
1 5613 31 0 19 261 -1 0 150 0 2 -49 18 -117 -61 3234 1003 15 -120 -120 0 -14 7 0
1 5616 56 196 31 3 1 0 151 0 -4 -68 47 174 -130 3366 995 -7 -112 -112 1 12 45 0
1 5633 59 0 -24 24 0 0 165 0 0 2 -10 637 -316 3512 986 -30 -105 -105 4 7 -5 0
1 5635 86 110 -13 -117 0 0 180 0 -5 -21 -15 649 -553 3650 940 -65 -91 -91 -3 1 -30 0
1 5609 98 -51 -4 14 0 0 196 0 1 13 -13 555 -506 4614 1030 -148 -83 -83 -3 19 70 0
1 5633 139 110 -13 -99 0 0 221 0 -6 -17 -12 497 -545 2543 480 -117 -27 -27 3 -13 -18 0
1 5640 176 -122 -3 143 0 0 242 0 5 17 6 634 -535 2875 552 -126 -33 -33 -1 7 -5 0
1 10258 426 97 10 -123 6 0 130 -1 -2 -16 -4 2899 -159 2671 -130 -381 97 97 0 -11 -200 0
1 5845 286 -182 -3 210 1399 -1 1 0 6 29 9 567 33 -1856 -1200 -272 193 193 2 -11 -51 0
1 5887 304 -56 105 32 1377 0 0 2 8 25 86 570 35 -7267 -2665 -230 351 351 -4 -15 -80 0
1 8322 431 -69 131 69 26 935 0 1 -14 54 105 105 19 -12915 -3931 -77 479 479 2 3 6 0
1 5619 283 -88 75 52 0 0 0 0 -18 64 46 238 -1 -7146 -2156 -36 271 271 0 0 -29 -1
1 4999 212 3550 39 21 0 0 0 0 -14 36 19 53 -2 -5346 -1638 -41 213 213 -2 3 -5 1
1 5000 213 -43 17 -1 0 0 0 0 -8 21 7 116 -2 -4921 -1485 -27 195 195 5 4 -9 -1
1 5000 209 -46 11 29 0 0 0 0 -6 30 -4 53 0 -4101 -1273 -40 173 173 -5 -9 -2 0
1 4425 183 -23 24 -38 0 0 0 0 -14 4 25 1144 48 -3597 -1073 -16 145 145 2 -6 -92 0
1 5619 209 -38 4 -37 0 0 0 0 -5 2 9 312 13 -3540 -1368 -166 221 221 0 3 -10 0
1 10000 351 -107 8 10 0 0 0 0 -21 44 4 347 41 -9743 -3024 -108 441 441 1 0 -37 0
1 9999 334 -101 9 -5 0 0 0 0 -26 33 12 -4 -68 -8752 -2694 -93 407 407 -1 3 2 1
1 10000 346 -27 -21 -30 0 0 0 0 6 -9 0 124 31 -7696 -2209 -1 326 326 0 -5 -13 0
1 10000 345 -37 -6 -1 0 0 0 0 -6 8 1 86 5 -5244 -1577 -39 249 249 1 3 3 0
1 10001 343 9 -2 -30 0 0 0 0 4 -15 8 5 -14 -4401 -1286 -14 203 203 -1 -4 -3 0
1 10000 339 11 -8 24 0 0 0 0 6 5 -15 -5 -15 -3207 -928 -5 148 148 -1 7 10 0
1 10000 367 -47 2 25 0 0 0 0 -12 23 -3 -47 -12 -2506 -731 -7 118 118 0 -10 -8 0
1 9999 361 -75 29 -8 0 0 0 0 -35 22 30 4 -7 -2075 -598 -2 97 97 3 12 2 0
1 10000 347 -103 7 -11 0 0 0 0 -35 12 27 0 -11 -1484 -415 5 66 66 -3 4 -5 0
1 12384 431 -153 -6 36 0 0 0 0 -39 31 8 319 -49 -1629 -498 -18 86 86 2 2 5 0
1 10171 335 -141 5 4 0 0 0 0 -41 4 29 -91 -6 -1327 -436 -32 80 80 -2 21 8 0
1 10000 327 -240 -2 -1 0 0 0 0 -54 -17 45 193 22 -1449 -433 -11 74 74 0 -29 -15 0
1 11434 376 -196 19 1 0 0 0 0 -48 -27 39 76 7 -1426 -453 -26 82 82 4 9 3 0
1 12731 423 -88 -30 -54 0 0 0 0 18 -60 26 251 39 -1582 -539 -51 103 103 -3 -1 -6 0
1 9999 351 -19 -9 -3 0 0 0 0 6 -7 0 62 -13 -1123 -338 -10 59 59 0 0 -5 0
1 10003 379 -43 6 11 0 0 0 0 -7 -1 4 39 -13 -1079 -328 -12 60 60 0 6 -2 0
1 12139 438 -24 56 -100 127 -935 2 2 -53 -83 42 -14 -47 -1426 -426 -11 75 75 1 -2 2 0
1 10621 315 9 58 -49 0 0 0 0 -54 -39 17 -10 -10 -1062 -299 2 51 51 -1 -7 -6 0
1 9999 287 54 18 -16 0 0 0 0 -10 -3 1 8 -10 -635 -184 -2 32 32 5 0 6 0
1 10000 291 39 3 0 0 0 0 0 -1 10 -1 7 -8 -604 -181 -5 33 33 -6 8 0 0
1 10000 291 61 2 -5 0 0 0 0 7 9 -2 1 -3 -435 -127 -2 23 23 2 -1 2 0
1 10000 296 55 1 5 0 0 0 0 8 15 -4 7 -3 -516 -151 -2 26 26 0 -4 -4 0
1 10000 300 36 0 -3 0 0 0 0 6 5 -2 55 11 -347 -106 -4 20 20 -1 2 -3 0
1 11491 373 77 20 -28 83 -317 -1 -4 -3 -10 2 -23 -41 -497 -148 -4 27 27 0 7 6 0
1 7334 196 40 50 -15 0 0 -30 0 -38 -6 5 -3 -4 -266 -78 -1 13 13 1 -14 -7 0
1 10001 261 42 26 8 0 0 -56 0 -15 14 -2 2 -1 -315 -88 1 16 16 7 17 12 0
1 10009 244 49 -12 -8 0 0 -55 0 23 2 -2 -5 -4 -233 -66 0 11 11 -10 -6 3 0
1 9977 248 66 -5 2 0 0 -56 0 22 9 -4 0 -1 -181 -52 0 10 10 0 6 7 0
1 10012 256 33 -1 -9 0 0 -56 0 10 -3 -1 -11 -6 -376 -107 0 18 18 2 -1 -4 0
1 10008 245 67 -8 10 0 0 -53 0 26 14 -8 3 -2 -50 -14 0 3 3 -3 -8 -15 0
1 10003 250 36 -6 7 0 0 -53 0 16 14 -7 1 -3 -104 -30 0 5 5 2 4 16 0
1 10003 235 47 -6 -6 0 0 -53 0 20 -7 -3 -1 -2 -32 -6 2 1 1 1 3 -12 0
1 9984 228 42 -4 4 0 0 -53 0 16 6 -7 -4 -3 12 1 -2 -1 -1 0 -8 8 0
1 10009 227 36 -9 6 0 0 -53 0 20 10 -9 11 1 -289 -81 1 15 15 -2 4 5 0
1 10000 218 37 -4 -5 0 0 -51 0 15 -8 -3 -9 -1 -131 -41 -2 7 7 4 -1 -3 0
1 15505 321 47 119 -2 397 0 -36 0 -85 -5 26 13 -29 -293 -88 -3 17 17 -4 7 -6 1
1 7550 57 -21 288 4 0 0 -32 0 -254 5 -9 1 -16 161 36 -6 -5 -5 2 -10 0 -1
1 8102 10 12 95 10 0 0 -41 0 -74 4 -26 -9 38 -243 -63 4 10 10 -4 -7 -1 0
1 8831 30 22 -37 -8 0 0 -44 0 37 -6 15 -5 1 63 22 2 -4 -4 -1 15 4 0
1 10024 30 26 -1 -4 0 0 -52 0 11 -3 5 -19 2 -188 -48 3 8 8 2 -6 6 0
1 9997 26 29 3 4 0 0 -49 0 6 -1 2 22 -1 7 4 2 -1 -1 4 -1 -5 0
1 9976 33 39 -13 3 0 0 -51 0 20 -5 7 0 -1 42 12 0 -3 -3 5 -6 1 0
1 10005 9 31 0 1 0 0 -50 0 12 -1 4 0 -1 56 11 -3 -1 -1 1 5 -9 0
1 10007 9 6 -5 4 0 0 -52 0 5 1 0 1 0 -99 -26 1 4 4 -8 13 5 0
1 9992 -3 -45 2 -3 0 0 -49 0 -16 3 -5 -2 2 102 32 2 -6 -6 1 -10 -4 0
1 10002 -20 -20 -4 -4 0 0 -50 0 -2 1 0 3 2 52 12 -2 -2 -2 3 -4 -1 0
1 10023 -15 -50 3 -2 0 0 -51 0 -18 4 -6 -7 -1 -214 -61 0 12 12 -2 8 8 1
1 9972 -59 -24 -8 4 0 0 -51 0 -1 5 -3 7 2 56 15 0 -3 -3 2 -6 -9 -1
1 13445 -62 -17 -17 -172 1 -1374 -25 2 5 -145 24 -1 1 -110 -34 -2 6 6 -1 3 4 1
1 10616 -74 -38 -15 -18 0 0 0 0 0 -13 0 3 4 18 3 -1 0 0 -2 11 7 -1
1 10000 -71 -41 6 6 0 0 0 0 -17 8 -5 2 1 11 2 -1 0 0 1 -6 -17 0
1 10111 -94 -37 -3 -2 0 0 0 0 -11 -3 -3 -19 19 -65 -21 -1 4 4 -3 -2 13 1
1 10000 -90 -73 5 2 0 0 0 0 -25 5 -8 -3 1 56 18 1 -4 -4 2 12 -2 -1
1 10019 -110 -71 -8 -7 0 0 0 0 -15 -8 -7 -5 3 34 13 2 -2 -2 -1 -19 -8 1
1 9999 -116 -79 6 7 0 0 0 0 -26 2 -12 -16 3 40 11 0 -3 -3 1 6 6 -1
1 10000 -113 -93 -5 2 0 0 0 0 -20 -9 -10 -3 1 33 12 1 -1 -1 0 -10 0 1
1 10000 -118 -92 2 -7 0 0 0 0 -22 -14 -13 -3 2 66 21 2 -5 -5 0 6 -2 0
1 10000 -124 -122 -2 0 0 0 0 0 -23 -18 -16 2 5 44 12 -1 -2 -2 1 -3 -2 0
1 10001 -136 -110 2 2 0 0 0 0 -18 -18 -15 0 0 26 8 1 -1 -1 0 2 -2 0
1 9999 -136 -118 -4 0 0 0 0 0 -13 -23 -15 5 4 120 34 0 -6 -6 -3 -6 6 0
1 8756 -132 -62 10 100 -1 1395 -2 0 -10 53 1 -5 -2 -72 -21 -1 3 3 1 3 -2 0
1 11244 -182 -55 32 84 1 0 -1 2 -26 44 -21 6 5 -76 -18 2 3 3 0 6 4 0
1 10000 -150 -72 -6 7 0 0 0 0 -1 -14 -1 7 3 165 46 0 -8 -8 1 8 -1 0
1 9999 -162 -100 0 -6 0 0 0 0 -1 -31 -2 18 5 62 18 0 -3 -3 0 -9 4 0
1 10001 -175 -86 1 3 0 0 0 0 2 -21 0 12 2 41 8 -2 -1 -1 2 5 -3 0
1 10001 -184 -46 -9 -1 0 0 0 0 7 -14 3 7 6 -41 -17 -3 3 3 -4 5 -6 0
1 9998 -182 -66 0 -4 0 0 0 0 7 -19 3 6 6 53 13 -2 -1 -1 2 -3 -1 0
1 10001 -192 -50 -2 5 0 0 0 0 3 -12 0 5 4 -36 -13 -1 3 3 0 -10 7 0
1 10001 -170 -46 6 1 0 0 0 0 4 -10 0 5 0 -66 -22 -2 4 4 0 3 -1 0
1 9999 -199 -38 -8 -2 0 0 0 0 9 -12 5 -8 12 -13 -6 -1 1 1 1 3 2 0
1 9999 -171 -29 -2 -1 0 0 0 0 7 -7 2 10 -1 -5 -1 -1 0 0 -1 -8 2 0
1 10001 -184 -34 -4 5 0 0 0 0 8 -5 5 11 -16 -12 -6 -1 2 2 -3 7 -5 0
1 10001 -178 -38 6 16 0 0 0 0 3 1 3 1 -5 49 10 -3 -1 -1 4 -2 3 0
1 9999 -157 -64 2 -4 0 0 0 0 11 -17 2 0 -6 -20 -6 0 1 1 2 6 3 0
1 10001 -156 -59 7 -21 0 0 0 0 8 -25 -5 8 8 -105 -30 0 5 5 -5 2 1 0
1 9999 -162 -125 2 3 0 0 0 0 31 -20 12 1 10 -72 -22 0 4 4 0 5 -4 0
1 9999 -144 -84 3 -3 0 0 0 0 22 -10 8 -3 8 43 11 -1 -2 -2 2 12 4 0
1 10001 -158 -61 -10 10 0 0 0 0 27 -3 13 2 10 -126 -35 0 6 6 2 -10 -5 0
1 10000 -135 -56 8 1 0 0 0 0 12 -2 5 12 14 127 34 -1 -5 -5 -2 -17 -1 0
1 8993 -144 -28 2 77 0 1214 0 0 7 63 28 -7 1 -72 -22 -1 4 4 0 12 1 0
1 13995 -233 78 28 112 0 7 -1 -2 -44 85 -1 15 16 -272 -78 0 14 14 -2 4 -4 0
1 10001 -175 80 3 8 0 0 0 0 -26 11 -12 -4 1 338 94 -1 -16 -16 -2 29 7 0
1 9999 -169 85 -4 -3 0 0 0 0 -20 3 -12 3 4 -49 -14 -1 2 2 4 -37 -6 0
1 10000 -168 97 -4 -1 0 0 0 0 -21 12 -13 2 15 131 36 -1 -6 -6 1 0 -3 0
1 10000 -172 89 7 6 0 0 0 0 -24 18 -16 -19 6 20 8 2 -2 -2 4 -3 1 0
1 10000 -159 101 -10 20 0 0 0 0 -12 33 -9 -25 8 -40 -8 2 1 1 -8 7 3 0
1 10000 -159 21 11 -36 0 0 0 0 -12 -23 -10 -15 2 157 48 2 -9 -9 4 -10 -5 0
1 10000 -176 33 4 3 0 0 0 0 -5 10 -6 16 1 119 39 3 -7 -7 -1 8 -4 0
1 10000 -181 86 -3 9 0 0 0 0 -9 26 -8 -80 -12 133 38 0 -8 -8 -2 2 5 0
1 10000 -177 -3 -11 -14 0 0 0 0 7 -8 7 -10 -4 150 58 10 -12 -12 2 -15 0 0
1 10000 -146 65 15 17 0 0 0 0 -16 22 -18 5 4 139 44 2 -9 -9 -4 12 9 0
1 10000 -177 96 -21 -14 0 0 0 0 6 19 3 0 0 182 55 2 -10 -10 4 -9 -11 0
1 10000 -157 32 21 -1 0 0 0 0 -15 4 -15 7 3 110 32 0 -5 -5 2 -1 0 0
1 10000 -159 32 -9 2 0 0 0 0 4 11 2 -3 -1 157 45 1 -8 -8 -1 -3 3 0
1 11610 -174 89 1 7 0 0 0 0 1 27 -7 18 8 60 17 0 -3 -3 1 9 5 0
1 9999 -159 98 0 5 0 0 0 0 3 29 -6 -26 -6 63 16 -2 -3 -3 -2 5 -6 0
1 10001 -159 61 1 -10 0 0 0 0 2 10 -2 10 3 98 30 2 -6 -6 -1 -6 -1 0
1 9999 -133 97 -11 7 0 0 0 0 15 31 1 -8 -5 92 26 -1 -4 -4 4 11 9 1
1 9214 -114 78 15 -23 -1 -11 0 -1 -1 6 -4 6 2 3 3 2 -1 -1 -5 -10 -6 -1
1 10786 -122 26 -68 -149 -34 -1232 0 3 53 -86 77 -6 -2 -39 -12 -1 2 2 1 1 0 0
1 10000 -75 42 -12 -17 0 0 0 0 14 -1 10 6 4 181 52 0 -9 -9 1 -14 3 0
1 10001 -79 1 0 -5 0 0 0 0 2 -5 3 -8 8 -2 -1 0 1 1 0 3 -3 0
1 9999 -82 -19 -5 2 0 0 0 0 1 -4 1 -37 -1 6 1 0 -1 -1 1 1 4 1
1 10001 -70 -13 7 -3 0 0 0 0 -8 -4 -4 -214 -27 1 8 4 -1 -1 -2 2 0 -1
1 10000 -64 -2 -2 -8 0 0 0 0 -1 -4 0 37 2 27 51 26 -16 -16 1 -3 6 0
1 10000 -91 71 5 15 0 0 0 0 10 24 1 52 6 291 93 6 -18 -18 -3 6 -10 1
1 10000 -82 62 3 7 0 0 0 0 9 18 2 -135 -17 264 71 -2 -12 -12 3 1 10 -1
1 10000 -74 34 -10 -13 0 0 0 0 14 -3 10 -21 -6 243 90 12 -19 -19 -1 -11 12 0
1 9999 -77 21 20 9 0 0 0 0 -9 10 -10 15 4 238 85 10 -17 -17 2 -7 -14 0
1 10001 -101 -49 -28 -22 0 0 0 0 10 -26 14 19 2 299 87 1 -15 -15 1 14 5 0
1 10000 -80 -63 10 -11 0 0 0 0 -19 -20 -8 45 5 247 67 -2 -11 -11 -1 3 -7 0
1 8836 -71 50 -4 20 0 -2 -2 -4 11 26 1 6 0 293 75 -5 -12 -12 2 -13 2 1
1 9993 -83 76 8 4 0 0 -47 0 11 16 3 -194 -26 38 9 -1 -1 -1 0 -2 1 -1
1 9985 -78 86 -11 2 -1 0 -51 0 28 14 12 -11 -5 21 42 22 -13 -13 -5 9 5 1
1 10020 -58 -13 -2 2 1 0 -52 0 -1 -1 -1 31 1 165 60 8 -13 -13 10 -6 11 0
1 9994 -79 0 -12 -7 0 0 -52 1 8 -4 6 -34 -4 150 44 0 -7 -7 -9 -5 -18 0
1 15172 -90 -103 -23 -178 0 -1361 -8 1 -4 -161 14 -37 -4 164 61 8 -13 -13 -1 16 3 0
1 9999 -51 -100 -5 -7 0 0 0 0 -18 -19 -10 -12 2 576 172 5 -31 -31 4 -4 -1 -1
1 10123 -70 -120 2 7 0 0 0 0 -18 -19 -14 -1 -2 275 82 2 -15 -15 -2 -5 10 1
1 11828 -74 -175 2 12 0 6 0 -1 -20 -28 -17 20 12 183 52 0 -8 -8 3 -6 0 0
1 9396 -91 -77 106 152 70 1373 -25 -1 -82 97 -53 2 3 231 65 -1 -12 -12 2 -2 2 0
1 7599 -90 -73 0 14 0 0 -40 0 -3 -11 -5 -31 41 256 75 1 -13 -13 -5 6 -15 0
1 9996 -133 1 -15 2 0 0 -54 0 11 1 12 -47 9 134 44 4 -8 -8 6 -3 10 0
1 9999 -129 26 -4 2 0 0 -53 0 5 8 4 -58 9 282 92 7 -18 -18 -8 -1 5 0
1 10019 -121 35 1 9 0 0 -52 0 -1 15 -1 -73 8 138 59 11 -13 -13 2 0 2 0
1 9995 -142 20 -12 -14 0 0 -53 0 7 -4 7 -4 -2 634 199 11 -36 -36 -2 -3 -11 0
1 9993 -148 72 2 22 0 0 -55 0 3 33 1 -67 4 695 211 7 -38 -38 4 2 12 0
1 9848 -149 25 -1 -3 0 0 -53 2 5 4 3 -44 -2 511 162 9 -30 -30 1 -1 -10 0
1 10751 -163 61 -13 -5 0 0 -3 2 15 11 11 -127 -3 425 142 12 -26 -26 -3 3 22 0
1 10574 -149 -4 -2 -2 0 0 0 0 0 -2 1 -269 -36 516 204 33 -44 -44 0 -2 8 0
1 10001 -136 -94 3 -11 0 0 0 0 -10 -31 -5 -116 -9 1055 354 31 -66 -66 1 0 20 0
1 10000 -167 -135 0 -2 0 0 0 0 -6 -36 -5 -99 17 1155 374 25 -70 -70 1 0 0 0
1 10000 -151 -137 -2 1 0 0 0 0 3 -36 -1 13 0 1342 423 22 -75 -75 -3 -2 -3 0
1 10000 -143 -141 0 4 0 0 0 0 8 -35 1 -31 7 1220 361 6 -61 -61 2 0 -4 0
1 10000 -129 -80 -3 9 0 0 0 0 10 -16 5 -189 0 1017 306 8 -53 -53 0 2 30 0
1 10000 -154 -150 10 -35 0 0 0 0 16 -60 -8 -407 31 948 344 41 -66 -66 -1 3 13 0
1 5507 -76 -56 -8 30 0 0 0 0 17 7 15 -20 5 863 320 41 -63 -63 -3 7 -1 0
1 5622 -77 -50 -2 -7 0 0 0 0 13 -15 2 -7 -1 1312 409 18 -70 -70 3 -7 14 0
1 4415 -60 -60 2 -10 0 0 0 0 13 -18 1 -10 1 973 291 6 -49 -49 0 10 7 0
1 5585 -91 -50 6 2 0 0 0 0 9 -4 4 -13 1 1213 362 8 -60 -60 0 -13 -29 0
1 4417 -66 -28 -1 20 0 0 0 0 8 7 8 9 -1 832 248 5 -40 -40 -1 5 9 -1
1 5582 -68 -39 1 -5 0 0 0 0 11 -8 1 -42 10 953 280 3 -45 -45 1 2 17 1
1 4418 -75 -28 -4 2 0 0 0 0 11 -5 5 -27 7 658 199 5 -33 -33 -2 -5 2 -1
1 5582 -76 -36 -5 -2 0 0 0 0 15 -4 5 -72 15 810 244 6 -40 -40 1 -1 0 0
1 7099 -87 -31 -1 14 -1 24 -1 -3 11 6 8 -43 4 942 299 15 -51 -51 0 -6 -4 0
1 7694 -135 43 26 125 1 1196 0 1 -32 103 18 -29 0 1190 360 10 -59 -59 0 4 0 1
1 5622 -79 74 -4 45 0 0 0 0 -18 41 -2 -71 12 609 184 5 -29 -29 0 11 22 -1
1 5001 -92 73 0 8 0 0 0 0 -19 17 -10 -73 -1 645 210 13 -36 -36 3 -3 -10 0
1 4415 -69 71 1 7 0 0 0 0 -18 14 -9 -60 3 725 222 7 -36 -36 -5 -4 25 0
1 5585 -76 39 8 3 0 0 0 0 -15 5 -10 -184 0 701 236 18 -41 -41 3 0 9 0
1 5000 -93 17 -9 1 0 0 0 0 3 6 2 -105 -18 755 269 29 -48 -48 -3 1 14 0
1 5114 -83 17 7 -4 0 0 0 0 -9 -3 -6 -9 -11 1032 343 24 -58 -58 5 -3 -10 0
1 4410 -73 6 -1 10 0 0 0 0 0 9 0 -50 -12 1013 297 2 -47 -47 -2 6 16 0
1 5622 -89 37 10 -16 0 0 0 0 -14 -6 -10 -81 -12 1110 344 13 -55 -55 1 -1 1 0
1 4999 -82 34 -8 -4 0 0 0 0 -1 5 -1 -23 -3 796 262 17 -43 -43 2 4 10 0
1 5000 -87 47 3 7 0 0 0 0 -9 15 -7 6 1 984 290 3 -45 -45 -3 1 -2 0
1 4950 -87 28 -6 -7 0 0 0 0 -1 1 -1 -10 -2 781 236 6 -36 -36 -1 3 6 0
1 5617 -81 6 0 6 0 0 0 0 0 6 0 -38 -2 784 232 2 -36 -36 -2 -6 2 0
1 4422 -76 36 -2 4 0 0 0 0 -4 11 -3 -20 2 597 182 6 -28 -28 3 3 22 0
