version: 66.14
glider: 194
mission: 16
dive: 50
start: 6 1 125 12 40 9
columns: rec,elaps_tms,depth,heading,pitch,roll,AD_pitch,AD_roll,AD_vbd,GC_phase,mag.x,mag.y,mag.z,sbect.TempFreq,sbect.CondFreq,aa4330.O2,aa4330.AirSat,aa4330.Temp,aa4330.CalPhase,aa4330.TCPhase,wlbb2fl.sig470nm,wlbb2fl.sig700nm,wlbb2fl.sig695nm,wlbb2fl.temp,
data:
0 9685 -1440 119 -780 46 215 3038 371 6 537 -103 -123 233705 170695 300067 84528 9713 33519 33519 46 148 561 567
1 5000 9 -52 2 24 0 0 0 0 1 15 0 369 10 -229 -60 2 7 7 6 2 -50 -1
1 5000 -13 -6 -2 -43 0 0 0 0 1 9 -2 -454 -6 89 22 -2 -2 -2 3 0 62 0
1 5000 12 3528 0 20 0 0 0 0 -1 22 -4 409 -1 79 16 -3 -2 -2 -5 -7 9 0
1 5000 -7 -58 -7 7 0 0 0 0 -1 19 -5 -680 13 -103 -18 6 1 1 2 2 -10 0
1 5000 7 -57 9 2 0 0 0 0 0 21 8 753 8 146 21 -10 0 0 -1 11 30 0
1 5000 -5 -36 -7 -7 0 0 0 0 -1 13 -2 29 -8 -142 -14 13 -1 -1 0 3 -10 0
1 5000 5 -33 2 -24 0 0 0 0 -1 15 7 -532 2 246 17 -27 4 4 -1 -9 -9 0
1 5000 -6 -33 0 23 0 0 0 0 -1 7 3 214 10 2 9 5 -3 -3 -1 7 -20 0
1 5000 1 8 3 -15 0 0 0 0 0 1 -1 177 -1 -114 -17 7 1 1 -1 2 1 0
1 5000 0 14 -5 5 0 0 0 0 1 -7 -2 -487 12 99 5 -11 2 2 3 -9 42 0
1 5000 4 25 9 -6 0 0 0 0 1 -6 3 -128 -9 35 1 -5 1 1 3 19 -9 0
1 6484 6 22 -8 28 -1 1 0 -4 -1 -13 -10 15 2 -13 -13 -4 3 3 -5 -9 1 -1
1 5637 -8 58 4 -23 0 0 164 0 1 -16 0 -546 4 41 14 1 -3 -3 -2 -8 -21 1
1 5631 3 -3483 -14 -57 0 0 158 0 -1 -32 -12 -25 1 -22 -13 -3 3 3 3 -5 2 0
1 5898 19 169 2 -40 0 0 166 0 -1 -53 4 -6 -3 -334 -31 31 -3 -3 -1 -3 -8 0
1 5660 7 349 -19 -96 0 0 162 0 -16 -89 21 24 -11 -8068 1069 1707 -555 -555 2 22 32 -1
1 5632 -6 188 23 105 0 0 161 0 -12 -44 103 218 16 6454 1998 52 -289 -289 -1 10 67 1
1 5638 5 184 7 28 0 0 158 0 -16 -6 74 -119 -1 5434 1802 102 -265 -265 540 -37 -145 -1
1 5633 5 83 14 0 0 0 154 0 -10 7 38 -74 -32 4986 1514 22 -204 -204 74 22 16 0
1 5619 33 -22 0 49 0 0 148 0 1 10 9 -562 -143 4548 1377 19 -183 -183 -114 -17 -14 0
1 5616 23 91 -22 -56 0 0 149 0 1 -8 -9 315 -89 4313 1218 -25 -149 -149 143 6 29 0
1 5642 25 55 -8 -20 0 0 147 0 -1 3 3 -349 -503 2265 728 28 -97 -97 125 9 66 0
1 5641 23 36 -4 42 0 1 151 0 0 17 19 -82 -227 1911 628 31 -86 -86 29 11 -64 0
1 5637 57 84 -31 -21 0 -1 162 0 7 7 -10 -15 -511 1954 772 89 -115 -115 394 34 80 0
1 5638 66 -20 5 32 0 0 173 0 -2 7 8 41 -233 1998 685 43 -94 -94 -156 -11 -49 0
1 5636 121 -62 9 60 1 0 193 0 -1 7 7 52 -137 2700 831 15 -103 -103 -44 -3 -6 0
1 5620 178 -129 34 79 -1 0 216 0 -3 7 15 -53 -351 2423 757 18 -95 -95 -163 -17 -30 0
1 5635 211 98 -41 -132 0 0 248 4 9 -27 -43 1840 -793 2055 604 -1 -72 -72 48 1 -64 0
1 10036 483 212 -9 -149 7 0 46 -5 -4 -5 6 2850 -430 2875 -416 -559 175 175 -358 -31 -212 0
1 5844 322 -42 74 43 1364 0 0 0 -29 -2 61 665 -51 -5793 -2313 -280 344 344 9 -3 -39 0
1 5915 318 -49 129 49 1351 0 1 2 -67 5 97 245 -19 -7238 -2269 -78 300 300 49 5 -20 0
1 8413 401 149 162 3 165 845 0 1 -137 29 116 1027 -96 -8864 -3033 -221 443 443 178 18 -59 0
1 5039 194 8 45 71 0 0 0 0 -40 58 32 47 -10 -7145 -2166 -52 302 302 -98 -3 -13 0
1 5582 195 7 36 49 0 0 0 0 -32 44 16 80 1 -6760 -1998 -26 280 280 20 0 8 0
1 4418 148 -7 21 27 0 0 0 0 -17 22 7 31 -6 -3896 -1172 -26 171 171 20 -2 0 0
1 5582 178 40 10 4 0 0 0 0 -12 15 4 74 -10 -4906 -1455 -23 212 212 -3 0 -9 0
1 4420 132 38 6 -2 0 0 0 0 -9 8 2 11 -1 -3193 -965 -24 146 146 -30 0 -3 0
1 5623 159 49 4 3 0 0 0 0 -9 15 1 34 -5 -3791 -1129 -22 172 172 15 1 6 0
1 4415 127 37 1 -2 0 0 0 0 -5 7 1 38 -5 -2865 -841 -10 128 128 -47 -9 -15 0
1 5582 149 48 0 0 0 0 0 0 -1 13 -1 50 -4 -3075 -904 -12 140 140 -29 1 4 0
1 10290 285 80 11 10 0 0 0 0 -13 29 0 60 -4 -4762 -1403 -20 220 220 5 -2 4 0
1 9999 247 98 1 -19 0 0 0 0 -4 9 -1 99 -11 -3838 -1139 -21 184 184 77 2 -5 0
1 10000 247 119 0 4 0 0 0 0 3 32 -8 77 -22 -2928 -878 -22 145 145 3 8 3 0
1 10000 248 40 2 24 0 0 0 0 1 29 -8 90 -24 -2663 -795 -18 133 133 -93 -6 -14 0
1 10128 245 -33 4 17 0 0 0 0 -8 7 -1 13 -3 -2411 -723 -18 121 121 78 -4 4 0
1 10001 244 -76 10 9 0 0 0 0 -10 -11 6 0 -2 -1942 -561 -4 94 94 39 9 -1 0
1 9999 245 -73 3 1 0 0 0 0 -4 -16 5 23 -7 -1505 -434 -2 72 72 136 7 0 0
1 10001 253 -66 7 -4 0 0 0 0 -4 -20 6 61 -31 -1312 -390 -8 67 67 -180 -1 1 0
1 9999 218 -30 1 -15 0 0 0 0 -2 -20 4 39 -19 -1050 -321 -12 57 57 -7 -3 -1 0
1 10001 235 -71 3 6 0 0 0 0 3 -12 1 68 -28 -978 -295 -9 52 52 -46 -7 5 0
1 10000 209 -46 -7 0 0 0 0 0 7 -13 1 8 -7 -1018 -309 -11 55 55 39 1 -6 0
1 9999 232 -9 -1 -7 0 0 0 0 4 -7 0 14 -9 -939 -276 -4 48 48 57 10 2 0
1 10256 239 -36 -3 -4 0 0 0 0 5 -13 1 10 -5 -907 -265 -4 46 46 77 5 5 0
1 10000 222 -34 5 19 0 0 0 0 -1 8 -1 10 -4 -638 -187 -2 33 33 -39 -4 -5 0
1 10000 213 -72 4 1 0 0 0 0 4 -17 0 2 -3 -519 -151 -2 27 27 146 5 -2 0
1 9999 224 -70 3 4 0 0 0 0 8 -13 0 2 0 -585 -168 0 28 28 -74 -10 8 0
1 10001 204 -51 1 -8 0 0 0 0 5 -20 -1 3 -4 -407 -120 -2 21 21 95 14 -1 0
1 10000 216 -57 -10 10 0 0 0 0 21 -4 -5 10 -3 -272 -81 -3 15 15 142 13 -5 0
1 10000 238 -41 17 11 0 0 0 0 -6 4 2 -2 -2 -339 -97 0 17 17 -158 -12 8 0
1 9999 198 -38 -2 -6 0 0 0 0 9 -15 -3 0 -2 -335 -96 0 16 16 97 8 -6 0
1 10001 199 -74 3 -3 0 0 0 0 15 -15 -5 2 -4 -140 -43 -1 8 8 19 17 -2 0
1 10000 204 -54 0 -10 0 0 0 0 13 -19 -6 -1 -2 -233 -65 0 12 12 -79 -13 5 0
1 9999 210 -88 7 12 0 0 0 0 19 -2 -6 2 -2 -211 -60 0 10 10 116 8 -6 0
1 10000 192 -54 -8 6 0 0 0 0 23 -3 -9 7 -3 -259 -78 -2 14 14 -12 7 7 0
1 10001 212 -52 -7 -39 0 0 0 0 21 -36 -15 20 -7 -146 -46 -3 9 9 188 11 0 0
1 11562 248 -36 11 7 1 -7 2 -3 3 8 1 9 -7 -353 -103 -1 18 18 140 10 5 0
1 11927 189 8 73 -124 85 -845 0 5 -62 -98 -3 18 -8 -222 -70 -4 13 13 -248 -21 0 1
1 10620 146 27 20 33 0 0 0 0 -26 27 18 42 -8 -239 -75 -4 15 15 80 20 -8 -1
1 10827 132 124 8 -88 5 -285 0 -4 -48 -65 -13 64 -10 -284 -100 -11 20 20 151 19 4 1
1 8001 71 51 64 11 97 0 -30 0 -72 16 17 12 -1 -261 -87 -8 17 17 -69 -10 2 -1
1 10001 53 49 33 3 0 0 -55 0 -45 7 4 13 -3 -432 -129 -3 23 23 133 -1 -6 0
1 9983 62 23 -4 1 0 0 -56 0 -2 6 2 -15 3 -326 -95 -1 18 18 -79 -4 -1 1
1 10012 55 -14 -13 4 0 0 -56 0 15 1 0 -5 -3 -333 -94 0 16 16 -21 10 7 -1
1 10009 60 48 -4 -8 0 0 -56 0 -11 -2 0 23 -4 -137 -39 0 7 7 -194 -16 -4 0
1 10002 54 60 -12 16 0 0 -53 0 -3 27 9 26 -2 -200 -61 -2 11 11 27 1 23 1
1 9986 59 24 14 -25 0 0 -53 0 -17 -15 -5 -15 0 -161 -53 -5 10 10 -36 -6 -15 -1
1 10006 48 -25 -29 15 0 0 -53 0 30 5 2 23 -5 -161 -46 1 9 9 83 14 14 1
1 10004 46 25 8 1 -1 0 -54 0 -12 6 2 -5 4 -258 -76 -2 14 14 -139 -9 -9 0
1 9984 56 54 -5 -13 1 0 -52 0 -8 -1 0 7 -2 34 7 -2 -1 -1 177 -4 -21 0
1 10028 48 40 -2 14 0 0 -52 0 -8 20 5 -6 -3 -30 -7 2 1 1 -29 -2 20 0
1 15561 80 31 121 -14 393 0 -35 0 -112 -1 -17 3 0 -289 -89 -5 17 17 -78 11 -4 0
1 7551 -52 48 308 13 0 -1 -35 0 -250 19 -133 5 -1 27 1 -4 0 0 -226 -25 1 0
1 8889 -77 31 61 3 0 1 -44 0 -41 8 -42 4 1 -22 0 4 -1 -1 262 34 3 0
1 7999 -57 6 -33 -6 0 0 -41 0 19 0 23 -7 3 -26 -5 2 1 1 -121 -41 1 0
1 9987 -63 10 6 1 0 0 -52 0 -6 2 -6 -9 0 -191 -51 2 9 9 38 25 7 0
1 10000 -67 13 -12 6 0 0 -50 0 4 5 6 3 -1 8 8 3 -3 -3 75 -29 6 0
1 9998 -53 14 -1 -9 0 0 -51 0 1 1 1 -10 3 89 22 -2 -3 -3 -246 -1 -16 0
1 10006 -71 18 0 0 0 0 -51 0 -4 3 -2 -33 6 -54 -8 5 0 0 -87 -11 9 0
1 9977 -81 42 -1 6 0 0 -51 0 -2 16 0 -2 2 94 25 -1 -4 -4 105 16 -14 0
1 9999 -100 1 -8 -2 0 0 -50 0 4 -1 6 -27 5 23 9 2 -3 -3 -91 -4 2 0
1 10022 -102 43 4 9 0 0 -50 0 -7 16 -4 -8 4 -116 -27 3 5 5 1343 81 16 0
1 9988 -137 34 -11 3 0 0 -52 0 4 11 7 -33 8 95 31 2 -6 -6 -1333 -87 -27 0
1 10010 -143 89 -14 13 0 -1 -51 0 3 31 7 -30 5 -17 1 4 -1 -1 210 19 0 0
1 13568 -187 13 -1 -188 6 -1389 -21 2 -2 -100 -27 -26 8 -77 -12 6 1 1 -150 -1 11 0
1 10621 -156 -11 -22 -11 0 0 0 0 15 -14 11 -13 5 307 96 5 -19 -19 119 15 3 0
1 9999 -134 -42 10 -4 0 0 0 0 -5 -11 -11 -13 5 290 87 3 -16 -16 -34 -20 -8 0
1 10025 -162 -67 -7 -8 0 0 0 0 10 -23 -2 5 0 298 90 2 -17 -17 -70 -4 4 0
1 10000 -158 -71 -2 2 0 0 0 0 8 -18 -1 -4 3 223 66 2 -12 -12 234 20 3 0
1 10012 -148 -74 -1 -11 0 0 0 0 8 -26 -9 3 2 137 39 0 -7 -7 79 0 -6 0
1 10000 -159 -62 -2 19 0 0 0 0 12 -6 8 -5 1 203 59 0 -10 -10 -57 1 4 0
1 10000 -164 -34 0 2 0 0 0 0 6 -8 0 -28 8 43 14 2 -3 -3 -348 -42 -5 0
1 10000 -163 -47 12 -3 0 0 0 0 1 -11 -8 1 1 218 68 3 -13 -13 27 7 8 0
1 10000 -153 -3 4 10 0 0 0 0 -2 5 2 3 0 232 67 1 -12 -12 49 8 -7 0
1 10000 -168 -53 1 4 0 0 0 0 11 -10 3 3 3 81 24 0 -4 -4 123 -6 -2 0
1 10000 -166 -97 -13 -21 0 0 0 0 32 -33 2 3 0 281 78 -1 -14 -14 -44 21 2 0
1 10000 -147 -118 -5 -9 0 0 0 0 36 -28 4 -11 5 14 5 0 0 0 -108 -26 0 0
1 10000 -151 -68 12 20 0 0 0 0 13 4 13 7 0 172 51 1 -9 -9 -92 -4 -6 0
1 10000 -155 -79 -1 -13 0 0 0 0 26 -15 3 -12 3 39 10 0 -2 -2 -3 1 2 0
1 10000 -152 -54 3 3 0 0 0 0 16 -2 9 2 2 125 38 1 -7 -7 -33 4 -3 0
1 10000 -152 -69 -5 1 0 0 0 0 27 -1 13 -2 0 33 10 0 -2 -2 53 -7 4 0
1 10001 -157 -66 0 2 0 0 0 0 21 3 13 1 2 59 18 1 -4 -4 -100 4 -9 0
1 9999 -163 -55 9 -11 0 0 0 0 11 -4 1 3 1 108 30 0 -5 -5 193 12 14 0
1 11089 -164 -104 -8 4 0 4 -2 -1 39 14 26 1 1 36 8 -2 0 0 -182 -18 -5 0
1 8583 -138 -37 10 174 -34 1391 0 3 1 140 79 -8 3 72 22 1 -4 -4 -39 -9 -9 0
1 10622 -157 -45 -13 7 0 0 0 0 22 16 11 3 2 -2 1 1 -1 -1 123 9 8 0
1 10000 -139 17 -15 13 0 0 0 0 9 6 4 -15 5 61 17 0 -3 -3 -294 -25 -15 0
1 9999 -126 15 11 5 0 0 0 0 -13 1 -3 -5 5 52 17 1 -3 -3 349 21 11 0
1 10001 -128 5 3 3 0 0 0 0 -3 0 0 -5 2 120 36 1 -7 -7 -145 -4 -5 0
1 10000 -131 -14 -6 -14 0 0 0 0 5 -6 0 -10 8 82 26 2 -5 -5 -80 -8 0 0
1 9999 -128 7 1 3 0 0 0 0 -1 0 -1 -4 1 86 27 1 -5 -5 -4 -1 5 0
1 10000 -122 16 0 8 0 0 0 0 -2 1 -1 -4 4 55 17 1 -3 -3 33 3 -8 0
1 9996 -121 -15 -3 -4 0 0 0 0 6 1 2 -55 22 100 32 2 -6 -6 -126 -12 6 0
1 10004 -127 -52 1 -4 0 0 0 0 12 10 5 -43 16 136 48 5 -10 -10 107 11 -4 0
1 10001 -119 -31 -2 5 0 0 0 0 9 13 6 -63 31 196 71 9 -14 -14 40 1 4 0
1 10001 -122 -38 7 -6 0 0 0 0 4 5 2 -27 14 325 107 9 -22 -22 -78 -11 -8 0
1 8910 -104 -1 -3 66 -42 1110 -2 0 2 58 12 2 1 285 93 7 -17 -17 -17 7 5 0
1 14532 -179 47 -10 112 0 8 0 -2 -6 86 4 -9 5 285 86 3 -16 -16 60 6 8 0
1 10000 -123 45 -5 0 0 0 0 0 -4 -14 0 -6 0 630 186 3 -33 -33 142 5 -8 0
1 10000 -102 78 -9 -29 0 0 0 0 -14 -44 -5 -164 39 239 72 2 -12 -12 -152 -12 0 0
1 10001 -94 109 35 12 0 0 0 0 -64 -10 -16 -25 2 285 120 23 -27 -27 81 13 22 0
1 12961 -122 39 -50 -98 -54 -1139 0 2 30 -89 -10 -121 21 358 121 11 -24 -24 -44 -5 -8 0
1 10619 -49 -17 -69 -75 0 0 0 0 65 -64 -10 -23 8 802 251 13 -46 -46 12 0 12 1
1 10000 -42 28 9 23 0 0 0 0 -17 17 3 -8 0 578 178 7 -32 -32 52 3 -8 -1
1 10000 -27 -8 3 -12 0 0 0 0 -1 -7 -3 -1 0 546 167 7 -30 -30 -78 1 3 0
1 10000 -63 -10 -11 -1 0 0 0 0 13 0 2 -13 2 408 123 3 -22 -22 -39 -12 -5 0
1 10000 -48 -26 -2 -1 0 0 0 0 11 0 2 -10 0 337 102 4 -18 -18 14 3 3 1
1 10000 -55 -6 6 -2 0 0 0 0 -5 2 0 -3 2 322 97 3 -17 -17 55 8 12 -1
1 10002 -38 -15 4 5 0 0 0 0 4 4 2 0 -1 320 95 1 -17 -17 -117 -17 -18 0
1 9998 -56 -4 7 9 0 0 0 0 -6 10 3 -4 0 329 96 1 -16 -16 9 3 18 0
1 10000 -59 25 -6 -3 0 0 0 0 -2 -8 -3 -25 9 280 82 1 -15 -15 83 11 -7 1
1 10002 -76 8 -11 -4 0 0 0 0 6 -4 -1 -113 13 234 74 5 -13 -13 25 4 -3 -1
1 9998 -73 36 15 1 0 0 0 0 -27 0 -4 93 -7 233 77 5 -14 -14 -64 -7 11 1
1 10000 -84 -7 -13 -1 0 0 0 0 15 -4 2 -83 9 230 76 6 -15 -15 -29 -4 -7 -1
1 8818 -83 -15 12 1 0 -3 -1 -4 -5 4 0 -67 9 325 93 0 -15 -15 21 2 5 1
1 10010 -108 -29 -10 -1 0 0 -42 0 18 3 3 -33 9 114 48 9 -10 -10 -14 2 -1 -1
1 8409 -91 1 -3 0 0 0 -42 0 2 0 1 25 -6 429 131 4 -24 -24 84 0 1 0
1 5607 -48 3 9 0 0 0 -30 0 -8 -1 -1 -37 9 -7 8 7 -2 -2 -156 -9 -8 0
1 5629 -70 3 -11 -2 0 0 -28 0 8 -1 0 29 -1 115 35 1 -7 -7 92 7 5 0
1 5632 -68 3 -6 6 0 -1 -30 0 5 3 2 -27 2 226 72 4 -13 -13 15 -1 -9 0
1 6802 -85 7 4 3 0 1 -35 0 -6 2 0 -43 4 313 90 0 -15 -15 -117 -9 9 0
1 5630 -77 8 -4 11 0 0 -30 0 2 6 2 -27 5 -161 -41 3 6 6 62 9 -3 0
1 7699 -93 9 -4 -4 0 0 -13 4 -1 -3 0 21 -2 389 124 7 -22 -22 56 7 11 0
1 5617 -62 -16 0 -7 0 0 0 0 5 -3 -1 -1 1 192 59 3 -11 -11 -67 -11 1 0
1 4400 -54 -1 -3 0 0 0 0 0 4 -2 0 -26 2 167 51 1 -8 -8 91 4 1 0
1 5621 -64 -17 -2 -3 0 0 0 0 6 2 1 -10 2 127 39 2 -7 -7 -85 -7 -8 0
1 4416 -53 -14 3 0 0 0 0 0 4 1 0 -7 1 149 48 3 -9 -9 42 1 -5 0
1 5584 -57 -8 -5 1 0 0 0 0 6 2 2 -25 2 176 55 3 -10 -10 -30 -1 0 0
1 4399 -35 -21 4 -1 0 0 0 0 4 2 1 -14 5 166 50 1 -8 -8 63 6 18 0
1 5617 -65 -1 -5 -4 0 0 0 0 3 0 -1 -8 2 112 39 4 -8 -8 -25 3 -3 0
1 4426 -40 -5 1 -1 0 0 0 0 2 -2 0 -3 6 235 73 3 -13 -13 -72 -9 -10 0
1 5574 -38 5 -1 2 0 0 0 0 0 0 0 -4 5 78 28 3 -5 -5 49 -1 -1 0
1 4423 -40 2 0 0 0 0 0 0 0 -1 0 1 2 220 65 2 -11 -11 84 8 16 0
1 5577 -41 3 -1 -1 0 0 0 0 -1 -1 -1 -3 3 119 38 1 -7 -7 -129 -9 22 0
1 8785 -64 -9 5 0 12 0 -1 0 0 1 1 -17 7 435 127 2 -21 -21 -69 -5 -35 0
1 7488 -67 -14 48 5 54 0 0 0 -38 8 -1 2 15 170 51 1 -9 -9 40 10 11 0
1 5039 -46 -44 15 -1 0 0 0 0 1 7 3 -204 29 256 77 2 -14 -14 134 10 7 0
1 5578 -52 -93 12 -9 0 0 0 0 17 14 7 -420 24 228 75 5 -13 -13 -45 -9 23 0
1 4422 -41 -76 2 -5 0 0 0 0 16 18 6 -137 7 23 63 33 -18 -18 -66 -7 9 0
1 5578 -43 -78 3 -4 0 0 0 0 12 22 7 -90 8 257 180 61 -45 -45 -70 -5 7 0
1 4481 -40 -42 -7 3 0 0 0 0 13 17 3 -9 -2 762 261 24 -48 -48 66 5 -14 0
1 5617 -52 -44 -3 4 0 0 0 0 9 18 4 -19 1 797 254 14 -45 -45 112 10 -6 0
1 4426 -31 -33 -7 6 0 0 0 0 7 18 3 -3 3 947 286 7 -48 -48 -68 -3 -2 0
1 5581 -31 -43 -2 3 0 0 0 0 7 19 1 6 -2 985 293 6 -49 -49 104 2 23 0
1 4440 -39 -29 2 -3 0 0 0 0 -2 8 1 2 4 782 242 9 -41 -41 -161 -12 -16 0
1 5553 -35 -24 -8 3 0 0 0 0 10 12 0 -24 19 906 268 4 -44 -44 51 4 19 0
1 4426 -27 1 -5 1 0 0 0 0 5 0 0 -98 2 651 192 3 -32 -32 -105 -4 -1 0
1 5000 -34 -10 2 1 0 0 0 0 -3 5 0 -120 -3 574 180 7 -30 -30 52 2 28 0
1 4994 -18 -12 11 -2 0 0 0 0 -6 3 0 -50 4 658 216 15 -38 -38 41 4 3 0
1 5580 -27 23 -12 3 0 0 0 0 5 -6 0 -353 39 652 216 16 -38 -38 -31 -4 8 0
1 4424 -11 41 7 -2 0 0 0 0 -5 -18 -1 -209 35 552 182 13 -31 -31 97 11 33 0
1 5576 -36 48 10 7 0 0 0 0 -12 -12 -1 -193 27 573 251 47 -51 -51 -130 -16 -38 0
1 4448 -19 8 0 -7 0 0 0 0 -4 -8 -1 -657 102 591 260 49 -53 -53 24 -1 18 0
1 5552 -34 27 -15 5 0 0 0 0 14 -6 -1 -771 143 1388 474 40 -84 -84 301 40 177 0
1 4419 -11 12 -11 1 0 0 0 0 10 -4 0 -993 119 984 428 79 -84 -84 -80 -13 1 0
