version: 66.14
glider: 194
mission: 16
dive: 222
start: 6 8 125 0 47 36
columns: rec,elaps_tms,depth,heading,pitch,roll,AD_pitch,AD_roll,AD_vbd,GC_phase,mag.x,mag.y,mag.z,sbect.TempFreq,sbect.CondFreq,aa4330.O2,aa4330.AirSat,aa4330.Temp,aa4330.CalPhase,aa4330.TCPhase,wlbb2fl.sig470nm,wlbb2fl.sig700nm,wlbb2fl.sig695nm,wlbb2fl.temp,
data:
0 10358 -1685 2574 -785 87 212 3257 372 6 486 142 75 228946 167712 240638 82683 18765 31768 31768 504 125 294 565
1 4999 7 28 17 -29 0 0 0 0 -3 -3 15 1001 -10 -155 -52 1 8 8 113 16 51 0
1 5000 1 -67 -26 49 0 0 0 0 4 2 -18 -1440 7 -314 -80 16 7 7 0 -21 -65 0
1 5001 -11 -16 25 27 0 0 0 0 -9 8 16 1836 -5 184 73 6 -11 -11 -179 -2 -34 -1
1 4999 5 8 -13 -33 0 0 0 0 3 -3 -1 -882 -4 -252 -59 17 5 5 105 12 37 0
1 5000 -4 -25 12 16 0 0 0 0 -4 -1 11 -1408 -21 -42 37 30 -12 -12 11 12 -6 0
1 5000 1 25 0 -48 0 0 0 0 1 -10 9 641 8 23 -18 -15 6 6 233 20 64 0
1 5001 8 -66 -5 37 0 0 0 0 -2 2 2 795 -13 -281 -63 20 5 5 137 36 -1 0
1 5000 0 -3 -9 -3 0 0 0 0 2 0 -5 -31 9 166 26 -19 0 0 -62 -10 -68 0
1 4999 -3 11 1 -27 0 0 0 0 0 -6 6 -564 -6 -206 -19 31 -4 -4 -377 -52 -36 0
1 5001 0 -57 3 52 0 0 0 0 -1 4 1 357 -23 176 51 -5 -6 -6 193 12 43 0
1 4999 5 10 6 -22 0 0 0 0 -3 -2 9 -214 22 41 0 -9 2 2 -255 -23 -13 0
1 6489 -4 -25 3 -19 0 1 0 -4 -5 -7 16 -1117 -20 -141 -15 20 -2 -2 52 -6 -24 0
1 5633 -7 -14 -9 -1 0 0 160 0 3 -3 -4 805 -31 -3 9 6 -2 -2 88 14 22 0
1 5613 4 41 -18 -47 0 0 156 0 8 -6 -10 -225 -11 -408 -81 36 3 3 -132 -4 -2 0
1 5612 13 -27 10 53 -1 0 156 0 -3 8 -2 -975 -28 29 34 14 -7 -7 30 -5 45 0
1 5633 12 91 -34 -65 1 0 159 0 14 -5 -33 919 5 16253 1258 -2444 335 335 -52 -14 -67 0
1 5611 7 33 24 40 -1 0 156 0 -5 13 -1 44 37 20776 5295 -792 -547 -547 113 17 62 0
1 5615 -4 25 -15 7 1 0 155 0 7 0 -23 -283 1 14577 4458 -119 -542 -542 -28 0 -59 0
1 5659 4 10 20 18 0 0 151 0 -4 4 8 -400 -30 11266 3220 -192 -350 -350 145 9 36 0
1 5640 15 103 -22 -105 0 0 149 0 9 -12 -16 -409 -43 15160 2696 -990 -108 -108 -23 14 84 0
1 5633 38 162 -8 -41 0 0 146 0 9 -2 -45 1090 -40 8523 1638 -463 -90 -90 275 12 21 0
1 5622 23 222 12 -93 0 0 146 0 9 -15 -33 345 -49 7239 1997 -109 -202 -202 -158 -19 45 0
1 5660 41 136 -2 -6 0 0 148 0 6 -18 -41 344 -66 9270 1489 -590 -39 -39 -144 16 55 0
1 5640 19 67 3 47 0 0 156 0 4 -17 -27 1528 -149 3463 863 -82 -77 -77 -25 -24 10 0
1 5631 50 31 -3 20 0 0 166 0 2 -10 -13 1153 -362 2765 661 -77 -55 -55 481 60 224 0
1 10965 173 -118 -28 183 5 0 175 -1 -6 4 -41 769 -387 8583 1368 -512 -38 -38 -537 -65 -226 0
1 5941 126 -27 67 24 1342 0 1 0 3 17 60 615 129 1552 120 -143 18 18 78 5 76 0
1 5933 148 13 91 -42 1299 0 1 1 -8 15 85 412 18 4268 429 -345 29 29 -59 -5 -194 0
1 5786 165 134 112 -123 137 -652 185 4 -7 -49 96 739 31 -865 -813 -227 135 135 -179 -21 14 0
1 8981 274 109 151 -122 0 -787 1 -2 -41 -93 112 1505 273 -5473 -2236 -256 299 299 -29 -5 -117 0
1 5036 145 51 26 -17 0 0 0 0 -6 -30 10 483 144 -4013 -1508 -138 198 198 8 0 -45 0
1 5581 135 33 1 9 0 0 0 0 2 -7 -5 334 90 -4725 -1763 -161 236 236 -15 1 -23 0
1 4420 113 25 -2 10 0 0 0 0 4 -3 -6 39 18 -4399 -1485 -86 190 190 42 4 -17 0
1 5580 145 21 -7 -4 0 0 0 0 4 -8 -8 54 30 -6922 -2104 -37 257 257 -38 -3 3 0
1 4422 113 -9 -7 8 0 0 0 0 3 8 -4 39 17 -4320 -1431 -78 190 190 11 -1 -18 -1
1 5617 156 -16 -5 -1 0 0 0 0 2 7 -3 790 155 -5330 -1607 -26 203 203 -79 -9 -81 0
1 4420 117 36 8 -18 0 0 0 0 -1 -22 0 199 50 -3584 -1289 -113 187 187 11 0 3 0
1 5001 139 55 12 -15 0 0 0 0 -3 -29 0 52 11 -5247 -1639 -55 221 221 0 1 -10 0
1 5002 131 -3554 5 1 0 0 0 0 -3 -18 -2 146 44 -5409 -1649 -40 223 223 17 3 31 0
1 5577 144 59 6 -6 0 0 0 0 -4 -26 -4 179 33 -4855 -1493 -43 209 209 19 0 -41 0
1 4421 112 51 9 14 0 0 0 0 -8 -16 5 58 18 -3844 -1163 -25 163 163 -6 4 -2 0
1 5582 141 96 9 -22 0 0 0 0 -15 -48 -5 152 15 -4234 -1296 -37 186 186 -36 -6 3 0
1 4518 106 57 -1 15 0 0 0 0 -10 -14 7 141 18 -3229 -1017 -42 153 153 22 -1 -3 0
1 5618 138 65 -15 1 0 0 0 0 -3 -19 -11 11 7 -3744 -1120 -21 163 163 23 4 2 0
1 5000 114 46 0 1 0 0 0 0 -12 -13 5 7 8 -3004 -906 -21 135 135 8 3 5 0
1 5000 118 48 -9 2 0 0 0 0 -6 -11 0 59 11 -2812 -816 -3 119 119 -6 -1 0 0
1 4431 125 44 4 3 0 0 0 0 -13 -13 7 140 17 -2067 -627 -17 96 96 10 0 -6 0
1 5593 125 61 8 -7 0 0 0 0 -22 -18 13 72 -1 -2560 -777 -21 121 121 -8 0 -2 0
1 6825 173 61 -2 22 0 8 1 -1 -16 -3 16 -13 -10 -3114 -944 -26 147 147 8 1 5 0
1 8601 186 24 -2 161 75 1421 0 3 -8 85 68 32 -11 -3154 -936 -15 146 146 26 3 -6 0
1 10618 256 22 17 41 0 0 0 0 -18 23 27 53 4 -3551 -1052 -17 166 166 -20 -4 8 1
1 9999 238 49 -10 -5 0 0 0 0 -8 -5 4 245 47 -2574 -770 -17 125 125 35 4 4 0
1 10000 230 111 6 -14 0 0 0 0 -37 -10 22 493 67 -2290 -803 -81 147 147 -37 -3 -18 -1
1 10000 235 126 6 1 0 0 0 0 -39 11 28 214 -2 -3024 -962 -54 167 167 52 9 7 1
1 10000 215 136 -4 -5 0 0 0 0 -31 12 19 276 -56 -3134 -987 -51 173 173 -19 -3 2 -1
1 10000 252 125 -12 5 0 0 0 0 -15 27 15 79 -16 -3639 -1131 -52 200 200 -42 -5 -2 1
1 12441 278 87 37 70 69 630 0 -2 -46 80 31 118 -50 -4311 -1290 -35 226 226 61 5 -6 0
1 10620 212 -104 39 59 0 0 0 0 -15 32 5 169 -128 -2387 -734 -31 133 133 55 12 6 0
1 10000 174 -39 -2 2 0 0 0 0 8 -10 -2 4 -41 -2738 -820 -24 148 148 -16 -2 -1 0
1 10000 181 -50 6 -1 0 0 0 0 6 -10 -3 9 -17 -2858 -819 -2 144 144 -9 -3 1 0
1 10000 146 -84 -1 -1 0 0 0 0 22 -14 -8 -103 -153 -2260 -641 2 114 114 61 9 0 0
1 10001 173 -85 2 5 0 0 0 0 21 -10 -9 59 2 -2010 -566 3 100 100 28 2 -7 0
1 10000 155 -55 -1 -3 0 0 0 0 17 -9 -7 -13 -15 -1471 -433 -8 80 80 -19 -2 9 0
1 10000 156 -57 0 3 0 0 0 0 17 -2 -8 -89 -47 -1182 -343 -4 63 63 36 4 -9 0
1 9999 161 -40 0 -3 0 0 0 0 13 -5 -7 23 -17 -1236 -332 13 58 58 -12 -4 7 0
1 10244 161 -17 0 -4 0 0 0 0 6 -3 -3 137 38 -916 -270 -6 50 50 -26 0 -4 0
1 10000 160 -15 -4 0 0 0 0 0 7 -1 -4 -59 -42 -626 -205 -16 43 43 20 0 -2 0
1 10000 147 -47 8 1 0 0 0 0 9 -1 -6 -30 -50 -641 -177 3 32 32 -70 -4 21 0
1 10001 144 -34 -4 -3 0 0 0 0 14 1 -7 -21 -16 -535 -145 5 25 25 21 1 -17 0
1 9999 154 -18 -4 5 0 0 0 0 9 1 -5 -5 -4 -459 -126 3 23 23 -2 0 2 0
1 10000 152 -38 5 -5 0 0 0 0 8 3 -4 8 -9 -318 -91 -1 18 18 8 1 -3 0
1 10000 161 -44 3 6 0 0 0 0 12 5 -8 -20 -10 -367 -104 1 18 18 5 -2 6 0
1 10000 139 -8 -3 -4 0 0 0 0 5 -3 -3 -27 -19 -239 -63 3 12 12 3 2 2 0
1 10000 148 -17 3 -3 0 0 0 0 3 -1 -3 -20 -15 -221 -56 5 9 9 -21 -1 -9 0
1 10000 148 -23 -1 2 0 0 0 0 7 6 -4 -6 -16 -184 -50 1 9 9 9 0 1 0
1 10000 137 -33 6 -3 0 0 0 0 6 4 -4 -18 -18 -212 -55 4 10 10 19 4 1 0
1 11325 153 -39 -2 -65 1 -647 0 2 14 -39 -18 -38 -52 -243 -60 6 9 9 9 -2 4 0
1 10620 162 -53 13 -26 0 0 0 0 6 -4 -7 -28 -25 -112 -28 2 5 5 -3 1 -2 0
1 10000 134 -29 2 -4 0 0 0 0 6 6 -3 42 -8 -196 -51 3 8 8 89 7 -2 0
1 10000 137 -1 -3 0 0 0 0 0 2 0 -1 50 15 -203 -62 -3 13 13 -50 -1 1 0
1 10000 136 41 -3 -21 0 0 0 0 -10 -23 0 25 13 -138 -52 -7 11 11 -8 0 4 0
1 10001 147 3 -6 26 0 0 0 0 5 14 1 -40 -20 -171 -60 -8 14 14 -26 -3 -4 0
1 9999 133 25 8 -2 0 0 0 0 -13 -6 9 22 5 -253 -68 3 12 12 42 3 2 0
1 10000 155 9 -4 -3 0 0 0 0 -1 -2 0 18 3 -137 -43 -2 8 8 69 4 3 0
1 10000 139 14 8 -10 0 0 0 0 -8 -12 2 7 3 -207 -59 -1 12 12 -50 -2 -6 1
1 10001 143 16 -5 4 0 0 0 0 -1 0 2 22 4 -129 -45 -5 10 10 -11 2 1 0
1 9999 153 -10 7 12 0 0 0 0 -1 8 3 -21 -8 -108 -36 -4 7 7 40 0 -3 0
1 10000 143 -63 -6 -8 0 0 0 0 21 10 -14 19 -3 -194 -56 0 11 11 -45 -4 0 -1
1 10000 160 -8 9 -5 0 0 0 0 -4 -1 3 37 2 -121 -47 -8 10 10 71 9 5 1
1 9086 121 -1 1 -95 0 -1314 1 0 -1 -58 -22 7 -1 -110 -34 -1 8 8 1 1 -5 -1
1 13134 189 80 14 -94 0 -82 0 -2 -30 -80 -22 5 -1 -237 -62 3 10 10 -29 -3 4 0
1 12048 180 38 10 -15 0 0 0 0 -18 -21 0 9 -4 -132 -48 -7 12 12 -8 0 13 1
1 8838 116 49 -8 98 0 1422 -1 0 -11 51 42 -5 -2 -109 -28 2 5 5 34 3 -17 0
1 11162 157 2 -39 103 0 0 0 2 26 72 16 -11 -1 -253 -76 -2 14 14 -36 -2 25 0
1 10000 166 14 18 9 0 0 0 0 -17 5 14 12 -5 -76 -23 -1 5 5 37 2 -21 0
1 9999 131 -22 4 7 0 0 0 0 4 7 0 -20 -8 -119 -31 1 6 6 -19 -1 8 0
1 10000 149 -44 1 -2 0 0 0 0 13 5 -8 4 -2 -140 -39 1 6 6 30 3 -9 0
1 10001 143 -7 -4 -12 0 0 0 0 4 -5 -5 -8 -4 -101 -29 0 6 6 -9 0 -2 0
1 9999 138 -7 1 16 0 0 0 0 1 13 4 15 -3 -60 -15 1 3 3 -12 -4 3 0
1 10000 135 -1 8 -9 0 0 0 0 -4 -7 1 1 -1 -141 -43 -2 8 8 16 4 5 0
1 10000 151 -2 -4 6 0 0 0 0 4 3 -2 53 -15 -31 -11 -1 2 2 81 4 -3 0
1 10000 127 -74 4 5 0 0 0 0 18 21 -7 -12 -29 -88 -38 -7 10 10 -56 -1 1 0
1 10000 128 -86 1 -2 0 0 0 0 20 22 -12 0 -24 -204 -57 -1 11 11 55 8 -5 0
1 10000 121 -48 -5 -6 0 0 0 0 14 11 -9 14 -14 -141 -44 -1 8 8 -34 -5 5 0
1 10001 129 -59 -3 2 0 0 0 0 15 19 -11 6 -20 -255 -73 -1 15 15 24 3 7 0
1 9113 111 -46 6 -103 0 -1306 1 0 4 -45 -13 -2 -14 -81 -26 -2 6 6 66 8 -2 0
1 17480 234 -68 23 -87 0 -99 -1 -2 -9 -27 -1 -3 -26 -658 -196 -6 38 38 95 17 -1 0
1 10584 120 -42 -31 -39 0 0 0 0 24 0 -24 2 -32 -84 -16 5 3 3 -22 -3 -2 0
1 10000 109 -23 12 22 0 0 0 0 -8 19 14 4 -25 -381 -112 -2 21 21 130 15 3 0
1 10000 118 -5 8 -4 0 0 0 0 -5 -2 5 -4 1 -353 -98 1 19 19 -1 -4 4 0
1 10000 125 43 5 -5 0 0 0 0 -5 -20 -2 1 -7 -335 -96 0 19 19 28 7 -7 0
1 10000 123 34 15 0 0 0 0 0 -13 -16 7 1 -11 -317 -91 0 17 17 101 9 12 0
1 12266 140 -6 -40 119 3 1010 0 -2 26 76 -2 1 -6 -548 -156 0 31 31 30 11 -5 0
1 6574 60 3 119 37 147 -1 -22 0 -80 18 71 2 -10 111 28 -3 -5 -5 -52 -9 -6 0
1 10001 41 43 45 -12 0 0 -52 0 -41 -26 22 -3 -18 -290 -81 2 15 15 181 18 3 0
1 9985 59 11 12 17 -1 0 -55 0 -13 9 8 1 3 -253 -74 -1 15 15 -156 -12 -18 0
1 9983 31 27 -18 6 1 0 -53 0 10 -6 -6 1 -2 -192 -51 2 9 9 181 16 17 0
1 10028 35 20 -7 0 0 0 -52 0 3 -7 -3 -4 -13 -137 -38 0 8 8 -56 2 -7 0
1 10001 20 71 -3 -8 0 0 -51 0 -12 -31 0 -3 -6 -67 -19 1 3 3 -166 -25 9 0
1 10005 23 72 -29 -2 0 0 -50 0 6 -24 -9 5 25 -178 -49 0 9 9 26 4 -6 0
1 9980 33 19 31 -23 -1 0 -51 0 -33 -21 10 -2 9 -50 -15 0 3 3 85 7 3 0
1 10008 22 27 0 21 1 0 -49 0 -8 9 6 4 -7 -19 -4 1 1 1 -201 -20 0 1
1 13556 27 -31 16 -7 232 0 -30 0 -1 0 1 -6 -6 -390 -112 -1 22 22 60 12 3 -1
1 7436 -56 64 464 19 265 2 -19 0 -425 3 22 1 -6 346 88 -7 -16 -16 238 25 3 1
1 9007 -122 87 46 7 0 -1 -44 0 -64 -7 -28 1 14 -131 -35 2 7 7 -205 -20 -14 -1
1 9981 -101 28 35 -5 0 0 -50 0 -31 -11 -22 2 1 -302 -86 0 17 17 -74 -18 8 1
1 10011 -128 91 -27 1 0 0 -49 0 -5 -10 -7 -1 6 109 33 1 -7 -7 116 14 3 0
1 10001 -129 144 -18 3 0 0 -49 0 -27 -9 -22 -1 18 -26 -6 1 1 1 -310 -30 -5 0
1 9997 -143 90 36 7 0 0 -50 0 -47 4 -35 -2 23 -27 -10 -1 2 2 189 14 2 0
1 9992 -164 -11 -35 -19 0 0 -52 0 25 -14 14 -1 32 84 26 1 -5 -5 14 0 -3 0
1 10019 -185 32 -4 2 0 0 -50 0 -7 5 -3 2 20 88 24 -1 -5 -5 -152 -14 0 0
1 10009 -188 65 -1 16 0 0 -49 0 -15 11 -9 -4 13 130 37 0 -7 -7 -54 -11 1 0
1 9973 -207 26 -1 -47 3 -710 -47 4 -7 -24 -19 -3 19 361 104 1 -20 -20 -130 -15 5 0
1 16486 -349 -57 -20 -150 3 -693 0 -2 26 -94 -46 -12 14 185 56 2 -11 -11 8 -2 -6 0
1 10037 -210 -27 -5 -3 0 0 0 0 10 -5 6 1 17 681 194 1 -39 -39 -52 -5 -4 0
1 10001 -213 -20 1 3 0 0 0 0 5 1 5 7 30 248 70 -1 -13 -13 9 -3 -2 0
1 10029 -217 -3 4 -4 0 0 0 0 -1 -2 -3 15 33 371 105 -1 -20 -20 11 -1 7 0
1 10000 -236 -15 1 -6 0 0 0 0 3 -5 -1 10 10 269 71 -3 -13 -13 -39 0 -4 0
1 10274 -228 -75 -16 -3 0 0 0 0 34 -10 18 4 10 299 81 -2 -16 -16 -25 -2 5 0
1 10000 -217 -90 4 7 0 0 0 0 23 3 22 -29 28 219 65 1 -12 -12 104 14 -5 0
1 10000 -209 -38 7 0 0 0 0 0 6 3 6 -19 9 251 72 0 -14 -14 -86 -15 -3 0
1 10001 -219 -46 5 4 0 0 0 0 11 4 10 -30 5 206 64 3 -13 -13 -28 -2 -1 0
1 9999 -225 -41 -9 -15 0 0 0 0 18 -8 5 -4 0 148 52 7 -12 -12 10 2 4 0
1 10001 -230 -57 4 10 0 0 0 0 12 14 17 -7 4 238 70 2 -14 -14 -76 -12 -1 0
1 9999 -238 -49 9 -10 0 0 0 0 6 2 4 13 6 191 55 1 -11 -11 53 6 0 0
1 8817 -188 -52 -8 65 0 1227 -2 0 16 55 44 -11 -4 303 86 -1 -16 -16 -30 -2 -6 0
1 11184 -268 78 10 147 -33 162 0 2 -25 96 31 -1 11 46 12 0 -3 -3 -10 -2 3 0
1 9999 -239 -6 -7 -21 0 0 0 0 3 -12 -3 35 10 169 53 2 -10 -10 71 9 8 0
1 10000 -229 -22 0 11 0 0 0 0 10 8 8 -24 -6 46 6 -5 0 0 -40 -10 -11 0
1 10000 -221 7 -12 8 0 0 0 0 6 8 4 -2 8 31 13 3 -3 -3 -13 0 5 0
1 10001 -217 47 12 9 0 0 0 0 -20 -4 -9 -10 -4 98 25 -2 -4 -4 15 3 -4 0
1 10000 -223 27 -4 -9 0 0 0 0 -6 -10 -6 83 33 128 34 0 -7 -7 -45 -4 5 0
1 10000 -210 9 11 3 0 0 0 0 -9 -1 -4 -42 -11 -9 -9 -5 3 3 66 4 -1 0
1 10000 -233 14 -7 -11 0 0 0 0 1 -12 -4 -10 -3 -27 -6 0 1 1 -71 -6 -2 0
1 9999 -216 -50 4 -21 0 0 0 0 11 -8 3 -171 -39 122 35 1 -6 -6 -11 0 -1 0
1 10001 -221 -50 1 5 0 0 0 0 12 14 9 -8 16 -55 25 26 -11 -11 -52 -5 -1 0
1 10000 -226 -41 1 5 0 0 0 0 8 14 8 50 68 245 73 2 -15 -15 39 -2 7 0
1 10000 -231 -24 -4 8 0 0 0 0 9 13 7 19 18 267 69 -4 -12 -12 7 1 -7 0
1 7819 -157 -17 -6 -1 -71 0 -1 0 8 4 4 5 7 285 80 -1 -15 -15 -32 0 -4 0
1 12181 -255 0 -52 7 0 0 -1 0 45 4 15 114 77 110 31 0 -6 -6 21 2 5 0
1 9999 -170 20 -5 1 0 0 0 0 -1 -3 -1 62 52 257 45 -19 -4 -4 -30 -1 3 0
1 10000 -154 43 2 4 0 0 0 0 -14 -6 -6 -145 -10 172 35 -8 -5 -5 55 7 -2 0
1 10001 -189 36 18 -5 0 0 0 0 -23 -14 -11 94 172 18 23 11 -6 -6 -13 -1 -5 0
1 9999 -197 -37 -12 -8 0 0 0 0 20 0 7 15 47 122 20 -9 -2 -2 -15 -5 3 0
1 10001 -175 -11 -7 2 0 0 0 0 7 6 3 -2 12 289 81 -1 -15 -15 -36 -5 1 0
1 10000 -166 5 1 1 0 0 0 0 -1 -1 -1 2 30 349 98 -1 -19 -19 -15 -1 -2 0
1 10000 -171 -51 -3 -8 0 0 0 0 15 6 7 1 44 308 85 -2 -15 -15 64 5 -3 0
1 9999 -170 18 5 13 0 0 0 0 -7 6 -1 -37 37 398 116 2 -22 -22 -66 -8 -3 0
1 10001 -150 10 -6 -3 0 0 0 0 0 -4 0 -367 147 394 120 5 -25 -25 -37 -5 7 0
1 10000 -160 29 4 3 0 0 0 0 -8 -6 -5 -122 9 723 284 50 -65 -65 -39 -4 0 0
1 10000 -164 36 0 -4 0 0 0 0 -11 -11 -6 -14 0 1454 453 25 -91 -91 38 5 -1 0
1 9930 -141 56 -12 4 -27 0 0 0 -5 -7 -4 -17 13 1635 482 10 -92 -92 21 4 -4 0
1 10619 -154 10 -18 -11 0 0 0 0 12 -12 0 -215 35 1281 381 9 -72 -72 -84 -10 9 1
1 9999 -129 -63 0 3 0 0 0 0 19 14 9 -278 -9 1298 421 31 -84 -84 62 10 -1 -1
1 10000 -121 -35 0 1 0 0 0 0 8 10 5 -116 -10 1574 521 45 -106 -106 -57 -11 0 0
1 10000 -125 -10 -4 1 0 0 0 0 8 1 3 -269 -38 1778 556 29 -107 -107 -11 -2 4 0
1 10000 -119 -16 3 -2 0 0 0 0 0 4 0 -10 -6 1891 601 37 -116 -116 24 3 -5 0
1 10000 -120 -22 3 1 0 0 0 0 4 5 3 -2 -5 1983 598 18 -110 -110 23 2 2 0
1 10001 -133 17 -4 -3 0 0 0 0 0 -7 -2 -104 -25 1525 452 9 -81 -81 -59 -6 0 0
1 6335 -79 24 2 4 0 0 0 0 -8 -3 -2 -42 -13 912 277 10 -51 -51 74 7 4 0
1 5621 -70 15 9 6 0 0 0 0 -12 3 -3 -20 -5 711 223 11 -41 -41 -51 -1 -3 0
1 5000 -71 4 -9 0 0 0 0 0 6 -1 1 -21 -1 535 167 9 -31 -31 26 -3 -1 0
1 4419 -64 -11 -12 -3 0 0 0 0 14 -1 3 -14 6 507 151 3 -27 -27 9 2 1 0
1 5581 -78 -6 5 1 0 0 0 0 -2 2 1 0 -1 472 148 7 -27 -27 -51 -4 4 0
1 5000 -62 -12 3 -6 0 0 0 0 1 -3 -1 6 -1 563 168 4 -30 -30 39 4 -5 0
1 5000 -69 -17 6 -1 0 0 0 0 -3 5 1 -16 9 520 155 4 -28 -28 -33 -2 5 0
1 4419 -59 -7 -4 -6 0 0 0 0 4 -2 0 -14 -1 394 116 2 -20 -20 48 5 -4 0
1 6614 -84 -20 -3 12 -1 0 0 0 9 14 6 -15 -4 528 159 4 -28 -28 24 -2 1 0
1 6782 -102 -24 2 -7 1 0 0 0 4 0 1 -4 -2 595 174 2 -30 -30 -54 -1 4 0
1 5619 -67 -19 -1 12 0 0 0 0 5 17 5 -38 -2 487 146 4 -25 -25 11 4 -6 0
1 4421 -65 -40 2 -9 0 0 0 0 6 4 2 -26 -7 330 99 3 -18 -18 -37 -10 -4 0
1 5579 -73 -37 -1 -1 0 0 0 0 9 10 3 -73 -6 373 117 5 -21 -21 38 9 12 0
1 5002 -55 -35 1 0 0 0 0 0 6 11 3 -26 -2 361 118 8 -21 -21 -30 -5 -5 0
1 4999 -66 -33 -3 1 0 0 0 0 8 13 3 -129 -13 308 101 8 -19 -19 28 1 3 0
1 4418 -53 -29 1 -1 0 0 0 0 1 9 1 -5 -1 364 113 5 -21 -21 13 1 -1 0
1 5581 -76 -26 4 -2 0 0 0 0 0 8 2 -11 -4 255 105 19 -22 -22 17 1 -3 0
1 5002 -49 -23 -3 -1 0 0 0 0 1 8 1 -12 -8 467 144 5 -25 -25 -20 0 6 0
1 4999 -78 -31 4 -1 0 0 0 0 2 10 1 -240 -39 454 138 4 -24 -24 -34 -5 1 0
1 4418 -41 -30 -1 1 0 0 0 0 2 12 0 -87 -14 378 117 5 -21 -21 35 5 4 0
1 5580 -69 -41 2 -3 0 0 0 0 -2 13 1 -106 -29 148 92 29 -22 -22 38 9 1 0
1 7911 -97 3565 1 20 -1 26 0 -3 0 31 0 -186 -34 899 312 31 -60 -60 -50 -11 5 0
1 7596 -118 -42 41 117 1 1005 0 1 -36 115 -22 -122 0 685 262 37 -52 -52 -24 1 0 0
1 5040 -76 -40 0 9 0 0 0 0 -6 21 -7 -204 -23 643 209 14 -37 -37 15 -2 4 0
1 4998 -72 -43 -4 2 0 0 0 0 2 16 -5 -474 -82 697 229 17 -42 -42 -38 -1 1 0
1 5583 -84 -18 4 11 0 0 0 0 -3 16 -6 -605 -105 956 349 41 -67 -67 140 13 93 0
1 4420 -54 12 -13 7 0 0 0 0 12 2 2 -177 -39 650 300 64 -64 -64 -77 -9 19 0
1 4998 -83 24 -8 4 0 0 0 0 10 -4 3 -60 -19 1480 574 83 -113 -113 3 5 -35 0
