version: 66.14
glider: 194
mission: 16
dive: 310
start: 6 10 125 23 40 42
columns: rec,elaps_tms,depth,heading,pitch,roll,AD_pitch,AD_roll,AD_vbd,GC_phase,mag.x,mag.y,mag.z,sbect.TempFreq,sbect.CondFreq,aa4330.O2,aa4330.AirSat,aa4330.Temp,aa4330.CalPhase,aa4330.TCPhase,wlbb2fl.sig470nm,wlbb2fl.sig700nm,wlbb2fl.sig695nm,wlbb2fl.temp,
data:
0 10323 -2051 194 -751 27 209 3020 372 6 540 -125 -90 208187 168185 241317 83732 19249 31522 31522 835 153 229 561
1 5000 1 24 -10 -13 0 0 0 0 -1 -6 -5 657 112 -29 55 38 -15 -15 25 20 -4 0
1 4999 3 12 7 15 0 0 0 0 0 -5 11 -1288 63 -9 -174 -101 45 45 -65 -3 -41 0
1 5000 8 -14 1 24 0 0 0 0 0 4 4 6347 66 -315 -78 18 7 7 145 19 49 0
1 5000 -4 33 -4 -33 0 0 0 0 -2 -9 -5 4650 29 -502 -131 26 12 12 -120 -29 59 0
1 5001 4 17 -2 -14 0 0 0 0 0 -4 -1 -4453 -55 -963 -243 55 23 23 -206 -24 -116 0
1 5000 -8 -47 -4 67 0 0 0 0 1 7 -5 3336 7 80 -22 -30 9 9 212 23 10 0
1 5000 -4 49 5 -63 0 0 0 0 -1 -8 7 -2549 -111 114 -2 -25 6 6 221 3 30 0
1 5000 7 -32 -1 65 0 0 0 0 0 2 -1 -440 -84 -423 -113 20 11 11 -477 -25 57 -1
1 5000 4 41 -8 -56 0 0 0 0 -1 -7 -6 -5194 -66 -140 -57 -5 10 10 5 8 -127 0
1 4999 4 -10 2 17 0 0 0 0 0 2 3 8139 -74 2400 893 35 -132 -132 105 29 138 1
1 5001 -1 31 -4 -2 0 0 0 0 -1 -8 4 -966 -112 -158 33 53 -15 -15 191 9 81 0
1 6538 -4 2 11 -13 0 1 0 -4 0 2 10 -2565 -136 1174 139 -159 13 13 -235 -34 -118 0
1 5636 -11 -18 -9 14 0 0 166 0 -1 4 -10 -2852 -113 1328 652 113 -113 -113 88 8 -186 -1
1 5631 9 20 -17 -17 0 0 163 0 -1 -5 -14 3786 -232 3766 1667 207 -267 -267 -49 -1 89 0
1 5613 -4 -25 1 32 0 0 161 0 0 4 1 293 -143 16427 5821 50 -757 -757 -143 -25 50 0
1 5607 6 -46 -9 28 0 0 164 0 0 8 -14 1593 -243 14217 4982 10 -598 -598 631 54 31 0
1 5613 10 -83 1 26 0 0 161 0 3 23 -9 -457 -194 10786 3598 -83 -392 -392 -7 5 -12 0
1 5632 29 -103 -9 -3 0 0 166 0 0 33 -20 1386 -35 11082 2915 -451 -231 -231 -449 -29 11 0
1 5591 20 -22 -3 -58 0 0 161 0 0 18 -8 944 -293 14484 2501 -1140 -44 -44 -44 -14 6 0
1 5620 -1 3547 -5 -2 0 0 159 0 -1 19 -3 174 -158 4593 442 -499 52 52 -185 -20 4 0
1 5659 13 -70 -1 -12 0 0 156 0 0 27 0 78 -48 6648 902 -584 21 21 66 7 -1 0
1 5639 8 -90 2 20 0 0 150 0 -2 27 7 320 110 4129 689 -294 -13 -13 24 18 68 0
1 5634 42 -77 9 9 0 0 154 0 0 24 18 2312 176 2918 -146 -480 111 111 -60 -11 -12 0
1 5638 73 -24 -13 -28 0 0 168 0 -3 12 -7 1747 -47 6050 1154 -346 -50 -50 -16 -12 -11 0
1 5638 103 225 6 -223 1 0 185 0 5 -34 1 2751 -259 8858 1191 -696 19 19 40 13 74 -1
1 5640 136 -14 -47 91 -1 0 208 0 -10 -5 -46 2892 -296 8448 719 -803 90 90 -135 -23 -110 1
1 10541 349 -116 19 119 6 0 182 -1 4 10 14 1362 51 4630 -1367 -1142 378 378 -11 -6 -68 -1
1 5819 226 -124 39 134 1298 0 0 0 2 22 27 747 157 -5172 -2143 -236 276 276 -62 -1 -4 1
1 5895 260 88 127 -101 1277 0 1 2 6 1 116 512 23 -5266 -2230 -268 297 297 37 -2 -10 -1
1 8551 344 -96 209 91 317 860 1 1 -66 83 164 511 -35 -6571 -2421 -191 309 309 -72 -8 -43 0
1 5038 151 -67 66 12 0 0 0 0 -47 39 50 749 45 -3142 -1240 -129 169 169 -5 2 -13 0
1 5583 140 -3 27 -17 0 0 0 0 -16 -2 26 504 55 -3205 -1273 -139 176 176 15 -2 -5 0
1 4418 103 15 -12 -8 0 0 0 0 10 -10 -6 200 36 -2583 -971 -89 133 133 1 -2 2 0
1 5582 130 -40 9 31 0 0 0 0 -15 26 -1 650 102 -3682 -1356 -117 186 186 44 7 2 0
1 4416 91 -96 22 12 0 0 0 0 -39 34 19 1547 223 -2706 -1001 -90 140 140 -91 -9 -14 -1
1 5621 109 -76 -1 -11 0 0 0 0 -21 10 14 1217 172 -2901 -1374 -235 219 219 37 7 -3 1
1 4421 101 -16 -16 -3 0 0 0 0 6 -3 -4 221 73 -3665 -1480 -186 225 225 22 0 -9 0
1 5579 117 -24 -22 -10 0 0 0 0 7 -4 -6 175 48 -5673 -1991 -154 287 287 41 5 0 -1
1 4411 99 32 -7 -7 0 0 0 0 14 -9 -6 136 39 -4498 -1508 -94 218 218 -41 -4 3 0
1 5619 139 71 3 -15 0 0 0 0 17 -20 -4 169 47 -7028 -2197 -74 308 308 32 3 -3 0
1 4424 106 57 -4 -33 0 0 0 0 17 -29 2 74 21 -4835 -1456 -25 204 204 -17 5 1 0
1 5577 131 35 -4 21 0 0 0 0 12 1 -17 21 13 -5435 -1706 -64 252 252 -20 -8 -1 0
1 4452 128 42 6 -3 0 0 0 0 5 -13 2 186 40 -3835 -1190 -40 178 178 1 1 -4 0
1 5549 119 77 -9 -15 0 0 0 0 22 -30 -12 88 17 -4319 -1243 4 178 178 9 0 -2 0
1 4422 111 48 12 3 0 0 0 0 2 -13 4 38 12 -2920 -933 -46 148 148 6 0 -1 0
1 5576 135 20 4 19 0 0 0 0 2 2 -5 35 12 -3551 -1084 -30 167 167 -18 -3 0 0
1 4437 115 7 0 11 0 0 0 0 1 2 -1 59 12 -2533 -786 -29 125 125 -21 -2 -2 0
1 5563 125 15 4 4 0 0 0 0 0 -3 1 45 12 -2882 -859 -13 134 134 5 2 3 0
1 4421 109 -1 5 -1 0 0 0 0 -2 1 3 22 5 -2263 -670 -9 105 105 109 4 -2 0
1 5579 135 -67 16 51 0 0 0 0 -21 48 0 531 95 -2325 -702 -17 114 114 -77 0 1 0
1 4449 98 -68 29 -26 0 0 0 0 -32 16 30 161 11 -1529 -538 -54 97 97 -37 -4 -5 0
1 5966 112 -57 -11 -5 0 0 0 0 -7 12 0 -4 11 -2139 -719 -57 127 127 48 3 1 0
1 10618 218 -95 -9 -6 0 0 0 0 -20 19 7 198 56 -3957 -1195 -31 200 200 -15 -1 4 0
1 10011 181 -76 10 14 0 0 0 0 -29 22 12 130 34 -2648 -850 -51 151 151 59 4 -3 1
1 10000 196 -80 1 -8 0 0 0 0 -24 8 15 718 145 -2368 -731 -29 128 128 -61 -5 -4 0
1 10017 194 1 -16 -10 0 0 0 0 11 -8 -4 691 184 -1626 -745 -162 164 164 -4 0 -1 0
1 10000 221 2 -4 -3 0 0 0 0 4 -2 -1 17 11 -3597 -1186 -93 224 224 92 7 1 0
1 10001 207 55 -14 -18 0 0 0 0 25 -18 -10 457 109 -3607 -1058 -17 188 188 -72 -5 -3 0
1 9999 231 100 1 -24 0 0 0 0 28 -30 -6 22 -10 -3105 -1029 -87 201 201 23 5 -5 0
1 10007 231 20 -1 21 0 0 0 0 6 7 -13 -108 -27 -3028 -883 -12 161 161 -32 -7 1 0
1 10000 237 58 10 3 0 0 0 0 9 -12 -3 -134 -52 -2569 -717 9 127 127 62 7 2 0
1 9999 232 45 1 -12 0 0 0 0 10 -18 0 -94 -44 -1603 -461 -2 85 85 -41 -1 -4 0
1 10001 232 29 0 21 0 0 0 0 6 1 -8 -48 -16 -1240 -344 5 61 61 -33 -6 2 1
1 10000 228 1 12 17 0 0 0 0 -6 10 2 5 2 -1134 -308 9 55 55 36 4 7 0
1 9999 228 71 -1 -25 0 0 0 0 16 -34 2 -84 -66 -654 -186 1 34 34 -21 0 -8 0
1 10263 224 81 -5 -10 0 0 0 0 17 -34 -5 -103 -59 -758 -173 27 26 26 74 7 3 0
1 9999 223 59 6 17 0 0 0 0 5 -13 -2 -70 -49 -458 -106 16 15 15 5 1 1 0
1 10000 214 47 6 7 0 0 0 0 0 -14 6 -31 -12 -247 -65 4 12 12 -3 -2 8 0
1 10001 221 -4 -2 6 0 0 0 0 1 4 -4 -12 -16 -295 -76 4 12 12 44 6 -3 0
1 10000 217 -51 16 4 0 0 0 0 -14 24 10 -5 -4 -134 -54 -10 13 13 -25 -2 -7 0
1 11640 252 -37 -5 -9 0 -10 1 -3 -1 9 -3 -32 -30 -220 -52 8 8 8 -21 0 4 0
1 9270 173 64 95 -118 117 -876 1 5 -53 -79 85 -32 -27 -190 -21 21 -1 -1 -51 -6 4 0
1 10619 153 62 41 -22 0 0 0 0 -25 -39 26 -76 -66 -135 -34 2 6 6 110 10 -2 0
1 10000 126 -3516 16 0 0 0 0 0 -8 -33 7 -53 -72 -213 -38 15 3 3 -15 2 -2 0
1 10000 104 50 -1 1 0 0 0 0 1 -19 -1 -9 -31 -220 -61 2 11 11 71 6 8 0
1 10001 120 56 -4 -4 0 0 0 0 -1 -25 -1 7 -8 -135 -48 -7 10 10 -71 -5 -11 0
1 9999 120 36 3 11 0 0 0 0 -6 -6 4 -4 -19 -212 -50 7 8 8 29 1 8 1
1 10000 100 58 -2 -19 0 0 0 0 -7 -35 -2 2 -19 -272 -91 -9 20 20 -14 -1 -5 0
1 10001 97 85 0 7 0 0 0 0 -17 -24 8 1 -54 -268 -77 0 14 14 -8 -1 0 0
1 9999 93 20 6 0 0 0 0 0 -9 -7 3 -11 -6 -392 -103 6 18 18 20 3 -1 0
1 10001 104 28 -8 -5 0 0 0 0 0 -12 -3 7 12 -325 -89 2 17 17 47 3 5 0
1 10000 93 -5 1 8 0 0 0 0 1 6 1 3 5 -281 -79 1 14 14 72 4 1 0
1 9999 100 62 -6 -16 0 0 0 0 -13 -28 -1 -1 -24 -255 -66 5 11 11 -124 -9 -9 0
1 11558 96 69 -5 108 1 870 0 -2 -20 66 31 1 -30 -100 -48 -13 13 13 33 2 0 0
1 10296 115 5 -12 5 -1 -11 0 0 8 1 -5 1 -13 -317 -92 -1 17 17 15 3 5 0
1 10323 110 9 23 -70 0 -815 0 2 -19 -54 -4 2 -9 -244 -82 -8 18 18 -48 -3 -1 0
1 10001 97 21 13 -10 0 0 0 0 -16 -13 5 9 -11 -319 -74 11 11 11 39 3 2 0
1 10000 85 29 -9 -10 0 0 0 0 -3 -12 -3 -7 0 -143 -46 -3 10 10 -60 -3 -1 0
1 10001 106 17 8 -2 0 0 0 0 -12 -5 4 8 -9 -220 -69 -4 14 14 -11 0 -2 1
1 9999 74 16 1 0 0 0 0 0 -7 -2 3 3 -37 -266 -71 3 13 13 149 11 0 -1
1 10001 97 -2 1 -1 0 0 0 0 -1 2 1 0 -8 -101 -33 -3 7 7 -77 -7 2 1
1 9999 98 0 3 1 0 0 0 0 -1 -1 0 -40 -29 -216 -64 -2 12 12 -2 5 -5 0
1 10000 75 7 3 4 0 0 0 0 -4 1 3 -9 -11 -261 -67 6 12 12 4 -3 5 0
1 10001 98 13 -4 -2 0 0 0 0 -2 -3 -1 -10 -10 -186 -52 1 9 9 -1 0 2 0
1 9999 73 -6 6 -3 0 0 0 0 -2 -3 -1 -25 -24 -37 -15 -3 4 4 39 4 2 0
1 10001 104 -7 -3 5 0 0 0 0 4 6 1 -21 -25 -290 -74 5 13 13 -2 0 -3 0
1 9999 86 -4 0 -2 0 0 0 0 1 0 -1 -15 -13 -112 -30 2 5 5 -28 -2 -2 0
1 9128 82 15 -2 -96 0 -1308 1 0 -3 -73 -34 7 -1 -2 2 1 -1 -1 12 1 2 0
1 13493 118 79 19 -105 0 -117 -1 -2 -43 -84 -40 1 -6 -432 -119 3 23 23 79 3 -3 0
1 10001 89 65 -3 2 0 0 0 0 -21 -5 5 -22 -16 222 69 4 -15 -15 -23 1 5 0
1 9999 86 54 -1 2 0 0 0 0 -19 -1 5 -38 -20 -137 -34 3 7 7 -45 -2 1 0
1 10001 82 73 3 6 0 0 0 0 -29 4 12 -49 -30 -2 4 3 -2 -2 -1 -2 1 0
1 9999 91 67 1 0 0 0 0 0 -24 0 5 -29 -19 -36 -4 4 0 0 29 3 -2 1
1 10001 83 65 -7 -13 0 0 0 0 -15 -2 1 -36 -25 -46 -2 7 -2 -2 -42 -6 -5 0
1 10000 78 75 3 7 0 0 0 0 -26 10 11 -96 -51 -9 3 4 -1 -1 5 5 6 0
1 9999 80 69 2 -4 0 0 0 0 -20 7 7 53 -26 -5 20 14 -7 -7 43 1 0 0
1 10001 76 94 0 -10 0 0 0 0 -22 10 8 -82 -38 24 3 -2 -1 -1 37 2 -1 0
1 10000 74 101 8 5 0 0 0 0 -27 23 15 -62 -44 -97 -11 12 -1 -1 20 7 8 0
1 10000 72 107 1 -6 0 0 0 0 -16 19 10 -7 -13 108 42 6 -9 -9 -26 -4 2 0
1 10286 70 115 -1 7 0 0 0 0 -12 31 16 -7 -40 -35 -4 4 0 0 41 7 -4 0
1 10001 86 94 -5 0 0 0 0 0 0 22 10 19 -10 -56 -14 2 2 2 45 6 2 0
1 9999 78 98 6 4 0 0 0 0 -10 27 9 7 -5 -71 -19 0 3 3 9 1 -7 0
1 10000 77 90 -7 6 0 0 0 0 11 26 10 4 -11 -59 -18 -1 4 4 18 1 2 0
1 10000 84 90 3 -6 0 0 0 0 0 17 5 -3 3 -89 -28 -2 6 6 -33 -3 2 0
1 10000 78 55 -3 1 0 0 0 0 4 14 4 -4 -7 -68 -18 1 3 3 19 2 1 0
1 10000 83 93 4 -2 0 0 0 0 6 19 5 -2 -6 -147 -42 1 8 8 -2 5 -2 0
1 10001 84 67 -3 4 0 0 0 0 12 18 4 -51 -49 -14 -1 1 0 0 53 -2 -2 0
1 10000 79 81 6 -6 0 0 0 0 4 14 2 -1 -8 -141 -34 5 5 5 4 6 9 0
1 10000 78 108 -5 2 0 0 0 0 24 23 3 0 -4 -58 -16 0 3 3 209 13 -1 0
1 10295 78 100 -2 92 0 1232 0 0 21 102 0 -2 -4 -125 -35 1 7 7 97 9 -2 0
1 9704 73 50 -17 88 0 145 0 2 28 84 -18 -4 -16 32 8 -1 -1 -1 -158 -7 -3 0
1 10000 73 37 3 18 0 0 0 0 5 22 -7 -11 -27 -220 -59 3 10 10 123 24 -2 0
1 10000 83 25 -1 3 0 0 0 0 8 7 -3 -11 -7 -62 -16 1 3 3 86 -4 3 1
1 10000 86 10 10 -1 0 0 0 0 -7 -1 1 1 -10 -108 -32 -1 6 6 260 41 5 0
1 10000 80 -3 2 -20 0 0 0 0 -2 -16 6 87 11 -252 -71 0 14 14 491 53 -2 0
1 11161 93 9 2 -25 5 -139 0 -4 1 -22 6 9 7 -71 -38 -11 11 11 295 38 2 0
1 7660 33 -17 63 8 65 0 -29 0 -61 4 1 -4 -7 7 -6 -5 2 2 -268 -29 0 0
1 10001 18 34 11 8 0 0 -54 0 -1 13 -4 23 11 -379 -105 2 20 20 354 39 4 0
1 10010 14 80 -12 -6 0 0 -54 0 34 4 -1 1 1 -189 -62 -5 12 12 -30 -2 -2 0
1 9987 27 26 -29 11 0 0 -53 0 34 9 -5 -1 0 -163 -45 0 10 10 -166 -23 0 0
1 10010 39 10 11 -10 0 0 -53 0 -7 -7 3 -47 -16 -113 -35 -1 6 6 -690 -71 -6 0
1 10002 40 26 6 3 0 0 -53 0 3 7 -3 6 3 -94 -9 12 -1 -1 163 14 2 0
1 10005 41 67 -4 10 0 0 -52 0 25 11 -7 -37 -10 -24 -9 -2 2 2 -92 -8 1 0
1 10004 40 56 -20 -2 0 0 -52 0 37 1 -6 54 11 -51 -12 2 3 3 251 20 -2 0
1 10001 45 49 3 -6 1 0 -49 0 14 -8 -1 14 3 -35 -13 -2 3 3 -199 -15 7 0
1 9988 40 -41 23 15 -1 0 -51 0 -34 14 3 -21 0 106 25 -3 -5 -5 -301 -34 -9 0
1 9987 16 -50 -32 -1 0 0 -50 0 11 1 -3 41 6 -32 -15 -4 4 4 370 57 7 0
1 10027 26 -72 -18 15 0 0 -51 4 -8 7 -1 -6 2 -274 -76 1 15 15 179 13 -10 0
1 15331 1 75 151 -29 376 0 -5 -4 -108 -21 16 17 3 -557 -172 -8 36 36 202 16 6 0
1 7445 -47 -16 328 11 0 0 -30 0 -269 9 -81 3 0 566 156 -4 -30 -30 216 26 5 0
1 8948 -63 69 -7 7 0 0 -45 0 25 5 14 6 6 -116 -30 3 5 5 -54 -10 -6 0
1 8247 -59 43 -14 4 1 0 -41 0 23 1 10 15 1 9 3 -1 -1 -1 -69 -4 -2 0
1 10004 -69 -3 0 -7 0 0 -50 0 0 -3 2 -9 6 6 0 -1 1 1 -64 0 0 0
1 10002 -95 9 7 11 -1 0 -49 0 -3 6 -5 -41 -12 1093 306 -3 -59 -59 -119 -15 -2 0
1 10008 -108 15 -2 7 0 0 -51 0 7 7 1 34 15 -1541 -435 2 84 84 52 4 8 0
1 10006 -124 -14 -6 -18 0 0 -51 0 0 -13 6 22 2 72 20 0 -3 -3 -136 -10 0 0
1 9996 -137 69 0 18 1 0 -50 0 18 4 6 -65 -22 -1123 -322 -1 63 63 553 50 3 0
1 10000 -136 60 -19 -11 -1 0 -50 0 33 -15 18 -110 -21 504 164 13 -36 -36 -1180 -138 -11 1
1 9991 -149 32 0 -1 1 0 -50 0 9 -6 5 2 17 610 192 12 -40 -40 -190 -23 0 0
1 9998 -147 50 0 11 0 0 -51 0 18 5 3 -1 20 -390 -110 2 20 20 -41 -14 3 -1
1 10011 -170 88 -2 4 -1 0 -50 0 23 -17 12 -19 10 195 61 3 -12 -12 -94 -9 0 0
1 13584 -216 59 -9 -167 5 -1409 -30 2 17 -161 24 57 55 776 221 -1 -43 -43 -157 -16 0 1
1 10616 -170 -60 -23 -40 0 0 0 0 6 -19 1 -16 23 538 149 -3 -28 -28 -74 -8 -4 0
1 10002 -148 -86 -1 -3 0 0 0 0 -23 17 -4 -24 17 300 89 2 -18 -18 72 13 -1 0
1 10371 -170 -92 -3 0 0 0 0 0 -26 16 -6 183 134 306 89 1 -18 -18 -62 -13 -1 0
1 10000 -151 -91 7 -3 0 0 0 0 -31 14 -10 109 89 343 66 -21 -7 -7 -47 -8 -2 0
1 10012 -148 -96 1 7 0 0 0 0 -31 12 -11 43 33 327 54 -26 -4 -4 23 4 -2 0
1 10000 -156 -84 -3 -8 0 0 0 0 -23 -3 -10 32 27 27 -8 -11 4 4 34 -1 -4 0
1 10000 -141 -91 3 7 0 0 0 0 -28 5 -14 17 11 127 25 -7 -2 -2 -56 0 -1 0
1 10000 -150 -118 -1 -1 0 0 0 0 -31 -6 -17 37 33 -39 -20 -6 5 5 10 -3 -2 0
1 10000 -146 -117 4 -6 0 0 0 0 -31 -15 -19 18 25 -25 -18 -7 5 5 -45 -2 4 0
1 10007 -155 -135 -8 2 0 0 0 0 -22 -18 -16 12 17 50 4 -7 1 1 46 4 2 0
1 9294 -137 -85 4 18 0 6 -1 -1 -17 -2 -14 34 35 -50 -18 -2 4 4 -45 -2 5 0
1 10699 -184 -10 30 159 0 1409 0 3 -21 104 -30 29 30 53 5 -7 1 1 -62 -12 -8 0
1 10000 -155 1 1 22 0 0 0 0 0 13 -3 19 12 -2 -11 -6 3 3 -4 2 6 0
1 10001 -165 16 -8 10 0 0 0 0 6 12 2 26 48 39 9 -3 -1 -1 39 -1 -10 0
1 9999 -156 78 5 0 0 0 0 0 10 17 4 -4 29 92 15 -7 -1 -1 -23 -4 5 0
1 10000 -170 108 -4 14 0 0 0 0 25 29 9 -22 38 75 25 3 -5 -5 -21 3 1 0
1 10000 -152 74 -5 0 0 0 0 0 19 15 10 6 28 161 46 0 -8 -8 12 -1 1 0
1 10000 -153 44 19 -6 0 0 0 0 -1 0 -1 4 14 275 77 0 -16 -16 -24 -4 -3 0
1 10001 -159 36 -12 -5 0 0 0 0 17 3 12 1 11 202 57 -1 -11 -11 -20 -1 0 0
1 9999 -162 21 6 1 0 0 0 0 2 2 -1 2 0 251 71 -1 -13 -13 0 -1 2 0
1 10000 -166 66 0 6 0 0 0 0 18 10 7 -4 11 239 66 -1 -13 -13 19 4 1 1
1 10000 -186 45 -2 -7 0 0 0 0 14 0 9 3 22 196 53 -2 -9 -9 -1 -3 -4 0
1 10001 -169 107 -1 5 0 0 0 0 32 6 15 20 61 252 75 2 -14 -14 19 3 6 -1
1 9009 -143 62 -23 -67 -92 -1057 -1 0 35 -54 37 14 49 282 77 -2 -15 -15 11 -3 2 0
1 14753 -184 15 -91 -133 0 -356 1 -2 75 -118 44 35 40 179 45 -5 -7 -7 -37 -4 -5 0
1 10000 -97 -49 -9 -10 0 0 0 0 -8 -7 -2 54 36 681 184 -5 -35 -35 3 2 -5 1
1 10017 -90 -86 1 6 0 0 0 0 -28 7 -7 27 26 254 60 -9 -8 -8 -19 2 1 -1
1 10000 -84 -82 6 -3 0 0 0 0 -30 -6 -10 14 6 118 22 -8 -3 -3 50 3 6 1
1 10021 -94 -110 -14 1 0 0 0 0 -20 -6 -7 56 22 83 14 -6 -1 -1 -49 1 2 -1
1 9998 -90 -100 6 0 0 0 0 0 -30 -12 -13 5 5 95 14 -9 -1 -1 47 -3 -6 0
1 10121 -92 -93 4 -7 0 0 0 0 -24 -17 -13 43 26 25 5 -1 0 0 -29 3 -1 0
1 10001 -94 -103 -4 7 0 0 0 0 -16 -14 -10 22 12 -21 -16 -7 4 4 33 0 4 0
1 9143 -79 -90 16 89 0 1215 -1 0 -25 49 -15 27 27 96 20 -4 -2 -2 -55 -4 -3 1
1 10856 -106 -51 30 116 1 198 0 2 -32 74 -33 41 17 -45 -23 -7 6 6 -46 -8 -3 0
1 10000 -90 -16 -6 -47 0 0 0 0 5 -38 11 51 22 -84 -30 -4 7 7 13 0 6 0
1 10001 -105 19 -26 12 0 0 0 0 21 12 13 44 22 -81 -33 -6 7 7 36 3 1 0
1 10000 -88 36 18 19 0 0 0 0 -8 22 -9 -20 -4 -10 -16 -9 6 6 -23 -1 -6 0
1 10000 -91 -6 -2 -14 0 0 0 0 -1 -10 1 76 47 -179 -55 -3 11 11 -25 -4 3 0
1 10001 -88 -11 -8 1 0 0 0 0 5 -2 4 53 26 17 -13 -11 6 6 8 2 4 0
1 9999 -94 58 0 22 0 0 0 0 7 30 -2 153 51 -72 -38 -11 10 10 10 -1 -4 0
1 10000 -103 77 10 -11 0 0 0 0 5 9 1 -27 2 -69 -51 -21 14 14 -24 -1 0 0
1 10000 -105 12 3 -6 0 0 0 0 1 -2 1 -26 -4 -217 -71 -6 16 16 -2 -1 -2 0
1 10000 -99 5 -11 3 0 0 0 0 10 1 6 50 19 -217 -56 4 9 9 -18 -2 1 0
1 10001 -117 39 -2 5 0 0 0 0 9 12 3 81 47 -131 -49 -8 12 12 5 4 2 0
1 9999 -101 33 -11 -9 0 0 0 0 13 2 7 87 32 -87 -50 -16 13 13 5 -3 0 0
1 10000 -92 65 25 7 0 0 0 0 -4 18 -9 36 23 -46 -39 -17 12 12 -9 0 -5 0
1 10000 -101 58 -19 4 0 0 0 0 29 11 13 331 117 -338 -101 -4 20 20 -7 -1 7 0
1 10001 -88 78 10 -16 0 0 0 0 13 -1 7 38 30 -14 -59 -36 21 21 -14 -1 -6 0
1 9999 -79 35 -7 9 0 0 0 0 15 9 3 -64 0 -307 -125 -24 30 30 22 -2 1 0
1 10000 -85 14 0 -8 0 0 0 0 4 -5 4 -81 -18 -436 -126 -2 24 24 -21 3 2 0
1 10001 -76 1 11 27 0 0 0 0 -8 25 -14 12 -1 -266 -65 7 12 12 45 0 5 0
1 10000 -103 35 2 -8 0 0 0 0 9 -2 5 -9 10 -156 -41 2 7 7 -55 -3 -8 0
1 10000 -84 26 0 -2 0 0 0 0 7 -3 5 -98 -14 49 24 7 -6 -6 43 8 1 0
1 9999 -97 -7 -8 -13 0 0 0 0 4 -10 6 -34 2 -101 -22 4 3 3 -8 -5 1 0
1 9999 -77 -10 -6 6 0 0 0 0 2 4 -1 -41 25 198 69 9 -16 -16 -27 -4 6 0
1 10001 -85 -67 11 -4 0 0 0 0 -28 -10 -9 -163 -36 204 75 11 -17 -17 29 4 -6 0
1 10000 -83 -66 -6 6 0 0 0 0 -13 -4 -5 -260 -88 198 86 20 -22 -22 -3 0 -3 0
1 8787 -77 -23 -5 -95 -1 -1393 0 0 -2 -77 20 -20 -10 456 186 36 -45 -45 -17 -2 7 0
1 14067 -121 -155 -30 -96 1 -33 0 -2 -13 -102 1 -225 -67 608 218 30 -49 -49 43 3 -4 0
1 10000 -82 -133 1 0 0 0 0 0 -25 -24 -15 -145 -47 1090 354 28 -75 -75 -32 -1 2 0
1 9162 -80 -99 9 84 -1 1223 0 0 -21 43 -11 -17 -11 660 229 27 -50 -50 -14 -2 -1 0
1 10837 -101 -58 39 98 1 198 0 2 -35 58 -29 -17 -8 982 294 9 -58 -58 -26 -2 7 0
1 10000 -92 -33 -15 8 0 0 0 0 7 -3 6 -65 -20 725 219 8 -43 -43 3 -1 -8 0
1 10000 -75 18 -3 -1 0 0 0 0 3 4 3 -139 -45 761 236 12 -47 -47 -4 -1 8 0
1 10000 -87 34 -1 4 0 0 0 0 4 12 0 -83 -10 627 213 22 -45 -45 -6 -1 -8 0
1 10001 -103 50 2 1 0 0 0 0 6 12 2 -38 -20 718 232 18 -49 -49 48 4 6 0
1 9999 -83 26 -1 0 0 0 0 0 4 6 2 -44 -7 777 240 11 -47 -47 -49 -3 -8 0
1 10000 -114 43 -3 -4 0 0 0 0 9 7 4 -155 -23 764 232 9 -45 -45 -7 -1 1 0
1 10001 -83 62 -4 -1 0 0 0 0 11 14 4 -267 -59 643 215 20 -44 -44 41 4 6 0
1 9999 -87 47 9 9 0 0 0 0 4 15 -2 -179 -49 647 254 44 -58 -58 -27 -1 0 0
1 10000 -82 74 -3 -3 0 0 0 0 17 12 6 -76 -20 962 337 38 -71 -71 10 0 5 0
1 10000 -111 40 1 1 0 0 0 0 7 11 0 -386 -88 1149 366 23 -73 -73 9 8 -9 0
1 4960 -38 6 0 -1 0 0 0 0 2 -1 2 21 0 601 207 22 -42 -42 5 -5 7 0
1 5620 -56 0 4 -1 0 0 0 0 -3 -2 -1 -127 -36 401 168 33 -38 -38 -8 -3 0 0
1 6673 -70 -79 -8 -33 -1 -19 0 -3 -11 -39 5 -105 -18 591 214 28 -46 -46 1 0 1 0
1 8425 -96 -86 -18 -164 0 -1402 -1 1 -4 -140 10 -61 -17 858 298 32 -61 -61 13 3 0 0
1 6439 -41 -66 -10 23 -1 6 1 -1 -2 2 -1 8 1 649 209 14 -41 -41 11 3 -5 0
1 7727 -84 -53 18 145 2 1414 -1 3 -21 97 -18 -37 -6 701 212 6 -39 -39 10 1 8 0
1 5620 -57 9 29 14 0 0 0 0 -22 15 -17 44 4 479 146 6 -27 -27 9 -1 -4 0
1 4705 -42 -25 -6 5 0 0 0 0 3 -4 3 2 -1 462 140 4 -26 -26 -3 0 3 0
1 5618 -56 -63 -14 -12 0 0 0 0 4 -25 7 -109 -14 255 69 -2 -11 -11 -38 -3 -3 0
1 4422 -44 -55 14 19 0 0 0 0 -16 0 -12 -110 -20 307 100 6 -20 -20 47 4 -1 0
1 5578 -62 -64 -7 -8 0 0 0 0 -2 -21 1 -47 -6 377 129 14 -25 -25 -23 -2 4 0
1 4426 -44 -49 2 8 0 0 0 0 -2 -8 -1 -102 -17 210 79 11 -17 -17 40 4 0 0
1 5574 -51 -72 0 -4 0 0 0 0 -2 -22 -1 -87 -16 345 124 15 -26 -26 -52 -6 0 0
1 4426 -43 -44 -3 6 0 0 0 0 0 -8 0 -56 -13 258 97 14 -20 -20 25 5 0 0
1 5574 -60 -25 -3 -4 0 0 0 0 4 -9 2 -58 -7 377 131 13 -26 -26 1 -1 3 0
1 4434 -43 -14 0 1 0 0 0 0 1 -3 2 -55 -8 241 93 15 -20 -20 -42 -6 -2 0
1 5567 -55 -16 -8 -1 0 0 0 0 7 -5 5 -15 -6 486 160 12 -31 -31 71 4 0 0
1 6672 -48 13 3 13 -1 25 0 -3 -3 13 -3 -38 -6 513 171 14 -33 -33 -72 -5 2 0
1 7608 -99 116 17 137 1 1004 1 1 -12 121 -24 -91 -11 532 172 11 -32 -32 20 4 -5 0
1 5037 -38 69 -1 14 0 0 0 0 0 27 -9 -19 -9 314 112 13 -23 -23 -13 -2 1 0
1 5585 -63 97 12 4 0 0 0 0 -1 26 -11 -87 -8 442 138 6 -25 -25 45 6 4 0
1 4416 -47 69 6 2 0 0 0 0 5 17 -5 20 2 197 79 14 -17 -17 -25 -5 4 0
1 5583 -60 83 -10 4 0 0 0 0 15 25 0 -48 -7 502 161 10 -30 -30 -6 1 -8 0
1 4413 -47 93 1 -2 0 0 0 0 14 21 -2 -37 -7 400 120 2 -21 -21 2 0 5 0
1 5618 -55 78 6 -2 0 0 0 0 11 15 0 -53 -8 381 126 10 -24 -24 39 1 -1 0
1 6919 -74 87 -5 -21 -1 -11 -1 -1 23 6 11 -21 -5 476 160 13 -31 -31 13 4 -3 0
1 7739 -94 63 0 -120 0 -1064 0 3 16 -73 50 -10 -3 438 140 9 -26 -26 -40 -5 4 0
1 5039 -42 43 -7 -22 0 0 0 0 16 -10 13 -10 -1 396 123 4 -22 -22 66 4 1 0
1 5579 -51 42 -9 -1 0 0 0 0 18 6 7 -11 -3 292 88 3 -15 -15 -59 0 2 0
1 4425 -37 33 -9 -5 0 0 0 0 16 0 7 -20 -2 399 119 2 -21 -21 12 -2 -5 0
1 4997 -39 44 1 4 0 0 0 0 12 8 2 -26 -3 188 59 2 -10 -10 -18 -1 4 0
1 5000 -51 41 1 -5 0 0 0 0 12 -2 5 -18 -3 242 76 4 -14 -14 -49 -6 -1 0
1 5579 -36 32 0 -2 0 0 0 0 10 2 4 -34 -5 215 69 4 -13 -13 84 9 3 0
1 4419 -46 15 -1 5 0 0 0 0 6 4 0 0 -2 338 105 5 -19 -19 -54 -2 -2 0
1 5581 -40 16 -1 -15 0 0 0 0 5 -13 7 -55 -3 209 67 4 -12 -12 -17 -4 4 0
