version: 66.14
glider: 194
mission: 16
dive: 223
start: 6 8 125 1 28 28
columns: rec,elaps_tms,depth,heading,pitch,roll,AD_pitch,AD_roll,AD_vbd,GC_phase,mag.x,mag.y,mag.z,sbect.TempFreq,sbect.CondFreq,aa4330.O2,aa4330.AirSat,aa4330.Temp,aa4330.CalPhase,aa4330.TCPhase,wlbb2fl.sig470nm,wlbb2fl.sig700nm,wlbb2fl.sig695nm,wlbb2fl.temp,
data:
0 9855 -1700 2372 -780 32 209 3229 372 6 471 105 151 226727 167267 231491 82117 20354 31522 31522 748 149 316 565
1 4999 1 -84 0 101 0 0 0 0 -2 17 -9 1636 10 682 31 -129 22 22 -275 -26 -12 -1
1 5000 -1 126 -1 -92 0 0 0 0 6 -10 -6 -405 -1 637 78 -91 7 7 26 3 26 0
1 5000 7 18 9 51 0 0 0 0 -2 20 -12 447 7 129 -9 -33 8 8 292 26 15 0
1 5000 -4 69 -1 -24 0 0 0 0 5 -1 -12 -1117 -17 748 113 -92 3 3 -175 -8 -19 0
1 5001 3 26 1 14 0 0 0 0 1 7 -11 296 0 364 62 -40 0 0 -9 -1 36 0
1 5000 0 43 -15 -10 0 0 0 0 6 1 -22 -1886 12 56 -8 -17 4 4 -22 2 -16 0
1 5000 -1 13 4 0 0 0 0 0 2 0 0 2490 -13 11 -21 -15 6 6 223 12 1 0
1 5000 -5 90 5 -40 0 0 0 0 3 -2 -10 -541 -4 686 164 -47 -13 -13 -357 -31 0 0
1 4999 9 -9 -4 32 0 0 0 0 2 5 -11 694 11 -431 -145 4 19 19 23 -3 -11 0
1 5000 -6 19 6 -10 0 0 0 0 -1 -1 2 -573 4 156 75 12 -12 -12 549 81 69 0
1 5001 3 -1 6 38 0 0 0 0 -1 3 -7 396 -15 566 84 -70 2 2 -499 -75 -76 0
1 6506 0 16 -4 2 -1 0 0 -4 3 1 -9 -1145 12 -255 -46 27 1 1 35 -4 -11 0
1 5635 -11 81 2 -50 0 0 163 0 3 -7 -7 -914 -28 -75 -34 -5 6 6 -147 -10 -34 0
1 5631 5 -33 -2 45 1 0 158 0 1 2 -5 1195 7 339 83 -22 -8 -8 158 45 86 0
1 5629 14 64 -8 -57 0 1 158 0 3 -6 -9 472 -8 -534 -94 57 2 2 118 -9 37 0
1 5614 17 -17 -21 31 0 -1 162 0 4 1 -23 542 11 22774 1663 -3539 506 506 519 20 180 0
1 5617 -12 5 5 12 0 0 157 0 0 1 -1 -1753 9 28092 6786 -1218 -647 -647 -208 -18 -84 -1
1 5636 1 42 -4 -35 0 1 158 0 2 -6 -5 1332 2 -281 1479 799 -357 -357 -76 22 27 0
1 5616 7 42 -1 -26 0 -1 153 0 3 -2 -7 -960 -18 22323 4847 -1127 -353 -353 147 1 49 0
1 5612 28 19 -9 -14 -1 0 148 0 1 -1 -10 316 -17 13574 3235 -481 -275 -275 -423 -32 -169 0
1 5636 40 114 -21 -92 1 1 150 0 6 -15 -25 1015 -89 10892 2531 -386 -204 -204 562 64 169 0
1 5672 18 130 17 -14 0 0 149 0 5 -17 -22 70 -220 5975 1576 -120 -149 -149 -324 -25 64 0
1 5643 29 229 1 -47 0 0 148 0 9 -47 -46 921 -147 8763 1763 -402 -107 -107 -185 -29 108 0
1 5646 41 146 12 14 0 0 157 0 6 -48 -18 -21 -24 2986 469 -187 -10 -10 -172 -26 -103 0
1 5634 55 72 -7 89 0 0 172 0 -2 -40 -21 638 -23 1723 218 -129 3 3 51 7 -78 0
1 10759 201 -69 -13 102 5 -1 131 -1 -2 2 -13 2467 -343 12961 3016 -376 -237 -237 -59 -10 -117 0
1 5845 137 45 18 -42 1311 1 1 0 4 -6 18 1229 144 3537 563 -203 -16 -16 91 11 59 0
1 5914 159 -22 105 14 1275 0 0 1 8 10 92 753 79 6441 401 -605 88 88 -228 -28 -177 0
1 5804 173 43 154 -60 185 -1037 156 4 -15 -21 133 207 30 -3252 -1551 -234 212 212 -55 -9 -67 0
1 9027 250 -3492 118 -137 0 -346 0 -2 -42 -98 82 171 56 -9301 -2853 -45 313 313 19 9 39 0
1 5037 140 23 20 2 0 0 0 0 -9 -13 12 47 22 -4468 -1452 -56 171 171 -12 -4 -10 0
1 5580 161 11 3 7 0 0 0 0 -2 -2 3 342 106 -3526 -1174 -58 142 142 -17 1 -29 0
1 4425 110 25 -9 -9 0 0 0 0 1 -11 -8 69 34 -3076 -992 -37 120 120 103 9 16 0
1 5576 147 40 3 -5 0 0 0 0 -5 -18 -1 206 74 -3520 -1193 -68 150 150 26 3 -24 0
1 4455 110 72 8 -21 0 0 0 0 -14 -36 1 407 92 -2962 -957 -38 119 119 -83 -10 -51 0
1 5545 157 86 22 0 0 0 0 0 -27 -36 17 336 74 -3033 -1117 -100 152 152 19 3 22 0
1 4421 108 56 -1 6 0 0 0 0 -12 -15 5 296 57 -2960 -998 -58 131 131 -32 -3 -47 0
1 5580 146 46 -20 14 0 0 0 0 1 -4 -5 313 82 -4086 -1348 -69 176 176 -56 -4 -31 0
1 4444 101 25 5 4 0 0 0 0 -10 -6 9 897 153 -3299 -1053 -41 137 137 -11 0 -58 0
1 6849 172 34 0 16 0 9 2 -1 -9 -1 13 270 26 -5655 -2031 -176 291 291 -5 -3 2 0
1 8635 192 10 11 153 86 1389 0 3 -12 73 64 202 53 -7617 -2387 -84 322 322 22 5 6 0
1 5620 124 39 9 21 0 0 0 0 -16 5 19 234 54 -5495 -1702 -53 235 235 -1 4 -30 0
1 4544 104 22 7 8 0 0 0 0 -11 1 11 59 16 -3567 -1123 -45 161 161 -3 -9 7 0
1 5620 107 44 4 -2 0 0 0 0 -15 -4 12 140 37 -4801 -1455 -34 204 204 36 6 -4 0
1 4999 118 48 -4 -2 0 0 0 0 -12 -5 7 143 24 -3702 -1124 -28 161 161 -29 -3 -8 0
1 4999 100 47 7 -1 0 0 0 0 -18 -4 13 198 23 -3722 -1135 -31 166 166 7 5 10 0
1 4432 93 31 -1 5 0 0 0 0 -9 0 6 39 -5 -2970 -898 -21 133 133 -19 -3 -3 0
1 5619 120 40 -4 2 0 0 0 0 -9 4 8 35 -1 -3244 -1001 -34 152 152 27 -1 -3 0
1 4997 84 31 2 1 0 0 0 0 -10 3 8 32 2 -3158 -948 -21 142 142 -15 -1 3 0
1 4423 78 3 2 2 0 0 0 0 -3 2 2 13 4 -2357 -702 -12 106 106 31 2 -8 -1
1 5583 124 13 -4 4 0 0 0 0 -1 2 2 107 28 -2911 -863 -14 132 132 0 2 15 0
1 9997 216 60 -13 -4 0 0 0 0 -6 1 4 119 40 -4562 -1381 -38 218 218 -46 -7 -14 1
1 12125 267 126 22 46 63 630 1 -2 -51 50 42 497 50 -4556 -1409 -55 231 231 1 7 44 0
1 10618 220 111 16 37 0 0 0 0 -38 53 24 214 -16 -3728 -1177 -60 200 200 145 11 -42 0
1 10000 200 87 2 2 0 0 0 0 -18 20 9 30 -16 -3916 -1216 -53 207 207 -90 -8 -2 0
1 10001 203 62 6 14 0 0 0 0 -17 25 6 15 -7 -3475 -1028 -20 173 173 2 1 2 0
1 10000 193 33 -1 7 0 0 0 0 -4 14 1 95 9 -2911 -845 -7 141 141 -34 -4 -2 0
1 10019 197 121 3 -22 0 0 0 0 -19 11 5 164 -47 -2315 -716 -32 127 127 74 9 7 0
1 9999 188 203 -4 -11 0 0 0 0 -13 41 0 98 -79 -2309 -697 -22 124 124 -4 3 1 0
1 10000 189 17 5 36 0 0 0 0 -5 35 -4 38 -4 -2634 -796 -26 142 142 22 -2 5 0
1 10000 186 -173 23 33 0 0 0 0 -9 -13 4 121 -50 -2460 -724 -14 129 129 -14 -4 -15 0
1 10000 175 -78 7 -22 0 0 0 0 0 -39 4 43 -25 -2094 -629 -19 115 115 5 5 2 0
1 10000 166 -96 -9 0 0 0 0 0 22 -24 -3 -1 -41 -1811 -533 -10 96 96 88 6 -7 0
1 10007 168 -81 1 -3 0 0 0 0 14 -20 -4 3 -17 -1595 -468 -8 86 86 -86 -7 2 0
1 10000 164 -38 -2 -3 0 0 0 0 9 -11 -2 -6 -22 -1653 -470 0 84 84 7 0 2 0
1 10000 172 -69 6 5 0 0 0 0 10 -10 -3 -17 -42 -1383 -391 2 70 70 11 4 -1 0
1 10000 156 -115 3 -2 0 0 0 0 26 -20 -10 -65 -84 -1076 -300 4 53 53 32 5 3 0
1 10140 164 -96 -3 1 0 0 0 0 29 -15 -12 76 -16 -1038 -294 2 54 54 51 5 1 0
1 9999 160 -75 -9 3 0 0 0 0 29 -5 -14 -19 -47 -904 -277 -13 53 53 -66 -6 -5 0
1 10000 160 -45 5 -8 0 0 0 0 10 -6 -6 66 -12 -647 -201 -10 40 40 24 -2 1 1
1 10001 180 -24 -1 3 0 0 0 0 8 -4 -5 -185 -128 -758 -195 13 33 33 -1 0 1 -1
1 9999 173 -20 1 -9 0 0 0 0 5 -6 -4 -1 -14 -545 -129 17 19 19 -5 1 10 0
1 10001 166 -29 0 3 0 0 0 0 9 4 -4 4 -5 -478 -134 1 25 25 -31 -3 -8 1
1 10000 158 -33 6 -1 0 0 0 0 6 0 -4 -49 -51 -415 -119 0 22 22 56 5 2 0
1 9999 175 -36 6 0 0 0 0 0 7 0 -4 40 -8 -368 -92 8 15 15 16 2 1 0
1 10000 154 1 -8 -7 0 0 0 0 7 -8 -5 80 24 -255 -83 -7 18 18 -1 2 -2 0
1 10000 156 -7 -11 13 0 0 0 0 10 9 -5 -39 -19 -407 -122 -4 23 23 -6 1 1 0
1 10000 162 -42 17 -3 0 0 0 0 0 5 1 22 7 -319 -95 -2 18 18 -15 -3 9 0
1 10000 171 -39 -5 4 0 0 0 0 16 4 -10 3 -9 -141 -42 -1 9 9 34 2 -8 0
1 10001 161 -44 5 2 0 0 0 0 9 8 -6 2 -4 -356 -102 0 19 19 -26 -2 1 0
1 10000 157 -53 -7 0 0 0 0 0 21 6 -14 -14 -8 -182 -54 -2 11 11 26 5 -2 0
1 9298 152 -48 4 -13 0 -9 0 0 10 2 -8 4 -2 -229 -70 -3 14 14 23 0 1 0
1 10701 184 -8 16 -83 0 -607 0 2 -7 -53 -6 -2 -1 -200 -57 0 10 10 -65 -7 1 0
1 10001 167 -57 0 3 0 0 0 0 15 17 -8 26 0 -215 -64 -2 13 13 98 11 3 0
1 10000 145 -22 7 -2 0 0 0 0 2 3 -2 31 0 -147 -46 -3 9 9 -20 -4 -5 0
1 9999 152 -17 -8 -5 0 0 0 0 8 3 -6 3 1 -204 -64 -3 13 13 -20 0 1 0
1 10001 169 2 0 -3 0 0 0 0 0 -2 0 2 1 -127 -40 -3 9 9 -3 0 1 0
1 10000 148 -11 1 1 0 0 0 0 2 3 -1 34 4 -209 -64 -2 12 12 7 4 22 0
1 9999 151 -35 -2 0 0 0 0 0 8 12 -5 12 -1 -116 -41 -6 9 9 3 0 -27 0
1 10000 149 -32 2 -2 0 0 0 0 4 9 -3 -18 -5 -214 -64 -1 13 13 1 -1 11 0
1 10001 153 -24 4 8 0 0 0 0 4 12 -2 5 -4 -98 -31 -3 6 6 5 1 -6 0
1 10000 145 -31 1 0 0 0 0 0 2 12 -1 6 -4 -152 -45 -1 9 9 46 2 5 0
1 10000 149 -37 -1 -7 0 0 0 0 6 9 -5 -3 -6 -179 -52 0 10 10 -32 0 -9 0
1 10000 157 -22 -8 1 0 0 0 0 5 10 -4 -4 -4 -104 -26 2 4 4 33 1 6 0
1 8717 116 -13 8 -85 0 -1387 0 0 -4 -44 -3 -11 -10 -150 -45 -1 9 9 -33 -3 -4 0
1 18759 244 46 21 -118 0 -27 0 -2 -17 -87 -9 -1 -6 -502 -136 4 25 25 -11 -1 -1 1
1 10001 138 25 -4 0 0 0 0 0 1 -9 -6 6 -8 305 86 0 -17 -17 73 9 2 -1
1 9999 137 34 5 0 0 0 0 0 -10 -13 5 4 0 -204 -58 -1 12 12 -28 1 6 0
1 13786 168 62 -3 -1 0 0 0 0 -7 -23 -5 8 -7 -364 -106 -1 20 20 11 -1 -8 1
1 10000 127 52 2 1 0 0 0 0 -12 -18 0 2 -2 307 84 -2 -15 -15 12 -2 2 -1
1 10000 111 62 -10 -13 0 0 0 0 -9 -24 -8 -8 2 -173 -49 0 9 9 -113 -11 -4 1
1 10000 136 61 6 4 0 0 0 0 -21 -17 8 22 -20 -101 -32 -2 7 7 105 11 0 -1
1 13956 194 48 4 22 0 8 1 -1 -19 2 18 -16 -20 -447 -129 -2 24 24 21 5 10 1
1 9468 119 -35 -25 171 0 1399 -1 3 28 115 40 -9 -11 253 67 -3 -12 -12 11 -2 2 -1
1 9985 142 12 -1 15 0 0 0 0 -4 8 4 9 8 -157 -42 3 7 7 -6 1 -10 1
1 10001 138 -63 14 0 0 0 0 0 8 15 -1 -5 -7 -198 -59 -2 13 13 -38 -1 3 0
1 10000 139 -50 7 5 0 0 0 0 9 16 -2 0 -6 -58 -15 0 3 3 64 3 10 0
1 11822 143 -12 -8 -58 4 -407 0 -4 9 -34 -19 3 -12 -147 -42 1 7 7 35 5 -2 0
1 7002 58 -4 116 -10 149 0 -24 0 -83 -9 58 -3 0 -69 -19 0 4 4 -16 0 -9 0
1 9985 50 -16 59 4 0 -1 -52 0 -45 8 26 4 -4 -376 -107 0 21 21 -110 -11 -3 0
1 10011 39 3 -26 1 0 0 -55 0 20 0 -10 -7 1 140 45 3 -10 -10 114 10 2 0
1 10002 50 5 -1 -3 0 0 -53 0 -1 -3 0 8 -4 -26 -6 1 1 1 -22 -2 5 0
1 10003 42 27 -10 6 0 0 -51 0 3 -5 -3 -7 1 -186 -53 1 10 10 -12 -1 2 0
1 10003 41 25 4 -3 0 0 -51 0 -11 -8 3 2 -3 -118 -34 -1 7 7 15 2 -3 0
1 10003 42 -31 -11 5 0 0 -50 0 19 11 -6 7 -5 -30 -16 -5 4 4 16 10 -7 0
1 9986 36 -35 -6 3 1 1 -50 0 11 14 -4 3 -3 86 23 -1 -4 -4 -32 -11 2 0
1 15825 68 -144 174 -38 508 -1 -35 0 -115 16 56 -2 -3 -539 -163 -6 32 32 -64 -4 8 0
1 7512 -71 31 408 24 0 0 -29 0 -383 16 -16 7 -2 298 82 -2 -14 -14 57 6 -7 0
1 8621 -85 99 -2 24 1 0 -43 0 -15 -11 -9 -5 0 -181 -44 5 7 7 21 -6 1 0
1 8054 -76 55 -40 -14 -1 0 -40 0 25 -28 4 -3 10 146 39 -2 -7 -7 103 8 1 0
1 10001 -100 56 29 5 0 0 -49 0 -37 -8 -19 -1 3 -292 -75 5 13 13 -92 -1 3 0
1 10002 -122 39 -1 9 0 0 -51 0 -5 -5 -3 -7 12 6 -3 -3 1 1 -27 -6 -4 0
1 9981 -136 110 1 17 0 0 -49 0 -25 -9 -18 -3 6 -180 -48 3 9 9 -7 1 -4 0
1 10022 -147 62 -7 -29 1 0 -51 0 -15 -25 -18 -1 4 279 78 -2 -15 -15 90 26 6 0
1 9999 -183 16 -4 5 0 0 -49 0 1 -2 -1 1 -1 75 23 2 -4 -4 -21 -21 -2 0
1 10000 -192 89 -20 21 -1 0 -49 1 -11 9 -2 11 22 -175 -50 0 9 9 -76 -3 2 0
1 14792 -292 -10 -2 -195 7 -1379 -5 1 5 -129 -78 14 21 -80 -29 -4 6 6 -67 -13 -3 0
1 11197 -235 -27 -17 -9 0 0 0 0 20 -8 7 11 19 369 101 -3 -18 -18 52 3 2 0
1 10000 -205 -67 3 -14 0 0 0 0 16 -4 7 -12 7 205 56 -1 -11 -11 -85 -5 -1 0
1 10000 -209 -76 0 8 0 0 0 0 22 9 22 -8 5 134 43 2 -8 -8 174 49 3 0
1 10000 -218 -59 4 4 0 0 0 0 13 9 15 -7 2 136 38 1 -8 -8 -189 -51 -9 0
1 10000 -214 -66 -6 -9 0 0 0 0 20 5 13 -2 4 50 17 1 -3 -3 10 3 5 0
1 8817 -202 -41 10 72 1 1222 -1 0 2 60 38 -7 2 156 45 0 -9 -9 14 -6 4 0
1 11183 -254 20 -3 120 -34 162 0 2 -5 89 36 -1 10 -19 -6 0 1 1 -46 -1 -5 0
1 10000 -211 24 -1 12 0 0 0 0 -4 4 -1 2 3 64 19 0 -4 -4 -20 -1 3 1
1 10000 -208 27 4 3 0 0 0 0 -9 -4 -5 -8 3 102 29 0 -5 -5 -2 0 -4 -1
1 10000 -217 24 1 -2 0 0 0 0 -8 -5 -5 -32 2 30 12 2 -3 -3 0 -2 5 1
1 10000 -206 60 -2 9 0 0 0 0 -12 -6 -9 12 6 76 27 4 -6 -6 8 0 -6 0
1 10000 -212 27 -5 -9 0 0 0 0 -4 -11 -5 -9 3 108 27 -1 -5 -5 8 2 3 0
1 10000 -200 17 7 -7 0 0 0 0 -9 -9 -8 -22 -5 41 15 1 -4 -4 18 1 3 -1
1 10001 -216 -7 -6 -9 0 0 0 0 4 -4 1 -86 -10 125 41 3 -8 -8 -59 -9 -2 1
1 9999 -204 -1 12 6 0 0 0 0 -6 2 -3 -31 46 0 18 12 -7 -7 -2 0 -4 0
1 10000 -211 -18 -2 0 0 0 0 0 7 2 5 -5 -4 263 84 6 -17 -17 -29 -5 -3 0
1 10000 -235 -61 1 -15 0 0 0 0 13 1 7 22 25 271 82 3 -16 -16 -5 -1 3 0
1 10000 -227 -88 0 -7 0 0 0 0 20 14 14 17 11 273 75 -2 -14 -14 -26 0 2 -1
1 10062 -225 -18 -22 23 -76 1 -2 0 20 24 15 10 37 223 57 -3 -11 -11 50 4 -2 1
1 10619 -207 56 -43 15 0 0 0 0 26 -4 8 119 59 217 49 -9 -6 -6 -30 0 1 0
1 10001 -175 19 1 -7 0 0 0 0 -5 -10 -5 37 34 142 25 -10 -3 -3 40 0 2 0
1 10000 -177 25 -7 5 0 0 0 0 -1 -2 -1 30 26 73 9 -8 1 1 -21 0 -7 0
1 10000 -178 62 -2 2 0 0 0 0 -16 -10 -9 -101 -10 102 20 -6 -2 -2 14 1 4 0
1 10000 -170 75 9 4 0 0 0 0 -31 -5 -13 117 86 -16 10 10 -5 -5 2 2 0 0
1 10000 -175 40 5 -1 0 0 0 0 -15 -6 -10 -38 -4 189 35 -13 -3 -3 2 -1 -3 0
1 9999 -196 29 -2 -14 0 0 0 0 -7 -14 -9 -34 -5 5 3 1 -1 -1 -37 -2 0 0
1 10001 -164 3 6 1 0 0 0 0 -5 -1 -2 -45 2 95 38 8 -9 -9 28 2 4 0
1 9999 -192 -34 -17 -7 0 0 0 0 21 1 10 -16 37 44 24 7 -6 -6 93 8 1 0
1 10000 -182 -24 5 3 0 0 0 0 6 1 3 64 116 153 41 -2 -8 -8 -102 -11 -3 0
1 10000 -178 -28 -2 -3 0 0 0 0 10 1 5 -7 15 219 55 -5 -9 -9 -15 -3 7 0
1 13100 -223 -20 -30 -141 -31 -1385 -1 -2 30 -104 -44 -2 13 222 62 0 -12 -12 31 4 -5 0
1 10621 -148 -40 -26 -43 0 0 0 0 33 -27 -8 -2 8 687 197 1 -37 -37 18 0 -2 0
1 9999 -131 -30 -6 -1 0 0 0 0 15 2 5 -1 2 209 59 -1 -11 -11 26 4 4 0
1 10001 -142 -61 5 0 0 0 0 0 14 9 12 -42 4 240 69 0 -13 -13 82 10 -1 0
1 10006 -136 -82 7 2 -1 6 0 -1 17 17 16 2 -2 178 60 6 -13 -13 -77 -6 -1 0
1 9993 -147 -5 26 171 0 1380 -1 3 -23 140 59 -1 0 296 85 1 -16 -16 -41 -4 -2 0
1 10001 -147 4 -10 18 0 0 0 0 8 14 5 -182 70 181 54 1 -10 -10 -55 -7 -2 0
1 10000 -136 71 2 1 0 0 0 0 -22 -15 -9 -190 67 170 90 28 -24 -24 29 3 4 0
1 10000 -114 66 1 0 0 0 0 0 -19 -14 -10 -16 72 872 288 24 -60 -60 -59 -9 -4 0
1 10000 -124 53 2 0 0 0 0 0 -16 -11 -8 -131 24 1186 356 12 -69 -69 -25 -5 -1 0
1 10000 -124 51 -2 0 0 0 0 0 -15 -6 -8 -41 -2 1249 389 20 -77 -77 -54 -5 9 0
1 10000 -122 74 -2 -1 0 0 0 0 -23 -6 -11 -58 6 1243 376 14 -72 -72 70 8 -4 0
1 10000 -115 41 -4 -1 0 0 0 0 -9 -4 -6 -17 16 1155 348 11 -66 -66 -43 -5 -3 0
1 10000 -117 -36 5 -11 0 0 0 0 8 -8 0 -177 -8 1036 309 9 -58 -58 19 1 0 0
1 10000 -109 -67 -6 2 0 0 0 0 27 6 14 -136 13 1084 346 22 -68 -68 -8 0 8 0
1 10000 -104 -78 8 -2 0 0 0 0 16 11 9 -266 -13 1041 339 25 -67 -67 -5 2 -10 0
1 10000 -105 -28 3 7 0 0 0 0 8 8 6 -87 -10 1164 391 37 -79 -79 -13 -5 5 0
1 10000 -124 -41 -11 -7 1 0 0 0 17 6 7 -119 -15 1346 425 24 -81 -81 13 4 0 0
1 10000 -109 -21 6 5 0 0 0 0 3 6 3 -40 -13 1540 486 27 -92 -92 -41 -6 -2 0
1 4953 -58 -16 5 -1 0 0 0 0 1 3 1 -43 -12 879 269 10 -50 -50 -3 -3 2 0
1 5037 -57 -39 -1 -7 0 0 0 0 10 4 4 -111 -10 824 247 7 -44 -44 -4 1 4 0
1 5584 -70 -34 -6 3 0 0 0 0 14 11 6 -39 -10 790 244 11 -45 -45 73 13 -2 0
1 4422 -54 -34 2 -2 0 0 0 0 6 8 3 -71 -14 538 179 14 -35 -35 -32 -6 -4 0
1 5577 -69 -49 0 -2 0 0 0 0 11 13 5 -73 -11 603 191 11 -36 -36 11 2 7 0
1 4422 -44 -30 0 7 0 0 0 0 5 15 5 -23 -4 543 175 11 -32 -32 -17 -1 4 0
1 5580 -67 -31 2 -1 0 0 0 0 2 10 2 5 -2 722 232 15 -43 -43 7 -1 -8 0
1 4416 -55 -25 0 -2 0 0 0 0 4 7 2 -3 -2 567 177 9 -33 -33 2 -1 2 0
1 5584 -77 -5 -6 8 0 0 0 0 6 8 2 -2 0 739 222 5 -39 -39 -34 -2 2 0
1 4419 -33 -16 0 -5 0 0 0 0 3 1 0 -15 -1 653 191 2 -33 -33 6 -1 -3 0
1 5580 -72 -13 2 2 0 0 0 0 1 6 1 -14 -3 616 182 4 -31 -31 17 -2 1 0
1 4418 -56 -32 -1 -6 0 0 0 0 4 6 2 -26 -3 464 143 6 -26 -26 -24 3 5 0
1 5003 -56 -31 2 -1 0 0 0 0 1 11 1 -46 -8 491 146 3 -26 -26 40 3 -5 0
1 4996 -62 -58 2 -5 0 0 0 0 1 17 1 -199 -40 432 135 6 -24 -24 -19 2 3 0
1 5582 -72 -47 1 4 0 0 0 0 0 21 1 -130 -20 560 176 9 -31 -31 56 3 6 0
1 4418 -49 3571 0 3 0 0 0 0 -1 14 1 -42 -10 158 82 21 -19 -19 -5 2 4 0
1 5584 -65 -30 -1 2 0 0 0 0 2 13 0 -47 -11 531 194 24 -38 -38 -48 -5 -1 0
1 4417 -52 -16 -1 1 0 0 0 0 1 7 0 -31 -11 533 170 9 -31 -31 55 1 2 0
1 5583 -62 -15 -1 2 0 0 0 0 -2 7 -1 -77 -22 623 198 11 -35 -35 -71 -7 0 0
1 4417 -52 -16 -4 -3 0 0 0 0 0 3 0 -109 -13 414 136 10 -26 -26 3 -1 19 0
1 8437 -95 -74 2 11 -1 35 0 -3 -5 37 -4 -30 -6 1054 353 29 -64 -64 31 8 -12 0
1 8313 -122 -24 47 134 1 986 0 1 -47 118 -39 8 -3 873 278 15 -50 -50 -18 -3 -1 0
1 5616 -71 -61 5 -4 0 0 0 0 -13 15 -9 -103 -3 730 226 9 -39 -39 -35 -8 5 0
1 4424 -55 -61 -9 -6 0 0 0 0 -3 12 -6 -193 -15 618 183 3 -30 -30 10 5 -8 0
1 5578 -68 -28 1 13 0 0 0 0 -5 18 -10 -66 -14 573 189 13 -34 -34 38 5 1 0
1 4412 -49 -34 -4 1 0 0 0 0 -1 9 -7 -90 -17 479 177 22 -34 -34 -30 -6 15 0
1 5043 -70 -10 -7 4 0 0 0 0 3 6 -1 -118 -18 735 243 18 -43 -43 12 2 17 0
1 5575 -65 3 -5 8 0 0 0 0 5 5 -2 -39 -16 780 255 17 -45 -45 -32 -5 12 0
1 4421 -51 11 -2 -1 0 0 0 0 4 -3 3 -49 -10 713 244 21 -45 -45 24 4 7 0
1 5002 -52 3 -2 -1 0 0 0 0 1 -2 1 -92 -14 985 298 8 -49 -49 6 6 -10 0
