version: 66.14
glider: 194
mission: 16
dive: 48
start: 6 1 125 11 22 19
columns: rec,elaps_tms,depth,heading,pitch,roll,AD_pitch,AD_roll,AD_vbd,GC_phase,mag.x,mag.y,mag.z,sbect.TempFreq,sbect.CondFreq,aa4330.O2,aa4330.AirSat,aa4330.Temp,aa4330.CalPhase,aa4330.TCPhase,wlbb2fl.sig470nm,wlbb2fl.sig700nm,wlbb2fl.sig695nm,wlbb2fl.temp,
data:
0 10716 -1454 729 -777 3 214 3046 374 6 504 -236 18 233104 171782 296578 84420 10154 33428 33428 49 163 698 566
1 5000 4 -23 9 26 0 0 0 0 0 6 9 -1056 3 207 27 -16 0 0 4 5 -73 0
1 5000 5 -50 -8 73 0 0 0 0 4 7 -2 974 11 197 13 -22 3 3 -4 -24 -59 0
1 5000 0 103 9 -106 0 0 0 0 -7 -12 10 -435 -2 -72 -8 7 0 0 -1 7 9 0
1 5000 -3 14 -5 12 0 0 0 0 -1 -2 3 706 1 -90 -28 -2 4 4 3 7 -13 0
1 5000 -1 -47 0 59 0 0 0 0 2 6 2 -223 3 108 15 -8 0 0 -5 20 84 0
1 5000 7 6 -1 24 0 0 0 0 -1 5 9 -909 21 8 -14 -8 3 3 4 -25 -108 0
1 5000 -8 24 8 -46 0 0 0 0 -2 -5 1 747 26 87 17 -4 -1 -1 -3 4 15 0
1 5000 3 22 3 -45 0 0 0 0 -1 -8 -4 -220 -2 -153 0 22 -5 -5 0 -13 27 0
1 5000 -2 14 -18 -5 0 0 0 0 3 0 -13 -341 24 -2 -16 -8 4 4 3 8 24 0
1 5000 4 -62 7 71 0 0 0 0 2 10 8 341 0 209 23 -18 1 1 -2 -10 -46 0
1 5000 9 54 -9 -45 0 0 0 0 -3 -8 -4 -406 7 61 6 -6 1 1 2 24 -11 0
1 6585 -14 -76 7 90 0 1 0 -4 3 14 8 1032 1 189 7 -23 4 4 3 -28 3 0
1 5615 1 62 1 -57 0 0 163 0 -4 -8 4 -858 -5 136 17 -11 1 1 -4 41 72 0
1 5632 16 70 -11 -51 0 0 159 0 -2 -8 -2 683 -4 -178 -13 19 -3 -3 1 -31 -23 -1
1 5614 16 -26 -20 -15 0 0 161 0 5 -1 -31 630 -6 -7216 511 1314 -383 -383 0 11 -5 0
1 5640 2 11 15 -25 0 0 163 0 -2 -4 8 -1380 17 5388 2167 295 -369 -369 -3 -11 14 0
1 5638 -2 -124 -13 120 0 0 160 0 7 15 -13 34 1 7723 2344 33 -323 -323 -1 -5 -83 0
1 5641 -2 -52 2 20 0 0 159 0 5 7 -9 -38 -24 6108 2011 100 -286 -286 5 29 66 0
1 5638 28 23 3 -46 0 0 156 0 -3 -6 -4 -924 -307 4842 1520 41 -204 -204 1 31 61 0
1 5619 35 42 -16 -24 0 0 155 0 0 -6 -8 -65 -220 4062 1188 -7 -147 -147 -3 -23 -53 0
1 5614 36 34 2 -38 0 0 154 0 -2 -4 0 -2 -67 2700 816 8 -103 -103 4 14 58 0
1 5632 41 34 3 -67 0 0 154 0 -1 -4 -7 -38 -260 2143 759 56 -106 -106 -1 -30 -54 0
1 5634 60 -158 2 105 0 0 164 0 7 17 -15 -57 -473 1879 661 48 -91 -91 0 13 -52 0
1 5634 100 -92 -6 55 0 0 181 0 4 9 -20 35 -577 2478 772 16 -98 -98 -1 12 13 0
1 5637 126 -51 21 -21 1 0 201 0 4 12 -1 212 -383 2266 724 23 -91 -91 0 -4 8 0
1 5567 172 -4 -7 16 -1 0 228 0 0 0 -3 386 -720 2356 675 -11 -78 -78 -3 7 -16 0
1 5636 216 386 -12 -376 0 0 255 0 -19 -49 -16 1399 -993 2940 721 -67 -70 -70 1 -5 8 0
1 10306 482 218 -16 -106 6 1 141 -1 -5 -16 15 3404 -480 4813 -135 -682 168 168 -2 -37 -283 1
1 5840 306 -93 74 112 1355 -1 1 0 -18 -23 69 1513 -70 -5637 -2444 -354 372 372 4 -7 -89 -1
1 5817 321 -52 114 112 1313 0 0 2 -42 -12 117 163 -46 -9976 -3115 -104 409 409 0 -1 -8 0
1 8479 400 -61 173 158 212 830 1 1 -90 54 163 371 -126 -12318 -3711 -73 497 497 1 1 -27 0
1 5619 211 -44 50 92 0 0 0 0 -25 59 45 38 -12 -5895 -1868 -82 271 271 -2 9 10 0
1 5000 174 -35 34 41 0 0 0 0 -15 32 19 16 -2 -5342 -1594 -28 225 225 -3 -3 -11 0
1 5000 157 -15 15 20 0 0 0 0 -6 13 8 58 5 -5022 -1478 -17 211 211 3 8 1 0
1 5000 160 -22 12 6 0 0 0 0 -3 6 3 25 1 -4353 -1296 -22 190 190 1 9 -5 0
1 4402 129 -30 14 6 0 0 0 0 -1 5 1 16 -2 -3213 -963 -21 145 145 -3 -10 -3 0
1 5622 166 -33 5 0 0 0 0 0 6 1 -3 3 1 -3770 -1102 -10 165 165 3 -3 -2 0
1 5000 121 -21 3 4 0 0 0 0 5 3 -2 26 -4 -3064 -899 -10 136 136 -1 -2 7 0
1 4417 117 -19 3 -1 0 0 0 0 3 1 -3 7 -3 -2286 -672 -8 104 104 -2 1 0 0
1 10488 273 -61 -2 -3 0 -7 1 -3 21 -1 -14 60 -7 -4969 -1454 -15 226 226 2 9 -1 0
1 10132 260 -5 74 -115 111 -844 0 5 -52 -75 13 71 -20 -3444 -1019 -18 164 164 0 2 -1 0
1 9999 186 4 40 -22 0 0 0 0 -32 -16 12 48 -14 -2777 -812 -8 130 130 -3 6 -3 0
1 10001 158 42 12 -18 0 0 0 0 -24 -18 4 -1 4 -2276 -670 -9 109 109 3 3 5 0
1 9999 134 53 11 -1 0 0 0 0 -28 -5 10 42 -9 -1737 -509 -7 84 84 -2 -2 -2 0
1 10001 143 58 5 2 0 0 0 0 -24 -2 8 62 -3 -1512 -449 -9 75 75 -3 -5 -7 0
1 10001 135 49 -4 3 0 0 0 0 -14 2 5 12 -1 -1133 -345 -11 59 59 4 -3 2 0
1 9999 130 45 1 4 0 0 0 0 -17 6 7 16 2 -964 -288 -7 49 49 0 -7 -2 0
1 10000 134 53 3 -4 0 0 0 0 -19 1 6 26 -2 -818 -244 -6 42 42 2 -2 -7 0
1 10000 111 46 3 -2 0 0 0 0 -18 1 4 4 -3 -560 -164 -2 28 28 -4 10 13 0
1 9999 120 41 -2 -2 0 0 0 0 -11 3 3 1 -6 -564 -165 -2 27 27 6 4 -7 0
1 10001 115 28 3 7 0 0 0 0 -11 8 5 -8 -9 -473 -139 -2 24 24 -4 -5 5 0
1 10000 124 40 -2 0 0 0 0 0 -10 4 3 22 -9 -303 -85 1 14 14 2 9 1 0
1 11077 130 58 -5 50 0 839 0 -2 -8 59 17 35 -8 -450 -139 -6 25 25 -1 -7 -9 0
1 10619 133 3 -6 68 0 0 0 0 4 56 8 5 -2 -291 -95 -6 17 17 1 5 -5 0
1 9999 112 -33 16 4 0 0 0 0 -5 1 1 14 -2 -372 -109 -2 19 19 2 10 15 0
1 10000 117 -46 -2 6 0 0 0 0 13 -4 -3 0 -1 -455 -136 -3 23 23 -3 -8 -14 1
1 10000 116 -45 -1 -5 0 0 0 0 14 -11 -3 -2 -3 -309 -90 -1 15 15 1 12 9 0
1 10000 100 -95 6 7 0 0 0 0 24 -5 -5 -9 -6 -221 -64 0 11 11 2 9 8 -1
1 10000 104 -87 -2 -8 0 0 0 0 30 -10 -8 3 1 -260 -73 0 13 13 -2 1 -12 1
1 10000 109 -62 -3 8 0 0 0 0 24 2 -7 1 -7 -285 -83 0 13 13 -1 7 8 -1
1 10001 100 -59 0 7 0 0 0 0 21 6 -6 8 -1 -113 -34 -1 7 7 -3 -2 -10 0
1 9999 117 -75 3 -1 0 0 0 0 23 6 -8 17 -6 -138 -44 -3 8 8 -1 -18 5 0
1 12409 131 -80 -6 -78 0 -824 0 2 33 -53 -26 0 1 -360 -106 -1 18 18 2 1 -4 1
1 10623 121 -59 7 -69 0 0 0 0 15 -41 -20 3 -4 -198 -58 -1 10 10 3 5 -1 -1
1 9998 114 -37 -8 11 0 0 0 0 17 17 -4 -4 -2 -120 -37 -2 7 7 -1 -3 1 1
1 10001 112 -22 5 -3 0 0 0 0 3 2 -1 3 0 -101 -27 1 4 4 1 7 1 -1
1 10001 115 -11 -1 -4 0 0 0 0 3 1 -2 48 -6 -245 -74 -2 13 13 -1 -8 3 1
1 9998 102 0 10 2 0 0 0 0 -6 0 4 -29 -7 -64 -24 -4 5 5 2 4 -3 0
1 10002 105 24 -6 -2 0 0 0 0 -4 -6 0 15 -6 -262 -75 0 13 13 -1 -11 5 0
1 9998 127 -7 11 -1 0 0 0 0 -6 0 4 31 7 -183 -61 -5 11 11 -1 -3 -5 0
1 10001 100 17 -10 6 0 0 0 0 3 1 -2 0 0 -112 -35 -1 7 7 5 3 -1 0
1 10000 112 -18 0 0 0 0 0 0 6 3 -3 -6 -6 -108 -32 -1 6 6 -10 11 -1 0
1 9999 106 -44 0 -4 0 0 0 0 12 9 -4 52 -14 -194 -62 -4 11 11 2 -8 -5 0
1 10001 111 -45 3 6 0 0 0 0 9 19 1 35 -15 -264 -87 -7 17 17 2 0 -4 0
1 10001 135 0 4 -1 0 0 0 0 -4 -1 1 23 -8 -279 -91 -6 17 17 3 -7 4 -1
1 9189 97 22 -5 -68 0 -1308 1 0 0 -55 -19 2 -2 -239 -76 -4 14 14 1 5 4 1
1 13187 148 83 21 -126 -1 -92 0 -2 -38 -108 -38 20 6 -562 -165 -3 29 29 -5 -4 -7 0
1 10001 110 41 2 -18 0 0 0 0 -14 -22 -9 22 -17 -184 -57 -3 10 10 4 1 7 0
1 9999 105 78 5 -2 0 0 0 0 -31 -18 3 -3 7 -258 -79 -3 15 15 0 -1 10 0
1 10104 103 78 -1 12 0 0 0 0 -26 -7 6 4 -9 -387 -113 -1 19 19 -3 13 -4 0
1 9401 93 73 0 11 1 6 0 -1 -27 1 13 2 0 -127 -39 -2 8 8 1 -12 -10 0
1 10599 91 58 -29 162 0 1383 0 3 2 117 74 -2 0 -181 -52 0 8 8 3 0 -6 0
1 10000 107 49 -5 16 0 0 0 0 -13 12 9 2 -2 -98 -27 1 5 5 0 2 11 0
1 10000 120 47 1 1 0 0 0 0 -17 1 5 -2 -3 -135 -39 -1 7 7 -3 16 -3 0
1 9999 120 145 30 -2 0 0 0 0 -73 9 17 39 -23 -92 -35 -5 7 7 0 7 3 0
1 10000 92 73 -53 8 0 0 0 0 27 17 3 -23 4 -182 -54 -1 10 10 0 11 4 0
1 10001 126 -63 20 -2 0 0 0 0 0 -9 -4 -15 5 -279 -82 -1 14 14 0 -16 -1 0
1 14999 179 159 8 8 4 -284 0 -4 -49 32 16 40 -16 -512 -143 1 24 24 0 31 -2 0
1 5562 38 -10 60 -33 75 0 -18 0 -52 -30 -8 -9 0 129 30 -3 -3 -3 -3 -8 -1 0
1 8277 48 28 25 12 0 0 -45 0 -29 16 5 -14 -1 -78 -20 1 2 2 1 2 8 0
1 9984 24 10 -3 -33 0 0 -56 0 0 -26 -10 27 -3 -147 -40 1 7 7 2 8 0 0
1 10002 21 124 0 -15 0 0 -57 0 -27 12 2 -29 10 5 -2 -2 1 1 0 3 -2 0
1 9988 57 77 -40 36 0 0 -55 0 26 48 17 -3 1 -1266 -355 4 60 60 0 -20 -11 0
1 10011 48 -1 45 -37 -1 -1 -56 0 -43 -31 -14 5 -7 992 283 0 -49 -49 1 21 3 0
1 10006 25 -6 3 40 1 1 -54 0 2 34 10 -3 0 -89 -26 -1 5 5 2 -22 9 0
1 10001 8 -22 -50 12 0 0 -53 0 47 4 6 11 -2 -4 0 1 0 0 -1 6 -2 0
1 10000 37 -57 -46 -19 0 0 -54 0 52 -30 -7 4 -3 -16 -10 -3 3 3 -2 12 -3 0
1 9986 54 160 58 -39 0 0 -52 0 -75 6 -2 -4 2 -39 -10 0 2 2 2 -10 7 0
1 10027 40 70 24 53 0 0 -54 0 -27 63 11 12 -4 -87 -27 0 4 4 -6 -10 -7 0
1 9963 21 71 -39 2 0 0 -52 4 30 18 6 -2 -1 -25 -8 -1 1 1 0 0 11 0
1 13966 17 -1 153 22 389 0 -1 -4 -141 18 -32 9 -2 -183 -54 -1 10 10 3 57 6 0
1 7547 -80 72 287 0 0 -1 -35 0 -221 15 -148 2 0 61 12 -3 -1 -1 0 -29 -6 0
1 8894 -82 -5 36 -44 0 1 -46 0 -21 -24 -27 3 1 188 60 3 -12 -12 -1 -18 6 0
1 9615 -67 -134 5 -19 0 0 -49 0 3 -47 -7 -18 -3 -195 -57 0 11 11 5 -7 9 0
1 10002 -77 -113 -57 40 0 0 -51 0 46 -10 50 -8 0 -64 -15 2 1 1 2 -38 -9 0
1 9990 -51 -73 20 2 0 0 -52 0 -1 -16 -7 32 3 -46 -13 0 3 3 -7 51 4 0
1 10011 -63 -57 1 -1 0 0 -50 0 9 -14 5 -41 5 12 8 2 -2 -2 -4 -33 -7 0
1 9985 -62 -32 2 4 0 0 -52 0 5 -5 2 16 6 73 17 -2 -2 -2 10 3 -7 0
1 10024 -74 -32 11 -5 0 -1 -51 0 0 -8 -3 13 -1 -123 -33 2 5 5 -3 35 12 0
1 9988 -98 -3 2 -34 0 1 -50 0 -2 -23 -13 -3 3 5 4 1 -1 -1 1 -43 -13 0
1 9982 -105 -1 -35 1 0 0 -51 0 22 0 22 16 -6 97 22 -3 -3 -3 1 15 44 0
1 10018 -122 -44 -8 35 0 0 -52 0 16 15 20 -21 3 -13 -4 -1 1 1 -10 -4 -68 0
1 9996 -108 64 23 32 -1 -1 -51 1 -28 32 -12 16 2 -93 -27 0 5 5 10 29 17 0
1 16999 -232 -197 -58 -214 3 -1385 -9 1 83 -172 -35 12 -2 -187 -61 -4 11 11 -3 -8 7 0
1 10000 -108 -120 39 -18 0 0 0 0 7 -23 -15 6 -1 264 73 -2 -12 -12 0 4 -5 0
1 10001 -134 -111 -20 -20 0 0 0 0 50 -23 11 9 1 -179 -54 -2 10 10 3 28 12 0
1 10000 -132 -103 -29 42 0 0 0 0 58 16 46 -1 4 -98 -31 -1 5 5 -3 5 -9 0
1 9771 -116 -158 64 -13 -1 4 -2 -1 -1 8 6 -62 16 -75 -25 -2 5 5 1 -18 5 0
1 10228 -156 3 -3 177 1 1389 0 3 1 128 79 -18 6 -6 18 11 -6 -6 1 -44 -8 0
1 10000 -153 -71 -10 -5 0 0 0 0 29 8 12 -3 5 147 48 4 -9 -9 -2 -6 -9 0
1 10001 -133 -63 13 6 0 0 0 0 7 19 8 -4 15 195 57 1 -10 -10 1 -8 -2 0
1 9999 -149 -31 -10 4 0 0 0 0 13 12 8 3 12 148 47 2 -9 -9 -1 -34 -5 0
1 10000 -126 30 -3 10 0 0 0 0 -3 0 -1 -46 11 214 61 0 -11 -11 0 19 2 0
1 10000 -145 24 0 -4 0 0 0 0 -6 -9 -4 -27 11 194 65 6 -12 -12 1 -1 8 0
1 10000 -119 39 3 4 0 0 0 0 -14 -5 -5 -26 16 299 93 4 -17 -17 -2 4 6 0
1 10000 -127 72 3 6 0 0 0 0 -23 -8 -10 -56 6 226 74 6 -15 -15 0 18 -1 0
1 10000 -152 98 1 11 0 0 0 0 -31 -3 -13 -59 11 351 116 10 -22 -22 1 -8 0 0
1 10000 -128 50 2 -8 0 0 0 0 -17 -11 -11 1 2 283 97 9 -19 -19 0 9 3 0
1 10000 -132 29 -8 -3 0 0 0 0 -2 -4 -4 -3 0 502 150 4 -27 -27 -1 -18 -7 0
1 10000 -139 5 2 -2 0 0 0 0 -4 -2 -2 3 0 339 100 2 -18 -18 -1 -3 2 0
1 9432 -148 -25 -23 -85 -87 -1049 -1 0 25 -63 -21 1 1 287 84 1 -15 -15 1 -8 0 0
1 13866 -143 -64 -85 -114 0 -356 0 -2 92 -83 -32 0 1 153 45 0 -8 -8 0 13 -6 0
1 10000 -104 -26 -11 3 0 0 0 0 19 3 7 2 0 502 143 0 -24 -24 1 4 12 0
1 9201 -98 -51 -5 11 0 5 0 -1 21 13 14 -2 3 169 48 0 -8 -8 -3 8 5 0
1 10803 -91 -6 19 162 -38 1401 -1 3 -14 124 73 -4 2 74 22 0 -4 -4 2 -22 -8 0
1 9996 -91 29 -28 16 0 0 0 0 13 11 5 -18 3 124 37 1 -6 -6 0 10 -1 1
1 10000 -68 12 1 0 0 0 0 0 -4 -3 -2 -7 1 84 28 2 -6 -6 1 -4 7 -1
1 10000 -81 -7 1 2 0 0 0 0 2 1 1 -8 -2 206 62 2 -11 -11 2 2 -7 0
1 10000 -77 -14 -2 -3 0 0 0 0 6 1 1 4 4 113 34 1 -6 -6 -6 10 1 1
1 10000 -72 -21 4 1 0 0 0 0 4 3 2 0 0 89 27 1 -5 -5 4 1 3 -1
1 10000 -71 -19 -8 0 0 0 0 0 11 5 3 -2 4 76 22 0 -4 -4 -3 -9 0 0
1 10000 -77 -26 3 1 0 0 0 0 7 4 2 2 5 151 44 1 -7 -7 3 7 -3 0
1 10000 -81 -6 3 -1 0 0 0 0 0 0 0 -14 4 117 33 -1 -5 -5 -3 -5 -4 0
1 10000 -75 1 0 0 0 0 0 0 -1 1 0 -8 5 -23 -4 2 0 0 2 -13 12 1
1 10000 -67 5 3 2 0 0 0 0 -3 -1 0 -19 4 75 24 2 -5 -5 1 5 8 -1
1 10000 -72 5 -1 -2 0 0 0 0 -1 -2 -1 -23 13 149 46 2 -8 -8 3 -1 -9 0
1 8841 -62 -10 1 -2 -1 0 -2 -4 1 2 1 4 1 222 70 3 -13 -13 -5 -7 3 0
1 9978 -94 -11 -1 3 1 0 -43 0 6 2 1 2 -2 -77 -20 2 3 3 4 -11 -6 1
1 10002 -69 -22 -4 2 -1 0 -50 0 11 6 2 1 4 218 65 1 -11 -11 -6 11 10 -1
1 10014 -79 -33 -11 6 0 0 -52 0 19 13 5 -40 3 68 19 0 -3 -3 4 1 -1 0
1 9994 -89 -31 3 -11 0 0 -51 0 5 -1 0 -4 4 181 59 4 -11 -11 3 7 3 1
1 10025 -75 -5 0 51 0 332 -52 4 4 44 12 -11 6 237 71 2 -13 -13 0 1 -5 0
1 13954 -111 51 15 132 1 780 0 -2 -31 105 12 -14 0 -73 -15 3 2 2 -3 -8 0 -1
1 10000 -85 82 -3 -11 0 0 0 0 -25 -24 -2 -10 0 596 174 2 -30 -30 1 1 -10 1
1 10000 -103 109 12 -1 0 0 0 0 -47 -17 -8 2 1 242 73 2 -12 -12 -3 -11 -14 -1
1 12237 -110 76 8 -137 50 -1144 0 2 -32 -123 -35 -4 0 64 19 1 -4 -4 3 17 26 1
1 10621 -114 19 23 -19 0 0 0 0 -24 -19 -15 -15 2 113 36 2 -7 -7 -3 -13 -5 0
1 10001 -110 -15 -5 -1 0 0 0 0 9 0 3 -33 5 180 54 1 -9 -9 2 10 11 0
1 9999 -96 -9 -14 -3 0 0 0 0 14 -2 4 -17 4 191 62 4 -12 -12 1 -11 -3 0
1 10001 -108 -2 4 -3 0 0 0 0 -2 -2 -3 -8 0 114 39 4 -7 -7 -4 10 -7 0
1 10000 -103 -17 -7 -6 0 0 0 0 11 -2 2 -27 8 138 43 2 -8 -8 0 -3 0 0
1 9999 -106 -31 14 0 0 0 0 0 1 -2 0 -25 8 43 21 5 -5 -5 2 18 -1 0
1 10000 -104 -59 6 10 0 0 0 0 15 14 9 -30 13 160 53 5 -10 -10 1 -13 5 0
1 10000 -106 -36 -8 -12 0 0 0 0 18 -5 2 -16 6 141 49 4 -9 -9 2 4 -3 -1
1 10001 -115 -30 -5 0 0 0 0 0 12 8 4 -49 7 219 70 5 -13 -13 -6 -13 -2 1
1 9999 -103 -25 -2 3 0 0 0 0 12 3 4 -27 7 225 76 7 -15 -15 1 9 1 0
1 4950 -50 -10 1 -3 0 0 0 0 1 2 0 -33 6 64 25 3 -4 -4 2 -8 14 -1
1 5616 -51 -11 1 0 0 0 0 0 2 2 1 -24 1 185 60 5 -11 -11 2 -8 1 0
1 4425 -49 8 -1 3 0 0 0 0 0 0 0 -5 3 212 68 3 -13 -13 -2 1 -6 0
1 8915 -80 12 -1 21 1 18 -1 -3 -2 14 5 -18 4 430 135 8 -24 -24 -3 -5 -15 0
1 7660 -100 37 24 130 0 1134 0 1 -35 108 18 -54 1 155 51 3 -9 -9 4 10 14 0
1 5624 -65 41 1 20 0 0 0 0 -15 13 -2 -18 9 398 122 5 -22 -22 -1 11 -3 0
1 4999 -54 42 4 10 0 0 0 0 -16 0 -3 -2 2 38 19 4 -4 -4 4 -8 0 0
1 7122 -96 70 -4 -13 0 -9 0 -1 -21 -17 -7 -67 31 410 128 6 -23 -23 -2 -10 -15 0
1 7816 -92 0 -3 -136 0 -1114 0 3 3 -114 -26 -212 62 434 136 7 -24 -24 -1 4 32 0
1 5617 -58 -18 -16 -20 0 0 0 0 20 -17 -2 -68 22 277 104 14 -21 -21 0 -2 21 0
1 4421 -48 -4 -10 -3 0 0 0 0 9 -2 2 -16 13 324 119 15 -23 -23 3 -7 -1 0
1 4999 -50 -16 -3 -8 0 0 0 0 7 -3 0 -12 7 439 155 16 -29 -29 -2 8 -4 0
1 5581 -56 -24 2 4 0 0 0 0 8 2 3 -5 9 806 253 13 -45 -45 -1 -8 1 0
1 4419 -41 -31 -2 0 0 0 0 0 12 4 4 -23 19 734 216 3 -36 -36 0 4 -4 0
1 5581 -64 -40 4 0 0 0 0 0 11 5 3 -8 4 736 220 5 -38 -38 -4 15 22 0
1 4407 -41 -18 1 0 0 0 0 0 5 3 2 -16 3 537 163 5 -27 -27 4 -15 -5 0
1 5618 -61 -34 3 2 0 0 0 0 10 5 3 -37 17 807 238 3 -40 -40 2 -10 -14 0
1 4420 -37 -37 0 -2 0 0 0 0 11 6 4 -12 2 621 186 4 -31 -31 1 6 9 0
1 5579 -69 -46 -1 -1 0 0 0 0 15 9 4 -95 8 573 175 6 -29 -29 -3 12 13 0
1 4420 -39 -23 -4 -1 0 0 0 0 8 6 3 -6 -3 434 133 5 -23 -23 1 -7 -16 0
1 6689 -69 -37 3 20 0 18 0 -3 11 25 7 -8 11 896 283 14 -48 -48 -2 -10 -8 0
1 7595 -94 -12 27 124 0 1103 -1 1 -24 113 15 36 32 691 210 6 -36 -36 0 2 12 0
1 5618 -53 28 -4 18 0 0 0 0 -5 9 0 -297 41 793 232 2 -37 -37 -2 -4 15 0
1 4394 -46 30 -1 1 0 0 0 0 -7 -7 0 -58 12 481 140 1 -22 -22 2 15 12 0
1 5619 -62 41 -1 8 0 0 0 0 -10 -3 -2 -60 11 508 200 30 -39 -39 3 2 -17 0
1 5000 -60 32 -2 11 0 0 0 0 -9 3 -1 -106 10 648 218 17 -38 -38 -4 -11 -4 0
1 5000 -52 31 11 -14 0 0 0 0 -18 -19 -4 -80 8 985 309 15 -53 -53 2 3 22 0
1 4395 -52 32 2 -2 0 0 0 0 -14 -6 -3 -53 -2 731 231 11 -39 -39 0 -3 -5 0
1 5623 -49 37 -1 2 0 0 0 0 -11 -3 -3 -71 2 905 297 20 -51 -51 2 9 13 0
1 4399 -52 34 -1 9 0 0 0 0 -9 0 -2 -23 0 715 229 12 -38 -38 -1 -10 -48 0
